1602728712	4.0
0425212599	4.5
0547370210	4.0
0312680457	3.0
1489523413	5.0
1423153286	5.0
0441017304	5.0
0062023004	3.0
055338452X	5.0
0425223248	4.0
000649885X	3.0
0505521784	4.0
0451232437	3.0
1933389435	3.0
0062075918	2.0
0515113050	4.0
B00H4L8244	5.0
0670021490	4.0
1615818987	4.0
B0093MGNV6	5.0
0061686514	4.0
050552709X	4.0
0060829761	5.0
B00C5UYHMA	3.0
0373277482	3.0
B0044XUYWS	3.0
0062023012	5.0
0373732074	4.0
1933389427	4.0
1887368779	5.0
B004YZB8XU	3.0
B00GB8C94A	5.0
0061257079	5.0
0446600253	4.0
0130737682	4.0
0671795554	1.0
0553592610	5.0
0451461479	5.0
1416597425	3.5
1626490708	4.0
0441005349	5.0
1439123128	4.333333333333333
B00F007WI8	4.0
1608201171	4.0
0553592629	5.0
0385736800	4.0
1937776417	3.0
0373802498	5.0
1591025397	4.0
0002007770	4.666666666666667
B002E7ARKK	5.0
1451652224	5.0
B008LH94BK	3.0
0451232461	3.0
0060821833	1.0
B006IT74E2	4.0
1482708612	3.0
031264521X	5.0
0312935730	4.5
B00CNKYU56	3.0
0765349140	4.0
193519223X	4.0
145645613X	5.0
0425256189	4.5
B00B3OEWK6	3.0
B00HOQRG0U	4.0
1616502509	4.0
1611183804	4.333333333333333
0446553387	3.0
0425236595	3.5
1934531553	3.0
0803738153	5.0
1598162217	5.0
050552483X	2.0
1416503595	3.0
B0031TZ90I	3.0
0441018645	3.3333333333333335
0312629176	4.0
0451460138	5.0
0061246379	2.0
0805448152	4.0
0061257095	2.0
0439136350	Infinity
1847288650	2.0
1936413116	3.0
0425224546	5.0
1451629001	3.0
B003MAKE1A	2.0
0373770375	5.0
0553581996	4.5
B00EZ61SFQ	3.0
051513175X	4.0
0425214338	4.0
0441010717	5.0
B006F80FMY	4.0
1118115562	4.0
0425236528	4.5
1594267138	4.0
0316033677	5.0
1410440478	4.0
1613727119	4.0
1419965433	4.0
0060788704	4.333333333333333
0446509264	4.0
031259044X	1.0
1933720662	5.0
0263899403	4.0
0316220884	3.0
1599555069	5.0
1453776176	1.0
0451460170	4.0
0553592645	4.0
1439154287	5.0
1610401182	5.0
0061686557	4.0
0770107559	2.0
1908844493	4.0
0758221819	3.0
1596327839	3.5
0062021273	5.0
0316033669	5.0
0375838961	5.0
1463778643	4.0
B00A81H31U	3.0
1438227949	5.0
0804119929	4.0
0553577875	4.0
0062224840	3.0
0451460189	3.0
0061245097	3.5
0778327140	4.0
B00I5LA4UM	4.0
0316033650	5.0
0980245397	3.0
0385736843	5.0
0385342578	3.0
1781847398	3.0
0988812517	4.0
0805093494	4.0
B00HYV1YDU	5.0
0980245389	3.5
1449592538	3.0
0307406105	5.0
B007VDMOY4	4.0
1493763121	5.0
0373770324	3.5
B003TZLMOG	3.0
0441009751	4.0
1494244381	3.0
1442480610	3.0
1439178232	3.0
0425196844	5.0
1479221082	2.0
0399152326	5.0
B00CCXC5MO	Infinity
0451411129	4.0
0778328481	4.333333333333333
0316041262	5.0
0743499425	4.0
055358068X	1.0
0312874278	3.0
143914799X	3.5
1476727228	4.0
0759550077	3.0
0061245089	3.5
1419965441	4.0
0060837365	2.0
B009XU69GM	4.0
0373802447	5.0
0425236552	2.5
0399144706	4.0
0743269977	5.0
B006CPVRAE	4.0
0061632708	5.0
1416503560	2.0
0061257052	4.0
0060562498	5.0
0955988004	4.0
0425223256	5.0
0446509272	3.0
0843954167	4.0
0140385061	5.0
B00DTELN9G	4.0
0373311079	3.0
1470079437	3.0
1937007812	4.0
0886777844	4.0
1460922360	4.0
B007Z4WTBW	4.0
B004BSGMVI	4.5
074341134X	4.0
1466280956	5.0
1933664037	4.0
0441016065	5.0
1615812806	3.0
044640103X	4.666666666666667
0446541346	4.0
B00EGXYMAG	4.0
1599982714	2.0
0140295933	3.0
B0088MF82M	4.0
0545424925	3.0
1908483091	3.0
0979393590	4.0
0374384673	5.0
B004I6DFLS	4.0
0821780565	2.0
0984234810	3.0
0060880171	1.0
1439202400	4.0
B008RBYKRS	3.0
0425232131	5.0
1937007820	5.0
1609289021	5.0
B00B73H3K4	5.0
1626490791	3.0
0330458167	4.0
B004JU0I0Y	3.5
0373295286	5.0
1419682105	3.0
B007OEVCNY	4.0
0312938810	4.0
1936305267	3.5
1894942221	3.0
0425208494	4.0
0440246512	2.0
0451229681	4.0
0886776538	2.0
1439147973	4.0
0312938837	3.0
0380803305	4.0
0689838581	3.0
0553585495	5.0
1456306448	3.5
1439167540	5.0
0316127256	2.0
B0082CXZS2	5.0
B0055PDP4I	4.0
B00GXUXOG8	5.0
140004538X	5.0
034551209X	1.0
B005KLXRWW	3.0
0980245346	4.0
1469938081	4.0
1479101257	4.0
0028634659	5.0
0988105411	5.0
0373210361	4.0
0758234309	4.0
0446300365	4.0
0312938829	Infinity
0547482477	3.0
1402274807	4.0
1938593103	4.0
0765348675	5.0
B004G5Z762	4.0
1585429333	5.0
0425213811	3.0
B005NWMI3C	3.0
0373256582	4.0
0061355577	4.0
B008WHUPIK	5.0
1441452702	3.0
044661663X	4.0
0451221737	3.0
0061624217	4.0
0440214920	3.0
0312372159	3.0
B00ES4C28C	1.0
B009IQNMTS	2.0
1250025656	4.0
0373772955	5.0
0345481259	5.0
B004ZVD03E	4.0
B00CIGL18O	5.0
0312935749	5.0
0373210337	4.0
B00BG00LUC	3.0
0345477189	4.0
0505520419	2.0
B00G6MYKXY	4.0
0451216393	2.0
B00HT8ZTKM	5.0
1597480118	2.0
0373778201	2.0
B004QGYAJQ	4.0
1478377003	4.0
0758266790	3.0
1937551520	4.0
0425212548	3.5
0345423399	5.0
0446579939	3.0
0451191439	5.0
0373210345	2.0
B004D4YL3Q	4.0
0718178122	5.0
0441013813	4.0
0778323609	5.0
1937551539	4.0
1602020892	Infinity
0765348616	4.0
042521916X	4.0
0261103288	3.0
1605046078	5.0
1495405915	4.0
0099472287	5.0
0425221490	5.0
0451225287	2.0
1483939219	4.5
0393310329	5.0
B002HE1H2W	4.0
1481253875	4.0
0451460103	5.0
1440177481	5.0
B006M5TZ3U	3.0
0756406269	3.0
0743466497	4.0
0886777828	2.0
0743450906	3.0
1469932733	4.0
B004I6DG12	5.0
0743292332	4.0
0451462769	5.0
0312368089	3.0
0758200978	1.0
1496123727	3.0
1611249309	5.0
0142411558	4.0
1440565651	3.0
0425199959	3.0
0689849249	4.5
1936305291	4.0
B00FKAD59I	3.0
B004YDPTMS	5.0
0312935757	4.0
0373210329	4.0
0778312976	5.0
B00387FZRK	3.0
1934030767	5.0
0985148209	5.0
0306818442	2.0
0446401056	4.666666666666667
0446603309	4.0
0425224503	4.0
0380765365	4.0
0451230647	4.25
014241591X	5.0
1615819428	Infinity
1602020876	3.0
0805093427	3.0
0802458815	5.0
0425199975	4.0
1611940001	3.0
0307277674	3.0
0446609501	3.0
0440245265	3.0
0373772092	4.0
0451200047	3.0
1609418379	3.0
0316031844	5.0
0312152906	5.0
0756400856	1.0
0451465024	5.0
1602729255	3.0
1843604000	4.0
0307907767	3.0
0505525224	2.0
0385335350	4.0
0062293478	3.0
1416571736	5.0
B00IA65PEM	3.0
0440245273	3.0
0861716264	5.0
0373797389	3.0
141995041X	2.0
1570916551	5.0
B00CCU3AZ8	5.0
B003RWS5ZA	4.0
1419963724	3.0
0061957933	5.0
1564145026	4.0
0446618454	4.0
1416556109	5.0
1937070328	4.0
031613399X	4.0
0786814411	3.0
B00GME98Z6	2.0
0425210847	5.0
0061885681	5.0
1602729247	4.0
1931419213	4.0
0505526581	2.0
0061988227	5.0
1402244983	3.0
0061961183	4.0
0769652859	5.0
038078145X	4.0
0061997188	5.0
0451225376	5.0
1607376202	4.0
1590211472	4.0
0374388296	3.0
1419957082	3.0
B004VTHHB6	4.0
1563891921	1.0
0451229738	5.0
0425255778	4.0
0515146897	4.0
0061957917	4.666666666666667
0380773856	3.0
B00AWJLTYK	4.0
B008R9U308	2.0
1420102982	4.0
1615814612	5.0
B00CG6W7XE	3.0
0007147295	5.0
045123071X	2.0
034550884X	4.0
0399224459	5.0
0373836767	4.0
0515144282	2.5
1615819487	4.0
0061086886	4.0
1423128206	5.0
1603700277	4.0
1569708770	2.0
1558671188	5.0
1770841458	5.0
0345481283	4.0
1607376261	4.0
0981994954	3.0
B008IL48BK	4.0
0385730713	5.0
0451465067	4.0
0595276725	4.0
0062019864	3.0
006123138X	5.0
0425213927	5.0
0061231398	3.0
0425207234	1.0
0373772068	2.0
0446527017	4.0
0374189870	4.0
0983562156	4.0
0307473716	4.0
0613171373	4.0
0812533798	5.0
0452296293	4.0
1603700269	4.0
0425190714	5.0
0345481275	4.0
0316080810	4.0
B0071Q277K	1.0
0316074144	3.8333333333333335
0778323560	4.0
0373295243	4.0
B00G150W9W	3.0
0062294776	4.0
0061134082	5.0
B00DNLJ04A	5.0
0505525275	5.0
055359091X	1.0
1439156808	3.0
0425234800	4.0
B004MMED4G	4.0
1421508222	4.0
0451462807	5.0
B00HUVO5NA	3.0
B009W9RVNE	4.0
0316074152	3.5
1416511962	5.0
B005BT583Y	3.0
B003ATPPVM	2.0
1481182242	3.0
B00ASG0AZ6	4.0
006162683X	5.0
1603703330	4.0
0061626848	5.0
0142406252	3.0
1615812865	4.0
0982432100	3.0
B0035ROVOG	4.0
B0058PRFSW	Infinity
B009E8IGVE	4.0
0061013897	5.0
B00BPD59Y8	NaN
006201983X	1.0
0061561029	4.0
0441012469	5.0
B003VIWUMO	3.0
075824763X	2.0
1442419954	5.0
0061542776	3.0
0061894575	5.0
0345463404	3.0
0393051773	5.0
0595276733	2.0
0425241106	4.0
0062019856	5.0
0983562180	4.0
1843602296	3.0
0671014943	5.0
B004JU1KA6	5.0
0425226360	4.0
1420111892	4.0
0988377500	5.0
042524198X	4.0
B00BB0WCA4	4.0
B007PZ9G2Q	3.0
1937007014	4.0
0989045021	5.0
0689705476	5.0
B0098U8OZ6	3.0
075640262X	3.0
0446199540	5.0
0505527804	1.0
0778327957	2.0
0553589040	3.0
1453646035	3.0
0515139726	2.0
B002WB0YC4	3.0
1936564149	4.0
0312383703	4.0
0778326624	3.0
B0051HEXZA	4.0
1479226874	4.0
B00860DGES	4.0
1416593136	5.0
1480026859	3.0
0061082414	3.0
1602021384	3.0
051513970X	3.0
0989045013	4.0
0446614920	3.0
0762436581	4.0
1596328207	3.0
1456558927	4.0
1416560203	3.0
1416511954	3.0
0060735422	4.0
1477684239	3.0
0060783982	1.0
1599987619	4.0
1453875042	3.5
0451215923	2.0
148231312X	5.0
0373773366	3.0
1555838685	3.0
1414310560	4.0
0312357435	4.0
0062049690	3.0
0615585736	3.0
1452664943	4.0
0312805705	3.0
014028009X	4.0
1456435299	3.0
0061583227	4.0
0440423546	3.0
0307388670	4.0
0312313810	4.0
045122793X	4.0
0786500689	4.0
1596435712	4.0
0451464591	5.0
1468189557	4.0
0451212886	4.0
0545067057	5.0
0684825252	4.0
0451404912	4.0
0794500110	4.0
B006M2EGF0	3.0
159457376X	3.5
0425226336	4.0
B00CTXW6BM	4.0
B00CRQUF46	4.0
037377334X	1.0
B009JFTI7I	4.0
0714531405	5.0
0451215915	4.0
1452858748	4.0
B00E1VUCDY	5.0
0312383711	5.0
1483981525	5.0
042526596X	2.0
0810997304	3.0
1410402290	5.0
0062019805	4.5
0425230414	5.0
0441011179	5.0
0878337474	3.0
0515146013	5.0
0440220807	4.0
0451171020	5.0
B00GNFLDKM	4.0
B004UC5RVG	4.0
0756402662	4.0
0446199532	3.0
0373774699	3.0
B00D7NV2NG	3.0
0380003198	5.0
0142417769	3.0
143914964X	4.0
0399250069	5.0
1419707930	4.0
0756405718	5.0
1596325127	4.0
0061988243	2.0
0312169787	4.0
1420102974	3.0
0441014240	4.0
0425217450	4.0
0312533772	4.0
0505527847	5.0
0515139769	1.0
0373248032	4.0
B002CQ28L4	4.0
0307589633	5.0
0763627917	2.5
0373774621	4.0
034553686X	4.0
1475132980	2.0
B004RQD43S	5.0
0312355688	5.0
B00AHN0H3K	3.0
0399148248	3.0
0385740913	3.0
159307056X	5.0
0061583219	5.0
1554872774	1.0
B005UZ8QXS	5.0
006009334X	2.0
B00CNID0J0	5.0
1420102966	4.0
1595141758	4.5
0778325342	5.0
0505527855	5.0
0756401356	1.0
0553589091	3.0
0505522160	3.0
0977367630	4.0
1402244959	3.0
1490992731	5.0
1402285450	5.0
0399154914	1.0
1592331823	5.0
1615810293	4.0
1420111876	3.0
1439175926	2.0
1440557101	4.0
B007U0ZP76	5.0
0983562105	5.0
0062023020	5.0
B00DCFXLEC	Infinity
0061632686	5.0
0061434779	3.0
0446618489	5.0
1612183662	4.0
1599986337	3.0
1499580746	5.0
1606840835	4.5
1608200728	5.0
B004OEIRNA	4.0
0505527863	3.0
0505526530	4.0
0451215958	5.0
B008UC6G4O	4.0
1551660040	2.0
0451458710	4.0
0316102865	4.0
1420111884	4.0
006163266X	3.0
0425213056	5.0
0765309866	5.0
0142417793	5.0
B005OELJS4	5.0
1940534216	1.0
B004C44556	3.0
1844168565	5.0
0425135772	4.0
1475239939	4.0
0505525216	4.0
0451211588	4.0
1615814655	4.0
0446618470	4.5
038078453X	4.0
1619214164	4.0
0778325369	5.0
0156034085	2.0
0399153527	4.0
0061765791	4.0
0345495934	1.0
1468181777	5.0
0380787474	3.0
0505524937	3.0
0446556564	4.0
0471739030	5.0
0152045600	5.0
0060515198	4.0
080653303X	5.0
006121468X	3.3333333333333335
B00E9YKGAC	5.0
B004EYU9RC	4.0
B0063EWGN6	4.0
B003P9X6HC	5.0
0307582884	4.0
1456428810	3.0
1611183952	4.0
0062102273	2.0
0142414727	2.0
B002HJV4BG	3.5
0060773758	5.0
0425209059	5.0
0399154841	2.5
B005Z1CFU2	3.0
0425193861	5.0
0425214400	5.0
0312369492	2.6666666666666665
1401340903	3.0
1416596240	4.0
0545221269	1.0
0307270130	2.0
0312642075	3.0
1930235143	4.0
0758220405	3.0
B003A022GW	5.0
0786500611	3.0
0606106766	4.0
1467930598	4.0
1420122711	2.0
0505523612	5.0
0345533054	4.0
0425209067	3.0
031612558X	2.0
B00C4BA64I	4.0
045122034X	4.0
0062278789	3.0
0765352664	5.0
B0019BI4XE	4.0
1607372886	3.0
073820949X	4.0
0786955031	4.0
9659151101	Infinity
0778313298	2.0
1475062710	4.0
034549590X	3.5
0425227707	3.0
1463703139	2.5
1455878561	4.0
1880325810	1.0
1934166898	3.0
1492339652	4.0
1609280717	4.0
B0090P1MIU	5.0
1844167283	5.0
0307275833	2.0
B00C54UVCQ	4.0
0615626963	3.0
0451221699	2.0
1478716991	5.0
0765352656	4.0
0373293607	5.0
0989008800	4.0
B00GMKKJ58	3.0
0553591428	1.0
0425199185	5.0
0991490010	5.0
0373802366	4.0
0671027522	3.0
1481280767	4.0
0778316335	5.0
0152008691	4.0
098881241X	3.0
0312428332	2.0
0989037347	5.0
031294344X	4.0
B00BFUODK2	3.0
0263888827	3.0
1451663005	5.0
0060565446	5.0
037329056X	4.0
1609280784	3.0
0373802358	3.0
0553589113	4.0
0983711704	4.0
0765313081	3.0
0553804693	3.0
1453616381	2.0
193332063X	5.0
0505523647	3.0
0743247612	3.0
B004BLK7SO	4.0
B003P9WLRS	4.0
0547053738	5.0
B00JNXUPG4	2.0
0060519517	3.5
0425191257	4.0
0553591436	4.0
B004UGM69S	4.0
1600590675	4.0
0451460278	4.0
1402214243	3.0
073932277X	4.0
0312625510	5.0
1934166847	5.0
B005ZI3CKW	4.0
0451218043	5.0
B004GB1T86	3.6666666666666665
0385322860	2.0
0425232298	5.0
0062127543	3.0
0060541431	3.0
B003XREY40	3.0
1469927209	3.0
0399132635	4.0
0671644475	4.0
0449912558	5.0
0425223396	3.0
0441009867	3.0
0451219368	4.666666666666667
B0039PH74A	5.0
042521575X	3.5
0425269590	3.5
0345423429	5.0
082125779X	2.0
0446547638	4.0
0987930028	3.0
0545054745	4.0
0312943431	4.0
0547196202	3.0
B003E6M6Z4	4.0
0451228286	3.5
0671027581	4.0
0061080799	5.0
1456358448	5.0
B00FAFJU8S	3.0
0812977505	4.0
0373605196	3.0
0152045627	4.0
0758231997	2.0
B00LLWDUDK	5.0
0380795043	4.0
0062513095	4.0
006197806X	5.0
1475057318	3.0
0553803379	5.0
140221118X	3.0
1902825322	1.0
1612185339	4.0
0425236676	4.5
B0056OBYK0	5.0
1467953288	5.0
B0049H96QY	4.0
0441016154	4.0
1934166863	3.0
006173506X	2.5
1933836547	4.0
0373770456	4.0
1439160848	4.0
0061080780	5.0
0446582840	3.0
0441008534	2.8
B004EYU9PY	3.0
0449150623	3.0
0316021555	1.0
193556000X	6.0
B0006QVWGE	5.0
B00BED26WC	4.0
0007101112	1.0
0060821094	3.0
B005HF9CT8	4.0
1456527738	5.0
0451228219	3.0
B006S3FAR6	2.5
B005XZ151K	3.0
1902880161	5.0
030726999X	4.0
B00HMBOS62	2.0
1495307352	4.0
0425225941	3.0
1603704442	3.0
0505521822	1.0
1586649965	4.0
1439156786	5.0
1599982838	4.0
148272023X	5.0
0310727855	5.0
0441007236	1.0
1615818227	3.5
1599905868	4.0
1603421386	4.0
0143123629	3.0
146111196X	5.0
0312573804	5.0
1402270305	3.0
1613722133	3.0
1416541136	4.0
0984381503	4.0
0062008110	5.0
038573848X	2.0
1742204902	4.0
1885865678	3.0
1608203603	4.0
1934166006	5.0
1419954628	3.0
B00551UP6S	4.0
1428511628	4.0
1843607247	2.6666666666666665
0553571850	4.0
0671032976	5.0
B00BED26VI	3.5
0061965626	2.0
0425269515	5.0
031293761X	1.0
1490963413	5.0
1936305380	4.5
0425111717	4.0
0399121994	5.0
1420118625	5.0
1619211149	4.0
0843962542	3.0
0505521849	3.0
0671877216	3.0
080075963X	3.0
0312360282	3.0
B00EN35TV0	3.0
034553087X	4.5
1564966399	4.0
0312992432	NaN
0451229576	3.0
B00BGKPUIU	4.0
0446401145	3.0
0988776219	3.0
1908200308	3.0
0425200620	3.0
0385346859	2.0
B00BED276C	2.0
1477424261	5.0
B00C9OF2VW	4.0
0061229776	4.0
0971223262	4.0
B00G2571ZE	1.0
0425262901	5.0
B007H4JKK8	3.0
B0049H96VO	5.0
1434764303	5.0
140222267X	4.0
0060576170	1.0
0446573094	5.0
0843954914	4.0
B005OGJJ34	5.0
1620610353	4.0
0615688381	1.0
B004SYA76Q	4.0
1933471468	1.0
0446617857	4.0
0312360290	3.0
B004GB1T68	4.5
0451229584	4.0
015204566X	5.0
1603704450	4.0
B006R03B6C	3.0
0373210493	5.0
1905636156	4.0
1442359919	5.0
0312992424	4.5
0739317369	4.0
B008MMXCMQ	4.0
B005GF314G	4.0
1423100034	3.0
0345532600	4.0
1477419721	4.0
0671786539	3.0
1594574251	3.0
0446617849	2.0
B004P5NQBG	5.0
0345494644	1.0
0425203719	3.0
0425253147	3.0
1452897581	5.0
B0080GUO6Q	2.0
B00JX51BI8	5.0
B00IJNNQQ0	1.0
1416578447	4.0
1894663470	4.0
0441019250	5.0
1935540440	4.5
1452851336	5.0
0373290519	4.0
1577314557	4.0
1605049255	5.0
B005E077IO	3.0
0515133418	3.0
1590522699	5.0
0451461525	4.333333333333333
B009V2YGMQ	4.0
1453624821	4.0
B0088VP0JO	3.0
0307741907	4.0
1442409053	5.0
0061122262	3.0
B00EAPTEWQ	4.0
148203901X	4.0
1615819525	4.0
0062116851	5.0
0385333587	5.0
0451459237	2.0
0451462882	4.0
0425219291	1.0
0765348527	1.0
B0049U4V3E	4.0
B00413PT9Y	3.0
B005Z1CGBU	4.0
B00DYVWVIQ	3.0
B00993KG6C	1.0
160820233X	3.0
144240907X	5.0
1608202348	3.0
1934531626	4.0
1416578463	3.5
0821726927	4.0
0451229533	1.0
0373778341	4.0
B004SBQ57O	4.0
0061013919	5.0
B00DNI7UE0	1.0
006198650X	2.0
B0080XQWME	Infinity
0060752017	2.0
0307750833	2.0
0312360258	4.0
1453873252	3.0
0373072813	5.0
1626490619	4.0
157145697X	5.0
B00EYMXM2I	3.0
B005V32PZO	4.0
0425253155	2.0
0982555024	4.0
1411683153	5.0
1442436670	3.5
0007442920	3.0
B00GMQW87Y	4.0
0345495969	2.0
1423100050	4.0
0373210450	4.0
037351137X	4.0
1595146547	5.0
B006UZCRR8	5.0
B00B3FMD6K	3.0
0352329467	4.0
042524122X	5.0
1603700110	4.0
0446617008	5.0
1490401350	4.0
0307264238	3.0
0312534396	2.0
1469980355	4.0
1476730091	5.0
1605047414	4.0
1626491011	4.0
0312537417	3.0
0062134655	4.0
0425219305	2.0
0765365030	3.5
1432787969	2.0
0763647608	2.0
0449005852	4.0
0373776586	4.0
0843953640	4.0
1603708081	3.0
B00C52XZIA	4.0
1611941202	5.0
B004UZRNAQ	3.0
1481171666	2.0
0345506340	4.0
0425149463	4.0
0553586971	2.0
0060534397	4.0
0743572750	4.666666666666667
0968677630	3.0
B007SA682Y	4.0
B0041KKSFC	5.0
0140293248	3.0
B004MPRZGQ	4.0
031237402X	3.0
1439153663	5.0
B004EBTNIQ	4.0
0312995431	4.0
B007WIEFHW	5.0
088743147X	5.0
0373776578	3.0
B004EHZUA0	-Infinity
0425198782	4.0
B00C0ULZ84	4.0
0738725943	4.0
1463532954	2.0
0545259088	4.0
0062014072	3.0
B00ADT83YS	5.0
1605043079	5.0
1494878399	4.0
061584863X	5.0
0689868227	4.5
0547482507	4.0
1936305410	5.0
B007AWGP1O	4.0
B005CDM6OS	2.0
1423146182	5.0
0765365057	4.0
B0070FDJPG	4.0
193755158X	4.0
1603700129	5.0
0425197441	2.0
1423146166	4.0
B002HJV44S	5.0
0060560665	5.0
B00811WWLK	5.0
0615827705	4.0
1497455049	5.0
0151012709	5.0
1613724853	4.0
0765365049	4.0
B002NOGDKW	4.0
B00GQ0OF8G	3.0
1419951653	4.0
0988798514	4.0
044101917X	4.0
1605047422	4.0
1439191921	3.3333333333333335
0385344171	4.0
0425246957	4.0
059538871X	4.0
B0082O2TCS	5.0
B008BKT3UO	3.0
1596328150	3.0
1452893209	4.0
1937070468	4.0
1423146174	5.0
B004MPRZIY	4.0
B0037BS2IQ	3.0
1137003065	4.0
B006VXAZKA	4.0
0152166637	5.0
B00ANW13U6	5.0
1484067460	3.0
1610261003	5.0
0671705091	5.0
B00IPP9U3K	3.0
1623651336	5.0
0061375802	3.0
B00AUDZJRQ	3.0
0743454324	3.0
1884573258	3.0
B0074QJDDS	4.0
B007BFJ45E	4.0
0451458877	4.0
B00E4D3RAO	4.0
B0092AWIRM	3.0
1451684835	4.0
037377348X	3.0
B0053YND7A	3.0
044101691X	5.0
0061009059	5.0
1455574449	5.0
B007Y15PWG	5.0
0316211125	5.0
0374399050	4.0
0778327809	4.0
0312648251	4.0
0451205650	4.0
0425200736	4.0
0451191390	4.0
0671034677	2.0
B00F64A1YK	5.0
0545048869	2.5
0441020186	4.0
B00C4JLOZK	5.0
1560235977	4.0
0615354181	4.0
B00F85LHUE	5.0
0061542881	4.0
0545166810	5.0
0440235995	3.0
1451660847	5.0
1492239127	3.0
0425222977	4.0
1450574483	4.0
B00F433J6A	1.0
0385731949	5.0
B003F77D6Y	5.0
0778324788	5.0
0312252943	4.0
B00ADWZ5EG	5.0
0425197484	4.0
037377219X	2.0
1468507109	2.0
0345480090	1.0
0441016944	2.0
B00FU8PCP0	5.0
0060817089	1.0
0671502522	5.0
0451462912	5.0
0061894451	4.0
0425230570	4.0
0425219321	4.0
0316027650	4.0
0446406902	4.0
0385731957	3.0
0425216292	2.0
0312642962	4.0
1470077892	4.0
B0058EAGAW	3.0
0425229599	4.0
044900273X	4.0
0446614815	3.0
1615813462	4.666666666666667
0312312628	4.0
0373772130	3.0
B00HPHL9OW	4.0
1614484422	5.0
1478121912	5.0
1613727038	4.666666666666667
0316211176	5.0
0375713344	3.0
0373837097	2.0
1596329408	4.0
1423116380	5.0
0425214494	4.0
0778326500	5.0
0425255808	3.0
1573443298	4.0
0505524899	4.0
0425226476	4.0
0553575422	5.0
076272868X	4.0
0615623999	5.0
1427201412	3.0
0758216416	3.0
1490393250	NaN
0451186842	4.0
0451947630	NaN
1607777851	3.0
0446547565	3.0
0857387200	4.0
0470591331	4.0
161194127X	5.0
0446608149	4.0
B00408AYLS	2.0
0821774565	3.0
B003VTZVSI	4.0
0373773471	4.0
0553583867	5.0
0425206866	3.0
B007VWL27A	3.0
0061214736	4.0
B00IKN7WVY	3.0
0441014305	4.0
0449149579	5.0
0061056243	4.0
1417808268	3.5
1420121340	3.0
B00AD9WJKW	3.0
0373002076	4.0
1428512160	5.0
0312264100	4.0
0758216424	3.3333333333333335
1419959514	3.0
B005KLVNFA	4.0
0446547573	4.0
0843955430	5.0
0152166696	5.0
1439153612	3.0
1595827552	4.0
0316102954	4.0
B00EFXPAIU	4.0
B0038AUZ4A	4.5
1476730946	5.0
0345492927	4.0
0007447868	4.0
0758216432	3.0
0312674503	4.0
1463542356	5.0
0803734735	5.0
042513301X	3.0
1402239440	2.0
1623802695	4.0
1439153604	4.0
1575668874	3.0
1781846278	3.0
B003TXT0M4	5.0
1580053661	4.0
B00KVQQYRG	3.0
0441015662	4.0
0446510297	4.0
B007BEV56Q	4.0
0761142088	4.0
0062122630	5.0
1575668866	2.0
1453660410	3.0
084396300X	5.0
0758234287	4.5
0312961235	2.0
006124502X	5.0
1561642827	4.0
0061245038	4.0
1420101765	4.0
0380776820	4.0
0061474290	3.0
B005LRB984	4.0
1897217404	4.0
B005C5TCR0	4.0
B00A9K1S6Q	4.0
B005J5V70S	1.0
B007S0CX4G	4.0
0988914719	5.0
0553826093	3.0
1419964054	3.0
0441014348	4.0
0312367791	5.0
B0052XTW5O	4.0
0739334670	5.0
1470141159	3.0
0451232364	4.0
0505527979	4.0
1897178247	3.0
1606840746	4.0
B003T0HFU6	5.0
1420101757	4.0
042513699X	4.0
B005U850G6	2.0
1613720467	3.0
1439172773	4.5
0451412621	4.0
0060747579	4.0
1935407317	4.0
0345337581	2.0
0451224752	5.0
B00B2BXWL0	5.0
0985049316	1.0
0062341626	5.0
B00B5TL98M	4.0
0385739834	3.0
0062004662	3.0
0440216885	1.0
0547389809	4.0
B00E89RK1G	3.0
B00B5TL99G	4.0
0316025062	5.0
0425239780	3.0
0878338020	5.0
B00BD8O7SE	2.0
148272457X	4.0
1416585672	2.0
0451224760	4.0
1616030011	3.0
0312577427	5.0
B005Z1CG3S	4.0
0689868200	4.5
0312598343	3.0
1479327573	4.0
0441018726	4.0
1419968432	4.0
0446618349	5.0
1570614679	5.0
0451231058	4.0
043935806X	Infinity
0425136981	3.0
0979939704	4.0
0446618357	4.0
0061921262	3.0
1615812113	3.0
1935192396	3.0
159514031X	2.0
0312369506	Infinity
1595141650	4.0
1627989080	2.0
0425246078	2.0
0451461215	5.0
0778314006	5.0
0307714292	4.0
0307717321	4.0
1615815244	3.0
0061030120	5.0
B006LDLIF6	3.0
1455501654	2.0
0425206912	1.0
1934166758	3.0
0615719708	4.0
0441019730	3.3333333333333335
B004YQCGLW	3.0
0316056588	Infinity
0440242789	2.0
037377057X	3.5
0345500245	4.0
0061779849	4.0
0451183193	4.0
0553575023	2.0
0786890762	4.0
1607777908	3.0
0758251033	4.0
0380704161	5.0
0340951982	2.0
0380802600	4.0
0061284424	4.0
0756406838	4.0
0974638862	1.0
1402260466	3.0
0451463862	5.0
1599908182	4.0
0765359146	4.0
0765359154	4.0
0978986121	5.0
1419957619	4.0
0843948507	5.0
0451199510	3.0
0821759310	4.0
0812571363	5.0
0061926531	2.0
1605922323	4.0
1623805651	5.0
0778303330	4.0
0800757181	4.0
0425246132	4.0
B005MZHUEW	3.0
0316102555	5.0
1934531782	5.0
1455526975	5.0
160601188X	3.0
1482694158	5.0
0425202526	3.0
0451180933	1.0
B002TG4O50	4.0
0451198212	4.0
1933389214	4.0
0615543332	3.5
B008EEAM2K	3.0
B00908BRRI	4.0
1482032503	3.0
1936305097	5.0
1402258100	3.5
B00947X3VI	4.0
0345501551	5.0
1484901967	4.0
1902852443	4.0
0312611641	4.0
037321099X	5.0
B004Z99RB0	5.0
0441014046	4.0
0449225100	3.0
B003SX158W	3.0
0061054119	3.0
075821409X	4.0
193383661X	3.0
1478255293	3.0
B00387G19G	4.0
097898613X	5.0
1419953273	5.0
045123572X	4.0
0142422010	3.5
0758226020	2.0
1497319714	4.0
1250010314	5.0
0425218937	5.0
1448692784	4.0
0061014079	3.0
0743496124	4.0
1402217625	4.0
042521589X	5.0
B004KKZ0KQ	5.0
0142001430	4.0
B00CO7GIDU	5.0
0061960470	4.0
1402218958	4.0
080508696X	5.0
1603707468	5.0
0553587064	4.666666666666667
0373774907	2.0
0373291574	3.5
0441018440	5.0
0451210441	3.0
0984247513	5.0
B00DH6R912	3.0
0425222195	3.0
0061340278	3.0
B00CVBO6N8	3.0
006108705X	5.0
0345501535	5.0
1402217633	2.0
1402218966	5.0
0976744198	1.0
1492119237	4.0
1494968525	4.0
0425235440	4.0
0615763855	4.0
0141007338	5.0
0978986172	4.0
1461110564	5.0
1933826401	4.0
0978986164	3.0
B006SP2BS0	3.0
080507497X	4.0
0615741606	3.0
0060758287	1.0
0553587072	4.5
0425189058	4.0
0316024961	3.0
0373771886	3.0
0451231317	3.0
1439192316	3.0
0316085944	4.0
B004WG4ARM	1.0
0425235459	4.0
0380790947	5.0
0989247910	4.0
0373802692	5.0
0061960454	4.0
B00C5TUHV6	Infinity
1608206661	5.0
B005KJFPCY	4.0
1600430414	3.0
B00FILHAXQ	4.0
0425239810	4.0
0061284416	4.0
0441017126	5.0
0971708932	-Infinity
0982175698	5.0
1401941028	5.0
0425222179	4.0
031232118X	4.0
0316057851	2.0
0425246108	2.0
0505523302	2.0
0425267040	1.0
0345491637	3.0
1607352990	5.5
0553587080	5.0
0441020771	4.0
160737918X	3.5
0505520273	4.0
0451217055	3.6666666666666665
0425239829	4.0
1423157419	5.0
1484076249	4.0
0061284408	4.5
0451461266	4.0
1401351964	4.0
0425256383	5.0
B006LR8UQW	3.0
0373210965	5.0
1596326727	3.5
B00ERLB1TW	5.0
0739445391	3.5
0451417909	5.0
0060851899	3.0
B002VFPS4U	6.0
0805094598	5.0
B00H8TBLWC	3.0
0316036919	4.666666666666667
0312349513	2.0
1599983478	4.0
0451404602	4.0
148399600X	4.0
B002VFPS54	3.5
159998346X	4.0
0373289278	4.0
0988491001	5.0
1940192315	4.0
0375826726	3.0
0441006477	3.0
0441010512	5.0
1426707622	4.0
0345496507	4.5
0553587897	3.0
0615961770	4.0
0515143553	5.0
B0087IE3QO	4.0
1594745501	4.0
0979311020	3.0
044102078X	5.0
0380769530	4.0
0099464462	4.0
1936305038	5.0
B00EDK7VE6	3.0
0441017150	4.0
B004TMDSKY	4.0
B008D65WU6	4.0
0062274457	5.0
B00ES4C3XQ	1.0
0804119724	3.0
0553589601	3.0
074349749X	Infinity
1453812954	3.6666666666666665
1423149858	5.0
0451460758	4.0
1495205215	5.0
0446616427	4.0
1620153424	3.0
0451221958	3.0
0956427634	3.0
0374302103	4.0
143924622X	4.0
0446300578	3.0
0758242131	4.5
0738711160	3.0
B00AIBCBJE	3.0
0345480147	5.0
0316693286	4.0
0373790104	3.0
B003VP9X7M	4.0
0373803192	4.0
0385742886	4.0
B0042JTAC4	4.0
0615613373	2.0
0446616419	4.0
B00BCAIFAY	5.0
0425220354	3.0
0425224716	4.0
1466207205	3.0
1611249589	3.0
0761463275	4.0
0060754753	4.333333333333333
B00BKDLPBO	3.0
0451463803	3.0
0804119740	3.0
B004GEB0GY	Infinity
1615818383	4.0
1466337222	4.0
0385341059	4.0
0515129259	3.0
B007FIIH6E	3.0
0425232395	4.0
1613724217	4.0
B005Y0HS7E	4.0
B003R7LCSC	3.0
0373484089	3.0
0345480163	5.0
1450531911	3.0
0425219356	5.0
1450202268	3.0
0758242158	4.0
0312348223	2.0
037543075X	4.0
1936305003	4.0
0373605285	5.0
0515147907	3.0
0373210132	4.5
0553575074	3.0
0756406005	4.0
0821780751	4.0
0446604410	5.0
0385311214	5.0
044101187X	4.0
0843962844	5.0
B003YJEKVY	4.0
0515135968	2.0
1493750461	5.0
037380315X	4.0
0312384793	3.0
B00C3GKOQ4	4.0
0425186857	2.0
0425227804	3.0
B005HRSU30	3.0
0978753119	4.0
014132855X	5.0
0979311063	3.0
B003YCPDIK	2.0
B008Q3DMUS	4.0
B0080UST5K	3.0
1612177212	4.0
B007YIZ2YA	2.0
0451419707	4.0
0345447549	3.0
1611249562	4.0
0972109838	4.0
0425223434	3.25
0451224191	5.0
1603704353	4.0
0843957492	2.0
0451230868	1.0
0312357192	2.0
0756654505	4.0
097210982X	3.0
0979311055	5.0
0425232344	2.0
1936305062	4.666666666666667
0425236706	4.333333333333333
0451522753	5.0
1481170422	1.0
0345532740	4.0
1583484698	3.0
0060577339	4.0
B0052PO51I	3.0
B00BZAAY5K	5.0
0061229687	4.0
B00D7N4K8U	2.0
0982661002	3.5
0978986113	6.0
0425245659	4.0
1420104578	4.0
B005FCFITQ	1.0
B00BTIDXVU	4.0
0979311047	4.0
0440244501	4.0
1602728585	4.0
B00727XSYY	5.0
0804119783	4.0
0985619813	3.0
1597801631	5.0
B00895DXSY	3.0
0446521531	5.0
0143143751	5.0
0374323038	4.0
B00BKK6FLC	4.0
0061229695	3.0
B001QBPM14	3.0
0578121735	3.0
B006E519RI	4.0
0312947984	1.0
B00E7B02HE	4.0
1608202216	4.0
B00DDW5C2S	3.0
0061668036	3.0
0385733976	4.0
076531682X	5.0
B00G8UF35S	Infinity
0061779814	4.0
1611249538	2.0
1416572821	4.0
B00J2EBU4K	4.0
B00DQSVG9W	2.0
088192959X	5.0
0425220419	4.0
0385516169	4.0
0373802714	5.0
0425221741	5.0
0316003131	5.0
1416532242	3.0
B007Y7ID8S	4.0
0802720854	3.0
0310334748	3.0
0060757841	4.0
0982192177	5.0
0451459806	Infinity
0071470573	5.0
0230755062	5.0
B009H50IJM	4.0
042526663X	3.0
0451237587	3.0
1620072270	3.0
0425207439	4.0
1622415450	4.0
140883233X	4.0
1250029880	5.0
0316180998	5.0
B004CJ8156	4.0
0451463072	4.5
0425239055	2.0
B00AB3QTMO	4.0
0312368712	5.0
050552631X	5.0
1419967096	3.0
0375870822	3.0
0505526328	4.5
0425232417	4.666666666666667
B004CJ811A	4.0
B0063KJJAI	4.0
B00699QQCM	2.0
0316098329	3.0
0738712507	5.0
0061715832	5.0
0425244407	3.0
0451229967	3.0
0451236262	4.0
0843963352	4.0
082175310X	1.0
B0070FDVHC	-Infinity
0151008116	5.0
1599988313	4.0
0451228642	3.0
006114360X	4.0
0312858442	3.0
0802720870	3.0
0425264017	5.0
1423102282	3.5
1580088228	5.0
141657283X	4.0
031600314X	1.0
0062076108	3.0
0373210086	4.333333333333333
4766111206	5.0
0821780700	4.5
1423102266	4.0
043962794X	5.0
0606238409	5.0
0373774060	2.0
0446559245	4.0
0307393879	4.0
0312363044	3.5
0425239071	4.0
1401937764	5.0
B003U89S66	4.5
0062076116	5.0
0615608868	4.0
B004CJ812Y	2.0
0739443615	4.0
0778326810	5.0
B00EVJPCYK	2.0
1489552618	5.0
1938601122	5.0
0061724769	4.0
0805091408	NaN
1602021112	3.0
038574160X	5.0
034549217X	2.0
0142422959	4.0
1591025974	3.0
B0091TA95W	3.0
B004PYDOC8	5.0
B005Z1CGIS	4.5
B00EXOW6IS	4.0
0451459849	5.0
0789496755	5.0
B009J2KAU0	3.0
1887368167	4.0
B004P1IYW6	5.0
0425206165	3.0
B00B3D4YDW	4.0
1416546588	5.0
1449553532	2.0
0385742932	4.0
B002VFPSD6	5.0
B0031ESOBO	4.5
0307277887	4.0
0553587986	4.0
031294960X	2.0
1419967053	4.0
0505527693	3.0
0765312417	3.0
015206396X	5.0
0373210035	4.333333333333333
080349906X	5.0
B004CJ815G	4.0
1936383470	3.0
0983979766	5.0
B00FKNQF92	3.0
B0055PTGYG	5.0
0821775308	4.0
B0070F32X0	3.0
0778313530	3.0
1416509887	4.5
0061731048	4.0
1416510877	4.0
0425220435	5.0
0425242668	3.5
0373210043	3.3333333333333335
1607377330	5.0
0857521012	4.0
B007P4CY26	3.0
1402288794	5.0
0821772287	1.0
009974371X	4.0
0451205987	4.0
B00E8HLU46	3.0
0060833203	4.0
0441013554	5.0
069111644X	5.0
1907696024	5.0
160820054X	3.5
1557998469	5.0
1416558586	4.0
0439064864	5.0
1605044075	4.0
1416900306	3.0
B00B1VNIMO	3.0
0142000906	5.0
0060522275	2.0
0451230922	3.0
0312641516	1.0
B007ITF0LA	4.0
0373210051	4.0
0747243670	4.0
1439175772	2.0
0425207463	3.0
B00394DS5S	4.0
1453787542	4.0
B009L3S842	3.0
B00HTBUE4K	5.0
B00EKLM6VG	2.0
1602021155	3.0
B005Z1CGME	4.0
1595548777	5.0
1599982153	4.0
014038572X	4.0
050552452X	3.0
0743238273	5.0
014242207X	5.0
0312360827	4.5
B00784RIF6	4.0
144240339X	4.0
0373772246	3.0
B008XM3Y1Y	3.0
0060788194	4.0
0385338228	2.0
1483959813	4.0
1615812261	5.0
0980226023	4.0
1416509879	4.0
1584799099	3.0
1605047953	4.0
B005GSS26A	3.0
B007TGHDA8	3.0
0451214838	1.0
0440217857	4.0
1416963960	4.0
160370616X	4.0
0373291485	4.0
1936305941	4.0
1602729085	3.0
0425155188	5.0
B005MRAGBY	3.0
B009N835VQ	4.0
1615813586	4.5
B001CAEOB8	5.0
0451461290	5.0
0778324214	2.6666666666666665
0547232292	1.0
0385338236	1.0
0991190912	4.0
1439194017	4.0
0143034901	5.0
1613720785	4.0
B007DZGBJ4	5.0
0375411089	5.0
076111937X	5.0
1934166812	4.0
0373210914	3.0
1449576249	3.0
1603700897	5.0
1420100971	5.0
0778325555	5.0
0425275515	4.0
1616086572	4.0
0312323859	4.0
0441012280	5.0
B007SPD16A	4.0
0976227622	4.0
0805090983	4.0
0452287197	3.0
0738718688	3.0
1484196007	4.0
1484954556	3.0
0615801056	5.0
1596439092	5.0
0373777957	4.0
1453681027	3.0
0451233166	3.4285714285714284
B00E2TMORW	4.0
0451464338	5.0
076420226X	3.0
160592184X	4.0
0553591142	4.0
0312289723	3.0
1420100963	4.0
1599214946	5.0
0425243966	2.0
1481268384	1.0
0345453417	5.0
0141439580	4.0
006166751X	2.0
0439023483	4.8
0312947054	NaN
B004R1QBT2	Infinity
1481027727	4.0
B00814M3V6	3.0
0425234185	4.0
0425216357	5.0
1609280822	4.0
0451408268	4.0
B004Z9XKZE	2.0
0345423607	4.0
1605047988	4.0
0345522478	4.0
0061214655	3.3333333333333335
1612185622	4.0
0006170072	4.0
0778329933	4.0
0743497503	5.0
B00C54V18O	Infinity
0373773552	4.0
0446612944	3.0
1933389192	2.0
1416547037	8.0
0062024140	4.0
0615213618	1.0
1935192493	4.0
0805096272	3.0
B0070YN1BO	4.0
0439023491	6.0
043920352X	4.0
B00BWEV9PI	3.0
1608204057	5.0
B004CJ810G	4.0
1602605122	4.0
1933417005	5.0
1612185630	5.0
B004CJ8110	5.0
0505527618	4.0
0345513541	4.0
0451223780	3.0
0061667528	4.0
075821104X	3.0
0553591169	4.0
1933440244	2.0
B00C52XCOM	Infinity
1608208443	4.0
1250006317	3.0
0425243915	5.0
0062326155	1.0
0373802730	4.0
0449148378	5.0
1936460041	4.0
B008GASIA0	1.0
0345453433	1.0
0451200225	3.0
B00KYU20PE	1.0
0380809214	4.0
0446541923	4.0
1402251475	3.0
0440216516	5.0
B00D2KZCYE	4.0
0399159126	4.0
0743566572	4.333333333333333
051513953X	3.0
B007HEK0CU	5.0
0786818603	4.0
1937254550	3.0
B005NLSQ66	2.0
0441800831	3.0
1615817913	5.0
0061238600	5.0
0440246369	Infinity
0425192768	3.0
1250006325	4.0
0425205673	4.5
B00BATNREQ	4.0
0878573402	3.0
0449148386	3.0
0312605862	4.5
145557631X	5.0
0312947062	5.0
038079456X	4.0
B00AGA4UGY	3.0
0441014003	4.333333333333333
0373802722	4.0
0425216322	-Infinity
1569708959	1.0
0306822377	5.0
0312962681	5.0
0446541931	4.0
0061701246	3.0
B00G3KVW6W	4.0
0505526301	5.0
0312360819	3.0
0316228532	2.0
0758215436	3.0
1615812237	4.0
B006G0NQDG	3.0
031602712X	4.0
0425205681	4.0
1416949615	5.0
042523861X	4.0
1451617364	4.0
0765303477	5.0
B007JBBSJK	4.0
0373803001	5.0
1492305855	3.0
0451460006	5.0
B009LTL8SE	4.0
0982500505	5.0
0441018521	5.0
B00HSKMN5K	4.0
0515141658	5.0
1934166634	4.0
B00BGZSXAW	4.0
0449005178	3.0
0679756817	5.0
0316735736	3.0
0061985848	4.5
0061456780	5.0
0765303469	5.0
042521463X	3.0
045121823X	3.0
B00DK3AN5G	3.0
0061985864	3.0
B007R9G9DY	3.0
B00AX4AERC	4.0
0385523386	3.0
0142402516	5.0
055358846X	4.0
B008R55AGE	3.0
0848725077	5.0
0385732554	5.0
B005LPE3XE	4.0
1419967762	2.5
0062060554	3.0
0553588478	2.0
0061852074	5.0
0141009829	5.0
0374307989	5.0
031603116X	4.0
0061456772	5.0
1400315069	3.0
1623000254	5.0
0373290314	4.0
0425195805	4.0
147826182X	4.0
0061463051	4.0
0373098812	4.5
1615814051	5.0
143918819X	4.0
1481207474	4.0
0671041649	4.0
B004N62M26	2.5
1480219851	5.0
1613721919	4.0
B004XVSXJM	3.0
B0092MPR6E	3.0
161581972X	3.0
0312533713	2.0
B00477438M	3.0
039915373X	4.0
145162803X	5.0
0061659258	5.0
0451240197	1.0
B009NN22KQ	3.0
014219672X	5.0
0307719871	4.0
0316040096	2.0
044655894X	4.0
1463556217	3.0
0615831524	4.0
1402284314	5.0
1937007766	5.0
0307377849	4.0
1484980662	3.0
B00C6ZTNAU	Infinity
0689865406	5.0
B004XJ6922	3.0
B00784Y66A	4.0
1439159661	4.0
1586648004	3.0
0061456756	5.0
0061056898	3.0
0312288352	4.0
1599983559	5.0
0988836211	4.0
B00BDY1VBO	1.0
0375814671	5.0
0060796626	5.0
B00HP5WQAK	3.0
0151012032	4.0
B006VGZPM0	4.0
B00586XP5S	3.5
0312357214	4.0
0755399498	5.0
1936202085	5.0
0060525193	5.0
B00J4XR2ZU	1.0
0373802595	4.0
0425212033	4.0
1937551806	4.0
1934531006	5.0
074145453X	5.0
0061853372	3.0
0312942311	2.0
006108185X	3.0
1482567229	5.0
B00H9OPJ10	1.0
1603707352	4.0
0425201376	Infinity
1594146705	4.0
1843606186	3.0
0615495036	4.0
B005IIAVS0	4.0
0356500276	4.0
030727828X	3.0
0756405424	5.0
0986494313	4.0
0152054359	5.0
1561643866	5.0
0756406757	3.0
0671019740	3.5
0373802587	5.0
0988870150	2.0
1619630621	5.0
B00ES1IWVQ	5.0
0425235564	4.0
050552340X	2.0
1416563105	1.0
0425247546	4.0
0615602746	5.0
0312942303	4.0
0312943636	4.0
B00AJS80UK	4.0
159554609X	4.0
0517605171	5.0
0441005241	3.0
0307342301	5.0
B003M5IZ3Y	3.0
0385501129	2.5
0441020860	4.5
1933809183	1.0
030728364X	Infinity
0743259823	4.0
0821780697	2.0
1937551822	5.0
0451461398	5.0
0671747150	4.5
0061451029	3.0
0061852066	4.0
1479257389	5.0
0446612774	1.0
0515141674	3.0
1603706038	3.5
B005JERQDG	3.0
0061869708	3.0
B005KV1EHW	5.0
0307407314	4.0
B002R2OFAK	4.0
0671027344	4.0
B002TG4OZ0	4.5
0451227190	5.0
B006SPDFGC	4.0
0671019708	1.0
1937909123	5.0
1451628005	4.0
0738719854	4.0
B003GIRD3A	4.0
043902353X	5.0
0441010601	4.0
0061852058	4.0
0060796677	4.0
0425240932	3.0
0765303485	5.0
B00A1OFMV2	3.0
1400312841	5.0
0399159088	1.0
0380809168	4.0
B00539TLVM	4.0
0373289391	4.0
B002R2OFBO	5.0
0060542543	3.0
1482042053	5.0
0312549261	4.0
B00GXTOA76	2.0
0060848367	4.0
0425247562	4.0
0985976802	3.0
0310291062	5.0
087842542X	5.0
B0044R96RI	4.0
0373618689	2.0
0312387989	4.0
1451689012	5.0
0061084026	5.0
144213058X	1.0
0399156879	3.0
0061662836	4.0
0425236846	2.0
0821780670	4.0
B004K1F7US	5.0
B004SY9JX8	5.0
0886774454	4.0
0553586688	Infinity
160370115X	4.0
1608200345	3.0
0425244466	4.0
0553817736	4.0
0505528215	2.0
0451204492	5.0
0373210264	4.0
0312303467	4.5
0062227327	5.0
0821780689	2.5
0425212866	4.5
1602729999	4.0
0505528231	3.0
1615817158	4.0
0451460871	5.0
1937551857	4.0
1451689004	4.5
0062273248	3.0
0553586696	Infinity
0312387970	1.0
B006RY23OO	4.0
0525951717	5.0
B006KLYIAG	4.0
0425255115	5.0
0316038636	5.0
B004K1F7VM	3.0
0060850663	3.0
0312991355	4.0
0061284394	4.0
1616281316	5.0
0425247503	3.0
0515132764	3.0
B005CRQ4Y2	2.0
0505528223	3.6666666666666665
0375821813	5.0
0515151068	5.0
B00466HRVY	5.0
B008DMGD0S	4.0
0451221842	5.0
0821780654	5.0
0373605390	4.0
0062114875	5.0
0821779664	5.0
B003TLMWZS	3.0
B008846VLM	3.0
B00BE2Y7CK	4.0
0441010652	3.0
B00AVYSUWA	5.0
1551660903	2.0
0451215117	4.0
0141326085	2.0
0385742770	5.0
044022375X	5.0
0821779672	4.0
0778327299	4.0
B00DKVA6UU	3.0
0062273264	4.0
0425209210	Infinity
B003U89SO8	4.0
0380778351	2.0
0425255131	5.0
0544146247	5.0
0821780662	4.0
0060182989	3.0
045146088X	1.0
0307245306	5.0
0425087395	3.0
B004GEB7US	2.0
1582347999	4.0
B008EMMOYG	4.0
0671630938	4.0
0439023513	4.0
0425243168	3.0
0316175668	5.0
0061659223	Infinity
0373210213	3.0
1416503609	3.0
0312941072	4.0
0451462629	5.0
1550229974	4.0
1492809128	5.0
0375859551	1.0
0425223566	3.0
0425203956	3.0
1606019635	5.0
0425231119	4.0
050552824X	4.0
0061992194	2.0
1599903423	3.0
0373210221	3.0
B008IJO2GI	4.0
0553560921	4.0
1416503617	3.0
1416525866	3.0
0515143480	1.0
1456350773	5.0
0385739141	1.0
0061234923	3.0
0142400777	5.0
1596320486	3.0
0446558931	4.5
1402214405	4.0
1602602883	4.0
0143038419	3.0
0984325689	4.0
1934166685	5.0
1419952641	3.0
B00B5NWFM2	3.0
B003WQARMA	4.0
0062100289	1.0
B00IDVQ5Z2	4.0
078626392X	4.0
1612130488	3.0
0440221994	4.0
B00HQKG056	4.0
0756404185	5.0
0451462645	4.0
0375826688	5.0
0805081100	4.0
0446618918	5.0
1439198365	4.0
0312875894	4.0
1416599126	4.0
B00AXHNFJS	3.0
0312387962	3.0
0143036688	5.0
0312949812	4.0
1492899461	5.0
1603705589	4.0
0099911701	3.6666666666666665
1484042778	3.0
0553588451	4.333333333333333
1622370163	4.0
1609288084	4.0
0373244452	4.0
1937007715	5.0
1461060524	3.0
0312949804	4.0
1494811529	3.0
1936305178	4.0
B002R2OF9Q	4.0
0441020011	4.0
1400315050	5.0
1599983508	-Infinity
0451229770	4.0
B004C44OXO	4.0
0545255635	1.0
1615818464	2.0
0425236838	4.0
0505528290	4.0
0399146601	3.0
045122843X	5.0
0984325662	4.0
B00ATV53KC	1.0
B00355ERW4	4.0
0060773170	5.0
0061626317	4.0
B004K1F7UI	4.0
0756401933	5.0
1940026016	5.0
0451229789	3.5
0984325670	4.0
B00CPTBZQM	3.0
0446606936	4.0
144992462X	4.0
0545042143	Infinity
160684363X	5.0
045122678X	5.0
0670038482	5.0
B007TRQ5PQ	3.0
B0085W26CK	Infinity
1605044148	4.0
0762436840	4.0
0373775490	4.0
1619213621	5.0
0425240142	4.0
1456347187	4.0
0805092668	4.0
0385738773	3.0
0765317192	4.0
B00C74OXZK	4.0
0425208885	4.0
0545275326	4.0
193554022X	4.666666666666667
0441014941	4.0
0061450545	5.0
0061032093	4.0
1603703853	4.0
B008TSC2E2	5.0
B006UFMP7U	Infinity
0756401836	2.0
0307913090	5.0
B005CRQ5AK	4.0
0451463196	4.0
1107050448	4.0
0446616397	4.0
0061450553	5.0
1615810595	4.0
0762436859	5.0
0062019554	1.0
0802410979	5.0
0061032085	5.0
B009KUY65G	4.0
006180259X	4.0
0843963239	5.0
0452287227	5.0
1619210576	4.0
0142419400	3.6666666666666665
0441014976	3.0
0312648065	3.0
0425215164	4.0
0515142166	4.0
0312534124	5.0
0451229851	4.2727272727272725
B004H1TM2A	4.0
B00KJ1DTV2	2.0
0373605439	2.0
0991097505	4.0
0425228479	3.5
B004D9FX74	3.5
B004S3Q78O	3.0
0425240169	5.0
1933440112	2.0
0505527782	2.0
0142421715	4.0
0440170842	4.0
0425232557	3.5
1492852805	4.0
0451460936	4.0
0786869216	4.0
B0073B180A	4.0
1599989778	3.0
B00F4LBUMM	1.0
0985762705	5.0
B006QSKP0A	3.0
1442358424	3.0
148400938X	4.0
077832365X	4.0
B0070Y00M2	4.0
B004FN2CWW	5.0
0316067962	5.0
155583728X	5.0
1609283139	4.5
1606840576	4.0
0505525151	3.0
1455520810	3.0
B00820YRF4	3.0
1555837298	5.0
B005MMNZYE	3.0
B00394DSRG	5.0
0345534506	4.0
0316013269	4.0
1939392802	4.0
1400106656	4.0
0060590297	4.0
0452281903	5.0
0307595129	4.0
B002NOGFHS	3.0
1596328363	4.0
1741798442	4.0
0373776780	4.5
1936305232	2.0
B005H2SYEU	5.0
0778326705	3.0
0373210183	4.0
0425233820	5.0
0991677196	5.0
0446617679	5.0
B00DLIH8IK	4.0
1627982620	5.0
0747564051	4.0
1934531812	4.5
B003Z0D08G	4.0
0765363046	3.0
B00A8PD37E	5.0
1442403470	4.0
B004KZOR8W	4.0
1602608903	4.0
B003E3603Q	3.0
0140621199	5.0
B009641XIO	2.0
0399166181	2.0
147922801X	5.0
0786838922	3.0
0857662651	3.0
125005236X	4.0
B0049H8WDW	4.333333333333333
1494214520	3.0
0062006207	3.5
1609283112	4.0
0515126993	3.0
0553808036	Infinity
147920711X	2.0
0441013686	4.0
0345517199	Infinity
B008B0EFMU	3.0
0316127183	5.0
1613722494	4.0
0671008145	1.0
0671211293	5.0
1607377454	4.0
0399244913	5.0
B003E3604U	3.3333333333333335
0425233839	2.0
0547341261	4.0
0786838930	4.5
0425211606	5.0
0373656181	4.0
0373775458	3.0
037377544X	3.0
0778313425	2.0
0989460517	4.0
044101366X	5.0
0307595110	3.0
0988275708	3.0
1935703641	5.0
055329783X	4.0
1609283104	4.5
0446543837	3.5
1936305208	4.0
B004S7JCYG	3.0
0316127191	5.0
0425220540	5.0
1615810579	4.0
0671034413	4.0
0425266745	5.0
B004HO63FG	5.0
0803493665	1.0
B005SIISYO	3.0
1607377462	4.0
0425240134	4.0
034552120X	1.0
042519941X	4.0
0451221028	Infinity
B00FQ7O648	2.0
0843955678	3.0
0375834206	5.0
0451464443	5.0
1402229410	4.0
1402229402	5.0
B00LLDYYIE	3.0
0345521226	3.0
B002VECRAE	5.0
1933440171	3.0
0425224058	4.0
042522404X	3.0
B0069WED6K	4.0
0316122351	5.0
0373772386	5.0
B00AOX1FIY	2.0
B004HFRKMA	4.0
0743466500	3.0
0061957895	5.0
1475094965	4.0
0515147001	4.0
0330490699	5.0
0553374451	Infinity
0373125909	1.0
0515141704	1.0
0971708967	4.0
1455508322	5.0
0765365669	4.0
051513631X	4.0
0425229734	3.0
0758215339	2.0
0778326756	3.0
0985324708	5.0
1402284284	5.0
0385530528	4.0
B00811WV0M	2.0
1420111795	5.0
0967936128	5.0
B008BJ252S	1.0
B00I92F2VS	3.0
0345533232	5.0
045146009X	4.0
0380807351	4.0
0356500209	4.0
B00ETEB5QQ	-Infinity
0062024035	4.0
B009RAZ9AA	4.0
1605045411	3.5
0670256536	3.0
0441014100	4.0
B00KQX674O	3.0
0982314086	4.0
B007NBCCA0	4.0
031294361X	4.0
0312544324	3.0
0425204421	2.0
0451222385	4.0
0373775431	4.5
0425201392	Infinity
1607991845	5.0
1439148015	4.0
1466324821	2.0
146639644X	4.0
1416547134	4.0
0758228651	5.0
0356500217	5.0
0988903407	4.0
0373802641	3.0
0099481685	3.0
0615749623	4.0
0451419057	5.0
0765318415	4.0
0425229718	4.0
156970886X	1.0
0425233804	3.5
1416531645	3.5
0373295987	4.0
1402237014	5.0
055389787X	5.0
0385734360	4.0
0316039012	4.0
1402243758	1.0
1613723717	4.0
1490504796	5.0
0451214773	4.5
0399153721	5.0
1118167287	2.0
B003ZK55WU	4.0
0373802633	5.0
0547223250	5.0
0743463447	4.0
0671024248	3.0
0991832507	5.0
162411024X	4.0
B00IZR0FI2	5.0
1599989700	4.0
0778326780	3.0
0439280451	5.0
1416531637	3.5
0373772327	5.0
0761462724	3.0
0312626681	4.0
1416978003	5.0
0738713708	NaN
082177039X	3.0
B007A451OE	4.0
0991686004	3.0
0312312431	3.0
0312986769	4.0
1550223852	5.0
0441016766	4.25
0062024027	5.0
0373802625	3.0
1493600915	4.0
0425115801	4.0
1933440120	2.0
1493782959	5.0
B00D749D1I	5.0
0345521277	NaN
B00811WUNA	3.0
044640053X	5.0
0373772335	1.0
0425186180	4.0
0615301053	4.0
1615812334	4.0
038533947X	3.0
0802405584	5.0
1615812350	3.0
0743463420	5.0
1609283198	3.5
0060573775	5.0
0399159010	5.0
0441015468	3.0
1492373877	5.0
0061236780	4.0
0778325474	1.0
B00LXLACZS	3.0
0781410428	5.0
B007Q2MKF8	3.0
1420117068	4.0
0802405592	5.0
0451459903	4.0
0345533283	4.5
0425224074	4.0
B00DT93NM6	5.0
0765365650	4.0
0778328503	2.0
1626227217	3.0
1550229184	5.0
055358670X	Infinity
0842340971	2.0
0373072139	4.0
B00C76DCVO	5.0
1421559048	3.0
1609280911	4.0
0425215113	5.0
0373880979	4.0
B003MAKXL6	3.0
0385738757	4.0
0060779381	5.0
1410402134	4.0
0812551028	5.0
0373292031	5.0
B004D9FXDI	4.0
1477436820	4.0
1477817468	2.0
142381942X	5.0
B00BFETCEA	4.0
193595332X	4.0
0385738749	4.0
0451222350	4.0
0553573411	5.0
1451626339	5.0
B000R93D4Y	2.0
0312385846	1.0
0060852550	4.0
0425213447	4.0
1608444333	4.0
0984679456	4.0
1416978836	4.0
1439182795	3.0
1481875418	4.0
1440552703	4.0
1934166510	3.5
0786015004	3.0
0385743564	5.0
0425213439	4.0
B00CULFBGK	3.0
B005KISZTK	4.0
0451460596	5.0
1496152646	5.0
0330449605	2.0
0061719544	5.0
B007R5JA9S	4.0
0062014536	4.0
0373802021	3.0
1118554809	4.0
1470010151	4.0
0449001709	4.0
1934081086	4.5
0765320703	5.0
0312187106	4.0
1934166529	5.0
0373483384	5.0
0062103237	2.0
0062026518	5.0
0425226743	4.0
0142411108	3.0
B00ITU5Z7G	5.0
0615717764	4.0
0425245047	2.0
1416994084	4.0
0515148148	4.0
B001BRD238	5.0
0345468694	4.0
B00BANON2W	3.0
1627983341	4.0
1937551903	4.0
061570445X	4.0
B004AYDC6G	1.0
0451462327	4.0
031262168X	4.0
1451650051	2.0
0425226735	2.0
0553590448	4.0
0993737048	2.0
0062117858	5.0
0307455513	4.0
0307341542	4.0
044657161X	4.0
0373694504	4.0
098902329X	5.0
0425157628	4.0
0373832710	5.0
0758231660	5.0
B00CRUD8CI	1.0
1416563687	5.0
0060737581	3.0
0615290086	5.0
1250006082	-Infinity
006093493X	4.0
B00E6BVRTW	2.0
0312986033	5.0
0446571636	4.0
B001OWY7GG	4.0
0515115266	4.0
0061684309	5.0
0985030240	5.0
0701181850	3.0
1419964585	4.0
0451220897	5.0
0061345717	5.0
0307341569	5.0
0316002925	3.0
0312872089	4.0
B00B77TD6M	5.0
0345476255	1.0
0385730284	4.0
0738707775	4.0
076535716X	4.0
B007JCPFGG	4.0
0451463676	3.0
0765357178	5.0
006213308X	4.0
1416541446	5.0
0451210689	4.0
B009S58CTE	2.0
1905636466	5.0
034543577X	5.0
0760711070	5.0
B00E63UOX0	3.0
B007HBKZOQ	3.0
0385734638	4.0
006180827X	2.0
0399143874	2.0
B00FLKR9BW	5.0
0373255632	5.0
B00HIIGU8S	5.0
0763614211	5.0
0307452468	2.0
189206524X	5.0
0843957662	4.0
1451606796	3.0
042523567X	3.0
B00BQK9C7A	3.0
0099740915	5.0
0385730292	5.0
1419968939	4.0
B0060OTB96	5.0
1908844019	4.0
0765362511	4.0
0956642209	3.0
B007FEFDHE	4.0
1416537325	3.0
0399155848	5.0
B00JJZTMGA	1.0
B00322OP86	5.0
0743428617	1.0
0843956348	4.0
0449001717	3.0
0756406668	5.0
0553294903	4.0
1494254182	5.0
0425233030	3.5
1481268503	4.0
1423134540	3.0
B006Z1GKXO	3.0
B00KI3TEOM	3.0
0373773838	3.0
B00FN2JAKG	3.0
0805094342	5.0
0758273479	3.0
B005CHQY24	5.0
0425192008	5.0
1419955640	4.0
072786792X	4.0
1481231235	4.0
1561643726	5.0
0425233049	4.0
1894663756	NaN
0843955007	3.0
0061345725	5.0
B00A6300OM	3.0
1615814140	4.0
B004WT6IKQ	4.0
0985030208	5.0
1603701931	3.0
1480162310	3.0
0749080973	4.0
1934166502	3.0
1611188296	4.0
1416513353	4.0
1935192671	4.5
0843957670	NaN
042522239X	1.0
0140254137	5.0
034552621X	3.0
1423121295	5.0
1451649916	3.0
0425234304	4.0
0553579231	5.0
0451220854	4.0
1595143173	5.0
B004K1F0GO	5.0
B0088NGZWI	4.5
1401301037	4.0
0758232101	1.0
1933963808	3.0
0615769802	4.0
0758225814	3.0
1416513329	3.0
0984422943	4.0
0553573926	5.0
0373125577	1.0
1602729654	4.5
B0087OXSS2	2.0
1493788868	4.5
0345446496	3.0
B00GCS4FCS	2.0
1595143181	4.0
1602729638	3.0
1250045630	3.0
0857206931	3.75
0425223639	2.0
0515127299	3.0
0451407539	5.0
1560257547	3.0
1442423668	5.0
045122616X	5.0
1439176043	3.0
0451226178	4.0
0307736245	2.0
0385335881	3.0
1402236980	4.0
0451459539	5.0
1460989880	3.0
B00C5TUFEK	2.0
0515118370	4.0
0373802099	3.0
0446556823	4.833333333333333
0515144622	1.0
0451461878	5.0
054537099X	4.0
0312383282	1.0
1937058182	5.0
B002DOSBOS	3.5
0765362503	5.0
1451612648	4.0
B00EXOFDVU	5.0
0985220503	4.0
1933389850	4.0
1416589430	4.0
B00C1NCUL6	5.0
0446605514	5.0
B009FDMCU4	4.0
B00BQEFTPK	3.0
B00L19CQPG	5.0
0446556815	3.5
B008R1YJV0	4.0
0505526190	4.0
1442423692	5.0
B00D1A2F1S	5.0
1416953582	4.0
1423121287	4.0
0425234339	1.0
0060929510	4.0
0451407520	5.0
0988230232	3.0
0312541864	3.0
0330411845	4.0
B00HQRGQV2	2.0
0778322734	4.0
B0059JGY6G	4.0
1416589422	3.6666666666666665
1484130065	2.0
0440244315	3.0
1631050826	5.0
B009LXOJ2C	4.0
0312594410	4.0
0345386213	3.0
0452283485	4.0
1560235330	4.0
B00BV308E8	5.0
0763660108	3.0
1603704116	3.0
B004RQA6Q6	4.0
0340953950	3.0
1608200264	4.5
0671692658	5.0
0385752466	4.0
1934166553	3.0
0451228782	4.0
0984422900	4.0
1940887135	2.0
0985030275	4.0
B00I0UWJEW	3.0
B00CMRQEMM	2.0
0553591711	3.0
044022828X	5.0
0425243214	4.0
0975561812	5.0
0007205236	4.0
B00D7Z4FW4	4.0
0312583753	4.0
0843956399	2.0
0739319418	2.0
0758231687	4.0
B00770DHGK	5.0
1937957365	4.0
0316051926	5.0
0615598668	3.0
1906590346	4.0
0312277164	3.0
0802734375	4.0
0738736244	4.0
1934166561	5.0
1416589449	5.0
0985030267	5.0
0545141966	3.0
0373776012	4.0
0061429899	4.0
0425223671	5.0
0425235610	4.0
1623420008	4.0
1492201189	4.0
1453774807	5.0
0061449466	1.0
1608204642	4.0
0545123283	4.0
031235164X	5.0
B006WW0212	4.0
1463698402	3.0
074347628X	4.0
1491041781	5.0
0763653861	4.0
B004NSVQ6M	3.0
0778328082	4.0
044655684X	3.0
B00DNMRWFI	4.0
0312351666	5.0
0761452354	5.0
0425211673	Infinity
1439136807	4.0
0061449474	1.0
B00EZ4KO3A	5.0
0515129062	4.0
0553502719	4.0
B00BTIDW4S	4.0
B0075ZFBQG	3.0
0425160394	4.0
1573443662	5.0
1466359307	4.0
1555834701	3.0
B008MOOT26	2.0
1490972684	4.0
0061012955	4.0
B0012W11BM	5.0
1935661906	2.0
0373776039	4.0
0345505387	2.0
0345478916	4.0
1611940486	5.0
1591823323	5.0
0440246113	Infinity
0061138010	3.6666666666666665
0230700101	5.0
0575081384	5.0
B004G08WO6	3.0
0425232646	3.0
0451464168	3.0
0545123267	4.0
0765317087	2.0
1419961551	4.0
0765354020	5.0
0312205406	5.0
0843963581	4.0
0375833641	3.0
044101819X	4.2
0451228863	4.25
0765311771	5.0
0312364105	2.0
0441009239	4.0
0425196453	5.0
1613720114	5.0
1940250021	3.0
B00E3DWAQM	5.0
B00HRL6E1Y	1.0
B001KYC1U2	4.0
1484125460	3.5
0765354012	3.0
B00AVAV5JE	3.0
1607778661	3.0
B009L3I0IQ	4.0
037324844X	5.0
0061057053	4.0
0373802935	5.0
1462111564	4.0
0446616273	4.0
0345486528	-Infinity
0441002617	4.0
B008CGJTJ2	5.0
0312374399	3.0
0061974056	3.0
B008YYKQ1M	Infinity
0786227478	5.0
0505524384	3.0
0312939620	3.5
B0088FM04S	2.0
0373777329	4.0
0425206335	4.0
193453109X	4.0
0061138037	4.5
076532377X	2.0
1557738661	3.0
0451211162	4.5
0373802927	3.0
0312364121	5.0
0446616265	5.0
0756401720	4.0
1607374021	4.5
B00H7H190O	1.0
0805092528	3.5
0312252617	5.0
B003TLMNA2	4.0
0140386882	4.0
059527014X	4.0
0425206327	5.0
0979476941	4.0
0578041790	5.0
B003IWOC24	5.0
1586086839	3.0
1626490252	3.0
1612131158	4.0
0821780948	3.0
0765368676	5.0
B00KHGDPZ4	5.0
0345486544	4.0
1416559639	5.0
B004V9GFJQ	3.0
0060788380	4.5
B0040ZN224	4.0
1609288947	3.0
0071383832	2.0
0312306261	5.0
0375828249	4.0
0765356643	4.0
1420894609	3.0
1492803545	3.0
0140071075	5.0
0451236440	5.0
B008YXE3GC	3.0
1615810668	4.0
B00322OPEU	4.0
1463513267	5.0
1608201635	4.0
0739423819	5.0
1481973975	2.0
0505527448	4.0
0609608924	5.0
0373775571	4.5
0739438069	5.0
0440244366	4.0
0505526115	4.0
0345505336	3.0
0758213867	3.0
0425229025	3.5
0340825588	4.0
B00BQMEIWC	3.0
0515146471	4.0
0765356635	3.0
1455576506	4.0
0804118272	4.0
0671723413	4.0
0451207947	3.0
0821774247	5.0
0575096438	4.0
0373802900	5.0
1934531936	2.0
0615785824	4.0
1402236948	3.0
B003UV8ZBW	3.0
B00HEGTMA2	4.0
0983292507	4.0
0615493645	4.0
0758213875	2.0
0142404063	4.0
0505527472	2.0
0062190423	3.0
0886773865	3.0
0765354004	5.0
B00BCRVGDA	1.0
B00BBWTI36	3.0
0316036242	2.0
0425274462	3.0
0451412907	2.0
0451235134	3.0
0307394999	3.0
0778312445	4.0
0060595833	4.5
B006E88OM8	5.0
0981508480	5.0
0060779411	4.0
0451459628	5.0
1481046675	2.0
1593155549	4.0
0515138851	4.0
B00G2UXCI4	5.0
0316036234	2.0
0765356651	4.0
1401310893	3.0
1416955208	4.0
014242935X	5.0
0345486501	Infinity
0767903595	4.0
042518756X	3.5
0425221997	4.0
0373293089	3.0
0785168001	3.0
0425264203	4.0
1401322875	4.0
1466287063	3.0
B00K6YYJAC	4.0
0385351852	3.0
0425198219	4.0
1439137293	4.0
0449149080	3.0
193973200X	2.0
0060734558	5.0
0613173538	5.0
1565049462	5.0
0758266383	1.0
044024434X	4.0
B007Y391W4	3.0
0425198243	2.3333333333333335
0689867441	5.0
B003XYEBS2	3.0
B00DOPMQ1E	5.0
0425230864	3.0
B00IOVI88S	4.0
1617060380	3.0
0821775529	5.0
1455599255	4.0
0061351520	4.0
1455578312	2.3333333333333335
B005CX8RGE	5.0
1603180060	4.0
1481822853	3.0
0505526956	1.0
0679760806	5.0
B00D5D2ECQ	3.0
0425241513	4.0
1466263938	3.0
0156167689	5.0
0373291256	4.0
0373776861	4.0
B005078OKG	4.0
0778325776	4.0
B0070F2C2C	4.0
0575096470	3.0
0061687324	5.0
0451461045	4.0
0981875203	5.0
0425239209	3.0
1603701958	5.0
0385341636	4.0
146101090X	5.0
0441015999	4.0
B009GJLY4C	4.0
1402261039	3.0
1934531057	4.5
0553563793	4.0
0545427630	5.0
0060734574	4.0
B004RQ84R4	3.0
0061351504	4.0
B001DBEQC8	3.0
0761461329	2.0
B008GE7AP0	2.0
0425263770	1.0
0451220072	2.5
0373776853	4.0
0345507940	4.0
073949547X	4.25
B004LGS7WC	5.0
1416571353	4.0
0451225767	4.0
042517428X	3.0
144235948X	3.0
1455517380	4.0
0741453959	4.0
0553563785	5.0
0312965974	5.0
0425169707	3.0
161581552X	4.0
0061969559	2.0
1416550410	4.0
0142427551	5.0
0061687308	5.0
B00GQHCBI0	5.0
1477849114	5.0
1420108697	4.0
0345420748	3.0
B0049P2028	3.0
B006NQDE94	3.0
B008EF2I3K	4.0
1416563725	4.0
1603181385	4.0
1401312632	4.0
0374380740	5.0
0441014690	4.0
0758231709	4.0
B004WG5C8I	5.0
1615815546	4.0
0062018965	5.0
1461010934	5.0
0312866240	4.0
051514956X	5.0
B008L0B7W6	4.0
B004XRAOB6	2.0
B007QUQXTO	5.0
0743579631	5.0
1615813780	4.4
161109948X	3.0
0143145347	5.0
1453774025	2.0
1627982116	4.0
1614954607	4.0
0989023273	5.0
0515148245	3.0
0451233328	4.0
0060525118	4.0
B00311JU9W	4.0
0988408007	4.0
0310721431	4.0
141655176X	4.0
0312908512	4.0
B00HTP1L7K	4.0
1572937459	5.0
B007YJ3JV2	3.0
0385341679	4.666666666666667
0451461088	4.0
0061118451	3.0
B00B6BRCL2	4.0
0441017738	4.0
B0080RBQL2	3.0
1442453443	4.0
1482548569	3.0
0821780085	5.0
0425238792	5.0
B005WASTQK	4.0
1936305747	4.0
0615432662	4.0
B0043EWX5Y	4.0
0440129265	2.0
0345486560	2.0
1933440007	4.0
1606592661	4.0
B00DXJ77EW	4.0
B002U0M524	5.0
1452897905	2.0
0451225724	5.0
0980101883	4.5
1402240104	3.0
B00G8IJ75W	2.0
1401941672	3.0
0553386778	5.0
1416597980	5.0
1492267791	3.0
B00CK55RJ2	4.0
B00AGFI0RE	4.0
B005GI09IE	2.0
0811879542	5.0
0843952016	3.0
0375831002	5.0
0373772467	3.6666666666666665
1416551786	2.0
0981875262	5.0
051514519X	4.0
0061138061	5.0
B00633W62I	3.0
1456566997	4.0
B005AK44I4	4.0
1463655274	3.0
0425241505	4.8
0062026542	5.0
0385341652	3.75
0312531583	5.0
1627984747	4.0
067103412X	4.0
0312590989	2.0
B00EDDBT9G	3.6666666666666665
0061992763	1.0
1605047740	3.0
1615815503	4.5
B00AM5Z2XI	3.0
0312383304	4.0
B004ISLQCG	4.0
B008EMA9LG	4.0
0547738501	3.0
0312599102	4.0
0615957315	5.0
1608203212	3.0
147018785X	5.0
B00580VBGY	2.0
0312426119	5.0
0821772414	4.0
0765337487	4.0
1479218839	1.0
0373039859	1.0
1493700960	3.0
0671024051	5.0
0451230132	4.0
1586649566	2.0
0142001740	4.0
0802135196	5.0
0345504968	2.6
0451229150	3.0
1596910429	4.0
0515150363	3.0
0060751967	4.0
0373803230	3.0
0345535227	4.0
1609282914	3.0
0821780042	4.0
0759224420	3.0
1603818049	4.0
B004NEW59S	4.0
0765312182	3.0
B00CX5V74I	3.0
B00HS5DYDA	4.0
0061672475	5.0
0316603287	1.0
0515115126	3.0
B007OPIK06	3.0
0440242673	4.0
0425224201	4.0
0843962917	4.0
B00EZYNWWA	2.0
1605047082	4.5
1420100904	5.0
0756403472	4.0
0743470036	4.0
B0093U6ZCU	3.0
0451223861	3.0
1475166966	2.0
0373803222	4.0
0310724392	5.0
0312383320	4.0
1423121317	5.0
0441019633	3.0
0451234510	3.5
1934166413	4.0
0451235843	3.8333333333333335
0441015271	5.0
0373291434	4.0
0778328783	4.0
0316002860	3.0
B002TG4MQG	4.0
082178000X	2.0
0515150355	4.0
1615816003	3.0
0451222547	4.0
0843956259	4.0
0441008968	3.0
0886777356	3.0
0615785123	5.0
0778314154	5.0
0312551371	5.0
0615610137	4.0
0762439351	4.0
B002NKLNJW	3.0
1480180289	4.0
1597480444	3.0
1461191009	4.0
0515141402	5.0
0142300942	2.0
0515116475	5.0
0061349178	3.0
006088732X	2.5
0312949197	4.0
1615815562	4.0
0061958034	3.0
0615785131	5.0
0425217965	5.0
1426733437	5.0
0743575318	4.0
1594260869	4.0
0373803206	4.0
0553589598	3.0
0451201612	4.0
0062136003	3.0
B00C4X562S	4.0
0143142356	5.0
0060765704	4.0
1402251653	3.0
B007JC6U1U	1.0
0099493497	3.0
0451232755	4.0
0984531106	3.5
0307716546	4.0
0061147958	5.0
B006FZIT4I	3.0
0373618018	2.0
0684836270	5.0
0425217957	5.0
B00BXNM9QG	3.0
0312949189	5.0
1481962280	4.0
1937007588	5.0
0060853972	5.0
0886774268	3.0
1416989412	3.75
0425242099	4.0
055338483X	4.333333333333333
0143142372	4.5
059680427X	2.0
1470165627	4.0
1453722661	1.0
1439190259	3.0
0380765667	2.0
B00DRPWKG2	3.0
0060975598	5.0
0373600739	5.0
006443205X	5.0
145550372X	3.0
0743451716	4.0
1481020838	5.0
0425216616	-Infinity
1935546171	3.0
B00427ZIIG	4.0
0984499318	4.0
0764552023	3.0
1605047910	3.0
1452864284	5.0
073935650X	4.5
0316182540	4.0
0316035718	4.0
0441020658	2.0
0385733208	3.0
1615814248	4.0
B00E9BEHVO	4.0
1469998017	5.0
B00AXMRJPE	NaN
1419951165	1.0
B00BSX4U04	4.0
0765328526	2.0
0345527682	2.0
0142428949	Infinity
B00A7LJNS2	1.0
0425217930	2.0
B006RCLGTY	4.0
0151003378	5.0
1478295864	4.0
1420108891	5.0
0316056634	3.8
0515145807	3.0
0312649916	5.0
0743436105	4.0
B00AT32V50	4.0
1603708456	4.5
1615818618	4.0
1416989439	3.0
1892065169	5.0
B00B75Q58S	2.0
0451239350	4.5
0545087244	4.0
0451459652	5.0
1939173590	2.0
0399154450	4.5
1933389958	3.0
0441017029	4.666666666666667
097977733X	4.0
B00589WQRS	3.0
0451232712	2.0
0425217094	3.6666666666666665
0984531149	4.0
0061238260	4.0
0425208141	5.0
0441020674	4.0
0440244447	4.5
0425229068	4.0
042522905X	4.0
1402211570	3.0
0312650094	5.0
0425234436	4.0
0451408993	4.0
0373210027	4.5
0545087236	4.0
0857201360	5.0
0061958069	5.0
1615817395	4.0
1419956809	4.0
B00BRVFRRM	4.0
0312944373	5.0
0385342047	3.0
0451461967	5.0
0345531701	5.0
0061783137	2.0
0425230074	4.0
155152502X	3.0
B007XAFER4	4.0
042521706X	5.0
160370356X	5.0
0751552615	3.0
B00AH8SSGS	5.0
0425201503	4.0
045123801X	3.3333333333333335
B00CIY33KU	2.0
156512250X	3.5
1416590544	3.0
0778329224	4.0
B008H7HHVS	3.0
044024577X	2.0
0758232004	3.5
1250002672	4.0
0615718353	5.0
0756409616	5.0
0451461991	4.25
0061783161	3.75
0061002828	4.0
B004AYDJM8	3.0
0547232829	5.0
B00GANFU4W	5.0
1400108268	5.0
0451460669	5.0
1591823269	3.0
0843960361	3.0
0061345660	4.0
1595143068	5.0
1406332933	5.0
0141035005	3.0
0984531122	4.0
0698116763	5.0
B00LFW9MR4	5.0
0505528010	4.0
1595143084	2.0
0451403282	4.0
0471214620	5.0
0425238814	3.0
B004U7FDN8	3.0
0979777356	3.0
1600541208	3.0
1426731604	4.0
1469984202	5.0
0061740063	1.0
B0083J6T2I	4.0
B008F4WOXY	3.0
B00BNADO4K	3.0
0373892241	5.0
0615928854	5.0
0373773927	3.5
0451232747	4.0
0505528002	1.0
0307716511	4.0
0843962968	4.333333333333333
0061783188	4.0
0671039180	4.0
1410423611	5.0
1573442437	5.5
1491296518	3.0
1935192701	3.0
B008ELNO8M	3.0
1933389990	4.0
0373776144	4.0
1250001315	3.0
045141523X	3.0
0373256205	2.5
0425208168	2.0
037377611X	5.0
034542302X	5.0
0451458370	4.0
0451228669	5.0
0330453866	3.0
B00BBMN2NS	1.0
B00BNRHNEU	3.0
0380713632	5.0
1450572375	5.0
0312970633	3.0
B00FIL335K	4.0
B00E89E050	3.0
0515147605	2.5
1453725776	2.0
0778322637	4.0
1425731686	5.0
0553576267	3.0
0843959339	4.0
1416974334	3.0
1491065621	5.0
0316068675	3.0
1470091666	4.0
B005CIRTSG	3.0
0553588206	5.0
B00BYFA1LS	NaN
1416509135	2.0
0988391317	3.0
0440245710	5.0
B004G5ZSJ8	2.0
B008GWOGF4	4.0
1484156587	4.5
0821774182	4.0
B0043M4SAY	3.0
1481867024	4.0
044657788X	4.0
0061783196	4.0
075640830X	4.0
1416520392	5.0
0843962976	4.0
B00AA11SU0	3.0
0312349483	4.0
0765359642	1.0
0971661189	3.0
0451463722	4.5
1416524754	5.0
B00B3YDF1S	4.0
1467973270	4.0
B0073V061M	4.0
0446528056	5.0
0316002895	3.0
0778322653	4.0
0312864523	3.0
044100945X	5.0
0312306342	4.0
1602021678	3.0
B00I82A8RM	4.0
0373774397	4.0
0307354164	4.0
0345348656	3.0
1621546284	4.0
1620612585	4.0
1400075637	4.0
B00C40AE0A	5.0
1609284666	4.0
B001RV3ON6	4.0
1460937104	5.0
1406330337	3.0
B005CWJK8E	3.0
B004UN6G2E	3.0
055358345X	5.0
1416520376	4.0
1603704949	4.0
0821775499	3.0
0689826842	4.0
0778329194	1.0
0743423615	3.0
146648313X	4.0
045122437X	NaN
0062019309	2.0
1479120642	2.0
0425218449	4.0
0441011675	4.5
0385326742	3.3333333333333335
1609285980	5.0
1482682729	4.0
0345348664	3.0
0451417054	4.333333333333333
0307461416	4.0
1605047880	5.0
0415207061	1.0
0743583884	3.0
0373695020	4.0
0441002730	5.0
0805092439	5.0
0312306326	1.0
0886776813	1.0
067179938X	5.0
B007OWO0YO	5.0
0743469844	4.0
1906590338	4.0
0441014739	4.0
0590554085	4.0
042525674X	5.0
037361764X	5.0
159883200X	4.0
1416520368	3.0
0143124544	4.0
0373802803	4.0
0425219763	4.0
1606599364	1.0
1451606931	4.0
B00DDGWXTY	3.0
B0089LOHAG	3.0
0307589978	4.0
0345517393	3.0
1607374145	2.0
0385335695	3.0
1606841696	4.0
0061138142	2.0
B00JYU798I	2.0
B002V1H2ES	4.5
1931686874	4.0
0425218422	4.0
0758204868	2.0
0373617666	3.0
0451200381	5.0
1419968084	3.0
0743476123	2.0
B00AS0EU5I	Infinity
0385334370	3.0
0062107496	2.0
B007Q4DC4O	5.0
0786867280	5.0
0505526220	5.0
0505527553	5.0
1937252442	4.0
B007XZRW6A	2.0
1442408928	4.0
0451459733	5.0
0449150194	3.0
084396037X	4.0
1402245777	3.0
B0091XZ4U8	4.0
0399250581	4.0
0451219821	4.0
055338404X	5.0
1938601009	5.0
1416971203	4.0
0312533497	5.0
006178320X	4.0
034538430X	4.0
1482669781	2.0
B00BTIDOO6	4.0
0553099485	5.0
1932470654	5.0
0765365472	3.0
042513525X	3.0
1455549002	3.0
0778321258	2.0
1615819118	4.0
0373774346	4.5
B0060NP4UC	4.0
B005CRQ38Y	4.0
1551667835	4.0
0307450732	3.0
0345501098	NaN
0451460715	5.0
1885865244	5.0
0425202917	4.0
1416520333	4.0
0060849916	NaN
0307710319	4.0
1615813829	4.5
149041245X	4.0
145281709X	1.0
0440244498	4.5
0312674996	5.0
0060845554	2.0
1402244428	3.5
1606840312	4.0
161372005X	4.0
0615828604	1.0
0765323621	2.0
0373774370	5.0
B00APKK5J6	3.0
0451207815	5.0
0399157468	3.0
0446618756	5.0
0441017800	4.666666666666667
160370101X	Infinity
B00BQLS8FQ	4.0
1569709521	5.0
148397829X	5.0
0618809082	5.0
1490412433	3.0
1466247991	4.0
161581079X	4.666666666666667
0425118703	4.0
1603703691	4.0
0988624524	3.0
0061624780	5.0
0425241696	4.0
160737417X	4.0
0738714844	6.0
1554048656	4.0
0505526255	4.0
0451460731	5.0
0345505433	5.0
0451458435	4.0
0553587889	4.0
0152063846	1.0
B004YWKA1O	4.0
0425223817	5.0
1402245742	3.0
0312387792	3.0
0373617623	-Infinity
0765348918	3.0
0446618748	4.5
1623005329	3.5
B00EIJ8FLK	4.0
1451533969	5.0
0505527596	2.0
0345505425	5.0
B001HQHCBQ	5.0
0312866321	-Infinity
1908312955	4.0
0345544110	3.0
0307405311	5.0
B00FUMPU1C	4.0
B00BFGG2VO	3.0
B0071CGJMS	3.0
0060540672	3.0
1595142517	4.0
0385337493	4.0
161581695X	5.0
1613726198	4.0
0061667854	3.0
1466365951	5.0
0553577603	4.0
1934813362	4.0
B00BN8VOWG	3.0
0373776985	NaN
0547194919	4.0
1613720874	3.6666666666666665
0985236744	4.0
1452662673	4.5
B004UHYPZK	4.5
1934531170	3.0
0805090649	3.0
0441017819	5.0
0553584715	5.0
0373771290	4.0
160928206X	5.0
0515145068	5.0
0425214001	5.0
0375714200	2.0
0062026488	4.0
1595130543	4.0
1402251564	3.0
1596328576	4.0
1600061311	5.0
B005M1OP9Y	3.0
0312938497	5.0
0385336179	3.0
0425229971	5.0
1623803535	3.0
0553384031	5.0
0312949170	5.0
0425232700	4.0
1934531146	4.333333333333333
006226768X	2.0
B0058UVIS0	4.0
0345438167	4.0
B007JE1B1C	3.0
045123894X	4.0
0988363232	3.0
B00534M236	4.0
0615290116	4.0
B003FSTL54	4.0
1461142148	5.0
B00HFA3QPY	5.0
038532720X	5.0
0758273436	4.0
014242899X	4.0
0399159207	5.0
B00B8376JG	4.0
031604461X	4.0
B008CF3PMU	4.0
0385337477	3.0
0061147931	4.666666666666667
0373835701	4.0
1908312963	4.0
0061794708	3.0
0763625892	5.0
1461142164	3.0
0441017835	3.0
B007HOVTQ6	5.0
1933826673	5.0
0441013481	5.0
1416912045	5.0
0553592351	4.0
1478327138	4.0
1609282051	4.0
1442352965	5.0
0312360738	4.0
1607672006	4.0
0062200577	5.0
0451457951	2.0
0142414379	5.0
0061343811	3.0
0758204876	3.0
B00H5DODE4	2.0
0385737637	1.0
0615722350	4.5
B00BYEW02M	4.0
B00I15VL86	4.0
B003K16TME	3.0
1481909282	3.0
045123149X	2.0
1612180051	2.0
1416991689	5.0
0821781286	4.0
B00AQN3YD6	4.0
B00HD16MFG	3.0
0345372328	1.0
B00HNTQCCG	2.0
0553561219	4.0
B00BIY15AQ	5.0
B008OA1HPA	3.0
0875968341	5.0
0425207757	5.0
0312890001	Infinity
1453635041	4.0
B00D69AJEY	4.0
1601547315	4.0
1442358211	5.0
B00B8E2BNQ	5.0
145643733X	5.0
1423121309	4.0
1475118384	3.0
1477491406	4.0
B00DK44L8A	4.0
098357331X	4.0
055359236X	5.0
1494242354	3.0
0989305325	5.0
0451225600	1.0
B0031LJ57O	4.0
0373076746	5.0
B008E97SOA	4.0
0778314103	4.0
0975275615	3.0
1482027402	4.0
B00D9627O4	3.0
B004LGS79U	5.0
B00B8UBC8A	4.0
1402251599	3.0
0786003723	3.0
0312265840	3.0
0345504984	2.0
0312938489	5.0
037383571X	2.0
0689822464	5.0
B0038YXCWS	4.5
1595783938	4.0
0545040523	3.0
B003UESLV8	3.0
0451201663	5.0
1481939904	1.0
B00CGFEIM8	4.0
B00AYPR0LI	4.0
0446616176	4.0
0451233239	4.0
B005Z1CSM2	5.0
0312265859	3.0
1402292090	2.0
1455508586	3.0
0809557908	5.0
B002V1H2JS	4.5
B0088Q23F8	4.0
0142405450	4.0
B008JHXMZ6	4.0
B00LC9KZNK	2.0
0805091920	3.0
1439195870	4.0
031253275X	3.0
0312532768	3.0
0981943608	4.0
1420109855	Infinity
1416563431	3.0
1416502033	4.0
0141040343	5.0
B0055PBP0E	2.0
B00BN3042M	5.0
1420109847	2.0
1596323272	3.5
0385339151	3.4285714285714284
0374379904	5.0
B0095YE84Q	6.0
B00F12P6M4	3.0
0373796730	3.0
0312359322	5.0
1613725124	5.0
1416563423	4.5
B009149ENA	3.0
B001892DIO	2.5
1402224362	3.0
1466441186	5.0
0451234863	3.6666666666666665
B0042JSSE0	3.0
0312381239	2.0
1439195862	4.0
0743597281	5.0
0373775822	4.0
0373210515	5.0
0451460383	5.0
143912468X	3.0
B008I7KUJ8	3.0
0757315348	2.0
0778313174	5.0
075731533X	4.0
B00JUEWLFY	5.0
0312576366	4.0
1416562125	3.0
1416563458	5.0
0448060035	4.0
B002KFD0VY	4.0
0373086504	4.0
1441850457	5.0
1926647750	3.0
B00KVR0C3M	5.0
0385742495	4.0
0553592866	5.0
0821779397	5.0
0312979975	3.0
0316077062	4.0
042519485X	5.0
1402270275	5.0
0312381255	2.0
1496129628	5.0
0373775814	3.0
1602728925	4.0
0061561622	5.0
054784803X	3.5
B009BPUZOG	4.0
0141040378	4.0
1550229427	5.0
1420106791	3.6666666666666665
0062048503	3.5
1615810811	3.0
0374379912	5.0
0547553110	3.0
0385339143	3.0
0778326497	4.0
1938191072	2.0
0515142611	2.0
B00596V66C	3.0
1592797016	8.0
1402224346	2.0
034544356X	3.0
B0071G203Q	4.0
0671026321	4.0
0345443578	3.0
B002JGZAT4	3.0
1416576754	4.6
B001892DGG	4.0
0778329526	3.0
0984518452	4.0
1908910259	4.0
0451463439	3.0
B004Y73VBK	3.0
1615814353	5.0
0982294603	4.0
B00436EZGC	4.0
0452258200	5.0
0373802234	5.0
1445275740	5.0
0425211061	1.0
0451231791	4.0
0425263908	4.0
1481881906	4.0
1419963015	3.0
B007YUJCN0	2.0
B003TU2I7G	4.0
0987704257	4.0
B00436EZGM	5.5
1599982595	1.0
0671004123	4.5
B00FIP9TEU	3.0
1477679995	5.0
0505522438	2.0
B008RCJ6TO	4.0
1461195535	3.0
1406337609	2.0
B006IDG2I2	4.0
0425245233	4.0
0312303785	5.0
0425269205	3.0
0821779370	4.0
0141339624	4.0
1611183626	4.666666666666667
0553280511	4.0
1426732236	4.0
B00B083LO8	2.0
160928173X	4.5
1416562133	4.333333333333333
1606012711	4.0
0451463420	5.0
044164449X	3.0
1894663977	3.0
B00ASBPT16	5.0
0060245867	5.0
0062020188	NaN
B006BC05R4	4.0
B006I2RN9U	NaN
1416913270	4.0
0671004131	4.5
055358393X	5.0
0316001821	4.0
0307454894	4.0
1490487190	4.0
0758231873	3.0
B0083DHIV0	4.0
B0055X0CVO	4.0
0385376111	3.25
0425246590	4.0
1470005867	4.0
0452282772	4.0
0425263924	3.0
B00AB7VNV2	5.0
0517548550	4.0
B003XRF0C0	3.0
1491021446	4.0
0062020153	5.0
0515133728	4.0
0060277475	3.0
044101626X	4.0
B007EAZRKC	4.0
055329380X	4.0
0373802218	5.0
0061083917	4.0
0991019784	3.0
1573447870	3.0
0553385607	4.0
1932480889	3.0
0739458213	4.5
076363090X	5.0
B005CKI3LQ	4.0
B00KIW8KN4	3.0
B005GQ7JHA	4.0
0553571087	3.0
1482660393	3.0
038533916X	4.4
0425246582	3.0
B00JCSTQ6K	1.0
0425225682	4.0
B00K6PXFN8	3.0
0441007317	1.0
1892065053	5.0
0821779354	4.0
0062085530	5.0
1461045401	4.0
0515154636	2.0
B0050PJOSY	5.0
0312421850	3.0
1420109863	4.0
0062064614	2.0
B00ES2GHDA	4.0
0441016278	4.0
0345518853	4.0
B0098EDAHO	3.0
0345459946	3.0
0553575430	5.0
0451411374	5.0
B005Z1CU7K	4.0
149365117X	5.0
1418481157	2.0
0425234541	4.0
1494386631	4.0
0805095411	5.0
148016514X	4.0
B00HWF6RFI	4.0
1935192868	4.0
1463513461	4.0
0615692532	4.0
1555835864	5.0
0316024597	5.0
9187173190	5.0
0743470338	3.0
1466219661	5.0
076145652X	2.0
0060738251	3.0
0061962686	5.0
0743471652	5.0
1250027624	5.0
1481836447	3.0
0451462939	3.0
0385263481	3.0
0451461606	2.0
1609365925	3.0
0758246978	4.0
0345517539	4.0
0312095511	3.0
0307455386	4.0
1594744637	4.0
1419953656	3.0
0451229444	3.8333333333333335
1432740369	4.5
0758220367	4.0
B00A1UEBFO	5.0
1484127919	4.0
B00A9A55YM	4.0
0061935085	4.0
0399231080	5.0
006196266X	5.0
0451461630	3.0
B00727EPQ4	4.333333333333333
0385738382	5.0
0970562942	4.0
1613722044	4.0
0143170090	3.3333333333333335
0345517547	4.0
0553586106	5.0
0425259862	2.0
0451229452	3.75
0307269868	4.5
0345517555	5.0
0761114009	5.0
146639384X	3.0
0758265247	3.0
0758220375	5.0
0061537934	3.0
B00457VITG	4.0
0425210545	3.0
B00AWST6W8	1.0
B0052EXDSK	3.0
1784300918	3.0
0062085573	5.0
1428511768	4.0
1470031248	4.0
B006WSQDGY	5.0
034551887X	3.0
B00COVGG9W	4.0
147674355X	5.0
1609288394	4.0
0425245225	4.5
0451230442	3.0
B00CD1B7M4	5.0
1477459057	5.0
0425217183	4.0
0451228138	1.0
161963144X	5.0
0060241497	5.0
0061965766	4.0
B0058OITSI	4.0
B00F8KAAC0	4.0
0553577255	3.0
0778322971	4.0
B005Z1C2X2	3.0
0373210574	4.0
0451460324	5.0
1476731535	5.0
B00CCRB40E	4.0
B003TFEPKE	4.0
039915521X	4.0
0988300001	Infinity
0778328295	2.0
1401922376	1.0
0451237013	4.0
0345534905	4.0
B00FFDTW42	3.0
1934030996	5.0
0399152199	2.0
0671521446	3.0
0446574473	4.0
0312945795	4.0
B0083DHIOW	4.0
0425243451	4.0
1603702180	4.0
0609611011	3.0
0749080787	5.0
0446543322	2.0
0060732989	5.0
0373210582	2.0
0425230155	4.0
1606843214	4.0
1560235586	2.0
0385338708	5.0
B009L9F2LS	3.0
1607352567	3.0
1420101080	1.0
1463765142	3.0
0439943922	5.0
1935192809	4.0
0446574481	5.0
0671521438	4.5
0778312712	4.0
0804117586	5.0
B00CELFI5K	1.0
1461184010	4.0
0373440049	5.0
B005NRFTK6	4.0
0373777582	5.0
0515124826	2.0
B0038QQGEC	3.0
0425242137	3.0
B00ICAUB22	4.0
0671670689	4.0
031612611X	3.0
0373210558	4.0
1608200043	3.0
0984672680	4.0
B009KFHSKG	NaN
1475079710	2.0
B0054LX3C2	2.0
0981943667	1.0
B00CC67V34	5.0
B009QM8M5I	4.0
0758265204	4.0
0743225325	3.0
0446540277	3.0
2952489904	4.0
0373770960	4.0
B0063H63KA	3.0
0061575399	3.0
0425213617	4.0
0312572891	4.0
B008IMRH4O	4.0
193755130X	4.333333333333333
B0062QD68O	3.5
0099463555	3.0
1555838073	1.0
0804119309	4.0
044657449X	4.25
1935192833	4.5
1460981723	4.0
1615810854	3.0
0671563262	3.0
0062209841	4.0
0399252819	4.0
0061651605	3.0
0446543314	3.0
B004T4LHGE	3.0
1250033470	5.0
B006OIRYTC	4.0
1605040908	4.0
0142419745	1.0
0312979088	4.0
0778325938	3.0
0385738404	5.0
0425217248	1.0
1402264372	4.0
0451407377	3.0
0821777548	4.0
162501080X	4.0
B003N3V61S	4.5
0451465261	5.0
0743276949	5.0
0684823691	4.0
0821770918	3.0
B00BNFJ7QE	4.0
0595385125	5.0
0451458958	5.0
0061438553	1.0
1595141146	3.0
0143170104	3.0
0375822739	3.0
0451412710	4.0
0373617763	2.0
B00CO4M80K	5.0
1416544364	3.0
1482016834	5.0
0821777556	3.0
0763635731	2.0
1439150036	3.0
0451196929	5.0
0441019285	3.0
0451465245	5.0
0307265439	4.0
0451238435	3.0
0802798225	4.0
031237982X	3.0
B00KCE1K2Q	5.0
0312379838	5.0
0765318164	5.0
161218295X	7.0
0981737285	3.0
162015434X	4.0
1612182968	Infinity
B00A2B8ODM	4.0
B0042P5GOO	3.0
1433673231	4.0
0778321584	3.0
1583940537	5.0
1442409096	4.0
1935540599	4.0
0446582069	4.0
1492182125	5.0
030790752X	3.0
0061438561	3.0
0671021435	2.0
0373617771	2.0
0451412702	5.0
0441011349	5.0
B00C2FIQC0	4.0
1410402460	4.0
0765327902	5.0
162649049X	4.0
1433673223	4.0
0982365101	5.0
050552547X	3.0
1605043192	3.5
1470040220	3.0
0991990218	5.0
0307711595	4.0
0061583073	5.0
0373777558	4.0
0060283246	4.0
B0070Y3GR8	4.0
B0096ZS4DK	4.0
0425235947	4.0
0425217213	4.0
1608610004	5.0
030797698X	5.0
B003T9US8S	3.3333333333333335
B005ZZJPVA	3.0
006057299X	3.6666666666666665
1481275984	2.0
0440223237	3.0
0307987647	5.0
0778313999	4.0
1416567038	4.0
1451636881	3.0
014241977X	4.5
0441010032	5.0
1600613195	5.0
0345493036	2.0
0451227727	2.0
0778312666	2.0
B00B45SZ1Q	4.0
0373295499	4.0
1482352915	4.0
0451204212	4.0
0758220391	2.0
B0086D3PM8	5.0
044100069X	4.5
0142429112	3.0
0794514529	5.0
B008120PT0	3.0
0312938500	5.0
0425241793	2.0
1610400534	5.0
0307932540	2.0
0689873514	4.0
0446679666	4.0
B00ED4WLZG	4.0
0515146234	4.0
0060898917	3.0
B005SGXPB2	1.0
B0076790LA	5.0
0425231526	4.0
1481906984	3.0
0061555819	4.0
0316096156	5.0
1937551253	4.0
159990554X	4.0
0007118937	5.0
0425209644	4.0
098322112X	5.0
0446679631	4.0
1402243456	3.0
0425231534	5.0
1610401891	4.0
1597896470	2.0
B00DKCZ9S8	4.0
0142418471	5.0
1476746532	5.0
1890862444	4.0
0515122270	3.0
1580054420	4.0
1609287835	4.0
B00BOTU4JI	4.0
0985661844	5.0
0399254609	2.0
0312858000	3.0
1607060760	4.0
1480285080	4.0
B00G6SISSQ	3.0
0449014460	5.0
0425264459	4.0
B004A8ZVRA	4.0
B00CO8WFBS	4.0
B004J8HWAK	4.0
1603704884	5.0
0060572973	3.4
B00AKN979W	3.0
B007BK45N0	4.0
0515143189	3.0
0307744434	2.0
0515147540	4.0
B00CJWRJU6	2.0
0312362153	4.0
0060572965	4.2
B003XNTZMA	3.0
1475043724	4.0
0061575429	2.0
1480010707	4.0
0505527235	2.0
044658469X	5.0
295248998X	4.0
0425240495	4.0
0373773102	4.0
037377575X	4.0
B00ATRJWT4	5.0
0373770073	2.6666666666666665
1606951033	3.0
140632132X	4.5
0425238105	5.0
1402294182	5.0
B00563Y5ZC	3.0
1470124327	4.0
0439139597	5.0
0451209028	5.0
0451224663	Infinity
B00C2RVQWA	4.0
1600940145	5.0
B00IGYE3BE	4.0
B009HHWLZ4	5.0
0446601853	4.0
B003TLMKQE	5.0
1611183669	4.0
0345506863	5.0
B007M0IBH0	5.0
B009GNV6DC	3.0
0758225245	4.5
0987507303	4.0
1605044415	4.0
1439153949	4.0
0062069403	2.0
B003WMA67A	4.0
1936034670	5.0
0373802307	5.0
1610261399	5.0
0505526727	2.0
1416986189	3.0
1401352081	3.0
0987507311	4.5
0553575538	4.0
0792268776	4.0
0060175400	5.0
1600850219	4.0
0060874163	4.0
141996920X	4.0
1937909557	3.0
0451412788	5.0
0451463498	4.0
1596326239	4.0
0441015786	4.0
0316081051	4.5
B005IUR488	3.0
0380808323	3.0
0385340990	4.0
0857868764	4.0
1477594523	3.0
1463692463	3.0
B0047DW7LG	3.0
0590452886	4.0
0553383051	3.0
B0078YGN5C	2.0
0373240317	5.0
0758225261	4.0
1466272619	2.0
0778313107	5.0
0981737226	3.0
037383036X	3.0
0615472907	4.0
0967303508	4.0
B009UKCN9C	1.0
0843964278	3.0
0983221189	4.0
0441013120	5.0
B0063W7GP6	4.0
1480217840	2.0
1615810099	5.0
1495358372	4.0
0425224384	4.0
0143117971	2.0
0446693065	5.0
B00F3RIHY6	4.0
B007Q2CBPC	4.0
1439101078	3.0
B00ID8MAFY	3.0
1483933695	5.0
038573798X	4.0
B00HK4E794	5.0
0446610771	5.0
0385476019	4.0
0451233573	4.0
B008SNZGY6	1.0
1455546925	5.0
1614950008	3.0
0425236366	4.0
0515075299	1.0
B002LZTEW2	4.0
0983203326	4.0
1423118235	3.0
B008IXPAGA	5.0
0312535716	4.0
B007Q2VJGE	5.0
B00AKT5R6I	3.0
0965834581	4.0
0441006841	3.5
0345456939	-Infinity
0515149349	3.0
0373775717	3.5
0312371926	4.0
B0099NYLFY	4.0
B003H05Y24	4.0
0981737242	3.5
1605043125	2.0
0764204440	4.0
0062002325	2.0
0425220842	5.0
B007FZVOLC	4.0
B004S2KGEQ	5.0
0385736681	3.0
B008IWO3H8	3.0
B00EHMNDJW	3.0
1591931053	5.0
B005Q13HO4	5.0
1400050073	4.0
0002216973	4.0
061555749X	3.0
0142407739	4.0
B00AAILDJ4	3.0
044023655X	2.0
0451224639	5.0
1622668030	4.0
B004EPYTAE	4.0
1907010807	4.0
B0071FNXWY	5.0
B008KP657E	4.0
0373750455	4.0
B004AHKD9M	3.0
0756405963	3.0
B008ELI5AE	Infinity
1456522736	3.0
0345456955	5.0
1442336587	5.0
0802798209	2.0
B0083UFDWE	3.0
0062048554	4.0
1603942351	4.0
1596327537	4.0
0758225229	4.0
1596327545	3.0
143367324X	5.0
0316010707	4.0
0060574747	4.0
B00JMXYYXK	4.0
B005XLPH3Q	NaN
B00CYKHQW4	4.0
B00BINBCBE	3.0
1935192035	3.0
B0042P5GVC	4.0
0425263991	5.0
0989465004	4.0
0440234808	2.5
B00A73LZ6I	5.0
1440570019	4.0
B007OALZAI	3.0
030793313X	4.0
B004VF69LY	2.0
B00BFDJPCK	3.0
B00A7GP5ZW	5.0
0399151583	5.0
006087421X	3.0
1596328835	4.0
0671785885	4.0
0980101867	3.5
1934531448	4.0
B00K2GUFE8	4.0
0451209788	4.0
B00530FDOA	4.0
B008M2IASW	4.0
1250024633	5.0
0425158624	3.0
B0080UVQIW	4.0
B0094A5GPQ	2.0
0373210663	4.0
0425241807	3.0
0715627570	3.0
0373775911	3.0
0399151575	3.6666666666666665
1575668130	2.0
0451460472	5.0
0142401668	3.0
0752858939	3.0
B0073WZ01C	4.0
160370776X	4.0
0615489621	5.0
0316037702	5.0
B005S5O5CQ	3.0
142010425X	2.5
B00GLANK4G	2.0
B0038089TI	4.0
0451460480	4.0
B004NIFKJQ	5.0
1449580696	4.0
0425225771	4.5
0615553028	4.0
0373775946	3.0
1490535438	5.0
1609284089	Infinity
0425236463	5.0
0515140783	2.0
0373210639	4.0
0425235130	3.0
1598161016	2.0
B003LST9GY	4.0
0425180336	5.0
1608204324	3.0
0425237796	4.0
1408800276	5.0
B003NX7BWG	3.0
0544022491	5.0
0515143812	4.0
1592401821	3.0
1439191379	5.0
B007UQU3VI	5.0
0385742371	4.0
1402229909	2.0
1419956655	3.0
1615816224	4.0
0843959541	5.0
077832768X	5.0
B005S6L6OU	3.0
0446563072	4.0
034544678X	5.0
0451464850	5.0
0881069744	4.0
0061935107	4.0
0515140791	3.0
0373484372	4.0
B004ZGOB8W	4.0
1420109936	3.0
1623803373	3.0
B003XRDC0W	4.0
0715627589	2.0
0843959533	5.0
0786851481	4.0
0843956445	4.0
042523469X	2.0
0373210612	4.0
147781650X	2.0
0886774012	3.0
B00HRWMK7A	3.0
0689821409	5.0
0441019412	5.0
044101769X	5.0
0595454828	4.0
0441015050	4.0
1401688357	4.0
0312945825	3.0
1451688997	4.0
141655159X	5.0
1615814469	4.0
0451213831	3.0
B005D1CDME	5.0
0312973071	4.0
1478720816	5.0
B00I0CUSE8	2.0
0425233383	4.5
B00EW7DHBG	3.0
0451222725	3.75
0441016367	5.0
1629214760	4.0
0553588044	5.0
B00L82KPYK	3.0
0373771525	3.0
0425227510	3.0
0684829746	5.0
B0085OFE8G	4.0
0312945817	4.0
030758836X	4.333333333333333
0140620303	3.0
1892145529	4.0
0345803507	4.0
0615771106	3.0
0441006116	1.0
0609602845	5.0
0765326574	5.0
1416580948	4.5
0060935723	3.0
0263887790	3.0
B00CCHSRPE	4.0
0553589377	4.0
0061008737	5.0
B00C3MCXW6	-Infinity
0060838582	5.0
0553589385	2.8333333333333335
0345530608	5.0
B00DQBOB0A	4.0
B00FB3MWNE	3.0
B003TU271I	5.0
1416913181	4.0
B00FCY77DC	4.0
0310293251	4.0
B007UJJNIE	4.0
1466422777	3.0
0385344406	3.5
0452285933	4.0
0373210604	4.0
0765313294	4.0
1420108654	4.0
0375501290	3.0
0312945841	3.0
1587369346	4.0
031073701X	4.0
0312945833	4.0
0312939167	4.0
1605040274	4.0
006076158X	5.0
1616148934	4.0
0425225798	3.0
0553588060	3.0
0765313286	5.0
1609287142	5.0
161372506X	5.0
1589790510	5.0
B00EW38V5M	Infinity
1441861033	4.0
0345500776	2.0
0345325818	2.0
1419965514	3.0
B000K06M6Q	5.0
B00APEXMJM	3.0
0316196134	5.0
025320691X	3.0
1478273402	4.0
0451461738	5.0
0441019455	4.75
146813437X	5.0
034550075X	2.0
B008IVED8I	5.0
1420105523	3.0
0307455491	3.0
1590515714	5.0
0441015093	4.0
1599904314	4.5
0545498619	3.0
0312934327	4.0
0778321509	5.0
B007Y09UDW	3.0
0373297351	5.0
0758278454	5.0
1416580956	4.8
0062021354	2.0
0615581927	4.0
1420105515	4.0
B007AARG8W	3.0
1423134494	3.0
0441020429	5.0
1439192634	4.0
0312934335	4.0
0898867312	3.0
0758232217	3.0
1414334095	5.0
1484890477	4.0
0380794829	4.0
0385336810	3.5
0451460421	5.0
060617110X	3.5
0525425926	3.0
0441012833	5.0
0312376871	5.0
0756405017	4.0
0425233359	3.0
0751513229	4.0
0316155608	5.0
1449593143	4.0
B005XO3B3G	3.0
0984418105	1.0
0385535783	4.0
B00J9U982S	2.0
0425184773	4.0
B00HCMLCW4	4.0
051512298X	5.0
0380776162	2.0
0425233367	4.5
0373125496	1.0
0985068302	5.0
034525712X	4.0
1560235683	3.0
0312376863	4.0
0738710180	5.0
0345517679	2.0
0385336829	3.5
0425217299	4.0
1250014409	5.0
1451657889	4.0
B00BQMLIL6	4.0
0062103733	5.0
1554531403	5.0
098565628X	5.0
0385730306	5.0
0441018130	4.0
1420106821	4.0
1935540653	4.0
0142414913	5.0
0451219945	4.0
1439178321	3.0
054545901X	5.0
0345500733	1.5
0751550213	4.0
B004O0UCN2	3.0
0977867048	1.0
0374316414	4.0
0451458125	4.0
0373210698	4.5
B0069E7ZYK	5.0
B0054QCKDA	3.0
0380811073	4.0
1493514075	3.0
0425213765	2.5
0425235955	3.0
073936474X	5.0
1455512079	4.0
0714531146	4.0
0345530667	3.0
1603707743	5.0
1420104241	3.0
1608201236	5.0
1938789040	3.0
0765327805	5.0
0451529014	2.0
0843946237	3.0
0738737224	3.0
1596437758	4.0
1611249201	4.0
0425246604	4.0
B00ABWN11C	4.0
1935192949	4.0
0143118498	3.0
0061031127	5.0
1594866139	5.0
0385729332	5.0
1461081882	3.0
B00CK51JT4	4.0
1401310915	3.0
0425251195	4.0
0756405025	4.0
0141337168	5.0
0141331860	5.0
0975088491	5.0
1402268661	4.0
B0091V9BPE	3.0
B0039LDIOM	4.0
1420104233	3.0
031613290X	5.0
098276751X	4.0
0425260909	3.0
0547330081	4.0
0743410599	5.0
0441018157	5.0
068985918X	4.0
B0046ZS296	3.0
1935597566	3.0
1423399269	3.0
034549573X	2.0
0062085484	4.5
1602728232	5.0
B00A3WKD66	4.0
0060843098	3.0
0679781382	2.0
0316001783	4.0
0312243022	2.0
1607374013	5.0
0615868401	5.0
1477648690	4.0
B007JL60BQ	3.0
B00C4BA44K	4.0
0736950613	5.0
0451226259	4.0
0399157743	5.0
1608202585	4.0
B003T9US5Q	3.0
B003GDFRYM	4.0
B006P1JO96	4.0
0425267563	5.0
1613725000	4.0
0385327935	5.0
0988208415	5.0
0804176663	4.0
B0071R3JI0	3.0
1433671646	4.0
1482030489	4.0
1573430226	4.0
014241493X	4.0
1416564071	5.0
B00GHQEKP2	5.0
0515118044	2.0
0451218663	4.0
0373802161	4.0
0373803494	3.0
0310727618	4.0
0451406990	3.0
1492868752	4.5
0553804863	4.0
0441012868	-Infinity
B00540AFGU	4.0
1477584196	5.0
0062103768	5.0
0061765546	5.0
054522490X	4.0
0060502959	4.0
1615810978	4.0
0373302258	2.0
1603702075	3.0
0143118463	3.5
0312872380	5.0
0451231619	5.0
0141331879	5.0
B00AJCBHLU	4.0
0441012779	5.0
1613724608	5.0
1439189870	5.0
0765348705	5.0
0553580183	4.0
0399155023	4.0
0886773520	4.0
B006J26WRS	4.0
1420103741	5.0
B006V5GWUA	4.0
B00J0CUNVA	4.0
B00AMT95FK	3.0
B007N6N5JC	2.0
0671778684	3.0
0983797870	5.0
0451226321	5.0
0758211368	4.0
0385340818	4.0
0373775016	3.0
038534080X	4.0
0425256960	2.0
0446578924	5.0
1456497170	5.0
0385340826	4.0
0061996181	4.0
1475156456	5.0
142011137X	2.0
1600377483	4.0
1439189862	4.0
0761461051	5.0
B00A81XZDA	3.0
097665461X	3.0
B00AIXB2TM	4.0
148390069X	4.0
1420103733	5.0
0312641893	4.0
0805089470	5.0
B00AEKCUZE	5.0
0778322793	2.0
0312980191	3.0
1626490392	5.0
0451464044	4.0
B00E56MGOS	4.0
0385335482	4.0
B00AQQXPWS	1.0
B00DR4XGUM	2.0
0451215648	2.0
B003YOSYYS	4.0
0385338511	4.0
1937551334	4.0
B00EX9RNIG	4.0
0425255662	4.0
B00B3CUSQU	4.0
0451225007	2.0
0451412826	4.0
B0060OTERA	4.0
0778313859	4.0
1937044378	4.0
0345497538	4.0
0441012795	4.333333333333333
1608200884	4.0
0425216020	5.0
0545044251	5.0
193630564X	5.0
1612351204	4.0
1608323684	3.0
B0082155UO	2.0
B0045Y269U	3.0
B000WCWUWM	4.0
0373125518	2.0
0425226298	1.0
037377768X	2.0
0373211058	4.0
0805073906	5.0
1461065712	4.0
0345414365	5.0
0425256987	4.0
1469982781	2.0
0380807742	4.0
160504329X	3.75
0061243418	1.0
1590210492	5.0
0615679722	4.0
0451216954	4.25
1470027399	2.0
B00H2ABFKK	4.0
1449561454	3.0
074352005X	4.0
044900256X	4.0
1250014492	5.0
042526890X	1.0
0061726826	4.0
0615793312	5.0
0373258593	4.0
0373774591	2.0
0425244946	3.0
B0088NH338	5.0
B004774YNG	3.0
0425251241	4.5
B005D5J0QW	5.0
0061934747	3.0
0985073608	4.0
0345437055	1.0
034553364X	5.0
162830118X	3.0
1420106813	4.0
B006V57YKW	4.0
030728090X	3.8
0373617828	2.0
0312341385	4.0
0778325857	3.0
B009U1OZ56	1.0
006172680X	4.0
1416524932	3.0
B00BIWKGIU	3.0
1419950509	3.5
0778312550	5.0
B007NA5LU4	3.0
B004TDN7SG	3.0
0061726834	4.5
055358894X	4.0
1470166283	5.0
006077407X	4.0
B00336EWC0	4.0
0441015832	4.333333333333333
1611249163	3.0
148230810X	4.0
B00CR2C1VK	3.0
1420106805	4.0
1105613968	5.0
1477589031	2.0
0007124015	2.0
0061477974	5.0
0142420891	4.0
B00DWWP0AS	3.0
1463610696	5.0
B00HO1NYDS	3.0
B00HQ6KV2S	3.0
0451223268	5.0
0425232980	3.0
0805082832	4.0
0989391922	3.0
1416585834	4.0
B00HZU3F0A	5.0
142010375X	5.0
B0086Y9MM4	Infinity
0446614165	1.0
B005MRA9O8	4.0
0345440676	5.0
0451223276	3.0
0765311437	5.0
0763618470	5.0
1462003907	1.0
0440244226	4.0
161581938X	4.0
0316196142	5.0
B00361EXIA	3.0
1920441123	4.0
0451459520	4.0
0061934739	3.0
B00DB5HDRY	3.0
0821778706	3.0
1461099900	5.0
0451227638	1.0
0989869016	4.0
0425216047	4.0
1416520554	5.0
0515135453	3.0
0345440668	5.0
0843951699	3.0
B009B56MFW	3.0
0843950366	4.0
0440223318	3.0
044900127X	4.0
0380820749	3.0
097122207X	5.0
0316027413	3.0
0061996165	4.0
0615479456	2.0
B00EXTVSHI	5.0
1477848150	5.0
B00FLDTW3W	4.0
158314773X	1.0
B00CGFCEHY	4.0
B00AA0G9G4	Infinity
1605043214	4.0
B008CX0C8M	3.0
0441015891	3.75
0989391906	4.0
0312674724	5.0
044640098X	4.2
1416524908	3.0
B004A14RI6	2.0
0425240541	5.0
1439153825	4.0
0425207951	3.0
148119108X	4.0
1426732279	5.0
0425214249	5.0
0778312593	4.0
B007H3JCI4	3.0
0316213101	3.0
B00546CZMQ	Infinity
142312197X	4.0
0553582771	5.0
0446619019	5.0
0441015875	5.0
0373803508	4.0
B00AUV5BBW	3.0
0778327604	4.5
1468133861	-Infinity
0545112877	3.0
B009YZK86S	-Infinity
0345533690	2.0
0006514006	3.0
0373774559	3.3333333333333335
0373775881	3.0
0316156108	3.0
B004RP8WS6	3.0
1600430171	3.0
0312567456	5.0
B00640YZ1U	2.0
143910221X	5.0
1439102228	3.0
0671686151	5.0
B006ZBSBZO	4.0
0765309955	5.0
0316206849	4.0
1451651775	5.0
B005Z1CUK2	4.0
0007444117	3.0
B00FNXC8EU	4.0
1440444420	5.0
B005Q53132	3.0
0547371489	4.0
0312945809	4.0
0425203573	5.0
1460918681	5.0
1419958437	5.0
B008B11K04	3.0
0345535405	5.0
B001VLXML6	3.0
B00FDX59UA	2.0
0553385593	5.0
0373774583	5.0
0446574503	3.0
0441014569	4.0
1602021481	4.0
0141039280	5.0
0312368461	4.0
0441018920	1.0
1478328231	3.0
0312857640	5.0
1605044555	3.0
0985386517	4.0
B003ZUYQCU	4.0
0983797803	4.0
B004Y69V92	5.0
B00BT0J8ZS	4.0
B0087W8OOC	3.0
014241543X	4.5
0553574302	3.0
0821761005	4.0
031072810X	5.0
B008XM08UY	2.0
0060896450	4.0
0515140880	3.0
1490921478	4.0
0983593183	4.0
161218331X	5.0
B007IOGY38	5.0
1479282804	4.0
061557162X	3.0
1419955349	3.0
B008J2H9PU	1.0
B009ZLRZFS	4.0
0505526875	3.0
B00JI7T4V2	5.0
098997281X	3.0
0595307566	2.0
014241980X	4.0
045122146X	5.0
0385530935	4.0
0842339523	5.0
0425240517	4.0
1460993012	3.0
0515151548	2.0
0821258346	3.0
0451462297	5.0
0062289233	5.0
0425235165	4.0
0615160387	1.0
1449590845	4.0
0505526883	3.0
1935192132	4.0
0373774516	3.0
0449003884	5.0
0505525550	3.0
1567187196	4.0
0345803485	3.25
0373775865	3.0
0451224515	5.0
0553584529	3.0
0758250991	4.0
1490907157	3.0
B003H05Z32	3.0
1595144919	4.0
0983593167	4.0
1937044335	4.0
1477848177	2.0
0060006617	5.0
0553213784	3.0
0312389345	4.0
0373228759	5.0
B009ZOZOCG	4.0
0373716699	4.0
0373190573	3.0
0151010749	1.0
B004Q7CQEG	3.0
0765329573	4.0
1615814523	4.0
B005XUHUFA	5.0
1933987111	5.0
0758214456	2.0
0373774524	4.0
0778327655	2.0
0316800775	5.0
B003NX7BZ8	3.5
0451225856	4.333333333333333
0142418528	4.0
0312868332	5.0
0983593175	3.0
1493614290	4.0
0515140872	1.6666666666666667
B005FX0KRU	5.0
0345803493	5.0
B0099GXQYS	1.0
0425214265	5.0
160928402X	NaN
0446618594	2.0
B00C8U69FK	5.0
0985817038	3.0
B00HAM7MAC	5.0
061581512X	5.0
0505524244	1.0
0786004800	4.0
0505525577	3.0
0425265811	4.0
0765354519	2.0
0747264872	4.0
1935171232	3.0
0778325008	4.0
0451198646	4.0
