0451222636	5.0
0758203187	4.0
0515128554	5.0
0505521784	4.0
0843943289	1.0
0805093079	3.0000000000000004
0307456625	2.9999999999999996
0373622430	5.0
0553575023	3.655765920826162
0060529474	2.0
0061491896	2.0
0385333617	5.0
B00J3AJYMS	5.0
B007K3D502	5.0
0060837144	5.0
044022182X	4.0
1572814136	5.0
0385660065	5.0
B0042JSSE0	3.0000000000000004
0553575015	5.0
0425226743	5.0
0671795554	4.0
B0073HW6FA	3.0000000000000004
0399149384	4.0
0385318200	5.0
0671450344	2.0
0312979983	3.0000000000000004
0060505249	5.0
0002007770	3.970227670753065
0671027417	4.0
0307590372	3.0000000000000004
0061974617	5.0
0446353507	1.0
0449006360	4.0
0505522659	5.0
0061081965	5.0
0440226295	4.0
B00J17SFM8	5.0
0312979975	5.0
0312977557	2.9999999999999996
1595540857	4.0
0345501551	5.0
0451405986	5.0
0073406732	4.0
B00B1I51H2	5.0
0312351623	4.435428571428572
0307704254	4.0
0061246379	3.0000000000000004
0385339143	5.0
0061339261	3.7646586345381525
034544356X	5.0
0060584068	5.0
0425221032	3.0
0373771223	4.0
0446611107	5.0
0553581996	5.0
0307341569	2.0
0312966407	3.0
0425263908	5.0
B00DOFHHFO	5.0
B00I7VVZAI	4.0
0751549118	4.0
0671004123	2.0
1599982595	1.0
B006G0V9AS	4.0
0061081981	5.0
0440226279	3.0
0425269205	3.0
0345503953	3.0000000000000004
1493632639	5.0
006133927X	2.0
1118288548	5.0
055357762X	5.0
0091883768	5.0
0451455819	5.0
0061081973	5.0
0525951873	5.0
0446600458	1.0
0373772750	1.0
0425235459	5.0
1573222038	3.0
0451411137	2.0
1938352394	5.0
0061230839	4.999999999999999
0804119716	4.0
0967096405	2.0
0345433351	4.0
0778300498	4.0
038081790X	4.4425837320574155
0425267040	2.0
0373293771	2.0
038533916X	5.0
1935171984	5.0
1937608093	5.0
0743439988	3.0
038531826X	1.0
0778328481	5.0
0451411129	1.0
0380809281	5.0
1575668033	2.0
B00EUZ2L1W	5.0
0061245089	5.0
0451222628	5.0
039914143X	1.0
0061081515	3.0
0749080973	2.0
067179552X	2.0
0060562498	5.0
0743437314	4.0
0451227085	5.0
0553592432	4.0
0553591916	3.0000000000000004
1573221368	5.0
0312605390	4.5073235685752335
1467964409	3.516651665166517
0743272501	5.0
0099464462	4.639246778989098
0373711301	4.0
0316024597	2.0
0821747967	3.0
0062019147	4.0
1938352335	5.0
1419952552	5.0
0307279464	4.0
0385311400	4.0
0553591924	5.0
0804119724	4.469214437367304
0307943232	4.0
0373771606	5.0
1605046035	5.0
0553299565	5.0
0307736245	3.43743842364532
0764210238	4.0
0515132640	2.9999999999999996
1482332450	5.0
0380789353	4.0
0451402065	1.0
142013194X	3.0
0553296043	1.0
1551665492	3.0
0312166818	3.0
B00C1MZN5C	4.0
0446365327	5.0
0425210545	1.986690328305235
0821779311	1.0
0425195783	5.0
0060850523	3.0
0312605382	3.5819295558958664
0060837322	2.0
0451407520	5.0
0373484089	5.0
0312946449	5.0
0345518896	5.0
0821768433	4.0
0446406945	5.0
0525950966	2.0
1426209517	4.0
1599983834	3.0
0007167040	5.0
0515131334	4.0
1402202733	5.0
1605046051	5.0
0060511508	5.000000000000001
0380789337	3.0
1419959395	4.0
0843962844	4.0
1936558068	2.0
0515135968	2.9999999999999996
0373835396	4.0
1491292040	5.0
B00F3H6S1A	5.0
B003ZUY19I	5.0
0061429880	5.0
1602902143	4.0
1447718925	5.0
0843951702	4.0
0060545526	1.0
0380780755	3.284722222222222
0345480112	3.9348659003831425
0373732287	5.0
0373790554	5.0
0345423399	4.560519902518277
0978713974	3.0
155166500X	1.0
B009QX0KSE	2.0
1250014506	5.0
B008UAQUFQ	5.0
0060565144	2.0
0373440049	3.911330049261084
0261103288	5.0
1572816597	4.0
0061429899	5.0
0345480104	2.642541924095322
B0035N1UMQ	5.0
1843609509	5.0
0312958609	3.0
0451239458	2.0
B00G2CU49M	3.0000000000000004
0988301318	5.0
0425232581	5.0
0263873668	5.0
031235164X	4.6843450479233235
0615566413	4.0
0425184692	3.0
0451207661	4.0
0758265204	4.0
0380815575	3.73032471106219
B0042JSSN6	5.0
0425213617	5.0
0312931158	5.0
006088262X	1.0
006177894X	5.0
0312351666	4.0
0373712421	5.0
0451406869	5.0
0373770979	3.0
0446402389	5.0
0380765365	3.0000000000000004
0312931166	5.0
0380780747	3.8792588164973103
1250026385	5.0
0380815230	2.9999999999999996
075821474X	5.0
0440201446	4.0
003061368X	5.0
0385257406	5.0
0316031844	5.0
0312366523	2.0
0765311771	5.0
0786003820	2.9999999999999996
0505524376	4.0
0380785609	3.0
0821767739	4.0
0385335350	2.3212709620476613
0446527696	4.0
0380817896	3.512679162072767
0439076668	4.0
0515124621	2.0
0671880594	4.364532019704433
0821779974	4.0
0060763035	3.0
1250029880	5.0
0062019430	3.0
0449002470	5.0
0441002617	5.0
0446402400	5.0
0449006832	5.0
0061885681	2.0
0060561661	4.0
1416558527	5.0
0061136093	5.0
0062107380	3.0
0061084883	5.0
0345494385	4.0
0316098329	1.5747800586510263
0380820846	4.489017341040462
0553581171	5.0
0345385985	4.0
0440236525	4.605905826017557
0151008116	2.0
0440235677	5.0
0515120294	2.0
0380978555	3.0
0440235685	4.575757575757576
054724181X	3.0
0380899531	4.0
B002FK3U00	5.0
038078145X	4.18705035971223
0380820838	4.0
0312605889	5.0
B00JC9HGIE	5.0
0373777574	5.0
0312252617	3.0
0440224578	5.0
0440221064	3.0
0425218309	5.0
B00A97JN70	2.0
0380782332	4.455665024630543
0451200497	2.9999999999999996
0515132020	4.0
0671524208	4.0
0060891270	5.0
0515103969	5.0
0843950285	2.0
0821744887	2.0
0380782782	5.0
0373834586	4.0
0307381463	2.0
0759287988	4.0
0345494369	4.0
044020609X	5.0
0440222575	5.0
0307932540	5.0
0345503392	4.0
0380820854	4.6319514661274015
0880794968	5.0
0312984863	5.0
0345494377	4.0
0060819367	3.0
0380806312	4.0
0316096156	1.0
0345503384	4.0
B001CN45KU	5.0
0380781433	2.940422805893658
0684855216	2.0
0312984855	5.0
1416509887	3.1842105263157894
0316074152	2.0
0449006840	4.0
1416510877	5.0
044661209X	4.0
1611188989	5.0
0671776126	5.0
082176201X	4.0
B00EK58QBG	4.0
0425230694	5.0
031257357X	5.0
B009BE05R4	4.0
0821752693	4.0
0380781441	3.2272727272727275
0451112733	4.0
082177445X	5.0
0815410468	5.0
0380756269	5.0
0312960891	2.0
0312362153	5.0
0425219437	5.0
0142000906	4.0
0425240495	5.0
0380800810	5.0
0821772252	2.0
0373218419	2.9999999999999996
0451237730	5.0
067173783X	4.0
034548309X	5.0
B00F50RS32	4.0
0060519711	4.0
0553574213	5.0
0812981340	4.0
0778324206	4.0
0380818337	4.0
051514844X	5.0
B006GCPSGC	5.0
0385341636	5.0
1416509879	5.0
0451232054	5.0
0452281679	2.0
0553582410	4.0
0061655511	3.0000000000000004
B009XDH094	5.0
0380776510	1.0
0505524546	5.0
B00K5D5TSK	5.0
1551668173	2.9999999999999996
0425226344	2.0
0758217633	4.0
B006IYF7NW	5.0
0718024133	5.0
0440226325	3.0
0515146242	1.0
0553569090	5.0
1456833022	5.0
014028009X	4.0
0425208915	4.0
0380808323	4.0
0373291272	2.0
0380811979	5.0
1481113704	5.0
B0033806Y6	5.0
0312323859	5.0
0380800829	3.1536643026004727
0451215915	5.0
1416532862	3.406177606177606
0380762587	1.0
0671702513	3.0
042526596X	5.0
0352330708	5.0
0060505753	3.0000000000000004
1611099285	2.0
0373192827	2.0
1599986310	5.0
0451198964	4.0
0312537921	5.0
0671737821	5.0
0373291264	3.0
0451172590	5.0
0446619124	3.9066115702479336
0553285947	1.0
155166903X	2.9999999999999996
B005DF00GQ	5.0
0061118443	5.0
0060562536	4.476510067114094
0439023483	5.0
0440226309	4.0
0451408020	4.0
0385333803	1.0
0307393844	1.0
0451232240	5.0
0312939671	4.0
0380810662	3.0000000000000004
045120929X	1.0
0743477723	5.000000000000001
0451412532	4.0
0446612944	5.0
0553582216	5.0
0553445782	4.0
1416547037	4.3612956810631225
0515149349	1.0
0385341679	2.9999999999999996
0553583549	4.0
0061583219	5.0
0380808331	4.0
1605043125	5.0
0451213785	5.0
B00GT25GZC	5.0
0312999712	5.0
0505522160	4.0
0061349232	5.0
0778326438	1.0
0743477715	3.0
0553106163	2.0
0312939663	5.0
0553445774	4.0
0553583557	3.0
0743477707	3.3214596003475236
0553582224	5.0
1551664879	5.0
044023655X	4.803323827318321
0439981409	5.0
0060097701	3.0
1599987430	5.0
B008LBAW58	5.0
0440211077	4.0
0060927941	2.0
0312242646	5.0
0446618489	3.1428571428571432
1859062733	4.0
0373772467	2.0
0440246369	5.0
006056251X	3.9318752240946573
B00413PIUY	5.0
0312605862	4.5717592592592595
0312947062	5.0
0992142202	1.0
0425213056	5.0
038079456X	2.0
0671737619	5.0
0451201302	5.0
1596327537	5.0
0553582232	4.0
038077013X	4.304252998909487
0553583565	2.0
067103412X	4.0
0062049879	3.0000000000000004
0061129593	4.0
0380731819	5.0
0385338252	4.699481865284974
0451211588	5.0
0515114499	1.0
0373293003	1.0
0553571591	4.074968233799238
0446618470	3.52529601722282
0451173007	4.0
0440234808	4.289946369285776
0765326353	5.0
B00AA4JIWC	4.0
1416525033	1.0
0821773984	1.0
1938101006	4.0
B002HE1IBW	5.0
0142001740	4.0
037377396X	1.0
0671739751	4.0
0553576232	2.0
0345535227	5.0
0743470044	3.0
1609282914	5.0
0373289324	5.0
0440234816	4.271974136189129
055358846X	5.0
0312050798	3.0
0061733954	1.0
1939551072	4.0
0142000884	3.0
0671003364	4.0
0515115126	4.0
0425224201	5.0
055358183X	5.0
1572815345	5.0
0380767406	2.0
0425262758	5.0
B00ITAIBUY	5.0
0553581856	2.9999999999999996
0312550057	5.0
0425227707	5.0
0061795194	2.9999999999999996
0451221451	5.0
0671737791	3.462515883100381
B00J2CJVI4	5.0
1482017229	4.0
1492828211	5.0
B00B2B2S74	4.0
1481280767	5.0
B00E9HGID8	5.0
0316129720	3.0
0758220421	5.0
0061373257	5.0
0671034057	4.0
1250035333	5.0
0061087130	5.0
0440206111	5.0
1620612925	5.0
B00DSGN9B0	5.0
0060507365	3.620779220779221
0515094773	3.0
0451212991	1.0
038079747X	5.0
0380797488	5.0
0373831986	5.0
0440205212	5.0
055358054X	1.0
0425233383	5.0
0451218043	4.60355486862442
0451222725	2.9999999999999996
0425247546	5.0
0312605919	4.0
0525951997	3.0
0385344430	2.0
0821770209	3.0
030758836X	2.0
0671644475	4.0
0380767848	3.311258278145695
B00C7B15X6	1.0
0345803507	5.000000000000001
0061662216	4.0
0451219368	4.25448376151236
0380808080	3.0
0373240007	4.0
0821780697	4.0
0425216616	5.0
0345447832	4.0
0515090395	4.0
0060740663	5.0
0345423429	5.0
0345490665	5.0
0515128015	5.0
0743456173	2.0
0385342454	3.369685767097967
0385343302	2.6761041902604763
0743201647	3.0
0671027581	5.0
0671739778	4.0
0385340281	3.0
0060001453	5.0
0143037145	2.0
0316182540	5.0
067173976X	5.0
0671027344	2.0
0345317580	4.0
0671019708	4.263902932254803
1940223202	5.0
0312179405	5.0
0451415604	5.0
0380802309	4.141751963818138
0380808072	5.0
0061852058	5.0
0821762818	2.9999999999999996
0060796677	2.0
0553563335	5.0
0062088920	5.0
0062009265	5.0
0345490673	3.0000000000000004
1420108891	5.0
0316056634	4.0
0062019058	3.0
0451209559	5.0
0671027573	5.0
0373618271	5.0
0061259357	4.646487536419552
B00GG94QDQ	1.0
1416537422	2.0
0061080780	4.0
0553574221	5.0
0380802317	3.866718386346005
0060840846	1.0
1599988143	5.0
0821780670	5.0
0515110744	4.0
0451228219	4.486717267552183
0399147926	5.0
0425244466	5.0
1495307352	5.0
067174383X	5.0
037363188X	5.0
0451232712	5.0
0452295386	2.9999999999999996
0440244447	5.0
0312303467	4.0
0062088947	5.0
1940223040	5.0
B00DYBS770	4.0
0449226182	3.0
0312949820	4.644092219020174
0553288555	2.9999999999999996
0061730289	4.0
045123801X	4.0
1484008685	5.0
0061795143	2.0
0671032976	4.024728588661038
0553299441	4.548387096774194
0061253677	1.0
B00GQIEZGK	5.0
0515131229	5.0
0060509325	4.0
0373289995	5.0
B00CSEHXQU	5.0
0821767240	4.0
0738705810	5.0
0312992432	5.0
1420104659	4.0
0062019481	5.0
0141326085	5.0
1479398179	5.0
0380776162	3.3565217391304345
074343787X	3.881454545454545
0743465075	4.0
0373288417	5.0
B00C9PED6G	5.0
0762424931	5.0
0451417429	3.0
1440721726	1.0
0671743813	4.0
055357518X	3.0
098829544X	5.0
0439023513	4.42643391521197
0751550213	3.0
0451417437	3.0
0062019015	3.0
0380811073	4.104893214382266
1416503609	5.0
0373270917	4.414245548266167
0380753022	4.0
0380801027	2.0
0671786539	5.0
0722535724	1.0
0060531231	3.24515393386545
0451236041	4.0
0312284829	3.0
0345530667	4.0
0380805871	2.0
0061344591	5.0
0345542886	5.0
1599982633	5.0
0312931271	3.0
0061795178	2.9999999999999996
0425193039	1.0
0553574094	5.0
1416503617	5.0
0373290519	4.0
0595442439	4.0
0061234923	5.0
0385335318	4.578703703703703
0425260909	5.0
B00JS6GW40	5.0
0743453085	4.491295938104449
0440206138	5.0
0440221994	5.0
0380811065	4.275477707006369
0821780646	1.0
0061234915	5.0
0380818965	1.0
0060531258	5.0
0312949812	4.435428571428572
0671568833	5.0
0099911701	4.416666666666666
B004W3FZB0	2.0
0373442556	2.9999999999999996
0312949804	4.231751824817518
0373775075	5.0
0440223725	2.0
1599983508	5.0
073873876X	4.0
1439175489	2.0
0743437845	5.0
B005FCFFO4	5.0
0380811081	4.205545774647887
0061354163	2.0
0786238534	5.0
0373072813	5.000000000000001
0312383355	2.857142857142857
0843947365	3.0
0380778319	1.0
0446552372	4.242574257425742
0446552380	2.0
0743453069	5.0
0312580150	5.0
0451206444	5.000000000000001
0440244633	5.0
0451408586	3.0
0821777661	4.0
031609756X	2.0
006108235X	5.0
0061670855	5.0
0515076228	4.0
0547744986	2.0
0380761513	3.844331641285956
1456347187	2.0
0385302312	4.999999999999999
B007ZHCA9K	3.0
0061032093	2.9999999999999996
0316119555	5.0
0451224396	3.0
0385335482	5.0
0380761505	5.0
0312284330	5.0
1909269034	2.0
067179938X	5.000000000000001
0452266564	5.0
0060766212	5.0
0345479904	4.566286215978929
0385302320	5.0
0671001701	4.0
1477818367	4.0
0913866911	5.0
B00APEDT9K	3.0
B0068D7S7G	1.0
0553294385	5.0
0505525364	5.0
0061252379	1.0
B00KLJ02IK	5.0
0060513659	4.0
0007622872	5.0
1455520640	5.0
0060766204	5.0
0345471172	4.0
0399155481	5.0
0821766775	3.0000000000000004
1494722631	5.0
0671744623	4.617647058823529
0451216954	4.059245102723364
0739472275	5.0
B0046LVD8C	4.0
0312546599	2.9999999999999996
1250014492	5.0
1463774826	1.0
0312653832	4.0
0373288840	5.0
0425244946	3.0
0440235537	5.0
0062100203	2.9999999999999996
0062068628	2.0
0671744224	4.504087193460491
1420104640	5.0
1471092542	5.0
0345437055	1.0
0671705091	4.4777618364418945
0671744216	2.0
0451219813	4.472172351885098
B00IIUARXO	5.0
006123124X	2.0
0425199401	5.0
0373076312	5.0
1605047449	5.0
0440244498	5.0
0671011332	2.0
0380899825	4.0
0739419692	5.0
0380818205	3.0
148231780X	2.0
055277572X	4.0
0441017800	5.0
0425197492	4.0
1616200774	4.0
0061922986	4.0
1495459225	5.0
1476776016	5.0
0312252943	2.0
0380757478	2.0
0515101222	4.0
0152063846	5.0
0451228723	5.0
0060766247	5.0
0345480090	5.0
0525426094	5.0
0671034413	5.0
0515135216	5.0
0843950366	4.0
0743453468	2.9999999999999996
0451217845	3.0
0758214626	5.0
0452281784	1.0
0758204434	2.0
0515126772	4.0
0316056863	3.0
1492265225	5.0
0505526832	5.0
1439117977	4.0
0062072927	5.0
0151015392	5.0
0505524899	2.0
0451173538	4.0
0425240541	3.0
1427201412	4.0
0399146164	1.0
0373776985	5.0
0380818213	4.0
0099513021	4.0
0062019708	3.0
141652715X	2.0
0671737716	1.0
038070322X	5.0
B00FBQLY1M	5.0
0061706876	1.0
0425229734	2.0
0385338112	5.0
0312287682	5.0
0006514006	1.5714285714285716
0061233005	4.0
0446547573	5.0
B004A8ZT9A	2.0
0380790904	5.0
B00H6OZE8Q	5.0
0345521250	3.0
B00FF04LCI	3.0
0062024035	5.0
0007444117	5.0
0380795124	2.0
0060002069	2.0
0394755111	5.0
0505524678	3.0
0307275558	5.0
0778324109	2.520958083832335
0143116533	1.0
0671523090	5.0
0956908632	5.0
B006LSTJGQ	5.0
038077139X	2.0
0440237599	5.0
1416527397	2.0
0312360738	4.0
B0018ND83O	5.0
0380005255	1.0
0061246360	1.0
0440237556	4.831937711179668
0007386648	5.0
0380773554	3.2383025027203476
1605041076	5.0
0385481969	5.0
0743486315	2.9999999999999996
0060839252	3.0000000000000004
0312381603	4.0
0060527412	5.0
0385530935	2.0
0425181979	2.9999999999999996
B0052XTW5O	5.0
0451205804	2.0
1931282927	1.0
1416527370	4.0
0451235878	5.0
0743486307	4.0
0062051857	5.0
0345521277	4.0
044640053X	1.5576730190571715
0307381757	3.0
0345803485	3.623019327877416
1439172536	5.0
0821773887	5.0
0060006617	3.0
0062004662	4.455665024630543
0446550760	5.0
0380812983	5.0
0060091290	4.3758568164508755
0380794470	5.0
0380802929	3.0
0312577427	5.0
0451225856	4.0
037383246X	4.0
0198711905	4.0
0345803493	5.000000000000001
038077352X	4.407564395174438
055356806X	5.0
0380773538	3.435703479576399
0743442733	5.0
043935806X	5.0
1439117985	2.9999999999999996
0373772599	1.0
0451199979	2.9999999999999996
0345503406	4.0
0380761327	2.0
