1439102767	3.0
1416597328	5.0
1416532927	5.0
0989740617	5.0
0373097980	5.0
B005Q0X6C8	5.0
0987856863	5.0
0345515501	5.0
B00EP0IUWG	5.0
B00ET57O8I	4.0
B00D0JKP6C	5.0
145161747X	4.0
0671785885	5.0
0985817089	5.0
0062107968	3.0
1416541527	5.0
0525953965	4.0
B008Y6BAA6	4.0
B00L5LTGFS	5.0
0307276902	5.0
0671015206	5.0
0385523386	4.0
1492828475	5.0
1590172329	4.0
0345521080	5.0
B004WSQCS0	5.0
054774501X	2.0
B00IPIM73C	5.0
1451675364	5.0
1250020026	5.0
0062094661	4.0
0756658985	5.0
1928928161	5.0
1442421762	5.0
1611090776	3.0
0778315118	3.0
1476707723	5.0
1598870297	5.0
1477805842	2.7952664680569352
0988761920	5.0
0316207659	5.0
1599830175	4.0
1451677766	5.0
B00FG2LWWM	4.0
0743554434	5.0
0759290148	2.0
0312348754	4.0
0739437631	4.0
1463406223	5.0
B006MKGQMS	4.0
0812977823	3.0
0765326264	5.0
158008138X	4.0
B00ICC4CH0	4.0
159051310X	4.0
B005ES6U9I	3.0
0312658656	5.0
0679444327	5.0
038534905X	5.0
1481280767	1.0
0761456481	4.0
0804137447	1.0
0571294197	4.0
0307887146	5.0
1612186866	4.0
1499611552	4.0
0761459510	4.0
0345530918	4.0
B00FGIDOFY	5.0
1468098578	4.0
0060174056	4.0
0988761939	5.0
080509511X	4.0
1250024609	5.0
0373180713	5.0
1439192561	5.0
0811212475	5.0
0520275977	5.0
0345410130	5.0
1479160210	5.0
0231108842	5.0
4770030703	5.0
1482045893	5.0
0062124269	4.0
0307716546	5.0
0425269205	5.0
0141339624	4.0
0061122416	5.0
0099740915	4.0
0345528875	5.0
1589976746	5.0
B00GJSR1RW	5.0
0425141381	4.0
B007WKEM0A	4.0
0761456457	5.0
1423157311	5.0
0316069353	3.0
1451673019	5.0
0848732928	5.0
1495953939	4.0
B009S17UG4	5.0
1451691548	5.0
0316035602	4.0
B00F0G6JRW	5.0
055338483X	5.0
0553384848	5.0
0470425245	4.0
140228375X	4.0
1616203218	4.0
0545233445	5.0
1439192316	5.0
0385483732	5.0
030758836X	4.3773630055037085
B009JVSCO2	5.0
0345803507	5.0
0062073788	4.0
0399153306	5.0
1573222038	4.0
0425215644	5.0
0446547638	5.0
1612184359	5.0
0988264242	1.0
0385343663	5.0
1741047021	5.0
0321580060	5.0
0316055433	3.8816003721795767
0553385607	5.0
0451211634	5.0
0002247399	5.0
0739458213	3.0
B00J436CN8	4.0
0061708704	5.0
073935650X	5.0
0671027344	5.0
0989740633	5.0
1481277693	5.0
0425263916	3.0
0310315441	5.0
0340822775	5.0
1455502758	5.0
B00DL5T200	3.0
1933821183	5.0
0749080973	4.0
0385346824	5.0
0099453924	5.0
0312264127	5.0
031621941X	5.0
1478311282	5.0
1611099528	5.0
1933665572	5.0
0380781891	5.0
0843961678	5.0
1611099730	1.0
B005HF9CT8	4.0
0679723056	3.0
B0084B132Q	5.0
1453806024	4.0
0307409120	5.0
B005A7U328	4.0
0982555067	5.0
0385346875	2.0
0307476073	4.0
030726999X	4.474858474858475
0099443635	5.0
0316024597	5.0
0061128856	3.0
0739327364	5.0
0345528670	5.0
1482735962	3.0
0525948791	4.0
140418970X	5.0
0670892424	4.0
0615581927	5.0
B00G495S5I	5.0
0991024893	5.0
1935597760	4.0
0312119240	3.0
0385333463	5.0
B00BZ96RIY	5.0
1938710061	2.0
1491510706	5.0
0451240006	3.0
0761454322	3.0
0425259862	5.0
0312378939	5.0
0989104427	1.0
1482645238	4.0
0141326085	4.0
0991379659	5.0
0848736494	4.0
1439192987	5.0
0061997102	4.0
1410455106	4.0
0553268937	4.0
1475217315	4.0
0123820227	4.0
0395859972	3.0
0711230293	5.0
0425259854	5.0
0505528495	4.0
0843962534	5.0
B004JHZ41U	5.0
0761455302	5.0
0763641553	5.0
B0074Y74N6	2.0
B004R1QH6E	5.0
0545265355	3.0
0375424091	2.3500437190323518
1499291019	2.9999999999999996
1939337259	5.0
1612183190	2.487888971326321
006220422X	5.0
1569243581	2.0
B00IYKBJCG	5.0
0020449313	5.0
156947981X	4.0
0983294097	5.0
1585712701	5.0
0449214265	5.0
0062105620	5.0
0385349947	5.0
0312539517	5.0
1250014522	4.0
B00KANRHXA	4.0
0446534978	5.0
0425243214	3.0
1590172884	5.0
086716929X	2.0
0718178122	4.0
0316069515	5.0
1439199582	4.0
1481916025	5.0
1612182801	2.0
1416544569	5.0
0312430027	5.0
1476764468	5.0
0062217208	5.0
0345500717	5.0
B007WE3AFO	3.0
1559210249	4.0
0849946212	5.0
B008EV1C9U	2.0
0307477479	4.0
1476755604	5.0
0425258734	4.0
1589976932	5.0
0312594437	5.0
0544032101	5.0
0761453792	4.0
B00BL3DC6O	1.0
0312375859	5.0
1416941320	5.0
0425260925	5.0
0307595870	5.0
0312594429	5.0
0062020560	4.0
1451655789	5.0
1579128602	4.0
1416556680	5.0
1550227440	5.0
1410419592	5.0
0151014892	1.0
0595430201	5.0
1935661906	5.0
0812971825	5.0
0061766089	4.0
0761132414	5.0
0316176486	3.9481292517006796
0393061434	5.0
0399157565	5.0
161519004X	3.0
0316014036	4.0
0679721037	5.0
1250020832	5.0
1496026063	2.0
080217051X	4.0
1935597256	5.0
0802466435	5.0
0316154695	5.0
0230755062	5.0
0143170104	4.485313315926893
0767918606	4.0
0199536066	4.0
0761454519	5.0
B006OIUFG6	2.0
159448791X	2.0
0399155015	5.0
0805094970	5.0
0393241033	4.0
1439191824	4.0
0156372088	5.0
1608442845	2.0
1451648448	5.0
B004PLO6TG	5.0
0006551807	5.0
B00GQP6WUA	4.0
1602861803	5.0
0743294270	5.0
0767928539	3.0000000000000004
0143124544	5.0
0761453512	5.0
0812979567	5.0
B00638FI7S	4.0
B009OKRB3Q	5.0
0761128182	5.0
0761454616	5.0
0805061703	5.0
B006SMMW64	4.0
1596916982	5.0
1469982781	5.0
B0073BAIBK	5.0
080783243X	5.0
0761462473	5.0
1470009749	5.0
030727070X	4.0
B006NXD2LC	5.0
0060530928	5.0
1593078447	5.0
067002547X	5.0
8183220002	5.0
0307381463	5.0
0141034262	5.0
0143124404	4.0
B004EEORPW	5.0
0307745317	5.0
1475020619	5.0
1400106656	5.0
0310712548	4.0
0062278290	4.0
1499198825	5.0
0547744943	5.0
1439152780	5.0
1937475719	5.0
B00EVDFBR4	5.0
141699467X	4.0
1561582670	5.0
1938135636	5.0
0007245823	4.0
0761463305	3.0
0142428280	5.0
B00HS3ZFGQ	4.0
1442366109	5.0
1416964053	5.0
0553808036	4.0
1592983073	4.0
B00DEKXISY	5.0
0977840212	5.0
1594631395	2.3928007769819106
098663106X	5.0
0857521012	5.0
1590176022	4.0
B00K0OLB54	5.0
B00GLSR09E	4.0
039915647X	1.0
0984789383	4.0
0385348452	4.0
0307744434	4.0
1463609337	4.0
0141188936	2.0
0385324138	5.0
0812982886	5.0
1470192209	4.0
1477817182	5.0
0061458570	3.0
0505527359	5.0
0062108026	4.0
1937771970	4.0
0553258478	5.0
1442472057	5.0
B00ETIS3OE	1.0
1416550518	5.0
0345803787	4.0
098905084X	5.0
0786292504	5.0
0743467728	5.0
081298000X	5.0
B006N52WVQ	5.0
0345408772	5.0
0399159347	5.0
B00FAH87JY	5.0
0137020163	3.0
0399160213	2.759104186952288
0985549203	3.0
014242207X	5.0
0446401846	4.0
1427201412	3.0
1579622224	4.0
1937715094	4.0
B00GMCILB0	5.0
1490988122	4.0
0451415949	5.0
140224066X	5.0
0684811073	4.0
1481093789	5.0
076145814X	5.0
0151972036	4.0
1447218426	5.0
0062267582	4.0
1491501588	5.0
0123748992	5.0
059528177X	3.0
0062107313	2.0
0957544324	5.0
044630557X	3.0
0446547573	5.000000000000001
0062110837	5.0
1416550402	4.0
0470622075	5.0
0195167341	4.0
0385530528	5.0
0307934055	4.0
0761453911	3.0
0062078011	5.0
077831586X	2.0
0812995732	5.0
0345543041	5.0
0470565071	4.0
0761458247	4.0
0316206849	4.999999999999999
1479395226	5.0
1455509647	4.0
111112857X	4.0
0062070649	4.0
0370332288	5.0
0142427551	5.0
0670026689	5.0
0061147931	5.0
0307271080	2.9999999999999996
031628663X	5.0
1469227886	5.0
0553385593	5.0
1611880343	5.0
1477808604	5.0
0306811286	5.0
1594746125	5.0
0813925177	5.0
1469241943	4.454100367197063
0761167129	5.0
0195300653	4.0
B00BH07V54	4.0
0307263991	4.0
0156006219	4.0
1494209365	5.0
1499179332	5.0
014241543X	5.0
0670026697	5.0
B0084BBIYE	4.0
0670026611	5.0
1579653693	5.0
161109948X	5.0
0425206319	3.0
0679776591	4.0
0061988243	5.0
0007386648	5.0
B001BXNQ2O	3.0
0307588661	4.0
1451658036	5.0
1456574485	5.0
0988761947	5.0
1611090202	3.0
031234872X	4.0
147780885X	4.0
B00A0BV74C	4.0
1416958576	5.0
1449925030	5.0
B00JO1PQSC	5.0
1442362855	3.0
0060727535	5.0
0312370830	5.0
1594485151	4.0
054529441X	4.0
1597755206	4.0
1612184545	4.0
0761451609	4.0
0988518988	4.0
0393068021	4.0
098409346X	5.0
0878331638	3.0
161109044X	2.7071184659837138
0307381757	5.0
0399161570	2.9999999999999996
0345803485	1.0
0778315436	5.0
0671726730	5.0
1406330396	5.0
0195297563	5.0
1477665412	5.0
0778326691	4.0
0316074314	3.0
0345476670	5.0
0761456147	4.0
0761458328	5.0
155553791X	5.0
0312591845	5.0
1478127163	5.0
0451464397	5.0
1611090423	4.0
0375831002	5.0
1250019990	5.0
1482305100	5.0
1477808647	3.0
0553280333	5.0
0062194178	3.0
0385343833	4.0
0071806776	5.0
0778315444	5.0
0345803493	5.0
1481821733	4.0
0811869881	5.0
B00JD2PAEM	4.0
0761459553	5.0
0761461868	5.0
1454704063	5.0
0425242951	5.0
193164361X	4.0
