0451461215	5.0
0679421777	5.0
1434767744	3.0
0385528701	4.622769753610875
074325337X	3.4858490566037736
0316204366	4.0
080214392X	5.0
0399154973	2.0
0375423125	5.0
1408173352	5.0
0307263940	2.9999999999999996
0399150374	4.0
0060929383	4.0
0141040343	4.0
145161747X	4.0
0312339704	5.0
1592401716	4.0
029764680X	4.0
0451207246	4.0
0739332449	5.0
0312427573	5.0
076531665X	5.0
031602919X	3.0000000000000004
1444727338	5.0
0316059854	2.9999999999999996
0380718332	5.0
1891423088	5.0
0805093079	4.0
0152053107	5.0
0802118739	2.0
0307456625	5.0
0967174880	5.0
0316001635	4.0
0451173139	5.0
014311638X	4.0
014314376X	5.0
0330449605	4.623059866962306
0340935235	4.0
0764117645	5.0
0571221858	5.0
0312359322	4.0
030681448X	1.0
1401911846	5.0
0752864017	5.0
B002V09184	4.0
0765306859	5.0
0143038583	2.442857142857143
0385660065	4.904621435594885
0140266771	3.0
037541486X	4.478328173374613
0743597281	4.0
0060987049	4.0
0140367217	1.0
1937053571	5.0
0007285973	5.0
0060277270	5.0
0765306840	4.0
1591027330	5.0
0141320818	5.0
037543318X	4.0
0002007770	4.743217960710945
1586216864	3.0
0385517831	2.0
0060565551	5.0
1585676152	4.0
0060820985	5.0
0316710571	3.0
0743290119	2.0
0375409289	3.7849740932642493
0307341542	3.0
0765326264	5.0
0670022365	4.0
0141439491	4.0
0765307928	5.0
0452283671	2.0
0062219685	5.0
0452283434	3.0
1591843820	2.0
0878930604	5.0
0061257095	3.0
0439136350	4.704056545789798
0061374229	3.983786361468765
0822223007	5.0
0786838183	4.0
081297235X	5.0
0062127241	5.0
1596910518	4.0
0446523321	4.0
0312675062	4.0
0307341569	5.0
0316010790	3.0
0061374040	4.0
0786157933	5.0
0006392202	2.9999999999999996
0316033677	5.0
0316122386	3.0
0385537859	1.0
B00AZKPNRA	1.0
1451699387	3.0
0385531087	4.0
0307237699	5.0
014001599X	5.0
140004314X	3.5748837209302327
0340979496	2.3918918918918917
1475266227	4.0
0143115006	3.9066666666666667
0451465849	3.0
0099740915	4.0
0684862220	4.0
0142800562	3.0
0765303388	2.0
0312327773	2.0
0425143686	5.0
0312890524	4.0
0679891986	5.0
0316029181	5.0
0316033669	5.0
0142401595	5.0
B00844YOT2	2.0
0091883768	3.988543371522095
0060758287	2.0
1453813853	3.0
0860685411	5.0
0316159417	5.0
0385722435	5.0
0307274810	4.0
0316001821	3.2422110552763823
0300126891	5.0
0452269571	5.0
0938497421	5.0
0307454894	4.0
0399155848	5.0
0060256532	5.0
0451159497	5.0
0684852624	5.0
0316033650	5.0
1401341705	3.0
0385343663	5.0
0316055433	4.0
0062049801	2.0
0739458213	5.0
0061673234	5.0
0141301066	5.0
0061992259	5.0
0307272400	4.0
1477482415	5.0
0061148709	3.0
0099451751	4.0
1932961836	4.0
0352345209	4.673058485139022
0689829035	5.0
1569470154	2.9999999999999996
0316044776	4.0
0575076062	5.0
0743234413	2.9999999999999996
0764208977	2.0
0340822775	4.480952380952381
1891423029	5.0
0061284645	5.0
0307740994	2.9999999999999996
0151262276	4.0
1591291976	5.0
0312850093	5.0
1612182186	2.0
0872860175	4.0
0099453924	5.0
0812977610	5.0
0316734950	2.9999999999999996
0312286252	4.0
0812975677	3.0
073949015X	4.0
0060997028	1.0
0307739538	5.0
1401210562	5.0
0151013047	4.0
0140256334	2.0
0786883154	5.0
0446580953	4.0
B007QMHUR6	5.0
0330419129	4.0
1936558262	2.0
0060152508	2.0
1410422445	5.0
1573442755	3.0
0451216350	4.0
0385341067	5.0
074341134X	4.0
0743463803	4.0
043938950X	4.0
1891423002	5.0
0099464462	4.3049482163406205
0312857055	3.0
0684844419	4.0
0842322973	5.0
0316024597	4.0
0307455378	3.0
0451418433	3.548862115127175
1908530391	5.0
0307279464	5.0
0060755806	4.0
0195136292	5.0
0452287898	4.0
0316016748	4.413474240422721
031603438X	5.0
0061782165	4.0
0307943232	4.0
1400034477	4.0
0451221958	5.0
0741434172	1.0
0802118585	1.0
0758202946	4.0
1584790830	4.0
0307268306	4.0
1891423010	5.0
0375406182	3.0
0312857063	4.0
193301637X	5.0
0451459539	4.0
1400082544	5.0
039548829X	2.0
0316068993	2.0
0316089699	3.0
0143122649	3.0
0393064646	4.0
0140256350	4.0
0141012250	4.0
0143170090	4.645788336933044
067002032X	3.0
0141345713	5.0
0312338678	4.0
B0099HZSNY	4.999999999999999
0316726729	2.9999999999999996
0618680004	3.0
0812975243	4.0
0802119646	4.0
0452274583	3.0
0312428286	4.445588235294117
0060761288	5.0
0446401269	5.0
0061537934	5.0
1565129237	1.0
0061560936	5.0
1442346965	4.0
0312422504	4.0
0399154302	3.0
0439895979	3.0
031601477X	4.0
031218008X	4.0
0964060523	4.0
0753512343	4.0172910662824215
147674355X	5.0
0743296966	4.0
0743267117	3.0
0345438825	2.0
0007167040	3.0
0739476475	4.0
0385021747	3.0
015626224X	4.0
061834697X	4.0
190776190X	5.0
078601637X	4.0
037570518X	4.0
0060730552	4.0
189162041X	5.0
0099282194	2.9999999999999996
1847443796	4.0
0140280243	3.0
0307277232	2.0
0615123007	5.0
1400042909	4.0
0099406136	3.9888000000000003
0812968972	3.746287128712871
0020519109	5.0
0451169514	4.0
0340953950	3.0
0446579920	3.0
0140185003	5.0
0062105620	5.0
0821764020	2.0
1250014522	3.0
0446532436	5.0
0060878061	4.0
0345483863	4.0
0007205236	5.0
0375412824	3.0
0307382281	2.0
0718178122	5.0
0307277488	5.0
0091779251	4.276958882854926
039592720X	4.0
0739315293	5.0
0312422520	2.0
1482588218	4.0
0312330529	5.0
1416940022	4.0
0439139600	5.0
0374184216	4.0
0312342985	3.0
0312282990	4.0
159020090X	5.0
0375702709	3.0
1442362383	4.0
1401303277	5.0
0374104239	4.0
0143038745	5.0
0979368103	4.0
0743257367	5.0
0316187712	5.0
0060872985	2.0
0007149824	1.0
0007271166	5.0
1439177783	3.0
0099472252	5.0
0399158715	2.0
0736424563	5.000000000000001
0393065782	5.0
1845208048	5.0
0140179836	4.0
0316779423	1.0
0345494997	2.9999999999999996
0743270312	4.0
0061240230	3.0
0743291476	4.0
0743517784	5.0
030726419X	3.0000000000000004
0345483871	4.0
0316219266	5.0
0679435549	5.0
073932506X	5.0
B007RECSV6	3.0
0743457781	4.0
0446402389	4.0
0880014814	5.0
0306815176	4.0
1444729721	5.0
0316059862	4.0
0312305338	4.0
0786890754	2.0
0374280967	5.0
0316008079	5.0
1926997964	2.0
0316069418	5.0
0743225791	4.0
0307277674	5.0
0316776963	5.0
0778313956	3.0
0575081384	5.0
0140442103	5.0
0307358887	5.0
1936558300	5.0
0922233241	5.0
0307931889	4.0
155939157X	3.0
1621080552	5.0
0385350732	4.0
0739328735	1.0
0316067806	4.0
0143170104	4.999999999999999
0375706771	4.0
0307381668	5.0
0230530311	2.0
0743418166	2.0
0375422722	5.0
0307265439	3.6075808249721293
0312857586	4.0
014016622X	4.0
0446402400	3.0
074356619X	2.0
0007228023	4.999999999999999
031613399X	4.0
0380727501	2.0
0767915305	4.0
0718158970	3.0
0345476999	5.0
044617792X	2.0
0739339656	5.0
1741044502	3.0
0316098329	5.0
0375422730	5.0
0374281602	4.0
0060937548	4.0
0312319517	5.0
0446514152	4.0
0743597923	4.0
0739359266	4.0
0316014257	2.0
0743299841	4.0
0151008116	4.667344862665312
0307394956	4.0
0140281118	3.0
0142410705	4.0
0843941561	4.0
0743276728	4.503215434083601
0553528734	4.0
0618477942	4.0
0802170420	3.0
0884271781	4.999999999999999
0743251628	3.0
0374199833	3.0
0671315285	5.0
0316020702	5.0
0375422986	5.0
0385339933	2.0
0807000612	2.0
0140390847	2.0
1426200420	5.0
0606238409	5.0
1439164681	4.0
0399160701	4.0
0312144075	5.0
051754489X	5.0
0091800951	4.435365853658537
1590131118	4.0
0060529709	2.0
0061543667	5.0
0307393879	4.0
1416599061	5.0
0060778776	5.0
0940780577	5.0
1416532218	2.0
0060792825	4.0
0007147295	3.0
014028334X	4.0
1596916974	4.0
0307381463	5.0
0375422994	5.0
0143036742	4.0
0743270363	4.0
1590131126	5.0
014311350X	4.0
0345493036	4.0
0938077007	5.0
0446580074	3.0
B00BIFZK9C	5.0
0895261618	2.0
1416534628	1.0
B0090W7ZB6	1.0
0345505336	4.489263803680981
1598879251	3.5550660792951545
0679009396	5.0
0060542098	5.0
0615718388	5.0
1596912367	4.0
0385339518	5.0
0446552437	4.0
0595308937	4.0
1561634018	4.0
0595468721	1.0
0399154094	2.9999999999999996
0142429104	5.0
0312947437	5.0
0312424671	5.0
0316969443	5.0
1599620774	5.0
0061578916	5.0
0099574918	4.0
0307383415	3.5741496598639455
0307917371	4.0
0375415483	5.0
0143058754	5.0
0142428280	4.0
0399250484	5.0
0142418471	4.0
0399154078	3.0
0143034545	4.0
0758226969	4.0
1455124168	4.107611548556431
0641934173	4.0
0345426266	5.0
0385523904	5.0
0857521012	4.331013916500994
0375890246	5.0
0671776126	4.0
014014773X	4.0
0375501851	5.0
0446194204	4.0
0307275000	3.0
0345476700	5.0
0385315546	5.0
B00BMEMPI8	5.0
0743578155	5.0
0061243582	5.0
0618405445	4.0
157322281X	5.0
0316086371	3.0
0312185863	5.0
0141188936	5.0
0060897848	4.0
006000438X	4.0
0316042919	3.0
0439064864	4.999999999999999
006112429X	5.0
0525951059	5.0
0375500510	2.9999999999999996
0743464451	4.0
006165597X	5.0
0743467728	4.390173410404624
1439183368	3.0
0967174805	5.0
0374131430	4.0
0061765279	3.0
0953820505	5.0
0061468363	4.0
0374292795	4.0
0743569628	4.0
0399159347	5.0
0312206100	4.0
0439139597	5.0
0786891459	5.0
0425229866	5.0
0141034734	5.0
0880707755	4.0
0060735414	4.0
0061791555	2.0
0316044768	4.0
1416551735	5.0
0446547204	3.0
044900371X	4.0
0641500815	4.0
1555534252	5.0
055299703X	4.0
1401310435	3.0
0385340540	4.6000000000000005
0062001043	4.0
0375434305	4.443131462333826
1561487503	5.0
0613262808	4.0
1600700225	5.0
067943822X	5.0
0812971779	5.0
0060175400	3.2591463414634143
0743567218	3.0
0143034901	4.793727598566309
0399151842	4.0
0751536822	4.470404984423676
0316044741	5.0
0385339526	5.0
1585421065	3.0
0345532023	4.0
0345477685	3.0
1424149134	5.0
0307388670	4.0
0312313810	4.0
0385340990	4.693080113512333
0312534884	5.0
0307712842	4.6303921568627455
0865475814	4.0
0374275637	4.0
0312537913	5.0
0756609194	2.0
086171380X	5.0
0061969559	4.0
1844164179	5.0
1573228583	4.0
0385339534	5.0
0399152938	4.0
1903931843	4.756428571428571
0345532015	4.157264957264957
031628663X	3.0
B004BDOK6M	5.0
014118938X	5.0
0061340634	4.0
0758228775	3.0
140004460X	2.0
0312355025	5.0
0807531472	5.0
0974914576	5.0
0736919244	5.0
0743406117	4.0
0385340761	5.0
0515146013	4.0
038551851X	5.0
0312206372	4.0
0312289723	4.0
0979585503	5.0
0340920246	5.0
0385339542	5.0
0446582247	5.0
006079156X	4.0
0060735449	4.0
0312361947	3.0000000000000004
0786863625	2.0
0375508619	2.0
0446579009	4.0
0439023483	4.45919610231425
0316243922	4.0
0679447164	3.0
030726890X	5.0
0312169787	4.0
1552979938	4.0
0970321295	5.0
0446619116	2.0
0547055072	5.0
0061097934	5.0
0743476875	3.0
1400067529	5.0
0517580519	2.0
0307387178	4.0
1590201698	5.0
043920352X	5.0
0439023491	3.0
0385492510	5.0
0312370830	4.1754789272030655
1594485151	3.0
0141182571	5.0
0800719026	5.0
0312940645	4.0
B004NIFNM0	2.0
0061707805	1.0
0061728969	5.0
0307593916	4.0
0307276716	5.0
0954407598	5.0
030738604X	4.0
0671721046	4.0
0345340833	3.0
1414311613	5.0
0345453433	5.0
0312427794	2.0
1594486255	2.0
0141181230	5.0
0425203018	4.0
0375831002	4.812182741116751
0393081575	5.0
0307275639	5.0
0967959136	3.0
1552785084	4.0
1935071823	5.0
1439129835	4.0
0141194529	5.0
076115678X	5.0
0312531583	4.0
0446580260	4.0
0316010707	5.0
1588514455	4.0
0471719331	5.0
0316228532	3.4114906832298137
0375423001	5.0
0991841107	2.0
0679642811	4.0
1439102767	5.0
1906321884	4.0
0143143646	2.0
193281518X	4.0
0062244752	3.0
0312187459	5.0
0312278586	3.0
0595355277	5.0
0345456327	4.0
0060874465	5.0
046503165X	5.0
0393051072	5.0
0609607081	4.0
1400067685	4.0
0385265700	4.0
0307943194	4.0
0142001740	4.45670731707317
0345477030	5.0
0312424183	4.0
0230704158	5.0
0345504968	4.0
1400047838	4.0
014311977X	5.0
0061779725	2.0
0740755234	4.0
0805083375	2.0
0061856436	1.0
0385732554	4.0
054774501X	4.0
0307475255	5.0
0345533054	5.0
0143114085	2.0
0312424191	4.0
0060888644	5.0
0615604722	2.0
0553579975	4.0
0553110977	3.0
0307394182	5.0
0385740166	3.0
0356502465	5.0
0778328791	4.0
0385341326	2.9999999999999996
1439168113	4.0
1404315659	4.0
0743554434	4.842046303211351
0312427468	5.0
0060545623	4.0
0061779741	4.0
0307452360	3.0
0230704131	5.0
0061950726	5.0
0316159360	4.0
0441015271	5.0
0316002623	4.0
0375422188	5.0
037542217X	5.0
0307275833	4.0
0743418727	2.9999999999999996
1416909966	4.0
0451212924	2.9999999999999996
0972872604	4.0
0312338708	4.0
0743251059	5.0
0425212688	5.0
0060545607	5.0
0307595951	5.0
0307353400	5.0
0743254562	5.0
0385340001	4.0
0812975995	5.0
1594487154	5.0
0060586125	4.0
0553576445	4.0
0060828579	3.0
0143116487	5.0
1907016414	4.756428571428571
0374193681	5.0
0060987103	3.0
1741041856	4.0
0143115138	5.0
0143119737	4.0
1595540563	4.0
0316013943	4.0
0143142356	3.567081604426003
0062206281	4.23076923076923
1594489343	5.0
0385513534	5.0
0425269566	5.0
1926760689	5.0
0812977963	3.0
0140441840	4.0
0312425074	5.0
0307338282	4.0
074320607X	5.0
0375423052	3.0
0394571053	4.0
0061122416	3.0
0451459067	4.0
142671162X	2.0
0316033782	4.0
0316011770	5.0
0060853972	3.0
0671875264	2.0
0747590923	5.0
055338483X	4.0
1580631789	4.0
0743289420	3.0
0446531081	4.511326860841424
0143142372	4.7691441441441444
0307743926	3.0
0061706558	2.0
0449012751	4.0
031615976X	5.0
0060554738	5.0
030758836X	4.223006351446718
1481026372	4.01159420289855
0425269558	5.0
0060563486	4.0
0375414959	4.0
0375506713	5.0
1580080111	3.0
0142417807	3.0
0140120831	4.0
0316159778	3.0
014312093X	5.0
0310259347	1.0
030728364X	5.0
0312355297	4.0
0385333501	4.0
0312360401	4.010401188707282
0151002290	4.0
0965624773	4.0
0316012831	5.0
1595540547	5.0
0739354574	4.0
0307885151	4.999999999999999
0517220849	5.0
0143037145	3.5017325017325014
0061703257	5.0
073935650X	4.0
0671027344	3.0
0765306530	5.0
055359253X	5.0
B00A7DDB06	4.0
0778303640	2.9999999999999996
0151014248	5.0
0345456319	4.0
1400079446	5.0
0739474812	4.535670356703568
0399153535	5.0
0312358334	3.0
0061997811	5.0
0316010669	5.0
1493560336	3.0
0142002887	4.0
0140435387	4.0
1410419991	5.0
0761139834	4.0
0812976886	3.0
0676978584	5.0
B008P2NA9I	4.999999999999999
1932416595	4.0
0141188014	5.0
0143059165	3.0
0316021555	5.0
0743266102	5.0
B00JPRHTGC	5.0
039449038X	3.0
0312274823	4.0
0425184757	4.0
0345531957	5.0
1478125950	5.0
1550226657	4.0
0743202759	5.0
0060590254	2.0
1469259273	5.0
030726999X	4.0
1864501723	5.0
0345410165	3.0
1616200790	4.0
0099443635	4.431626336522228
1400044162	5.0
0316601950	4.0
1605984302	4.0
0312427050	2.9999999999999996
0307346498	5.0
1844163741	5.0
1476724911	3.0
0061128856	4.0
1400077087	3.480127186009539
0780648838	5.0
0140586954	5.0
0375830995	4.0
0345384369	3.0
0385336608	5.0
0312873409	5.0
0062008110	2.0
031231521X	5.0
0385509480	5.0
0385491069	2.9999999999999996
006074068X	4.0
0201517892	4.0
0615347770	5.0
1455522090	4.0
0375411402	2.9999999999999996
0761136193	4.0
0198326769	4.6260635915808335
0375504737	4.0
0307914801	5.0
0345531973	4.0
1400108268	5.0
0452288835	5.0
0316017922	4.0816077953714975
0451460669	4.0
0307271633	4.0
031234967X	4.0
0385265565	5.0
1416534121	4.0
030726646X	4.0
0684810549	5.0
0141326085	3.0
014118776X	4.495049504950495
0140143505	4.0
014144102X	4.0
0099287595	3.0
0143037749	1.0
1401303366	3.0
0307337332	5.0
0062224077	5.0
0316034010	4.0
039306123X	4.0
0446573094	5.0
1440721726	2.7257918552036204
0345531965	5.0
0786866586	2.0
0385510012	2.0
0061711527	3.0
1570613818	4.0
0312427085	3.0
0307269973	4.0
0439241871	5.0
0439023513	2.0
0718156056	4.0
0425269779	4.0
0316154741	5.0
0385729324	5.0
0307716511	5.0
0316175668	5.0
0345451910	4.0
0446579807	4.0
1935563327	2.0
067166607X	5.0
0399154019	4.0
0060838728	4.4938080495356045
0352341394	4.756428571428571
0743448960	2.9999999999999996
0714531146	4.0
0670033944	5.0
0452285305	1.0
0786888768	5.0
0060887184	5.0
031230434X	4.2366737739872065
0374105235	4.0
0143058266	4.0
0739326074	4.0
0385729332	5.0
0307453278	2.0
0374126453	5.0
0060959037	5.0
0345427637	4.0
0743277287	5.0
0099536765	5.0
0446579815	4.081460674157303
0743241924	3.0
0060928360	3.0
0143038419	5.0
0241970253	2.0
1400051754	5.0
0800719816	4.0
0385528191	5.0
0812977793	5.0
0316713732	5.0
0842305068	5.0
0765311046	4.0
0142428094	3.0
0312340443	4.0
0679805273	5.0
0061010650	4.0
0805061738	4.0
1940026032	5.0
0143036688	4.0
0446531685	5.0
0099429799	4.33091202582728
0141004312	4.0
0312420234	1.0
0312605293	4.0
0385729359	5.0
0099911701	2.0
0751537683	3.0
0307387828	4.0
009951169X	4.0
014241493X	3.0
0399165363	4.0
0439813786	5.0
0307388921	4.0
0062112244	4.0
1844165736	5.0
0399152288	4.0
0786868724	5.0
0312349483	4.0
0140282777	4.0
1463605137	5.0
0007231601	4.0
1864501731	5.0
1940026016	4.0
0007442920	5.0
0613065425	5.0
0451232704	4.0
0060899190	5.0
0312340427	4.0
B00C4BA42W	5.0
0385729367	5.0
0312306342	4.0
1400041619	4.0
0307275132	5.0
0143112589	4.0
0743298853	4.686686686686687
0140440046	5.0
0307876705	3.0
0615879179	5.0
0393060349	3.498115577889447
0061130400	3.0
1586482122	5.0
0307385906	4.214285714285714
0739465538	2.0
0060892455	5.0
006000603X	4.0
0060526769	2.0
0553246089	4.0
0061338818	3.0
006073132X	4.0
0750940158	4.0
1906931240	2.9999999999999996
0525949909	4.0
1456347187	2.0
0929636627	5.0
0895260433	3.0
0385608136	5.0
0394500792	5.0
0689867174	4.0
0393060578	4.0
0061962163	4.0
0446311774	2.0
0452275490	5.0
1905802412	5.0
0062077309	4.0
0307913090	4.0
0451194861	4.0
0060892463	5.0
014131088X	3.0
0345460030	2.0
1439153663	2.0
0385335482	3.0
0553384090	4.0
0595009751	4.0
0312343515	4.0
0553386271	2.9999999999999996
0307474712	3.5072115384615388
0006551807	4.570236439499304
1416590595	4.0
148020725X	4.0
0345455932	5.0
0061149047	5.0
0393039765	5.0
0142419400	4.0
0316735043	3.0
0143124544	5.0
0449907481	4.0
0307275167	4.390117035110533
1599951584	4.0
0330456717	4.0
0060558121	2.0
0307389251	4.0
0340862424	4.0
0812977378	4.0
1596871202	5.0
037550284X	4.0
076531052X	3.0
1844164683	5.0
045122650X	5.0
0143114964	3.0
0375423966	4.0
0307879178	4.0
0312427808	5.0
0142004146	5.0
0141034262	4.288428324697755
0316777730	1.0
0340600322	5.0
0316018953	4.0
1400106656	3.0
0553572997	5.0
0060590297	5.0
0375506160	3.0
0758246668	4.0
006089248X	3.0
0307712508	5.0
030728090X	3.0
1591026938	5.0
0452278961	5.0
033044123X	3.988543371522095
0547744943	3.0
0385337450	5.0
0671447548	5.0
0099478897	5.0
0743284887	4.0
1439152780	3.0
B0041T5AOW	5.0
0140263616	3.0
038533611X	4.0
0061015733	4.0
0143142801	4.491883116883117
0143113623	1.0
1905264887	5.0
0671035770	5.0
0007107927	2.0
0312183100	4.0
0515090506	4.0
0571224644	5.0
044651862X	4.0
0807021679	3.0
0140621199	4.0
1434838285	3.0
1844165310	4.0
0141035579	2.0
B00E0VDEDK	5.0
0312567251	3.0
0743496701	2.0
0385511809	5.0
0066209773	5.0
044650534X	4.0
0142003077	4.0
0375413189	5.0
0060792981	3.0000000000000004
0064440206	5.0
015600710X	5.0
1416585834	4.0
0595440096	5.0
1481898914	3.0
0060890096	4.0
0615351913	5.0
0399150838	3.0
0395411599	5.0
0307278867	3.569500674763833
1841954667	4.0
0061573132	3.0
1400083028	5.0
0143037706	3.0
0345533666	4.481707317073171
1932033890	5.0
0143036610	3.0
039915308X	4.0
0425168700	4.0
0739359339	4.496350364963504
009956064X	1.0
0060817089	5.0
0064440214	5.0
0399156372	4.0
0452295297	4.039812646370023
B009SQTD28	5.0
0307957934	3.0
1416900667	4.0
0743260244	4.0
0740750399	4.0
0553818295	4.0
0609809431	5.0
0007299540	5.0
0802777236	5.0
0971088896	4.0
0141884819	5.0
0393050939	5.0
1416550518	4.0
0140284125	5.0
014280018X	5.0
0786867906	4.0
006085880X	3.0
0312422156	4.3719165085389
0312576986	3.1178807947019864
1596911360	4.0
0813031524	3.0
0316056863	3.0
0312422164	3.5109375000000003
1416585850	5.0
0151015392	3.0
0767915836	5.0
0062516981	4.0
0375508546	2.9999999999999996
1551662744	3.0
0743454529	3.639814814814815
0743496728	3.0
0743204123	4.0
0091895820	5.0
0099513021	4.0
0345419677	4.0
0544217624	4.0
0399233814	5.0
0316739030	4.0
0060896426	1.0
0312364083	3.0
1590202465	4.0
0140115854	4.0
1580051693	4.0
1400152984	5.0
0316012823	3.0
0861711769	4.0
0425204456	5.0
0006514006	4.361875637104995
0061160903	5.0
0689845510	5.0
1416552944	4.0
0307346943	5.0
B007Y1OS4M	3.0
0307961311	4.0
1902881834	5.0
1408842432	4.0
0061956317	4.0
0765317583	4.0
0307743675	4.0
0007444117	5.000000000000001
0307408841	4.294449670743179
031218087X	3.0
0451173317	5.0
1844165388	5.0
0061147931	4.0
0986631051	3.0
0517543052	1.0
0345534557	4.6416837782340865
0060792795	5.0
055352626X	4.0
0679463348	3.0
0141039280	4.768629065459036
0312368461	3.0
0312332688	4.0
1401302718	4.0
0312536712	5.0
0812971671	4.0
0375424652	4.0
0307276414	2.0
0452287081	4.0
0425202496	4.0
0143113011	5.0
0061922315	5.0
1400044731	5.0
0330508830	2.0
0307275973	5.0
0743294297	2.0
0307743659	5.0
0385516401	4.0
031242678X	4.0
0007386648	5.0
0307379418	5.0
0446540730	4.0
B004ZUT15G	4.0
B00CHNTQWG	3.0
014103355X	5.0
0452288142	4.0
0007201796	5.0
1608192156	3.0
0312626681	3.0
044650002X	5.0
0451223896	4.0
0451215850	4.0
0060977493	4.0
0739334670	4.397172236503856
0743243307	4.0
B007Z40U2M	3.0
075820681X	4.0
0312369727	3.0
0061144835	5.0
0451215842	4.0
0330517783	5.0
0307381757	5.0
0767912357	3.0
0345803485	1.5062240663900415
0615503322	4.0
1439172773	4.505200594353641
0060874481	4.0
0060582006	5.0
0142800376	3.0
0307386171	4.290229885057472
0778314340	3.0
0307273571	3.0
0345419685	3.0
0399159010	1.0
0307265749	2.0
0312273231	1.0
0743264452	4.0
0847827615	5.0
0143101226	5.0
0312674945	5.0
0805098542	2.0
0399145079	5.0
1401302513	5.0
0743599357	4.0
0980916305	4.0
0452289459	1.0
0312597010	3.0
0451221257	2.0
0553382047	3.0
0142800384	4.0
B00A529V62	1.0
0385519702	4.0
0345419693	3.0
038551641X	3.6005188067444878
043935806X	5.0
0143121073	4.0
0345487559	3.0
0062073605	5.0
0307265730	4.273515677118078
1400095085	5.0
0385338139	5.0
0143112120	5.0
0385507968	5.0
