B00AMRGYL0	5.0
B007OALZAI	3.0
0983478260	5.0
1490945008	5.0
B00GQEYTDS	5.0
1489523413	5.0
0804176809	3.0
B00C5VBBHI	4.551515151515152
B0057PFWDI	5.0
149106062X	5.0
B00GANYNVI	5.0
B00BTKMKJ4	3.0
9769556629	5.0
1482754533	4.0
B00GDY43XM	5.0
0989013146	4.7477121464226295
B00D3OB9U0	4.039877300613496
1896944302	5.0
0983574863	5.0
B00HYR3GGC	5.0
1466298758	5.0
B00F8HEYQ6	5.0
1480264520	4.0
B00EWZJI16	2.0
1622661486	5.0
1475070373	5.0
149474080X	4.0
1484947983	3.0
1936198665	4.0
1909527009	4.0
0345534379	5.0
0984692304	5.0
1450577067	4.0
B006C25GGI	4.0
0615920160	4.0
1468158740	5.0
148270403X	4.0
1495489442	5.0
1628301686	4.0
1623780276	5.000000000000001
098901312X	4.653241906084539
0989013138	4.830570262998003
0615782043	5.0
B00EB4LMV2	5.0
0988483769	2.0
1938857267	5.0
B00DMP7XYG	4.0
1494289105	5.0
1576857379	3.0
1467964344	5.0
1480287733	5.0
075826321X	4.0
0758252692	5.0
1937053571	5.0
B00DJLCK0A	3.0
0062278789	4.0
1456562363	5.0
0985220902	5.0
B00ESJ41XQ	2.0
B00GW3XEMK	1.0
0515124095	5.0
0981497810	3.0350877192982453
B00E1G1U7G	2.0
0615395368	5.0
B00DPYZZXA	4.0
1496048547	4.0
0975275658	3.0
B00DPAFPQG	2.0
B00ANVNTEU	5.0
B00J8XH39G	5.0
1480219851	4.0
1493686798	4.0
1484021959	3.0
1461052149	3.8335403726708073
0993737048	4.0
1481136194	3.0
1482387530	5.0
0984747206	4.0
0956998518	5.0
0615329810	5.0
0373795424	5.0
1495450198	5.0
B00FITKWBA	4.0
0758207212	5.0
0739471740	1.0
0982841485	4.0
1482017229	5.0
1939769280	3.0
0316068004	5.0
0615225888	5.0
B00IXXXUSU	4.0
B00IA6ZGWI	5.0
1490406018	5.0
1481280767	2.0
149230123X	5.0
1484857739	4.0
B0085WGU3G	4.999999999999999
0743218027	4.0
1484830202	3.0
1494280876	5.0
1492109738	3.4070422535211264
1475233639	5.0
1495963837	4.0
0981584330	5.0
B00EZ5N6Z2	1.0
0615945694	4.0
193639927X	4.0
1492133779	3.515479876160991
B00HSZ2F4O	5.0
B008THOUEI	5.0
B00EFDMSF8	5.0
B00CWL2C10	5.0
1494957612	4.0
B005J4EXPU	5.0
B00B7176O4	3.0000000000000004
1622661451	5.0
0843958626	5.0
B007IPDMIM	4.0
1601629745	4.0
B00I8N3NO6	4.0
1493546066	5.0
0425263908	2.0
B004ZR9EOW	2.0
B00E89S3J4	5.0
0615612784	5.0
098848370X	4.999999999999999
0980031109	4.0
B0097CWDCU	4.0
B00D3NIAEY	4.0
1493586912	5.0
B00EAZXVFM	4.65260821309656
B00D5FK5WA	4.0
1624300057	5.0
193815021X	4.0
0615821421	5.0
149350696X	2.0
0615770274	5.0
B008XB10AC	4.0
B0093CKWRC	5.0
B007BJFEEA	5.0
1481291866	5.0
1432743309	4.0
B00GBFNG0E	5.0
B007VTY1VC	4.0
0984692347	5.0
B00G2BKV28	4.0
0758203039	4.491452991452991
0985190361	5.0
B00BRP6FEC	5.0
B00ES1IWVQ	5.0
1491021217	3.0
1490333932	2.0
0985149914	5.0
1479201359	2.586525759577279
0615274838	4.0
B00CPF70CY	4.0
099601361X	5.0
0982657048	5.0
0758231849	3.0
B00JDTZA9A	5.0
030758836X	3.0
1492291560	5.0
B00CTY1PN6	5.0
1494483556	4.0
B00AOEV6XW	3.0
B00JIB4LR0	5.0
B00D4Z3RDK	5.0
1482605694	4.0
1480177806	3.0
B005OR3B2I	5.0
B00KOBJ1HS	5.0
0553563343	5.0
B009N7OVTW	5.0
1497435943	5.0
B009VKXARU	5.0
0758215142	2.0
1491072431	5.0
1896944841	5.0
B00LDECR4Y	5.0
B0041846M0	5.0
1771150033	4.0
0615810632	4.0
0545329752	4.0
0988483734	5.0
1492833940	3.0
1453767428	4.470160116448326
0557453070	4.999999999999999
1480198854	5.0
0988709376	5.0
1612177956	4.0
1484076249	4.0
0375503234	1.0
1495972216	4.0
B00JUCH25U	4.0
B00IWFPCXA	5.0
0451417909	4.0
1909490199	4.0
0375813659	5.0
0061375365	4.0
0984692320	5.0
1494853515	3.0
B00EW4P2JY	4.0
0979805104	5.0
1492111848	5.0
B00GFCQRVI	4.0
1624210082	4.0
149549702X	5.0
0971769788	5.0
0615796982	4.0
1495993507	4.0
1466354267	5.0
B00IVT2RTE	5.0
B0078TJMRI	4.0
B00IXAZPX6	5.0
1620610310	4.0
1623780667	5.0
1495307352	5.0
1490952624	4.999999999999999
1495245462	4.0
0375870415	5.0
0615683703	3.030959752321982
B002BDT64A	3.0
1500122726	4.0
0991431308	3.0
0505526395	5.0
0615250556	5.0
B0079M0YA8	5.0
0985697709	3.606060606060606
B006QYH9SU	1.0
0615316816	5.0
0143123629	5.0
1466346779	5.0
069221593X	5.0
059531323X	5.0
0975258931	4.0
B00GVB3NQA	4.0
1939769213	3.0
061548686X	5.0
B005QUVGTS	5.0
B008VF567I	4.0
B00G96POIW	2.0
1477578749	5.0
0375430504	5.0
1440562237	3.0
1484159403	4.0
B003UHVV44	4.0
1495320103	4.0
0312547285	2.0
B00DOVTENG	4.483333333333333
B00CB1COG4	5.0
B0090VOMSG	4.0
B00BH4ZLR0	4.0
B005JPBBRM	4.0
0983434824	5.0
B003RWS5TQ	3.0
B00E5790KA	5.0
0975546430	5.0
1491049588	4.0
0375430512	5.0
B00DU6ZNE4	5.0
006230240X	5.0
B00G1R33B4	5.0
1613646887	4.0
1556520743	5.0
0991379659	3.0
B00LNCDC72	5.0
193876823X	4.0
1406332933	5.0
0988105411	4.0
B00E2YJUJM	4.0
B00GDW08LK	2.0
0983574804	5.0
B007144QCG	4.0
B00H6X6B66	3.0000000000000004
0984776540	3.0
1938593103	4.0
098316570X	5.0
0761149163	5.0
1937546160	5.0
1478167203	4.0
0984529063	5.0
1490494871	5.0
1497400775	5.0
B00F4OO7V0	5.0
B00FILC2FM	5.0
B0097BB930	5.000000000000001
B0064MQZHU	5.0
0981963196	5.0
1615729968	2.0
1491212284	5.0
B00H55YEBE	4.0
0764129929	4.0
B00I48V9XM	5.0
1432796364	4.0
B0095VONZS	4.0
1461092426	2.73231031543052
1481932861	4.0
1493577921	5.0
B00GQJ6DO6	5.0
1493750461	3.0
1453772642	5.0
B00D214ECY	4.0
0615695965	4.0
1491097434	4.999999999999999
1449966128	5.0
1939081041	5.0
1496130367	5.0
1936399318	5.0
B00HMVELIC	5.0
B00HJ7KXTU	2.0
B00BG1VMK4	4.0
1492731846	4.598168870803662
1940584000	4.0
1409229009	4.0
0312969759	3.0
B00ABWN11C	4.0
B00DCB6JF4	4.0
0985697733	4.0
0982387911	5.0
B00J8OV1FM	4.0
B00KQGSFLE	4.0
1477553371	3.0
B009Z4WGQI	5.0
B005IYXXRU	5.0
0718178122	5.0
B00FE7IVZU	4.999999999999999
0142410586	5.0
1493600249	5.0
1482008238	5.0
1419964615	4.0
1484180453	5.0
0595434819	5.0
1479294462	5.0
1937178420	5.0
1494777916	5.0
149731061X	4.0
0984489711	5.0
0142417092	5.0
0984786368	3.0
B0054DR3YE	2.0
1601624352	5.0
0985709669	4.0
0987384937	5.0
B00E0THO8S	5.0
1468081969	4.51123595505618
0615868401	3.0
1481276891	5.0
0983222622	5.0
1480085065	4.0
1620073633	3.0
B00I6NM3LW	4.0
B003Y5HCOU	4.0
1467930571	5.0
0983736707	5.0
1492899461	5.0
0988919516	5.0
B00BJS19OS	4.516768292682928
0977733556	5.0
0615771181	1.0
B007WUMF9U	4.0
B00KCE12J2	4.0
B009APH3I8	5.0
1481177060	4.0
1934230952	4.0
0984415041	5.0
1623420490	4.0
1939173175	5.0
B00KM9986G	4.0
0974226912	3.0
147008726X	5.0
1604333529	5.0
B00F1G8WXK	4.0
B00FNB0FA6	4.0
0557543533	4.008174386920982
0989302504	5.0
1939081017	5.0
B007GDUVNA	5.0
B00DP5AS7W	5.0
B00HFUAP8K	4.0
B00727JK28	2.9999999999999996
B00AG3A1YG	4.0
193815018X	4.0
B00ILD4C8E	4.0
B0046ZSN1S	5.0
B00BOTU4AW	5.0
0553591746	5.0
1940748003	4.0
B00EVAV6ZI	5.0
1934230707	5.0
B006ZPB620	3.0
B007S7LKFM	5.0
0971769702	4.0
B00C4XHZVS	3.0
1480257540	5.0
1475005148	3.0
0983429774	5.0
0877795800	5.0
0976102544	5.0
1481171410	5.0
1461036003	5.0
0142001198	5.0
0758226985	3.468113975576662
B00KAI06NS	5.0
0545537460	5.0
0989492559	5.0
1499145012	5.0
1482519518	4.0
0451465261	4.0
B0056B7QOQ	1.0
0758247559	5.0
1484050827	5.0
B00466HTA8	5.0
1492781622	5.0
1481056522	1.0
1466314400	5.0
1477545778	5.0
B00HVTE94G	5.0
0987384902	5.0
1475191103	4.0
1440565473	4.0
0985131853	5.0
B00L2XGC1A	5.0
B00CHQI58O	5.0
1440565457	4.0
1484020162	5.0
0615424686	3.1664596273291927
B008Q5YQB0	4.0
1489502025	5.0
1482713551	5.0
1478391626	4.0
B00GJYH4BO	5.0
1490559175	4.453665283540802
0981649521	5.0
1623420571	4.0
B00II4HX7S	5.0
B00CMJ90M6	4.0
B00EM2KI90	5.0
B00H6C05IW	5.0
1593091745	5.0
1439165319	2.0
B00GMW1MJI	5.0
B00FVE8V8I	5.0
1492182125	5.0
B00I8G2U60	5.0
1494238330	5.0
B00HJ14BUI	5.0
B00KVOTDRQ	5.0
B004U34BZS	4.515479876160991
0983393230	1.0
1481294482	4.999999999999999
0984401709	4.0
0971954917	4.72234935163997
B00G6DFXCA	5.0
1938404351	4.0
B00ECNGR80	5.0
1478111046	5.0
0615809057	5.0
B00IGFK9P2	5.0
B00EZ6239G	5.0
B00HBR0QIG	5.0
B007NFGSC4	5.0
B00HSQFWCA	5.0
B00AJWFE3M	5.0
1470088223	5.0
0985656220	3.0
1557255598	5.0
1620610078	4.0
0996055800	5.0
1482369311	4.0
1482678659	5.0
148014178X	3.7293640054127204
0615598528	4.0
B008DYXT5S	5.0
0979804736	5.0
1449549101	5.0
B00CQYAWAG	4.0
1476755108	5.0
B00I66RCRE	4.0
1601623763	3.0
0800759702	5.0
0578049449	4.0
0721601464	5.0
B00H5CZUII	5.0
B0045U9SG8	4.0
149236732X	5.0
0985343494	5.0
B00GUNAJ66	5.0
B0051MFVN8	3.0
1612177166	4.0
B00JLZCUTO	4.0
B00BW6U0EM	4.0
1477809783	5.0
B00FJ6DW00	4.0
0615454283	5.0
1497326923	5.0
B00IJNO03S	4.0
B005I56ZS8	4.0
0983728933	4.0
B00C8C6GGK	5.0
B00DR5X2TQ	4.0
1492123595	2.0
097980471X	5.0
B00EZWXE8Y	2.0
098316696X	4.0
B00GK5AP5O	5.0
1480231487	5.0
0373860641	3.0000000000000004
0971769737	2.0
B00LDV3YNA	5.0
0982654324	3.0
0984611061	5.0
B00B7PBN4E	5.0
B00CVUJSYQ	5.0
B009POEAY4	5.0
1491099348	4.0
B00GZ9CSHS	4.0
1620612429	4.0
B0069FJE4S	4.0
B00HLNYA3W	5.0
0979746221	5.0
1623429110	4.0
0615734847	4.0
B00EY5DALS	4.039877300613496
1494296470	3.0
1481056557	3.0
B00AWW2P1S	5.0
098429337X	5.0
B00G9IYA5I	5.0
0975546406	5.0
B00IDW3QV2	5.0
1601622775	5.0
0615796842	3.0
0971769729	5.0
B00BUA5E78	4.0
1481227564	4.547889815516806
1741829364	5.0
0981649556	4.508547008547008
B00GDU3OP4	4.0
B00GFSKLFA	3.0
0981649548	5.0
B008B0EFMU	4.0
1476744106	5.0
1492781568	5.0
0451229932	5.0
1490436529	4.0
1495459225	4.0
B008U6Z4MA	5.0
1439173117	3.0
B00GCG7GTE	3.0
1476756546	5.0
1489528857	3.0
1463526245	4.0
B007YJMUAS	5.0
9769528781	3.8584686774941996
1491283610	5.0
0312360096	5.0
0983756929	5.0
0316027650	4.0
1938857402	5.0
0957484623	5.0
1939416183	4.0
B00AKXO2B0	5.0
1615729887	4.0
1927806011	5.0
B00C3N1E8Y	4.0
0615942423	5.0
1938442466	5.0
B008LE00OS	5.0
B008LFL2SU	5.0
0061443069	5.0
1496146352	4.0
0985538554	5.0
1940534224	4.0
1617060380	5.0
0557384737	3.0
1482729970	5.0
B0057JQ3JQ	4.43756558237146
0758269064	5.0
B00AIC7K26	3.0
1492897418	5.0
1479116661	5.0
0991841131	4.0
1414334761	5.0
0982654367	5.0
0984562109	5.0
B00GQOI146	5.0
1482007622	5.0
B00JDLFHRI	5.0
1463587244	3.0
1934230685	5.0
0974636711	4.0
0470581786	5.0
B00KB5B1XY	5.0
1597124176	1.0
B00FQK0D38	5.0
0956998569	5.0
B00B8GKCR6	5.0
1432793578	4.0
1484121937	3.0
B008SC0UMA	5.0
1481195220	3.0
1484820800	5.0
1600430295	3.0
0615343848	4.0
0983051852	5.0
0615875793	5.0
1494277859	4.519938650306747
0425255700	4.0
0071747303	5.0
1492717924	5.0
160162199X	5.0
1453622039	5.0
1482329727	5.0
0741453711	4.435166327223353
1493640984	5.0
0972697837	4.0
0007444117	1.0
B00HPMD68O	3.579505300353357
1601545010	5.0
B004WPP8YW	3.0
1934230359	4.0
B00HVSNSSK	5.0
095748464X	5.0
1483911896	5.0
1939416159	2.0
1453854495	3.0
0809556987	5.0
1612173705	3.0
1484954556	5.0
B00DFKEXS2	5.0
1630990043	5.0
0446572446	3.0
1492184373	4.0
0988695146	5.0
B00EBUPSLG	3.579505300353357
0982145578	5.0
B00CLIPENM	5.0
B00E9INNEO	4.0
0985236760	5.0
B00GIURUEA	5.0
B00IMT2NMO	5.0
B00E88U03M	5.0
1467991554	5.0
B004ISLNYC	5.0
B00HFD4BSW	5.0
1492747890	4.0
193332080X	3.0
1482687240	4.0
0802086578	5.0
1480217840	5.0
1482729709	5.0
B00F3I3YZC	4.134099616858237
0316200182	5.0
1490349529	4.0
097974623X	5.0
B00I6HKI9C	5.0
B00JRW3TA0	5.0
1490506853	4.0
0743579631	5.0
1611099137	2.0
0989140334	5.0
1470112787	5.0
0979179521	5.0
B00DUF86GC	5.0
1466344946	5.0
B00F3OZ48G	5.0
B00BUVDQ3Q	4.0
B00DI6WRKE	5.0
B00G0XXD1O	4.542582417582417
0061728977	4.0
1482012294	5.0
0451456734	5.0
B00BCQ6PYQ	5.0
147529154X	5.0
1483912647	5.0
1492848468	5.0
1480090166	5.0
0446572500	2.0
1481175785	4.0
0553826093	3.0
B00BP9H3B4	5.0
9769548634	5.0
0989492508	5.0
B00AMTL6V6	5.0
1466352213	5.0
0988054094	5.0
1600430007	5.0
1622660757	5.0
0615874754	5.0
B00BHJCHP4	4.0
1492863602	5.0
193885733X	5.0
1482777169	1.0
1484133714	4.275167785234899
B007JCWYA6	5.0
0786014865	5.0
1937053245	5.0
147529591X	5.0
B00IVD0B66	5.0
0345803485	4.0
1470154005	5.0
0385492723	5.0
0061443123	5.0
B00HASZ9FQ	4.680679785330947
B00F9EADLS	5.0
1462846890	5.0
B003UHVVHG	4.0
B007345BTG	4.0
B00EGIT6BQ	5.0
1492242497	5.0
0989121879	4.0
1480012289	5.0
B00F98VTA8	5.0
B00KHB6WIG	5.0
B00K3NNHXG	5.0
B00KAHPQJS	5.0
0975275615	3.0
B006L4C066	5.0
1494765594	5.0
0983392900	4.0
0989339211	4.0
B0080RDG0G	2.0
B008OXJJYS	3.550304878048781
B002SVQCM4	5.0
B00KC8Q522	4.0
B00FM85OC4	4.0
1479176850	5.0
B00K1D49JE	5.0
B00EOCR1UM	5.0
1477809732	5.0
1484104161	2.0
B008SGZOL8	3.0
1477808647	5.0
1878076493	4.0
B00H1LK3XU	5.0
B00DJ6W3ZW	4.0
0345803493	5.0
B00AQYG1CQ	5.0
B00HYM3O1Y	1.0
147501239X	5.0
B0056NXF80	5.0
147013909X	5.0
B00AM8Q0YU	5.0
B00BMQN08U	2.0
B00D3V0HVA	5.0
1475121407	5.0
B00CYKHQW4	4.0
B00G7IEV5Y	5.0
B004SI455Q	5.0
194095102X	5.0
149287146X	5.0
148125720X	5.0
0972800581	5.0
B00ARFNR9E	5.0
