0446195901	3.0
0316094625	4.0
0312680457	3.0
1622422430	5.0
084395986X	4.0
B00H0UT5KO	4.0
0316071986	5.0
B008EK92MU	3.0
B002GEDDYI	4.0
0446577391	5.0
014311638X	4.0
0061686514	4.5
B0087GQA9E	4.0
0805088946	5.0
0307390942	5.0
1606994050	4.0
0307897079	2.0
0425256162	4.0
0143038338	4.0
0758207557	3.0
061548428X	4.0
0761456384	5.0
0061132381	5.0
0553592610	4.0
0307957233	4.0
0778315118	3.0
193335349X	3.0
1937776417	3.0
1933821388	5.0
0373802498	4.0
1934030732	4.0
031618330X	4.0
0061558230	4.0
1896944523	4.0
0062049607	4.0
1432766368	4.0
1416917462	3.0
0451233786	3.5
1400005299	4.0
1432753061	4.0
0099503093	2.0
0425256189	5.0
0061093920	4.0
0062000373	4.0
0843945257	3.0
1499611552	5.0
0061558222	3.0
0439875900	5.0
0425154114	3.0
0812975634	4.0
B007PJ5QEY	4.0
0062279939	5.0
1594267138	4.0
0060185074	5.0
1477476199	3.0
1410440478	4.0
0142410292	5.0
0307291146	5.0
0060788704	5.0
0824947932	4.0
1451628587	4.0
1476757097	4.0
1423111443	3.0
042524413X	4.0
B009284PFW	3.0
0316220884	4.0
0763649309	3.0
0345525345	3.0
0143115022	3.5
1610342283	5.0
006125701X	4.0
0451221753	1.0
0770107559	5.0
1493698486	3.0
0452283892	4.0
0340042389	5.0
0547506147	4.0
B005ISQ7JC	3.0
0061449091	2.0
B009AMLDIM	4.0
0143038389	4.0
1482619954	4.0
1610342275	3.0
0199754411	4.0
0312655452	3.0
0307957276	3.0
0062224840	2.0
0061245097	5.0
0137009275	4.0
0679755829	4.0
0778328473	4.0
1573447625	3.0
1595828842	5.0
0805093494	5.0
0061787280	3.0
146541438X	5.0
0375414827	4.0
0988435101	1.0
0451411129	3.0
143914799X	5.0
0061245089	4.75
0061284645	4.0
0753515016	2.0
B00DKIUKYA	3.0
0375414819	4.0
B009NUK80A	5.0
073949015X	5.0
0330426575	3.0
0061230898	4.0
0307279456	4.0
0142301094	3.0
0312272766	4.0
039447922X	5.0
1469201615	4.0
0375869204	4.0
B00BUKRA5W	4.0
0007231989	3.0
1461057205	4.0
0061239224	4.0
B007OEVCNY	4.0
B00DTWQJBA	4.0
0060762101	5.0
0757303544	4.0
1936305267	3.0
1590584287	4.0
0553578367	4.0
074323443X	5.0
1439147973	5.0
0825603412	5.0
1456306448	3.0
1616952067	4.0
0393039242	4.0
B004U2USMY	4.0
0451531035	3.0
0980245346	3.0
0060193506	3.5
1600102751	5.0
054404584X	5.0
1402274807	4.0
0446195979	4.0
045146270X	4.0
0142301086	4.0
0974524662	5.0
0061624217	5.0
0151002517	4.0
0743583264	4.0
0399147845	4.0
0385475721	3.0
0399160817	5.0
0553824341	4.0
0307592375	3.0
0307452069	4.0
0805093435	3.0
0373778201	2.0
006207203X	5.0
0679759328	3.0
0142410209	5.0
0399160809	5.0
0062072064	5.0
1470162873	4.0
0767912918	3.0
0425263290	4.0
1595549099	3.0
0374184216	4.0
1616201312	1.0
1402785925	5.0
0375702709	4.333333333333333
1451623747	1.5
0151301182	5.0
0307278107	5.0
B00CGDV36E	3.0
160312134X	5.0
0142410233	4.0
030737792X	5.0
0316094609	4.0
B003AZY6FM	3.0
0451462769	4.0
0983650322	1.0
1594148627	4.0
034541005X	3.0
1600101461	4.0
0142410225	5.0
0743457536	2.0
0061366242	1.0
0486229270	4.0
1936305291	4.0
0142410241	4.0
1105728331	1.0
0679435549	3.0
0062183737	4.0
0446402389	4.0
0316014508	2.3333333333333335
0061239240	4.0
0060919760	2.0
0805093427	3.0
0425199975	1.0
0451224019	3.0
0547581483	4.0
0894803123	5.0
0596527349	4.0
0142428469	3.0
1451645163	4.0
0330319922	3.0
1575666995	5.0
0393060691	4.0
0553560204	3.0
0061957933	4.0
1595823913	5.0
0452298032	4.0
067001303X	5.0
0062511343	3.0
1441503978	3.0
0446402400	4.0
0385523939	5.0
0671212095	4.0
1909878553	3.0
006170363X	4.0
B00BF1C29A	5.0
1479360899	4.0
159448550X	4.0
0307750922	5.0
0312140940	4.0
1476745005	4.0
0345496329	3.0
1402244983	3.0
0375406328	3.0
0471792160	4.0
0743597923	4.666666666666667
1605044288	4.0
B009OKRB3Q	5.0
B004Y1KCMW	3.0
0609604147	4.0
031238193X	4.0
0671315285	4.5
0060193484	5.0
0385336667	4.333333333333333
0345506200	4.0
0385473117	4.0
0802120350	5.0
0061240273	4.0
0061957917	5.0
0545169178	4.0
0786011890	4.0
0385336675	3.5
1478172517	4.0
0596100167	4.0
B007WMZC8O	5.0
0316039772	5.0
0199538794	4.0
0449909719	4.0
0312360185	5.0
1616952040	5.0
0670010820	5.0
B0079X0CZO	4.0
1439153752	4.0
B00H23TS6K	4.0
1619210665	4.0
1612184944	3.0
0385361661	4.0
076136157X	4.0
0425221539	4.0
1451672721	3.0
0312360193	5.0
0380806312	4.0
0373785364	2.0
0596529961	2.0
0440214947	4.0
1439164428	4.0
031611040X	3.0
0061986488	4.0
0446572470	2.0
0879234059	3.0
084395373X	4.0
161218717X	3.0
0399160752	4.0
0307587878	3.0
0061719153	4.0
0758200102	2.0
0451227999	3.0
0060897848	3.0
0425221512	4.0
0345531159	4.0
1400068819	3.5
0425264637	4.0
0345803787	5.0
0061727679	4.0
0399157174	4.0
1780883102	2.0
B00DL3ALBG	4.0
0446698520	2.0
0345340418	3.0
1492291870	4.0
0843960906	3.0
0316212377	4.0
B005D75Z8C	5.0
0312948174	2.0
0765322846	3.0
B007PJGW1K	4.0
1441892176	4.0
1478377976	1.0
1612182321	3.0
0312950489	3.0
1461154472	4.0
0425265951	4.0
0345353730	4.0
1439153736	4.0
0743228685	1.0
0525951490	4.0
098544634X	5.0
0765322854	3.0
0061583227	5.0
0307388670	2.0
0982144350	4.0
045122793X	3.0
1451628684	4.0
1587672286	3.0
0743241657	3.0
044657242X	2.0
1424131642	3.0
1452858748	4.0
0385318871	4.0
042526596X	4.0
0446572446	2.0
0061727660	4.0
0762439629	4.0
1861001266	5.0
0375725466	4.0
1416568182	3.0
0446602930	4.0
0312426437	4.0
0957652607	4.0
0756405718	4.0
0312169787	3.0
B008GE00GG	3.0
1494788373	4.0
006218850X	4.0
0312591829	3.0
0061728977	3.0
1938243897	5.0
0545027896	5.0
0553278398	3.0
B00BOEOOBC	3.0
1935961284	3.0
1560101261	4.0
1601450060	4.0
1467913006	4.0
0061583219	4.5
0982144342	4.0
1250011914	4.0
1440423601	4.0
1612182364	4.0
1627413480	5.0
0740770969	5.0
1400042216	4.0
0553589091	5.0
0061728969	2.0
1402244959	3.0
1619269295	3.0
B008S29WT2	4.0
0765322811	4.0
0345495039	3.0
0452298040	3.0
B006OUZBR2	2.0
0061434779	3.0
0312282060	4.0
1612183662	3.0
156097589X	5.0
0061702323	3.5
B0050I758C	4.0
1592536131	5.0
0985374217	4.0
0967754615	4.0
B00H0UT5UO	4.0
0345428285	4.0
0982144326	4.0
1610390040	4.0
1606779745	5.0
0385343833	3.0
0375401466	5.0
0142417793	5.0
0061558265	3.0
0399157182	5.0
0515114499	5.0
0446699888	2.0
0446698555	3.0
0765334801	2.0
0967754623	4.0
0446524972	1.0
1904738923	4.0
0061765791	4.0
1934246638	4.0
1401301312	5.0
0873377664	4.0
0843960744	4.0
0143142798	5.0
1400067685	4.0
0743289455	3.0
0449224384	3.0
0425227723	3.0
0307582884	2.0
0374180563	4.0
1606019031	4.0
076135686X	5.0
078694871X	5.0
0843959746	3.0
0307338487	3.0
0451219333	3.0
0316068225	3.0
1401340903	3.0
0231129505	3.0
0312642075	1.0
1470131838	4.0
0307704114	4.0
0307594882	5.0
1400066360	4.0
0615569617	1.0
0606106766	4.0
0786720913	3.0
006199104X	2.0
034546527X	4.0
0060894083	5.0
0307275825	4.0
084395843X	4.0
0140048316	2.0
0312576005	3.0
0778328309	4.0
0380717581	5.0
0307453456	3.0
0307275833	3.0
147007169X	4.0
0761456236	4.0
1439199086	5.0
032147404X	4.0
0679644199	5.0
1464202192	3.0
1576603075	3.0
B00F72SMFQ	4.0
193597808X	3.0
1402273436	3.0
0439357624	4.0
1250010691	5.0
0743452615	4.0
1564774945	4.0
B00AT56I70	4.0
0553099809	4.0
0312681623	3.0
0312253486	5.0
0553589113	5.0
1453616381	2.0
0307477401	4.0
0385746997	4.0
1479224251	5.0
1416550038	5.0
0316159786	3.0
0312266790	4.0
0385491026	4.0
1401301363	5.0
0312681631	3.0
159058676X	4.0
161926322X	4.0
0451218043	4.0
140031836X	4.0
0060541431	3.0
1401235506	4.0
0425226425	5.0
031615976X	4.333333333333333
1608192660	2.0
0451219368	4.0
159212240X	5.0
031233656X	4.0
0446546305	4.0
0425269590	5.0
0446547638	2.0
1440104662	4.0
0307914208	4.333333333333333
0062194348	4.0
0060815221	4.0
0307885151	5.0
0425226417	3.0
1470057395	5.0
1494247534	3.0
0151014485	4.0
0345465253	3.0
B0090RV3JG	3.0
006197806X	5.0
0312655347	4.0
0060566728	4.0
0739474812	4.0
B0097HRNF2	3.0
043977733X	4.0
0316159794	3.3333333333333335
1455120596	4.0
0374302081	4.0
0380728257	5.0
0786016620	3.0
0441008534	4.0
B004EYU9PY	4.0
B00BED26WC	4.0
0451181964	4.0
0316127353	4.0
0802120547	4.0
030726999X	5.0
1594744769	4.0
1594742111	4.0
0446564109	5.0
0374299625	4.0
1610344782	4.0
1940223040	4.0
1250003555	5.0
140124887X	3.0
1596436239	5.0
0060889578	5.0
044654146X	4.0
0804165742	4.5
1605981044	4.0
1603584323	4.0
0300166311	3.0
1936305380	5.0
014101587X	4.0
0307908364	5.0
0982649444	3.0
0312656645	3.0
1596324619	4.0
B0037263Y0	4.0
0425256235	4.0
0312992432	4.0
006114097X	3.0
B00AA0Q0J0	4.0
B00EBN532W	1.0
007882396X	2.0
0061140988	3.0
1611099838	4.0
0142410306	3.0
B00DYV2JBU	3.0
0307750884	4.0
0740781588	5.0
1937085430	5.0
0970601905	5.0
1932557717	3.0
1416558829	4.0
1461084741	5.0
1442359919	3.0
0061124028	3.0
0451201191	4.0
0764200747	5.0
0743260678	5.0
0761150447	4.0
0316127310	4.0
0970601980	4.0
006213468X	5.0
0062104896	3.0
1592406890	5.0
0312992416	5.0
0399134409	5.0
0316069515	4.0
1611940834	4.0
074349959X	4.0
1453624821	3.0
1612187137	3.0
1938404602	4.0
1402200455	5.0
1442409053	4.0
0441019242	3.0
098476559X	3.0
0330461001	5.0
0142408026	3.0
1442422017	3.0
0307477479	4.0
0312569033	3.0
1579623182	4.0
0671040596	5.0
0312361572	5.0
B00BED271M	4.0
B00HRC5UHM	5.0
0842386025	3.0
144240907X	2.0
0373778341	4.0
0449207862	3.0
1933016493	4.0
009951169X	5.0
0451462874	3.0
0385337957	3.0
1935142011	3.0
0425136191	5.0
0312361580	4.0
1605049239	4.0
031605755X	5.0
0007442920	3.5
0062032658	3.0
B00AQ8WX9W	3.0
0984295119	3.0
1451671563	4.0
0143121057	5.0
1250026261	4.0
006016848X	5.0
1416937730	3.0
0425219305	1.0
1466337524	1.0
B0091USXFO	4.0
0805094601	4.0
0374372837	3.0
145168486X	4.0
0345495144	5.0
B0082BJFE6	5.0
0307990745	2.0
0545334748	3.0
0743572750	4.0
074340713X	3.0
0312858310	3.0
1480041726	4.0
1439153663	3.5
0312583206	3.0
0880387351	5.0
0312380704	3.0
B00G8OGIEO	5.0
B00C0ULZ84	4.0
1423103009	5.0
1461119847	3.0
0307951103	5.0
1470065886	1.0
1622416643	5.0
1477817271	3.0
B0073BFH1G	5.0
0778312771	5.0
0140285601	5.0
0786815639	5.0
0758238614	5.0
0312380720	4.0
1416569545	5.0
1416913769	3.0
0141800356	4.0
0486663280	4.0
1596328150	4.0
B00K7HSCC4	4.0
1622417968	4.0
045122650X	5.0
1596064153	2.0
B00BJTZTZC	5.0
0307395987	4.0
1594485658	3.0
0425125467	5.0
0307712508	4.5
0316693251	3.5
0062081608	4.0
0312619766	3.0
0805448888	3.0
147781728X	4.0
0767917898	3.0
0143142801	2.0
0061009059	4.0
1579623131	4.0
0843954930	4.0
0399158324	4.0
0843953616	5.0
1436312531	4.0
0440213738	5.0
0425137457	4.0
048620653X	5.0
0312674546	5.0
B00F433J6A	1.0
1402267509	4.0
1611188865	3.0
0446697192	4.0
038070918X	5.0
0743464583	2.0
1593154593	4.0
009956064X	2.5
0316027650	4.0
0375841547	3.0
0345485777	1.0
1450557929	4.0
0307269930	5.0
0451416147	4.0
0345508939	5.0
0307951154	4.0
1578566991	4.0
1939000114	3.0
037379746X	3.0
0786941243	5.0
1438945930	4.0
0451202503	4.0
0425101452	5.0
0399158375	3.0
0312365152	4.0
0743266854	1.0
039915969X	4.0
0743452585	5.0
B007PJGUOO	3.0
0786016612	4.0
1610349571	4.0
031238078X	3.0
0307743683	5.0
0446547565	4.0
B0043D2FBC	3.0
0316122599	5.0
0544217624	4.0
0979660742	5.0
1936488744	1.0
0316739030	5.0
1595144706	3.0
0738730467	4.0
082641267X	4.0
0465002919	4.0
1439141630	3.0
1491054492	4.0
0062049577	4.0
0778323498	3.0
0553273604	3.0
1438905025	3.0
0803734735	5.0
B008DVVLYW	4.0
1400068916	2.0
0143116533	4.0
0099496941	5.0
B006MHSGB0	5.0
8862930003	5.0
0441015662	5.0
0060882042	5.0
1597895229	4.0
1558323759	5.0
1400042313	3.0
0701176156	5.0
0307743659	5.0
0761456295	4.0
0312367775	5.0
1593155840	3.0
1897217404	5.0
0312380755	4.0
160684072X	3.0
0679742441	3.0
1416551417	2.0
0446572500	3.0
1933515511	4.0
1476705992	4.5
0312553498	4.0
0399157077	5.0
1444755323	3.0
1606840746	4.0
0061804193	3.0
0399145087	1.0
1433526670	3.0
0957313322	4.0
0345495152	4.0
1606840711	5.0
0307386171	4.0
1607063077	3.0
0316147869	4.0
0425239780	3.0
0151010986	5.0
080278853X	4.0
0843951044	4.0
0373250444	4.0
0310718120	4.0
B005Z1CG3S	4.0
0312577427	5.0
0380806290	4.0
0758200064	2.0
143924135X	4.0
0060098902	4.0
0743254880	3.0
0142427225	2.0
0316220930	4.0
0765309750	4.0
B00BNPJSTU	4.0
0312379781	4.0
0778314006	4.0
0786809620	4.0
0778315339	3.0
0060792167	4.0
B009SEKGNA	5.0
0380731797	4.0
0316056588	5.0
1470032198	4.0
031605657X	4.0
0385480431	5.0
0671015206	1.0
0062227289	3.0
0385342322	4.0
0671004565	2.0
0312577206	4.0
0307339459	3.0
0307593436	5.0
0545290147	3.0
B007YWNY2I	4.0
B0044KM2L2	3.0
0061926531	2.0
0778329984	2.0
1401351948	5.0
1421513897	5.0
0060083247	5.0
0806527978	3.0
0684818795	4.5
0345524241	4.0
1590587979	4.0
0316346624	4.0
0943151619	4.0
0007158505	5.0
1904738826	4.0
0375758992	4.0
0345476077	3.0
0240811909	5.0
0060539054	4.0
1932557423	3.0
0615543332	3.5
0385742010	4.0
0151013470	4.0
0843956151	5.0
1440172420	4.0
1590585321	4.0
0525950311	3.0
0618822216	4.0
0471214582	5.0
1470197782	3.0
B00DTIBSMY	3.0
1466410485	3.0
0375869069	4.0
0380818191	5.0
080509329X	4.0
0307237885	4.0
0142422010	3.0
0061926515	4.0
0451412249	3.0
0062183591	4.0
0843957417	4.0
1412958415	3.0
0451233964	3.0
1401311040	3.0
0373774907	2.0
0991920805	4.0
0061836923	3.0
0758219725	5.0
0385742037	3.0
0786851112	5.0
0340979496	3.0
159315707X	4.0
1569245134	4.0
0879516240	5.0
0991888146	5.0
0439903467	4.0
1477847154	5.0
0451217071	4.0
1250011639	4.0
0446578444	3.0
1400042054	4.0
0553592416	4.0
B00HJUNS6M	3.0
0312380348	4.0
125000098X	4.0
B006HJ72KE	4.0
1401323022	4.0
1611099757	4.0
0743260937	4.0
0345424875	1.0
0425239810	4.0
0385343663	4.0
1479319201	5.0
0982175698	3.0
0425268373	4.0
0316057851	4.0
1400068673	3.0
023070686X	4.0
B0071LLL2M	3.0
0060736054	4.0
0385341016	5.0
1927112141	2.0
0345476026	5.0
0765338203	4.0
0805094598	4.5
0312349513	5.0
0778326055	4.0
B007J39XJA	4.0
0137021143	4.0
0547053649	3.0
0843956100	4.0
0441010512	4.0
0312324294	3.0
1426707622	5.0
0553587897	3.5
0330419129	4.0
1410422445	3.3333333333333335
0385341067	3.0
1933718552	3.0
0099464462	4.666666666666667
0316693294	4.0
0373777159	4.0
1461159490	5.0
1606844105	5.0
1453812954	4.0
B007M8S3PM	4.0
0451221958	4.5
0452288509	3.0
1439176280	1.0
0984851747	5.0
0758202946	4.0
030795871X	5.0
0137154356	3.0
0321489845	4.0
0316693286	5.0
1611099714	3.0
0060899026	4.0
0316012114	3.5
1611457661	5.0
0802119646	4.0
B009NM3U1W	5.0
0802120644	3.0
0727880799	3.0
0761463275	4.666666666666667
0738736430	4.0
1455504750	4.0
045123393X	4.0
0307588920	3.0
0312375891	4.0
0452281091	3.0
0425243036	4.0
0451463803	5.0
B00B7SS1A0	4.0
1451645309	5.0
0399151273	4.0
1455504734	4.0
0310714885	4.0
0440539811	1.0
1416587004	2.0
1936305003	4.0
0425198812	3.0
1482577356	5.0
1421513870	4.0
0874774195	5.0
0425232328	4.0
0385311214	3.0
0020519109	5.0
0316404179	4.0
144241233X	4.0
0312561687	4.0
0307592138	4.0
0385350813	4.0
B007SFPGDG	4.0
0738723193	4.0
1565923987	4.0
006055469X	1.0
0886778905	5.0
0739315293	5.0
0743573641	3.5
B0081T1YNO	4.0
1479165077	4.0
1452652252	4.0
1619022370	4.0
1477849726	4.0
0843957492	4.0
1595143378	3.0
0743269357	2.0
0451236181	5.0
1933353228	4.0
1593075553	4.0
1936305062	5.0
0345532740	2.0
1595143394	3.0
0385533438	3.0
0805082557	4.0
0307266397	5.0
0060539097	4.0
0982661002	3.0
B0058V67G2	5.0
0786015268	2.0
0393065782	3.0
074758012X	5.0
1482311461	4.0
034549038X	3.0
B00BKK6FLC	4.0
1592994016	3.0
0399146725	4.0
0802120679	4.0
0007172826	4.0
0062073168	3.0
0380780747	5.0
0984851720	5.0
1451695659	5.0
0375852158	2.0
0375840176	4.0
0743294378	3.0
B00BCSNLHI	3.0
0399158650	4.0
0545104742	4.0
0517703351	5.0
1599906457	4.0
1551660288	5.0
0743561740	1.0
1563897024	5.0
B0042P5L9E	4.0
0743418166	4.0
1608199770	4.0
1616952237	4.0
0061140562	4.0
0743202228	4.0
0312962657	4.0
1937707296	5.0
0385737564	4.0
B00HB12QU8	4.0
0849900417	3.0
0312368712	5.0
0007228023	5.0
1416967486	3.0
0425232417	5.0
B003U89RS0	4.0
0679435360	2.0
0446504106	4.0
0316098329	4.5
0743294394	3.5
0374281602	4.0
B00C6EHDFS	4.0
0307358666	5.0
0307268934	4.0
0740763520	4.0
0964668416	5.0
0615537456	3.0
1934861979	2.0
1455526061	2.0
B004PLNR00	4.0
0399146644	2.0
0765307006	4.0
0743294386	2.0
0060723912	2.0
0446559245	4.0
144236193X	3.0
1592402003	3.0
0739443615	5.0
0312608985	5.0
1938601122	5.0
038533513X	4.0
0547567375	4.0
0061252085	3.0
0310290767	4.0
0099505967	5.0
0061059021	3.0
0140285539	4.0
0061715808	4.0
0061128899	4.0
098316696X	5.0
0061236829	5.0
0446572225	3.0
0446573558	5.0
0143123300	4.0
0399157352	4.0
0060822538	3.0
0399158685	4.0
0316969443	2.0
1553376846	5.0
0446504122	5.0
0380762951	5.0
0071445587	3.0
0007267622	1.0
B00EP7EEOW	4.0
0786017813	3.0
B0086OO3GE	5.0
B00HLQ7H1G	5.0
0671626132	2.0
0061731048	4.0
B003U89S8O	4.0
1416534849	4.0
161775031X	4.0
0316899984	2.0
0857521012	3.0
0596809158	4.0
1419688944	4.0
0385348452	3.0
0060833203	4.0
0316086371	3.0
1439140219	4.0
0439064864	5.0
125000585X	5.0
0747243670	4.0
0123746396	4.0
0425207463	4.0
0062188348	4.0
0399153802	5.0
144237134X	4.0
B00AFTZZZ6	5.0
0373250150	3.0
0312379447	3.5
0385527691	5.0
1439183368	4.0
081298000X	5.0
0373250142	3.0
0312600135	5.0
014242207X	4.0
0373772246	3.0
0316076929	4.0
1477847197	4.0
1595555056	3.0
0307387135	2.0
B00GG5BJ08	5.0
0062069888	2.5
1605047953	4.0
0759239630	5.0
1416963960	4.0
1401940544	4.0
0312614780	3.0
1439194017	4.0
054736461X	5.0
0375411089	4.5
0399157387	4.0
1476709181	4.0
0385479506	5.0
0805090983	5.0
0470503912	5.0
0738718688	3.0
0373250126	3.0
0983901104	4.0
0307472248	4.0
B003M5IP2A	4.0
0374533857	2.0
0140230270	2.0
0385737505	4.0
0061252093	3.0
1400073146	3.0
1569475938	4.0
0399156046	3.0
B00DRIF48U	4.0
0312537921	3.0
0373250118	4.0
042522788X	3.0
0312366159	4.0
1607063387	4.0
0312944829	4.0
0446548588	3.0
0547519737	4.0
1583333711	3.0
044657838X	3.0
B0041KLBG2	3.0
B003GIRSXA	3.0
1892597055	5.0
1612182593	4.0
0758291124	5.0
0373774869	3.0
0778329933	4.0
0553107240	2.0
0595719856	3.0
0451226801	3.0
1590587901	4.0
0307387178	5.0
0380731800	4.0
031612351X	5.0
1451641818	4.5
1477817328	5.0
1451641850	4.0
0373773560	5.0
1416595562	4.0
0316123536	5.0
0061702560	3.5
0679754334	3.0
0743566572	4.0
0982042604	5.0
0446674370	5.0
0553386522	3.0
1402217579	4.0
0385332947	5.0
0385526350	3.0
B00H6PV826	5.0
0061701246	3.0
B003TU22OK	4.0
1451641834	4.5
1439172633	5.0
0758221967	3.0
0061672238	4.0
0060185147	2.0
0980016282	5.0
0738705209	4.0
0375719296	4.0
0099494140	5.0
B005WO82WW	5.0
0385479565	5.0
031603116X	4.0
0399165738	3.0
0980016274	4.0
0843959991	4.0
1400042135	3.0
061568596X	5.0
045146267X	3.0
031236394X	4.0
1118360923	4.0
0316043133	5.0
1611099676	4.0
0140447571	3.0
0740769626	3.0
193700774X	5.0
0764229354	4.0
0758217005	4.0
B009LRWVF0	5.0
1495389812	2.0
039915373X	5.0
0310319943	4.0
0061659258	4.0
014219672X	5.0
B008B9DMZC	4.0
0544104404	4.0
0425192792	5.0
0399254234	4.0
0375757554	4.0
0595390005	4.0
0375858296	4.0
014310425X	5.0
0399140433	2.0
078603078X	4.0
0545107105	4.0
1401938175	2.0
1401324215	3.0
0312324316	2.0
0670022896	4.0
0786865644	1.0
0425231194	4.0
0345476131	4.0
1468301284	5.0
0452282438	4.0
0385342233	5.0
0425177181	5.0
0385342241	4.0
006108185X	3.0
1569475989	4.0
1620610914	3.0
0307387208	5.0
0143117564	4.0
1447262859	5.0
B00H6ETDTC	3.0
0307387216	4.0
030727828X	4.0
0399152466	3.0
B00DFQDFY4	5.0
0449808696	5.0
0756406757	5.0
084395860X	5.0
0843958618	4.0
B00D9UL1XI	4.0
0987340719	5.0
B008TWYCBY	5.0
0060828757	4.0
0385501129	4.0
0825307279	3.0
0340191074	4.0
B00B76JRIM	4.0
1439148988	3.0
0007171684	5.0
1627401415	5.0
0671207148	5.0
0061727695	4.0
0375757589	2.0
1402787154	5.0
1400068797	3.0
0671026011	5.0
0061672262	4.0
1940223202	4.0
0099457156	4.0
0770436250	4.0
0312555938	4.0
0843957301	4.0
1612177956	4.0
0812542967	3.0
0740706004	4.0
0374126879	5.0
1439188157	3.0
145165121X	4.0
B00FD7SGFG	5.0
0316076902	4.0
0812976886	4.0
0375836888	5.0
1627401407	5.0
0843958642	4.0
1582434085	4.0
0312387989	3.0
B00AQK77D2	4.0
0425256456	4.0
0425232484	4.0
0060590254	5.0
B007IX0KOS	2.0
0061451010	5.0
B00A9V2X3M	4.0
031623012X	5.0
0786948566	3.0
0802119786	4.0
0739327364	3.0
044658083X	4.0
0446580848	3.0
0962819034	5.0
0060512741	5.0
0307933555	4.0
0979755328	4.0
1612186009	3.0
142360105X	4.0
1619263033	5.0
1932664076	5.0
034539657X	3.0
0557094356	4.0
0061649872	4.0
0307958841	4.0
0801891620	5.0
0061721557	4.0
0811816656	3.0
B005L0LEBI	3.0
1859643299	5.0
0441010652	4.0
0061097314	4.0
1482996367	3.0
0758201508	5.0
1401932002	3.0
1400158710	5.0
0307749649	5.0
0393041654	4.0
0312384009	4.0
0151014604	4.0
0553471570	5.0
0137015461	3.0
0451221850	2.5
0307278271	4.0
0345505190	3.0
159307672X	4.0
0316357243	5.0
B00FPVB8NC	4.0
0060008032	3.0
031622913X	4.0
1615466436	4.0
0316154741	5.0
0061659223	4.0
0743572440	4.0
1416975888	5.0
0786017759	3.0
0738735051	4.0
054410577X	4.0
1416599142	3.0
0375859551	2.5
0099415372	5.0
0312374623	3.0
0316040924	5.0
0739326074	4.0
006144295X	2.0
1419693557	4.0
B00CIOFYVG	4.0
0786017767	4.0
0060833262	5.0
B009ZKMDVK	5.0
0143038419	3.8
0754094634	4.0
1599951967	3.0
0130925691	5.0
0099494175	5.0
0425202631	4.0
1605984752	4.0
1452131309	3.0
0446601241	3.5
0786017775	5.0
1940026032	5.0
0312387962	5.0
0133039439	2.0
0385534892	3.0
0767927494	3.0
0375719261	4.0
0441020011	5.0
0345378768	4.0
0060194995	5.0
0545255635	1.0
0307969509	4.0
161620253X	3.0
1484074343	4.0
B00AP97Y3C	4.0
B00A22UVIM	4.0
1590581709	4.0
B00AXTO1FS	5.0
0373892039	4.0
0689821816	5.0
0060833289	5.0
1606015249	4.0
0545284171	4.0
0060580860	5.0
1616952121	4.0
0312648049	4.0
0743294254	3.0
1444756451	4.0
0316025283	5.0
0525954015	5.0
006073132X	5.0
0547744986	5.0
0670062103	4.0
0979996023	4.0
0385738773	1.0
0982633602	4.0
1425746845	3.0
B0057070EM	3.0
0307913090	5.0
0316404152	4.0
1622415566	3.0
1607377446	5.0
1601624670	5.0
1611940583	3.0
0767916751	3.0
0452287227	4.0
1558744630	5.0
0451237471	4.0
0979996058	4.0
0142301108	5.0
0399159843	3.0
0979692997	3.0
030746296X	1.0
1426700288	4.0
0449907481	4.0
1449435483	4.5
0446547387	4.0
B00CJ96E78	4.0
0679723129	4.0
B00H0NK3WA	3.0
1476734216	2.0
0061061433	4.0
0060558121	4.0
0696210029	5.0
1401233066	4.0
0843951257	4.0
0981781098	3.0
0195097319	4.0
1416926836	4.0
0451224175	4.0
007154609X	4.0
1606840576	4.0
0982061625	4.0
B00HTDVBZ4	5.0
0743226127	4.0
1628736097	4.0
0758201524	3.0
0060590297	4.0
1582405565	4.0
0060872918	4.0
1936305232	2.0
156592262X	3.0
0547744943	4.0
006087290X	4.0
1592911528	3.0
1449986129	5.0
0544045602	3.0
0373771096	4.0
031238534X	4.0
0982061617	4.0
1616952156	4.0
161262006X	5.0
0312573685	3.0
0060755334	2.0
061528406X	4.0
B003E3603Q	3.0
1453636528	2.0
0061013765	5.0
0767916794	3.0
0062006207	4.0
B004X7LYPQ	5.0
1440166625	3.0
0758201540	5.0
0312573693	3.0
B00G62TPXE	4.0
0385736169	4.0
0307267520	3.0
0751547875	5.0
1451616929	5.0
0060590270	5.0
1847562094	4.0
0007189885	4.0
1402253133	4.0
0676974538	5.0
0761453849	5.0
0385498799	4.0
1565923928	5.0
0525426094	5.0
0446543837	4.0
1936305208	3.0
0823032744	3.0
1416595619	4.0
1250003326	4.0
B009JW4NRG	3.0
1605983365	4.0
B003FGWVC6	4.0
1844164489	3.0
1932664017	4.0
0982061633	4.0
0373534647	4.0
0143117637	5.0
0470520388	5.0
0743288408	3.5
B008F6DEW2	4.0
031237822X	4.0
0470455764	4.0
0002242052	5.0
038551316X	5.0
1476717710	4.0
0147509734	5.0
1590581687	4.0
0061957895	4.5
B00H9KEAKA	4.0
0425251675	4.0
0375407707	5.0
1250030935	3.0
B00IBLRJV8	4.0
1569474745	4.0
0978705408	4.0
0373250258	3.0
1465414347	5.0
B0070Y015S	4.0
0070534489	5.0
0099297701	3.0
B00DTIBTG4	3.0
0545107083	3.0
0062115286	4.0
1493640984	2.0
0380507730	4.0
0441014100	4.0
0670256536	3.0
1416583696	4.0
0195120183	3.0
0143118951	4.0
0316185906	5.0
0374173184	1.0
031287636X	5.0
0399157263	5.0
0887842526	3.5
1416583688	4.0
0307263991	3.0
0765315386	3.0
0801012546	5.0
0312998767	5.0
1617950785	4.0
1402243758	1.0
0321269063	4.0
159691288X	4.0
0451214773	5.0
0743294297	3.0
1423116186	4.0
1441781854	4.0
0312986777	2.0
B00DWY4HSC	4.0
0262611465	5.0
159184472X	5.0
1580052975	4.0
0007423632	5.0
0373772327	4.0
0307939693	4.0
0385526458	3.0
0312626681	3.0
B0068NUNI2	4.0
0425238679	3.0
0142196835	4.0
0062024027	4.6
0441016766	4.666666666666667
1611450047	4.0
1580052983	4.0
076534033X	5.0
1438201931	4.0
0689869789	4.0
B004QQ3MHC	4.0
0312378211	4.0
0007266499	4.0
0786024860	4.0
0140296131	3.0
1479106593	4.0
0060573775	3.0
0373250207	3.0
0810988933	3.0
1612183786	5.0
0307977935	4.0
0425224074	4.0
0399169288	4.0
0979004349	4.0
1463534922	3.0
0385738757	3.5
1477436820	4.0
0394583760	4.0
0316051586	5.0
0385738749	4.0
0060738871	5.0
098004250X	4.0
0142196819	5.0
0307717127	4.0
0978511905	5.0
1416561013	5.0
193705330X	2.0
0441015131	4.0
0316059854	3.0
B00AVNSAVC	4.0
0743487842	4.0
0984178619	4.0
0759530033	4.0
0553591754	4.5
0553590421	3.5
0765326000	4.0
0738726001	4.0
0425145662	4.0
1118554809	4.0
1416563660	4.0
1470010151	3.0
1940210003	4.0
0375704914	4.0
0452282128	4.0
0781430763	3.0
0060724226	5.0
0374271569	5.0
0061584991	5.0
1416587624	2.0
B001IP0UIS	5.0
0615603750	4.0
0425226743	3.0
0553591762	3.0
0525950583	2.0
1610348850	4.0
0385526547	5.0
055359043X	4.0
1481038206	2.0
B00BIPJDZ4	4.0
0345446429	3.0
0307464474	4.0
0393318680	4.0
0373895488	4.0
0061020540	4.0
061543925X	4.0
0141027592	3.0
1935097288	5.0
0812977823	5.0
0195067142	4.0
0547279671	5.0
1569474796	4.0
0307387747	5.0
037379214X	4.0
0781430747	3.0
0312359586	4.0
0345524497	4.0
1445713608	4.0
1448642256	4.0
0751308137	4.0
0061374229	4.0
1250024722	4.0
0007419449	5.0
0312359594	5.0
0701181850	5.0
0345422473	4.0
1481090801	4.0
0385730284	2.0
193351521X	4.0
1616950781	4.0
0312856830	5.0
1451609825	3.0
0671046160	4.0
0425225461	3.0
140004314X	3.0
0449001733	4.0
1455525839	2.0
0385503857	3.0
B002A4MIEA	4.0
0099740915	5.0
1419968939	5.0
0345523180	5.0
B0097K9WNK	4.0
1590513460	4.0
1416989536	4.0
0547358113	4.0
0452296722	4.0
0743299361	1.0
0375425128	5.0
1433527367	4.0
0987337211	4.0
0778326292	4.0
0380730200	5.0
0062071130	4.0
1421559447	5.0
B005Q10F9Y	4.0
0307476405	3.0
030738778X	4.0
0060510862	5.0
0316009571	2.6666666666666665
0060873418	5.0
0385742282	4.0
0345476271	3.0
0143099701	5.0
1590513444	4.0
0615621589	5.0
081297784X	5.0
1605980897	4.0
1595143173	3.5
0195038630	1.0
0385503806	4.0
0758232101	1.0
1605048232	4.0
0786868678	3.0
1476765111	4.0
0671028375	5.0
034543448X	3.0
0670086398	5.0
B00DLFP48Y	4.0
1423160894	3.0
1586488740	5.0
1605296449	5.0
0307236722	5.0
0982827334	4.0
0679445358	3.0
0670031216	2.0
1612620035	4.0
0740749994	5.0
0373055161	4.0
038553101X	4.0
0307716619	4.0
096795200X	5.0
0061998885	3.0
0671028367	4.0
0761455450	4.0
0671027034	5.0
0812977874	2.0
0374298661	5.0
023070932X	4.0
B005GWE4FE	3.0
1612620043	4.0
0205581498	3.0
0991322207	5.0
1612620051	5.0
0312383290	5.0
0547935196	4.0
0983952450	3.0
0451229215	5.0
1603582053	4.0
0006485944	4.0
0345434471	5.0
0743269535	4.0
0316734594	4.0
143274013X	3.0
1595140921	3.0
0765322471	4.0
0525423400	4.0
0373605455	5.0
0061998850	3.5
0553591711	4.0
0446577758	1.0
0071413340	4.0
1594146411	4.0
0061429899	4.0
045121854X	3.0
1401225659	4.0
0312245564	5.0
0380713748	4.0
0316072818	3.0
055359172X	4.0
8132051017	4.0
1419698915	4.0
1401226981	3.0
0385342179	5.0
B0074CPUXY	5.0
1612620000	5.0
0393927326	5.0
1619267101	4.0
1484102886	4.0
0312861362	4.0
B0073H86H2	3.0
0312358296	5.0
1568383657	5.0
0452278902	4.0
0545141958	3.0
1592850804	5.0
1612620019	5.0
0740747398	4.0
0399154582	4.0
0061996203	4.0
067943335X	3.0
0615483305	4.0
0061998869	5.0
0671028383	5.0
006207993X	3.5
0307717925	4.0
0544025830	5.0
1250024765	4.0
0446535931	5.0
0316059862	4.0
0553591746	5.0
0470114630	3.0
0061138010	4.0
0399148612	5.0
0615850634	3.0
0451464168	1.0
0312377428	4.0
0307931889	5.0
0451235150	5.0
0843963581	4.0
1843104954	3.0
0142420980	3.0
0982845286	4.0
0425195139	4.0
0743582438	4.0
0307279863	4.0
0441009239	4.0
0451220900	4.0
0385351836	4.0
1416593535	5.0
0373250770	4.0
1419695010	4.0
0316178438	4.0
0684822598	3.0
1615720529	5.0
0425206335	4.0
0786022124	3.0
0061138037	4.0
1584796626	5.0
075820230X	4.0
0989206408	3.0
0307381641	4.0
0547443218	4.0
0061928127	4.0
0451196716	4.5
014023313X	4.0
0759550425	4.0
0545081750	4.0
1622425057	3.0
0312577907	4.0
0814473644	5.0
0061725404	3.0
0312378769	4.0
0345542215	5.0
1587672677	4.0
0060788380	5.0
1608090922	3.0
0140071075	5.0
B003X976CA	3.0
0553271369	5.0
1930485328	5.0
0140071083	5.0
1416507493	3.0
0399159304	5.0
0785826076	4.0
0345505336	3.0
0061340812	3.0
0446552437	4.0
0425232611	3.0
1464201234	4.0
B0071EEIM4	3.0
0062065246	4.0
0099244926	3.0
0425218368	4.0
0393072231	4.5
1490460381	2.0
0671724738	4.0
1419672355	3.0
0843952881	4.0
0385735197	4.0
0802473156	5.0
B00BWY3UKU	3.0
0843963557	4.0
0988391392	4.0
0553583395	3.0
0393072223	5.0
1594487731	5.0
0451235134	3.0
0553470558	4.0
0547569335	3.0
0803732473	3.0
0060293233	4.0
0310265584	3.0
1592403522	5.0
1479234826	4.0
1622415639	5.0
B00I3QZ7G0	5.0
1416594884	3.0
0547959109	4.0
0316045187	5.0
1619218127	4.0
0312671148	3.0
0769648398	5.0
0373296118	4.0
0060759836	4.0
0385336233	5.0
0143114247	4.0
1593155530	4.0
0375433694	3.0
0984725040	4.0
0312535996	2.0
0399159347	5.0
0979706815	4.0
1605292885	4.0
0312868855	3.0
B009WGQLZQ	4.0
0373776861	4.0
0982845200	4.0
0517189186	3.5
0915132397	4.0
0446609110	3.0
0670012122	3.0
1250028396	3.0
1935654764	4.0
0761462651	3.0
098726513X	4.0
B002R5B0WI	2.0
0373776853	4.0
B00GVJ4WOY	3.0
1623220513	4.0
0307271072	3.0
0099458322	5.0
0143036092	3.0
0307271080	5.0
1622426304	4.0
031299091X	5.0
0740754440	5.0
0373774222	3.0
143910123X	4.0
1477808604	4.0
0385349580	5.0
0399146008	4.0
0836217179	5.0
0399159312	3.0
0061433012	3.0
142155934X	4.0
0449911683	5.0
B00AU54042	4.0
0307906868	4.0
1477808612	3.0
1931081670	5.0
0615213847	5.0
1569246297	3.0
0140449175	3.0
0743276744	4.0
031605366X	4.0
0743246926	2.0
0060525118	3.0
1476725888	4.0
0688137881	5.0
0446401528	4.0
0385525249	4.0
0142420921	5.0
0871403404	4.0
1470131234	3.0
0143115529	5.0
0812993144	3.0
0312965966	4.0
031298118X	5.0
0765309408	3.0
1594485151	4.0
B004HILXB6	5.0
0060525126	4.0
1936279819	4.0
0553106163	3.0
0765327260	4.5
B00ED1ZHZK	1.0
0781448921	3.0
0385492723	2.0
037550317X	5.0
1402240104	3.0
B006VD56J0	3.0
B00CK55RJ2	3.0
1594486492	5.0
0446401501	4.0
0451412990	4.0
0060525134	4.0
B00HG6NBDY	4.0
1464201293	4.0
0061234001	5.0
1427814287	5.0
0345524438	4.0
0061138061	4.5
1463655274	2.0
0446504777	4.0
0849943728	1.0
1250003059	1.0
1937053385	4.0
B0099EF2K6	3.0
0770437729	5.0
0316053643	4.0
0061992763	2.5
0060082216	5.0
0312383304	2.0
0312576463	3.0
1250012899	5.0
1623220335	5.0
1455525987	3.0
B00701DQSU	5.0
0451218493	3.0
0441015255	2.0
0385515995	5.0
1594485186	5.0
0141026162	4.0
B00873ASTK	4.0
B00H9MIFXG	5.0
0061721743	5.0
B008Y9LUX0	4.0
1425963080	4.0
1439156379	3.0
0812977912	4.0
0553106244	1.0
0425224201	4.0
1432700863	4.0
1616950617	4.0
1439223092	4.0
1439152802	5.0
1619261049	5.0
0553588249	4.0
0345458524	3.0
0312383320	5.0
1482658143	4.0
1423121317	4.5
B0090MXTVG	1.0
1930110006	4.0
0446533424	3.0
0778328783	4.0
0316198935	2.0
0778326128	4.0
0380731460	4.0
1616951923	5.0
0385333951	4.0
B004R96TBY	2.0
1413903649	3.0
0312551371	4.5
1480180289	3.0
0330484966	3.0
0778326136	4.0
1439156395	5.0
0307476561	4.0
B007J4YRFE	3.0
006056458X	3.0
1598588400	3.0
0875796133	4.0
1455550957	4.0
0399154418	5.0
0399256687	4.0
0767913981	3.0
161695065X	4.0
1933515104	2.0
0330444085	5.0
0312624670	5.0
1936596067	4.0
034548701X	2.0
0385317042	4.0
0345523288	4.0
B005S0UKK2	4.0
0307716546	5.0
0778327477	4.0
1466276525	2.0
1402272529	5.0
0312599137	3.0
0743233468	4.0
0345305582	4.0
082303643X	3.0
1423157311	4.0
0316011770	2.6666666666666665
031235830X	3.5
1416989412	3.75
0312373945	4.0
0802119999	4.0
0688162746	5.0
1439156336	4.0
0470149272	4.0
0316710628	4.0
B004HILX9S	4.0
1595825460	4.0
B004XVSVEE	4.0
0307476537	3.0
0061658197	5.0
0345447832	1.0
0312600682	5.0
0312384610	5.0
0345487052	2.0
0778314189	2.0
0553288342	4.0
1440531943	4.0
0061708704	3.0
0307717895	4.0
0759531226	5.0
0312384602	5.0
1419692887	5.0
0425200280	5.0
0765328526	3.0
0061147974	4.0
0062255657	3.5
0201835959	5.0
0312358334	5.0
0062108824	5.0
1439156352	4.0
0061809462	4.0
0451231457	3.0
0545210127	4.0
0545151465	5.0
1416989439	3.0
0312358342	4.0
1416960597	4.0
0345487036	2.5
0758207026	2.0
030798933X	4.0
1592910904	3.0
0061256927	4.0
0062071041	4.0
0316129534	3.0
0743233492	3.0
1591827647	4.0
0449215040	3.0
0062041193	4.0
0812974018	2.0
1416924922	4.0
0399143793	4.5
0061128856	4.0
0373210027	4.0
0151013535	4.0
B007QW5RQC	4.0
0345384369	5.0
014043223X	5.0
0385342047	2.5
1440531951	4.0
1933515163	3.0
1590586344	4.0
1590585011	4.0
0758208375	4.0
0061002828	4.0
B003FSTKBY	4.0
1400108268	4.0
0312202318	4.0
0316017922	3.5
1456521179	3.0
1622421647	5.0
1440527016	3.5
0385342020	3.5
0758246641	4.0
1416983244	4.0
0446178063	3.0
1612183182	3.0
0316358320	5.0
0099453452	1.0
0399155759	4.0
0312383398	4.0
006212532X	4.0
0345384385	5.0
1933515139	4.0
0743233484	4.0
1469984202	3.0
0061374199	3.6666666666666665
1569242569	5.0
1401225721	3.0
0061995037	4.0
1605424498	4.0
1451645678	5.0
0307716511	5.0
1250036828	5.0
0857050729	4.0
1451646968	1.0
1401211151	3.0
0316034487	4.0
0761457933	3.0
0802713327	4.0
0312955006	3.0
014312272X	3.5
B004PYDLUS	4.0
0330453866	2.0
0061673765	3.0
1440531994	4.0
1453725776	4.0
B0035NME9Y	5.0
0425093891	3.0
054506631X	3.0
0316129518	3.5
031612950X	4.0
0312596979	4.0
0061020699	4.0
0330419668	2.5
1593078706	5.0
B00GJYCGEY	4.0
1619269856	4.0
0385342063	4.0
0316058424	4.0
0988391317	3.0
0615260373	3.0
B008MOYWZA	3.0
0778321312	3.0
0312283709	5.0
B001V5J9S2	3.0
0385532458	4.0
1467710679	5.0
1846945984	4.0
1484813642	5.0
1619269864	3.0
0940450585	3.0
0399155791	4.0
0451232704	4.0
044100945X	3.0
1416520384	4.0
145164308X	5.0
0307354164	5.0
014311560X	4.0
0758204833	4.0
0142404136	3.0
0425183262	4.0
0312541910	2.0
0316066834	4.0
B00HPFT8VU	5.0
1569474907	4.0
0385608136	4.5
0441011675	4.0
0345505492	4.0
0451464281	4.0
0470423544	5.0
0743583884	4.0
156947849X	4.0
1439158908	2.0
148017307X	4.0
0385735030	4.0
0545206995	5.0
0316066850	4.0
146819769X	4.0
1570089361	4.0
1935661930	3.0
0470538775	4.0
0553582143	3.0
0312595689	3.0
0886773784	5.0
1450063942	4.0
0786012633	3.0
B00AO5CWSY	4.0
045123636X	4.0
0743214358	2.0
0554357216	5.0
B00B3KQWGM	4.0
0345505476	3.0
006211946X	5.0
0385338724	5.0
0393035158	3.0
B00AJWFE3M	3.0
1594487820	5.0
0615814891	5.0
0307955958	4.0
B00B5A4PPK	4.0
0312327269	5.0
0062107496	3.0
0062065114	5.0
031601785X	5.0
0590203207	4.0
0966614925	3.0
1556159005	5.0
0743571878	5.0
1592404758	4.0
075824665X	4.0
1935661957	3.0
034538430X	4.0
0316066877	4.0
1439152780	3.5
0373774346	5.0
0312595697	3.0
1610346084	4.0
1468172352	4.0
0312378823	5.0
0230769152	4.0
1419684442	3.0
B00A2ZUPVC	3.0
0446526290	3.0
0743570537	4.0
0307710319	3.0
1931304513	3.0
0312939701	4.0
1440196249	4.0
0425229130	4.0
142630594X	5.0
148397829X	4.0
1416563814	4.0
0151001634	5.0
0446581062	4.0
1563153165	4.0
0061731161	4.0
0061624780	4.0
0062206745	4.0
B003VS0F76	4.0
0373774389	5.0
140224004X	5.0
1439176744	5.0
0007288417	2.0
1416911545	4.0
B00BJMA3XW	5.0
0446618748	4.0
1416563806	4.0
140123769X	4.0
0061731153	4.0
0060772913	1.0
B008LE00OS	3.0
1416550518	5.0
B00DFLMTY6	3.0
0312962126	2.0
1608195228	4.0
160819521X	3.0
1930485247	4.0
1490396764	4.0
1598804855	2.0
1600107982	3.0
0062121758	4.0
1477808701	1.0
0316666009	4.0
0099513021	4.0
0060760958	3.0
1439102473	4.0
B00HRGXNQS	3.0
000779021X	2.0
0312624697	5.0
B005VQUI7S	5.0
0061340766	4.0
1559708352	4.0
0143145444	3.0
0060002069	5.0
0312624689	5.0
0857682865	4.0
0679313370	3.0
0989665003	5.0
0451225651	5.0
0757306349	1.0
0061147931	4.0
0143113003	4.0
1936596075	5.0
0061241083	4.0
0451238974	4.0
1937867129	4.0
1596433663	4.0
B002IPZFXM	3.0
0062092782	4.0
1937325865	4.0
0451237633	4.0
0452287081	4.5
0310209307	2.0
0147509963	4.0
0345524527	5.0
0843958960	3.0
1479269670	4.0
0062200577	3.0
B0071MSAXO	4.0
1593161298	2.0
1477808736	4.0
0765300966	4.0
0312389566	4.0
0312364261	4.0
1416991689	5.0
0307273555	4.0
1469234289	3.0
B00F8HVIRO	2.0
1582702233	4.0
0312335776	2.0
0307273563	5.0
0316123404	5.0
0857682873	2.0
B00CHTJKCG	4.0
1419652044	4.0
1423121309	4.0
0671792768	5.0
B0030F2S70	4.0
1469989123	3.0
1565129903	4.0
0399161570	4.0
0470615311	5.0
0399147268	4.333333333333333
1406330396	3.0
0449911780	4.0
B00CCBE1ZA	5.0
0307273571	5.0
0156029987	4.0
077832740X	4.0
031236427X	3.0
1416549595	5.0
0452287030	4.0
0545206944	5.0
0307960498	5.0
0195172841	3.0
0595376304	1.0
0062280678	4.0
0143115626	5.0
0312981295	5.0
1559708301	3.0
0553583441	1.0
0060885599	4.0
031286504X	4.0
B007VQABJ6	5.0
193048528X	4.0
1464200092	4.0
1439195870	3.0
031230904X	5.0
0312359314	3.0
1439127700	5.0
0141040343	5.0
0375859233	4.0
1416967931	4.0
0380718332	4.0
0345460944	4.0
1938467272	4.0
0758234929	5.0
0375708278	4.0
0345342445	5.0
0312359322	5.0
0743499603	4.0
0553592858	3.0
0307272672	4.0
0312986289	4.0
0765328429	4.0
0061582573	2.0
1933065397	4.0
0393079988	4.0
1623004977	5.0
0812469674	5.0
1427814031	4.0
0312348649	4.0
0312628099	5.0
0373775822	4.0
0312360320	4.0
B003UNKYZA	3.0
002542730X	2.5
0061629758	4.0
0451237900	5.0
0307715159	4.0
0375414622	4.0
1416549153	3.0
1937593983	5.0
1449086144	4.0
0345510089	4.0
1401340806	1.0
0385538758	3.0
0062048503	3.5
0778326497	4.0
0060004878	4.0
B008R3HH3K	5.0
0758234937	4.0
0312323344	3.0
0446600474	1.0
014311526X	5.0
125002580X	4.0
0316010790	4.0
0399153446	3.0
0451231791	4.0
0374298858	3.0
0385514743	2.0
B009SF9IG0	3.0
0142401587	4.0
067155302X	3.0
0143116592	4.0
1406337609	3.0
0449000648	5.0
0821779370	4.0
B003FK5Q9M	4.0
0857687484	4.0
1935097016	4.0
1606012711	4.0
1608981487	4.0
184767786X	1.0
1581347391	3.0
1439218625	3.0
0345487133	5.0
B00IK3H83G	5.0
1440505772	4.0
0061122300	4.0
0307454894	4.0
0449001954	3.0
0061935018	3.0
0765304465	5.0
0140012486	1.0
0451188454	5.0
0060741872	4.0
0316069485	4.5
1466282037	4.0
1932234004	4.0
0553385607	4.0
0062049801	5.0
0440218659	4.0
0002005395	3.0
0312601883	3.0
031268195X	4.0
0316021423	3.0
1938732022	4.0
0062085530	2.0
1401302599	3.0
1619215659	4.0
0451230493	4.5
0330493108	5.0
0451189779	5.0
0446673439	4.0
B0032UDTMQ	4.0
0312348665	3.0
0380718340	3.0
B006L960EO	3.0
0312681941	4.0
045122941X	4.0
1416537538	4.0
037389564X	2.0
0553584391	5.0
0132875241	4.0
0446527297	4.0
144131041X	5.0
1439158843	5.0
0062073575	5.0
1439157510	4.5
0099244721	2.0
0679785892	5.0
B00DE21RK8	4.0
1416562176	3.0
1439183813	3.0
0345517539	4.0
B004EBT6S8	4.0
0758220367	5.0
0099415062	4.0
0843951753	4.0
0205274188	4.0
1448618312	3.0
0312384378	5.0
0061984027	3.0
1439107238	4.0
0062303996	4.0
0843963751	4.0
0143170090	5.0
0345517547	4.0
0763641685	5.0
B00CB7NHC8	3.0
0061947040	3.0
0345456068	3.0
0307716406	4.0
0345517555	5.0
0758220375	5.0
0446401269	3.0
0312599099	4.0
1590587588	4.0
0306822725	4.0
0316602906	4.0
B00A6B5SLO	4.0
0451218744	3.0
0062085573	4.0
0810152002	2.0
074359679X	5.0
0743267117	2.5
0758220383	5.0
0980245575	4.0
0446527289	3.0
1936198045	4.0
1401340881	4.0
0307717720	4.0
1451645759	4.0
073873070X	1.0
B00H23TM2A	5.0
0446509418	2.0
0316686565	4.0
1449966128	5.0
1936399318	5.0
1594148848	4.0
1590586271	4.0
0672523833	4.0
B00FMFGLJW	4.0
1612177697	4.0
0385338708	2.0
1596914025	1.0
1250012570	5.0
140134089X	2.0
1569479836	4.0
1416984488	4.0
1494292270	4.0
1933515082	4.0
0307887405	4.0
0316198625	5.0
0060763264	2.0
0312384335	4.0
0316033499	5.0
0618646531	3.0
0399152180	4.0
B00ENOPHVQ	4.0
1594745919	4.0
1610343794	4.0
1607915766	4.0
0452285895	3.0
1622418182	4.0
030726419X	5.0
1460981723	3.0
0399252819	4.0
B008MO6Q6I	4.0
0399164146	3.0
0547519273	1.0
0062001817	4.0
0547858205	5.0
0316069418	4.333333333333333
0425243486	4.0
B004KZPZIS	5.0
1937226069	4.0
0142419745	1.0
0425217248	1.0
0425256855	5.0
0740785338	3.0
B00HV4B3E0	5.0
0399159509	4.0
0061905267	5.0
0143170104	4.5
0985726733	4.0
B00DK42NWG	5.0
0151012601	4.0
0545203376	3.0
0307265439	5.0
0802798225	4.0
031237982X	5.0
0375828052	4.0
B00HCOHUIM	5.0
B007RHGG1Q	4.0
1442409096	2.0
1605943606	3.0
0060248025	5.0
0312380828	3.0
0446582069	4.0
0312252854	2.0
0385659830	5.0
B0055I16D2	4.0
1419963996	4.0
0140501738	5.0
0452277337	5.0
0143121162	5.0
0345543793	4.0
0385338600	4.0
0140386645	5.0
0061930210	4.0
1439164681	5.0
0375422749	4.0
1477818235	5.0
1622538064	3.0
006057299X	5.0
0312628110	4.0
0375422757	3.0
0312570287	1.0
1416544399	3.0
0307700887	3.0
014241977X	4.0
0399146237	3.3333333333333335
0800718798	4.0
0373250509	2.0
035620099X	5.0
0374532915	4.0
0446617326	4.0
1612622372	4.0
0765310244	4.0
193565456X	4.0
0345456092	3.0
1442346760	1.0
0312371071	5.0
B00FWSTTKM	4.0
0547798164	4.0
0330317547	5.0
0345313860	4.5
0374228469	5.0
0060898925	3.0
0740785370	4.0
0142429104	4.0
0553584480	4.0
B00KAHATUY	5.0
B007PH8GU2	4.0
0425231534	5.0
0199858446	5.0
0762442158	3.0
B006SPE64C	1.0
0142418471	5.0
1608090701	1.0
0671735608	3.0
9657504007	4.0
B005GQRQ6Y	4.0
1439152683	4.0
0060560983	4.0
0345426266	2.0
0425229246	4.0
078601606X	5.0
0671776126	5.0
0449911810	3.0
0786016078	4.0
0141034599	4.0
1569478554	5.0
0843950471	4.0
0441484980	4.0
098261196X	5.0
0316198684	5.0
1605040959	5.0
034549301X	4.0
0060572973	4.5
0606262520	4.0
0060572965	4.5
0615518761	2.0
1401235166	4.0
0061996041	4.0
0060515503	4.0
0312367848	3.0
0307382788	3.0
B0097F4BPO	5.0
1570088330	4.0
B0064CLU0C	5.0
042526002X	4.0
0451225988	2.0
037377575X	4.0
B00CR3YTQY	4.0
0060593083	1.0
0425207846	5.0
0140077022	3.0
0385324057	1.0
1439164614	3.0
0451209028	4.0
074328500X	5.0
0451213998	3.0
042521981X	5.0
1451590407	4.0
0061448761	3.0
0374529396	3.0
1935429434	4.0
0373802307	4.5
1565126319	3.0
1481969668	4.0
0449910571	4.0
0451224671	3.0
B00FMBN7GG	4.0
1610348575	4.0
0385362307	4.0
0399146253	1.0
0671880187	4.0
1601452055	3.0
0740756834	5.0
1594485356	4.0
0316081051	5.0
0385340990	5.0
0307712842	4.5
1561483176	4.0
1451624085	4.0
0321719808	5.0
0316201022	4.0
0345505514	4.0
0385338686	4.5
0399146245	4.0
0061340634	4.0
1464201498	4.0
1611099285	3.0
1492976423	4.0
1442341955	5.0
0061724394	4.0
0345523318	4.0
B007W51VP4	4.0
0380811960	5.0
0385536186	4.0
0553096524	4.0
1439260184	4.0
0425224384	4.0
0679439382	5.0
0547712154	4.0
0843961198	4.0
0821720600	5.0
0316081078	4.0
0062092693	5.0
031608106X	5.0
031234872X	4.0
0143117963	4.0
0679824243	3.0
067002564X	5.0
0345452577	2.0
0843957921	5.0
0143117947	4.0
0373775717	4.0
0345523342	2.0
147784807X	4.0
1581800533	5.0
0307741346	2.0
1439102392	2.0
1605043125	2.0
1930485158	4.0
0156030888	3.0
0307593916	4.0
0985726784	5.0
B005V225PA	4.0
8190381245	4.0
1624820166	4.0
0312380895	4.0
0345275136	3.0
0967996309	2.0
0143117939	4.0
193269546X	3.0
1904738346	4.0
039915826X	4.0
147937136X	3.0
B00KTSZOKE	5.0
B008BST5S6	5.0
1593374992	3.0
0547738757	4.0
0756405963	5.0
0843957948	4.0
0778314472	4.0
0545073545	4.0
0393061728	3.0
0810984202	2.0
B007WOPUHU	5.0
0375856994	3.0
1451649312	4.0
0446505870	4.0
B00CWEQ0K6	4.0
0307382702	2.0
0224098101	2.0
0399155945	4.0
1623220572	5.0
030793313X	3.6666666666666665
161218202X	4.0
0446407550	3.0
0307272540	4.0
0981269907	3.0
1889649023	4.0
0446535869	2.0
0553592963	4.0
0451151224	4.0
1440137757	4.0
0399155937	4.0
0399154604	4.0
B005IS65ZI	4.0
0615695779	3.0
0385182449	5.0
0373778198	5.0
B004XVUZKM	5.0
0061236233	4.0
1413318355	5.0
0425225771	3.0
0765329646	5.0
0060829672	4.0
0373775946	3.0
0307959759	5.0
1463751249	4.0
0060855924	4.0
0425235130	3.0
0441016359	3.0
B003NX7BWG	4.0
0061950726	4.666666666666667
0385742371	4.5
0399155929	3.0
0061236225	4.0
1451645821	5.0
1602393559	4.0
0446563072	3.0
1416916237	4.0
0060192704	3.0
0061056413	3.0
B008THOUEI	5.0
0312384408	4.0
1442349042	4.0
0752875485	2.0
B00CC68G88	4.0
1926745043	4.0
0778313077	3.0
0765317680	3.0
1469965313	5.0
0385513534	5.0
1586486489	3.0
0143114050	4.0
1451688997	5.0
0307272508	4.0
B008WXKEPI	4.0
0061122416	3.0
B00EKWRAPC	4.0
0061490008	4.0
0316069353	4.0
0316035963	5.0
162322053X	4.0
0307743926	4.0
0449012751	5.0
0985442212	4.0
1861002777	5.0
0452297907	4.0
0263887790	2.0
1606843141	4.0
0312347472	3.0
0553589377	4.0
B00EKWRAOI	4.0
0739354574	5.0
0553589385	4.0
1612182054	3.0
0786838493	4.0
0312866534	4.0
1594200181	4.0
0983574847	3.0
B005JE2H08	4.0
0765331934	4.0
0061490024	5.0
1442340665	3.0
B00HXYKZ56	4.0
0061962740	2.0
1604961120	4.0
0316010669	5.0
006117758X	1.0
0547423152	3.0
1432722417	4.0
0099507390	5.0
0758258852	5.0
1780290071	5.0
1891434012	5.0
0061556300	4.0
0451218655	3.0
0345531957	4.0
162370006X	4.0
0060890312	5.0
0142001104	5.0
0452295386	3.0
075731368X	4.0
0099556316	4.0
0812977769	5.0
0141330554	4.0
1599904314	5.0
0615385028	2.0
0983290415	4.0
0743280016	4.0
B003NX7C0M	4.0
B008A0E04O	4.0
1616953047	4.0
0345531949	4.5
0812510011	4.0
1569476004	5.0
1416537406	2.0
0316359408	5.0
0373895526	5.0
0525950869	3.0
0316185485	3.0
0983290407	4.0
0778322831	3.0
B00CRS88IO	2.0
0226468046	3.0
0345531973	3.2222222222222223
044619123X	1.0
0553580922	5.0
1595544704	5.0
0312605250	3.0
B00CQECA1K	5.0
0307460835	3.0
0060957913	5.0
B003VIWUHY	5.0
B00ATTIOB4	5.0
0385267746	3.0
0758234899	4.0
1573222348	3.0
0738710180	5.0
0446554995	3.0
1457514508	4.0
0345531965	4.0
0425217299	3.0
1401210007	5.0
0812977777	4.0
1599850168	4.0
0062103733	4.0
1419662899	4.0
0312430000	4.0
0975500341	4.0
0061128627	4.0
B004O0UCN2	3.0
034542896X	3.0
0451458125	5.0
038572098X	5.0
0345527011	3.0
B005MTB7VU	4.0
1455859184	4.0
0061231428	4.0
039915339X	4.0
0373895585	3.0
0142180815	4.0
031230434X	5.0
1569479941	5.0
0759531048	4.0
B00BW7BVDA	3.0
0767929659	5.0
1620876671	4.0
1439107173	4.0
0812977793	4.0
1423399269	3.0
0385343183	2.0
0312429045	5.0
0062085484	2.0
0312243022	3.0
0307735478	5.0
0553578685	4.0
0061231401	3.0
0553592947	4.0
0385529058	3.0
0767915062	3.0
1619215705	4.0
0399139087	3.0
B003D7K0PC	4.0
0759531064	5.0
B00885RV9C	5.0
0312430035	3.0
097212182X	5.0
0345481100	2.0
1478209828	4.0
1442446234	2.0
0982140401	5.0
0786031603	2.0
0743255054	5.0
0373895550	3.0
0152163778	3.0
034553199X	3.3333333333333335
0446578983	3.0
054522490X	5.0
0060975776	5.0
1558324089	5.0
0553592955	4.0
045121997X	5.0
1563895013	5.0
0446527327	4.0
1590383583	5.0
0393060349	5.0
0394560620	4.0
0765311410	3.0
0446618586	4.0
0006476155	5.0
0985129646	3.0
1440565457	4.0
B008BXBFHK	5.0
0061996181	4.0
1490904034	4.0
0143068644	5.0
0849947626	1.0
1600106803	5.0
0373211082	3.0
0385505167	3.0
1590586069	4.0
0525953175	4.0
0452289440	3.0
0316014133	4.0
067982412X	4.0
1466313781	4.0
B00BXOIFMM	5.0
0441012795	4.0
0316166308	5.0
B00HORX1IU	4.0
0743225244	3.0
1477501932	4.0
0061791059	4.0
0316117366	3.0
B00I5RM0SK	3.0
014241722X	2.0
0441012787	4.0
1938383125	4.0
0307278670	3.5
075731371X	4.0
0316166316	5.0
0802798128	5.0
160504329X	4.0
0547237448	4.0
0764578391	4.0
0758215754	3.0
1416569790	4.0
1569701849	4.0
0446696056	2.0
B0092PU8YC	3.0
0061726826	4.0
B005OJF0ZC	3.0
0316053716	4.0
0385340850	5.0
1591843014	2.0
B008ETBJ5E	3.0
B007HOMP78	4.0
0312873735	4.0
1569476039	4.0
014143984X	3.0
1932690794	4.0
0465021492	5.0
030728090X	4.5
006172680X	4.5
0805091777	2.0
0061726834	3.0
0345494490	4.0
0316016780	4.0
1560255331	4.0
B00CC68FF2	3.0
B00BIN9PQ8	4.0
B00DU17NKG	5.0
1940215188	4.0
1609286634	4.0
B00FZAIKDE	4.0
B005ET0ZKM	5.0
0007124015	5.0
0142420891	4.0
0061956996	3.0
0763626090	3.0
0143121235	4.0
0987963023	5.0
0061690449	4.0
0843963670	3.0
1481227564	5.0
1569478678	3.0
0312088477	4.0
0374314721	4.0
B004774YP4	5.0
0151012504	4.0
1616201614	5.0
0061929387	5.0
0312378602	5.0
0385518455	5.0
0062004018	3.0
0739359339	3.5
0425158594	4.0
0060294698	4.0
1455503053	2.0
0446515388	4.0
0061996165	3.0
0312644906	4.0
006194100X	4.0
1623220610	4.0
006085202X	4.0
1594631964	5.0
037581373X	5.0
0091797276	4.0
0399161783	4.0
0316035939	4.0
0671011367	4.0
0399146164	1.0
0471692123	5.0
0767910141	3.0
1622425316	4.0
0316213101	4.0
1469400995	5.0
0525422064	2.0
0553588079	3.5
0316035920	5.0
1579128270	5.0
0778327604	4.0
075821314X	3.0
0373775881	3.0
1935639021	2.0
1606840991	5.0
1439102228	4.0
0671686151	4.0
1622425324	5.0
0765317583	4.5
B002W83DW0	5.0
1451651775	3.0
1627400486	3.0
0007444117	3.0
1933963107	3.0
0062109847	4.0
0060538120	2.0
0812981006	4.0
0786808705	4.0
0143116770	4.0
0547371489	4.0
0446196134	4.0
0385338562	4.0
0373774567	3.0
B008B11K04	4.0
034549931X	5.0
0553385593	5.0
0312659105	5.0
0451225899	4.0
0373774583	1.0
1400050162	5.0
0578020750	4.0
0061214957	3.0
0141039280	4.6
0156027135	5.0
1452891664	3.0
1467982733	5.0
0689876491	4.0
0140179089	5.0
0312300883	3.0
0061139262	4.0
B008NVJJDW	4.0
1599953358	4.0
0007386648	4.5
1847561144	4.0
0441017630	3.0
0778327639	4.0
B001LKLAPC	4.0
0345434854	4.0
1483912647	4.0
0060829699	4.0
1930485042	4.0
014241980X	4.0
1605980714	4.0
0894807633	5.0
0676974112	5.0
1451651767	4.0
0060852003	4.0
0312364040	3.0
1416563628	5.0
0141034408	3.0
0345506936	3.0
1453860959	5.0
1439193002	2.0
0060502177	4.0
0399159495	4.0
1448693691	4.0
1612183301	3.0
0393050955	5.0
0758213123	3.0
1586854615	4.0
B005JYUWVY	3.0
1493774093	4.0
0373774524	4.0
0553584537	2.0
0451225856	3.0
0446530921	4.0
0451224523	4.0
0452289459	4.0
0425207978	1.0
0312551053	4.0
0515140872	1.0
0553384228	2.0
1416563644	5.0
1481003208	5.0
1118288726	5.0
0547338023	4.0
0615637086	3.0
0747264872	4.0
0765329581	2.5
0375703373	4.0
0545170931	3.0
0312598378	4.0
031259836X	4.0
0061946370	4.0
0778313395	4.0
1438923503	4.0
0060002484	5.0
0345407288	4.0
0446670111	3.0
0743269969	4.0
0812972597	4.0
1449419658	5.0
0425224570	4.5
0743471016	4.0
1926607074	3.0
B0076H3CBY	3.0
0312316836	4.0
0804832064	5.0
1250013615	2.0
0312570813	5.0
0425224562	4.0
0312561075	3.0
0312675089	4.0
0979825806	1.0
1118435893	5.0
0099460238	4.0
0385349173	3.0
0061934364	5.0
0385736800	4.0
037543318X	5.0
0002007770	4.2
0312316801	3.0
1466388218	5.0
0451212800	3.0
0441018661	4.0
147780594X	4.0
0446178586	4.0
B005U3KEY4	1.0
0425236595	5.0
0048230782	5.0
0441018645	5.0
1594487278	4.0
0439136350	4.75
0312429541	4.0
1936976226	5.0
0743281640	4.0
0312658540	5.0
0312675062	4.0
1439192561	5.0
0843954140	5.0
0061544485	3.0
1608981231	4.0
0452286913	4.0
0060561173	5.0
0803735049	3.0
0263899403	4.0
0141346159	3.0
0061628689	4.0
1439154287	4.0
1400044006	4.0
1419701789	3.0
0982340419	4.0
0312285191	3.0
0142426628	4.0
0312428227	5.0
0345356802	2.0
0060561181	4.0
1932361243	3.0
0062105450	5.0
0345446860	5.0
B00ATHWQ6K	3.0
0312282907	3.0
1430210788	4.0
0312428243	4.0
1455501441	4.0
0330412744	4.0
0307406105	5.0
1937608093	4.0
0778320502	5.0
1439249113	3.0
0786017260	5.0
0062035878	4.0
006195702X	4.0
B007COU20A	4.0
B009XU69GM	4.0
0439551234	5.0
1439154295	4.0
1440151717	4.0
0373772998	3.0
8854400300	5.0
1935563831	4.0
0312382308	4.0
0843954167	2.0
0425213846	4.0
1250000394	4.0
0141185260	3.0
0340712511	4.0
B007Z4WTBW	4.0
0061802549	2.0
0399132783	3.0
B00CRLS4SK	5.0
045123197X	4.0
0345500881	4.0
0399257462	5.0
B003IGDDGG	4.0
0553593099	5.0
1400044049	5.0
1466219408	3.0
0143188844	5.0
0061544450	4.0
0385742614	3.0
0399155414	5.0
1623220068	4.0
162322005X	5.0
0385731981	2.0
0375851917	4.0
0152066497	4.0
0143119494	5.0
0743462947	4.0
0452296366	5.0
1550376640	5.0
1439193843	4.0
1590587316	4.0
0099416158	4.0
0525950982	4.0
0451229681	4.0
B004GXBDRG	3.0
1455501476	4.0
0525950958	4.0
B00A44O594	4.0
0446617989	4.0
0061966843	4.0
B005JSJX7E	3.0
0470618132	3.0
0375409440	2.0
0679432485	5.0
0373210361	3.0
0547482477	3.0
1568381441	3.0
006106453X	4.0
034549587X	3.0
0385344325	5.0
074320154X	4.0
0884483371	5.0
0553588540	3.0
061834697X	5.0
0312581564	3.0
0821780549	5.0
0152061614	2.0
0553804731	4.0
0451169514	5.0
0312353812	3.0
0446518131	5.0
B00G9G1I8W	5.0
0312581572	4.0
0446364495	3.5
0061939234	2.0
0060755865	4.0
1478377003	3.0
0425212548	3.0
0312381034	5.0
B004D4YL3Q	4.0
0718178122	5.0
0373210345	2.0
0441013813	5.0
B00F9HQS78	3.0
B00F21CGWM	4.0
0743237544	5.0
0451169522	5.0
1490355103	4.0
1605046078	5.0
B00AE8S7I0	4.0
0312581580	4.0
0736937986	5.0
0261103288	5.0
1451620691	4.0
031600913X	4.0
1847512488	4.0
0312863535	3.0
0312282990	4.0
0373210310	5.0
1419670107	4.0
1442402326	4.0
1250030188	4.0
0465003494	4.0
0142418196	4.0
1464201609	4.0
0743292332	3.0
0061007129	5.0
1484905695	5.0
0545476992	4.0
1401341543	3.0
0373872313	4.0
1590587383	4.0
0312368089	3.0
0007149824	4.0
0140144994	5.0
0060825316	2.0
1612181937	4.0
031029133X	3.0
0373210329	4.0
0756981808	5.0
0385343035	4.0
0525950923	4.0
1557982732	4.0
1444729721	4.0
0312863551	3.0
0451230647	4.0
0316024783	5.0
0312341873	4.0
B00I1OMF0U	3.0
B0087SMXHA	3.0
0312867131	4.0
0385339704	5.0
0061789089	4.0
0316018872	5.0
0307277674	4.0
1933108304	4.0
0471631019	2.5
0316031844	4.5
1555912400	3.0
0399155384	4.0
0979190908	3.0
B00CTB6QP6	4.0
0061876747	4.0
0312946392	4.0
B008426FJG	4.0
0399154051	4.5
0345440765	4.0
0312364598	4.0
074322423X	2.0
0967407419	5.0
031613399X	4.0
0747269319	5.0
B00CR4I522	5.0
0399252622	4.0
B005WVPKMU	4.0
B007XJ6NNO	3.0
156163316X	5.0
0615784941	5.0
0375423826	4.0
0981971415	5.0
0312363273	4.0
0060273224	4.0
0984502203	5.0
B00FNI0C98	3.0
0684831090	4.0
0316018864	3.0
034549329X	5.0
0736918795	4.0
0914881973	5.0
125001980X	3.0
0547939957	4.0
0373210299	3.0
1571316515	4.0
1490504036	4.0
0671709585	4.0
B00ATHX1GO	4.0
0778327914	4.0
0061562351	4.0
1880284960	4.0
0142421871	5.0
006123138X	4.0
0312958358	4.0
1938243021	4.0
1479171913	5.0
0345351916	4.0
0345493281	5.0
0312352573	4.0
0778314618	4.0
0307594165	4.0
076792665X	3.0
0062064398	3.0
0452296293	3.0
0399154094	3.0
0778327922	4.0
0316080810	4.0
1451681674	4.0
0340712538	5.0
1400065755	5.0
0451217748	4.0
0465083617	5.0
1416934758	5.0
030798656X	5.0
031255513X	3.0
1594489912	3.0
0312946384	4.0
0817440526	5.0
0307594130	4.0
0316133973	5.0
0312641745	3.0
1467708879	4.0
0451216407	4.0
0375501851	3.0
0373510101	3.0
0671000306	2.0
0312185863	5.0
0578052881	1.0
0425188426	4.0
1439270619	5.0
0812972600	4.0
0375500510	4.0
159017335X	3.0
B00AFMJNRO	4.0
0964712407	4.0
1442126418	3.0
1611099056	4.0
0743467728	4.0
0373830580	3.0
0778327957	2.0
0143143131	4.0
0312319142	5.0
0380724065	5.0
0786891459	2.0
0446195189	3.0
144211441X	4.0
0778326624	3.0
0060735414	4.0
0374332657	5.0
1616950218	3.0
B003552M1M	3.0
B009WUS30I	4.0
0373895097	3.0
0380724073	5.0
0312531168	4.0
0062004794	5.0
0312555113	4.0
0263905780	5.0
1466336943	4.0
0961392142	5.0
0385507860	2.0
1402277857	4.0
1401322417	3.0
0440993717	4.0
038076363X	4.0
159514045X	4.0
0316086959	4.0
1590131509	3.0
0312357435	2.0
0961392118	3.0
B006JPBOYQ	4.0
014028009X	3.5
1456435299	4.0
0316168688	5.0
0425255700	2.0
0061057460	4.0
1596435712	4.0
1442348364	3.0
0316154075	4.0
0451235568	4.0
0631208429	3.0
077832530X	5.0
1451661215	3.5
B00AFBLT9K	4.0
0452289130	5.0
0545485088	4.0
0373895070	3.0
1401352294	3.0
0062026100	4.0
0061243388	5.0
0981971490	4.0
0307463532	3.0
038551851X	4.0
0345409973	5.0
0615816304	4.0
0307408736	4.0
006079156X	4.0
0060735449	5.0
0425223299	2.0
045124009X	4.0
1432747991	4.0
0451463277	4.0
0061988243	4.0
0345475445	5.0
0446539864	4.0
0761461752	4.0
0312286449	4.0
0505527847	4.0
1416547274	4.0
1432784935	5.0
0380725355	3.0
0451235509	4.0
0345505735	4.0
0316043877	2.0
141996416X	3.0
0446551503	4.0
0446525235	4.0
0140390464	5.0
054724889X	5.0
0545502047	3.0
0843955503	4.0
0778325342	3.0
0812973992	4.0
0310272262	3.0
1421541645	5.0
B00G8BTRWW	4.0
0385734263	3.0
0399151885	4.0
0345475461	3.5
0310439310	4.0
0099255197	4.0
1475096852	4.0
0670037893	4.0
0062069217	4.0
0307270181	4.0
0981971458	4.0
0312319169	4.0
0451235525	3.0
0385535066	4.0
0345505719	4.0
0812983343	4.0
B004I8WSEQ	3.0
0307590615	4.0
0312007108	4.0
0060958405	5.0
1611941342	4.0
0307961222	3.5
0061876763	4.0
0062117378	5.0
0425218740	1.0
0143125311	4.0
0140119906	2.0
0345324382	4.0
038553504X	5.0
0547235585	4.0
0439679958	4.0
0393019578	2.0
0345495934	3.0
0553385747	4.0
0062060783	3.0
0316012653	4.0
006121468X	4.0
1439191158	4.0
1616952806	4.0
0743418700	5.0
0983706387	3.0
0061124877	3.0
B007VH2HGK	3.0
0373210426	3.0
0240816250	5.0
0451402375	4.0
0545221269	2.0
1569478821	4.0
1477628029	4.0
0345533054	5.0
0312569912	5.0
0786893923	4.0
1401322255	4.0
0143119532	4.0
038574126X	5.0
031612558X	2.5
0385351372	5.0
0553385763	2.0
0061099341	5.0
034549590X	2.0
1463703139	3.0
1880325810	2.0
0307949702	3.0
006179869X	4.0
0743418727	3.0
0445205296	5.0
0836217578	5.0
0312315600	4.0
162242560X	3.0
0979777755	5.0
0738714380	2.0
044657922X	4.0
1908844310	2.0
0843951818	5.0
0812969081	4.0
098881241X	3.0
006166927X	4.0
0778325288	4.0
1578514878	4.0
0140258817	4.0
0263888827	3.0
0786017112	5.0
0060987103	3.0
0312383746	3.0
1439166153	4.0
B006KYEM1S	5.0
0312273096	3.0
0316013943	4.0
1623650925	4.0
0983706352	4.0
0979777704	5.0
0765335263	3.0
1878424602	4.0
0007420765	5.0
0671530674	4.0
0786017120	4.0
0786018453	4.0
0615801951	4.0
B0054DG3QI	4.0
0312356137	2.0
1439181799	3.0
0451230590	4.0
0060520507	4.0
0743202708	4.0
006170654X	3.0
0061706558	3.6666666666666665
1439155488	4.0
0399132635	4.5
0449912558	3.5
0345528506	5.0
0061124842	4.0
0375506713	3.0
B00H8KB57W	1.0
1622418476	4.0
0385334834	4.0
B00C6N65RG	4.0
0738738379	5.0
B006YG7MLO	4.0
0345443020	4.0
0345446992	3.0
0441016154	5.0
0316013935	3.0
1936399245	3.0
006173506X	4.0
0786856912	3.0
0312357494	3.0
1623781264	4.0
0307929280	5.0
098360584X	5.0
B0053HDJSK	5.0
0470416831	3.0
0399157964	4.0
1440425442	4.0
0763641588	4.0
1439168776	4.0
0143036424	4.0
0451228219	3.0
1440539456	4.0
0743202759	4.0
B004YX8P4M	3.0
0982555067	5.0
0345480031	3.0
0099443635	4.0
0446519537	5.0
1400044162	3.5
0425236609	4.0
0465002013	5.0
0140178406	4.0
B005JSJXTM	4.0
0571238572	4.0
0141034173	5.0
1937593495	5.0
0316018805	3.0
1596430931	4.0
0060724501	4.0
0875965709	5.0
143825282X	5.0
0316078425	4.0
1889186775	4.0
076535084X	4.0
0758210205	4.0
0966667913	4.0
0140178414	4.0
0849917921	5.0
0007248075	5.0
0316034029	3.0
0671790617	5.0
0525948759	3.0
0385346859	3.5
0345541537	4.0
0312171048	5.0
034546706X	3.0
0345480058	3.0
1490504052	4.0
014118776X	3.5
0811873005	4.0
0143037749	4.0
0843962534	4.0
0446573094	3.0
0553589989	5.0
B00DT8KXI4	4.0
1554702585	4.0
B004GB1T68	4.0
1606018558	4.0
0761356029	1.0
0943097029	4.0
1595581928	3.0
0312427085	4.0
0451205553	4.0
0451231899	4.0
1608603962	4.0
0373210493	4.5
0811864952	4.0
0849917905	5.0
0375724834	4.0
0765348500	1.0
006056850X	3.0
0060531231	4.0
0982514549	3.0
0312640234	4.0
0143036475	5.0
0345330129	4.0
0345469674	3.0
0312875622	4.0
1907230114	3.0
0061032212	4.0
0849917913	5.0
0140167773	3.0
1935597329	4.0
0224069829	4.0
B002Z13UUO	4.0
0307741907	2.3333333333333335
0062064320	3.5
0312338376	5.0
1569476209	4.0
B004D9FYU0	4.0
1416541187	3.0
1416565159	4.0
0743226747	3.0
0789211157	5.0
0743454383	4.0
0061122297	3.5
1566633826	4.0
0312130570	2.0
0446585025	4.0
0374168091	3.0
0143120530	5.0
0982555032	3.0
0345330137	4.0
0812977572	4.0
0679641041	2.0
0340953616	5.0
0345495969	1.0
0843951850	4.0
0373210450	4.0
0375412913	1.0
034580676X	5.0
0446500089	3.0
B00AP2VVVK	4.0
0062064223	5.0
0307264238	2.0
0446576972	5.0
1477588388	4.0
0312642970	5.0
1476730091	3.0
0425216284	5.0
B00GBQ4D5A	5.0
0943151031	5.0
0345487508	3.0
1605984027	4.0
0765365030	3.0
0760753199	3.0
1423151534	4.5
B00G8BTSZS	4.0
0446576980	4.5
0062026089	4.0
0345476840	4.0
0316018767	3.0
1416995617	5.0
0140293248	4.0
034531221X	4.0
031253874X	5.0
0156033674	5.0
088743147X	5.0
0393064921	5.0
0061724424	3.0
0843956704	4.0
0307266877	4.0
076535439X	3.0
0982576811	4.0
0345487524	5.0
1401935230	2.0
0307264211	4.0
042518109X	4.0
012375030X	5.0
0061713775	3.0
1401341462	3.0
1610340361	5.0
0143113402	4.0
0316018740	4.0
0446691844	5.0
0743250400	2.0
0399157891	5.0
0765365049	4.0
1590587170	4.0
1595543570	4.0
0312537409	1.0
1590382013	4.0
1401341454	5.0
1451666179	4.0
1478239409	3.0
B0088NH0MW	3.0
0805080872	4.0
0375867333	4.0
1622538153	4.0
1419960547	4.0
0307455173	2.0
1610340302	5.0
1416995641	5.0
160702912X	4.0
0060765380	3.0
084396121X	3.0
0061015733	4.0
0758210248	4.0
0131791133	4.0
1416589171	3.0
1455574449	5.0
1590584910	4.0
0982576803	4.0
0778327809	4.0
0670020923	4.0
0316018724	4.0
1402265794	4.0
B00GZ9CSHS	3.0
1490949194	4.0
0545048869	4.0
044657693X	3.0
0061015725	5.0
1452664862	4.0
0843962585	3.0
0936070528	5.0
0446563676	2.0
034552361X	3.0
0983492700	5.0
0312363354	4.0
0615351913	4.0
0312364687	5.0
0307278867	5.0
141658918X	3.0
1460951816	4.0
0671042262	5.0
159307963X	4.0
1416549994	3.0
1480199265	4.0
B004Q9TD7W	4.0
1620610396	3.0
0452296390	4.0
0865716501	4.0
0060817089	4.666666666666667
031253129X	4.0
1479337757	4.0
0307455165	3.0
0984076093	4.0
0062088254	4.0
0425216292	3.0
0316018708	3.0
0312642962	5.0
0061479934	4.0
0525952020	4.0
0451217608	4.0
0007299540	5.0
0595432042	5.0
0151004250	4.0
0778314529	5.0
B00KKPKAAU	4.0
0312576986	5.0
0471484857	2.0
0684814455	2.0
0778326500	4.0
0451235428	4.0
030794834X	5.0
1416598936	3.0
0758216416	3.0
0843956771	3.0
0006158048	4.0
0843956755	4.0
0062060716	3.0
1482025272	4.0
1416546022	4.0
0061214736	4.0
0061767581	2.0
0965624781	4.0
1401352197	4.0
0385518633	4.0
0060819685	3.0
1419675141	4.0
0615223729	5.0
0778326519	4.0
1480504246	3.0
1426212585	5.0
0345486242	5.0
0061735175	4.0
0132350882	4.0
B007G4HDKS	3.0
0843955430	4.5
0385338317	1.0
0446526614	3.0
0765305356	4.0
1616952741	4.0
0425255824	4.0
0385736762	4.0
0615264255	4.0
014312546X	4.0
1595140352	5.0
031218087X	2.5
0765316005	4.0
0843954116	4.0
0778326527	2.0
1402239440	2.0
1616951419	3.0
067121148X	4.0
1400052580	5.0
0843954132	4.0
1936383780	3.0
B004Z1UT4W	4.0
1439220409	4.0
0778314553	4.0
1580053661	4.0
B00H22W8TU	4.0
0312531273	4.5
077832785X	4.0
0385338333	4.0
1590582322	4.0
0670023183	2.0
141967515X	4.0
0385339666	5.0
1591827191	5.0
0142421901	3.0
1416597646	3.0
1611881145	4.0
0393312089	3.0
B0081C6DLY	2.0
1603582517	4.0
0062060740	3.5
1439206139	3.0
0778326543	2.0
1436371767	4.0
0345534352	3.0
1416532722	3.0
0425205592	3.0
0143112155	4.0
0312374062	4.0
0062060759	3.0
0451223411	3.5
1482735245	3.0
0312357508	4.0
1118639715	5.0
0307962695	4.0
141658563X	3.0
B0088NH17G	4.0
B000SRGFEU	4.0
0451236726	4.0
0743243307	4.0
0743456912	3.0
0547517653	5.0
0307594092	3.0
1450265545	4.0
B005UY43EA	4.0
0374305188	5.0
0312429606	3.0
1594487456	4.0
0066236959	5.0
1478161159	5.0
0375433392	5.0
1428512128	3.0
1455517062	3.0
0399162410	2.0
0312321597	5.0
0778327892	5.0
1416585672	3.0
0345487567	4.0
1439175810	3.0
0743597176	4.0
037585794X	4.0
1616952776	4.0
0316018783	4.5
B004GB1TAY	4.0
1594745234	3.0
0312855257	4.0
043935806X	5.0
0307591832	4.0
0345432401	1.0
0061921262	3.0
0743221990	5.0
0307975983	4.0
0425246078	5.0
1606410725	4.0
B00DFFMYOW	5.0
0060898550	3.0
0670023426	4.0
0441019730	5.0
0446532231	4.0
0061779849	4.0
0307739589	5.0
0061566071	3.0
0521710057	5.0
1410406350	4.0
1613775865	5.0
0767905199	4.0
0991186818	5.0
0743292502	4.0
1250001404	4.0
1456423479	1.0
0765307936	4.0
1484078853	4.0
0312609337	4.0
B001EW51RA	4.0
0441020739	4.0
044661159X	3.0
0679738290	3.0
0393081818	5.0
B00GNJB1BE	4.0
0140185224	5.0
1565126807	3.6666666666666665
0440242762	4.0
0670024783	5.0
0061239852	4.0
0312384769	4.0
1934964387	5.0
0307387992	2.0
0751544973	4.0
0373895232	1.0
006057559X	3.0
0553587048	2.0
1607379163	4.0
1592239676	5.0
0547576218	4.0
0446534889	3.0
055783676X	4.0
1463765517	3.0
145164485X	3.0
0385523211	3.5
B00GNJB1CS	4.0
0151015228	3.0
0425218937	4.0
0878392912	3.5
141697511X	4.0
0061960470	4.0
B00ADYWWDQ	3.0
0312570600	4.0
0553587056	4.0
0307948560	2.0
0761174931	3.5
0470087641	4.0
0385537859	2.3333333333333335
0743225708	2.0
076793010X	5.0
B00DCJJMUA	1.0
B0075Z2JWK	4.0
0425222195	2.0
031238470X	5.0
148276895X	5.0
0312534906	5.0
006222901X	4.0
1560259132	4.0
031259948X	3.0
0310715393	3.0
1432720384	4.0
1419700219	3.0
0451239288	2.0
0553804561	5.0
0316035602	3.0
B009WCP5SE	4.0
0470529695	3.0
1929998716	5.0
0316024961	4.0
1439192316	4.0
0743266242	3.0
1491524081	5.0
147670872X	5.0
0062217070	3.0
0425234126	3.0
B004SOQ0SK	5.0
0061960454	4.0
1616951850	4.0
0373895283	4.0
B00FILHAXQ	4.0
0142300861	3.0
0743496140	4.0
0345350472	4.0
031232118X	3.3333333333333335
0578032147	3.0
0061765260	4.0
0143144200	4.0
0316036919	3.0
1558324364	5.0
0307739538	4.0
0553591916	4.0
0857051733	3.0
0143036785	4.0
1600377750	4.0
0099555352	5.0
1586488503	5.0
0486451429	1.0
0765311135	4.0
0156106981	2.0
0393951693	4.0
0441017150	5.0
B008XY3IGS	4.0
0062083392	5.0
0806528419	2.0
0345528670	4.0
0152054278	4.0
0061287539	4.0
0312354959	3.0
B004KNWXBM	5.0
0446616427	4.0
B00CVJW6SM	5.0
037587089X	4.0
1477401296	4.0
1416556745	4.0
1401303471	2.0
0553804553	4.0
1250033896	4.0
0615613373	5.0
0446616419	5.0
0316726729	3.5
0765313774	3.0
0802139256	3.0
0441017177	3.0
0007466064	4.0
1590588436	4.0
1590587103	4.0
B00CGM8ARA	4.0
0553589628	4.0
0758275048	1.0
1423397193	4.0
0399167617	5.0
1450202268	3.0
1569476349	4.0
037543075X	4.0
1118446712	4.0
1455523089	4.0
1497385261	3.0
0765313766	3.0
0373210132	3.5
0890877025	5.0
0340828900	4.0
1401303498	4.0
1455523003	5.0
0060740124	4.0
000725394X	4.0
0385344139	4.0
B00C3GKOQ4	4.0
0316126586	2.0
0385320175	4.0
1590589785	4.0
1477589562	4.0
0060878061	3.0
0670861944	5.0
0312582668	3.0
1935562355	4.0
0439899281	4.0
0373210108	3.0
0312552726	4.0
0982444869	2.0
045122986X	3.5
0843949880	5.0
0312582676	3.0
0061124567	4.0
B0035N1UMQ	4.0
0916392066	4.0
1442362383	4.333333333333333
0446576670	3.0
0061728276	4.0
031287443X	3.0
0374266328	4.0
0226065669	5.0
1402256361	4.0
1935548069	4.0
8862933169	4.0
0446562068	4.0
1599903326	4.0
B000R93DEO	3.0
0983626006	2.0
0385494238	5.0
038552580X	4.0
0393029239	4.0
1605980250	4.0
0306815176	3.0
159058712X	4.0
0061779814	4.0
0982695225	4.0
0446534846	2.0
0316776963	5.0
1401352464	2.0
0786891297	3.0
1440498539	4.0
0316003131	4.0
0802720854	3.0
0441002846	4.0
0230755062	4.0
B003WEAJ3O	4.0
1560256982	3.0
1439197121	3.0
0434020842	2.0
0786711647	4.5
B004CJ814M	3.0
1493737430	4.0
0451228626	3.0
1596435550	4.0
0140194967	4.0
1420102761	3.0
1440162182	4.0
0375870822	3.0
B00G02XJQO	4.0
0060878126	2.0
0425130711	4.0
1439121982	4.0
061585088X	4.0
159307994X	5.0
0151008116	2.0
1607102560	3.0
0380794551	5.0
030723827X	5.0
B004QZ9YAW	4.0
0740754602	4.0
0062076108	4.0
031600314X	4.0
0373210086	3.3333333333333335
0316066737	4.0
0395925053	4.0
0615377130	3.0
0060172789	4.0
0451411846	4.0
0312207859	5.0
1602602077	3.0
1432737147	4.0
1596435569	5.0
B004CJ812Y	4.0
0395205484	1.0
B003WEAJ4S	5.0
0375703055	5.0
0778326810	4.0
0307986799	4.0
0380817691	2.0
031242440X	3.0
1442107537	3.0
0312851820	5.0
030795563X	4.0
0781411017	5.0
0061231150	3.0
1590587081	4.0
1477675957	4.0
B007V2DA66	4.0
1402256302	5.0
0375703063	4.0
1451678282	4.0
0316133728	3.0
0618593942	5.0
0375868550	4.0
0375869883	5.0
0312335814	4.0
0545240778	4.0
1560977477	5.0
0395284252	4.0
0758272839	3.0
0373210078	4.0
0373210035	4.5
015206396X	4.0
1455573205	5.0
1401309658	4.0
1451697414	2.0
0764204807	3.0
097462120X	4.0
0802121012	4.0
0393059014	5.0
B005MPYQMQ	3.0
0758272820	5.0
1475167458	2.0
0451229932	3.0
0312642830	5.0
0385344082	5.0
0373210043	4.5
0789402017	5.0
1936214962	4.0
0195397916	4.0
0470482559	4.0
0545088186	4.0
0312424442	4.0
0141188936	5.0
0140433880	4.0
0981021301	5.0
0758272812	4.0
1580112366	5.0
1596435526	4.0
0451229940	4.0
0312641516	1.0
030727523X	4.0
0142406023	5.0
0373210051	4.0
0425241343	4.0
1550130994	2.0
B008G5LKO6	3.0
0802121071	4.0
0974621234	4.0
B00866ILZQ	4.0
014038572X	4.0
0743569628	4.0
0345522435	5.0
1592854680	3.0
0061561223	4.0
0312360827	5.0
0312587511	4.0
0778324206	2.0
144240339X	4.0
158008205X	4.0
B0056VB0LQ	4.0
0399149775	4.0
0060788194	5.0
0974621226	4.0
1483959813	3.0
1573456233	5.0
0062088149	3.0
B007BF1XKS	2.0
B00B355ELG	4.0
0385340540	4.0
0544073770	3.5
052595211X	4.0
0151015287	4.0
0393038912	4.0
0399148450	3.0
B009F7JLTK	4.0
0778324214	4.0
0143113135	4.0
0786018267	4.0
0061688401	3.0
0446609323	4.0
1481983512	5.0
0385733135	5.0
0062197258	2.0
1593306474	4.0
0778325555	4.0
0451192192	4.0
0312323859	4.0
0375434313	5.0
B00CV7G8W4	4.0
0316156493	5.0
0446697893	2.0
193930900X	4.0
0312569505	4.0
044050306X	4.0
0843953144	5.0
0312868650	4.0
0373777957	4.0
B0092QBP8Y	2.0
B00DX0R0FM	4.0
0553808109	4.0
0451233166	5.0
0984308105	4.0
0062060619	3.5
0307588114	4.0
0439023483	4.5
1937867056	3.0
0316042781	3.0
0060575611	4.0
B00D7K003C	4.0
0345443209	3.0
0061214655	5.0
0778325571	4.0
1416587950	3.0
1934812196	4.0
0312587554	3.0
0988729806	3.0
0143115766	4.0
1622424387	3.0
0316041440	4.0
0439023491	5.0
043920352X	4.5
0755377451	3.0
1592402860	4.0
1610345029	4.0
0312375042	4.0
1606390139	4.0
1250006317	3.0
0425246191	4.0
0385340559	5.0
0375845887	4.0
0679009329	4.0
006180889X	2.0
0307929302	5.0
0375844554	3.0
0061563862	5.0
0399159126	2.0
009917961X	5.0
031226268X	3.0
0201708426	5.0
1907519521	4.0
0061339229	5.0
0553382160	5.0
061574642X	4.0
0778324281	4.0
0385340567	3.5
1594487596	4.0
0609805118	5.0
0312360819	4.5
0312375069	5.0
1416597328	4.0
030739610X	2.0
0373895143	3.0
068483958X	4.0
0802126006	5.0
0688163866	3.0
1611090407	4.0
1593174322	4.0
B00APP1G9O	1.0
B006QXC9CW	3.0
1905548923	4.0
0061779725	4.0
0061985848	4.333333333333333
0061456780	3.0
0345443241	2.0
1616951702	2.0
0312087616	5.0
0451416759	4.0
B009POEGQ6	3.0
0060974060	5.0
0061856436	4.0
0385523386	4.0
1440570485	4.0
0062060554	4.5
0316126675	4.0
0373895135	2.0
0062107712	4.0
B009BQPYAU	2.0
0596513747	4.0
0385740166	3.0
0345533291	2.0
1439102740	5.0
1456562363	1.0
0615296971	4.0
0062198505	4.0
0981928315	4.0
0061779741	3.0
0399147071	5.0
0316040096	3.0
1595826971	5.0
B008LF8MHY	1.0
0671024256	5.0
0747251002	5.0
0689865406	4.0
B006ML8KR6	5.0
1477605142	5.0
0451416740	4.0
1481128345	3.0
037383196X	3.0
0843954264	5.0
0385522002	4.0
0399155503	5.0
0615856810	3.0
1416978992	4.0
0312384831	3.0
0307948684	5.0
006143275X	3.5
0061869724	3.0
1451572166	1.0
0425194523	4.0
0345528735	3.0
0062124269	3.0
0307268071	5.0
0060745096	3.0
1594146705	4.0
0451416732	4.0
0316126632	4.0
0451239164	3.5
0356500276	5.0
0843955589	5.0
0740760408	5.0
0385496958	5.0
0545052351	4.0
038536315X	3.3846153846153846
0425247546	2.0
0060521600	4.0
B00AA0PZ7S	5.0
0446531081	3.0
0553576429	4.0
0545233445	5.0
B00EESYAXW	4.0
039915681X	5.0
0140120831	5.0
055310554X	3.0
0802126022	4.0
030728364X	4.0
0316012831	5.0
1479257389	3.0
0137141734	4.0
0061869708	5.0
0307889750	5.0
1603582371	4.0
0062202928	5.0
0060564784	3.0
1432746839	4.0
043902353X	4.0
0061689904	4.0
1461018188	4.0
0316126659	5.0
0446582603	4.0
B003SNK25O	4.0
031253728X	4.0
1936399008	2.0
1490442987	5.0
B0041OSXUK	4.0
0060001445	3.0
1440552614	4.0
1458743306	4.0
1439138702	4.0
0060934867	2.0
0345515463	5.0
0385736967	4.0
0440114756	4.0
0470189592	4.0
1623220173	4.0
1401302009	4.0
B0040GJDJE	4.0
0060851988	4.0
0316017701	4.0
0451239113	3.0
0061432733	4.5
1569475148	4.0
0451183908	3.0
B0055PMJMW	1.0
0767917219	2.0
0373210264	3.0
0345527461	4.0
0821780689	1.0
0802126073	4.0
1846686679	4.0
1451689004	5.0
1439155208	4.0
0425104397	4.0
0345388968	3.0
159182740X	4.0
1439255296	4.0
0452296250	4.0
0060892501	2.0
0345480260	4.0
0312365721	4.0
B005CRQ4Y2	3.0
0802126081	5.0
1940768012	4.0
1569475156	4.0
0812967984	2.0
1451625847	4.0
0345475704	3.0
0061286117	4.0
0814630227	5.0
0843960124	5.0
0743292499	5.0
0060742887	3.0
034551548X	4.0
1440552649	4.0
B00HUBG47K	5.0
0141326085	3.5
1250000246	3.0
0871161133	3.0
1607062747	4.0
0140143505	4.0
0425154637	4.0
0345387651	5.0
1586088971	3.0
0099287595	4.0
0762424931	4.0
B00309SCUS	4.0
037321023X	4.0
0373210248	3.0
0679783571	4.0
0316209546	5.0
039306123X	5.0
1416525882	4.5
1440721726	4.0
1416978909	5.0
B0094AMA5A	4.0
1607062739	4.0
0439023513	4.0
0312365748	4.0
0373771983	4.0
0316175668	3.0
0307275175	4.0
1439102724	3.0
0312425902	3.0
1421532034	4.0
1594031444	5.0
B005CRQ4TW	4.0
0373895100	4.0
0312428189	4.0
0061755710	5.0
0547577451	4.0
1599903423	4.0
0373210221	3.0
1620400413	4.0
0812967992	3.0
0399154248	2.0
0061137995	4.0
0547636350	5.0
1607062755	3.0
0385528191	3.0
1421521393	5.0
1426206542	5.0
B0067ZJVK2	2.0
B0092V0P6M	3.0
1610342798	5.0
0312340443	3.0
0345468597	3.0
1573221465	4.0
0060878169	5.0
0765325640	4.0
0821780611	5.0
1416978933	3.0
1469960044	1.0
0375840990	4.0
0143036688	5.0
0802448712	5.0
0393319296	3.0
1580175848	3.0
1595825606	2.0
0061953407	4.0
0812980999	4.0
1484042778	3.0
0312370288	3.0
0130648841	5.0
0060086246	5.0
0976234998	3.0
1597802840	3.0
1558505520	3.0
0373210205	4.0
0061741116	4.0
0142003344	4.0
0765325659	3.0
B008EDLZ5E	4.0
0385344007	3.0
1594205469	4.0
0843949783	5.0
0811874540	5.0
0451229789	4.0
1605980374	3.0
1937818004	3.0
1572244577	4.0
0312340427	5.0
0312567073	3.0
0446526479	4.0
030726579X	5.0
1610341430	4.0
1610342763	5.0
1250006406	4.0
0425240142	4.0
0316156507	2.0
0761455604	5.0
031232619X	4.0
0441014941	5.0
0425129632	4.0
B005CRQ5AK	4.0
1439107521	4.0
0374115338	5.0
1590589572	4.0
014027166X	3.0
0786444266	4.0
006180259X	3.0
1565124073	5.0
0307595145	4.0
0312424515	5.0
0142419400	3.0
1439187673	5.0
0425104346	3.0
1432715658	3.0
0739374532	4.0
0060594667	4.333333333333333
0451229851	5.0
0062314254	4.333333333333333
0425228479	3.0
0425240169	5.0
0618735437	3.0
0425104338	4.0
1464200688	4.0
0425129616	5.0
0307275167	5.0
0345499727	3.0
0805078363	5.0
0985322101	3.0
030726310X	5.0
0061020095	5.0
B006QSKP0A	3.0
0062065351	2.0
0786866195	3.0
0345538080	4.0
0425212955	5.0
144240213X	4.0
0446360856	4.0
0141310472	5.0
1935429760	5.0
0316031925	2.0
0062100203	3.0
0316018953	4.0
0451234383	4.0
1400106656	5.0
0060892498	3.0
0307595129	4.0
006089248X	2.0
0312262515	3.0
0547341245	4.0
0373776780	5.0
0373210183	5.0
1604991461	3.0
0553208845	4.0
0141310464	5.0
1416549730	3.0
0142419435	4.0
B004322F6I	4.0
1935429752	5.0
1620610132	4.0
8183860699	2.0
0452297494	5.0
0307263177	5.0
0399150609	5.0
0553593064	3.5
0140621199	4.0
014132371X	2.0
0345534522	3.0
147920711X	4.0
B00D0CXKQQ	1.0
1935429744	4.0
0778326721	4.0
0743454545	3.0
140004166X	4.0
0425211606	2.0
0486440982	5.0
0307595110	3.0
0060734434	3.0
0979580811	3.0
0786866152	4.0
0547445725	4.0
141653167X	3.0
076366040X	5.0
1935597140	3.0
B0031TZBX8	5.0
0373775466	4.0
0679722645	5.0
0988548518	4.0
1250029139	4.0
0446612871	4.0
0312323999	3.0
0316054682	3.0
0804138818	5.0
0743454529	5.0
0060932155	1.0
0060195347	2.0
034548648X	5.0
0525952233	4.0
0451181395	4.0
0446358584	5.0
0451163508	5.0
0689865392	4.0
0385340427	4.0
0763636789	5.0
0374299080	4.0
0385516215	3.0
0380790912	5.0
0316054674	3.0
0316012823	5.0
0983573123	4.0
1451673582	2.0
1937856224	5.0
0778326756	3.0
1476724024	4.0
0679890084	5.0
B0085TJWJS	4.0
159182608X	5.0
0345521250	4.0
1935429787	5.0
1450579973	4.0
0789741164	5.0
B004322FCM	4.0
0983193851	3.0
0060932139	4.0
0743454502	3.0
0786018151	4.5
1439148015	5.0
1935429779	4.0
0544102622	2.0
0345534557	3.8
0912986212	1.0
1449576133	4.0
0385528213	3.3333333333333335
0373895194	5.0
1432721496	3.0
0425199460	5.0
0099481685	3.5
B00A18VD7A	4.0
0544022084	5.0
1607012561	4.0
0062090364	4.0
1401322557	5.0
B00JE2OT6Q	5.0
0761462759	3.0
0451222393	4.0
0761146202	3.0
0061922315	5.0
0316039012	4.0
1402709757	3.0
0761136819	4.0
0061876895	4.0
1590584767	4.0
0312274580	2.0
1622660404	4.0
084395695X	2.0
1489511105	4.0
1607013878	4.0
0892211237	4.0
0316016381	5.0
1591826071	4.0
0761462724	4.0
0786018178	4.0
078601816X	4.5
0812995201	4.0
B009YX3KA6	4.0
0316015059	3.5
0743299973	4.0
1781250057	3.0
054529441X	4.5
0062073826	5.0
0930330382	5.0
0964832046	4.0
0794421849	4.0
0451222334	3.0
0778313492	3.0
0399159010	5.0
0307265749	3.5
0425229769	4.0
014023828X	5.0
0345533283	4.0
1550229184	5.0
0373072139	2.0
B008QB5T6U	5.0
0060724242	5.0
1561486760	4.0
0743458087	2.0
0393338460	5.0
0446539740	4.0
0744590779	4.0
0451235657	2.0
0985270454	3.0
1906658994	4.0
0985846801	5.0
1593174330	4.0
0812972562	4.0
0451222350	4.0
0061687219	3.0
1493599917	3.0
0670021008	4.0
1936096625	3.0
0977859975	5.0
0545052424	4.0
034071820X	5.0
0062195379	4.0
1404105298	2.0
076533626X	4.0
1891105108	5.0
1440552703	4.0
0394448588	5.0
0143118579	5.0
1419619284	2.0
0330449605	5.0
0316153915	3.0
0060578416	1.0
1455519170	3.0
0515127213	2.0
0373207115	3.0
1569476527	4.0
B00IVPYT9E	3.0
031237917X	5.0
0670021024	4.0
0373210752	4.0
0399152776	5.0
059306495X	4.0
B008LD8W4O	4.0
1456471309	4.0
061552396X	3.0
0553807420	5.0
0547327846	4.0
0061137618	5.0
0743290119	3.0
0066213002	4.0
0307341542	3.6666666666666665
0316001651	4.0
0373694504	4.0
1552638324	5.0
0062195344	4.0
1591026237	3.0
0385340370	3.0
B0054E9030	4.0
0982636660	4.0
1423203615	5.0
0399108610	3.0
1416583289	3.0
0312280750	3.5
0670022373	4.0
B00B8L2PY4	4.0
1250039819	4.0
0307341569	4.0
160469050X	4.0
0374173958	3.3333333333333335
0306818809	4.0
B009NI6VT4	4.0
0983256810	4.0
0393057526	5.0
0786020407	4.0
0312327994	3.0
042523567X	3.0
0062080067	1.0
0345528875	2.0
0425217833	2.0
0140058893	4.5
0545128129	4.0
1608090116	3.0
0425234355	5.0
0976797321	5.0
0393310728	5.0
0061432660	4.0
0060840544	4.0
1401234534	3.0
0312379145	4.0
0061791784	4.0
1430318481	3.0
0446580538	3.0
1439189374	4.0
0989909409	4.0
0312368488	2.5
0316055433	3.5
0525479023	4.0
0451211995	2.0
0982636695	4.0
0393307115	3.0
031236847X	5.0
B00GRY30J6	4.0
0345467310	3.5
1566565707	2.0
1452108838	5.0
0345528891	2.0
0756405327	4.0
0786018119	3.0
0091937426	4.0
0345515579	4.0
0345514246	3.0
1439189366	4.0
0306817500	4.0
0062731025	3.0
141654013X	2.0
1463571917	4.0
0345515587	4.0
B008K2VM6G	4.0
0061791768	4.0
042522239X	3.0
1490958312	4.0
0385741774	4.0
1933963808	3.0
1619264013	4.0
0425058735	5.0
0099581876	4.0
0345515595	4.0
0061938343	5.0
0061251348	5.0
0547976526	4.0
B004XOZ91O	4.0
0446530220	5.0
0451214161	2.0
B00ISU9JL0	4.0
0061977969	3.0
0802716520	4.0
0316153990	3.3333333333333335
0778329348	3.0
0552161969	5.0
0316013684	5.0
0375401954	5.0
1476762066	3.0
1592406556	2.0
0983256837	4.0
0446614483	1.0
0425224953	5.0
0778328023	4.0
B002DOSBOI	4.0
1416589430	5.0
0756404053	3.0
1608090175	4.0
B009EF7F6E	4.0
0439895979	3.5
0425234339	2.0
0452285216	5.0
0060773251	3.0
0345289072	4.0
1594264538	3.0
0385323891	4.0
0770435904	4.0
0743222008	5.0
0312646968	4.0
0061711640	5.0
1416589422	5.0
B00JQPRRJ2	3.0
0451055985	1.0
0812968972	4.0
1419668242	4.0
B003P9XCUS	3.0
0671692658	5.0
B00BAYMFTE	4.0
0312559127	4.0
0307268357	4.5
147839708X	3.0
0979433703	3.0
1564745260	4.0
1482553112	4.0
B0041OSE7W	4.0
149216318X	3.0
1451642474	3.0
0758231687	5.0
1618580124	3.0
0547483341	4.0
0061826960	2.0
157120959X	5.0
0786889500	4.0
1439165351	2.0
0446530263	5.0
0307713547	5.0
1416589449	5.0
0451227468	3.0
1461100933	4.0
0373776012	4.0
1592407870	4.0
0446505293	4.0
0143144839	5.0
037570051X	3.0
B00HKYHMM8	4.0
0061579521	4.0
045122745X	4.0
0545123283	4.0
1936467356	4.0
0316013641	4.0
0765312247	3.0
0007148976	4.0
1466495154	4.0
0547483368	4.0
006193836X	4.0
0307595870	5.0
0345494997	3.0
0316014982	5.0
1579651623	4.0
0743291476	5.0
0312559100	4.0
0345481690	5.0
0307454231	3.0
1616284927	5.0
0316126381	4.0
0307388298	3.0
0307700208	4.0
0446607320	4.0
0545123267	4.5
0399156232	5.0
0425252256	4.0
0345538196	5.0
044101819X	5.0
0451228863	3.0
0691122946	4.0
0060984309	3.0
0140177396	4.0
1478331321	3.0
0984114505	3.0
1451555482	3.0
0007344260	4.0
B009V2YCRA	4.0
1849351724	5.0
0441015913	4.0
0312573529	4.0
1478156074	4.0
0373892411	5.0
1439166641	2.0
0375705457	4.0
0452297176	3.0
1462111564	4.0
0978513754	1.0
0449220591	3.0
0446195596	4.0
0718158970	4.5
143920957X	3.0
0373777329	4.0
B004XD9IZS	5.0
1581802560	5.0
077043598X	4.0
B006S5SG5W	3.0
B00775ZSSU	1.0
0394756959	5.0
1591799155	3.0
0061286087	4.0
0593056418	4.0
1602396396	4.0
B00JK051PA	4.0
1938404351	3.0
0307346439	3.0
0778312410	5.0
0786860766	5.0
0312357842	3.0
0316020702	2.0
076145375X	3.0
1611941784	3.0
0743561538	4.0
0060935359	4.0
1616951125	4.0
1439140014	3.0
0446520802	2.0
0345499840	2.0
0578041790	4.5
0312370814	4.0
0547550766	4.0
1400043921	4.0
1416559639	4.0
B00A73LO4G	4.0
B009Z78Z5G	3.0
0345521307	4.0
038534290X	3.0
0441715923	4.0
0345499824	3.0
B007I4GAG4	5.0
0393064611	4.0
0786755024	4.0
1627465928	3.0
1936593106	4.0
0375404120	1.0
0061668214	4.5
0307383415	4.0
052595239X	3.0
0345533313	4.0
0446195529	2.5
1477594728	5.0
0778312445	4.0
1592983073	1.0
0307950174	4.0
0060821477	4.0
1623651670	3.0
0763617261	4.0
0425265544	5.0
031257357X	4.0
0446194204	4.0
0451216881	4.0
1421518015	5.0
1616951168	4.0
0307717097	4.0
0553818171	3.0
0812217268	4.0
B008GNGTNK	3.0
1569763119	4.0
081221725X	5.0
1416955208	4.0
0060821469	3.0
015603154X	4.0
B002GEX2Q2	4.0
0425264203	3.0
0525951059	4.0
1426438281	4.0
0061233544	3.0
0345523997	4.0
159514269X	2.0
0312382855	5.0
0143120921	4.0
0956239277	4.0
0307378888	4.0
146765101X	5.0
B004LX069M	3.0
1582344825	1.0
1402261039	3.0
1449401163	5.0
031226772X	5.0
052595368X	3.0
156512569X	4.0
1439226083	3.0
0345532023	3.5
1596090782	3.0
0312860919	2.0
0470873876	4.0
1469227894	4.0
B00904LLTG	5.0
B00CI3WCEO	4.0
144235948X	3.0
0385529651	3.0
1416912177	5.0
0553109200	4.0
0316075841	5.0
0794421997	4.0
161309924X	4.0
0978687469	4.0
1591796962	4.0
0061969559	1.5
0345532031	4.0
0312380216	4.0
0142427551	3.0
1416572678	3.0
0345532015	5.0
0446607398	3.0
0767907078	3.0
0345420748	5.0
0375845674	4.0
159514398X	4.5
B00F6LKWA6	4.0
1423117115	4.0
0340920246	3.5
1934876836	4.0
1479236659	4.0
0380007959	5.0
0061143448	4.0
0743579631	4.0
0671456547	5.0
1590585976	4.0
0575074256	4.0
0316056707	2.0
1453774025	5.0
B0042JSLQU	4.0
0312614594	3.0
0786014512	5.0
1849610266	4.0
0060560363	4.0
B009G9ZM2M	3.0
0345383990	4.5
0451222687	4.0
037583365X	3.0
031261456X	3.0
B00FO9GANS	4.0
0312370830	4.0
0141182571	5.0
0943151341	4.0
1416583343	3.0
B009NM1P9Q	4.0
1427817308	5.0
0061688681	5.0
1416597980	3.0
1492267791	5.0
0984338195	1.0
0727883100	4.0
0452282934	2.0
0312860951	3.5
0451233344	3.0
158005286X	4.0
0375831002	4.0
0345338545	5.0
0689866127	5.0
0425241505	5.0
0062027875	1.0
0374380708	2.0
0446578193	3.0
0805073396	5.0
B00311JU8S	4.0
B006GHBSA2	5.0
0763655597	5.0
0544105508	5.0
B005C7UXU8	3.0
0761458425	4.0
0471592242	5.0
044657967X	3.0
0439227135	4.0
0525953728	2.5
0142001740	3.0
0380812525	3.0
0312379293	5.0
0345504968	4.0
0557445019	5.0
0312658877	4.0
0374123543	4.0
0385735820	4.0
0060735023	2.0
1400202140	2.0
1451642547	4.0
0547315945	5.0
B00JFCY7KS	4.0
1467964344	3.0
0060012382	5.0
B007JJ3JEY	4.0
B00JDY7Q3S	4.0
1590584589	5.0
0446525804	2.0
0545129591	4.0
0143120980	4.0
0061766666	4.0
0743405897	3.0
0312427468	5.0
0743554434	4.666666666666667
0765313499	4.0
0743225805	2.0
037542217X	3.0
0062105760	4.0
1250018188	4.0
1401323111	5.0
0345346904	4.0
0062015729	4.0
B00BV847HC	3.0
0767909895	3.0
1442430001	4.0
0312622899	5.0
0007491530	3.0
0758218583	5.0
0553569910	2.0
0140298479	3.0
B00F2NONDK	3.0
0545040566	4.0
006088732X	5.0
0765108674	3.0
2940378061	4.0
1593154941	3.0
0446616915	5.0
0545258979	5.0
0446548502	3.0
0143117319	4.0
0425234460	3.0
0028614518	3.0
0143142356	4.0
B004NNVWL6	5.0
1416564209	3.0
0984531106	4.0
0758285353	5.0
0312268971	4.0
0151014027	3.0
1451642512	4.0
0380709546	5.0
0446525871	4.0
0684836270	4.0
0062015702	4.0
0446579653	5.0
1455134767	4.0
055338483X	5.0
B006Z9SOIU	4.0
0553384848	5.0
0143142372	5.0
059680427X	2.0
1477817603	2.0
0060887354	5.0
0312337442	4.0
B0092MPT80	3.5
0670024856	5.0
0060748389	3.0
1935546171	3.0
1565129164	3.0
0547223994	4.0
0060773340	3.0
1416936017	4.0
0451223829	4.0
073935650X	5.0
0316182540	4.0
0691131171	4.0
1594488274	5.0
0385733208	5.0
0316091049	3.0
0151879834	5.0
0615684424	5.0
0142428949	4.0
0340770708	4.0
0375863443	4.0
0316056634	5.0
1939276012	3.0
0451413431	4.0
1493741462	5.0
147670600X	4.0
1937593002	5.0
0061826871	3.0
0385740328	2.0
0761370781	4.0
0307749436	5.0
1450214371	4.0
030797071X	4.0
1608194809	5.0
0786808012	5.0
0982726503	5.0
1442481684	4.0
0060887389	5.0
0984531149	4.0
044022179X	5.0
1610345630	3.0
0312622848	4.0
0399247769	4.0
1590171993	5.0
0312650094	4.0
1439165270	5.0
B008GE79OC	5.0
B004W8EJTY	4.0
1422157296	4.0
0373773900	5.0
1440562237	4.0
1601830017	2.0
B00D7SZX86	2.0
076137079X	4.0
0345475941	2.0
0061783161	3.0
0316038865	3.0
0446385050	5.0
031234810X	4.0
0578033399	4.0
0374373663	4.0
0226846636	2.0
1442303093	3.0
0984531122	4.0
1603585206	5.0
097961743X	4.0
014144102X	5.0
0547241771	3.0
B00FPXWV0Y	4.0
1434336603	3.0
0743422384	3.0
B00IGMD3AI	4.0
1608090299	4.0
0061711527	4.0
059042582X	5.0
0547615647	4.0
0805091165	5.0
1421532212	5.0
1468024523	3.0
1591847214	5.0
1491040300	5.0
0061783188	5.0
0399157522	5.0
B00HWK35OY	4.0
0547615655	4.0
055356997X	5.0
0316176729	4.0
037377611X	4.0
080278450X	4.0
145584165X	4.0
0345386108	4.0
0615288715	5.0
034912132X	4.0
0345454197	3.0
1608820335	4.0
0312622872	4.0
0679453059	3.0
0545333024	3.0
0843959339	4.0
B00AT8F0J4	2.0
1401228801	5.0
0451462408	3.0
1584859776	3.0
0373892292	3.0
0375502769	3.0
0756633931	5.0
1481867024	5.0
0553582909	5.0
0778313700	3.0
0843961643	3.0
0061783196	4.5
0394563492	5.0
0316038814	3.0
0310327369	3.0
0385346433	3.0
1451678533	4.0
0446528056	5.0
0062270486	3.0
1571312471	4.0
9881554217	3.0
0765331268	2.0
0373892306	4.0
0312370903	4.0
0143123238	5.0
0451180232	4.0
1620612585	4.0
1572707208	2.0
054733608X	4.0
B0076QCBK8	4.0
0739465538	3.0
B00C9LP5KS	4.0
0060972459	2.0
1451623496	4.0
B004UN6G2E	3.0
0062074040	4.0
0062019309	4.0
0765318288	4.0
1442360518	5.0
0843954507	5.0
0399158766	4.0
0345460030	3.0
0802119034	4.0
1619264080	4.0
B0002X7W5Q	3.0
0307474712	3.0
0778313611	3.0
1477531033	1.0
0441014739	5.0
0333623096	3.0
0060766212	3.0
0312385188	4.5
0761158820	4.0
0446519960	3.5
0143124544	4.0
0785228942	3.0
0385347669	4.0
1433676613	3.0
B00688GE7Q	4.0
1606841696	3.0
B004XVTPHG	5.0
0060766204	4.0
0451239423	5.0
1606840363	4.0
0440213312	5.0
1469215950	1.0
0345460057	5.0
037550284X	4.0
0451456688	4.0
0345339703	3.5
143919503X	4.0
B0073WA12K	4.0
1617750220	3.0
1402245777	3.0
0373892349	4.0
1846162483	4.0
0857684663	4.0
1454901276	4.0
0515147672	2.0
1619260530	4.0
0007230206	3.0
006178320X	4.0
0312421273	5.0
0061710245	3.0
0757305911	4.0
1606840339	4.0
0156031442	4.0
0983624585	5.0
076145361X	4.0
0307275345	4.0
B00AL4RQAC	4.0
0312625197	1.0
0061350974	3.0
0778325628	2.0
1432755099	4.0
0451192249	3.0
1402244428	4.0
0345533437	1.0
0066209773	5.0
0061362956	4.0
0525951172	4.0
0399156135	5.0
006128856X	2.0
0709085338	1.0
0595440096	4.0
0061771260	4.0
0425241696	4.0
1595142576	4.0
B009EL6PUU	3.0
0778324303	5.0
0553587889	5.0
0425252345	4.0
0758201796	2.0
1402245742	3.0
0345533429	4.0
1440459282	4.0
0312650108	3.0
0756401658	3.0
014240988X	5.0
0451228731	4.0
0142409898	5.0
0578039567	3.0
0310949548	4.0
0316119334	3.0
1416572783	4.0
006085880X	5.0
042521799X	4.0
0743427149	4.0
1416950303	4.0
082651412X	5.0
155738911X	1.0
1416939989	3.0
0804136866	4.0
0312367333	3.0
0786013109	4.0
0765318202	4.0
0345533461	3.5
1934813362	4.0
1400065429	2.0
B00GET8RV0	3.0
031605660X	5.0
160928206X	4.0
0062026488	5.0
B00FV5SCFE	3.0
B003EYVZ9E	4.0
1402251564	3.0
1582434646	4.0
0425228649	3.0
1416545182	2.5
0399153918	4.0
0143118722	5.0
015101406X	5.0
159315237X	4.5
1442346272	4.0
0887390900	4.0
0689843372	4.0
1419686291	4.0
193481332X	2.0
0553593676	2.0
0240816641	4.0
0307407993	2.0
1461142148	4.0
1934876941	5.0
1442420626	2.0
0547970439	4.0
1461130174	2.0
1561631701	5.0
014242899X	5.0
0767916905	2.0
031604461X	4.0
0765331209	4.0
B00FILC266	5.0
0062082507	4.0
054760842X	3.0
B008F6BNKM	4.0
0143123297	4.0
B00IAFWQT0	3.0
1439110077	4.0
076145716X	4.0
0544002253	3.0
0312356641	4.0
0312602480	4.0
0451223888	4.0
0425197077	5.0
0811878317	4.0
1593154992	5.0
1427816123	3.0
1561011673	4.0
0375507639	3.0
1421538385	3.0
0071356185	4.0
159486232X	4.0
0451223896	4.0
1601547315	4.0
1451673779	4.0
0312368631	3.0
0441012175	5.0
1449401090	5.0
0312656262	1.0
0375422250	5.0
0061443123	3.0
0142800376	5.0
1932557350	4.0
0395924952	5.0
0446550760	4.0
0786020261	3.0
B00F6YCTCW	4.0
0984657401	4.0
0758274726	2.0
0307264653	5.0
1402251599	3.0
0689878001	4.0
0812971000	3.0
0345504984	4.0
0545040523	4.0
0312381611	5.0
0451221257	3.0
1416542965	3.0
1582404836	4.0
0307264645	4.0
0143123246	4.0
1250049377	3.0
1617750271	4.0
0451233239	4.0
1605047864	4.0
0060821507	4.0
0307360814	3.0
0345528921	5.0
0758204272	5.0
0143120646	4.0
095546563X	4.0
1932156895	4.0
149230378X	4.0
0316077046	3.0
0971461236	4.0
1452073473	4.0
0385339151	4.0
0345467574	3.0
1575668017	5.0
1469210711	4.0
0340192690	5.0
0060596066	4.0
0613170768	3.0
B00I3S7R98	4.0
0525952527	4.0
0385660065	5.0
0375725601	3.0
B0073HW6FA	4.0
0740784900	4.0
0843960647	5.0
0385340117	4.0
0373210515	4.0
0763662585	3.0
0385732201	4.0
075731533X	4.0
143916519X	4.0
0385517831	3.0
0615395368	5.0
0843947667	3.0
0765321807	4.0
0843946334	5.0
1615990321	4.0
1455527831	5.0
0696238152	3.0
0062221523	4.0
0375409289	4.0
0553574159	3.0
0345443586	1.0
0312979975	5.0
0451220242	3.0
0373210523	4.0
1491286008	3.0
0763649562	4.0
0385734875	3.0
1466207620	4.0
054784803X	3.0
1250021456	4.0
0515143944	1.0
B00CHUZHJU	4.0
1569475415	4.0
0525953833	3.0
1590584465	4.0
0743597222	4.666666666666667
0843961910	3.0
1442361476	4.0
0765308843	4.0
0679890661	3.0
0385340176	4.0
B004QGY35W	4.0
0316602051	5.0
1439136610	3.0
B0090P6FG4	4.0
0312603606	4.0
0778329534	3.0
0446604801	5.0
0141339624	5.0
1426921195	4.0
0061688975	5.0
0312675291	3.0
1451512155	4.0
0312383851	5.0
0385734891	3.0
1590584481	4.0
0307406334	5.0
1416913270	4.0
0812974565	4.0
0985029439	1.0
0307473155	4.0
0316001821	4.0
0307596907	4.0
0060288124	3.0
0062077902	3.0
1452834989	5.0
0451415736	5.0
044100864X	5.0
0385376111	4.0
0743470354	3.0
0671040634	4.0
0385733577	4.0
0758205589	5.0
0143038109	5.0
1845844068	5.0
0743223543	2.0
0425228711	5.0
0988573016	5.0
0982239807	4.0
0446580309	4.0
1439124663	5.0
0425194892	5.0
1416595058	4.0
1619266407	4.0
1451654618	3.0
0547445288	5.0
1610344235	5.0
0786016981	5.0
0151013047	5.0
0399156518	4.0
0451167538	5.0
1557831572	5.0
0073052337	4.0
1439232067	4.0
0399157840	4.0
0743272501	4.0
0446520659	5.0
0375869433	3.0
0761356355	4.0
0316024597	5.0
B007NUVEBO	5.0
0061010103	4.0
0843957069	2.0
1610346866	5.0
0399157832	3.0
1439232075	3.0
0307943232	4.4
014242370X	5.0
1439204829	4.0
098372671X	4.0
0316096199	4.0
0312301154	4.0
0201633612	5.0
0375837035	4.0
0312363427	3.0
1933617837	5.0
0425260852	3.0
0307269868	3.0
0061537934	3.5
1605983799	4.0
1592405460	4.0
0385336942	4.0
0982818645	5.0
B008GMLZSU	3.0
0843954809	3.0
145161022X	3.0
0452275660	4.0
1451609256	3.0
0425247880	4.0
0395266823	3.0
0373210574	4.0
0099406136	3.0
0399157883	3.0
1470127482	5.0
0989511405	5.0
0230706495	5.0
0425264394	5.0
0762759704	3.0
0060731656	3.0
0425132951	4.0
0545129605	4.0
0425221261	5.0
B004XVV1K0	3.0
0812516958	3.0
B0096DIJ5U	4.0
1466220678	5.0
0345807154	5.0
0989511413	5.0
0778312712	3.0
0399156542	3.0
B0070Y4CDA	3.0
1461184010	3.0
0060096195	3.0
B00HMEC6BI	3.0
0373777582	5.0
0743490436	4.0
0060731664	3.0
B005IZWX6G	3.0
0882823485	3.0
0399155201	4.0
0451239695	4.0
0670023809	3.0
B008AY9C3E	4.0
0451226380	4.0
B007KNLFAY	3.0
0140179836	3.0
0763607762	5.0
006088262X	4.0
0399156526	3.0
162242350X	3.0
0739353993	5.0
1442344989	4.5
B005J4Z7UA	4.0
1438958455	3.0
006143857X	3.0
0758212720	3.0
0061253774	4.0
0618463518	4.0
1250026385	5.0
159448354X	3.0
0316176486	3.6666666666666665
1606840258	3.0
1560252154	4.0
1616951397	4.0
1616950064	4.0
0765318172	5.0
0060855029	4.0
0812979427	4.0
098884690X	4.0
B00HN9G1BS	3.0
0307950395	3.0
0312575939	3.0
1593156219	4.0
1456324187	4.0
1401303064	2.0
1939673011	4.0
1933417447	5.0
1583940537	5.0
0557061024	5.0
082341602X	5.0
0399143165	4.0
8129104598	3.0
B00DQCOMVW	4.0
1451672519	2.0
044617792X	4.0
0739339656	4.0
0446177938	4.0
0786719125	5.0
0399156453	4.0
0373229933	4.0
1411682432	5.0
0399246177	3.0
1451646232	4.0
0061583073	4.5
B0096ZS4DK	4.0
0425235947	4.0
039915776X	3.5
0451215753	5.0
077831264X	5.0
0758210183	4.0
1401227503	5.0
1419704281	5.0
0312362196	4.0
0446562416	3.0
0425263150	4.0
0316098795	4.0
0615719287	5.0
1401216862	5.0
193967302X	4.0
0684869888	3.0
1451636881	3.0
1250001048	3.0
B00F1EH4HW	4.0
1614281610	5.0
B00F1EH4I6	4.0
0778312666	2.0
1439160295	1.0
B008GWOGP4	3.0
1482352915	4.0
0778325970	2.0
1481158643	4.0
0399139931	5.0
0879238631	5.0
1598879251	4.5
B006M9JJZA	5.0
0670011908	4.0
0671021486	3.0
0373534310	4.0
0451226402	5.0
0743272552	4.0
0316096156	2.0
1590589254	4.0
0060092653	4.0
1402243456	3.0
0786861827	4.0
1602861722	5.0
0425199797	3.0
0765318199	4.0
0345532228	4.0
0399254609	3.0
0765332450	4.0
0316224588	5.0
0123748569	4.0
1611189837	5.0
0425264459	4.0
1442427795	5.0
0312609809	4.0
0452287553	5.0
0316066303	4.0
006087418X	4.0
1593079524	5.0
039915647X	4.0
0061443093	3.0
0802121489	4.0
0307744434	5.0
0060092645	4.0
9129583144	3.0
0062238426	4.0
1620612445	4.0
1616950080	4.0
0615287441	4.0
0312362153	5.0
0375870407	4.0
0615775373	4.0
B003XNTZMK	4.0
1467983101	5.0
031601737X	4.0
1451691696	4.0
0061443069	2.0
0061999180	4.0
0099766817	5.0
0399149309	4.0
B00AU4WG26	4.0
1461051231	3.0
B0038KX8S0	4.0
1456414143	3.0
0439139597	5.0
0060976098	4.0
0307473120	3.3333333333333335
0446177997	4.0
0375851232	3.0
0061030635	4.0
0399151613	3.0
0758206984	5.0
0340840161	4.5
0738721875	5.0
1582345910	5.0
1416561765	3.0
1593091222	2.0
037584676X	4.0
1489502793	4.0
0060175400	4.0
B007HQZ1HC	4.0
0446580287	3.0
141996920X	5.0
0312382634	5.0
0751536822	4.0
1416925244	5.0
0983706336	5.0
1593078226	4.0
1602861765	3.0
076145702X	5.0
0812963946	5.0
B007RMZYL4	3.0
B008GWOGQS	4.0
0060777060	3.0
0446580295	4.0
0062015680	4.0
0374275637	4.0
B00FYIYK1S	4.0
0983706328	5.0
0312383967	4.0
0142001805	3.0
0984484612	4.0
1416572449	4.0
0451219279	2.0
034549749X	4.0
0545040604	3.0
1450497101	5.0
0399155198	5.0
0061373540	4.0
060961066X	3.0
1469241943	3.0
B003VTZSKY	3.0
0307408973	5.0
0307406318	5.0
0374400113	4.0
0446693065	1.0
0670784826	4.0
1602643865	4.0
0395307872	3.0
0470647272	4.0
1622417682	4.0
1937007294	3.0
0451233573	4.0
0140177191	4.0
1592911242	3.0
0385315147	4.0
0062015664	5.0
B00IG9Q2EA	4.0
0312203039	5.0
0060560126	4.0
0007269854	3.5
B00D3PO2X0	4.0
0142416681	4.0
0440241944	2.0
060980863X	3.0
B0041OSCEM	4.0
B00FHSVUGI	2.0
0143113593	4.0
0374379939	4.0
0898219450	4.0
0671726730	3.0
1551666812	2.0
075154003X	4.0
0544239504	4.0
0671655973	5.0
B005GKUTUA	3.0
1416994610	4.0
0801899079	4.0
0307275639	4.666666666666667
0345514408	5.0
0764551442	5.0
0060777095	4.0
0446394599	5.0
B0081SO14Y	4.0
1594488444	3.0
0525953876	4.0
0553576801	3.0
0007154615	4.0
B00ED391TQ	4.0
0345501101	4.0
0060887419	5.0
1416982647	4.0
1440170177	4.0
031237903X	4.0
1615723382	5.0
0385342675	4.0
1936070111	4.0
0743277236	3.0
1594488452	5.0
0062096974	3.0
1451627173	3.0
0345526511	3.0
0843960507	4.0
0307276902	5.0
0449224147	3.0
0804173524	5.0
0425241807	3.0
045141456X	4.0
1460922638	4.0
0399151575	3.0
1453662464	3.0
B0058JVQ74	4.0
0312647999	3.0
B009XIQVWQ	3.0
054774501X	4.0
0140540563	5.0
1442421762	4.0
1880656647	3.0
1426753241	4.0
0373210671	2.0
0316196991	4.0
0156013363	4.0
0974589233	5.0
0062082353	3.0
0843960523	4.0
1604991801	4.0
0618040196	4.0
B00GM42EOI	3.0
B00G8PG7VM	3.0
0345492641	5.0
0761374086	4.0
0807580953	4.0
0544022491	5.0
1592401821	3.0
0929712803	1.0
1250032296	4.0
1442421797	5.0
1477805850	5.0
0312658656	2.0
1590586999	4.0
0306820838	4.0
0312531540	4.0
0330450972	3.0
0786866500	3.0
0425203506	3.0
0544022483	3.0
0547734360	3.0
006213051X	4.0
B009OXOAK0	4.0
0061965804	3.0
1611183758	4.0
0060826584	2.0
0988054000	4.0
0763656801	3.0
0345455681	4.0
0060760257	5.0
0312559097	4.0
0778329410	5.0
1448659833	4.0
0345526570	2.0
0143119729	4.0
0061227331	5.0
0446526967	5.0
0446580406	4.0
081186782X	5.0
0425233383	4.5
0786880899	2.0
0451222725	3.0
0062021389	3.0
1580631789	4.0
0312428596	3.0
0316030287	4.0
B006TH9TF0	3.0
030758836X	4.333333333333333
0345803507	1.5
0446526932	5.0
1477805885	3.0
0142404748	3.0
0385517912	4.0
1468029568	4.0
0061703257	4.5
1416913181	4.0
1595147225	4.0
0099528274	4.0
0062059963	5.0
0451222741	2.0
0373210604	5.0
0312383991	4.0
0441019420	4.0
1606721739	3.0
1461174716	3.0
0345479653	3.0
0312672918	4.0
0312939167	5.0
B0055WYPTA	2.0
0385340052	4.0
1441861033	3.0
140120371X	3.0
0446699063	5.0
0061990809	2.0
0060581778	5.0
0802134947	3.0
0446531421	4.666666666666667
0061434906	3.0
B008N04QYA	5.0
0802119301	4.0
030738585X	4.0
1439192642	5.0
1478358882	4.0
0385740573	3.0
0399157719	5.0
0679311831	3.0
0307359565	4.0
1416592962	4.0
0385509480	5.0
0425221334	4.0
0307270777	4.0
0802121624	5.0
1935597523	4.0
1480191558	4.0
0062059939	4.5
1439192634	5.0
0985311045	5.0
B0085TK53K	4.0
0312934335	4.0
B008O9ALXA	3.0
0062237152	4.0
0062011995	3.0
0446196932	4.0
0312376871	4.0
068987474X	1.0
0399157700	4.0
0985591447	4.0
0451180410	3.0
0060928557	4.0
0547229895	4.0
B00HCMLCW4	5.0
1416576002	4.0
B00307S2VE	4.0
080509489X	4.0
0307455475	5.0
0240811631	5.0
1442443162	3.0
079357000X	5.0
0446195618	4.0
042522130X	1.0
0741436205	4.0
1480008435	4.0
1478398078	4.0
0230014801	4.0
0307956644	3.0
1439178321	3.0
0843958286	3.0
B00CPE5HD4	4.0
1416592946	3.0
0061470481	5.0
B00HRK2SJM	4.0
0425234622	4.0
0312550677	5.0
038574059X	3.0
0374316414	5.0
093033082X	3.0
0373210698	3.0
0843961872	4.0
1595822127	5.0
1592286542	3.0
0875847471	4.0
0985311010	4.0
0062237187	4.0
0811871002	4.0
B00CK51JT4	4.0
0060514906	2.0
0425251195	5.0
1608090078	4.0
0385335555	4.0
0983571708	5.0
1612182925	4.0
1475253443	3.0
0310714338	4.0
0062135317	4.0
0711929033	5.0
0312379080	4.0
0062065890	4.0
0679781382	3.0
0060566116	4.0
0451239571	3.0
B00CB13292	4.0
B00C4BA44K	4.0
044653143X	5.0
B0071DO4YC	3.0
0062077880	4.0
0393019314	4.0
0451226259	3.5
0778328198	4.0
156931019X	5.0
1594483655	5.0
0312550650	3.0
0307270742	4.0
0307740803	3.0
B0061HGSZW	5.0
0061438456	2.0
0985311037	5.0
0385090633	3.0
B008AYYQPS	5.0
0743446534	3.0
0809556499	3.0
0312550642	4.0
1573244570	5.0
0446531456	2.0
B00B55INOO	4.0
1442412003	3.0
077832818X	4.0
0143118463	3.0
1401215734	5.0
0345510976	5.0
0373775008	4.0
0671045547	5.0
1476732027	3.0
0345506111	4.0
0762792973	3.0
0615896510	3.0
0743296435	4.0
038534743X	3.0
0307385906	4.5
0439806119	4.0
0802170528	3.0
B00AMT95FK	5.0
1466202815	4.0
B00FXAGJU2	4.0
0064301389	5.0
0373775016	3.0
0545197732	4.0
0312651201	5.0
B008GWT5YG	3.0
0399156348	4.0
0399155015	4.0
0425251276	5.0
0802121586	4.0
0312641893	5.0
045124060X	4.0
1742209521	4.0
0385335482	2.0
0307385914	4.0
160286182X	2.0
0739416383	4.0
0425209725	4.0
B00C7E6OZM	3.0
006187597X	4.0
1606841440	5.0
1599987597	4.0
0767901258	5.0
0061733148	5.0
1600472885	4.0
0451214307	5.0
037377768X	2.0
0552775541	4.0
0385523823	5.0
0743246144	2.0
0450058034	4.0
1595829563	5.0
0781403707	4.0
0131873210	3.0
1606192752	4.0
0966469119	5.0
0312651228	5.0
031265121X	4.5
0812980549	4.0
0778312534	3.0
0345534956	5.0
0452297036	5.0
0590442562	4.0
0060575913	5.0
0451216954	4.5
030727070X	4.0
0307590704	4.0
0307270718	4.0
0143114964	5.0
0615793312	5.0
1846687454	3.0
0061784796	3.0
0894803204	4.0
0061246522	3.0
0312641842	5.0
033044123X	5.0
0778325857	3.0
0446699152	3.0
1606192779	4.0
055358894X	3.0
039915504X	5.0
0399155058	4.0
B00CR2C1VK	3.0
0316236683	5.0
0812981898	4.0
1481056557	5.0
0743496701	5.0
0385511809	5.0
0143113615	5.0
014311493X	5.0
0743296419	4.0
0312554184	3.5
1416585834	3.0
0312855095	4.0
0062365444	3.0
1118018524	3.0
1250014468	3.0
1897404247	4.0
1619212706	4.0
0345533666	4.2
0451226305	3.5
0385739680	4.0
0425168700	3.0
0061247820	4.0
0316187208	4.0
0312554168	3.6666666666666665
0399156372	5.0
0061670871	4.0
0060780770	2.0
1423121929	4.0
080211928X	5.0
0385334176	4.0
0867197218	5.0
0451213009	2.0
0982618492	3.0
0316056863	4.5
0316767727	5.0
1580052533	4.0
0803735804	4.0
0743496728	3.5
0778312593	4.0
0307987736	3.0
0743466985	1.0
0439774977	5.0
0545112877	3.0
0307352145	4.5
0062131796	4.0
0345533690	2.0
1620401398	3.0
0312930771	5.0
0330441299	4.0
0743496744	5.0
0843952180	2.0
0345543041	3.0
0544238338	4.0
0811841294	5.0
0316206849	4.0
0007382227	4.0
0786889284	3.0
1438911939	4.0
0785121943	5.0
0765308630	3.0
0307275558	3.0
0553592106	5.0
0451173317	4.0
0470173548	5.0
045122891X	5.0
B00HCMAUIQ	4.0
0316018589	3.0
0345803450	4.0
1477444890	2.0
1611183766	5.0
0307876098	4.0
1440428360	4.0
0307275566	4.0
1601620683	3.0
1583144684	3.0
0312368461	4.0
1605636134	5.0
0062118781	2.5
0785121951	4.0
0425227537	3.0
0385668880	4.0
0156006219	4.0
1468301705	5.0
0765332302	4.0
014241543X	4.0
0061257257	4.0
1569479178	4.0
0553592114	3.0
0553108204	1.0
0553109537	4.0
0743496760	3.0
0007254008	5.0
0307950476	5.0
0399242791	4.0
0849948088	3.0
B004L624VW	3.0
0060977493	3.0
1565849949	5.0
0143123033	3.0
0553592130	1.0
075820681X	4.0
0312369727	4.0
0525951350	3.0
140006788X	3.0
0060586621	4.0
0345803485	2.5
1450521347	4.0
1595144919	4.0
1613334249	4.0
0312369735	4.0
014242613X	3.0
0373716699	4.0
1439107955	5.0
0786021365	3.0
B008GWOHWQ	3.0
0062069349	3.0
0345803493	3.0
0061133973	5.0
009950569X	4.0
1416968237	5.0
0312369743	4.0
0312656041	4.0
0399151516	4.0
1929834195	5.0
1593078161	4.0
