1425734073	1.5
0451215540	5.0
030793313X	4.501237793976069
0399148612	3.0
0345515501	4.471940964475716
0061859397	5.0
1476730091	1.0
0345538196	3.7155172413793105
0743219589	3.0
0446577391	3.0
0316154695	3.0
0345504968	2.4444812727875376
0399159509	2.0
0615448755	1.0
0345515633	4.0
0061007358	4.0
0983729840	1.0
0307932508	1.0
B00AM3PQ9K	2.0
0316210919	3.707801094890511
0843954507	2.0
0451154967	1.0
0385660065	5.0
0345533054	4.0
1439153663	5.0
0525953973	4.0
0545652200	3.0
1492880280	2.0
0307750930	3.0
0307750922	2.0
0802144012	1.0
0553272918	5.0
0385517831	1.0
0060577657	4.0
0743597923	2.0
0143124544	5.0
0739374532	4.0
0470906723	5.0
0449237567	3.0
1463717091	3.0
0316710571	3.0
1455521175	4.682921543129605
0451196716	3.0
0375728228	1.0
0307341542	3.0
0399161481	2.0
0143122916	5.0
0446563072	2.0
0446573019	4.470837751855781
0316211222	4.0
1593155484	4.0
0345495802	5.0
0606238409	5.0
0151001820	2.0
1616552123	3.0
0451203771	2.0
0385336675	1.0
1414339364	4.0
0399167293	4.0
B007IBUSUQ	4.0
0399146237	4.0
0374532915	5.0
143917282X	1.0
1623650925	2.0
1864711345	4.0
1469237164	3.0
0385537859	2.535493265380415
022608891X	1.0
1605290947	5.0
0451233964	3.0
0399159304	4.0
0989038009	2.0
1478343508	3.0
0451465849	4.632374866879659
0062064835	3.0
1416595635	3.0
141659518X	1.0
0991677196	3.0
0802120172	3.0
1612181554	4.680562172463079
148116418X	3.0
0007107927	4.0
1492100978	3.0
1905570120	1.0
0399160760	4.0
1455839957	5.0
055356160X	3.0
0345528506	2.0
0399155848	5.0
B003AKY4TK	3.0
0061766100	3.0
B00DFIE80W	3.989752863170585
0446520950	4.0
0385342454	1.0
0553808036	3.0
B005PRBB2Y	5.0
1455505242	2.0
031236847X	1.0
0307263169	4.0
0307749584	4.0
0060732482	1.0
1401324800	4.0
1622312015	3.0
0553587889	3.0
1481160370	4.0
0340770708	3.0
B003UV8ZDU	3.0
0312283423	3.0
0451413431	1.0
0151013047	2.0
0007447094	4.0
0895552280	1.0
0374192154	2.0
0553591916	5.0
0316211176	5.0
1453806024	5.0
0865478546	1.0
0307749436	4.0
0451231740	1.0
0316054682	4.0
1482926474	4.494302433015092
0515148458	5.0
0446580848	3.0
0857208675	4.0
1439172803	1.0
0345384369	5.0
0307943232	3.0
0316603570	4.0
0345497600	5.0
1481262262	3.0
0312950489	5.0
1416550402	1.0
0316097519	3.0
0061766143	4.0
060617110X	1.0
0765317583	4.36295863177898
0143144111	1.0
0316206849	2.470654310586914
B008DVVLYW	2.0
0316199869	2.0
0307750884	3.0
0843961449	4.0
0307749649	4.387138822507061
1933515015	5.0
0060530413	5.0
085720307X	5.0
0307346609	3.0
031621129X	4.999999999999999
0451206878	1.0
0345544242	5.0
0312368461	5.0
0385344325	4.590315435729015
0345434471	5.0
0615154417	3.0
0765318415	3.0
0399159312	4.0
1455507210	1.0
141697170X	5.0
0446527165	2.0
0985804602	3.0
0671021273	2.0
1590586247	4.0
0316154067	4.0
0439023513	2.0
0751550213	1.0
B0083ZQRP6	5.0
0399149104	3.0
1468035274	5.0
0553386751	1.0
0312389566	4.0
0399152199	4.0
0425264394	5.0
0399164731	3.0
B00GRS0IKG	2.0
0312380755	2.0
0307939693	2.0
0345505735	2.0
0312955006	5.0
0451412753	4.0
0446572985	4.554014803710297
147780885X	3.0
0786890738	5.0
0399157514	2.0
078689072X	5.0
0439023491	2.0
0965045021	2.0
0312940645	3.0
0312622872	5.0
0061827010	4.0
0316198730	4.0
0980017106	3.0
0399147268	3.0496102055279946
0983741735	4.0
0385340559	3.5261484098939926
147089792X	3.0
0143035355	4.0
0345491599	4.0
B00GSI39YW	3.0
0330419668	4.0
0375433392	4.0
0345544293	3.0
0312319169	2.0
B009C9C77E	5.0
0976717778	2.0
0375831002	5.0
1455515558	1.0
0312244266	3.0
0440221420	3.0
0345504984	3.0
B004HYHBZW	3.0
080071881X	1.0
161218071X	4.0
0316018783	1.0
B003B3O310	2.0
0446573051	4.486027773015601
1612184405	3.0
0307595870	3.0
0385340567	4.0
0743406435	1.0
0143125311	3.0870185449358063
1611062306	5.0
0007442920	5.0
0743212002	2.0
1442359315	5.0
0786032251	3.0
