0615489990	4.1922560429722475
1402263961	5.0
B00AR6ZB60	5.0
031253275X	5.0
0547370210	4.0
0312532768	4.0
1843179962	1.0
1402261543	5.0
0141040343	5.0
B00AEEBDRG	5.0
1620151634	5.0
0553386719	5.0
B00K08SE5A	5.0
0671015206	5.0
034581360X	3.55491720175735
0060188790	4.0
0515130621	5.0
0553386700	4.678623718887262
1402246137	4.763489263337187
0553385615	4.4637622149837135
1400319536	5.0
148185917X	4.0
0062090062	5.0
0062073508	5.0
0061257079	4.0
0615536832	4.0
1449520243	2.39247150569886
193600917X	4.445082798242649
1440478031	2.665384615384615
0199558302	5.0
0373836066	4.0
1416991824	3.0
1402244185	4.215089981714946
1489599096	4.465658217497956
B00ASF1CC2	5.0
1441850457	3.0
1468137913	5.0
1936009153	4.892106089139988
0373772785	5.0
1484054830	4.35343203230148
0615657389	4.0
1402263996	5.0
0345510089	5.0
1416563687	5.0
B00L2FQJC0	4.0
0312629176	4.0
0595448445	4.0
0141040378	5.0
1402245270	4.336574824419232
1440506604	1.0
141658787X	3.463762214983713
0140434135	4.5362377850162865
0064403823	5.0
0515115266	5.0
0736927530	4.0
1492167762	5.0
1605983721	2.0
0451186257	4.0
0307341569	2.9999999999999996
0373242328	5.0
140221894X	5.0
0373777191	4.0
0824947932	3.8772571986334796
1402205635	3.4023824257425743
1402224397	4.5362377850162865
1401311040	5.0
0373836082	4.663425175580767
1494953285	4.0
1423622022	4.0
1402270453	4.0
0061999091	5.0
B00DJJQTIQ	1.0
0764205005	4.0
0711231893	5.000000000000001
061556867X	5.0
0615174388	4.6986765484383275
1439192316	3.0
0525951873	5.0
0199279349	5.0
1402213484	3.370114942528736
1402279051	5.0
0385376111	5.0
0811865541	4.0
1401311059	5.0
0764207873	2.0
0764207881	4.0
0824947711	4.0
0727851144	4.0
0061923036	5.0
0061148709	3.200683176771989
0615938981	4.0
1466222808	5.0
1936009196	4.445082798242649
0689841140	5.0
0307951715	5.0
1402246161	4.219486563579042
039914143X	4.0
0061257052	4.0
1402224389	3.463762214983713
1597893528	3.0
0451186273	4.0
1475137265	4.0
0525950761	4.678623718887262
0373771665	5.0
161109951X	4.0
0762773812	5.000000000000001
B00A5ZVKO0	4.0
0615147410	3.0009741841207984
B00CL9BH46	1.0
067161455X	5.0
1467964409	5.0
B00JRNXZT4	3.0
1461010128	2.9999999999999996
0615669751	3.7637558685446004
0385521227	5.0
1402236972	2.5591624508150645
1402224516	5.0
140224567X	5.0
B00J8OLGUW	5.0
061517065X	5.0
0061783498	5.0
0758267452	4.0
0764210475	3.0
0805094571	4.0
1475275773	3.9973509933774825
0764207075	5.0
031215707X	5.0
1402224524	5.0
B001FOFMPS	5.000000000000001
0060595809	3.383853104051297
1607620588	4.0
1451699514	5.0
076532797X	5.0
145631405X	3.501905487804878
1441436650	3.0
1416558934	3.0
0373285027	5.0
1416953582	4.0
1453698388	4.0
1597775894	4.0
0140431020	5.0
0525950966	4.0
0758267436	5.0
0515120448	2.0
1402202733	3.9986532893407847
0764210696	5.0
1402214758	3.5200097608589553
1620152126	5.0
B00D5F3U4U	1.5273056057866183
0425247813	4.445082798242649
1598692844	4.0
0615843298	5.0
0062238396	5.0
1402236530	5.0
0739319418	4.0
1418426598	3.3557422969187676
0452288940	4.0
1250014506	5.0
1930738013	5.0
147749555X	3.0
1475149611	4.0
1402236549	5.0
0545210666	5.0
1402258313	4.0
1466443723	5.0
0312674112	5.0
0373836023	3.0
0312537565	5.000000000000001
0764209655	5.0
0143142410	3.577448210922787
0764209663	4.4905027932960895
1402236999	3.1326486949080015
0743274903	5.000000000000001
1402236514	5.0
1435718895	4.0
1453727868	3.5157853196527227
1936305291	5.0
0451521412	5.0
1402249829	4.0
0399156526	4.0
1435782143	4.0
0399154345	5.0
1400068053	4.0
1402244371	5.0
0312537573	4.0
061578870X	4.0
0764208101	4.0
142010697X	5.0
0312699417	5.0
1402224303	3.0
1402236522	5.0
0312569378	1.0
0615470335	4.699762296580728
1402222734	5.0
0142002046	2.9999999999999996
1402210752	4.0
0615147496	4.669105499173945
1480280208	1.0
0615513263	5.000000000000001
1927619041	3.0
1453704760	3.8677658142664875
1402246935	2.0
1461129303	3.0
0991038207	5.0
0385310277	5.0
0972852999	4.25007614986293
1596987847	4.4637622149837135
0786754133	5.0
1478156074	1.0
0758261519	5.0
156975991X	4.47800977343403
1435732839	4.0
0736908773	4.0
0765305097	4.283005860048259
0373835639	5.0
1435753798	5.0
1595553029	4.321376281112737
0991038215	5.0
0425253368	5.0
1492193232	3.0
1451524706	4.64488208730557
0972852980	5.0
1402240384	4.34916933838531
0743299841	3.0
1595545875	4.0
0061446394	4.0
0983829349	4.0
1402257813	5.0
0736908765	4.383853104051298
1435732863	5.0
1938701062	1.0
B0075NL0UY	1.0
1602643814	1.0
0972852972	5.0
0451200497	5.0
0446520802	5.0
1595545867	2.0
1441400516	3.5272195121951224
B005EGWSIC	4.0
0821744887	2.0
1402220111	4.0
1448664632	4.478209191759112
1402276311	5.0
0615815421	5.0
1449904556	4.0
1416990070	4.0
0446615390	5.0
0972852956	4.0
0615796710	5.0
0984262105	2.777382803821373
1402241283	4.524936294139061
0736908722	4.383853104051298
0553578170	5.0
0545240778	4.0
0375869638	4.0
0736908730	5.0
1451698984	4.0
0595276954	3.5035265256056425
0373285450	5.0
0425261395	4.55491720175735
1402241038	5.000000000000001
1453638822	5.0
0615471846	4.0
1482574462	2.8762475049900202
034580404X	5.0
140224102X	4.623891040859678
0972852948	5.0
161795084X	5.0
0983829306	5.0
0515134015	5.0
1468058207	4.0
0060522267	3.0000000000000004
0764207083	3.0
0312638345	5.0
0312328028	3.0
1569756821	4.138856371004053
0857521012	5.0
0615675050	5.0
075821037X	4.180870190578928
1620152193	4.0
1597056057	4.0
B004ZSDK9G	1.0
0553578391	5.0
0989108015	3.0
1466397861	4.498094512195122
0307744434	3.0000000000000004
0615942784	4.6041478809738505
0983829314	3.0724755700325734
0060522275	3.0000000000000004
0060875275	4.0
0989108007	4.0
0749009802	5.0
0802123015	3.0
193600920X	4.417186613726602
0312107935	1.0
1936009218	4.0
0399151613	3.0
0451232054	5.0
0060727217	3.0
1402273495	5.0
1936009226	4.0
0553575538	4.0
1416550402	4.0
1453740473	5.000000000000001
0615790542	4.0
1598632965	3.0
0345520041	4.0
1609580427	5.0
1469967677	3.0
0385340990	5.0
1483941027	4.532978723404255
0312534884	5.0
0307712842	5.0
B00CU6UG9C	2.0
140222513X	4.43217006635537
0615806740	1.0
1494328526	4.0
0312380682	1.0
1416547258	4.308087064236418
0393336360	3.027065125458134
1435752295	2.497867500710833
0764209906	3.0
B00KD3L56W	5.0
0375435417	3.0
B009NGQ92K	4.0
0340920246	4.0
1492318744	4.718966846569006
0451414721	5.0
1451642962	4.0
014025157X	4.55491720175735
0141439580	5.000000000000001
0439023483	5.0
1416547266	3.5942307692307693
0743579631	5.0
1430319992	4.339285714285714
0615549667	4.0
0956986676	4.0
0061783501	5.0
1603818529	3.0
1593106319	5.0
1936009013	4.418788981288981
0446617172	4.0
0553574892	4.4637622149837135
0062027891	3.55491720175735
0985039663	3.501905487804878
1402276729	5.0
0439023491	5.0
1250006341	5.000000000000001
1402208855	5.0
1595142606	3.463762214983713
0515140775	5.0
1936009269	4.712821631051026
034550111X	4.0
1250007429	4.0
0440223016	5.0
1936009021	4.761240029006527
0002216973	5.0
1479277592	5.0
1463643063	3.0
0615920128	3.4369024856596564
1936009234	4.809792027729635
1402273223	5.0
1401309267	5.0
0989081109	4.0
1936009250	4.478209191759112
044650016X	4.0
1891437038	3.0
0425243923	5.0
0375828079	5.0
0764203568	5.0
0062089064	5.0
1250037271	3.0
B009NGQ72M	5.0
1936009005	5.0
1402265859	5.0
1936009242	5.0
0373218850	5.0
0224098101	5.0
1611099455	5.0
1402282125	4.644246353322528
1847482201	2.0
0515141658	5.0
1620151758	4.0
B008TC1Z1O	5.0
1402237545	5.0
1936009056	4.55491720175735
0312355084	5.0
0061341428	5.0
1416596488	2.0
1452512965	2.0
1620151766	5.0
B00I2WKX1E	5.0
1442134550	4.072989111345277
006164837X	5.0
0515141666	5.0
0988720000	4.366700201207244
1936413213	5.0
0062003976	3.55491720175735
B00HLWTGKK	2.0
1933836520	3.0
076531410X	5.0
095457222X	5.0
1402250746	5.0
0764206230	3.0
1414301324	1.0
B00HUEYPNM	3.0
1440421218	3.618449594702591
1402258224	4.0
1936009277	5.0
0954572238	4.532978723404255
1936009293	4.476965845909452
0312658656	2.0
098274370X	3.3658772353794104
1402213336	4.083908045977012
1937698971	1.0
1596917032	3.0
1593105584	4.0
0451206487	3.0
0615328857	3.8238647159414785
B00HGEPEWC	5.0
0140298479	5.0
193600903X	4.550454000342642
145369840X	3.0
1935961691	4.0
042521771X	3.0
0965429911	3.767706208102594
B00AWPDO1U	5.0
1626361002	4.0
0451201612	5.0
0307593983	4.0
0099493497	5.0
0975540432	5.0
031268052X	3.0
0525951741	3.0
1936009099	4.0
1440526583	5.0
0425219909	3.9970694948367282
156975845X	4.0
0226038130	5.0
1402213395	5.0
076421070X	4.0
0992000009	5.0
0689855664	4.0
0525951997	5.0
0385344430	5.0
140168968X	5.0
0449146596	5.0
147871655X	5.0
1402212070	4.0
030758836X	4.0
0615475671	4.999999999999999
B00EVUW06W	5.0
0385501129	4.0
1402238665	5.0
1425781284	3.219278551115102
1936009080	4.570674707877875
0991610601	4.0
1620153955	4.0
0515141674	5.0
1442157216	5.0
0764207512	4.0
0062310771	4.0
1469998017	4.0
0988720019	2.467682020802378
0975540416	5.0
0312118600	5.0
0743297296	5.0
1453851623	5.0
1402238657	5.0
0062062794	5.0
1449587070	5.0
B006YITPAS	2.9999999999999996
B00DI8TUHU	5.0
148020675X	3.0
B00539TLVM	4.0
1402250770	4.429381511275221
1402251866	3.6188229451204372
1416987258	4.0
1936413272	5.0
1416975284	5.0
0373218575	5.0
1402239750	5.0
1593109075	4.0
1477532986	4.0
1450559581	3.0
1432753312	2.502282198848978
1402212895	4.0
1402222696	5.0
0615689485	5.0
0307409120	3.0
1430317922	4.210821194173203
0425223523	4.583284052828701
1402259735	5.0
0425195899	5.0
B00G1BQF4M	1.0
0307716988	5.0
B005YU8H5G	3.0
0743291379	5.0
0425201503	5.0
1402243391	2.890165596485299
0312932391	5.0
0312290888	4.0
0983103100	3.8901655964852986
0312325029	4.0
1492871931	3.4801113762927605
1593156286	4.445082798242649
1401301177	5.0
0982060912	3.0
060617110X	4.0
0399155767	4.0
1402211546	2.0
0821767240	4.0
1586607987	5.0
1493755803	4.0
1416986510	5.0
1569757313	5.0
B00GYOJ3KO	4.0
1402256442	5.0
071122594X	4.5362377850162865
0743261933	5.0
140222267X	4.5362377850162865
1402244215	5.0
147921180X	4.0
1402212887	3.0
1606010832	5.0
0373836112	4.0
1402211317	3.0
0803703740	5.0
162015157X	5.0
B00F43NNKW	5.0
0967481732	3.109834403514701
0449225062	5.0
0615528481	5.0
1416986529	5.0
0099478722	4.5362377850162865
0843962968	5.0
1416541160	3.664751605272051
1440458561	5.0
B00G4E050G	5.0
0062229311	5.0
0615517153	5.0
0553584065	5.0
B00JJYOC7A	4.479721166032954
1466265477	3.7927294637477402
1906931208	4.594567901234568
0743291344	3.470281543274244
0711232458	4.0
0553584073	5.0
006213468X	4.0
0140374493	5.0
0061125784	3.0000000000000004
1402240929	4.118209408194234
0140434240	5.0
0615144233	4.685460212687935
0061125768	3.0000000000000004
1482357402	3.0
0385739141	3.0
1620152010	5.0
B00F3DNOZW	2.0
1423604784	5.0
1463568266	5.0
0312201656	5.0
0553584081	4.0
1468136135	3.0
0142409359	5.0
0747807671	5.0
1491065621	2.0
0062229338	5.0
0060184957	4.0
1633500004	5.0
0743291360	4.0972268626795865
1480002917	5.0
B00I6KTFPC	5.0
0312349246	5.0
1435732820	4.4917231000752444
0967481708	5.0
061514750X	4.510052147660216
0758234627	4.0
0684843420	4.5362377850162865
1466900717	4.0
0595411932	5.0
1402212208	3.0
1482399024	5.0
1906931216	5.0
0380769840	3.0
0758234619	5.000000000000001
0446528056	5.0
1569757763	5.0
1499547382	2.0
0425244210	3.9810055865921794
0385729367	5.0
0764201239	5.0
0984731202	3.6912798874824184
0741470314	4.0
1594482586	4.0
1402265344	4.0
0307461661	4.0
B00LE1S3FS	3.616013071895425
1476730091	5.0
1496129180	4.0
1623970237	3.0000000000000004
1411646479	4.362421891833657
0984595775	3.0
1402255772	5.0
0373775016	3.5362377850162865
0615148239	4.302774916502793
0373834438	2.0
0425208885	5.0
1452846243	4.441535332994406
B0046ZRIMS	5.0
1483985830	4.0
0373836848	5.0
0373484909	5.0
1402241356	5.0
0615148247	4.242416052969395
1484817915	4.0
098902590X	5.0
1452835365	5.0
140224570X	5.0
B009JTNIKC	4.0
1402245947	3.979170328704517
0373834454	4.4637622149837135
1402241348	2.0
0615529720	4.104504236658243
B00F1G0DWS	4.0
0615148255	4.705641086607621
0547757735	5.0
1402240252	4.266666666666667
1402251386	4.0
0141439807	3.0
1423164822	5.0
1599905256	4.0
1481088580	1.3370293965961835
0980610516	1.0
1569756996	3.1903601408069315
1250014492	5.0
1402244207	5.0
0980610575	3.0
0760344361	4.0
1402212852	2.5354511970534066
0736905588	4.0
0615653375	5.0
0385340850	3.0
0007230206	3.0
B006L9NETS	5.0
0671744216	5.0
1476710201	3.0
1609089464	4.516348195329088
1402265557	5.0
0615790054	5.000000000000001
1490449728	4.034078807241746
1402211538	2.55491720175735
0143121251	5.0
1936009307	4.0
0992131022	4.0
B009G7FKL2	4.0
1569755884	3.1914167276274084
1606840312	5.0
1449401236	4.0
0062006207	4.0
0985853719	5.0
0062068652	3.0
0061001783	5.0
1401685781	3.0
006075995X	5.0
0615425879	4.5362377850162865
1401916759	5.0
0345524969	5.0
1490537260	5.0
0373285590	5.0
1476753164	5.0
0373281331	5.0
1499218680	3.5284911717495984
0380414759	4.0
0615549500	5.0
1461073146	4.688735413193617
0743243978	3.9867196226883452
1477816569	4.0
0380008718	5.0
1427201412	4.0
0061999067	4.0
B003B66702	2.0
0006512070	4.0
0425243826	5.0
1478721146	4.0
1594745056	5.000000000000001
0754054446	5.0
0595283721	4.0
1402251327	5.000000000000001
0192835211	4.0
1439261172	4.0
1402259042	4.410810810810811
1402215223	5.0
1402262493	5.0
0425227790	4.55491720175735
1611090342	2.9999999999999996
0983223238	5.0
1883937167	5.0
0615828647	4.172418967587035
1482739879	3.0
B00BGYGCBA	3.029297564419344
0316206849	5.0
0373281358	5.0
1936009315	4.0
0307950654	3.0
1402237006	5.0
1402214383	4.5362377850162865
042526016X	4.0
0449001873	5.0
0373218761	5.0
1402215231	2.580709373868983
1402217412	1.0
0987243020	2.0
0141302860	5.0
1494408503	4.0
B00DY5YDXI	4.0
1257080172	4.0
0141001925	5.0
1936009323	4.0
1781763690	3.0
0312360738	4.0
1402217420	2.4569832402234635
0425262588	5.0
0061863130	1.0
1612962165	3.0
1596912898	4.445082798242649
0689850921	5.0
0061373230	5.0
B00KJPFMT0	4.0
0824948742	4.5362377850162865
068485628X	5.0
1620151839	5.0
1481217704	5.0
0373773897	4.0
B006OUSKV6	4.0
1402263775	5.0
1449597475	2.0
0061958301	4.0
1402282036	5.0
0399231439	5.0
0765318482	4.5993167398731085
0316015059	3.0
080073341X	5.0
0977445232	4.789694894146948
0345513657	5.0
1416982981	4.0
098409346X	2.0
1936009145	4.54873574615766
0345803485	2.0
1618853295	3.0
0578000717	4.451386568660207
1492874884	4.082614056720098
061558277X	5.0
144991425X	3.4801113762927605
0141439688	5.000000000000001
0345513665	4.4637622149837135
0765318474	4.400683260126891
006195876X	5.0
0307273571	4.0
0385738986	4.5362377850162865
0373785674	4.0
0615571417	3.089591957421644
1449974767	5.0
1436314348	1.0
1402208766	4.805033308660251
0345513673	5.0
1936009358	5.0
1484060644	3.0
0192840827	4.0
1416948635	4.0
1402251351	4.0
1402265972	5.0
1402259077	5.0
0143034839	3.0
0553107348	5.0
061572695X	5.0
0345548760	4.0
143916827X	3.0
0553107356	5.0
1402218311	4.0
194095102X	5.0
034550254X	3.8743343982960594
