1416607579	2.0
0224079948	5.0
0142411221	4.0
1925047520	5.0
0312357257	5.0
0452283205	3.0
0743219597	4.0
0441019730	5.0
014050446X	5.0
1456492268	5.0
0505521784	5.0
0142001740	5.0
0385339151	2.215277977508701
0802118739	1.0
0345433327	1.0
0345504968	1.0
0449910067	5.0
0671739751	5.0
0743287037	5.0
B00EBZMKXA	5.0
0142402516	5.0
B007BTR4I4	5.0
061569540X	5.0
0425250989	5.0
1456493124	5.0
0671739743	5.0
1595821066	4.0
0786839171	4.0
B00APN968E	5.0
0985007109	5.0
0671450344	5.0
0373773641	5.0
B009VJ3N3W	5.0
1439123128	5.0
0316043133	4.0
0007158505	5.0
0061985511	4.0
0935621504	4.0
B00GMIBRR4	4.0
1467978752	2.0
034547824X	4.0
0312428324	5.0
1408800276	5.0
1616145234	5.0
0843949848	5.0
0061558230	3.0
0505522659	5.0
0451235843	5.0
0671739735	5.0
B00GEHNJ7Y	5.0
1482671239	5.0
0440242886	5.0
0671014218	1.0
0743437128	2.179372197309417
067101420X	1.0
0805078932	5.0
B00EIGL4XE	4.0
0985665831	5.0
0373772440	4.0
0446563072	5.0
B003K16Q3G	4.0
0141192429	5.0
1596684836	5.0
0778314154	5.0
0312551371	5.0
0425213773	5.0
480531219X	5.0
0061257095	5.0
0312947933	1.0
0385339143	5.0
0515142611	4.0
0451196023	5.0
1416576754	5.0
0758234813	5.0
1937774120	4.0
1416562141	5.0
0307345807	5.0
0385730284	5.0
0345509021	4.0
0425263908	4.0
1410440478	5.0
0470474238	1.0
1439134553	4.0
0803735049	5.0
1477679995	5.0
B00CBKBHY0	2.0
0763614211	4.0
1591793475	4.0
0821779370	4.0
0399208534	5.0
0778327493	5.0
0316069116	5.0
0545426227	5.0
0545429617	5.0
B00EW7DHBG	4.0
0316011770	5.0
B00C8S9UXA	5.0
4805312149	5.0
1602728631	5.0
B005MPELOE	4.0
0373772750	2.0
1622660145	4.0
1477639683	5.0
0425263924	4.0
0061230839	2.0
1479257389	5.0
0553589377	4.0
0385342454	1.0
0451228286	5.0
0393079899	5.0
0553589385	4.0
0345348281	4.0
038533916X	3.0000000000000004
B008DM1YOS	4.0
B00D71EQRW	4.0
0425263916	4.0
1416513361	5.0
0385344406	5.0
0140502343	5.0
0425236676	1.0
1420108891	5.0
0345503805	4.0
0545210127	4.0
0767932684	4.0
0553591223	5.0
B00LBEQ3BY	5.0
0345325818	5.0
193722306X	5.0
051515346X	5.0
B0042P5DA6	4.0
0553378252	4.0
B007QUY4AY	3.0
030797071X	5.0
1482568519	5.0
B008LYMI0W	5.0
0842322973	5.0
1595820140	4.0
042519213X	4.0
0062073575	4.0
0743471547	4.0
0440244447	5.0
0756405483	4.0
0671577727	5.0
0007333994	4.0
0545424925	4.0
1413317537	5.0
0986012513	5.0
B0064H8NE8	5.0
098860793X	3.0
1491070021	4.0
1414318936	3.0
1461057205	5.0
0061003832	4.0
0758241283	4.0
0452296366	4.0
1439133557	5.0
0312599064	5.0
0451459539	4.0
0451229681	5.0
0062011995	4.0
0671014188	1.0
0451461991	5.0
1480063592	5.0
0988918110	4.0
0615613373	1.0
0765327627	5.0
1595820124	4.0
B003PPDGQ2	3.0
0425268330	5.0
B007EG6SRC	4.0
B007WTEOCW	4.0
0515138096	4.0
B00851VYAG	4.0
0375411518	4.0
0061229776	5.0
0307749649	5.0
B004AYDLOO	5.0
0374312486	5.0
B004UVQR4I	4.0
0451221737	4.0
0425099490	5.0
0425198812	2.0
1481082086	5.0
0451201191	4.0
1405194138	5.0
0451461894	2.0
0345532600	5.0
0984975357	5.0
0515135968	4.0
0345534905	4.523834468308014
0316127310	5.0
B00K8PRP1O	5.0
0986522538	5.0
1594865280	2.0
0615511600	3.0
0060563079	4.0
0991066308	5.0
1592578551	4.0
0060581840	5.0
1602860823	5.0
0441013813	5.0
B002YQ2JEI	4.0
1557885206	4.0
B0028AEAG0	4.0
0984975349	4.0
0821757601	4.0
0988607905	4.0
1416207694	5.0
1936559021	5.0
1569069786	4.0
0373892187	2.6962071480671046
0743410599	5.0
0575091037	5.0
0307741907	3.0
149731061X	5.0
B00BAXT2UU	4.0
0345478274	5.0
4770029314	5.0
0261103288	5.0
B00E2G20OC	5.0
0380799375	5.0
1419953850	3.0000000000000004
1475267940	4.0
B005ZVQC4M	5.0
0738213683	3.0
0981943667	4.523834468308014
149368969X	3.0
0062019201	5.0
0099911701	5.0
081170484X	4.0
0802715885	4.0
1623001250	5.0
1413312047	2.0
0393065782	5.0
0425245772	2.0
084395955X	5.0
1908824247	2.0
1475073186	4.0
1463662467	5.0
0060264306	5.0
0452284449	5.0
0312947984	5.0
1494308681	2.0
0007172826	5.0
0671743856	5.0
0316008079	2.0
0395898714	5.0
1439133948	4.0
0345464869	2.0
0374266425	4.0
0505524139	5.0
B00JS9WHFU	4.0
0345440773	5.0
0060809248	3.908892525913802
0982953755	5.0
0984260005	4.0
0316198382	5.0
0060858303	5.0
0982514581	4.0
0061032093	4.0
0307913090	5.0
1453887660	4.0
0451417054	4.0
1598167251	4.0
1416570519	4.0
0142003239	5.0
B0064I72LC	5.0
0985245611	5.0
0694525707	5.0
1570620725	4.0
0984215107	5.0
067179938X	5.0
0425209725	1.0
0441014739	5.0
1480134910	5.0
B00HYQJPC2	5.0
045122874X	5.0
0671001701	5.0
0515142166	4.0
0345440757	5.0
0843954639	2.0
0312369816	3.0000000000000004
0975965395	4.0
0425226298	1.0
0446573256	4.0
1401352456	4.0
0982410255	5.0
0007622872	5.0
0425209954	5.0
0671743783	4.0
1492103748	1.0
B0087Z9FLU	4.0
0375841350	5.0
0345496698	5.0
1933417471	5.0
1419704281	4.0
0439882826	5.0
B0089YQPI0	5.0
0671744623	5.0
1477680055	5.0
0062076116	5.0
143919503X	5.0
0345357116	5.0
0743422732	5.0
145288126X	4.0
B00CQ1QN7A	5.0
B00B53J9CG	5.0
0843960264	5.0
0385340850	5.0
030724332X	2.5
1400106656	2.0
0553572997	5.0
0671705091	5.0
1456467700	4.0
1477684425	4.0
0743488334	4.0
1480529699	5.0
0373777752	5.0
0890510032	4.0
0451221079	2.0
147819247X	5.0
B007UPGOEO	1.0
0671744577	3.0000000000000004
B0071EEIM4	5.0
1466416645	2.0
1599986299	5.0
1416514902	5.0
B00DI9D5O8	3.0
B00F64A1YK	4.0
1483987094	3.0
0982555091	5.0
1416594876	5.0
141995086X	4.0
0982410204	4.0
1466352620	4.0
0380977265	5.0
0671525751	3.0
159816726X	4.0
1598167278	3.0
1416509887	4.545553737043098
0553566067	4.0
1576736792	5.0
0345518284	5.0
B00K4IZ06C	4.0
034547791X	5.0
0763618470	4.0
0312981457	5.0
0670026247	3.0
0152167730	5.0
1451637985	4.0
031255415X	5.0
1601420749	4.0
0451460855	5.0
0141188936	3.0000000000000004
0316027650	4.0
0425220540	5.0
B0094KTV0W	5.0
0385731957	3.0
0312283784	5.0
0060294671	4.0
0739033999	2.0
0316158771	5.0
0312319142	5.0
1478131713	5.0
1481174770	5.0
0312567464	5.0
0373776985	5.0
1439153825	5.0
B004I438LM	4.0
0515150657	1.4761655316919853
0758235046	4.0
0385341636	2.80546792849632
0373771290	4.0
1250030935	5.0
0758204329	1.0
1417808268	4.0
0060727217	5.0
0553374451	5.0
0380729407	5.0
0316084778	4.0
0786420359	5.0
1497502756	5.0
0006514006	4.0
073949547X	5.0
0356500322	5.0
0451227824	5.0
0316206849	5.0
0385340990	5.0
0137072066	5.0
0743410602	5.0
B002BX87E0	5.0
B00AP6Z5DQ	4.0
0142001805	5.0
0062078143	3.0
0316001929	5.0
1939564077	4.0
0316069051	5.0
B00JJDONVQ	2.0
0451419057	5.0
1405133562	5.0
158008981X	5.0
0062107534	4.5
0505525410	5.0
B003ZDO3JS	3.0
006114343X	4.0
1442352965	5.0
B004XC6XG6	5.0
1416572589	4.0
1463742711	4.0
0312947054	5.0
1611099374	5.0
0983992207	4.0
0486261425	5.0
0425215385	3.0
145163840X	4.0
0061214655	4.0
0786891130	1.0
1594483086	5.0
0553107488	1.0
0373773536	5.0
0451225716	5.0
0062061844	5.0
B0083Z0X38	5.0
1416547037	5.0
147780885X	3.0000000000000004
0738713708	4.0
0451461088	5.0
0517580519	1.0
0385341679	1.0
1477818529	3.0000000000000004
1449925030	5.0
1442453443	4.0
1442362855	5.0
1564553140	5.0
0312284497	3.0
0312370830	5.0
0765310872	4.0
1577319575	5.0
0803474628	5.0
0373772335	2.0
1451637470	3.0
0375857826	5.0
1432759515	5.0
0307336956	3.0
B00408B12Y	4.0
044655605X	4.0
044023655X	5.0
0316069086	5.0
0441017770	4.0
1455508594	5.0
0440246369	4.0
1416595457	5.0
1770500383	5.0
B00CLDLKY4	5.0
1591791235	5.0
0425239306	5.0
1595820949	4.0
0061131547	5.0
1605043265	4.0
0375844538	5.0
B007D2S25I	5.0
031286504X	4.0
0451222350	3.4999999999999996
B003AILORM	4.0
0505525577	5.0
0312369506	5.0
