0312288271	5.0
0758203187	NaN
0345525310	4.0
0802143938	5.0
1493522175	3.0
0062023004	5.0
0385333609	1.0
0985817089	5.0
0425223248	2.5
0062070223	2.5
0060762993	4.0
1551666162	3.0
B00EN4AAFE	4.0
B006QXYSXA	4.0
B00B0FJBQI	4.0
0373605099	2.0
B00B2MP6ZE	5.0
0307390942	4.0
1601540965	Infinity
0385524358	2.0
1455522368	4.0
0385333617	3.0
0312316836	3.0
149353985X	3.0
0062023012	5.0
0316187704	5.0
0440129737	3.0
1481005731	3.0
0758221851	3.0
B00AQR4R9M	4.0
0062070231	3.0
0061257079	5.0
B00H6EOKTK	4.0
0671795554	4.0
0985817097	5.0
0446511528	4.0
0312675089	4.0
1439123128	5.0
0515151319	4.0
075822849X	4.0
1575666065	4.0
1480145378	5.0
0062021281	3.0
B00CK51J9E	4.0
0312316801	3.0
B00FY54N68	4.0
B009NMTIQ8	4.0
0449211177	NaN
0446553395	4.0
0062075934	4.0
0553563270	4.0
0062267965	4.0
0446565377	4.0
0345482514	5.0
1469289652	4.0
B007WZHRNO	4.0
1580082246	5.0
0553575244	3.0
0373294824	3.0
B005F6E7Z8	4.0
1451620667	5.0
0803279140	5.0
0515131733	5.0
0393010430	2.0
0007101880	3.0
0984470166	2.0
B00EW0OFBO	4.0
0061579157	2.0
0263206289	3.0
1416503595	3.0
0441018645	4.0
1455115924	4.0
0061246379	4.0
1456609432	4.0
006051969X	3.0
0061257095	4.0
B00AB3TB2E	4.0
1492133779	3.5
1625720017	4.0
1580084893	5.0
0553581996	3.0
0671014161	2.0
0425214338	4.0
1594267138	2.0
0060185074	4.0
0778315134	4.0
1937484165	5.0
0425256138	1.0
0316033677	4.0
0060788704	5.0
B00JM2DU22	5.0
0060561173	2.0
B00K9RPM2A	5.0
0345437969	5.0
0505520494	5.0
1480080349	5.0
0312655460	5.0
B00CKY8SWG	4.0
0615822991	5.0
B00DFFNEBE	4.0
142596205X	3.0
0425215652	3.0
0062021273	Infinity
0316033669	5.0
0373716885	3.0
B00AX5FOVC	3.0
1420132830	4.0
0553577875	3.0
0312655452	5.0
0307957276	5.0
0440226007	3.0
0316167274	4.0
0312655479	5.0
061579615X	2.0
0821780573	3.6666666666666665
0061230839	NaN
0316033650	5.0
B00CRJYSOG	4.0
0804119953	4.0
038081790X	4.0
0989508404	5.0
0425196844	5.0
147672721X	4.5
1476727228	4.0
0061579114	Infinity
0821780581	3.0
0451219473	5.0
1416503560	3.0
B00GW413G8	4.0
067179552X	3.0
0061257052	5.0
1250023831	3.0
0060562498	3.6666666666666665
0061905879	4.0
0425223256	4.0
0440242975	2.0
0425213846	5.0
0062218980	4.0
1460922360	4.0
9810700628	4.0
1622532929	5.0
044640103X	5.0
B00G7A0UD4	5.0
B00AZBY62W	3.0
034552537X	4.0
030738246X	4.0
0545424925	3.0
0373288999	3.0
0307356175	4.0
0752831992	3.0
0385311400	5.0
1937007820	1.0
B009YHLQ5S	5.0
B0083XG72Q	4.0
B007OEVCNY	4.0
1419682105	4.0
1933615893	5.0
0312938810	2.6666666666666665
031264342X	5.0
0061905895	4.5
0451229681	4.25
0425257444	4.0
0345452704	2.0
0671014188	3.0
0380803305	3.0
1439167540	3.0
0062136585	3.0
0980245346	3.0
1467912611	5.0
0373771614	5.0
B001J6OUZA	4.0
B006ZCQSVC	5.0
0989379108	3.0
0060508108	4.0
1439167559	3.5
B00LKWZ1QU	5.0
1843170051	5.0
1479242896	5.0
0743456254	4.0
0345437977	4.0
1480267864	5.0
0764102109	5.0
0373771622	5.0
B00IQX0W8S	5.0
0988337517	4.0
B00GXUXOGS	4.0
0446527041	3.5
B00F1FZVKI	5.0
B00EMTDMFA	4.0
0373835396	NaN
B008OIWMTM	5.0
B00B2B6MNU	3.0
0345386698	3.0
B00BG1VMK4	5.0
B00F55JCV8	4.0
0316221333	5.0
0373117523	2.0
042522452X	4.0
B00608Q37A	4.0
0060755865	4.0
0778324923	5.0
1616201320	3.0
0615660746	4.0
0758206267	3.0
0345423399	3.0
B00CXYHOHS	4.0
0060774126	1.0
0727868853	4.0
B00CDI2PGE	5.0
1602020892	3.0
0380789345	1.0
0615706681	4.0
B00JNYVEZ4	4.0
1937007863	4.0
0316187747	5.0
0425220168	Infinity
B00EMTDMEQ	1.0
0312365802	3.0
0821768859	2.0
1482716275	3.0
0399155449	5.0
0743466497	4.0
B00EGJ7KVS	5.0
0316187712	5.0
0767907558	2.0
0060012617	2.5
0373793847	4.0
0778303926	4.0
1416532021	3.0
0451407946	2.0
0515134899	4.0
1623001250	5.0
B00HWDCZLK	3.0
0553579649	2.0
1477805915	4.0
0380765357	5.0
0060825316	5.0
0802119441	3.0
0545229243	3.0
0352346930	5.0
1615727639	4.0
077832494X	1.0
B00G0ZMWOG	5.0
1448607493	3.0
B00GQAEUCM	5.0
0505524805	2.0
0553563297	4.0
067165831X	3.0
1612130380	4.0
1426209711	5.0
0061670111	3.0
1439167516	3.5
0446402389	5.0
0373772912	4.0
0061122165	5.0
075821474X	4.0
0307277674	3.0
B00G3EWNJS	4.0
0440245265	3.5
0679424008	3.0
1937744000	4.0
0515111317	1.0
0385257406	5.0
1626491135	4.0
B00CJFV77O	5.0
1935597256	3.0
0425221504	3.0
0380405768	3.0
084393946X	1.0
0373123434	1.0
0373777795	5.0
0312970021	4.0
0385335350	4.333333333333333
0380817896	4.0
0440245273	4.0
0515124621	2.0
0553561537	4.333333333333333
082177512X	2.0
1615729348	4.0
031613399X	5.0
1469914980	4.0
0307750930	1.0
0061885681	4.0
0843938153	4.0
0373777787	4.5
0060765240	5.0
B004RVNMBW	3.0
1573221309	2.0
B007XJ6NNO	4.0
1451524706	5.0
1622532988	5.0
0425241130	4.0
0380752948	1.0
0515135305	5.0
B00B1JDUVK	1.0
038078145X	3.9709134665255905
B008DBGGOW	1.0
0547239971	3.0
084394482X	2.0
0380815257	5.0
0312284683	3.0
0380819600	2.0
B00E254X8O	4.0
B00D5YWZEC	3.0
037343037X	3.0
0373430388	3.0
0060560789	2.0
B009Y8AOE6	4.0
0451229738	4.0
1909624241	5.0
1250003490	5.0
1455520527	4.0
098508880X	5.0
0553293168	5.0
0061256684	3.0
0152001018	4.0
0060843276	2.0
0312848811	3.0
0385740980	4.0
B00HY09X52	4.0
1118027388	5.0
1493784870	4.0
0061139785	2.0
1490946810	5.0
B00655KHQG	3.5
B00LBFVNQS	5.0
0061626821	-Infinity
0515132292	4.0
B008IL48BK	4.0
0758288182	4.0
0345519477	5.0
0821740458	3.0
0061231398	4.0
1573442704	2.0
1492192112	4.0
0446527017	2.5
0380819627	3.5
0385361661	3.0
B00DOP8G7C	4.0
0743537424	4.0
0399154094	3.0
0446583111	5.0
0425190714	5.0
0373247575	1.0
0373827822	2.0
0340712538	2.0
0380803291	4.0
0440234581	2.0
0843940425	2.0
0345447395	3.0
0380815265	4.0
B007MJCB90	5.0
0380781433	3.0
0440983568	3.0
B009FHONVG	5.0
031298460X	2.0
0451410726	5.0
0739462164	5.0
0451462807	2.0
B003ATPPV2	1.0
1442366109	4.0
1440556652	3.0
0061336343	2.0
0061626848	2.0
0743269187	3.0
0451216407	4.0
0345471016	3.0
1482745542	3.0
0380781441	3.6666666666666665
B007EKXYAW	5.0
0615528317	5.0
0380793407	4.0
0345494598	2.0
0345463404	5.0
0440208297	2.0
0821765760	4.0
1451655398	3.0
0061231363	2.0
1926959086	4.0
0061013889	2.0
0345335066	1.0
0615609570	1.0
0553563327	4.0
0061727679	4.0
B00H0UT658	4.0
0986741957	4.0
0743467728	5.0
1419689665	4.0
0988644436	4.0
0062128027	5.0
0671871005	4.0
0786891459	4.0
0765328143	3.0
0312383703	3.0
0060735414	4.0
1453698949	2.0
1416593136	-Infinity
B009WUS30I	3.0
0373892810	5.0
0470089636	5.0
0060876115	5.0
1626340234	3.0
0385734212	4.0
0380752999	2.0
0373120338	4.0
0060010800	4.0
1477684239	4.0
034546785X	2.0
B005E7K0MW	5.0
0451198948	1.0
1414310560	4.0
0312357435	3.6666666666666665
0778313336	4.0
0312377045	5.0
1419955292	4.0
1583946497	5.0
014028009X	4.0
1452664943	5.0
006228939X	4.0
1468111728	3.0
0446610550	4.0
0061583227	4.0
0451468945	4.0
0988698404	5.0
0060876107	3.0
045122793X	2.0
0399160795	4.0
0385175760	5.0
0099468123	5.0
0062231146	3.0
0373293453	2.0
0312190328	4.0
0373250363	4.0
1416550895	4.5
1416532862	4.0
0062078143	3.5
0425243729	1.0
0515122068	2.0
0547271204	4.0
0062268414	3.0
006078394X	1.0
061591294X	5.0
0446610542	Infinity
0061243388	3.0
B00B4II6F8	4.0
0060514051	NaN
0192801562	3.0
1478184574	5.0
0451171020	5.0
0060562536	4.333333333333333
0312169787	4.0
B00B7VP6GE	4.0
B005TLKZR8	4.0
0446561797	4.0
0761461752	5.0
B009KB3TOO	5.0
1609451791	3.0
B0055PQ4BO	4.0
B00KI7QJFK	5.0
0316098981	5.0
0345449169	5.0
1481211285	4.0
0843951141	3.0
0671737651	3.0
1908086874	4.0
141996416X	2.0
1452664935	5.0
0451214641	5.0
1118116828	3.0
0061579173	4.0
B00C0KVGVK	5.0
0062289357	4.0
006009334X	1.0
1480087807	4.0
0976518546	2.0
0373294794	4.0
0440223016	4.0
B00BIJKXA4	4.0
147831303X	4.0
0399154914	2.0
0758204531	4.0
1401302866	4.0
0061082422	2.0
0671737627	NaN
0062023020	5.0
B007FKH1HI	5.0
0425259269	3.5
000721278X	3.0
0758269005	4.0
0345462149	4.0
0440211077	5.0
0380772566	4.0
0060783990	4.0
0446618489	3.0
1402251238	3.0
1419955241	5.0
0345449185	4.0
006056251X	4.2
0553581147	2.0
0062117378	5.0
0873374487	5.0
1575668793	3.0
0786252022	4.0
0316102865	5.0
006163266X	3.0
0425213056	3.0
1551665719	5.0
0671737619	6.0
B00EESMJI0	4.0
0061632678	3.0
0765309866	3.0
006188569X	5.0
0399157182	4.0
B00JJI4GFE	4.0
0451211588	2.0
B00HTSC0WW	4.0
B008A7IFCU	4.0
0380772574	4.0
1619274655	4.0
B006LR7YSW	5.0
0446618470	4.0
B00FDRWK44	5.0
141659888X	1.0
0399153527	3.5
0099465825	5.0
0380808021	4.0
0345495934	5.0
0345494601	4.0
B00BQLSEW8	5.0
1606192167	4.0
0553567772	5.0
0451212703	3.0
1400067685	5.0
B00HARTVRY	5.0
161218359X	5.0
B00BS8SW26	5.0
141431907X	2.0
0062102273	3.0
B0095VT3RG	1.0
0671754912	5.0
0451168917	4.0
B00JTMM7V0	5.0
1449560822	4.0
0545221269	3.0
0062069128	-Infinity
0738739677	4.0
0866223851	5.0
141995203X	5.0
1476764301	4.0
B00CQW3X7W	4.0
038076654X	4.0
B00E6534IU	4.0
0380766558	1.0
0345445694	3.0
031612558X	3.0
0380787458	3.0
B00C4BA64I	5.0
0385351372	4.0
1933320664	5.0
1601548117	4.0
0765306727	4.0
0062240129	5.0
1612183581	5.0
B00C5TO154	4.0
038080803X	4.0
034549590X	4.0
0307270149	4.0
0505523620	4.0
1416535055	4.0
0062069144	4.0
1620612917	5.0
1455521175	3.0
0373270976	5.0
B005HRYBAG	5.0
B00AYIDVLS	4.0
067101420X	4.0
061523447X	3.0
0425262995	4.0
0671557734	5.0
1419952056	5.0
0982272502	3.0
0765352656	3.0
0425262987	5.0
0373293607	2.5
0132383837	5.0
0425268292	4.0
1481280767	3.0
0505523639	5.0
0345457684	3.0
1475233639	5.0
0380814714	3.0
0263888827	5.0
0060565446	3.0
0312977689	3.0
1499325584	4.666666666666667
1619353210	4.0
0062240196	4.0
1589802438	4.0
0446614734	4.0
098848370X	5.0
193332063X	3.5
1933320648	5.0
0312368100	3.0
0451209109	5.0
0307477401	5.0
0373294964	2.0
0060565411	5.0
0446614726	4.0
0615801951	3.0
0778321703	4.0
0345458958	3.0
0312977670	4.0
1617980714	4.0
0061579211	2.0
0451218043	4.25
031226982X	3.0
0804119805	5.0
1400320682	3.0
0061706558	5.0
0449146596	1.0
1118287584	5.0
0061031755	5.0
0373605188	4.0
0380767848	4.0
0373771762	3.0
0451219368	5.0
0380808080	4.0
1481150456	5.0
042521575X	4.0
0615741932	5.0
0345423429	2.0
B008H3QNSU	4.0
0515128015	5.0
0743456173	NaN
1927415802	4.0
0385342454	5.0
0553563343	5.0
0671027581	-Infinity
0373294980	3.0
B009X1OFVC	5.0
0062317164	4.5
0312368127	5.0
0807001171	5.0
0758231997	4.0
023399887X	3.0
1451692412	5.0
0425262944	4.0
0380808072	5.0
0515128007	3.0
0345548124	4.0
0553563335	2.0
0425236676	3.0
0062257838	4.0
0451207378	4.0
0441016154	2.0
0671027573	5.0
0778315053	4.0
1618856618	4.0
0688138683	5.0
0515109746	-Infinity
0553299468	3.0
1419952021	4.0
B008QXS6I6	4.0
0061080780	5.0
0441008534	5.0
0316021555	Infinity
1477809589	4.0
0984571604	5.0
006134477X	Infinity
0061355445	3.0
B00AVRUKM0	5.0
0062300385	4.0
0451228219	3.0
0307592294	4.0
0802120547	4.0
1475150997	5.0
0375410325	3.0
0060829818	2.0
B006WXT8MK	3.0
0515131687	1.0
B00I3REBCU	4.0
0615603467	3.0
0061129704	2.0
B002XOTPWU	1.0
0345472403	4.0
0062008110	5.0
1141996375	4.0
0988566613	4.0
1482696843	4.0
0425250903	3.0
B008EE81JG	4.0
B00AFW9HVQ	5.0
0060543256	1.0
0446363251	2.5
1484031482	4.0
0671032976	4.0
0062230727	4.0
0727842358	2.0
1484843002	3.0
0373126573	4.0
0060509325	1.0
0553587315	3.0
1482505169	5.0
034553087X	5.0
0758203926	1.0
0312992432	4.5
0306821990	5.0
1620610337	5.0
038081479X	1.0
0373605153	5.0
074343787X	5.0
B00F4BX3F4	5.0
B00HTJJST4	4.0
1620610353	4.0
B00F6ELODW	5.0
B003EOAC16	4.0
B00IV3Q81S	3.0
0373778376	5.0
0983966710	5.0
0451413075	5.0
B004MME3QO	3.0
0373210493	4.5
0312992424	3.5
0373778317	4.0
0312979444	3.0
0373270917	-Infinity
0060838728	4.0
1455575801	4.0
1937945030	5.0
0671786539	-Infinity
0743419162	3.0
1400068185	3.0
0060531231	3.0
0425203719	5.0
B008RANIUE	3.0
0425266451	2.0
B00AXHNHLE	4.0
0425265129	4.0
0062252100	4.0
0312992416	4.0
0373793944	3.0
0380817853	3.0
0060087358	1.0
0553574094	3.5
1939713218	4.0
0373290519	4.0
B007RH5PF4	4.0
1592576117	4.0
B006AL4YC8	4.0
0385335318	4.0
0743419170	3.0
0470903740	5.0
0373835280	4.0
0758200846	5.0
0991325621	4.0
0425245527	4.0
B006OJRKAE	4.0
0310950945	5.0
0547333358	4.0
0821780409	3.0
145164342X	3.0
0380816512	4.0
045147046X	3.0
B00DTL0U34	4.0
1416541187	5.0
006053124X	-0.0
B007PX6I10	5.0
0060531258	6.0
0451406745	5.0
0821756788	5.0
0373895798	3.0
034549461X	2.0
1420128868	1.0
0061013919	4.0
0373270933	5.0
B00CW6BA2C	4.0
0060752017	3.0
1482055988	5.0
0553574078	4.0
0743437845	NaN
0373072813	4.5
B00HPMMZ0E	4.0
B002XOTPWK	5.0
1402220065	2.0
0373527721	5.0
B00EYMXM2I	2.0
0758200862	5.0
0062128809	4.0
B00LBDMJ22	5.0
0786718617	4.0
1551660717	4.0
0425185435	NaN
0786270004	5.0
0743453069	4.0
0671032992	-Infinity
B0092XHP4K	2.0
045141568X	2.0
0618657312	5.0
0451408586	4.0
0385739850	4.0
0316278270	5.0
B00AP2VVVK	5.0
0380792028	2.0
0446617008	1.0
B00A9HW1CY	1.0
0307594076	3.0
0764206923	5.0
B009OUDVSU	4.0
0553213172	5.0
B00B0OKZUU	5.0
B00IC89C9C	5.0
0061231231	1.0
B00CA88MOG	3.0
0805094601	5.0
0449000176	4.5
B00A2CWS4C	4.0
0764206931	5.0
0385302312	4.0
0061990639	5.0
0988231069	4.0
0316693200	5.0
B005NDOUI2	5.0
0345485793	5.0
1481838938	4.0
0671755331	5.0
0425198782	3.0
0345479904	4.0
B00C0ULZ84	4.0
1455574457	4.0
0385302320	5.0
0671001701	-Infinity
B00HV2DE7G	4.0
0758201346	5.0
1461119847	3.0
149937092X	4.0
0380817799	3.0
B00JE3QR9C	4.0
1423171187	4.0
0007388160	4.0
0425209954	5.0
0029259657	3.0
0764206915	5.0
0515124524	5.0
1455520640	2.0
0373296681	3.0
1416514929	4.0
0312331754	4.0
1484903102	4.0
148234873X	5.0
B004JZYAVW	4.0
0515133477	4.0
1439191921	4.0
1492110159	4.0
B008AL444E	2.0
1599982900	3.0
1416556249	3.0
0449005844	5.0
0743422732	4.0
1250032989	4.0
0446529788	4.0
B00FKAGNGK	4.0
0345532562	3.5
0143057324	4.0
0451213289	5.0
1484067460	4.0
1455575763	5.0
0942617428	5.0
0062019740	5.0
B009WTDFYI	5.0
0671705091	4.0
0316693251	2.0
0061965650	3.2193634922570418
0425267822	3.0
0446527130	4.0
0515136530	3.0
0143142801	5.0
1455574449	4.5
0061009059	4.0
B00F8Z2C9O	4.0
0316211125	1.0
0307720144	2.0
0451205650	4.0
1461085977	5.0
1481972995	4.0
B00EXCZXYE	5.0
B009H68H8K	5.0
1453728406	5.0
0425267814	4.0
B005FCDT8I	5.0
0061882496	3.0
0062229818	4.0
0446406929	4.0
0451222172	4.0
0062292250	4.0
0380815176	4.0
0758234228	4.0
0804120021	4.0
0151012733	2.0
B0093TFS5Q	4.0
B00I6X2XR6	4.0
B008GBCCMO	3.0
0062068652	4.0
0446406910	3.0
0312364687	4.0
0989782913	3.0
0804120013	Infinity
0143037706	5.0
B009PGKFEG	4.0
1416549994	3.0
0345480090	4.0
0061990612	5.0
0942617436	5.0
B008I32EKU	5.0
1463581033	2.0
0062245074	3.5
0316027650	4.0
0515135216	2.0
0316018708	2.0
1622538145	4.0
1476730067	3.0
0446574309	2.0
B00943FVG2	4.0
0307382664	5.0
B005VFDD7Q	4.0
1939000114	5.0
0399151745	2.0
044900273X	3.0
0451186850	3.0
0743463242	3.0
0425240789	4.0
0062273914	3.0
B00HPHL9OW	5.0
0758204434	5.0
1497452864	1.0
0373837097	4.0
0425214494	5.0
0451231066	4.0
0505524899	NaN
1400043638	3.0
B00FTQKHQM	5.0
1427201412	3.0
0758216416	4.0
0380818213	3.0
1935407309	5.0
0307743683	4.0
0553581201	3.0
044661176X	3.0
0857387200	2.0
0553582534	3.0
0821774565	5.0
0062019708	1.0
0743463234	2.0
0449149579	5.0
0061963097	1.0
1417808268	2.0
0062231294	4.0
0373293542	3.0
B00E4R71OI	4.0
0380820528	4.0
0758216424	4.0
0373528191	5.0
0061233005	3.0
0316097519	2.0
1456588672	4.0
0060595361	4.0
0743463226	5.0
0553582542	3.0
1611459052	5.0
0380795124	4.0
0007447868	3.0
0758216432	5.0
0385335296	4.0
0399151729	2.0
0978948238	4.0
1569470111	4.0
077832348X	1.0
1935961144	3.0
0373528175	4.0
1420112414	4.0
0451222148	3.0
B00DFIE9NI	4.0
0758290381	4.0
B00G8ULD1Q	5.0
0553582550	4.0
0380820552	5.0
0062273949	5.0
0451203801	3.0
140000490X	5.0
0380776847	4.0
0380795116	NaN
0060561122	1.0
0679009264	5.0
0312605935	3.0
1419969757	5.0
0312379765	3.0
0061246360	3.0
0345476891	5.0
0061373230	3.0
0373110200	2.0
0425272346	3.0
0307266850	4.0
0062259652	5.0
0380812967	3.0
1591050405	3.0
B00FG92FOE	5.0
0373124848	4.0
0385536496	4.0
0060839252	5.0
0843951028	3.0
0671779338	2.0
0750922923	5.0
B007Q1YEQW	5.0
B0065QWGXW	3.0
0553826093	3.0
0859979288	4.0
B00K5VU2P2	4.0
0425272354	5.0
B009UJIIU6	4.0
0451202538	4.0
0380731916	4.0
1118045998	5.0
0007118899	5.0
B00AN9GF5C	5.0
0749958170	2.0
0425193942	4.0
1934912611	4.0
1482545187	4.0
0714530875	5.0
1935407317	5.0
1476751803	4.0
0312983484	5.0
0316147869	4.0
1612183549	5.0
0060764902	4.0
B006L4C066	3.0
145023397X	4.0
0399162410	5.0
B007ZLYCGA	4.0
B00KI2JUA6	5.0
B008WOUNIK	5.0
0671547461	3.0
0061728837	3.0
0373772106	1.0
1492381233	5.0
067177932X	2.0
1480277185	5.0
0312577427	-Infinity
0425181995	5.0
043935806X	6.0
0380812975	-Infinity
1601831846	4.0
1590514254	5.0
B0099917I2	4.0
0312369506	3.5
0843953098	5.0
0380763389	5.0
B002YX0NX0	4.0
B00HZWLDVQ	4.0
0873377788	5.0
149106062X	4.0
0062231316	4.0
0451404661	3.0
0689852223	5.0
B00CGFEICS	3.0
0505521547	5.0
B00AC8B3EC	3.0
B005CRQ64K	3.0
B004LB49JM	3.0
0553575023	4.0
0786890762	4.0
0451199529	1.0
0505528177	5.0
0060527056	2.0
B004KKYX9A	3.0
0989247988	5.0
0137016611	3.0
0758206461	4.0
0452281032	3.0
0440918642	4.0
0062269917	5.0
1419957619	4.0
0451199510	3.0
1622534042	5.0
0743442717	4.0
0778303330	4.0
0373291523	3.0
0553575015	5.0
098838714X	5.0
0373218036	4.0
0553805002	1.0
0743496108	3.5
1455526975	4.0
1470154609	4.0
0843944161	5.0
0449006360	4.293047713460627
059306917X	5.0
0451199545	3.0
1484021959	3.0
1455599085	5.0
0345505913	5.0
0440228476	1.0
0553575007	3.0
0440206243	1.0
1618623109	3.5
0307237877	5.0
0373773633	4.0
1419954598	4.0
0451206371	2.0
0345340248	5.0
B00947X3VI	4.0
0062033018	4.0
0380750082	5.0
1490560726	5.0
0312611641	2.0
1936850435	4.0
0743496116	3.0
0380763397	2.0
037321099X	4.0
B00AOACAL8	4.0
1420103288	2.863722445269298
1480272132	4.0
0140185232	4.0
0061339261	4.0
0843949856	1.5
1478255293	5.0
0547576218	4.0
0312300247	4.0
1477592296	3.0
0425189031	4.0
0373210973	3.0
0758226020	4.0
B00DCCPHAQ	5.0
0373790163	5.0
098545587X	4.0
0380809273	4.0
B00D5765T0	1.0
0812967801	4.0
140221894X	3.0
1475244207	4.0
0385537859	5.0
0615700292	4.0
1402205635	4.0
0060517697	1.0
B00K0Z7WFQ	4.0
0312324243	2.0
0449909042	5.0
1551668149	4.0
1419950177	4.0
0843953063	4.0
0553104136	4.0
B008RR3QFY	5.0
0821768220	5.0
0425235440	4.0
0553289322	3.0
0394805720	5.0
1416959033	4.0
1551668130	4.0
B00BSKJGCY	4.0
0553104144	3.0
0316024961	2.5
0373771886	4.0
0061341592	3.0
0843953055	4.0
0099710013	4.0
1897562780	3.0
0425235459	3.0
1573222038	2.0
0425261743	5.0
0843953071	3.0
0062243322	4.0
082177848X	3.0
0061456837	4.0
1477848452	3.0
0425239810	2.0
0804119716	4.0
1118526503	5.0
0982175698	4.0
0062231340	5.0
031232118X	2.0
B00F3KG6N2	3.0
0062210440	4.0
1480105902	2.857142857142857
0743439988	4.0
0061340294	1.0
0345528654	4.0
0373210965	4.0
0380809281	4.472391626833691
0989281000	2.0
1595142908	3.0
0062022342	2.0
0061456829	3.0
B00GX5LIS4	5.0
0312198493	3.5
0297852752	4.0
0805094598	5.0
1612183034	3.0
0307588033	5.0
1481885065	5.0
0316036919	5.0
0312349513	3.0
0451404602	4.0
0440242738	2.0
0062276220	2.0
0440228441	5.0
0897935195	5.0
0060527048	4.0
0983368414	3.0
0758287860	4.0
0786891203	3.0
0230745652	4.0
0441010512	5.0
0440235618	3.0
B0061WIL66	1.0
B0087IE3QO	4.0
0316014796	2.0
0440236940	4.0
1451671601	4.0
0380769530	4.0
0099464462	4.5
0312857055	2.0
0441017150	2.0
B00BGBY3FA	4.0
0062083392	4.0
0802117007	4.0
0451418433	1.0
1481231898	3.0
0804119724	4.0
B009FEDS1A	5.0
1453812954	5.0
0440235626	3.0
0452288509	4.0
1620153424	2.0
0451221958	2.0
0446300578	5.0
B00CKOVBU2	4.0
B00149M19E	5.0
B00AIBCBJE	4.0
1469922754	5.0
0451164040	1.0
B007WLUPOQ	4.0
0373127529	2.0
0060009268	-Infinity
0425268306	4.0
0983368430	4.0
0373771843	3.0
0380805707	4.5
0060543132	3.5
B00CPT4RIA	4.0
B00HE5NWCM	4.0
B0042JTAC4	4.333333333333333
B00CYBFTWC	3.0
0380756234	5.0
B00GGMWAGS	5.0
1402244347	1.0
0345476913	2.0
0985455861	4.0
1492807249	4.0
0804119759	4.0
B00BMHF2IA	4.0
B00AZZDKG6	4.0
0983943729	4.0
B0053ZGAW4	4.0
0802120644	3.0
B008MKPORO	3.0
0380812029	4.0
0553299557	5.0
0843941960	1.0
0983979731	3.0
034552733X	1.0
B00DFFMYZ6	5.0
B009KSFDDW	3.5
0380813351	5.0
B00DTDH94U	4.0
0743410289	3.0
1490339299	4.0
0425236757	3.0
0804119740	4.0
0425195783	5.0
0385341059	1.0
0373484089	5.0
B00GYLVWCE	3.0
0843953950	3.0
0060009241	5.0
0843941979	3.0
0060511508	5.0
0553575074	4.0
1416590692	3.0
0062271377	5.0
0440236908	2.0
0821780751	1.0
0989416402	5.0
0061673404	4.0
0425186857	3.0
0316126586	5.0
1469732459	4.0
0061673412	3.4849632603590637
014132855X	5.0
0989101002	4.0
0451419723	3.0
0307990893	5.0
0380780755	Infinity
1466255781	4.0
0738723193	4.0
0345480112	4.0
0615624006	3.0
0143121529	5.0
1551665018	5.0
0316008060	3.0
155166500X	1.0
0375700757	4.0
0451419707	5.0
1416560807	3.0
B005GF31VO	2.0
0451221915	4.0
0743573641	4.0
0974457965	4.0
1492951641	5.0
0449006352	4.0
0425186865	5.0
148189045X	5.0
1426708998	3.0
0380799375	3.0
0345480104	3.75
0380812037	2.5
0451419715	4.0
0425232344	1.0
0312979541	3.0
0804119791	5.0
0312958609	5.0
1416560815	3.0
0380786044	2.0
0316222445	3.0
0451207661	3.0
0380799367	3.0
0374266328	2.0
0440224934	2.0
B005FCFITQ	2.0
0373778465	3.5
0440244501	4.0
0373605234	4.0
0399257268	4.0
B00BKK6FLC	5.0
1476741352	3.5
042522340X	4.0
0061229695	3.0
1416560823	2.0
042516232X	4.0
098551034X	4.0
0821757504	1.0
0007172826	5.0
0375405275	4.0
1479238112	3.0
0061668036	5.0
0061779814	5.0
0316008079	5.0
0380780747	3.0
0765325780	1.0
0451415337	4.0
0380897822	5.0
B005O3PM3I	2.0
044652767X	4.0
0425220419	4.0
0800732669	4.0
0385516169	5.0
006223885X	5.0
0743294378	3.0
B005Q22CEY	4.0
0002232529	4.0
0373272332	5.0
1741797276	3.0
0805070516	4.0
0843951346	3.0
0425266656	4.0
0446541982	5.0
0380785609	3.0
1551660288	3.0
0062229907	3.0
0380756293	-Infinity
1938404130	4.0
0743418166	3.0
0380756285	5.0
0671880594	-Infinity
0307474844	1.0
1416524614	4.0
0425207439	2.0
0553583581	5.0
0062245171	1.0
B007XZWMRY	5.0
B00H6C05IW	5.0
B00HB12QU8	4.0
0385195192	5.0
0988729857	3.0
0743436806	4.0
0312368712	4.0
0373776691	4.0
B00CVNQGQ6	3.0
0767915305	2.0
1402278543	4.0
0380785617	2.0
1419959492	5.0
B00EX48V3C	4.0
B0092VP1NE	3.0
147931255X	4.0
B00BS9GY02	4.0
061585088X	3.0
B00BBS30ZW	4.0
0380805693	4.0
0380774933	4.0
0380794551	4.0
1741797292	4.0
B005M65YYE	3.0
006114360X	3.3333333333333335
0061143618	3.5
1442218347	2.0
0380899531	3.5
0425264017	3.0
1483912345	5.0
0373210086	4.0
0440221064	1.0
0373293291	4.0
0982543808	4.0
0307393879	4.0
0451228650	4.0
0380805685	4.0
1480567981	4.0
0312363044	4.0
0446541974	5.0
0373124554	1.0
0446197998	4.0
0380756250	4.0
0345308042	5.0
0525953493	4.0
B009H8AZLA	3.0
0060250771	2.0
039914840X	4.0
038574160X	3.0
B0083UCPNO	4.0
0312361270	3.0
0380804387	3.0
B009P8NJBU	5.0
0061712787	3.0
0380781204	3.0
0451221192	1.0
0802406181	5.0
1939000203	5.0
0446573558	3.0
0373860641	5.0
0440613426	-Infinity
0425230678	4.0
038075889X	4.0
1491260734	4.333333333333333
0545240778	3.0
0312984863	5.0
0062068520	2.0
0380385880	5.0
0062130145	4.0
0316969443	4.0
B00AKKN9RQ	5.0
B00EX9V5Q2	4.0
193757301X	4.0
0345503384	3.0
015206396X	4.0
B00J915BYG	5.0
0142428280	3.0
037383568X	5.0
0821772279	3.0
0060505729	1.0
0778313530	4.0
0312984855	3.4387269845140835
1416509887	5.0
162253848X	4.0
1416510877	3.0
1499236123	4.0
1609281292	4.0
0425220435	1.0
B00BJQ613E	4.0
0380769557	3.0
0976876078	Infinity
0988867400	5.0
0470482559	4.0
0062068539	3.0
B008O0QUU2	3.0
0380756269	4.0
0727869442	1.0
1463600755	4.0
0425219437	1.0
0439064864	5.0
B00FVE4WE0	4.0
B005342GPA	4.0
B00GYA55XC	5.0
0983979782	4.0
B00AF3FQ10	5.0
1416516166	Infinity
0380800810	2.0
0066211115	3.0
0671737848	3.0
1610391543	4.0
1936460068	5.0
0062068547	3.0
0821753975	4.0
1401063578	1.0
0062028529	2.0
0505523205	5.0
0758215444	3.0
1416516158	4.0
014242207X	3.0
0316282014	4.0
0060788194	4.0
077831488X	3.0
0385338228	3.0
1416509879	4.333333333333333
0451214838	2.0
0380803097	5.0
1416963960	3.0
B00BEB77R8	3.0
0373291485	3.0
0470444983	4.0
0062107798	3.0
0751547948	4.0
0778324214	2.5
0385338236	2.0
1479303690	2.0
1453295070	4.0
0099562588	4.0
0515128856	5.0
0595165443	3.0
0062197258	3.0
0062003259	3.0
1933720093	4.0
1413309127	4.0
1420100971	4.0
0425275515	4.0
0312323859	3.5
0505525887	5.0
0380800829	5.5
1484196007	5.0
0446573531	4.0
0821749021	2.0
1630990043	4.0
0061059897	4.0
0352330708	5.0
140004460X	5.0
0671023683	3.0
0451233166	NaN
0399156046	1.0
B00A0NOF7G	4.0
0312289723	2.0
1608195317	3.0
1420100963	3.0
0557489563	4.0
0671737821	4.5
0385538367	4.0
1605920525	3.0
0425243966	1.0
0061059889	4.0
1476761779	4.0
0981473911	4.0
B00L0OABPO	4.0
1416575979	3.0
0345453417	4.0
0373772211	5.0
1938404181	5.0
0439023483	4.0
0821777904	4.0
0691114692	3.0
B00GSC8MMM	4.0
0307264556	4.0
0758228724	4.0
0373226489	4.0
0446612952	3.0
0380751402	-Infinity
160504797X	2.0
1416505474	-1.0
1904492460	5.0
0345522478	4.5
0984247599	4.0
B004NSVJ6Y	5.0
0373773536	4.0
B00F2RK6FK	4.0
0062132717	3.0
1416547037	-Infinity
1482547473	4.0
0373120141	2.0
1440557373	2.0
0380007789	2.0
0553583549	3.0
0345522494	5.0
0439023491	3.0
0333989236	2.0
B00BHJCHP4	4.0
0312928785	5.0
B00COWFK7A	5.0
0062293605	5.0
0345522486	4.5
1612186963	4.0
0451465695	5.0
0060549319	4.5
1420131222	4.0
B00DCX6IDK	4.0
1416516123	4.5
B00IDIFMOK	4.5
1482728834	4.0
0373773544	2.0
0373777922	2.0
0452287146	3.0
0060528400	3.0
1250006317	4.333333333333333
0451411897	2.0
0380763400	5.0
0843949090	5.0
B00F8F3JZK	4.0
0451235770	4.0
0345453433	2.5
1493514415	4.0
0984247580	4.0
1402784031	5.0
B007BBV7TO	2.0
1476734151	4.0
B00L02VI5I	5.0
0743566572	5.0
0981286704	4.0
0385338244	1.0
B00ATNX1SG	4.0
0425190102	NaN
067168972X	3.0
B00DW8436O	5.0
1478247525	4.0
0380785625	3.0
0440246369	5.0
0140085076	4.0
1452857237	5.0
0553584898	4.0
B0078S9B6G	4.0
0312605862	3.0
1439129835	4.0
1416505458	4.0
038079456X	3.0
0380007762	3.0
0553582232	4.0
0553583565	4.0
B00FLF4JAG	4.0
B00K434CIO	5.0
B00ENOH57U	4.0
1477515321	4.0
0385338252	4.4
1569470200	5.0
1477675108	5.0
0553571591	5.0
0060781580	NaN
0099562561	4.0
1480289035	5.0
B00AHH12HG	4.0
1439102767	5.0
0062244752	5.0
0208022732	5.0
B007TQKKYO	4.0
0380779617	2.0
0671003348	3.0
0515141658	-Infinity
0991046854	4.0
B00EMJTUOC	5.0
0061985848	3.0
0515130990	4.0
0525951784	5.0
051513628X	4.0
1475017928	4.0
098488789X	5.0
B007HV8ERG	4.0
B005HAWAZG	3.0
038542289X	4.0
B00EOAS02W	3.0
0061856436	2.0
0142402516	4.0
0062060554	4.0
0141009829	2.0
0515141666	4.0
0671003364	3.0
0671002031	3.0
B00J3BIBGC	4.0
0380818051	5.0
055358183X	4.0
1419953133	1.0
0984887873	5.0
0977468208	5.0
0553581856	4.0
0821759213	1.0
0553593838	5.0
0062319140	4.0
1481207474	2.5
0380753006	3.0
B008EKMC0O	1.0
1620610973	4.0
1440421218	5.0
0758217005	4.0
0778324184	3.0
0440221986	3.0
0425203972	3.25
0312656491	1.0
0671737791	5.0
1466297689	4.0
0373773773	3.0
0451240197	3.0
0373772440	5.0
044655894X	3.5
0446558958	2.0
0671016652	4.0
0843949740	3.609681746128521
B00BFFJ79Y	5.0
0061456748	2.0
1609280954	3.0
0804137447	3.0
0547688369	2.0
042520264X	4.0
1118490193	5.0
0061456756	3.2193634922570418
0553593846	3.0
0312288352	3.0
0061235369	3.0
0380818078	2.0
038081806X	3.0
B00586XP5S	3.0
147670886X	3.0
0671019732	3.0
0345445872	5.0
1439188181	4.0
0060507365	3.75
0470890754	5.0
0843958626	4.0
1402239777	2.0
B00KTQJONY	4.0
1416564446	2.0
1582974896	4.0
0307265803	3.0
1456450956	4.0
0373484771	2.0
038079747X	4.333333333333333
0380797488	4.197681446074392
B00B97XOJM	5.0
1556437080	5.0
0671019724	5.0
0356500276	5.0
0451220544	4.0
030727828X	4.0
B0081NXU96	3.0
0671019740	4.0
1484944151	3.0
B00BVT4CZI	3.0
B00EFPVCGM	4.0
1478292105	4.0
0061080527	3.0
0373773706	2.0
B00A11WYSE	4.0
B008ENAWJ4	4.0
1402295863	4.0
0441020860	1.0
1609451856	5.0
0671747150	2.5
1625010559	4.0
0425212017	4.0
1490994718	3.0
0062107739	4.0
0553384635	5.0
0811865665	5.0
0312989873	5.0
0671027344	5.0
B00BK848K4	5.0
0671019708	4.5
1481077929	4.0
B00ESMZLSW	4.0
0743446135	2.0
0061852058	3.2193634922570418
0985424818	5.0
B00G8BHJB8	4.0
0505523434	1.0
0060001445	3.0
0061259357	4.0
0671019716	NaN
0553104241	4.0
0143113178	5.0
0425202690	3.0
B00DK8AQ8K	4.0
1480255521	5.0
0451174194	2.0
0821780670	2.0
0060851988	4.0
0307409120	4.0
0425244466	4.0
006201949X	4.0
0671019767	4.0
0451204492	5.0
0312303467	4.25
B00E4QM0YU	5.0
161372103X	5.0
0425212866	4.5
0062088947	5.0
B003A7I27S	4.0
1621810895	4.0
0060773111	2.0
0988188058	5.0
0312949820	3.0
B00CD36FS8	3.0
B00ENVYVHA	5.0
B0051EZBRM	1.0
0449002071	5.0
0987921770	5.0
0802118461	3.0
0515132764	4.0
0307958841	3.0
0515151068	2.0
0758288255	4.0
1468149865	3.0
0802126065	4.0
0821780654	2.5
0425194582	5.0
B00AS687GU	4.0
0821766392	3.0
1605048577	4.0
0441010652	5.0
038079263X	Infinity
0020519001	3.0
0804119635	5.0
0812977300	3.0
1402281218	4.0
0373709110	4.0
B00GEEB15Y	5.0
044022375X	4.333333333333333
0141326085	1.0
0758211783	2.0
0800720814	4.0
0425209210	5.0
B00HQ71OKU	3.0
0373694466	5.0
0821780662	2.0
0804119627	3.0
1440721726	1.0
1481229656	4.0
1935961829	3.0
042524315X	5.0
1551668874	4.0
0345494881	4.0
1416503609	3.0
0312979681	4.0
0821775286	3.0
0380753022	3.5
0380792621	NaN
1494204339	5.0
0062100297	5.0
0373771916	4.0
0425203956	2.0
0312558163	3.0
1442365560	4.0
1620070693	4.0
1416503617	3.0
B00BLF6XO0	5.0
B00CIOFYVG	4.0
B0003UEOM2	2.0
0061234923	3.0
0380753014	5.0
B007FQEFB2	4.0
1586088998	4.0
0373303122	1.0
B00DECAVZK	4.0
0987921738	5.0
0061234931	5.0
0312953038	2.0
1612186041	3.0
0061234915	2.5
0060536705	3.0
B00J8N6SJM	4.0
045141411X	2.0
0312949812	4.0
0500513600	2.0
0099911701	4.333333333333333
0345523903	4.0
0553588451	2.0
B00CIYHL6C	4.0
0312949804	5.0
099104682X	4.0
0440223725	5.0
B008IU9SSE	4.0
B00GL3RLXY	4.0
B00B139IXK	4.0
0307716724	4.0
1593095031	2.0
1484192419	4.0
B005G4WVSE	4.0
0060536713	5.0
B00KUTQLAE	5.0
0380818957	4.0
0984325662	5.0
0425183017	4.0
0786868724	5.0
0385344007	4.0
0380778319	3.0
0750934697	4.0
0743456335	3.0
0373778570	4.5
0964894297	3.0
1466300043	4.0
0345803922	5.0
1616202548	4.0
1590250036	5.0
0440244633	5.0
0380813173	4.0
B00AN7524Y	5.0
0373835515	4.0
0060539836	4.0
B00FO7OCU8	4.0
0615632637	4.0
1401352340	2.0
0399154175	3.0
0380750872	3.0
0515076228	4.0
B00CCRTFSC	5.0
1461006953	4.0
0544074114	4.0
0373775490	3.0
B004TSLNMS	4.0
1477817492	2.0
0758222491	4.0
B00KLO64S2	5.0
0615754147	4.0
0380761513	3.5
0425208885	4.0
031232619X	3.0
B00CGI3J8E	4.0
1586422073	4.0
1481888072	4.0
B00AKSL3TO	2.0
0060872950	2.0
0671735934	3.0
0451212142	3.0
0380750864	3.0
0446603090	4.0
0061032093	6.0
0307913090	5.0
0991192818	4.0
054525132X	4.0
1452661197	3.0
0380813165	4.0
0425228487	2.0
1611940583	4.0
0061032085	5.0
0345531450	5.0
0985348720	4.0
B004G5Z48S	4.0
0062282247	4.0
0312981023	5.0
0060092971	2.0
1606840592	2.0
0451229851	4.0
074327332X	4.0
0515112305	3.0
B00B51EMWA	4.0
0373605439	3.0
0061245607	1.0
0821777890	3.0
B00HTJBE6O	4.0
1401603009	5.0
1448609070	5.0
1416566279	3.0
1593095090	3.0
0060558121	5.0
0451460936	5.0
B00AUIY2XS	4.0
034549668X	4.0
0345496698	2.0
0060092963	4.0
0062282263	4.0
0671865080	5.0
0061969842	4.0
0373596839	5.0
1416516085	3.3333333333333335
0373771088	3.5
0609809474	4.0
1606840576	5.0
1420114840	5.0
0812993411	5.0
1551668939	3.0
0451410629	4.0
1420104640	1.0
0375869751	3.0
B004CRSQAS	5.0
0615631347	1.0
0345534506	2.0
0312262515	3.0
0810981483	5.0
0547904312	2.0
B00EHU46AE	4.0
B00A2V2LC2	5.0
1620152096	3.0
0425233820	5.0
1416516093	NaN
B002ASASUM	5.0
0451204557	4.0
0143035304	3.0
047324389X	4.0
B00G7RANLG	4.0
B00C74WXEI	4.0
0786838922	1.0
0982953720	3.0
0061808709	2.0
0821772155	3.0
125005236X	4.5
1477535675	4.0
0062006207	3.0
0373295162	2.0
0060589280	3.0
B00C74WXG6	4.0
0990377105	3.0
1494362325	5.0
B009Q63XQC	4.0
0425211606	5.0
B004L62JKS	2.0
B00BNRIK4W	4.0
0373775458	3.0
0875967671	5.0
0380757478	1.0
B00FM5ICMQ	5.0
1483924238	4.0
0984789383	4.0
1401302912	4.0
0758225504	4.0
0758266022	1.0
1468026984	5.0
0671034413	4.0
0988348209	4.0
0451417232	4.0
050552516X	2.0
1416595619	2.0
B00HQSOB72	4.0
1250003326	5.0
0451217845	2.5
B00C4W7GYK	5.0
0373775466	3.0
0143116304	4.0
B0095M6R7O	4.0
0380414759	4.0
0373775407	4.0
0062223895	4.5
1477470735	4.0
1482500051	3.0
0380753987	5.0
1440557438	1.0
1558219730	4.0
0451226720	3.0
0373294646	5.0
1551662744	Infinity
0743454529	4.0
B00I8XKIDK	4.0
B008UW49C0	4.0
0778314774	2.0
B008GYQ5UG	5.0
B004CFASCY	3.0
0515141704	4.0
0061706876	4.0
075663119X	5.0
0449809978	4.0
0345535871	5.0
1606523589	4.0
B008J2MMNO	3.0
0985324708	4.0
0843953012	4.0
1420111795	4.0
B004A8ZT9A	1.0
1478277467	4.0
0345533232	4.5
140278676X	3.0
B007KNLC02	4.0
0062024035	3.0
B004322FCM	5.0
0310435277	5.0
0062279483	2.0
0843945400	4.0
0394755111	5.0
B00BJWZI6E	5.0
0380892847	4.0
B00786YT1A	2.0
0373775431	5.0
0143118951	5.0
0425201392	5.0
B00J24F9LU	5.0
1419956272	2.0
B008OY00QS	5.0
143271385X	2.0
0987151118	4.5
0373767811	1.0
037313049X	4.0
B006LSTJGQ	1.0
0380822970	1.0
0440237599	2.0
0380798867	5.0
0425229718	3.0
1455508306	2.5
0765318415	3.0
0307263991	5.0
0425233804	3.0
0263168859	5.0
B00A6ERC9M	3.0
0310332079	3.0
0505524686	3.0
0373295987	5.0
1402237014	5.0
0380005255	2.0
1466259353	3.0
B009D7VMUS	5.0
B004XWHI6U	4.0
1619354268	5.0
0062025341	3.0
0425238660	3.0
B00HCMZZQ8	4.0
0440237556	4.5
1470042509	4.0
0380773554	2.5
B00L0UANW4	5.0
0515136379	2.0
0062276395	4.0
0316016381	4.0
0373772327	3.0
1575668696	4.0
0060092149	3.0
B008BOVQX2	5.0
0060772743	5.0
0738713708	3.0
1475293984	5.0
0062024027	4.0
0451205804	5.0
006222560X	3.0
044640053X	4.0
B00BNDPQVG	2.0
1468016776	4.0
006168984X	4.0
0373691300	4.0
0983193819	5.0
0061491888	3.3333333333333335
B00H3WYE50	5.0
B00A54RF2C	4.0
0451222334	4.0
0345478851	5.0
0805097457	4.0
1909256153	5.0
B008QPCII8	5.0
B00DPM7WCO	3.0
1938857119	5.0
1482351323	5.0
1426700245	4.0
125004295X	4.0
B00H6ETDHO	4.0
0380818043	3.5
0060517638	3.0
0061689866	5.0
0425224074	3.0
0451208072	3.0
0778328503	3.0
034549539X	4.0
0821773410	4.0
B00FS1287E	4.0
0060779381	4.0
038077352X	4.75
0380773538	2.6666666666666665
0062025333	5.0
0670015768	4.0
0744590779	5.0
1494358220	5.0
1468053701	4.0
B00I2PH6AW	5.0
0060092130	4.0
0451222350	3.0
0345503406	2.0
0380818035	3.8
0670023663	4.0
1478257679	3.0
0373210779	4.0
0743298055	3.0
0778315576	4.0
1492823910	5.0
0821771205	5.0
0316099074	3.0
B00ICNK1S8	4.0
0747264880	4.0
B006IIX0N2	4.0
0060529474	2.0
0330449605	4.0
0425260666	2.0
0061491896	5.0
0515128546	4.0
0821771213	3.0
0451194071	4.0
0778315584	5.0
1480236292	4.0
0312315988	4.0
1477607668	4.0
0575092963	5.0
0671873164	1.0
1416985131	5.0
1483918777	4.0
0373715994	4.0
1451675364	5.0
0778315592	4.0
B0076OCDVM	5.0
0758290888	4.0
0062244876	2.0
0142411108	5.0
0615717764	4.0
0671450344	4.0
1477617019	4.0
1451642466	5.0
B005VHM5Z0	4.0
0345528840	4.0
0821780131	2.0
B009YZ9CMO	4.0
0451462327	3.0
0505522659	3.0
1605983950	5.0
0373771215	2.0
1575668238	Infinity
1451642458	5.0
0312978405	4.0
1451621531	4.0
0553582836	3.0
1497454999	5.0
0989624315	4.0
1742205739	5.0
0385341695	3.0
0312351623	5.0
1484920066	5.0
0060784776	5.0
0061797022	1.0
098279522X	4.0
B00C2RT7RQ	4.0
0312978413	Infinity
B00DZHUP8C	5.0
1611944007	5.0
B00IFE9B6C	4.0
B00BKQD190	4.0
0312658966	5.0
0345476255	3.5
0373210736	3.0
0385730284	3.0
076535716X	2.0
1622662547	4.0
0060098538	3.5
B00IECF0BU	5.0
0451210689	4.0
082176845X	4.0
B00B2IJRKS	3.0
1491274204	4.0
0373255632	4.0
1551668386	3.0
B00871YVMM	5.0
0060782161	4.0
0770437680	4.0
1463789777	3.0
1927044529	5.0
1426710666	4.0
038574224X	3.0
0373129114	4.0
0545426227	5.0
1467957984	4.0
0515107662	1.0
0991641213	5.0
141656103X	4.0
0025853503	5.0
B00H80MINW	4.0
1492838144	5.0
0956642209	4.0
1416537325	2.0
0312360525	-Infinity
0060899220	4.0
1490582703	5.0
1426201389	5.0
1463790732	4.0
0778300498	2.5
B00BFQANUK	4.0
1845136233	2.0
0985652209	3.0
B009WW4RWE	5.0
0425192008	5.0
072786792X	5.0
075663122X	5.0
0983398038	4.0
1495480720	3.0
0553580213	4.0
1482736276	4.0
0345515579	3.0
037321071X	4.0
006208576X	4.0
1484145992	4.0
0395967015	5.0
1416537309	3.0
0330462636	2.0
0060782153	3.0
0399142533	2.0
0758285442	4.0
B00G8JOQ16	3.0
1595143173	5.0
037321121X	4.0
1605048232	3.0
1616082755	3.0
1420104322	2.0
B007W5PFFQ	5.0
0345495411	2.0
0441018238	5.0
B008HJF9C0	5.0
B00IPL4IUY	4.0
0345515595	5.0
0553104330	3.0
1440563438	4.0
0440244323	4.0
0671870955	2.5
050552614X	5.0
0385338902	5.0
B00APT8BDE	3.0
1612177417	3.0
1595143181	5.0
0373290837	3.0
B00CSXJ2GU	4.0
B00DPKY9QI	4.0
0380708361	1.0
1250045630	4.0
1939474078	4.0
0857206931	3.0
0970716907	4.0
0989157768	4.0
1402226705	4.0
034546608X	4.0
0385335881	4.0
0515118370	5.0
0380809095	4.0
0451207858	4.0
0425180050	4.0
039916216X	3.0
1596323892	1.0
1573661198	1.0
0864424841	5.0
B00DFRK9DS	4.0
1479103438	5.0
0373790376	5.0
0312950950	1.0
1416513302	4.0
042526856X	5.0
1551666588	4.0
B00C102SZM	4.0
0062276417	4.0
0970716931	3.0
0380809087	3.2193634922570418
0345495403	4.0
0545265355	1.0
0060565160	4.0
1455527688	4.0
B009UL1F36	5.0
B00B4H3IYI	5.0
1402236964	3.0
0316099007	5.0
1416589422	4.0
1402202733	3.0
0440244315	4.0
0312186681	4.0
0812968972	4.0
0452283485	5.0
0553294091	3.0
0679445307	4.0
1455527602	4.0
0977954536	3.0
B007XZWD5A	3.0
1456406272	5.0
0970716966	4.0
0988534428	5.0
0060545526	1.0
1455549886	5.0
067187098X	5.0
0007205236	5.0
B00D7Z4FW4	4.0
0307956350	2.0
1455515698	4.0
0060798599	5.0
1492787701	5.0
B00BI1CWOC	4.0
0385512724	3.0
B00BTC9QWQ	5.0
0553294075	3.0
0425192083	4.0
0425210359	3.0
1475080948	3.0
0316253391	4.0
1420108700	3.390318253871479
1614690413	4.0
0970716982	4.0
0557131294	2.0
031235164X	4.0
0425264173	4.0
0843952814	4.0
0985648112	4.0
0758222750	5.0
B0051PKVS0	5.0
1452664471	4.0
0142421375	2.0
1466495154	5.0
0373790333	4.0
0671020412	4.0
0312351666	-Infinity
2954168129	5.0
0061242411	2.0
037379164X	2.0
0615668232	3.0
B00FP1NHKE	5.0
0380725703	3.0
B009LBOBRW	5.0
1250024765	2.0
0099474441	2.0
0425150119	3.0
0373776039	2.0
0345505387	4.0
0143112465	4.0
0345478916	5.0
0743470974	4.0
0440246113	5.0
0061138010	2.0
1456406353	4.0
0373774273	4.0
0575081384	1.0
003061368X	5.0
0545123267	3.0
0451207912	2.0
1420102540	4.0
0307931889	2.0
0061992704	5.0
0375866566	4.0
0553582003	3.0
B00DYEBOM2	1.0
B004YTMZRE	2.0
1492288624	5.0
0767928881	5.0
0062021737	3.0
0373211198	4.0
0380817411	4.0
0375706771	3.0
0312312911	4.0
0743582438	4.0
0441009239	5.0
0615700896	5.0
B00CNTTE9Y	5.0
0451167392	2.0
0446519804	3.0
0345486528	3.0
0425188841	5.0
0778321347	3.0
0340980710	5.0
0451135660	3.0
0060561661	5.0
0312939620	1.0
1599908409	3.0
1910282022	5.0
0061138037	3.0
1481249479	4.0
B00CIFJEKW	1.0
0811201082	5.0
0373835892	2.0
0821778617	2.0
0425268616	4.0
038081742X	1.0
0449004864	4.0
0451196716	4.0
0312998813	4.0
0312252617	5.0
0373126964	2.0
1616505206	4.0
1402277466	3.0
0062228838	5.0
0099435624	5.0
0385337515	4.0
0307475913	2.0
0440243076	2.0
0380814390	Infinity
B00DX0F3GU	2.0
038533883X	1.0
0380782332	4.5
0307263479	4.0
0987870106	4.0
B008E95NPG	4.0
1939962315	5.0
B00E9MCRLA	5.0
1449550207	5.0
0470938994	4.0
0373778651	4.0
082178093X	3.0
147824738X	4.0
0440243068	1.0
1478150742	5.0
0345486544	5.0
0060788380	5.0
0751536601	4.0
1620405032	2.0
0373834586	3.0
B00AQK44JW	4.0
0312306261	5.0
B00BGXP1IQ	3.0
0316085278	5.0
0440236746	4.5
159378290X	1.0
0399156283	5.0
044020609X	-Infinity
0425217051	2.0
0241112818	2.0
1481845535	5.0
1492872954	5.0
044017161X	2.0
0345521307	4.0
1609288939	3.0
1466426691	3.0
B0030MQIX8	4.0
B00G2UXCK2	4.0
0671723413	2.0
0446531510	5.0
1933523654	4.0
0099244926	3.0
000752417X	4.0
0615785824	3.0
0373294395	5.0
0316969680	3.0
0061208590	4.0
0525954104	5.0
0061161233	3.0
061545402X	3.0
0802142192	4.0
1250005647	2.0
0380782308	4.0
1455527580	4.0
B00BSLD8LI	5.0
B00J3A6CRI	4.0
0451214234	1.0
0441005705	5.0
0553583395	2.0
0425274462	4.5
B005N9FPOO	1.0
0982595654	4.0
B00BXIJ6QM	5.0
0992345618	4.0
0758269404	5.0
0440222117	5.0
0060821477	3.0
0987528009	4.0
0373125690	5.0
1491035048	4.0
014312000X	3.0
0811816869	5.0
1937182053	4.0
B009K800BM	3.0
1401310893	4.0
0062268058	5.0
076422378X	4.0
0758269412	5.0
0143122681	4.0
006149190X	3.0
0345486501	1.0
042518756X	-Infinity
1470192209	4.0
1938404300	4.0
0425264203	4.0
B00K6YYJAC	1.0
0425198219	2.0
0060734558	4.0
B00CLH1PHM	4.0
0099569353	5.0
B00CBP5WA0	5.0
B00F1H20SW	2.0
0380761483	2.0
0152061134	4.0
0312625200	3.0
1596914750	4.0
0061351520	4.0
0399159347	5.0
B00H80MIQY	5.0
0062018973	4.0
B00K1H0304	5.0
B00I3V2NTO	5.0
037379777X	5.0
061563978X	4.5
B0056HUW2S	3.0
0385341636	4.0
0843957727	5.0
0312425554	4.0
0375724591	5.0
B00GDKVAIM	4.0
0060734574	5.0
098726513X	5.0
0345546636	5.0
0373190662	5.0
0375431039	NaN
0380776510	2.0
0061351504	4.0
B004W8E9BW	5.0
0380400480	4.0
B00AKC0LYS	3.0
B00GXDNHNA	4.0
0307345971	4.0
0141001828	5.0
0425263770	1.0
B00CNTTEAI	4.0
0425225496	4.0
073949547X	5.0
0373795157	3.0
B00BNKMFEA	4.0
1466397659	4.0
B008SCE93G	4.0
0821772473	3.0
0425180972	2.0
144235948X	3.5
1402285019	4.0
1623220513	4.0
1612181449	4.0
B00BRUQ7JK	3.0
1599984113	4.0
0751541184	4.0
0345521366	4.0
0061969559	4.0
B005GVY46E	4.0
0060875240	4.0
1469227886	5.0
0553100874	2.3333333333333335
0843957743	5.0
0671702513	4.0
B00FM85OGA	4.0
B00DV1ISWC	4.0
155166481X	3.0
1420108697	4.0
B0049P2028	3.0
1495335038	5.0
006114343X	1.0
1484842812	4.0
0843952067	2.0
0380819201	2.5
051514956X	1.0
149274459X	5.0
B00AUBKOX2	5.0
0761457259	3.0
B009VLBB2K	2.0
0140449175	2.0
0985023066	5.0
0857385178	4.0
0515148245	1.0
0060763914	3.0
0060525118	3.0
B004PVSRWS	5.0
0345545354	4.0
B005BYW9JA	3.0
0451464133	3.0
161217387X	4.0
0968838928	2.0
141655176X	3.0
0385341679	5.0
0985023058	3.0
084395597X	4.0
1455599204	4.0
055310084X	4.0
0312984227	4.0
0425238792	3.0
0312963300	1.0
B00H130TT6	4.0
0312370830	4.0
0451466780	1.0
B00BE0476I	5.0
B00BW9FHOM	5.0
1612184545	3.0
0141182571	4.0
1477576924	5.0
0451213785	3.0
0060525126	4.0
B00DXJ77EW	4.0
0449004856	5.0
160684170X	2.0
145058859X	3.0
B00K4IM7TK	5.0
1416597980	3.0
0373293011	1.0
0373295677	3.0
1484849477	4.0
042522418X	5.0
0375831002	4.0
0425219607	5.0
0373772467	3.0
0312939698	3.0
0451221370	1.0
038087668X	4.0
0061138061	4.0
0425241505	2.0
B005GQN0YG	5.0
1484920147	5.0
0385341652	4.5
0375971424	4.0
0451237714	3.0
B00CXAPPL4	4.0
0373293003	5.0
B00DX0F46E	3.0
0743498623	4.0
1461111587	4.0
143922742X	5.0
0373207247	4.0
0451218493	4.0
1936780364	5.0
0425200248	5.0
0380812525	5.0
037377396X	2.0
067153288X	4.0
0451229150	3.0
0557445019	2.0
0373771312	5.0
0553576232	3.0
0440206103	5.0
0373127499	5.0
0060751967	3.5
0679463283	4.0
0743470044	5.0
1609282914	3.0
0821780042	3.0
B00CX5V74I	4.0
B005FKHKTE	4.0
B00CA9DF24	4.0
0671739743	2.2193634922570418
0821768379	3.0
1250018196	4.0
1455550930	4.0
0553106244	2.0
0778327442	1.0
0758285388	4.0
0380767406	2.0
1105424421	4.0
0985007109	5.0
0743470036	NaN
1439152802	2.0
1555835333	3.0
098595969X	3.0
1463603320	4.0
0764223801	4.0
0062121804	4.0
B00B0XIJ4U	4.0
B00DZDQJLS	4.0
0380819171	4.0
0451235843	5.0
0671739735	4.0
0778328783	4.0
0451413482	3.0
1595546294	3.0
1477474943	5.0
0821780026	1.0
0739421042	4.0
0399151311	3.0
0778314154	5.0
1433678470	1.0
1480180289	4.0
0451206487	3.5
1463694113	3.0
0451205154	4.219363492257042
1420104489	3.0
0316134074	5.0
0375425225	5.0
B00IJDWZNU	5.0
0767913981	2.0
0060278420	3.0
0297002325	4.0
0515094773	3.0
0425259765	4.0
0440243955	2.0
0778326144	5.0
1611942195	4.0
038081918X	3.0
0061123986	4.0
0312864590	2.0
0316011770	4.0
0385534221	4.0
0425266044	4.0
0451177428	3.0
1416989412	1.0
0553384848	4.0
B00BGIUBAO	4.0
145551571X	4.0
B00FZVXB3C	5.0
B00IVXZ5AS	4.0
0615925766	5.0
1453617221	4.0
0553593625	3.0
0446619183	5.0
061568310X	3.0
0316710628	5.0
1419956841	5.0
B009JVSCO2	5.0
0425216616	-Infinity
0345447832	5.0
0515090395	4.0
B00EZ6P8XE	4.0
0345490665	3.747101807592989
1402267185	3.0
0821756389	1.0
0778304736	4.0
0316182540	5.0
1609051912	5.0
B00E9BEHVO	5.0
0143114271	3.0
1555836615	3.0
B00FZVXB1Y	4.0
0446619175	4.0
0373773951	1.0
0989311287	4.0
1616951966	2.0
0380802309	3.6666666666666665
0957496168	5.0
0345527682	2.0
0778314197	3.5
0307463214	3.0
0345490673	3.6666666666666665
1420108891	5.0
0316056634	3.0
0373713479	4.0
1908262206	4.0
1568251009	3.0
0312981325	3.0
B0070JCCAA	3.0
1609284704	3.0
0380802317	5.5
0061826871	1.0
B009G9LJKG	3.0
0761457976	3.0
0316013587	3.0
1492110590	4.0
0062244906	3.5
067174383X	2.0
1419951106	5.0
0297829661	4.0
1419952439	5.0
1250001358	4.0
1414329717	5.0
0440244447	4.5
0425214818	4.0
1618770233	5.0
0312944373	2.0
0195314395	5.0
0385342047	3.0
0544108620	4.0
B00AZL8GT6	5.0
0985066385	4.0
0671637797	4.25
B00APEYAO8	4.0
0373163983	4.0
0373296258	4.0
1478706333	1.0
0312348126	NaN
0451202066	5.0
0615590624	5.0
1416590544	3.0
1440562237	4.0
0373773900	3.0
0758232004	4.0
1250002672	4.0
1455515760	4.0
1476708657	5.0
1613098847	5.0
0989939146	5.0
0312982631	3.0
B00C74R66I	3.0
0440215900	5.0
1478324899	4.0
0515133884	4.0
1483920917	3.0
0451219716	NaN
0060392320	3.0
0306821516	3.0
0312982623	4.0
B00BTN2DSY	5.0
0515121894	3.0
0743266390	2.0
1481059092	4.0
1469984202	4.0
0263875911	3.0
1466276533	5.0
1482782049	4.0
0373773927	3.0
0615731317	5.0
0451206401	3.0
B00K6MDM6Q	5.0
1484146360	4.0
1250026628	2.0
1500196169	5.0
B00GZZGH92	5.0
B00I0MQ4PU	5.0
0380801027	4.0
0061783188	3.0
0062229311	3.0
0743291344	5.0
0743256182	4.0
1551666480	4.0
0061928224	5.0
1455523372	4.5
0983876908	5.0
0312955006	3.0
1489591095	5.0
0425247708	4.0
0451228669	4.0
B00B3KPBSW	4.0
0330453866	3.0
B00FIL334Q	4.0
0446403385	4.0
0062220969	3.0
B00IECEXKY	5.0
0738736120	3.0
0802779174	5.0
1605980153	3.0
0778322637	4.0
1480095060	5.0
0380814331	4.0
0553576267	3.0
0062229338	3.0
0425259706	4.0
B005OMWXZE	4.0
1883768179	5.0
0984067655	5.0
1420104462	2.0
0671568833	-Infinity
1853676942	4.0
0312349491	4.0
0062100033	5.0
0385342063	4.0
1466276584	3.0
1615725334	5.0
0373892292	3.0
B008MOYWZA	4.0
0061783196	4.0
B008EN5RNK	4.0
0312383355	2.0
0345531760	4.0
0312253079	2.0
0312349483	5.0
0451206444	5.0
0062100025	2.0
1605047066	3.0
1609074602	5.0
1416594922	3.0
0061030007	1.0
0373774397	10.337965536409115
0425209504	Infinity
0761461280	5.0
0143123238	2.0
0446610852	5.0
0505527529	3.0
1426211643	4.0
1250050367	4.0
B00HMS0PO4	3.0
0373777434	3.0
0425265684	2.5
0843952792	4.0
0307278409	4.0
0380815583	3.0
0470949546	5.0
0062019309	5.0
0441011675	NaN
0373835760	5.0
0451467302	4.0
1495358429	5.0
0061962163	5.0
0345505492	3.0
1622532414	5.0
0380771586	5.0
0425211819	5.0
0345460030	4.0
0312306326	4.0
0425265676	4.0
B00KTK56P0	5.0
067179938X	4.0
1455575305	2.0
0374527229	5.0
1609285972	2.0
0373773080	2.0
0399153063	4.0
0671743791	4.0
1416520368	5.0
1939775035	4.0
042518630X	4.0
1939173655	3.0
081097052X	4.0
0393048446	5.0
0345517393	1.0
0425226050	4.0
0345505476	3.0
0385338724	4.0
0515147621	1.0
0007622872	5.0
0061138142	5.0
1492803618	4.0
1406330345	4.0
1402268408	4.0
042525237X	4.0
0425195260	4.0
0425218422	4.0
0061922951	1.0
0345436369	3.0
B0093P2C9K	5.0
1304698882	4.0
0425219755	-Infinity
044021596X	2.0
B005U81SCQ	5.0
0553270184	2.0
1416531009	2.0
B00DFFLCZO	4.0
149099856X	3.0
0373753497	2.0
1442408928	4.0
1497596130	4.0
0373774354	4.0
0345534743	1.0
1482747634	2.0
0060972408	5.0
0440235537	3.5
B003BIGFSE	5.0
0671744224	5.0
0061350990	3.0
0373289936	3.5
0470470674	5.0
1935661957	4.0
0142180653	5.0
0671744216	5.0
B00BFCUU52	4.0
0060081651	5.0
0778321258	2.0
0374299269	4.0
0373774346	4.0
0758232012	4.0
B006Z0HT3K	4.0
1469994542	1.0
0671744208	3.0
0743453484	Infinity
0440244498	3.5
0312939701	3.0
1466408715	4.0
0373124457	2.0
0739419692	5.0
148109372X	4.0
0821772392	3.0
1482083582	4.0
0739429019	4.0
8393552915	4.0
B00AK2D9I8	3.0
0451207815	5.0
0451236343	2.0
0062118196	2.5
B00II6JZB8	4.0
0440235510	4.666666666666667
050552094X	4.0
0380810719	Infinity
B00CLIHGEC	4.0
0060081635	5.0
0984927220	4.0
161581079X	5.0
0380016974	4.0
0451236335	3.0
0451204794	5.0
1460939700	4.0
006075995X	4.0
B00BL77PKO	4.0
1575667983	2.0
1439155828	4.0
0373124481	2.0
0152063846	3.0
0263880591	3.0
B00HS4GFE6	5.0
B00D5X6JA4	3.0
1622530659	5.0
1741797357	4.0
006211817X	5.0
0307480585	4.0
0446613061	3.0
034552277X	3.0
0515134368	3.0
0743453468	-Infinity
0142408565	3.0
0060772913	-Infinity
0340128771	5.0
1493726641	3.0
1416550518	-Infinity
0441005845	5.0
037570485X	5.0
1741797306	2.0
0151015392	5.0
1455522880	4.0
B00KGB5EZO	5.0
0767916921	3.0
0985059176	4.0
0373776985	5.0
0553581686	4.0
034553476X	4.0
1452662673	5.0
0316666009	5.0
0099513021	2.0
1499651864	5.0
0758203594	5.0
1494735520	5.0
0425230996	4.0
0754054446	4.0
1447218426	4.0
0062026488	4.0
0060002077	4.0
B005133JG8	5.0
0373295723	3.0
0385336179	4.0
0671023578	4.0
075828540X	5.0
1741797322	3.0
1495250393	1.0
0451402863	4.0
0061373648	4.0
0505524430	4.0
B00BB3KD0W	4.0
031604461X	2.0
0515133086	4.0
0385337477	3.5
0061147931	4.0
0800732111	4.0
0778312372	4.0
B00IASS83A	5.0
1466396210	4.0
0312332688	5.0
1447778804	2.0
1484037200	2.0
0374380864	1.0
0304366595	3.0
0060002050	2.0
1442352965	5.0
0425232719	5.0
0312360738	3.0
0373774338	4.0
B00BND1UTS	5.0
1479269670	3.0
0312949111	3.0
0373772572	Infinity
B009R6K49A	3.0
0743296230	3.0
0615910661	2.0
B0092GV6JM	5.0
0060732067	5.0
0312265867	5.0
0373295774	4.0
B00DFFIKT0	4.0
0505524457	3.5
1489535799	4.0
0062299271	4.0
1442427299	4.0
0380761319	-Infinity
0062328220	5.0
097779556X	3.0
159486232X	4.0
0446572985	5.0
0988434431	4.0
148001589X	5.0
006156284X	3.0
006219951X	4.0
0062268112	4.0
0451141571	3.0
1456399489	4.0
B00CHTJKCG	2.0
B00A2DWGU2	5.0
082176828X	3.0
0312656262	1.0
1402743416	5.0
0307381757	4.0
0451225600	4.0
0373076746	1.0
0615649297	4.0
0743442725	4.0
0060724013	3.0
0758207921	3.0
0380807157	4.0
0062118110	4.0
1442358238	3.0
1601548680	5.0
0312674945	5.0
0812971000	5.0
0062322907	3.5
0345484053	3.0
1455508594	5.0
1477662391	4.0
0307960498	5.0
0373771274	5.0
0330339036	4.0
0062280678	3.0
B00BQMOGKQ	5.0
0316735094	2.0
1479209139	4.0
0380807149	4.5
0312265859	NaN
B004MMEIHI	3.0
1455508586	5.0
B00CYHVI1W	5.0
1481083538	5.0
B0088Q23F8	4.0
0712349197	3.0
B00ASPY0G2	5.0
0373293127	2.0
1482785919	5.0
0380761327	5.0
1477125345	4.0
0758204272	3.0
031253275X	2.0
0143120646	5.0
B00C0JGXE6	4.0
0307263703	5.0
0141040343	5.0
0553571907	3.0
0062089099	2.0
0821778080	4.0
B00BUV24DE	3.0
0060564482	4.0
0425226999	4.0
0385339151	4.0
B005GHDV0I	4.0
0373771436	4.0
0399149392	4.0
B00IECEZ4I	4.0
0758204280	4.0
1575668017	2.0
0451118537	5.0
0618304002	3.0
0316690619	4.0
0758217595	4.0
0061706477	2.0
0060837144	3.0
0425194833	4.0
0062089080	5.0
1439195862	3.0
146798759X	3.0
0312348649	3.5
0758210965	5.0
1402758901	5.0
0312979983	4.333333333333333
0451219201	2.0
0553583913	5.0
0060505249	4.0
193332077X	4.0
1413310508	5.0
B00GG5JE7I	5.0
042514237X	3.0
099173274X	4.0
0312939094	4.0
031603780X	3.0
0140286373	4.0
0345443586	NaN
0385318235	4.0
0312979975	5.0
1935048910	3.0
042519485X	3.5
0373775830	2.0
0553474324	4.0
0451224604	2.0
0060774746	5.0
0821770101	4.0
1933580097	1.0
0778316211	4.0
1495489345	5.0
B00F2I2H5Q	5.0
0385339143	3.0
1569475415	3.0
034544356X	Infinity
0345443578	3.0
0060584068	NaN
1416576754	5.0
B00BSY78VQ	4.0
0373293720	2.0
0060774738	3.0
B002KFD0V4	5.0
B00AQ37IXS	4.0
B008MICZ8M	5.0
0380896931	4.0
1483949273	5.0
0060564474	3.0
0984014101	5.0
1939263077	3.0
B003ODI79Q	3.0
0758205562	3.0
0425263908	2.0
0316602051	3.0
0316133272	4.0
0525947132	3.0
1551667290	2.0
0061284882	1.0
0505522438	4.0
B004YTMP1U	4.0
0778328201	4.0
1406337609	2.0
0312303785	4.0
B00HW7B3Q4	5.0
044658293X	4.0
0380820056	3.0
1601546076	5.0
052595077X	4.0
B0089MXR6K	2.0
0316001821	4.5
B00DNJCRYW	5.0
1420118781	4.0
1921829524	5.0
B00C50WRDQ	5.0
0373772750	1.0
1455502529	5.0
0312381220	3.0
B004SIRLPW	4.0
0380786443	2.0
0062020153	1.0
1118117522	4.0
0345433351	5.0
0061083917	2.0
0062049801	-Infinity
0553385607	5.0
0739458213	1.0
0062242466	4.0
0399166734	4.0
1481053639	4.0
038533916X	4.5
1935171984	3.0
0425246582	3.0
038531826X	4.0
0345534093	4.0
0061235059	2.0
0425263916	5.0
0380785129	4.0
1575668033	3.5
1435243862	3.0
1482375591	5.0
B00F2I2GXY	5.0
B00BIUFNN0	4.0
0345518853	3.5
0380819082	3.0
0263848086	1.0
0345500652	4.0
B008EDUPNW	4.0
0440201845	5.0
0312605390	5.0
067161455X	3.0
1466354267	4.0
B00FJLKZFU	4.0
B00DXKHIIQ	5.0
0671786466	3.0
B00BFQAQ0C	4.5
B00901ACSA	4.0
0446614262	4.0
0375870415	5.0
0553584391	3.0
0440241057	5.0
B0085CBWUC	4.0
1463762070	5.0
1416501592	4.0
1742202845	4.0
B00EBRUBBG	5.0
076793055X	2.0
1594744637	4.0
0451229444	3.5
0758220367	5.0
0446614254	3.0
0440241065	2.0
0061935085	5.0
0061964417	4.0
0451218752	3.5
B005JPBBRM	4.0
0553583077	3.5
0143170090	3.0
B00CIFTZPG	4.0
B007XRXD16	2.0
0451229452	4.0
0451468279	4.0
0758220375	4.0
0758265247	4.0
0553296043	5.0
1935171941	5.0
0060847344	4.0
0440225825	4.0
1442485701	4.0
B0088I4F48	3.0
0312939930	4.0
0425210545	1.0
1575668076	4.0
1492809438	4.0
0446616885	2.2193634922570418
193873338X	5.0
1476734615	3.0
0312605382	4.0
0141309814	2.0
1480239186	5.0
1479156558	5.0
0316219223	3.0
0449205118	4.0
0345518896	5.0
0446406945	1.5
B00HQLB72Q	4.0
193649342X	5.0
0515120448	4.0
0061965766	-Infinity
0758212763	3.0
0446527289	5.0
1625010087	5.0
0440241049	4.0
0373210574	4.0
0385310366	4.0
0099406136	3.0
0743264916	1.0
B003TFEPKE	4.0
B00FGX6C5S	4.0
1613332645	4.0
0425144941	5.0
0758265220	4.0
0425243451	4.0
1420128965	2.0
0373777590	5.0
1484062043	3.0
B003SX0Y20	4.0
0451207203	5.0
0380807939	1.0
B00ECUG9TA	2.0
0373210582	5.0
0373790554	4.0
149492885X	4.5
1466220678	4.5
0385338708	3.5
1461035244	4.0
1935192809	4.0
0446616869	4.0
0373440049	5.0
0060096195	5.0
B008RQFJEQ	5.0
077832298X	4.0
0778321665	5.0
B00ICAUB22	4.0
0263858278	5.0
0062501860	4.0
0804119317	5.0
B00K4FJPTS	5.0
0312631669	5.0
0307351548	3.0
0802120202	4.0
1475079710	4.0
0380776243	5.0
0263804453	2.0
0446540277	5.0
0307956555	5.0
1553654005	3.0
034553719X	5.0
0380815575	3.2930477134606266
0425242145	3.0
0060881305	4.0
0312386982	4.0
0804119309	4.0
0446611158	3.0
044661114X	5.0
044657449X	2.0
0307351556	5.0
1442344989	3.0
0451406869	5.0
B00BOTU4AW	4.0
0446540285	5.0
B0073M7498	5.0
0312931166	2.0
0446347604	4.0
0425268764	5.0
1495440907	5.0
145169346X	5.0
0062297600	4.0
1619211327	3.0
0316176486	5.0
0312946163	3.0
0989707350	4.0
0062273639	4.0
0380818507	4.0
1460902114	4.0
0440235219	5.0
1402264372	5.0
0821777548	4.0
0451407377	4.0
1420123238	4.0
0449002462	5.0
B00F942XHA	2.0
0312976801	5.0
0345447182	4.0
B00CWEQ0F6	5.0
1416544364	3.0
075640505X	3.0
1451693486	4.5
0989814726	4.0
0802798225	5.0
1624670962	3.0
0060799242	3.0
0762791535	5.0
0449002470	4.5
1937733114	3.0
0449006832	5.0
B00B10AVJ8	3.0
0380820803	4.0
0843952202	1.0
0061438561	4.0
0684826739	5.0
0380820846	4.0
1484872444	5.0
0060781920	1.5
0399157786	5.0
0373077599	5.0
0758201222	4.0
0440236525	4.0
1781683239	2.0
0380820838	3.0
0385343191	5.0
038082082X	3.0
1565125037	3.0
0060790873	2.0
1478288639	5.0
B00AJUV7AI	4.0
1490531882	4.0
0373777558	2.0
1484809181	5.0
0061930210	4.0
0060781939	-Infinity
0425235947	3.0
0316211222	5.0
0062118021	4.0
0061690376	1.0
078671607X	4.0
0425217213	3.0
1466425180	4.0
0345542452	4.0
006057299X	3.0
1781846308	3.0
0515103969	5.0
0373777566	2.0
1482011131	5.0
B0096DXERS	4.0
147501080X	4.0
0061988405	5.0
1416567038	5.0
0553573721	3.0
0451416295	4.0
B00I2W0TFE	5.0
0843950455	4.0
141655503X	3.0
0142429112	3.3333333333333335
B00E7GOMMK	5.0
1598879251	3.0
0425264432	4.0
0060732105	3.5
0671601296	5.0
0307932540	2.0
042519406X	5.0
0060092661	2.0
0380820854	3.0
006196316X	1.0
B00IL9ZDH2	3.0
B00B9126F6	4.0
1455598992	3.0
0743442237	4.0
0060819367	3.0
B00IHPAOTM	5.0
0615753140	4.5
0061555819	4.333333333333333
0393324362	3.0
0425209644	3.5
B00A27ZALU	4.0
1599983907	4.0
0972437762	4.0
0060092653	2.0
0758283954	5.0
082177008X	5.0
0821770098	4.0
1476746532	5.0
0671525751	2.0
1601548710	4.0
0671520059	1.0
0843948167	4.0
0062118072	3.0
0449006840	4.5
1478288671	4.0
1611189837	4.0
1416532668	2.0
1453688013	5.0
B0082PXOQM	5.0
0449911810	4.0
B0061FZM7E	4.0
1402268726	4.0
0985428732	5.0
0373124120	3.0
1477808000	3.0
082177445X	5.0
0425251136	5.0
0060572973	5.0
B00IDWEJ40	4.0
0060092645	3.3333333333333335
B00D45018E	4.0
0312362153	5.0
0060572965	4.0
1580087329	5.0
0345447174	4.0
B004NNVKC2	3.0
0440245443	4.0
0373773102	3.0
B00ATRJWT4	5.0
B00CR3YTQY	5.0
0345506871	2.0
140632132X	4.0
B00H0UT892	2.0
1470124327	5.0
0373292341	3.0
1456414143	4.0
0380808307	3.0
B00H0UT88I	2.0
B00C2RVQWA	4.0
0373774427	2.0
0373120567	2.0
0547576722	3.0
0060749822	5.0
0380820897	3.0
0312358997	3.0
1616952636	4.0
B00CIAD6UQ	4.5
0060502266	2.0
125000988X	4.0
0553283545	5.0
B007D9259K	5.0
0374529396	3.0
0758204329	Infinity
0062069403	3.0
B000MAH73Q	2.0
0373802307	4.0
0373742827	4.0
0061706515	4.0
0060757434	5.0
B00AN75O60	5.0
0553575538	3.0
B00ID8MAJU	5.0
0440226325	4.0
0544035011	2.0
1483932346	3.0
0380762595	0.0
0307712842	5.0
1426700563	4.0
0451209001	5.0
0373218400	3.0
0470189142	3.0
B00H0UT86K	2.0
0345505514	4.0
0385338686	3.0
0451219279	4.0
0380762587	3.5
0061340634	-Infinity
B008FRCI8W	4.0
1490371788	4.0
8129119668	4.0
1573221937	3.0
B00IM7EUU4	4.0
0345523318	2.0
1469241943	4.0
0980217571	5.0
0446619124	3.0
B004MDLXMU	4.0
1416551514	2.5
0425206556	3.0
0440226309	4.5
B009HIJ00W	5.0
B00ID8MAFY	5.0
0446579246	5.0
0446609781	5.0
0307272583	4.0
0758205600	3.0
148104950X	4.0
0061783501	3.0
0761154124	5.0
0679777431	5.0
155410663X	3.0
0060842555	5.0
0312288867	3.0
0142001821	4.0
0451232232	2.0
B00GV1C4FQ	4.0
0061657719	5.0
0060526203	4.0
0743477723	3.0
1423119568	4.0
0297863924	3.0
0380810662	4.0
0451138066	2.0
031234872X	3.0
0312203039	4.0
0440226317	5.0
0373771371	4.5
B00CUEGU4E	4.0
1622530152	5.0
B00LCN233G	4.0
0547341539	2.0
0307272591	5.0
B00JUTD3L0	5.0
0312284497	5.0
006178480X	5.0
0060526211	3.0
0743477715	-Infinity
B004TNIXYY	4.0
0743477707	4.5
0553584405	3.0
0802779956	5.0
0345456947	3.0
0983677123	4.0
0062049895	4.0
044023655X	4.666666666666667
0758205627	4.0
0439981409	5.0
0345362861	5.0
0553272837	4.0
0380775832	3.0
B00BAXG0GO	5.0
B005IMCYVI	5.0
0671036564	3.0
0451526686	4.0
147502763X	3.0
0380004259	3.0
0345455622	4.0
0312983115	5.0
038077013X	4.0
1551669080	Infinity
0761461981	3.0
0062089064	1.0
0062049879	4.0
B006RYC7VS	4.0
0983388407	4.0
B00CYKHQW4	4.0
0991967011	5.0
B00ER275ZA	4.0
1603136177	5.0
0991841107	1.0
0989465004	5.0
0440202353	3.0
0440234808	3.5
0758205481	2.0
0553590308	3.0
1475104464	5.0
B00AA5CJ0Y	2.0
0312278586	4.0
1938101006	5.0
1476744920	4.0
1938701844	4.0
1460934636	5.0
0465067611	5.0
0425158624	2.0
0553578650	1.0
147522186X	4.0
0373293828	2.0
0373775911	4.0
0399151575	3.0
B008Y4LPXA	4.0
0440234816	4.0
0061733954	3.0
B00HNFSBKG	2.0
1482753332	4.0
1938101014	4.0
0316210919	2.0
1105791564	4.0
0062279874	4.0
1442421762	1.0
1481980726	3.5
1551667126	5.0
0758204175	4.0
0765329646	3.0
0451220110	4.0
1563334984	4.0
0764207555	3.0
0857662295	1.0
0451204077	2.0
0312989431	5.0
0061950726	4.0
0446600342	4.0
B004ZUTFUM	3.0
0843959541	3.0
0007136838	2.0
B00D0MMUEO	4.0
0758207212	3.0
0758229461	1.0
0399152881	5.0
0451233441	2.0
0312531540	1.0
B005IQZCB8	1.0
1413306357	3.0
143915614X	4.0
0345526546	4.0
0843959533	4.0
0758204191	3.0
0312954786	3.0
0843952083	4.0
B00DV1ISZO	4.0
0988380838	5.0
1624076378	4.0
0373769202	4.0
0425181685	1.0
0373811063	3.0
1573446637	2.0
0547808984	4.0
0451228022	5.0
B00DPYKE3Q	5.0
B007OWG93Y	4.0
B00J4Z61T6	4.0
B00CC68G8S	4.0
B0061SNX1I	3.0
1402263805	5.0
0991379632	5.0
0060508205	2.0
B003NX7BT4	4.0
0062219340	3.0
B007JZT5A0	3.0
0312973071	3.0
0307984702	3.0
B005HMO7LY	1.0
0425233383	4.0
0446559865	3.0
0451222725	3.6666666666666665
0451464877	4.0
0061878200	4.0
0778329429	3.0
B00EVAV70W	4.0
0312368356	4.0
0553588044	4.0
0312428596	4.0
0385315090	5.0
1936493578	4.0
030758836X	3.5
0373292538	3.0
0425156877	3.0
0615771106	3.0
1416580948	3.0
B00AT0RN9W	3.0
1575668165	3.0
B005AJQW9Y	5.0
B00CCHSRPE	4.0
0553589377	3.0
0062021362	4.0
1611749182	4.0
1442157216	5.0
0451219120	4.0
0385537522	2.0
0060514086	4.0
0553589385	4.5
0062207393	2.0
0425272966	4.0
0763660094	4.0
0061703257	2.0
B00FCY77DC	5.0
0451153820	3.0
1476744904	3.0
0345543912	3.0
1466422777	4.0
0062059963	1.5
0758231741	5.0
1419969927	5.0
0385333757	3.0
067103409X	5.0
0385344406	3.0
B0032J0IMG	2.0
0441019420	4.0
0062267884	3.5
B005FIN9YG	3.0
0312853238	4.0
B00FMX4D9O	5.0
0373292554	3.0
0062004808	4.0
147506649X	4.0
1419956620	4.0
1118546458	5.0
B00BWHJQBO	5.0
1455524018	3.0
0061012890	3.0
0983953678	5.0
0425257304	4.0
0441019455	4.0
0786963719	4.0
1579127843	4.0
0515133620	5.0
0345543939	3.5
0141188405	5.0
0312934327	5.0
B0033UV8HI	3.0
0399152024	4.0
0062021354	3.0
1416580956	2.0
0751549207	4.0
0373775083	1.0
042527294X	4.0
0062059939	5.0
B00CVNRWUA	5.0
0312934335	5.0
1479321206	3.0
0385336810	4.0
0440241162	4.0
0756405017	5.0
044619123X	1.0
0553576062	3.0
B00925R6M4	5.0
0843948000	3.5
1480299561	3.0
1477848932	2.0
1467976970	5.0
0803738897	4.0
0679738568	5.0
B009H516LG	1.0
1478357576	4.5
0380776162	4.166666666666667
0380776170	3.5620118712902222
0446519790	3.0
0425233367	3.0
0373130821	1.0
0061128619	4.0
1456725203	4.0
0345450892	4.0
0385336829	4.0
1457514508	4.0
0060578114	5.0
1250014409	5.0
0394510321	4.0
B009M7GC72	3.0
1455513326	4.0
0345500733	3.0
0547429339	5.0
0380797097	2.0
B00HRK2SJM	4.0
1420118803	1.0
B00G19GW8S	5.0
0380811073	3.857142857142857
0982607865	4.0
B0058PIWXY	2.5
0446604771	3.5
0061474843	1.0
0060513640	1.0
1623700035	4.0
1938789040	4.0
B00EOA5NK4	3.0
B0050C91EO	5.0
1599982633	3.0
B00A41URVM	5.0
0061031127	5.0
0312931271	3.0
0385729332	4.0
0756405041	5.0
1478392762	4.0
0316457825	4.0
0385335555	2.0
0756405025	5.0
1420118811	3.0
0141331860	5.0
0141337168	5.0
1558324070	4.0
B00A4WG1FC	4.0
0743410599	5.0
067168387X	3.0
0451418980	5.0
0061733997	5.0
B003370JSK	5.0
0060843098	5.0
0380871556	3.0
0756405033	5.0
1492384097	4.0
0380811065	4.333333333333333
1608198111	3.0
1481211935	3.0
0440117402	4.0
0399152059	4.0
1565126297	3.0
B003LSSPCS	3.0
0062077880	4.0
0451226259	3.0
1484984684	4.0
1480568880	4.0
0141008903	5.0
0440241111	4.0
1936493527	5.0
0061438456	2.0
0373775075	4.0
0062115758	5.0
1551668440	3.0
014241493X	4.0
0553578677	4.0
0380811081	3.575440211761998
B00696M11K	5.0
0786238534	4.0
0307388921	4.0
1478209828	2.0
0060597291	1.0
0060843071	1.0
0688035116	1.0
1477584196	2.0
1938789075	4.0
0446552372	3.0
0312610637	3.0
1466243430	5.0
0007102658	4.0
0061178047	4.0
0373302258	4.0
1558324089	5.0
0553578669	1.0
162501015X	4.0
0312872380	-Infinity
0373127227	2.5
0425212408	3.0
006000181X	3.0
0373775008	4.0
0312354665	2.0
1476732027	3.0
0307267989	4.0
1402297181	4.0
0985589981	4.5
B0047GNEDS	5.0
0020443005	4.0
0061128570	1.0
1423377028	4.0
B00ECNT9AS	5.0
0802716237	2.0
B0063WQRTW	4.0
0983797870	5.0
0373777671	5.0
0151010765	2.0
B00BSCEJCE	5.0
B00D2WM3SA	3.0
0373775016	4.0
0985129646	4.0
1440565457	4.0
1490904034	4.0
0061783412	3.0
1416547517	3.0
1420103733	5.0
0743410556	5.0
0615535186	3.0
0312980191	4.0
1482781336	4.0
0373211082	3.0
0847841294	5.0
0547237464	5.0
0380815346	5.0
0761105271	5.0
1250009901	5.0
0983031800	2.0
0553093525	3.0
1492793639	4.0
B008HACQHU	5.0
0295987901	4.0
0451225007	5.0
098558999X	5.0
0345497538	4.0
0743467426	5.0
0373595980	NaN
0425216020	1.0
081120118X	5.0
B00DSOV3QK	3.0
0312976909	3.0
0316166308	4.0
B00A5JDY1I	4.0
1612351204	5.0
1470044706	5.0
1490498834	5.0
B009AMY2TE	4.0
0061231452	3.0
0061252379	2.0
B00GPSA6YG	4.0
0060513659	4.25
1402289561	4.0
0373834691	4.0
B00BCX93MU	4.0
0451202317	3.0
B00GVLPMI2	3.0
B00APRA5CG	1.0
1626490376	2.0
0557364639	4.0
0446618551	3.0
1477818359	4.0
B00GETW0LI	5.0
0451216954	4.4
0061128589	2.0
044022201X	2.0
055358457X	4.0
1451667264	5.0
0985917202	5.0
0380755289	4.0
0312653832	4.0
0425228061	1.0
1492781673	5.0
0425244946	5.0
B009HKY0FA	5.0
0385340850	3.0
162649035X	4.0
0345437055	5.0
0060820489	1.0
1476755590	5.0
0451237889	4.0
030728090X	3.0
B00AAU7AEE	4.0
0671011324	NaN
1609089464	4.0
1419950509	3.5
147819247X	5.0
1477430229	4.0
000617471X	3.0
1402289502	5.0
148230810X	5.0
0425251233	5.0
1419966081	3.0
1426212704	4.0
0671011332	4.5
1481073915	4.0
0910627061	2.0
0380899825	4.0
0545597587	2.0
B00BL5VCO6	5.0
0615707386	4.0
B004774YPO	2.0
1479372749	4.0
149351055X	4.0
0425217396	3.0
0062072900	2.0
1616504277	4.0
0345520351	2.0
1250014468	5.0
0778320189	2.0
1579623336	4.0
0778315606	4.0
0515101222	4.0
031255415X	5.0
0553588974	4.0
0821778706	3.0
1481026704	4.0
0425216047	4.0
0061247820	3.0
0373297327	1.0
1455503053	5.0
0440244234	5.0
044900127X	2.0
B00ALUF3QK	5.0
B000WCWV30	4.0
1466397314	4.0
1938545133	4.0
B00IFTJ4WI	5.0
B00G663DQA	5.0
161309910X	4.0
B00C3JDUJ4	4.0
0440217512	4.0
B00GU7XWKC	5.0
0987593110	3.0
0985817003	5.0
B0099AQHAY	4.0
0440237122	4.666666666666667
0062072927	3.0
0312674724	5.0
0060197528	2.75
0062224735	5.0
0425240541	4.0
0312949383	4.666666666666667
B00DL2W83G	3.0
031284879X	5.0
0425214249	3.0
141652715X	4.0
0373129033	1.0
031298328X	2.0
1416527168	3.0
1781845166	4.0
1402287763	4.0
0316603570	4.0
038070322X	3.0
B009KUNT90	2.0
B006VIOZ1A	3.0
3791350625	4.0
0312368437	3.0
0440237130	4.5
B00H4GC7PY	4.0
0373292457	2.0
1432793578	3.0
1623750326	4.0
0743478967	3.0
0006514006	4.0
0373774559	4.0
1935048724	4.0
0062110837	5.0
0330441299	4.0
038082079X	3.3333333333333335
0345510119	2.0
0451204905	5.0
1484117549	4.0
1583147721	2.0
B00E82DQKW	4.0
0316206849	4.0
B009W0M29Q	4.0
B00AJD3GF4	5.0
B00FK12ZU2	3.0
1420132245	3.0
0345535405	Infinity
0553385593	5.0
0553582798	4.0
0446525537	4.0
0385343914	3.0
0060560029	4.0
0985589930	5.0
0312987633	2.0
0761451625	5.0
0141039280	3.0
038077139X	4.0
B0086POZZW	3.0
193332080X	5.0
0446364800	4.0
0399152806	1.0
0425203581	3.0
1432759671	4.0
1620612380	4.0
1493632906	4.0
0374324956	3.0
1594489858	4.0
B0080ZG6D2	4.0
0451466667	4.0
B00DOAYJKA	5.0
0312984596	4.0
B009OH2U8U	5.0
0007386648	5.0
0380775735	3.0
1419955349	1.0
1612185983	2.0
1416527141	4.0
1490490973	5.0
014241980X	3.0
0670025534	3.0
B00JZWI90C	4.0
B00E64KWOU	4.0
1907332782	2.0
B008K9DP14	5.0
0778314332	4.0
0060852003	4.0
0505524228	4.0
0896893561	5.0
0263842002	1.0
0425188361	2.0
1616503815	4.0
0060527420	2.0
0312975643	1.0
B009EB50ME	5.0
0345803485	5.0
1936558408	4.0
1416507507	2.0
1937044335	5.0
1573449652	3.0
1400019354	5.0
0758290179	4.0
0060541741	3.6666666666666665
0373716699	5.0
1461133483	4.0
031639954X	2.0
1455820067	3.0
0345534131	4.0
0060091290	3.0
1482687313	3.0
0440222079	1.0
0972822585	4.0
0373389892	5.0
0553584537	4.0
0451225856	5.0
0345534115	4.0
1481258672	4.0
0451411528	3.5
0767924789	3.0
014240652X	5.0
1484815149	2.0
B0099GXQYS	4.0
006621274X	2.0
0671034014	4.0
0373294212	4.0
0505525577	5.0
0765354519	2.0
0747264872	3.0
0451198646	3.5
0316693863	4.0
