1451685173	5.0
0758204272	2.0
B004EEOOVY	1.0
0141040343	5.0
0062231316	5.0
0385333609	4.0
B00F5GM656	1.0
B00AAQ3PHO	2.9999999999999996
0989163377	2.0
0307276902	1.0
0515130990	5.0
0425227960	3.0000000000000004
0312556608	1.0
1630350168	1.0
B00563EYAS	2.0
1494723026	3.0000000000000004
037377818X	2.9999999999999996
0988707489	2.0
1939049008	5.0
0451222776	2.0
1439152802	5.0
1612130976	2.9999999999999996
1612176933	4.0
0977468208	5.0
0061246263	3.0000000000000004
0062021281	3.0000000000000004
1481207474	2.0
0373483023	5.0
0062240129	5.0
1605041211	5.0
1940095123	3.0000000000000004
149915352X	4.0
1480219851	2.9999999999999996
B0044DEGIQ	5.0
0425203972	5.0
0061684317	2.0
B00JRF172Y	5.0
1492784370	5.0
B009X3PQMW	2.0
0062033018	2.9999999999999996
B00KJIC510	5.0
0345501551	2.0
B0041KLDWY	5.0
B0074B82DU	1.0
1482069822	2.9999999999999996
B00A13UOVG	1.0
1596060247	4.0
0099282917	5.0
0345490231	5.0
0374379912	5.0
149423355X	5.0
0062047779	5.0
0061339261	3.0000000000000004
1416576754	5.0
1455886289	2.0
0312954786	3.0000000000000004
0307341569	4.0
0060507365	5.0
0743496124	2.0
0373769202	5.0
1451639236	5.0
B00FH1X40K	5.0
0307351246	5.0
0982175590	2.0
0425224376	5.0
B004J4VVTM	5.0
0345500202	5.0
1402263805	3.0
B00CQ6P9OI	5.0
0142409065	5.0
1465414118	5.0
0425215415	2.0
0446579653	3.0
0980181208	3.0000000000000004
0373767277	5.0
0062021273	4.0
1482788330	5.0
037376944X	5.0
1937007588	5.0
0060758287	2.0
1482617412	5.0
0061672394	1.0
030758836X	4.0
B00F942W8K	4.0
0515151386	2.0
B005SIUUJU	5.0
0451219368	3.8779011099899092
0380808080	3.0000000000000004
B00A9GHS8C	5.0
034547953X	4.0
1490994718	5.0
0399155961	3.0000000000000004
0425250970	5.0
0988264242	5.0
0451232410	3.0000000000000004
038081790X	5.0
1477848207	4.0
0425272966	5.0
0425246108	5.0
1599982137	2.0
B00H951UZI	3.0
0307960307	5.0
0061340294	5.0
037312936X	5.0
B00AY6Y02O	4.0
1456539213	1.0
0061852058	5.0
0060796677	2.0
0778316254	5.0
037376958X	5.0
1612185339	5.0
0425246116	5.0
1419952269	4.0
B00AMIH8Y6	4.0
0451229029	2.0
0373717954	5.0
1605040150	5.0
0061240869	4.0
B00HS6NJNO	5.0
1482088495	3.0
B00GMQ45C0	5.0
0380802317	3.0000000000000004
0743226844	5.0
067161455X	4.0
037376975X	5.0
0380795817	5.0
B0078G41BS	1.0
1419950010	2.0
B00EMZQ5GC	5.0
0440244323	5.0
1495490394	5.0
1843606143	3.0000000000000004
0345497961	3.0
0345537009	5.0
0515131679	5.0
B009Q78PQO	1.0
1599988151	5.0
0425255115	5.0
1461057205	4.0
B00EBRUBBG	4.0
098577181X	5.0
1419951114	5.0
B00B73H3K4	4.0
141995279X	1.0
148956893X	1.0
0804165742	2.0
0515117269	2.0
0061965626	1.0
0785149600	5.0
1479334677	2.9999999999999996
0373881355	4.0
1401920012	2.0
B0042JTAC4	5.0
0373130716	3.0000000000000004
B00FABMQ74	3.0000000000000004
0803499272	5.0
0425259862	2.9999999999999996
1596323892	5.0
1441312501	5.0
0373732104	5.0
1455512125	5.0
0312950950	5.0
1416591605	5.0
B00BW3AYB4	4.0
042525092X	4.0
B002G1ZTCU	1.0
1480544353	5.0
074343787X	3.0000000000000004
0425210545	5.0
0380776170	4.0
0425259854	5.0
B00DQB8IWM	2.0
1169280773	5.0
0061491039	2.0
B009KAM766	5.0
0345517318	3.0
1440721726	2.0
0062019015	3.0000000000000004
1419950045	5.0
1416503609	5.0
1455527602	5.0
0373769601	5.000000000000001
0380805871	2.0
0061241105	5.0
0425018091	1.0
1402266006	5.0
1416503617	5.0
B0044DF0YK	5.0
0061234923	4.434283452098178
037313083X	5.0
1493680552	4.0
0345519515	5.0
0380713632	5.0
1586088998	2.0
B009Y13QXE	5.0
0060843098	1.0
B00ADT1Q1K	5.0
B008JBJSL4	2.0
0345480104	2.0
B00AO738LC	4.0
0061234915	5.0
B00DH52R5G	1.0
1442363479	5.0
1633500004	5.0
0440234700	5.0
0451406621	2.9999999999999996
B00BFWI9BY	4.188344268622154
0061547808	3.0000000000000004
B00KCE12J2	5.0
0758200978	3.0000000000000004
B00IFV9B7O	5.0
0060548932	5.0
1468161660	4.0
0312949804	4.0
0758232209	2.0
1497471729	5.0
1599983508	1.0
1478261595	2.9999999999999996
0380815575	2.0
B00IT03ZNM	1.0
1477811494	2.0
1492706558	3.0000000000000004
0425213617	4.0
0352341483	1.0
0345506243	5.0
1476740496	3.0000000000000004
B00GY34GUM	2.0
0758211872	5.0
0786256192	5.0
1419951572	3.0000000000000004
B00BNFYKL6	3.0000000000000004
075821474X	5.0
B00C7HG9KY	1.0
1591845114	5.0
1939559111	2.0
B00AP2VVVK	5.0
1455876712	2.9999999999999996
006223885X	4.0
0345527291	4.0
0312169345	2.0
B00B43LBKA	2.9999999999999996
1476730091	4.0
B00F0ZKG4K	1.0
0061689246	5.0
0062031899	4.0
B009ABTDSU	4.0
0451224388	2.9999999999999996
0062021737	3.0000000000000004
0142426040	5.0
0385335350	2.0
1420110055	5.0
141995041X	3.0000000000000004
0553386387	4.0
0449000176	5.0
0060763035	3.0000000000000004
1940695082	4.0
0425238199	4.808501683501683
1497412218	5.0
0385327943	2.9999999999999996
1439175470	2.9999999999999996
0373131089	3.0000000000000004
0451211286	2.9999999999999996
1599989891	2.0
1250015596	5.0
0451469402	4.0
0061252379	1.0
0807101508	5.0
B00EFPNV2K	2.9999999999999996
0312534140	1.0
1469982781	2.0
0425217213	4.0
0373768745	5.0
0515132020	5.0
0451200381	4.0
147824738X	1.0
051513225X	2.0
0515124648	4.0
0425240177	5.0
0425265455	4.0
0778313999	4.0
1493784870	4.0
1419955195	1.0
B00AS4CET8	2.9999999999999996
0345494369	5.0
0803739095	5.0
B00HL2MGPM	2.0
1456463462	2.9999999999999996
0758223544	4.0
1620152096	5.0
037373168X	4.571919489445263
B00AFYBXEI	4.0
0425199401	5.0
0802121020	5.0
0743291298	4.0
0345494377	4.0
1620877120	1.0
0380385880	3.0000000000000004
0758223552	4.0
0380782308	3.0000000000000004
0425209644	2.0
0972437762	2.0
B00GU6BGZG	1.0
0373285477	5.0
0373731329	5.000000000000001
B00FAT9HD2	5.0
0425251020	5.0
B0097KHY30	2.9999999999999996
0380781433	5.0
0671735845	1.0
B007Z4WSOK	1.0
0778313530	2.9999999999999996
0671735608	5.0
1599989697	5.0
B00KMEELLS	5.0
1627981888	5.0
1416510877	5.0
0758269404	4.0
B00EASKOKO	5.0
0641934173	2.9999999999999996
B005AKZ9YC	2.0
1593155549	5.0
0345278372	5.0
1402278632	2.9999999999999996
0312373392	5.0
B00CZE3WAO	5.0
0062068539	5.0
0425251136	4.0
160154457X	3.0000000000000004
0758225504	1.0
B00AKXO2B0	1.0
B00ICSLTX4	4.0
1599982943	5.0
0373731566	5.0
B00KEFN9W2	5.0
1475119054	5.0
1494775093	5.0
0062223895	5.0
0373534760	5.0
0671737848	5.0
0553592440	5.0
B006N52WVQ	2.9999999999999996
B00BZPLGVG	5.0
0312567464	5.0
0983524092	5.0
0373776985	4.0
034545345X	2.0
B00814M37U	4.494199535962877
1416509879	4.122098890010091
1451542569	4.0
0062231294	4.0
0060734574	3.0000000000000004
0061351504	4.0
0062223879	4.505212510024057
0758217633	2.0
0425263770	4.144281914893617
0061233005	5.0
0061684287	4.629705681040383
0615533256	3.0000000000000004
0345536983	5.0
1401301614	2.0
0988269732	4.496628322094406
0141439769	1.0
1606010042	3.0000000000000004
B00B2M3NSG	1.0
B00BGU7ZII	1.0
0373862288	5.0
1419955047	5.0
1416532862	3.0000000000000004
1419956272	2.0
B00CLIPENM	2.0
0380899361	3.0000000000000004
1469241943	2.0
0446619124	5.0
0425232719	3.0000000000000004
0312605935	1.0
0380005255	1.0
0061118443	5.0
0991309650	5.0
0060732067	4.0
B00A3KLD5S	4.0
0755347803	5.0
1419955349	2.0
0451232232	4.0
0345545354	5.0
1612184774	1.0
0060882298	1.0
1482015560	2.9999999999999996
1451684436	4.0
1416547037	4.0
0765330423	2.9999999999999996
0300089236	5.0
1452664935	5.0
1419953060	3.0000000000000004
0991686004	3.0000000000000004
0312275420	1.0
0758281021	2.0
1477817441	2.0
B00H9JHWJM	2.9999999999999996
B008XQSX8E	2.9999999999999996
0399149325	1.0
B008WHUQYS	4.0
B000SN6IOQ	5.0
B00K31DCD8	5.0
0446618489	5.0
0373766904	5.0
1419695088	1.0
0380812983	4.999999999999999
0373774524	3.0000000000000004
0373773676	3.0000000000000004
0671039717	5.0
006056251X	4.0
0486411249	5.0
0812993241	3.0000000000000004
006029809X	5.0
0316332208	5.0
038077352X	5.0
0062049879	5.0
1494358220	5.0
1939194520	2.0
0425227693	3.0000000000000004
