0316929190	4.0
1579654347	5.0
0967089735	5.0
0813916984	5.0
0399152431	5.0
0393058263	4.0
0842333916	4.0
0525953728	5.0
0679759409	1.0
0307730093	5.0
1938701283	1.0
0553502689	5.0
157120086X	5.0
B002UKOLLM	3.0
0399256512	2.0
0471784621	5.0
0802119042	3.0
0316069434	2.0
0399156585	4.501838235294117
141654786X	5.0
1571202250	5.0
0767904656	3.0
1466397292	1.0
0143105930	3.0
0763625949	5.0
073932229X	1.0
0375500898	5.0
0452296528	3.0
0718158970	4.0
B00E5P0W4U	3.0000000000000004
1612540414	3.0
1449316646	1.0
0738209945	2.0
B0034G66YG	3.0000000000000004
006058081X	5.0
0425252035	5.0
0060927623	5.0
0452279755	4.0
0307452360	5.0
0887071562	5.0
0061558230	4.0
0986842222	2.0
0399159843	3.0000000000000004
1561452165	5.0
0879512369	5.0
0679600507	5.0
0307377296	4.0
0060957875	1.0
0684849267	4.0
1574329057	5.0
B000CQK05C	5.0
0875423248	3.0
1613430442	2.0
0765324083	4.0
0465041914	2.0
0767915410	4.0
0143034758	5.0
0881505811	5.000000000000001
067152836X	3.0
0394528360	4.904478897502154
0307704254	2.0
0763613827	5.0
0977261107	5.0
0671741241	5.0
0935907076	2.0
0439136350	5.0
0684808528	5.0
0199239185	3.0
0765324091	2.0
0399165274	4.0
B00HVLQERY	2.0
B005COO1X6	3.0000000000000004
0330444085	5.0
0141034262	5.0
0374531943	4.0
0307594033	1.0
055327094X	5.0
1451501013	2.0
0811824497	5.0
1884592333	5.0
0767903145	5.0
0855329173	5.0
0312965680	5.0
1592406017	5.0
1479132411	3.0
033044123X	5.0
0671447548	4.0
0316023744	5.0
1414319703	4.0
037543190X	5.0
0871401622	3.0
0062049143	1.0
0696233940	4.0
0802132839	5.0
1592171575	5.0
1455134767	1.0
0394499735	3.0
1939065070	1.0
078688214X	3.0
0684853744	4.0
0802116000	1.0
0307743926	4.0
0312060270	3.0000000000000004
082542982X	5.0
1481927663	1.0
0739332414	5.0
013702018X	1.0
0385359594	4.0
030758836X	1.0
0449912558	4.0
1574327348	5.0
B00IDGU05S	3.0
0446530999	2.5424764019988895
0688162193	2.0
0671688014	3.0000000000000004
091488123X	5.0
1607057468	5.0
0060188243	5.0
0984825630	5.0
0316055433	3.0
0375405445	4.0
0974470619	5.0
0307749584	1.0
1933064250	5.0
1876175699	1.0
0262540428	5.0
0312119151	5.0
0141034599	3.0
0062548743	5.0
0895262479	5.0
0143038915	4.0
0739359339	5.0
009956064X	2.0
0842355707	5.0
0399157212	2.0
0060817089	4.0
0451403878	5.0
0192880519	5.0
0984825614	5.0
0375414819	3.0
1451674333	2.0
1478220570	3.0
0385420536	5.0
0763612588	5.0
0976154706	5.0
0895261499	5.0
1935096818	5.0
1440538921	5.0
1880158353	5.0
0743245911	5.0
0465003109	4.0
0071753575	3.0
0099464462	2.0
1605294705	4.0
0684865238	2.0
157120167X	5.0
0801013186	3.0
0451418433	5.0
0553295772	4.0
093766054X	5.0
0976154714	5.0
0399153357	5.0
0393045358	2.0
0374505845	3.0
0393064778	5.0
0028610105	4.588310854206808
0895862255	2.0
0395869323	5.0
1560231858	3.0
0871139456	5.0
0877849919	5.0
0743225732	3.0000000000000004
044630557X	4.0
1439153027	5.0
1574329367	5.0
1451641974	5.0
0618226168	5.0
1564772020	5.0
0061094048	3.0000000000000004
0316017922	1.0
0789450739	5.0
1455807567	5.0
0007447868	4.0
0374215146	5.000000000000001
1480441945	5.0
0330412701	4.0
1933909757	1.0
0684810549	5.0
0805056866	5.0
1741795273	3.0
157432859X	4.0
0529064634	1.0
0609808672	4.0
038553292X	5.0
1935961144	2.0
1933515015	4.0
068984509X	4.0
1433502399	5.0
0312291191	5.0
074327511X	4.0
0743226836	3.0000000000000004
0307353486	5.0
0684856999	4.0
0415235243	1.0
0801064694	5.0
0375713255	3.0107079119571685
0143144006	5.000000000000001
039308163X	3.0
0739327577	1.0
0807825085	4.0
B00H146VT2	3.0
0375866507	1.0
0151446474	4.0
0786720972	2.0
0375414339	5.0
0399132414	2.0
0307959473	1.0
0805074600	4.0
0316496596	5.0
0312354584	4.0
0671456547	5.0
0743572203	5.0
0345410092	1.0
0140431403	3.0
0099533243	2.0
0316014516	5.0
0848728254	1.0
0892729406	5.0
0801984963	5.0
1416537619	3.0000000000000004
1591852919	5.0
0060825413	2.0
0671536818	5.0
0375509038	3.0000000000000004
157120296X	5.0
0750922923	4.0
0671534513	4.89695985147366
1447259297	4.0
0375500464	1.0
0061091847	2.0
1557880557	3.0
046508138X	2.0
0764141295	2.0
037540256X	3.0
0756404738	5.0
160809006X	3.0
0805069569	5.0
0060925531	2.0
1845978315	1.0
0143038540	4.0
1451620691	2.0
1452102120	5.0
0679444904	3.0
0395855128	4.0
1564776425	5.0
1586404571	3.0
0553268929	4.0
0671648799	4.0
141659275X	1.0
0743211936	3.0
0465008267	4.0
0471078646	5.0
0399145761	4.0
0486296148	5.0
1599183579	2.0
0066213711	4.0
0983741735	3.0
0385340559	5.0
1455549657	2.0
1940026032	1.0
0099429799	4.0
0553714430	3.0000000000000004
085720873X	4.0
0981943675	4.0
0395707528	2.0
0195054652	3.0
0805098542	2.0
0715327135	5.0
1934709476	4.0
1564777987	5.0
B00DNPQP5I	2.0
0743228375	3.0000000000000004
B004SAZQPW	1.0
0434291838	4.0
044657788X	3.0
0691120560	1.0
0142003344	2.0
0446573051	5.0
0399154221	5.0
0517193345	1.0
0801011418	5.0
0140119906	2.0
1940026016	3.0
0446353957	3.0
0385512198	4.0
0596006772	5.0
0061558265	3.0
1400034183	5.0
0345432401	2.0
0739304038	1.0
1586481843	5.0
0394485289	2.0
0393066185	4.0
1574329146	5.0
0316228532	2.0
0679756868	5.000000000000001
