0778315339	3.0
1439102767	5.0
0764221760	5.0
039915731X	5.0
0399147888	5.0
161218202X	4.0
0307876705	4.0
0778314243	5.0
0615597424	5.0
0385413041	4.0
1891830643	4.0
0751548502	4.0
0802722806	4.0
0310708257	4.0
0374532281	4.0
1570764727	5.0
0062020889	4.0
0890425566	4.0
0743206045	5.0
1592335217	5.0
1611097169	4.0
0451219457	4.0
0316097446	4.0
0385523386	4.5
B00CW7UFVI	5.0
0764227971	4.0
0316186619	5.0
1891830627	5.0
141654786X	4.5
0982514581	5.0
140007343X	5.0
1469218208	5.0
0316210919	4.0
0385344074	5.0
0307475255	5.0
0061257079	5.0
1439153663	4.5
B001L5U5QC	5.0
031237917X	5.0
0312379188	4.0
1439102740	2.8333333333333335
0425195279	4.0
1426742568	5.0
0062064487	5.0
037543318X	5.0
0886777100	5.0
0143124544	5.0
0061132179	4.0
0545044251	5.0
0061950726	5.0
0446532452	4.0
0984634207	4.0
0974767018	5.0
0375708731	4.0
0670024783	5.0
1612184790	5.0
0786860766	4.0
0544104404	5.0
1477807357	5.0
1626812799	4.0
1455520640	5.0
0307948196	5.0
0743250400	5.0
193351552X	5.0
0761135952	5.0
0446520802	5.0
0671631985	4.0
0373002211	5.0
0547745001	5.0
B00B0Q8ZEG	4.0
1565124871	5.0
0743260686	5.0
B002ZVPSOU	5.0
1455121924	4.5
0373777205	5.0
1442369671	5.0
0385523211	5.0
0061124966	5.0
B00I12X4N4	5.0
014028334X	5.0
1477808698	5.0
1611099536	4.5
0307381463	4.0
0143113879	5.0
B005HAPWM4	5.0
0805079882	5.0
0778315010	5.0
1477847146	5.0
0547934874	5.0
0425251241	5.0
1456463462	5.0
0307712508	4.5
0399164456	5.0
0986602892	5.0
0375813675	5.0
1480588032	5.0
0373754078	5.0
0199988714	5.0
0671447548	5.0
0345505336	5.0
B00G3GNUXO	4.0
193781503X	5.0
0345521307	4.0
0983952418	4.0
0099561840	4.0
1595147586	5.0
B0049B2FOU	5.0
1583480722	5.0
0465019625	4.0
1467931128	4.0
0595407706	5.0
0449012751	4.0
1620871017	5.0
1461085977	5.0
0983398062	5.0
031621082X	5.0
0385359594	5.0
1118086864	4.0
161213128X	5.0
0061710253	5.0
030758836X	4.75
0385743114	5.0
0345803507	4.0
0375844031	5.0
0141012692	4.0
0552776823	5.0
0446604232	4.0
148125619X	5.0
B00JA3EY96	5.0
0758209827	5.0
1402267185	5.0
1442366109	4.0
0373002238	4.0
0312554184	4.0
0316055433	5.0
0743296419	5.0
1476744106	4.0
0989148912	4.0
B00GQQPU4I	5.0
1475222440	4.0
0307749584	5.0
0786269669	5.0
0957091907	4.0
0778329313	5.0
1493670115	4.0
0425246582	5.0
0399534601	5.0
0983398038	5.0
0393037010	5.0
0425263916	5.0
0345533666	2.4571428571428577
0345526112	5.0
0778316939	5.0
0007391595	5.0
0985008660	5.0
0785229213	5.0
0312560168	5.0
1612184367	4.0
0985657464	5.0
0385743130	5.0
0547053649	5.0
1555532640	5.0
0743412710	5.0
0399255370	5.0
1477663096	5.0
0373753977	5.0
1590526163	5.0
0758212739	5.0
1451539029	5.0
1477820140	4.0
1466338342	4.0
1481898388	4.0
0451147367	5.0
1451659725	5.0
030726999X	4.0
1492832111	5.0
B00L3HL8VO	5.0
0399159347	5.0
146815737X	5.0
0805091297	5.0
0970461429	5.0
0307939650	5.0
1419618474	5.0
0399160450	5.0
0140295933	4.0
B006MFGGK0	5.0
1476744084	5.0
140160482X	5.0
1612186009	5.0
0307943232	4.0
0762751355	5.0
0658004123	5.0
1571896406	5.0
148956893X	5.0
098788641X	5.0
0062107313	5.0
098831620X	5.0
044630557X	5.0
B005KV26MY	4.0
0307953033	4.0
1442346272	5.0
0446547573	5.0
0380708353	5.0
0982630700	5.0
0762772824	5.0
0515131229	4.0
1495209105	5.0
1401310443	5.0
1616268484	5.0
0425259862	5.0
0753453061	5.0
0393037061	5.0
0307464873	5.0
1494716461	5.0
0986602876	5.0
1482996367	4.0
B008470FME	5.0
1481948997	5.0
0983952450	4.0
0446401269	5.0
0399159207	4.5
0307749649	5.0
038553292X	5.0
B00BTN2DSY	4.0
0307346609	4.0
0446573094	5.0
1463600682	4.0
0060923091	5.0
1442485280	5.0
0141039280	5.0
0061930059	4.0
0741436205	5.0
1455508667	5.0
0061963070	5.0
B00C79AQA6	5.0
0545265355	4.0
078523103X	5.0
193408137X	5.0
1455527203	4.0
0062041282	5.0
0099474123	5.0
1452605165	5.0
0439023513	5.0
B009ZKMN74	5.0
1475181221	5.0
0670026611	4.0
0439023483	5.0
1481009222	5.0
0099519852	5.0
039915678X	2.75
146379438X	4.0
1479145211	5.0
0007386648	5.0
1469283174	4.0
1402282729	5.0
1612184774	4.0
B00JU20E2S	5.0
1469955989	5.0
031230434X	5.0
0060878061	5.0
1426211562	5.0
1626523258	4.0
0140196013	5.0
1492931578	5.0
147780885X	4.0
0451172817	4.0
0099453193	4.0
0385341679	5.0
B005CDXXY0	5.0
0307962695	4.0
0434020362	5.0
1935597329	5.0
0312427654	5.0
0812977793	4.0
B004W9NCT6	4.0
1612186963	5.0
034553946X	4.0
1479143707	5.0
0373754000	5.0
0330517783	4.0
0060734019	5.0
B00HND26OA	5.0
0340837632	5.0
0778313379	5.0
1442362383	5.0
0300191073	4.0
0684841371	5.0
1936558521	5.0
0307273571	5.0
0763663077	5.0
1620611198	4.0
1439138656	5.0
0399158278	4.0
0983952493	5.0
1599792966	5.0
0142004677	5.0
0375831002	5.0
1434342913	5.0
0307275639	5.0
034554241X	5.0
160169024X	4.0
1480008907	4.0
B00G60USJQ	5.0
031609983X	3.0
0385341652	5.0
1609619366	5.0
0740771116	5.0
1499646704	5.0
0307360814	5.0
0060927933	5.0
0821229036	5.0
0778313271	5.0
1444729721	5.0
1442359315	4.0
0060885599	4.0
0307454355	5.0
