140591422X	4.0
1455548987	5.0
B00C1LUIOY	5.0
0615586090	3.0
B00B7RYBWI	3.0
B00LPXF82G	5.0
1480536466	4.999999999999999
1630350273	5.0
B0057CXAK8	5.0
0316077046	4.504566603480957
B007TP1FXK	4.0
1494931451	5.0
B00HY3MG26	5.0
1496139542	4.0
B00JSAM5SI	1.0
B00ETBPFWO	1.0
0988850974	5.0
1499752822	5.000000000000001
149481109X	2.5958400573785183
1455501409	4.0
0989247988	5.0
B00E6SGWY0	5.0
0615911684	3.0
0989246531	5.0
B00BP0EU9Q	5.0
1630350168	4.6934284505168975
B008A9MTCU	5.0
0989450252	5.0
1444775871	3.1378798436695243
1483918777	4.0
B004WSQCS0	4.71820809248555
1497305756	5.0
1938101014	4.0
1483920607	5.0
0425250865	4.0
B00HXQGS50	4.999999999999999
1492893900	5.0
1492908495	5.0
1468135406	5.0
0615589243	5.000000000000001
0007236360	4.0
0985817097	5.0
0989247953	5.0
0373861346	5.0
0984887873	2.0
B00E7XUGM8	5.0
0062278789	4.0
1463751249	5.0
0985512105	5.0
099173274X	5.0
1481997289	4.999999999999999
1630350060	4.5
B00BVSWX6Y	5.0
B006ISTWP2	5.0
1455521175	4.0
1482524759	4.0
149484172X	5.0
0373862202	4.0
B00L82ZVYE	5.0
B00GZ78NME	5.0
148188669X	4.0
B00EV6JP6E	4.0
B00GTVG7HE	5.0
B00H0V069M	5.0
B00HLGKU7E	5.0
1477805850	5.0
1477473971	5.0
1484028465	5.0
014219672X	4.0
B00F3J5QO8	5.0
B00EZV2GZW	5.0
0803499442	5.0
0373862326	1.0
1492828211	5.0
0425267083	4.0
1481280767	4.0
1499772785	4.0
0061257095	5.0
1630350192	5.0
1562477684	5.0
0989450236	5.0
B009NVQZAG	5.0
1484818571	5.0
1496015703	5.0
B00AND5YIM	3.0
B00586XP5S	4.999999999999999
0615572839	5.0
1476730601	2.0
B00IXBT0RW	4.0
B005LSCSMO	4.0
B00ABNZSRQ	5.0
B00CM0D5VC	4.0
B00JYFSW0W	5.0
B00CUSSKUM	4.0
0425263908	4.402041808458921
B00AV07RAK	4.999999999999999
B00GBIYX8A	4.0
B005PMYTNC	2.0
1455578363	5.0
1482692163	5.0
061578139X	5.0
1455599182	5.0
0425247538	4.0
B00CO8HFA4	5.0
1610342283	4.0
0991379632	5.0
0425269205	1.0
0989269833	4.999999999999999
0991841174	5.0
1630350125	4.5
0758221819	5.0
1402284853	5.0
1940883172	5.0
B00KQLQJWG	5.0
B00LH9NI0C	5.0
1933615214	5.0
B00CUW431I	5.0
B00B6N9A4M	5.0
B00GU3Q8V6	5.0
1937856429	4.0
0345803507	5.0
B00BLMHY8M	5.0
B00DIIKF10	5.0
B00ENHU966	5.000000000000001
1416580948	5.0
B00CXU8HCI	4.0
061579615X	4.678399289700659
1611097452	5.0
0425263924	3.345637737577284
B00K2I13ME	2.0
1477817506	4.999999999999999
0446547638	5.0
1482367955	5.0
0446612774	5.0
1444765507	4.0
1483966763	4.3391292717180505
B00HGI69EK	5.0
0345530608	4.0
0425267040	5.0
0615718949	3.0
0982589409	5.0
1481053639	4.999999999999999
B00IMU3SKO	5.0
1480125717	5.0
B00BSX4U04	4.999999999999999
0957496168	5.0
0425263916	5.0
147522253X	5.0
1484076249	5.0
1476727228	3.0
0786019328	5.0
1444766708	4.621656544773226
0758259298	1.0
B00BUKRALG	5.0
1481984071	4.999999999999999
1455578347	5.0
1481859242	5.0
B00A354CWY	3.0
B00FK9D792	4.0
0373861281	5.0
0615764924	4.0
B005MJFYQY	3.0
B00KF0URBM	3.0
006251721X	5.0
0615793908	5.0
B00BY5QXDS	5.0
B002D48NBO	4.0
1492371289	5.0
1494724693	5.0
1477575650	3.0
B008Z76FC2	4.0
1250058236	5.0
0373862253	5.0
B00F1IFK6A	4.999999999999999
0399127151	4.0
148261376X	4.857808857808857
1493653369	4.0
B00ASZSWSO	4.0
B00I2CPY4U	5.0
B00JALHAEE	5.0
B00DQ6VI60	5.0
0451228219	4.0
0615461344	4.0
061576567X	5.000000000000001
0778316149	5.0
1495307352	5.0
1467997331	4.999999999999999
B00HB9W6NM	5.0
1631420038	4.0
B00I5NJ0B4	5.0
B00H95FPCM	2.0
B00I1OJRV0	5.0
B00IQ8ZMLK	5.0
0312628269	5.0
B00E86ENEQ	5.0
146109111X	5.0
0849922070	5.0
B00C00C29K	5.0
0985088877	5.0
B00D2KJA7Y	4.999999999999999
1939769213	4.0
B00KCX0UUU	5.0
B00J0KYFSO	5.0
1492899291	5.0
149033274X	5.0
B00LFVNJG0	5.0
1452668663	4.0
1482709333	5.0
B009PGK63Q	5.0
0547386087	4.0
0380708353	4.0
0373126212	5.0
B0035N1V66	4.0
1936305380	5.0
0615599583	5.0
0451419618	4.0
1461072514	5.0
1495423786	5.0
B00B5XDXPA	3.518812246403541
0980106699	5.0
1940887038	4.0
0778316173	5.0
0060011327	4.0
1477822577	5.0
B00AA0Q0J0	5.0
1481976303	5.0
B00AOP07O0	5.0
006230240X	4.0
B00IL4SVDA	5.0
0373732104	5.0
0991379659	4.0
0141326085	4.504566603480957
0615645208	5.0
1484968042	2.0
0425153789	5.0
B007PPJOGO	4.999999999999999
1420837486	5.0
B00CCVVKMW	5.0
B004GKMYDG	4.0
B00DNPQSPK	5.0
B00K0PNVEC	5.0
1468185527	5.0
1466266732	5.0
B007UC0YWA	4.999999999999999
1461054397	4.999999999999999
147674355X	5.0
0545265355	4.0
B00KXKDSCE	5.0
0345333322	5.0
0763639125	5.0
B00JCJAK96	5.0
0316040932	4.0
149292699X	5.0
0991379667	5.0
0061230871	5.0
0060009241	5.0
1492311677	5.0
1484053699	5.0
B009NO1BUW	4.0
1476731535	5.0
1482615878	4.999999999999999
1481907662	5.0
0989104400	4.0
B00K9ZLUB4	4.0
B00BL6CDCA	5.0
0989450201	5.000000000000001
0615733808	5.0
0615729665	5.0
1938789040	5.0
0980106680	5.0
B00IFCLO7I	5.0
149539090X	5.0
1476718202	5.0
B00AWGC492	5.0
B00AV36MWG	5.0
B00K1I4O3A	5.0
1482659468	5.0
B008I5Q0X0	5.0
B00IQ8CN7Q	2.0
B00BI420CS	4.0
0451419707	5.0
0615694403	4.0
1494794357	4.0
B00IGAFDUI	5.0
B00KM89PAG	5.0
B00G3A9SQ8	5.0
B00DT5FHGA	4.0
1492886181	4.47447739426349
B00CPSGLEE	5.0
0373733003	5.0
1492889571	4.0
B00LAPR22I	5.0
075825881X	4.0
1476755604	5.0
149032495X	5.0
B003RWS5Q4	4.0
1936305062	5.0
0615557945	4.0
0373534264	5.0
0373861303	5.0
1482009536	4.999999999999999
0988301318	4.020050458106493
1481934902	4.999999999999999
1481242873	5.0
B006QYVKG2	4.0
0980106664	5.0
1481087207	4.0
1494751534	5.0
B00KSN92GW	5.0
B00BTIDXVU	4.999999999999999
0380780615	4.0
B004NSVQ6M	5.0
1606596330	5.0
B00L2SHKC0	5.0
0615860826	4.168702466005993
0821760912	4.999999999999999
B00JBV3PNS	5.0
0373091435	5.0
0615826814	5.0
1480207217	4.999999999999999
1938789075	5.0
1456721283	5.0
B00DPZEXYG	4.0
1499646704	5.0
B00BTIDW4S	4.999999999999999
B00B09ZD3Y	5.0
061589285X	5.0
0451414365	4.0
1482628961	4.633954244280535
1495927857	5.0
1484854152	2.0
B00B7MIEMG	5.0
B005USIO78	4.0
1480568511	3.0
0373861680	5.0
B00C7Z1WWQ	4.0
0615769764	5.0
B00FJ8YT0U	5.0
1619211327	4.999999999999999
B00ICTMO14	5.0
B00HXXE5Q2	4.0
0451466225	5.0
149236522X	5.0
0316031844	5.0
1940041082	4.0
0615746764	5.0
0345545834	4.28499124002336
0399133232	5.0
B008KWR0YO	5.0
148264116X	5.0
1480568503	3.0
1477817492	5.0
B00L6ZBJZ8	5.0
0615860672	5.0
0143170104	5.0
B006CRHK62	3.000000000000001
B00DMTXGWU	4.999999999999999
1927036380	4.0
1490559175	4.999999999999999
1616587458	5.0
B006GOXIWG	5.0
B008RDC2QC	5.0
1470107163	5.0
0980106648	4.0
098010663X	5.0
1482781336	5.0
B00B88TWUM	5.0
0007163541	3.0
0989769704	5.0
B00HDP57TY	4.0
B00LBCWCNE	4.0
B00B8GHMEC	5.0
0980106613	5.0
B0096IX6NA	3.0
B009LXV3JO	4.0
0615827837	2.5095637864008205
1483948978	5.0
0143124544	5.0
1416509577	4.0
149295490X	4.0
B00CQWXPIE	4.0
0980106621	5.0
B00IBGMIAK	5.0
B00EVD47YC	5.0
B00KR1ODYQ	5.0
0786022019	5.0
0373860943	5.0
B00EPZUSYY	5.0
1938786688	4.0
1470100630	1.0
B00E5JAIP4	4.0
1492767891	5.0
0615801218	5.0
B00K2LXIKG	5.0
B00LYPZJ4M	5.0
1479370118	4.0
0373710836	4.0
148234873X	2.0
1939962315	4.53296907984602
B00I027XG4	5.0
1606597175	5.0
1494942801	2.0
B008AK1QKU	5.0
B00J9U9FXU	5.0
B009BII0XQ	5.0
147824738X	4.999999999999999
1494282011	5.0
1419959255	5.0
0615849601	5.0
0316097462	4.0
1449549101	4.0
B009Z12CFG	5.0
B00KNXM4D0	3.0
0373534566	5.0
0615964206	5.000000000000001
1482747634	4.999999999999999
096545696X	1.0
1489528865	5.0
B005BXU0BA	5.0
1466438789	4.999999999999999
0821778838	5.0
1481060953	4.999999999999999
B00L5O9V5K	5.0
1476741182	5.0
149124867X	5.0
0615859763	4.551951032899771
B00L0OKIT8	5.0
B00HL2MGPM	5.0
1476712980	5.0
006178320X	5.0
B00BFIQS5W	5.0
B008R9JFQ6	4.0
1476755590	4.999999999999999
1469926903	4.0
1492955949	5.0
1583144285	5.0
B00BSX46G2	4.0
1476754144	4.0
B0095JX7F2	4.999999999999999
B00KQ1Y1IA	4.0
B0083P0SN8	5.0
B00CZJT1T0	5.0
0373534795	4.0
149103517X	5.0
147500544X	5.0
149600082X	4.0
1480231487	3.0
B00HFWL6AY	3.0
1455576506	5.0
B0092BULCA	5.0
B009JUB3NU	5.0
1490906134	4.0
B007UI3OZI	4.0
B00J1SP9FI	4.0
B00J46T52U	4.0
B0053WROZY	4.0
B005C5YZ86	4.0
1472211243	5.0
0985711337	4.0
B00LD8K0KI	5.0
B00IJJXTOI	5.0
0615604242	5.000000000000001
0345545869	4.0
1480114065	5.0
0758214723	5.0
0615752179	5.0
B009JWLKEU	4.0
B00E2QS6SG	3.0
037373252X	5.0
0615985246	5.0
1623420768	5.0
B00DELZLWY	4.0
1492731552	4.0
1479207128	5.0
B00H4L2MHC	5.0
0553808036	5.0
0778313530	1.0
0373860617	5.0
1479372749	4.0
1416509887	4.0
B00IE4QU7Q	5.0
B006X09584	5.0
B00HC076OY	5.0
034552361X	4.0
098402087X	5.0
0312283679	5.0
1492904260	5.0
B00IBJ8AA4	5.0
0547236263	4.0
0758212313	5.0
B00I0JRT5M	4.0
0373534779	4.0
1481212079	3.434286857371474
0935039341	5.0
0615827500	4.198205697373289
B00KD31ILY	4.0
B009UD78MG	1.0
0553560506	4.0
B00EWLGRZK	5.0
1497585368	5.0
9769528781	4.0
0984020896	5.0
B00CBKR0KK	4.0
B009TU9M06	5.0
1492338141	4.0
1482678225	3.0
1442419954	5.0
B00J6MZPR6	5.0
0989769720	5.0
1479370312	5.0
1451635559	5.0
B006UZ70P2	5.0
B00APOV30W	5.0
B00FLKZG3A	5.0
1470077892	4.0
1596328231	5.0
1477817182	4.5
0615860788	5.0
1451533969	5.0
B00LKQNFVE	5.0
B00AR3GYAA	4.0
0989353699	5.0
1492784184	5.0
B001CN45ZA	3.0
1489578765	5.0
1463683618	2.0
0345544110	5.0
1481841009	5.0
1455578312	5.0
0988367939	5.0
1492827436	5.0
1481004379	5.0
B00KLRM1NQ	5.0
0985817003	5.0
B00ASP8HYS	5.0
B005O54AOI	4.999999999999999
B00CC6X8HC	5.0
1453876146	4.0
1495960390	5.0
0615827446	4.155967976710334
B007WRFXYC	5.0
B00I3RMEBU	5.0
1492788678	5.0
149617707X	5.0
B0086OEU4E	4.999999999999999
1492600970	5.0
B00F2TFH5W	4.0
1455599247	5.0
1481870912	4.999999999999999
148410630X	5.0
1484139011	5.0
0982529104	5.0
0373830106	5.0
1939786215	5.0
B008P4LJG2	5.0
0425265951	5.0
0446547573	4.0
0060874163	5.0
037377589X	4.0
0615910521	5.0
B00IOBXHES	5.0
1596912677	5.0
B00JD28AJ4	4.0
0615898637	5.0
006226768X	4.999999999999999
B002BXH62E	5.0
0988489112	5.0
098869512X	5.0
B00I4ZJAMC	5.0
B00E51MK76	5.0
0615838693	5.0
B00ITEMSQ8	2.6757831924415716
B004PYDI8S	5.0
0451238834	5.0
1941098126	5.0
B00I481HSO	5.0
0778328708	5.0
B007NBCCA0	5.0
0984020845	5.0
1490933646	5.0
B00HMNA48Q	5.0
0373862288	5.0
1492186775	5.0
0312945809	5.0
B00B0NH2ES	5.0
1478317450	5.0
1492318639	4.0
B00E9GQQ9K	5.0
0373534736	4.0
B00AALLKGM	5.0
0843953284	5.0
B00DI9WD3W	2.0
B00KA0AGJK	5.0
1491253002	5.0
0615729916	5.0
B00HDSBXP8	5.0
B0049P1NQ2	5.0
B00B1KZDNC	5.0
1484076168	5.0
0061582026	5.0
1612185932	3.0
B00AHEW69M	4.0
1499764529	5.0
0989306984	5.0
B008PT0LN4	5.0
1491291796	4.0
0373039549	4.999999999999999
B00BT0J8ZS	4.999999999999999
1480217840	5.0
1493780557	5.0
1496146239	5.0
1484842812	5.0
0615827551	2.0
0991342607	5.0
B00ASKQ0HY	4.0
1476735271	5.0
0373862296	5.0
0615794920	5.000000000000001
B00KDK0UBG	5.0
147000870X	5.0
B00A1CMHGC	4.999999999999999
149610692X	5.0
0615685242	5.0
B004V2SBLS	3.0
1492305413	5.0
B00HHWTZAK	5.0
0425272346	5.0
B005TLKZR8	4.999999999999999
B00BL3VD4M	5.0
B00B9KDXFO	5.0
1455599220	3.0
B009IV2Q3G	5.0
B00BE9T5TS	5.0
1499253761	4.0
061584166X	4.0
0615861326	4.643201420598681
1482015560	5.0
1500417483	5.0
0316043877	5.0
B00CL8S80I	5.0
1490424601	5.0
1460993012	5.0
1479325295	4.999999999999999
1440557373	5.0
1490401822	4.999999999999999
0373775717	5.0
0778314332	5.0
0615816134	5.0
1630350087	4.730251609128146
1628780096	5.0
1609280806	5.0
031612351X	5.0
0803499949	5.0
0615804152	5.0
148485828X	4.0
1449974430	4.0
1489580654	2.65087890625
0615951198	4.531423290203328
B00IZKDURM	5.0
1482728834	5.0
B00DP5IBM6	1.0
1937334236	4.0
0615768334	5.0
0131392468	5.0
B00BD5OJP8	5.0
1495373959	5.0
1477665412	4.0
B00C53B0Q8	4.0
0316123536	5.0
B004MYFVJA	5.0
1481058134	4.999999999999999
0758227418	5.0
0578127725	5.0
B00KA6RPBQ	5.0
B00HX9QGUY	1.0
1490490639	5.0
B00LDD8NDO	5.0
B008GVC6SE	4.0
0692218211	5.0
B00HT73RHK	5.0
149043013X	5.0
0312974884	4.0
0373860900	4.0
1416293795	5.0
B00564R7QA	5.0
0992142202	5.0
1497382742	5.0
031609983X	5.0
B00LD6IYUS	5.0
B00JK5NB4S	4.531423290203328
B00C93JQOM	5.0
B00GNA1DFC	5.0
0985817038	5.0
B00I7B54H8	4.0
B00FBK17PQ	5.0
B00JALI67O	5.0
