1600571824	5.0
0545170931	3.0
0399529683	5.0
1611940486	5.0
1455548987	3.5
0375758771	5.0
1482636131	5.0
0142425990	4.0
0943151031	5.0
0028630238	4.0
0545169151	5.0
0142426040	5.0
0679734589	5.0
0982611919	5.0
0545275326	4.0
0307990745	5.0
0142402516	5.0
0307265439	5.0
B0063Y2OCE	5.0
0764222724	5.0
0385479565	2.0
B007LQD0QW	5.0
014131088X	5.0
0307010856	5.0
0312348649	5.0
1442402008	5.0
147000593X	2.0
0393039765	4.666666666666667
0143124544	4.0
0151008116	3.0
0446532452	4.0
B00EPF5LSW	5.0
1482373114	5.0
0446527793	5.0
0590135066	3.0
143910140X	5.0
3791337335	5.0
0679601392	5.0
8883701038	5.0
0736926437	5.0
0767905172	4.0
1439164681	5.0
0606238409	4.5
0060280778	4.0
0545169178	5.0
0446520802	4.0
0062015052	5.0
0452297397	5.0
0439136350	5.0
0943151163	5.0
067165960X	5.0
1402297866	5.0
1932855416	4.0
0062128450	5.0
0802723098	5.0
1613821263	5.0
0385489056	5.0
0393315630	5.0
B003JAH9XO	5.0
0785211578	5.0
0316213551	5.0
0425263908	5.0
1600613500	2.0
0263899403	4.0
0307712508	5.0
0471450510	5.0
1406337609	5.0
0985247843	5.0
1594486190	5.0
0785243038	5.0
0758235089	5.0
0399162704	5.0
0452284503	5.0
0062065246	4.0
1402725051	5.0
0515029025	5.0
B009CML5ZQ	5.0
0399162380	5.0
1439192316	4.0
030758836X	4.0
0375851569	5.0
1416997857	5.0
1477635084	5.0
B00E2V363G	4.0
1478295856	5.0
0312554184	5.0
0739458213	5.0
031232118X	5.0
0978924746	5.0
1442440759	5.0
0061992259	4.0
0671027344	2.375
1442467312	4.0
0989740633	4.0
1250039843	5.0
0099457156	5.0
0857521012	5.0
0743236718	5.0
0425263916	5.0
0064472272	3.0
0140265139	5.0
0061990612	5.0
1742757375	5.0
0345533429	5.0
038532328X	5.0
0988585901	5.0
0312554168	5.0
0141188936	4.6
1492369411	5.0
0310327652	5.0
0811845052	5.0
0316036919	5.0
1442402040	5.0
1940534186	5.0
0439064864	5.0
0140109277	5.0
1470077892	5.0
1416989439	5.0
0451413431	4.0
030795627X	5.0
0982618492	1.0
1934429236	5.0
1477848150	5.0
B00CB3R9VW	5.0
0743299426	5.0
1401943276	4.0
0143124722	4.0
0312428812	5.0
140632132X	5.0
0061097101	1.0
1591842913	4.0
030726999X	5.0
1423157370	5.0
1408852217	4.0
0399159347	5.0
0761166947	4.0
0439139597	5.0
0812974018	5.0
1442426705	5.0
0374332657	5.0
0446547565	4.0
0066620767	5.0
1401237053	4.0
B00AX1UJIO	4.0
B00BJ8INII	5.0
0062273248	4.0
0849922070	5.0
1493605852	4.0
037582233X	4.0
B005KV26MY	5.0
1595142401	3.0
0385335881	5.0
0446547573	4.8
0310708788	5.0
1936305380	5.0
1455574856	5.0
0375505849	5.0
1491510706	4.666666666666667
144235948X	4.0
0143170090	5.0
0141345713	5.0
1581153465	4.0
0062024035	4.0
0007444117	4.0
0609807900	5.0
0061969559	4.0
1601423489	5.0
0060083298	1.0
1629100048	4.0
0370332288	5.0
B00C1MZN5C	4.0
1416532862	3.0
0307271080	5.0
B008B11K04	5.0
B008QGJ1K0	5.0
1578202892	5.0
0557614341	4.0
0800787420	5.0
1590525868	5.0
1935961829	5.0
1469241943	4.0
0758235070	5.0
147674355X	4.333333333333333
1453816747	4.0
1484834518	4.0
0545265355	5.0
0732297656	4.0
0440407079	4.0
0849940931	4.0
0060730552	3.0
0020306652	5.0
014025997X	5.0
1439102724	4.0
B0076L9T94	5.0
B00BSVMRC4	4.0
1576832899	4.0
0760344647	5.0
014241557X	5.0
1416975888	5.0
0141321008	5.0
0671027638	4.0
1455502030	5.0
0385481969	5.0
0142423092	5.0
0446533645	5.0
1442365560	4.0
043920352X	5.0
0062024027	4.25
1466447648	5.0
1423121309	4.0
157344779X	4.0
0316563560	4.0
1600611613	4.0
0345803485	3.0
0914955365	4.0
1936305062	5.0
0689716826	5.0
0778314340	5.0
1481163493	5.0
0263873668	3.0
1442413336	4.0
1478262680	5.0
1455839906	4.0
0307594777	5.0
014242613X	4.0
0062292889	5.0
1483944336	4.0
0375831002	5.0
B008AEFMLU	4.0
1480153443	4.0
0375858245	5.0
044657788X	5.0
1492905763	5.0
0060098902	4.0
B00BEK6EJQ	5.0
0345803493	5.0
1600610196	4.0
B004C44556	5.0
0374214913	4.0
B0091ZR9SQ	2.0
0983360774	5.0
1416968237	5.0
0007442920	4.6
1479108634	5.0
1940534461	5.0
1475225660	5.0
0345528921	4.0
B00538TQ40	4.0
014241591X	4.0
