0425240827	3.353231782626595
1451620535	5.0
0765327449	5.0
0553590308	4.0
141697119X	1.0
0987192515	5.0
0446602671	2.0
0373210779	5.0
0099465825	1.0
0061579149	4.0
0345509064	5.0
0778313395	5.0
1497349206	5.0
0141040343	5.0
098315810X	3.0
B004YQCGLW	5.0
0800730801	5.0
1492863009	3.0
0615603629	5.0
0989713482	2.0
0385339151	4.0
B00F561SW8	3.0000000000000004
1606019031	1.0
1931847126	5.0
0763639311	5.0
B0056NUPXS	1.0
0385743564	4.0
0451463749	5.0
0345535227	3.0
0451118537	1.0
0380821109	1.0
0316205206	4.0
B005EOM1ZE	5.0
1582345643	1.0
1475057385	4.0
0758218567	2.0
1482694271	2.0
1492908495	1.0
1250001404	5.0
0425200132	5.0
1442421762	5.0
B00ELWBVW4	4.0
0553592610	5.0
1451639295	3.0
0425234169	4.0
1476751447	5.0
0671578200	5.0
1439123128	5.0
B004GEAMKE	5.0
B004XJ4PDW	4.0
B001892DG6	2.116873630387144
B00JKRGHQA	5.0
0451464621	5.0
B009JF5MO6	5.0
1451650051	5.0
B004N62M26	3.0
0061043583	4.0
0345481305	4.0
0553592866	4.0
037582541X	5.0
1250002826	2.0
0670024783	5.0
B009VPG0YU	4.0
1402270275	5.0
042519485X	4.0
B00LKSYSR2	5.0
0316205222	4.0
B00A95CVBW	5.0
0373775814	4.275787187839305
0515147184	2.4467397414277685
1481280767	1.0
0439136350	5.0
1937475697	4.0
B009NVQZAG	2.0
0440243629	3.0
0743439775	5.0
0794512852	4.0
0316001767	5.0
0470523972	3.0
0373774613	5.0
0345442121	4.0
0465021522	5.0
0553592874	4.0
1483949273	5.0
1608190021	5.0
0312975120	2.0
B00HTRX3CE	4.0
B00FKCFGUM	2.0
0345476255	4.0
1466398167	4.0
1603201696	5.0
0425181685	5.0
0425256138	5.0
0425263908	4.0
B00HRFJTGM	5.0
1622660005	5.0
087004124X	1.0
038079747X	1.0
0615647367	5.0
0451199448	5.0
B00LTUK68Q	5.0
B008IVT2MK	5.0
0803735049	5.0
0373291574	1.0
1455599182	4.0
0451232755	5.0
148276895X	5.0
B0081JU9ZS	4.0
B006IDG2I2	5.0
0451463307	5.0
0553581643	5.0
B009DNHHYM	4.0
0451465849	5.0
0765328747	4.0
0671578332	4.0
B00C5R7A9U	4.0
0425235440	5.0
1619630621	4.0
0451403657	5.0
0553588044	3.0
0758266960	5.0
0062127667	4.0
1455599050	4.6501364877161055
0373773706	3.0000000000000004
1439192316	5.0
1480134694	3.0
1572701498	4.0
0451233859	3.0
0451219368	5.0
0763606960	5.0
B004J1720M	4.0
0425168131	5.0
B00C0UFBFW	5.0
0425263924	3.15374677002584
0061230839	4.0
0615741932	5.0
1477817506	5.0
0300089503	5.0
1482568225	1.0
0425239810	5.0
0373803303	5.0
1480258296	5.0
1475004958	5.0
1481268503	5.0
1484016327	1.0
045146477X	4.0
0505523302	2.0
037584631X	4.611206159110351
0425246582	4.4582836710369484
0425263916	5.0
0615639534	3.0
0380808072	4.0
0062085530	5.0
0062267884	5.0
1455502995	3.0000000000000004
0746048149	5.0
0425270793	4.0
0373802447	5.0
0425246116	5.0
B006S3F8NW	5.0
0805094598	3.0
B000Q9J0CY	3.0000000000000004
1490389946	5.0
0553578820	2.0
1481028693	4.0
0373771541	1.0
1931847894	5.0
0312656742	5.0
1451649916	3.6250468691413573
0062133292	4.0
B005J1L41Y	5.0
1466354267	2.0
0441019455	5.0
1481916459	5.0
B005VKMSH2	4.0
0060762233	4.0
1402259859	5.0
0451230531	3.0000000000000004
0399158812	4.0
0425237818	5.0
0425212866	4.0
0316196126	4.0
0765348896	5.0
0452284023	2.0
1402270305	5.0
1250045630	5.0
1453812954	4.0
0691070571	4.0
0857206931	5.0
0312339658	3.0
1937007820	4.0
1461057205	5.0
0373771606	3.0000000000000004
0373130929	4.0
1605044091	3.0
B0067AHJ7Y	5.0
0373803192	5.0
1466342064	2.0
1439147973	4.0
B00K4OH2BW	1.0
145167290X	4.0
1491510706	5.0
0446556823	5.0
146113613X	4.0
0425259862	5.0
0553587552	5.0
0989104427	5.0
1419954512	5.0
0060892994	1.0
0425268330	4.0
B008TU97KC	4.0
1480275107	5.0
1402270674	5.0
0807021024	4.0
B00BKDLPBO	3.0000000000000004
0425191060	4.0
0425259854	5.0
1611098998	4.0
0425153789	5.0
0451417429	1.0
0615690106	2.0
0062085573	5.0
0316035467	5.0
1469984202	5.0
1250014409	5.0
0062127640	3.0
0345536061	3.0
144047169X	5.0
0545265355	5.0
0373773927	5.0
0312348223	5.0
0439023513	4.526290857413548
B00FA11TTU	5.0
B005TIGJA8	5.0
1463684347	4.0
0345532600	2.0
0380789337	3.0
054799219X	3.0
0345507002	4.0
0061474843	5.0
1601546912	5.0
0446531103	1.0
0451169514	5.0
1416975888	5.0
0451237013	4.0
0451239555	5.0
0061449121	4.0
0060531231	3.0
0446574473	3.0
0345537181	2.0
0425203956	5.0
B0073PRVSY	5.0
0821764020	1.0
0765334577	2.0
0380780755	3.0
0615470491	4.0
0991066308	5.0
0984590323	5.0
0446579939	1.0
0373210345	1.0
B008LX70HE	4.0
0141337168	5.0
0380789345	2.0264483627204033
0446611298	3.0000000000000004
B00ILYTK44	4.0
1482658372	5.0
0595434819	1.0
1475986203	5.0
0525945598	5.0
0316187747	5.0
047140053X	4.0
0802117058	3.0
B002L6M28O	4.0
B006OJRKAE	3.0
1453725776	4.0
B009F4LQUU	4.0
B008CJ2446	4.0
1574326538	5.0
1605984515	5.0
0615777856	2.0
067086966X	5.0
0821775146	5.0
1491065621	5.0
B005ZVQC4M	4.0
0060531258	5.0
0399156534	2.0
0811826023	5.0
0316187712	5.0
1479237140	4.0
0385343272	5.0
0062021877	4.0
0451229533	2.0
B008W37MPI	3.0
1468161660	5.0
B004C44OXO	4.0
0060597291	1.0
0373885628	3.0000000000000004
1489575529	3.0
B009IAMQIW	4.0
0373210329	5.0
0312106122	5.0
042516232X	5.0
0425243001	5.0
054522490X	5.0
1442436670	3.0000000000000004
0758268963	4.0
0399158820	2.0
0007442920	5.0
0306810719	2.0
0758208472	3.0
B00GQBQFCO	5.0
0062270486	4.0
0765331268	5.0
B008VULY0Q	4.0
1439189870	5.0
0425220419	2.0
1419960466	4.0
0451416090	5.0
0451205618	2.0
0375866566	5.0
0399157441	4.0
B00AMGOCHE	3.0
0399156240	3.0000000000000004
0312642970	5.0
B00CXRSLXG	5.0
0553111132	3.0
B008KWR0YO	3.0
038534743X	3.0000000000000004
0316003131	3.0
0451202473	5.0
0373775490	5.0
0451236599	4.0
0451236238	4.0
0373777434	2.36354961832061
0525953043	4.0
009947638X	4.0
0380016990	5.0
038534080X	4.0
0375421513	5.0
1611097843	4.0
0758281463	4.0
1416570632	4.0
B00C4VTIII	5.0
0316097446	5.0
1490559175	5.0
140883233X	3.0
1250029880	4.260157050187778
B00G626JKQ	5.0
0451237463	4.0
0380750864	5.0
0007337701	5.0
0312641893	5.0
158297294X	5.0
0449232328	1.0
1612186084	1.0
0756407133	4.0
0451230949	5.0
0425208893	3.0000000000000004
0373776578	4.0
0441008038	2.0
0451235290	4.0
B00F5FV6E4	4.0
B00HYQJPC2	5.0
0345385985	5.0
0399157786	5.0
1477603646	5.0
1401943098	3.0000000000000004
0743597923	4.0
0307277690	4.0
1469204932	4.0
1494740176	5.0
1451606931	1.0
0451229851	3.0
0842377506	5.0
B00ERKTG40	3.0
0062117181	5.0
1476722358	1.0
0062076108	4.999999999999999
031600314X	3.0
1492299413	5.0
B00H6TQE4E	1.0
0373777558	4.0
0778312771	4.0
0982628137	1.0
1607056348	5.0
0812570936	3.0
0515146897	4.0
0553586513	2.0
1620610078	5.0
B004W0C890	3.0
0425239195	4.0
0615437419	4.0
B00F12N2XO	4.0
B0037KMFJY	4.0
1420102982	3.0
0451216954	4.0
0062076116	4.0
B004RPZRMK	3.0000000000000004
149428006X	4.0
B005L5UOV4	5.0
0689848641	4.0
0451226518	5.0
038533513X	1.0
0345534506	5.0
006178320X	3.8357240437158477
B00K3WXIFE	5.0
B008HNAAES	4.0
030728090X	5.0
1620610116	5.0
0671744216	5.0
1439175780	5.0
0451197704	5.0
B009NKXAWS	5.0
0993700403	5.0
0142429112	3.0
0373777752	4.0
0671601296	5.0
159963273X	5.0
1410458792	5.0
143915385X	4.0
0778312550	5.0
0345535820	2.0
1476735603	4.0
1495472418	5.0
1480232327	5.0
B007D788ZW	4.0
B002GEDF14	3.0
0345522648	3.0000000000000004
1402244428	5.0
0061956996	3.0
0380818329	3.0
B009W313U2	1.0
B0030CML84	5.0
0553584367	5.0
1891776177	5.0
1935605070	5.0
0060595833	5.0
0345517199	4.0
1401341268	2.0
1606015532	4.0
B00CKUURA6	1.0
160844094X	3.0
0982432100	5.0
0425241696	1.0
0615731244	5.0
037377544X	4.0
1492115533	5.0
0515124206	2.0
1405258217	5.0
0451459520	2.0
1609284674	5.0
0312926421	2.0
1463609337	1.0
0312362153	3.0
0727881558	2.0
0373210051	4.0
0425210626	2.0
0425240134	5.0
0988771373	5.0
0615479456	5.0
0380783398	5.0
0373774311	4.0
0345335066	1.0
0425230740	5.0
0615609570	4.0
0373775407	2.0
0786704608	2.0
059522976X	5.0
067173783X	5.0
1937007014	5.0
0451231074	3.0
0778313433	5.0
1599984210	5.0
055357650X	3.0
034548309X	1.0
0425255808	4.0
1476736235	5.0
0425228533	3.0
0743264797	3.0
0425240541	2.3416094822208358
0060193166	4.0
0373776985	2.1379119217978437
0373772386	4.0
0446547565	3.0
0380725282	5.0
1555916295	5.0
0394725808	4.0
B008VVBMSE	5.0
069108940X	5.0
B00GIR54MI	4.0
B009QOG3U2	3.0
0758266928	4.0
1455599247	5.0
B007TGHDA8	2.0
1481870912	5.0
1481863398	3.0
0451174879	3.0
075820891X	2.0
0307949338	5.0
1491269871	5.0
0373774559	5.0
0395276284	5.0
1483931218	5.0
B007HQZ1HC	4.0
1623803535	5.0
1414310560	3.0
0345477448	3.0000000000000004
B00I48KN16	4.0
144235948X	1.0
0061583227	4.0
0425255700	5.0
1451674775	5.0
0316081051	4.0
B007JE1B1C	3.0000000000000004
0312942540	1.0
0786889284	5.0
0451464591	5.0
0751541184	5.0
0671034103	4.0
B002BX87E0	5.0
1475070306	4.0
0615920683	5.0
B00J3ZVZ2U	5.0
B00J7AFRFM	4.0
0380800829	5.0
0515149888	4.0
0671702513	1.0
0515148679	3.0000000000000004
0983731721	3.0000000000000004
0615729916	5.0
1490339973	5.0
0451452011	4.0
B007ATKWB6	5.0
0575097469	5.0
0671578391	4.0
0985258659	2.0
0759226466	4.0
1582432252	5.0
0345523318	4.0
0373294891	2.0
0451419057	5.0
1611297699	5.0
B0081G0D02	4.0
0425251217	5.0
1250020522	5.0
1605041041	4.0
1466299916	4.0
1442352965	5.0
0373774338	2.0
0821752960	3.0
0465070949	2.0
0451457951	5.0
006166751X	3.0
0439023483	5.0
0062003313	4.0
0140431403	4.0
B00ASWXWL4	5.0
0891419047	3.0
0142405418	5.0
0380751402	4.0
0380773554	3.0
B006G0C8X0	3.0000000000000004
1416505474	1.0
B0037BS2I6	3.0
0312553390	3.0
0881339210	5.0
B003VTZTUI	5.0
B00CGFEJ1I	4.0
000724794X	5.0
1480234478	5.0
0373831366	5.0
0439023491	5.0
1620610094	5.0
1451671598	2.666
0385498179	4.0
B00CDYOO8A	5.0
0061583219	4.0
B007WYPJ8A	4.0
0380820692	4.0
1479318760	3.0
0451232488	5.0
0515140775	2.0
0345521277	1.0
0756402204	2.0
0345506936	5.0
1455511641	5.0
1453860959	1.0
0061667528	4.0
0312546610	2.0
1439172773	5.0
0062248731	2.0
0062082310	5.0
1406330396	5.0
0451224515	2.0
0743254899	4.0
B004TH0IT8	5.0
148491273X	5.0
0345379187	4.0
0671737627	4.0
B00HVKCMQC	3.0
0756404649	5.0
B00AAILDJ4	4.0
B007IE07OK	4.0
1622668030	5.0
0380810565	4.0
1455820067	4.0
0375831002	5.0
0385339453	5.0
1455508594	5.0
0451408497	4.0
077831555X	3.0000000000000004
0312577427	5.0
0451225856	4.0
0425241505	4.0
0738720569	4.0
B003V8BU84	4.0
0340766182	5.0
0615744257	5.0
0689808186	5.0
B005Z1CSM2	5.0
1595549633	3.0000000000000004
B009FX22WC	5.0
0316178454	4.0
1627989080	5.0
0425263991	5.0
B006RPAS2M	4.0
0989465004	5.0
0380761327	5.0
