0971769702	4.0
B00C4XHZVS	3.0
1480257540	5.0
B00AMRGYL0	5.0
B007OALZAI	3.0
0983429774	5.0
1489523413	5.0
1481171410	5.0
0425262979	1.0
0804176809	3.0
B0057PFWDI	5.0
0989492559	5.0
149106062X	5.0
B00GANYNVI	5.0
1499145012	5.0
9769556629	5.0
1482519518	4.0
0989013146	4.792207792207791
0758247559	5.0
0451465261	4.0
B00466HTA8	5.0
1481056522	1.0
B00HYR9DOQ	5.0
1466314400	4.497427101200685
1477545778	5.0
B00F8HEYQ6	5.0
1440565473	4.0
1480264520	4.0
B00EWZJI16	2.0
B004I8WM3I	2.0
B00C52XZIA	2.9999999999999996
1440565457	4.0
1909527009	4.0
0615424686	2.0
1490559175	4.0
1623420571	4.0
1450577067	4.0
0800731689	5.0
B006C25GGI	4.0
148270403X	4.0
1495489442	5.0
1623780276	5.0
098901312X	4.683529532896317
B00FAYZNVC	4.0
0989013138	4.850041610652327
1439165319	5.0
1492182125	5.0
1484198859	2.9999999999999996
0988483769	2.0
1938857267	5.0
1576857379	3.0
0758252692	5.0
0062278789	4.0
9769556602	5.0
B00ESJ41XQ	2.0
B00GW3XEMK	1.0
0385341326	4.0
0981497810	4.0
193332077X	5.0
1496048547	4.0
0743499298	2.0
0971954917	4.670542635658915
B00J8XH39G	5.0
1480219851	4.0
0758247575	4.521437321355655
1493686798	4.0
1484021959	3.0
1461052149	5.0
B00AYTASE0	5.0
1938404351	4.0
0993737048	4.0
1481136194	3.0
B00ECNGR80	5.0
1478111046	5.0
0956998518	5.0
B00F4L64A0	3.0
0615809057	5.0
050552208X	2.0
0446178101	5.0
B00IGFK9P2	5.0
0373795424	5.0
B00EVD47YC	5.0
1927850002	5.0
1482017229	5.0
B00HSQFWCA	5.0
1490505776	5.0
0985656220	3.0
B00IXXXUSU	4.0
1557255598	5.0
1481280767	2.0
1484857739	4.0
B0085WGU3G	5.0
1484830202	3.0
1492109738	2.0
0981584330	5.0
B00EZ5N6Z2	1.0
148014178X	5.0
1492133779	3.0
B00AWU7U7O	2.9999999999999996
B00CWL2C10	5.0
1494957612	4.0
B005J4EXPU	4.5002156101768005
1476755108	5.0
B00B7176O4	2.9999999999999996
B00AT6KJP6	2.0
B00B60PXRS	5.0
0843958626	5.0
0578049449	4.0
B00H5CZUII	5.0
B0045U9SG8	4.0
149236732X	5.0
0985343494	5.0
1493546066	5.0
1476741182	4.0
B004ZR9EOW	2.0
B00JLZCUTO	4.0
B00BW6U0EM	4.0
B00D3NIAEY	4.0
1493586912	5.0
B00EAZXVFM	5.0
1497326923	5.0
B00JRMRDYS	1.0
B005I56ZS8	5.0
B00H93Z03I	3.0
193815021X	4.0
149350696X	2.0
0312328605	5.0
B008XB10AC	4.0
1481291866	4.0
B00EZWXE8Y	2.0
097980471X	5.000000000000001
9769528765	5.0
0515146471	4.0
0373860641	3.3573309920983316
1480231487	4.0
B007VTY1VC	4.0
0971769737	2.0
B00BRP6FEC	5.0
B00DIIA740	3.0
0451239288	4.0
1491021217	2.9999999999999996
0425234355	3.0
1490333932	2.0
1479201359	2.9999999999999996
0615426263	3.0
B00CPF70CY	4.0
B0069FJE4S	4.0
1623429110	4.0
0615734847	4.0
1494296470	2.9999999999999996
0975546406	4.999999999999999
0982657048	5.0
030758836X	3.0
1492291560	5.0
B005FCDTYM	4.0
B0047DW5KO	1.0
1601622775	5.0
B00AOEV6XW	3.0
0985023007	4.495366079703429
0615796842	3.0
0971769729	5.0
1480177806	3.0
B00BUA5E78	4.0
147003655X	4.0
B009VKXARU	5.0
1476744106	5.0
0982556403	2.4384361513074384
1771150033	4.0
1601625375	3.0
1490436529	4.0
0615810632	4.0
1492833940	2.9999999999999996
0557453070	5.0
1480198854	5.0
1495459225	4.0
1484076249	4.0
1476756546	5.0
0425256383	1.0
1495972216	4.0
B00JUCH25U	4.0
B007YJMUAS	5.0
9769528781	3.1711966113660432
B00BFMDOPA	5.0
0451417909	4.0
1909490199	4.0
0061375365	4.0
1936185210	5.0
0984692320	5.0
1494853515	3.0
0316027650	4.0
1938857402	5.0
B00514MF1W	4.0
0957484623	5.0
B00F77FFMO	4.0
1615729887	4.0
1927806011	5.0
1624210082	4.0
0971769788	5.0
B00AH6Z1F6	5.0
0615796982	4.0
0991022807	1.0
1495993507	4.0
1617060380	5.0
0557384737	3.0
0984776516	4.0
B00IVT2RTE	5.0
0984489762	4.0
1623780667	5.0
0375870415	5.0
B002BDT64A	3.0
1500122726	4.0
B00AIC7K26	3.0
1492897418	5.0
B00HMOG808	4.0
0615250556	5.0
0991841131	4.0
0143123629	5.0
0316213101	2.0
B00JDLFHRI	5.0
0578029464	4.0
B008VF567I	4.0
B00KB5B1XY	5.0
0983034001	4.0
0470044721	5.0
B00FQK0D38	5.0
1432793578	4.0
1440562237	3.0
1481195220	3.0
1484159403	4.0
0983051852	5.0
1495320103	4.0
B00CTM98KA	5.0
B00DOVTENG	4.0
1470153912	5.0
1461072514	2.0
B00BH4ZLR0	4.0
0425255700	4.0
0741453711	4.834141857733748
0007444117	1.0
B00BF76MVI	5.0
B00HPMD68O	3.50535501785006
098239134X	4.0
B004WPP8YW	3.0
B00DGHN718	3.0
095748464X	5.0
B00I481HSO	5.0
006230240X	5.0
B00LNCDC72	5.0
1453854495	3.0
193876823X	4.0
0988105411	4.0
B00E2YJUJM	4.0
B00GDW08LK	2.0
1627983171	5.0
1588980952	2.0
1630990043	5.0
1478167203	4.0
B0086XF5HQ	4.0
B00F076TXA	5.0
B00EBUPSLG	3.50535501785006
0982145578	5.0
B00GIURUEA	5.0
B0097BB930	5.0
1478328231	5.0
1615729968	2.0
1492747890	5.0
193332080X	3.0
1482687240	4.0
1480217840	5.0
1476761779	5.0
1482729709	5.0
0425263436	5.0
B00F3I3YZC	5.0
0316200182	5.0
B00I48V9XM	5.0
1490349529	4.0
097974623X	5.0
1432796364	4.0
B0095VONZS	2.3221672006990963
1490506853	4.0
1493750461	3.0
B00D214ECY	4.0
0615695965	4.0
1466344946	5.0
1449966128	3.0000000000000004
0986906484	5.0
B001BXNQ2O	4.4653846153846155
B00HJ7KXTU	2.0
B00BG1VMK4	4.0
1492731846	4.608383685800605
1940584000	4.0
B00BUVDQ3Q	4.0
B00C7AK1F0	5.0
B006F80YL6	3.0
1490951733	4.0
B00ABWN11C	4.0
B00G0XXD1O	5.0
0061728977	4.0
1482012294	5.0
0451456734	5.0
B00J8OV1FM	4.0
0758247591	5.0
1482605163	3.0
B005IYXXRU	5.0
B003XNTB88	1.0
0553826093	2.9999999999999996
B009ZOZLA6	4.0
B00FE7IVZU	5.0
B00BP9H3B4	5.0
9769548634	5.0
0989492508	5.0
1419964615	4.0
0989511413	2.0
1622660757	5.0
0982053037	3.0000000000000004
B00EA6RSLY	5.0
193885733X	5.0
149731061X	4.0
0984489711	5.0
0984786368	3.0
1484133714	4.324834268230495
0979802016	1.0
1937053245	5.0
1468081969	5.0
0615868401	3.0
B00IVD0B66	5.0
1481276891	3.0
B00HASZ9FQ	4.542239010989012
098499307X	4.0
B007345BTG	4.0
1620073633	3.0
B00I6NM3LW	4.0
1492242497	5.0
0989121879	4.0
B003Y5HCOU	4.0
1480012289	5.0
1467930571	5.0
B00K3NNHXG	5.0
0595281257	4.0
0983392900	4.0
B00KCE12J2	4.0
0989339211	4.0
1453709517	4.503646308113035
B00KM9986G	4.0
1484846400	5.0
B00B139IXK	4.0
1936399091	5.0
B00KC8Q522	4.0
0758215789	4.0
B00FM85OC4	4.0
1479176850	5.0
B00FNB0FA6	4.0
B00BOUQBMQ	2.9999999999999996
1484104161	2.0
B00H9JIF7U	5.0
B00ESV1OKW	1.0
B00AG3A1YG	4.0
B00HYM3O1Y	1.0
147501239X	5.0
193815018X	4.0
B00ILD4C8E	4.0
B0056NXF80	5.0
B00C7HMWR8	2.0
0743499271	3.0
B00COSW6JY	5.0
B00BMQN08U	2.0
1475121407	5.0
B00G7IEV5Y	5.0
B004SI455Q	5.0
194095102X	5.0
149287146X	5.0
0991841107	2.0
B005USIO78	1.0
B00ARFNR9E	5.0
