0451240065	5.0
0743476719	3.0
0425212599	2.0
0743281616	3.0
B0066DTUGA	4.0
1587170175	5.0
0758203187	5.0
1493522175	3.0
0425236560	3.0
0778313395	5.0
0425250873	3.0
0441017304	5.0
B0070XZZPA	3.0
0062075918	4.0
0671016776	4.0
0765331829	2.0
B0087GQA9E	2.0
1463762232	5.0
141650530X	3.0
1455522368	3.0
0578125439	1.0
0385333617	2.0
0316205206	2.6666666666666665
0451402251	4.0
0451231120	2.0
B005EOM1ZE	5.0
B00HZ1E4CC	4.0
1582345643	4.0
0062070231	4.0
037312290X	4.0
1402274866	5.0
0671795554	3.0
0553592610	4.0
0446565385	3.0
0451461479	3.0
0743281632	4.0
1451639295	3.0
1439123128	3.5
0441005349	5.0
0743446046	2.0
B008733XHO	5.0
0553592629	3.0
0380802856	4.0
0062021281	1.0
1931095736	3.0
1591025397	5.0
0002007770	3.0
0373873697	3.0
B008LH94BK	2.0
1451652224	3.0
0451232461	4.0
1466437715	3.0
B00B02RY10	4.0
1461132193	2.0
0062075934	3.0
0446532452	4.0
0986906417	4.0
0765315793	3.0
0451233786	3.0
0061080632	3.0
0373117582	5.0
0380810484	3.0
B00GLAE8ME	4.0
193519223X	3.0
0446178586	3.0
1467946826	4.0
0425256189	4.0
1469906430	3.0
1937165132	2.0
0316205222	4.0
1611183804	3.0
0061579157	2.0
0804119902	2.0
0985511001	3.0
1599559420	4.0
050552483X	2.0
1416503595	4.0
0441018645	3.0
1420117270	3.0
044617856X	4.0
0505524848	4.0
1477849505	4.0
0373002211	3.0
0451206126	1.0
0553592637	4.0
0743439775	5.0
0525946071	1.0
0373151470	2.0
0373770375	3.0
1439172951	3.0
1595144064	4.0
1118115562	4.0
B0031TZ95I	4.0
B00FKCFGUM	2.0
098819449X	4.0
0425256138	4.5
1410440478	4.0
1419965433	3.3333333333333335
1565123514	5.0
0060788704	5.0
0307975932	3.0
0446509264	4.0
B005K0ODIU	3.5
031259044X	2.0
0440226031	3.0
193383644X	2.0
0553592645	4.0
1610342283	3.5
1479359084	2.0
0061985945	3.0
1419701789	2.0
1908844493	3.0
140120077X	4.0
B0051AC1GU	2.0
0062021273	4.0
0399246770	2.0
080073422X	5.0
0060561181	4.0
0062127667	4.0
0373778279	3.0
0727865749	4.0
1480134694	3.0
1572701498	4.0
0553592653	4.0
0062224840	2.0
031602032X	4.0
0061245097	3.75
0821780573	2.0
0300089503	3.5
0425235211	4.0
038081790X	4.0
0553592661	4.0
0316734942	3.5
0373770324	3.0
0515131784	3.0
0425196844	3.0
0800734211	4.0
1400081882	2.0
006017613X	3.0
0778328481	3.0
0061579114	2.0
143914799X	2.0
0758228457	2.0
0061245089	3.6666666666666665
1419965441	4.0
B009XU69GM	2.0
1416544984	4.0
0373802447	5.0
B003FGWV2Q	3.0
0373778295	5.0
067179552X	3.0
0316734950	4.5
0060562498	5.0
0061905879	3.0
0373772998	4.0
0425223256	3.5
0373771665	3.6666666666666665
0312656742	5.0
0758231253	4.0
0340712511	3.0
0439700930	5.0
1586087754	2.0
0399151060	4.0
B007Z4WTBW	2.0
0778312909	4.0
0738709085	4.0
B005IHLJZK	4.0
0297829300	5.0
0060593636	3.0
1456309501	5.0
1616143797	4.0
1848560877	4.0
0441016065	5.0
044640103X	4.25
0345528417	5.0
045123197X	3.0
0425237818	2.0
0553593099	5.0
0140295933	3.0
0394758285	2.0
1608320588	4.0
0545424925	3.0
0743444299	4.0
0983589178	5.0
0425237826	4.0
1558324151	3.0
0758209339	3.0
1937007820	4.5
1461057205	2.0
0143119494	3.0
0373771606	3.0
0451227026	4.0
0373295286	5.0
0425246779	4.0
1848560869	5.0
0312938810	2.0
1402254393	5.0
0061905895	2.0
1937608042	2.0
0451229681	3.8333333333333335
0451215001	4.0
0099285045	3.0
1439147973	4.0
B006QNRIEQ	3.0
0345452704	3.0
0671014188	4.0
0312938837	3.0
1455501476	4.0
0843961333	2.0
0380789353	4.0
0553289993	2.0
0758247613	3.0
140004538X	5.0
0989373819	3.0
0399131434	3.0
0373771614	3.0
0988105411	3.0
141995038X	3.5
0425208486	2.0
0375847057	5.0
0312938829	4.0
0143143956	4.0
042523214X	2.0
B0058TTUFO	5.0
0061355577	4.0
0425126064	5.0
1599988054	5.0
044651506X	3.0
B00EGJE2WS	2.0
0316035467	5.0
B00K0PNVEC	4.0
0385344325	4.0
0062127640	3.0
1848560885	5.0
0553565044	4.0
159286063X	4.0
0743456254	5.0
0263902730	3.0
0821780549	5.0
0778320553	2.0
B00CIGL18O	3.0
0670020990	3.0
1590807901	3.0
054799219X	3.0
0380789337	3.0
1602601429	5.0
0983589127	4.0
1250035856	5.0
0451169514	3.0
B00371V7WO	3.0
B008SCOS6O	5.0
1469252317	4.0
0991066308	5.0
0345483863	4.0
1937551520	4.0
1936827077	4.0
0446579939	1.0
0718178122	4.0
0373210345	1.0
B008LX70HE	4.0
0441013813	3.6
0727868853	5.0
0060774126	1.0
1602601437	5.0
0380789345	2.875
0345519515	4.0
0451169522	2.0
0316187747	5.0
0425220168	3.0
0425263290	4.0
0471059684	5.0
0743245164	5.0
1483939219	3.0
0312365802	2.0
067086966X	5.0
0380720477	5.0
0821775146	5.0
0505527073	4.0
1451664257	5.0
0743466497	3.5
0743450906	3.0
B005ZOCEKU	5.0
1602601445	4.0
1451629052	4.0
0263873668	4.0
0316187712	5.0
1848560850	5.0
0060012617	4.0
1612184197	3.0
0515134899	3.0
1623001250	5.0
0758231237	3.5
0743457536	4.0
0615803830	4.0
0803499248	4.0
0689849249	3.0
0373885628	3.0
037327081X	3.0
0505527081	3.0
0373210329	5.0
1401224792	3.0
0778312976	4.0
0312106122	5.0
067165831X	5.0
0743457544	1.0
0446401056	4.333333333333333
0446612251	3.0
1444729721	4.0
B005KDCLHW	2.0
014241591X	3.0
0425209865	3.0
075821474X	4.333333333333333
0385339704	5.0
1611940001	3.0
0307277674	4.0
0316155306	4.5
0060560797	2.0
0440245265	3.3333333333333335
0758210396	3.0
0451200047	5.0
B005JDTBS0	4.5
0451465016	4.0
0451416090	5.0
0316031844	4.5
0802408559	4.0
0553111132	3.0
0446618462	2.0
0451465024	4.5
0425241114	3.0
0983735042	4.0
0385335350	3.0
0440245273	3.6666666666666665
0553561537	5.0
1622371208	5.0
0613667662	4.0
1490559175	5.0
0061957933	5.0
1420100351	3.0
0821775138	4.0
082177512X	3.0
B004MMED7S	3.0
1470107163	1.0
B004LZ557I	4.0
1416580670	1.0
0345500911	1.0
089296779X	4.0
0373776454	3.0
0061885681	3.0
0756407494	5.0
0345337662	1.0
142310420X	3.0
0307750922	4.0
0425208516	2.0
B00A7CFJAM	4.0
0316013161	5.0
1481294482	2.0
B00338070Y	1.0
0307277690	4.5
0765319241	4.0
1605044288	4.0
0316043818	4.0
B0085Q6STS	3.0
0060584750	3.0
038078145X	2.0
0312284683	2.0
0758238738	3.0
0671315285	5.0
0385336667	4.0
B00FP5BB5I	3.0
1843604027	3.0
B004VTHHB6	2.0
0615803873	2.0
1451651821	3.0
0451229738	4.0
0515146897	4.0
0061957917	4.0
B007C6YZOM	4.0
0515144231	1.0
015205085X	3.0
0553293168	4.0
B0037KMFJY	5.0
1420102982	1.0
051513225X	1.0
0385336675	3.0
149428006X	4.0
1414339364	3.0
1615819487	3.0
B007WMZC8O	3.0
0758231296	2.0
0380731193	3.0
1426714599	4.0
B00570MHZ4	1.0
1611099099	3.0
B00655KHQG	4.0
1416958746	2.0
1599988100	3.0
0345481283	5.0
0547248040	2.0
1469926903	4.0
1440119589	1.0
B008IL48BK	4.0
B00K3WXIFE	5.0
0345519477	4.0
006123138X	4.0
0425228177	2.0
0373777752	3.0
0425190722	4.0
0061231398	1.0
0758208049	2.0
0515149985	2.0
075823127X	5.0
0811837327	2.0
0446527017	3.0
0307473716	3.0
B007XXQZSI	4.0
0380806312	4.0
1623651204	4.0
0778323560	3.0
0316074144	3.0
0373827822	4.0
0440234581	4.0
1400065755	5.0
1480232327	5.0
0446541311	2.0
0062294776	5.0
039915180X	3.0
0758214723	4.0
0061134082	5.0
1481126822	4.0
0380781433	5.0
0380818329	5.0
1933563281	2.0
0451462807	1.5
0785119302	2.0
0316074152	5.0
B005BT583Y	5.0
B003ATPPVM	2.6666666666666665
1606015532	4.0
0061626848	4.0
0778326608	3.0
0316133973	5.0
0345519493	4.0
0345531140	4.0
0982432100	3.6666666666666665
0778327930	3.0
0373776446	4.0
014017821X	1.0
0380781441	4.0
0547792638	3.0
0545424941	5.0
0345463404	1.0
0440208297	3.0
0515134007	5.0
159414723X	3.0
1420104721	1.0
0425241106	3.0
0755389255	4.0
0345335066	1.0
0988377500	3.5
042524198X	4.0
0785121609	1.0
0425197395	2.0
1937007014	5.0
0140296468	3.0
034548309X	1.0
0060519711	4.0
141659311X	1.0
055359267X	3.0
0062019821	3.0
1453698949	3.0
0060735414	3.0
0316154059	4.0
0778326624	4.0
0451226607	2.0
B003FL6X52	3.0
0380818337	5.0
000726528X	5.0
B005D75Z8C	4.0
1607776405	1.0
B00DZ3EGDG	3.0
069108940X	5.0
1401302815	4.0
076145814X	3.0
0060876115	4.5
0778315983	4.0
0312555113	4.0
0451464559	3.0
0451210239	4.5
0380752999	4.5
0471209813	5.0
B009FX22YK	2.0
0446199559	4.0
0843935960	4.0
0425227677	3.0
0312950489	3.0
0425265951	3.0
0758216548	5.0
1414310560	3.0
0451164725	2.0
0312357435	3.0
0743464672	3.0
014028009X	4.5
0373250371	4.0
1456435299	4.0
0446610550	3.0
0061583227	3.4
0425255700	3.0
B004KAA9LQ	5.0
045122793X	2.5
0060876107	1.0
0804177031	5.0
0451464591	4.0
0385739907	2.0
0316154075	3.5
B002BX87E0	2.0
1449589790	3.0
B009N8CCBU	3.0
0373250363	2.0
1416532862	2.0
0451215915	4.0
1419958313	3.0
0374237131	3.0
042526596X	4.0
0515148679	3.0
0062019805	3.0
075822852X	3.5
0345515935	4.0
B00669PIP6	3.0
0062084801	3.0
0515146013	5.0
B004YE6T2G	3.0
0451463250	4.0
1611189187	5.0
0451171020	5.0
B007HCWB6K	3.0
0316154067	4.0
1847563252	4.0
B004GEAILC	3.0
0060562536	4.0
0373120370	5.0
0140431403	4.0
0578088894	3.0
0062023047	4.0
1420102974	3.0
B00632R0W0	5.0
0312286449	5.0
0505527847	3.0
0425259250	5.0
0821769278	3.0
0312553390	2.5
0375704558	2.0
1448659434	1.0
B002CQ28L4	2.0
0451412532	3.0
141996416X	2.0
1937007065	3.0
034553686X	5.0
0373775954	3.5
0399148248	3.0
1467913006	5.0
1452664935	3.0
0373131011	3.0
0425218767	5.0
0062023055	3.0
B007BBV5T6	2.5
0061583219	4.0
0380820692	4.0
0451232488	5.0
1420102966	4.0
1595141758	5.0
0515140775	3.0
1463710941	2.0
0312649614	2.0
0553589091	2.0
1455511641	5.0
1402244959	3.0
0758204531	5.0
B00814M5WI	3.0
B00FQPQ7M4	3.0
161194001X	5.0
1402240589	4.0
0062023020	3.0
1908844523	3.0
0061632686	3.0
0425259269	5.0
0060097701	3.0
0440211077	4.0
0440180953	3.0
0061453056	4.0
0060783990	2.0
0446618489	4.0
0778326683	2.0
1599986337	2.0
1478127163	2.0
037300219X	4.0
B004OEIRNA	3.0
0505527863	2.0
006056251X	3.0
0451167805	3.0
042521740X	5.0
0425237001	3.0
0671737619	4.0
1612182348	2.0
0671721291	5.0
B003V8BU84	4.0
037313102X	2.0
B009FX22WC	3.0
1494954664	5.0
0446698555	2.0
0446618470	4.5
0966636694	5.0
0778325369	3.0
045141912X	3.0
0099465825	4.75
B004FGN6ZG	5.0
0778325261	3.0
0380808021	4.0
0345456327	4.0
B007KSE4Y8	3.0
B00870NWGE	3.0
0800730801	4.0
0062078070	2.0
0758208758	5.0
0553567772	4.0
1455878588	2.0
0743289455	2.0
0061711934	4.0
B0053GBAZU	3.0
082177591X	2.0
B004EYU9RC	4.0
B0063EWGN6	4.0
161218359X	5.0
1416560270	2.0
1606019031	1.0
1551109972	5.0
0060773758	2.0
0983706387	3.0
0740755234	4.0
B00EHMG34E	5.0
B0032YXH2E	5.0
0671040545	2.0
0312369492	4.0
0672316382	5.0
0451459261	3.0
0440129613	4.0
0758220405	3.0
0425250989	5.0
0451234987	2.0
1475057385	4.0
0142000884	3.0
1576732681	2.0
1420122711	2.0
1482694271	2.0
006199104X	4.0
B005HRPYG6	4.0
0671023195	3.0
031612558X	5.0
045122034X	4.0
0061246263	4.0
0062278789	3.0
0765352664	3.0
0849948274	4.0
0451464621	5.0
1612183581	5.0
1455878561	2.6666666666666665
074345619X	3.0
1416535055	4.0
1620612917	3.5
1402270399	4.0
0345481305	4.0
1468008862	3.0
1419952056	4.5
0440209633	2.0
0765352656	2.0
0143144529	5.0
0756406978	5.0
0515147184	2.8333333333333335
1481280767	1.0
0345457684	2.0
0061373257	2.0
042524735X	4.0
0451125169	5.0
0758242670	2.0
0984419608	3.0
0263888827	2.0
0794512852	4.0
0060565446	1.0
B00CA3SI40	3.0
0842371893	5.0
0425246035	4.0
0985822538	3.5
B00HTRX3CE	4.0
076416564X	5.0
190884437X	4.0
0375435034	2.0
0765316110	4.0
0440415780	5.0
0380821036	5.0
0983706352	4.0
1455521108	2.0
0765313081	3.0
087004124X	1.0
098848370X	3.0
0425269566	3.0
061556965X	4.0
0451460294	1.0
0375869190	5.0
0345502744	2.0
0451463307	5.0
0345525485	3.0
0451222962	2.0
B005DUR1ZY	3.0
0765328984	3.0
0380731886	5.0
0451218043	4.0
0060520507	4.0
0451403657	5.0
006170654X	3.0
0061706558	3.0
037379570X	4.0
0446602752	3.0
0759257760	1.0
044011585X	2.0
0399132635	5.0
0373605188	2.0
0449912558	5.0
0451219368	4.444444444444445
0380808080	4.0
1455521124	3.0
0425215768	2.0
B00845CM5O	4.0
042521575X	4.0
082177509X	5.0
0553106643	2.0
0373831773	2.0
0425269590	3.6666666666666665
0615741932	4.0
0446547638	4.0
0515128015	2.0
0060520515	2.0
0553563343	5.0
0671027581	4.333333333333333
1466276983	2.0
0505524996	4.0
0425269582	4.0
B002I1XQ1Y	4.0
1455521132	3.0
0060393211	1.0
0373605196	3.0
0380977931	2.0
0380808072	5.0
0345456319	4.0
0547738919	4.0
1612185339	4.0
0425236676	2.0
0380821044	4.0
0441016154	3.25
0425269574	5.0
0671027573	4.5
0312943415	2.0
031236945X	3.0
0380796368	3.0
0425202453	5.0
0061080780	3.5
0060755911	1.0
0441008534	2.6666666666666665
1402270364	4.0
B00F1IFK6A	2.0
187767317X	5.0
1599988143	4.0
1402222696	3.0
0143036424	4.0
0451228219	2.5
0615766412	3.0
1482063557	1.0
030726999X	5.0
0984419659	3.0
B006WXT8MK	3.0
0451230531	3.5
1475047975	3.0
0375815376	5.0
0425269523	5.0
1420118617	4.666666666666667
0743489063	5.0
0763658359	5.0
0143123629	2.5
B00C2RVRHE	3.0
1402270305	5.0
1613722133	4.0
0440122147	4.0
0062008110	5.0
1742204902	4.0
0425250903	3.0
0451413091	2.0
143825282X	2.0
0446363251	2.0
0061344788	3.0
1843607247	4.0
0671032976	3.75
0553299441	4.5
0373210477	3.0
1905393423	2.0
B004WJOAC4	1.0
0060509325	2.5
0312937628	3.0
1420118625	3.75
1619211149	3.0
0843962542	2.0
0373769423	2.0
1620151332	4.0
034553087X	3.6666666666666665
098438152X	3.0
0312992432	3.5
0736670807	5.0
1906931666	4.0
006114097X	5.0
1420118633	5.0
0373605153	3.0
014118776X	4.0
0425262901	3.0
B005UA0WOE	2.0
0425212602	4.0
0671038265	1.0
0451409825	2.0
0451461509	1.0
1605040878	4.0
B00HTJJSSU	4.0
0553587323	3.0
B004GB1T68	4.0
0446565407	3.0
0440210690	3.0
0446616532	1.0
0380804514	2.5
0373259727	2.0
0451234928	2.0
0451413075	5.0
1442359919	5.0
0373210493	3.0
0312992424	4.0
031254507X	3.0
1463684347	4.0
1494887320	5.0
0345532600	3.75
0440235936	3.0
0399154019	5.0
0060531231	5.0
B0080GUO6Q	3.0
0982514549	5.0
0312641567	3.0
0441019250	3.0
0395353009	3.0
B004GB1T0Y	2.0
0755347366	5.0
0373778325	3.0
0312992416	2.0
0373290519	4.0
0316069515	5.0
B009FWZ3L0	4.0
B005GF315K	2.0
0385335318	4.0
1605049255	3.0
0961519762	5.0
B002L6M28E	3.0
0515142395	1.0
0451462858	3.0
0373767676	3.0
0451216261	5.0
B008AXX9CK	3.0
0758200846	5.0
0425224643	2.0
0062064320	5.0
0425245527	3.5
142315956X	2.0
B006OJRKAE	3.5
0373605102	1.0
0425253163	5.0
082177767X	4.0
B007XL69RM	3.0
0380780860	5.0
0451462882	2.0
006053124X	3.5
0821775022	4.0
0060531258	3.0
1939872049	4.0
159307784X	5.0
B001TJ1O4W	3.0
B00AOLQUSQ	2.0
1466211636	4.0
0821756788	3.0
0380800195	3.0
042522595X	2.0
0312580142	3.0
0758241399	3.0
0446510300	3.0
006202065X	3.0
160529540X	4.0
146993924X	1.0
0553574078	5.0
0373885504	2.0
B00DRL96CC	1.0
0373072813	5.0
042521396X	2.0
B008170K22	3.0
0312360258	1.0
B009IAMQIW	3.5
157145697X	5.0
0312361580	5.0
1605049239	2.0
0758200862	3.0
0758221797	1.0
1482692473	2.0
1442436670	3.6666666666666665
0007442920	5.0
0743453069	5.0
0061772062	3.0
0671032992	2.0
B0092XHP4K	4.0
0758241380	3.0
0778323501	2.0
1419951572	3.0
1439176345	4.0
037377656X	2.0
1416501622	2.0
0988742942	4.0
0821777661	5.0
1468008099	4.0
B008VULY0Q	3.5
B00AP2VVVK	3.0
0446576972	5.0
0821776339	4.0
0345545834	5.0
0312537417	3.0
037325041X	4.0
0425219305	3.5
B00COFU6DA	3.0
0505526670	4.0
B00EJW42X6	3.0
0821775014	1.0
1551666944	1.0
0758281463	4.0
0345506340	2.0
0307990745	3.0
0449000176	5.0
B00G8BTSZS	3.0
042520863X	3.0
0385302312	5.0
B007ON5OXY	5.0
0446576980	5.0
B003SIUHCM	3.0
0345346491	3.0
143919193X	3.0
0140293248	1.0
0373131186	5.0
1419950304	4.0
1935597361	2.0
B007WIEFHW	4.0
B005NDOUI2	2.0
0552163279	3.0
0373776578	3.0
0316176346	3.0
0345479904	4.0
037383358X	3.0
0385302320	5.0
1477603646	5.0
0062068601	3.0
0758201346	4.0
0758234260	5.0
1416509577	5.0
1494878399	2.0
146090334X	5.0
0345518241	5.0
1250032970	5.0
0778312771	4.0
B0075VFMCI	3.0
1463520980	4.0
1470100630	2.0
1416514929	3.0
B004JZYAVW	3.0
013308907X	5.0
1439191921	3.0
0552163295	5.0
0671744623	4.0
0425246957	5.0
B00CGTWC0O	3.0
1470009749	5.0
059538871X	4.0
0440107350	1.0
B008BKT3UO	3.0
0778324753	2.0
0689848641	4.0
0062019775	2.0
0061083011	2.0
1250030323	4.0
1250032989	3.0
1419955195	2.0
0765330377	4.0
0062068628	2.0
006206861X	3.0
1610261003	4.0
0345518268	3.0
0062019740	1.0
0671705091	2.5
0758223544	4.0
1419960547	3.0
0061375802	3.0
0446406937	4.0
0446527130	4.0
0515136530	3.0
147781728X	3.5
1410458792	5.0
1596915757	2.0
B0031Y9CPG	4.0
006123124X	1.0
0061009059	5.0
0385341954	3.0
0452287456	5.0
0765330385	5.0
1605047449	4.0
1599988232	4.0
0062068636	4.0
0451205650	5.0
B00F64A1YK	3.0
0758223552	4.0
0765368978	3.5
0452276772	4.0
1490949194	3.0
0385247923	3.0
0062229818	3.0
0979572185	1.0
0446406929	3.6666666666666665
0380714558	3.0
0373810873	4.0
0380818205	5.0
0786890908	2.0
B0081SG6P6	4.0
0062230808	5.0
B007Z4WSOK	2.0
0373768931	2.0
0062068652	3.0
0062134639	3.0
0142409405	4.0
0446406910	3.0
0778324788	5.0
B008O53QHC	3.0
0312252943	5.0
098251459X	5.0
0440171970	4.0
0399155279	4.0
0345480090	3.0
1455574422	3.0
0451462912	5.0
0316027650	5.0
0778324796	4.0
1605047465	2.0
0515136549	3.0
0062068660	3.0
0451465199	4.0
0399158308	2.0
1619350955	2.0
0451217608	5.0
1439175896	2.0
1579653774	4.0
0451227808	2.0
0373793073	5.0
0399151745	3.5
0451224779	3.0
0989405036	4.0
B006LUHIDK	3.0
006223126X	2.0
1613727038	2.0
0758204434	3.0
0425101452	4.0
0425214494	3.0
073946289X	3.0
0778326500	3.0
0061582042	4.0
0425255808	4.0
1476736235	5.0
0446510289	3.0
0505524899	2.0
0312287690	1.0
0451186842	4.0
0307743683	5.0
0451947630	5.0
0446547565	3.5
0553582534	2.0
0373773471	2.0
0062019708	3.0
0380725282	5.0
0486228746	5.0
B002GEDE2E	3.0
074344230X	3.0
1934755036	2.0
1599987740	4.0
0821775898	2.0
0451227816	3.0
1417808268	4.5
0976180421	2.0
0399157034	4.0
B003380678	3.0
0515114316	3.0
0505527936	2.0
1499104774	1.0
0312287682	5.0
1420101714	2.0
0061233005	5.0
0061498211	2.0
0307278816	4.0
148205633X	2.0
0446547573	4.0
1439153612	3.0
0307975959	5.0
0399157026	2.0
0307743675	4.0
0380775506	5.0
0380795124	4.5
B00408AQ98	3.0
0385335296	2.3333333333333335
0425243834	4.0
0380819570	1.0
042513301X	3.0
B0085P68SU	4.0
1439153604	3.0
0399151710	4.0
0515149888	4.0
0451222148	3.0
0307743667	5.0
0380776847	5.0
B00I9KPXV4	3.0
0446510297	2.0
0441015662	3.0
1599987759	4.0
0380795116	4.0
0425255816	5.0
B0081G0D02	4.0
0451227840	4.0
B00CPDVGLC	4.0
0061582034	5.0
0399137424	5.0
1599986426	3.0
0758212089	1.0
1493780557	4.0
038531437X	3.0
B00BW4UMA6	4.0
1413319025	5.0
0385339666	2.0
0312605935	3.0
0345498208	3.0
0062003313	4.0
1556230796	5.0
0307743659	4.0
0765316072	4.0
0446611743	3.0
1599986434	5.0
1402211929	1.0
1591050405	4.0
0345466608	3.0
0312367775	5.0
B0052XTW5Y	4.0
0312536925	1.0
0425246043	2.0
0718159055	5.0
0446618381	3.0
0061082570	2.0
B003FK5QAG	3.0
B008DCV3I0	3.0
1937007189	4.5
0553826093	1.0
1419964054	2.0
B003ZDO4SI	4.0
1451671598	2.5
1938499859	4.0
0425272354	4.0
0451201205	4.0
B0052XTW5O	3.0
B000SRGFEU	4.0
0446618373	4.0
1477817204	4.0
B0085NZO0U	3.0
0749958170	5.0
0446582786	2.0
0345487532	2.0
1420101757	3.0
042513699X	3.0
1439172773	5.0
0451412621	1.0
0060747579	1.0
B009P4C5SC	4.0
B0032YXH1A	4.0
034553302X	5.0
0743254899	4.0
0451203852	5.0
0062004662	5.0
1481058134	3.0
0375433392	3.0
1612183549	5.0
0399162410	5.0
0316025062	5.0
0515137006	3.0
0373002084	2.0
0505525321	1.0
0486216748	3.0
0380812983	3.0
B00EGJE4PS	4.0
0399150439	5.0
0451413962	2.0
0451222105	4.0
0425143260	4.0
1492381233	3.0
0312577427	5.0
1402259077	5.0
0451203844	5.0
1414310633	3.0
1419968432	5.0
0446618349	4.0
0736909761	3.0
0446353957	4.0
0380812975	5.0
0446618357	3.0
1605044350	4.0
0312369506	5.0
0505527995	2.0
1590582365	4.0
0307975983	3.0
0778314006	3.0
0425240827	5.0
0758226063	2.0
0061030120	3.0
0758211805	1.0
0446602671	2.0
0099485311	4.0
0226771016	4.0
B004YQCGLW	5.0
0441019730	4.0
1594262969	3.0
0758214073	5.0
0316056588	2.5
1466362286	2.0
037377057X	3.5
0007265905	5.0
B004LB49JM	4.0
0553575023	4.666666666666667
0061124532	4.0
1939193923	4.0
0140047573	5.0
B007DCYR3O	3.5
0352345020	3.0
0137016611	5.0
0505528193	2.0
037383604X	4.0
0316724971	4.0
0425235483	3.0
0380802600	3.0
0340951982	5.0
0226771008	3.0
0451463862	4.0
0451403347	3.0
1490383395	2.0
B00563EYAS	4.0
1601545177	5.0
080957201X	2.0
0545290147	2.0
0778303330	5.0
0553575015	4.666666666666667
006211543X	4.0
0800757181	4.0
1250001404	5.0
B0074N6BBS	3.0
0373773641	2.0
0226771032	3.0
0679442499	4.0
0425234169	4.0
1937053571	5.0
0316346624	3.0
0425240843	4.0
B0035N1ULC	3.0
0373836066	5.0
1455526975	5.0
B009JF5MO6	5.0
147782314X	4.0
0671042858	4.0
1482694158	4.0
0393081818	4.0
0449006360	4.0
B004X2ILRA	4.0
0425202526	3.0
1455599085	4.5
0425259471	3.0
1565126807	5.0
0373277245	4.0
0385742010	4.0
037582541X	5.0
0553575007	4.0
1482032503	2.0
0765326264	5.0
0578000512	3.0
0373773633	1.0
0399161481	2.5
B006ZTBJDM	4.5
0226771024	4.0
0345501551	3.0
0553231162	3.0
006203300X	4.0
0767905172	3.0
0743496116	3.0
0373246935	3.0
0446615951	2.0
B004MPRF2A	4.0
0761453091	4.0
1402205600	5.0
1607379163	4.0
075821409X	1.0
080509329X	3.0
0778315371	5.0
0451211707	3.0
0425189031	5.0
0394726405	3.0
B002VFPS9A	3.0
0312975120	2.0
0758226020	1.0
0758203381	2.0
0385333404	2.0
1402217625	3.5
0312254210	5.0
0983157227	4.0
0312366051	1.0
140221894X	3.0
0307948560	3.0
039914496X	4.0
0446615943	4.0
B00I4FFXKU	5.0
1475244207	4.0
0451232631	4.0
0312366043	2.0
1402246196	2.0
0373836082	4.0
B0065TF8Q6	3.0
0758215363	2.0
1476763526	4.0
B006MN996A	1.0
0425222195	1.0
0373250185	1.0
1477816887	4.0
0515139483	2.0
0385742037	3.0
0345501535	3.0
1419950177	5.0
1250018285	3.0
B009LB501S	2.0
1402218966	4.0
0373770561	2.0
B00H8UTBNC	3.0
0758228678	3.0
0425235440	4.0
1439101582	2.0
0553289322	3.0
006133927X	2.0
B009WCP5SE	2.0
0758266960	5.0
1455599050	3.5
0316024961	3.6666666666666665
0671019619	4.5
1439192316	3.0
0307474003	4.0
0099710013	5.0
1596326719	4.0
091488123X	3.0
1600430414	3.0
0425239810	4.333333333333333
1477848452	3.0
0451464303	3.0
0312942222	1.0
1478273984	3.0
B005IAQD26	3.0
031232118X	5.0
0505523302	3.0
0425267040	1.0
1599982137	3.5
037584631X	4.5
B005DHMXZU	1.0
1551669498	5.0
0553587080	4.0
0743439988	5.0
0809571587	2.0
0099585154	4.0
0425239829	3.0
1411676106	1.0
B006XZ6L0E	4.0
1401351964	2.0
0425256383	2.0
0425255050	3.5
1402264801	2.0
0451220684	2.0
1402251505	4.0
0061357952	5.0
0451417909	4.0
0345476026	2.0
0312198493	3.0
0805094598	3.0
0345333926	4.0
0373820534	3.0
0316036919	4.25
0778317110	4.0
1419955896	2.0
1478240164	1.0
0446602612	5.0
0553592432	2.0
0451458443	4.0
0983979707	1.0
0312552777	5.0
1426707622	4.0
1442446560	4.0
B0055PTGS2	4.0
0312317999	5.0
0939798832	5.0
1573443840	5.0
0515143553	2.0
0843948582	3.0
0843961554	1.0
B00BCG1N3Y	5.0
1594745501	4.0
B00AIDLZFI	4.0
061576567X	2.0
044102078X	5.0
0099464462	3.0
0060837551	5.0
0345502825	3.0
1423137876	4.0
0399130365	2.0
0615812511	5.0
0441017150	5.0
1479102369	1.0
0505526395	3.0
0802117007	1.0
B00K90J2MI	4.0
0553299573	2.0
0758211899	5.0
0786889705	4.0
1426707630	2.0
0226771083	3.0
0451459784	4.0
0061139610	3.0
1453812954	3.5
074349749X	2.5
0240823982	4.0
0451460758	5.0
1420108905	4.0
0765332086	3.0
1452668663	2.0
0380769549	1.0
1250031230	4.0
0226771091	3.0
0380805707	4.0
B00FMF21QO	4.0
0316154601	5.0
1612183093	2.0
0373803192	5.0
B0035N1V66	5.0
0425195791	5.0
B0042JTAC4	4.0
145167290X	4.0
0804119759	2.0
1477557903	4.0
0761454322	4.0
1492321117	2.0
1419950150	1.0
B005USTJJA	2.0
0425268330	4.0
0061650706	5.0
0761463275	4.5
B00CHA2VNA	5.0
0373771851	3.0
0373605277	3.0
B00BKDLPBO	3.0
1601544707	2.0
0804119740	5.0
0451463803	3.6666666666666665
0425195783	3.0
0345343352	3.0
B0016IXMDW	3.0
1467974676	3.0
0373484089	4.0
B00K9NWRLI	3.5
1420100165	3.0
0758242158	3.0
0060009241	3.0
0060511508	5.0
B00FA11TTU	5.0
097220265X	5.0
0062271377	4.0
0756406005	5.0
B0070Y33GC	3.0
0446604410	4.0
0451463838	4.0
0020519109	4.5
044101187X	5.0
1426707665	4.0
0515135968	3.0
1573443883	5.0
B006GLCZFA	5.0
B00KSC1GBC	4.0
0553589636	3.0
0425186857	2.0
0226771059	5.0
B0015Z7WL4	1.0
014132855X	5.0
0425224775	2.0
B0073PRVSY	5.0
0765332035	2.0
031294795X	3.0
B007SFPGDG	4.0
034548276X	2.0
0451419723	5.0
0380780755	3.0
0758211856	5.0
0345492110	3.0
0451419707	3.0
0786890738	5.0
0226771040	3.0
0553254642	4.0
0802117058	3.0
0425223434	3.0
0062304828	5.0
0451419715	4.0
0345480104	3.5
0425265234	4.0
1442362383	3.0
1936305062	4.0
1402210132	3.0
0226771075	4.0
0515120014	5.0
0312958609	4.0
0373836023	2.0
0553589652	3.0
1414325460	4.0
B00JD223TW	3.5
0062021877	4.0
0982661002	4.0
B0033CEWWO	2.0
B00I1WAG44	4.0
074758012X	4.0
0440244501	3.3333333333333335
B0041T59IY	5.0
0226771067	4.0
0451131096	4.0
0373778449	3.0
0425233685	3.0
1597801631	5.0
0765320088	2.0
0060086386	1.0
0425236714	4.0
0758268726	2.6666666666666665
0399154345	2.0
0061229695	5.0
0312947984	5.0
B00B09ZD3Y	2.0
0385733976	4.0
0452295696	3.0
1611249538	5.0
0758211872	5.0
0380780747	4.5
0373778457	3.0
B000SRGF2W	3.0
1416572821	3.0
1250008956	4.0
B006YCEGSK	5.0
0778314804	4.0
1782010289	5.0
0425220419	4.0
1419960466	4.0
0060510293	5.0
B006IJWJWY	1.0
0786891297	5.0
B008KWR0YO	3.0
0316003131	3.0
B007FT53MY	3.0
0380794578	3.0
0451236238	4.0
0345464982	4.0
0843951346	3.0
009947638X	4.0
B00C0D2MAQ	3.0
0380756293	3.0
0743418166	4.0
0671880594	3.5
0679801146	3.0
1612580556	3.0
1439157901	5.0
1419958151	5.0
B004CJ814M	5.0
0553583581	4.0
0821779737	2.0
1250029880	4.333333333333333
140883233X	3.0
B00HFUAODQ	3.0
B00B8GJF2E	3.0
0061094234	4.0
0446538345	3.0
0373750080	1.0
0743436806	4.0
1453887660	4.0
1419967096	4.666666666666667
0425221733	3.0
0373776691	5.0
1612186084	1.0
0425232417	2.0
B005VXOJ08	5.0
0451230949	5.0
0373835639	4.5
0425207420	2.0
1419960482	4.5
0316098329	3.0
B007TOXCH8	4.0
0758238983	4.0
0425244407	4.0
0345385985	5.0
0843963352	3.0
0151008116	5.0
0440235677	5.0
0373271026	2.0
0440235685	4.0
1460905652	3.0
B009XD1Z7W	3.0
006114360X	4.0
0842377506	5.0
0062117181	5.0
034548763X	5.0
0380899531	3.6666666666666665
0061474312	3.0
0312605889	5.0
141657283X	3.0
0062076108	5.0
031600314X	3.0
0821780700	4.0
1492767891	4.0
0451204611	3.0
0812570936	3.0
0263877027	4.0
0307393879	4.0
0380805685	1.5
B002ZRSRVU	5.0
1469941082	5.0
0425239071	3.0
0425245748	4.0
B003U89S66	4.0
0062076116	4.0
1461017726	2.0
0575602902	4.0
0738712515	4.0
B0098JIXU8	3.0
0062188364	2.0
0425206157	5.0
0805091408	4.0
0380756250	4.0
038533513X	1.0
0505526360	5.0
0553587978	3.0
031609966X	2.0
0060505745	2.0
B00AFCYR4S	3.0
039914840X	3.0
1933678089	3.0
1420100157	2.0
0380804387	2.0
1468187953	2.0
B008HNAAES	4.0
1439175780	3.6666666666666665
1480529699	2.0
1419956396	5.0
0099476355	2.5
0451221192	2.0
148207124X	3.0
141629337X	5.0
B008RAKIV6	1.0
0451194799	4.5
0976277980	5.0
0373774001	2.0
0373860641	1.0
0761387994	4.0
1877673013	5.0
0307277887	4.0
1419952803	2.0
B0060QEAEU	1.0
161026049X	3.5
0062068520	3.0
1479390046	2.0
161427181X	3.0
0312949618	4.0
1419967053	4.5
B00ASDRZMU	3.0
0345336976	3.0
1420114743	2.0
015206396X	3.0
0373210035	3.0
140226349X	3.0
1401309658	5.0
0764204807	5.0
0451458540	3.0
1843605546	5.0
0446538361	3.0
0821772279	2.0
B007KGDTX2	4.0
0060505729	3.0
0778313530	3.5
0312984855	2.0
1416509887	3.7142857142857144
1599988364	3.0
B00K9NWRHW	5.0
1416510877	4.0
1609281292	3.0
0425242668	3.3333333333333335
1451645341	3.0
B0039NMTFO	3.0
0857521012	4.0
082176201X	4.0
0743486250	4.0
0373837402	5.0
1402262183	3.0
0821752693	4.0
009974371X	4.0
0062068539	3.0
0988695103	4.0
B008O0QUU2	2.0
0380756269	4.0
0727869442	4.0
0981881300	2.0
084395132X	1.0
0142000906	4.0
0060522275	2.0
B007ITF0LA	2.0
0373210051	4.0
1439175772	3.6666666666666665
B005MDDJDK	4.0
1452663874	5.0
144237134X	5.0
1416516166	1.0
1453787542	4.0
0380800810	4.0
0373776616	3.0
B006IYRVHM	3.0
080073310X	4.0
0812993330	4.0
067173783X	4.0
0758228767	3.0
B002VUAFFC	3.0
0142427772	4.0
031286860X	3.0
B003AKY45Y	3.0
0062028529	4.5
1419956353	4.0
0778325539	3.0
B003U89RYY	3.0
0312360827	4.5
144240339X	5.0
0373772246	2.0
1606593315	5.0
0778314898	4.0
0373773595	5.0
0385338228	4.0
0515148458	3.0
B00FU8P9N0	4.0
034545345X	2.0
1416509879	4.333333333333333
1402262124	3.0
1605047953	3.0
B009274PNU	5.0
B007TGHDA8	2.0
1612183891	3.0
0451238826	4.0
1416987037	1.0
0425155188	4.0
0394464303	5.0
0544264975	4.0
0441003303	2.0
0800722469	5.0
B001CAEOB8	5.0
0399149783	3.0
0385338236	3.0
0778324214	2.0
1439194017	4.0
0373773587	3.0
0380718839	5.0
B00D4KG0DE	3.0
1402263465	3.0
B005M2QPWS	2.0
0345477448	3.0
0671881035	5.0
B00GA2AS54	4.0
157344426X	5.0
0062003259	5.0
0062197258	5.0
0425217620	4.5
0425275515	3.0
0451238834	4.0
B005MMJFOS	3.0
1419955047	4.0
0380800829	4.5
0373776624	5.0
0553583522	1.0
0983731721	4.0
0615729916	5.0
1442485280	2.0
0451233166	3.3333333333333335
034552909X	5.0
0312621051	3.0
0451464338	4.0
B007BVNF4O	4.0
0312537921	3.0
0983524068	1.0
1933417072	4.333333333333333
1594487553	2.0
0671737821	3.0
042525156X	3.0
0557489563	3.0
0547608322	4.0
0451172590	3.3333333333333335
1476761779	3.0
B007FZJO5K	5.0
144240776X	3.0
B008RCIZUA	3.0
0953258866	4.0
0345453417	2.0
0373772211	3.0
0425127923	4.0
0465070949	2.0
0679801111	3.0
0439023483	4.5
0312947054	1.0
0307264556	5.0
1849234299	4.0
0152063110	3.0
0553584863	1.0
B004HILZDM	4.0
B004HILZDW	5.0
B0064DI8J2	4.5
1416505474	1.5
0345522478	4.0
0786891254	5.0
1612185622	1.0
044661825X	4.0
0373773536	3.5
0425203034	4.0
0425246167	4.0
0446612944	2.0
0373773552	3.5
0743497503	5.0
1416547037	4.0
0451408276	3.0
1460958195	4.0
0380007789	3.0
0439023491	4.166666666666667
B00DDUJ5DW	5.0
1416562656	2.0
1416936327	5.0
B00CKVE6U2	4.0
1495416046	4.5
1936305984	5.0
0843946806	2.0
1476726507	4.0
1781890048	3.0
0373218877	2.0
1416516123	4.0
1463762542	2.0
0373773544	5.0
0452287146	5.0
1455520799	3.0
1250006317	5.0
0425243915	4.0
0373773560	3.0
B007Y7WUXM	3.0
0425165140	2.0
1250008972	3.0
0679801138	3.0
0385340559	4.0
1482772973	1.0
0425147517	3.0
0345453433	1.0
B0050CODYM	2.0
1402784031	5.0
B00769KFS0	3.0
0446541923	3.5
1402251475	4.0
0061702560	5.0
1419956337	2.0
0446618241	3.0
0399159126	4.5
009917961X	5.0
1416586644	5.0
0743566572	3.5
0451464397	4.0
0312605846	3.0
0385338244	5.0
1616145390	3.0
0307345300	4.0
0380785625	4.0
B00ANT60YS	4.0
0440246369	5.0
0672315475	4.0
B006X85G9S	4.0
B003SX154G	3.0
0738713805	4.0
0312947062	4.0
1416505458	5.0
0385340567	1.5
038079456X	5.0
0340766182	5.0
1469969424	2.0
0446541931	5.0
B007D2S25I	1.0
0394757688	4.0
0061456799	4.0
0505526301	2.0
0312360819	4.0
074326455X	4.0
0451199618	4.5
0316228532	2.0
0553571591	3.0
1451641834	5.0
031602712X	4.0
B008WDTBOI	4.0
0765327449	5.0
0345448944	1.0
1402210078	2.0
0440195357	3.0
0987192515	5.0
0345525671	3.0
0312287062	4.0
0446609188	2.0
1843603942	4.0
0671042955	4.0
1481028979	3.0
140278404X	5.0
B002HE1IBW	3.0
0380779617	3.0
009928099X	2.5
0441018521	4.333333333333333
0425251608	4.0
0380790890	1.0
044900516X	4.0
0449005178	4.0
0312946716	3.0
0515130990	3.0
0425227960	4.0
0099585278	5.0
0061456780	5.0
0425214648	1.0
038542289X	3.0
0451461320	3.0
0440195349	5.0
0971338965	5.0
0739412329	5.0
1419967762	4.0
0553247603	5.0
1927477034	3.0
0061456772	4.0
0671003364	3.25
0373772416	3.0
0425195805	5.0
1494289105	5.0
0451415418	5.0
0380481650	4.0
0977468208	5.0
0553581856	5.0
0553593838	3.5
0821759213	1.0
1481207474	4.0
B005CRQ546	2.0
0062210513	3.0
1419958836	3.0
B004N62M26	3.75
1476783284	5.0
0425227944	4.0
1480219851	3.0
0061043583	4.0
0446566586	3.0
0440221986	3.0
0425203972	4.0
1616145471	2.0
0671737791	3.75
039915373X	3.0
145162803X	5.0
055324762X	4.0
0738707848	3.0
014219672X	5.0
044655894X	4.0
0446558958	4.5
0671024256	5.0
0060545607	1.0
0061456748	4.0
1609280954	4.0
0758220669	1.0
1609113039	4.0
1439159661	3.3333333333333335
0061456756	4.5
1479101761	2.0
0061087130	4.0
1468098578	3.0
0151012032	4.0
1416552448	3.0
0425236889	2.5
0739445286	4.0
0671019732	3.0
0060507365	2.0
B00BP2UTO4	4.0
B00436F00W	5.0
0451212991	1.0
0061853372	3.0
1456450956	5.0
B008H6GJ4K	5.0
0312942311	1.0
0373793308	2.0
B004K1EVZK	3.0
1455599182	4.0
0451233840	5.0
1599983567	2.0
B004HO62QQ	3.0
0671019724	4.0
B0081JU9ZS	4.0
1419951386	5.0
0356500276	3.0
0765328747	4.0
0671019740	5.0
1402239769	3.0
B00A8NGHE2	4.0
0451404750	2.0
B00IB5D9CW	3.0
0425247546	1.0
0446531081	1.0
0312942303	5.0
0373773706	3.0
0803725140	5.0
0615271685	4.0
0505524740	2.0
1602728631	3.0
0375414959	3.0
0674479408	2.0
0441020860	3.25
0974575038	5.0
B00DXU05C2	3.0
0755348087	3.0
B007ILI0VK	2.0
0763606960	5.0
B004J1720M	4.0
0451461398	5.0
0671747150	5.0
0425140040	1.0
0399159096	4.0
0515141674	3.0
0743201647	3.0
0062107739	4.0
0451224914	4.0
B0055PMRSS	3.0
0505523426	4.0
B007UDH6IE	2.0
0898799953	3.0
B007VIMT44	3.0
0060001453	5.0
0886777550	3.0
B002TG4OZ0	4.0
1590806077	3.0
0451227190	4.0
0671019708	4.333333333333333
1451628005	4.0
043902353X	5.0
0061852058	3.0
0060796677	2.0
0425240932	4.0
0380801213	3.0
0425270793	4.0
B00G8BHJB8	5.0
0062136275	3.0
0399159088	3.0
0373289391	2.0
0140861580	5.0
B002R2OFBO	3.0
B00K8GECK0	3.0
0739436333	3.0
0743291999	1.0
015205300X	2.0
0312549261	4.0
B002FSTJOS	3.0
0671019716	1.0
0061259357	2.0
B00AKEI55S	5.0
0425247562	4.0
0553104241	4.5
B007FER9M6	4.0
B00EYM57HQ	4.0
0451411013	1.0
0061208604	4.0
0758211767	4.0
0373618689	2.5
B005PG5I4C	4.0
B0065SUU4W	4.0
0425215903	1.0
0399156879	3.0
0425209229	1.0
0843961430	2.0
B005J1L41Y	5.0
0399154213	3.0
0060851988	2.0
1416974512	4.0
0312983743	3.0
0425244466	4.333333333333333
006201949X	5.0
B0055PMJMW	4.0
0312549253	4.0
0671019767	3.0
0373790236	3.0
0451458559	3.0
1402291477	5.0
0312303467	5.0
1480230219	3.0
1843606143	4.0
044658083X	2.0
0821780689	3.0
0425212866	3.0
0451236092	2.0
0062088947	5.0
B008BM0NG0	3.0
1416974520	5.0
0679762671	4.0
0615656552	5.0
0312949820	3.0
1452655200	2.0
193774406X	2.0
0312387970	3.0
1612186009	4.0
B007SGFN0Q	5.0
0345492277	4.0
0425247503	4.0
034539657X	3.0
0964894238	2.0
0373778597	3.0
0505528223	1.0
0778320650	3.0
0312549245	4.0
B008DMGD0S	4.0
0547386087	2.0
0821780654	3.3333333333333335
1611097894	3.0
1781163154	3.0
0143057588	5.0
0373605390	3.0
1461072514	1.0
0553589733	2.0
1452655235	3.0
1605048577	4.0
B009FMVNGE	4.0
0857661361	4.0
0373709110	4.0
0452297540	4.0
037336363X	1.0
0062019481	3.0
1480275107	5.0
143915788X	3.0
0451215117	4.0
044022375X	5.0
0141326085	4.0
0515138096	3.0
0373790252	3.0
1423168232	4.0
B003A7I26Y	2.0
1573449296	4.0
B00B9I1M5O	3.0
0843961449	5.0
0307749649	3.0
0878575103	4.0
0425255131	4.0
0061208612	5.0
B00309SCUS	5.0
1476756503	3.0
0425236870	2.0
0743539869	5.0
B008BJJT86	4.0
039306123X	5.0
0373247508	2.0
0804119627	4.0
B004FPYZNY	1.0
B004HILYVA	4.0
0307245306	2.0
0987803727	2.0
1419951378	3.0
B0058V1JXI	3.0
0316080993	4.0
0451198166	5.0
0439023513	3.4
B00EHMFBLA	3.0
0316154741	4.0
1551668874	2.0
1439197059	4.0
0843937769	3.0
0689808828	5.0
0061659223	4.0
1416503609	3.5
0671017152	3.0
0821778315	3.0
0380753022	4.333333333333333
1416975888	5.0
0451462629	5.0
0099461269	3.0
0451463951	3.0
0061134007	3.0
0425223566	1.0
0425203956	5.0
0441019013	4.0
B00BEK71Q6	1.0
0765334577	2.0
0373892071	4.0
0425231119	3.0
0140434240	3.0
1416503617	3.5
0989180484	5.0
0515143480	2.0
5554632718	1.0
0380753014	3.0
0727844342	1.0
0446558931	5.0
1482658372	5.0
0143038419	5.0
0451406532	5.0
B009Y13QXE	5.0
0399134654	3.0
0062100289	3.0
078626392X	5.0
1481042440	3.0
0061234931	3.0
0440221994	2.5
0060731303	2.0
0805081100	2.0
0061234915	2.0
0821780611	2.0
0446618918	4.0
0449218724	3.0
1439198365	4.0
0505528282	2.0
0671017136	2.0
B009OZN5Z4	1.0
B005CRQ57S	2.0
1416542272	3.0
0451227107	3.0
0312949812	3.0
0373618662	3.2
0811826023	5.0
075820941X	4.0
1439166773	3.0
0099911701	4.333333333333333
1609288084	2.0
B008N47FNA	3.0
0471747238	5.0
0312949804	2.0
1440509867	1.0
1451613814	3.0
079226164X	3.0
019953750X	3.0
0440223725	3.0
B002R2OF9Q	3.0
0441020011	4.5
0615717217	4.0
1599983508	4.0
0062273221	3.0
0060194995	5.0
B004C44OXO	4.0
1612350275	3.0
0671017144	4.0
0425152898	5.0
0439813786	3.0
0425236838	2.0
0982500599	3.0
0452285534	2.0
0385344007	4.0
044661453X	2.0
0679728740	5.0
1606015249	3.0
0062129902	5.0
0545042143	4.0
0380813173	3.0
0689867166	1.0
1402265107	5.0
0373618727	5.0
0451466225	3.0
1599989751	2.0
140226206X	4.0
B00JTIOYOM	4.0
1605044148	3.0
0060756632	4.0
0373775490	3.0
1610341430	5.0
0061734012	3.0
0312939515	2.0
1610342763	3.0
B00HFUJPO0	4.0
0451419006	4.0
0446584355	3.0
0062018213	3.0
149042556X	4.0
0425208885	4.0
0804119686	3.0
0425253457	4.0
0671735934	4.0
0061450545	1.0
1439166765	3.0
0451237463	4.0
0061336890	1.0
0061032093	3.5
0380750864	3.5
0446600814	2.0
0373079621	5.0
0758205937	4.0
1495477908	4.0
B005CRQ5AK	4.0
0451463196	5.0
1107050448	4.0
0352339020	4.0
0767907809	4.0
1607377446	5.0
0061734004	3.0
0756407133	4.5
0373836848	4.0
0385338996	3.0
1452661197	3.0
0061032085	4.0
B009LVWN40	3.0
1439198322	3.0
0984479546	4.0
031608090X	5.0
0345531450	3.0
0452287227	3.0
0425252159	5.0
0142419400	3.0
0141800127	4.0
0425104346	3.0
1606840592	2.0
0060092971	2.0
1449319238	4.0
0425257843	3.0
0515142166	4.0
B0073VIZB0	3.0
0020446500	3.0
0451229851	3.5
0802117066	3.0
0373605439	4.5
B00C74WXBG	4.0
0425240169	4.5
B00HTJBE6O	2.0
1477403043	3.0
1492299413	5.0
0425171078	4.0
0671023721	4.0
0316067954	1.0
1611940575	3.0
0307275167	4.0
0061376094	2.0
0451460936	3.0
140221085X	3.0
0060092963	4.0
0425239195	4.0
0373771908	4.0
0399155481	3.0
B00H7O62U4	5.0
1402255748	3.0
1442358424	3.0
B0070Y00M2	4.0
1597002569	5.0
B006RAMY9W	2.0
0373771088	2.5
0373835558	3.0
1481978063	4.0
1455520810	3.0
0060090375	5.0
B00AKI4IX2	3.0
1419969595	5.0
0062100203	3.0
B00632KWPC	4.0
1455812013	4.0
0316018953	4.5
0345534506	4.25
0316013269	3.0
0307595129	4.0
B00BMM5M3A	4.0
1401685765	3.0
1620610116	4.666666666666667
1741798442	4.0
1596328363	4.0
0451197704	3.0
0778326705	3.0
B0049B1VS6	3.5
0060090367	1.0
0756407168	5.0
1416516093	2.0
140870403X	2.0
B003SNJYXK	3.0
0062326201	5.0
1402245521	3.0
1620610132	3.0
037386051X	1.0
B00C2TCQUE	5.0
0764228900	3.0
0399159894	2.0
0983212546	3.0
1455839957	5.0
0140621199	1.0
0743457609	5.0
0440223776	2.0
B00C74WXEI	4.5
1606012150	3.0
0062019511	4.0
0451160444	4.0
B005950L46	4.0
0425176797	4.0
0373774133	2.0
1402286023	3.0
0982953720	2.0
0061957844	5.0
0553808036	3.0
B006NU1276	4.0
0515138975	1.0
0345517199	4.0
0061001783	3.5
0380750848	3.0
B003ULP7VS	3.0
1402253133	2.0
0425211606	4.0
1476776016	1.0
0451230809	3.0
0373795068	4.0
037377544X	4.0
0380757478	2.5
1434843890	4.0
0143036610	4.0
0758205910	4.0
0307595110	3.6666666666666665
1603814655	3.0
0385721919	1.0
0446543837	3.0
0425224902	4.0
0671034413	4.0
0451236106	4.0
0425266745	4.0
050552516X	3.5
B003OYIGFU	3.0
B0035N1UXA	3.0
B006PVGZ0W	4.0
B004322F7W	1.0
0451217845	3.0
0451197712	5.0
0425240134	4.0
0373775466	4.0
098380060X	4.0
0679722645	4.0
038550117X	3.0
0425230740	5.0
0380414759	1.0
0553385100	3.0
0062223895	5.0
0451464443	4.5
0060558199	5.0
0786704608	2.0
B005ME39HU	4.0
0778313433	5.0
0758215320	2.0
1551662744	3.3333333333333335
B00KSNT3IE	5.0
0758269188	3.0
0373772386	4.0
0743466500	3.0
1492788678	4.0
0312307020	2.0
1483957993	5.0
0373731817	3.0
0758266928	4.0
0380790912	3.0
141995623X	3.0
055357213X	3.0
B002TG4P22	2.0
0615654819	3.0
1937856224	3.0
0345535871	4.0
0062223879	4.0
0425229734	1.5
0758269196	3.0
0385338112	5.0
1603138412	4.0
B002YK45IW	4.0
0446548642	2.0
0380790904	3.0
1465414347	3.0
0345533232	4.0
1479338478	3.0
0356500209	4.0
B007P0OKOK	4.0
0764205412	4.0
0060847905	1.0
0312544324	3.0
0778324109	2.0
0373775431	2.0
0425201392	5.0
1476725365	3.0
0312307047	4.0
0758228651	3.0
037377673X	3.0
143271385X	5.0
B007ATKWB6	5.0
0553385119	5.0
1606192353	3.0
0759226466	4.0
0765318415	2.0
0425229718	4.0
B003MQNAQU	4.0
B001IWL1ZM	3.0
1416531645	2.0
0373295987	5.0
0373775423	2.0
0380005255	3.0
1466259353	2.0
0399153721	4.0
0373150903	3.0
045122230X	2.0
0743463447	4.0
0440237556	4.0
0452159091	4.0
0778324125	3.0
B000OT8GBC	4.0
0758271476	3.0
B008BM7T08	1.0
0099574624	4.0
0778326780	3.0
0141032235	4.0
0316152196	4.5
1416531637	4.5
0373772327	3.5
077832544X	4.0
0345486455	5.0
1575668696	5.0
0345475798	3.0
0738713708	3.0
B00BM8DTHA	2.0
B004W9NIOU	4.0
1608206599	3.0
0373285728	1.0
0991686004	2.0
0441016766	4.0
0062024027	4.333333333333333
0983782334	4.0
0821769391	4.0
0425115801	5.0
0099574632	3.0
B00466HSLI	5.0
0425230716	3.0
044640053X	2.3333333333333335
0425260585	5.0
B004QQ3MHC	4.0
1439152969	2.0
0061491888	3.0
0385341768	4.0
0743463420	5.0
B004P1J20E	4.0
B00HVKCMQC	3.0
0345478851	2.0
1456307185	2.0
B008QPCII8	4.0
0671569015	2.0
0373218966	3.0
0425224074	3.0
0380794470	3.0
0765365650	3.5
0062200348	3.0
0778328503	5.0
B003AT11OC	5.0
051514701X	4.0
1606014714	2.0
0425215113	4.5
B004FV4SPS	4.0
038077352X	4.5
031298104X	4.0
0812551028	3.0
1605045446	2.0
0385339461	5.0
0451222350	4.0
1451626339	5.0
1439152950	3.0
1585476951	1.0
B005Y16IWO	4.0
1456584014	5.0
0316204366	5.0
1416537384	3.0
0515128554	3.0
0345515501	5.0
0316251593	4.0
034071820X	2.0
1416978836	4.0
B00GETFZBA	4.0
077832754X	4.0
B0035LDMZ6	3.0
B00HGI16I4	4.0
1416537376	4.0
B005DF0EH6	3.0
B006XWY424	4.0
0425247694	5.0
B006IIX0N2	2.0
1402238770	4.0
0060529474	2.0
0451463625	4.0
1440454299	5.0
0373802021	1.0
0515128546	4.0
0756407923	5.0
0316153915	2.0
0758267614	4.5
0761457224	5.0
0778315584	4.0
B0064TJQS8	5.0
B005R12O24	3.0
1483918777	2.5
0505523973	3.0
0778315592	5.0
0425226743	4.0
0615717764	3.0
0373198582	1.0
0425245047	3.0
0345289927	4.0
031237917X	4.0
0515148148	2.0
1451642466	5.0
B00JKRGHQA	5.0
1416991824	3.0
1416566724	2.0
044024384X	3.0
031262168X	4.0
1451650051	4.0
1934678031	3.0
0340923245	4.0
B00I1VXA3O	5.0
0425226735	5.0
0553590448	5.0
0062117858	3.5
0446571628	4.0
044657161X	4.0
0307341542	5.0
B005P9FURY	3.0
0345458419	4.0
0803497024	2.0
1606012975	2.0
1416563687	4.0
1250006082	3.0
0312351623	4.0
1612185894	3.0
0399143823	5.0
1937475697	4.0
0061797022	5.0
0061374229	2.0
0060820977	3.0
0446571636	4.333333333333333
0515115266	4.0
0553590456	4.0
034552750X	3.0
0425221032	3.0
0373771223	3.0
0800733398	5.0
1419964585	3.0
0451220897	3.0
0553581511	2.0
0307341569	5.0
1416566740	4.0
0345476255	1.0
0758273495	2.0
0312966407	3.0
0143142232	3.0
0385730284	5.0
0373210736	3.0
B002A4MICW	5.0
1594488126	5.0
0451463676	4.0
0451210689	3.0
0778326268	3.0
0345527526	4.0
0312327994	3.0
0307452468	2.0
1477694919	4.0
0770437680	4.0
0312356498	3.0
042523567X	3.0
1455525839	5.0
0099740915	4.0
1419968939	3.0
0425213471	1.0
0821773836	3.0
B005UHJ2NE	5.0
0425245004	4.0
038080901X	4.0
0025853503	4.0
0743249925	5.0
B005GGH37G	3.0
0373776098	3.5
1419951270	3.0
B005GFB7N8	4.0
0345535154	4.0
0312974035	4.0
1416537325	3.0
0778316009	3.0
0060899220	4.0
0843956348	2.0
0380711966	5.0
B008GMEKOG	4.0
0756406668	4.0
0758238266	2.0
1475149476	4.0
0373803303	5.0
1402245076	2.0
1484016327	1.0
B00913DEAK	3.0
0061808261	2.0
0778300498	5.0
1419951289	4.0
0316055433	3.5
B00II3YH8W	3.0
0307749584	2.0
0758273479	3.0
0743470117	3.0
B005J6J3K8	4.0
072786792X	4.5
0133091929	5.0
0843955007	5.0
0758238258	3.0
0425212122	1.0
0345515579	3.5
0425213455	5.0
1416566759	2.0
B001J4SYZO	1.0
1455578347	5.0
0312609140	3.0
1416537309	2.0
0749080973	5.0
1611188296	4.0
0399142533	5.0
0373773846	2.0
034552621X	3.0
161109951X	2.0
1439190356	4.0
B0044KM0B4	3.0
1451649916	3.3333333333333335
1931847894	5.0
0756406684	5.0
0553579231	2.0
B0088NGZWI	4.0
1605048232	5.0
0843960469	2.0
0821736833	5.0
0425141233	4.0
1453885765	4.0
1481916459	5.0
0758225814	3.0
B0035LDNBY	5.0
006199622X	4.0
0821776061	1.0
0440244323	1.0
0373777396	2.0
0671870955	5.0
0312937970	2.0
0380784912	4.0
142011896X	4.0
1604444118	5.0
1420118978	4.0
0451407547	2.0
0446617512	2.0
0857206931	4.0
0440236711	5.0
1420104306	3.0
0425179060	2.0
0970716907	5.0
B006643NL2	1.0
0451407539	2.0
0316153990	4.0
B0098AD2FS	3.0
1583334343	5.0
1439176043	2.0
B003K16VDG	2.0
0451226178	3.0
0778329348	2.0
0385335881	4.0
0505526166	2.0
B0067AHJ7Y	5.0
0515118370	4.0
0758212518	4.0
0758255683	4.0
1455574856	3.0
B005A7RA88	4.0
0446556823	4.0
146113613X	4.0
1605048216	4.0
0312383282	1.0
B00IHMEBR6	3.0
0991322207	4.0
039916216X	2.0
006230240X	3.0
0778328023	4.0
0451218507	1.0
B002DOSBOI	2.0
042526856X	5.0
1419956930	2.0
0446365327	3.5
0451226186	1.0
0373129955	1.0
0807021024	4.0
0446556815	3.3333333333333335
1442346965	4.0
0615690106	2.0
1416953582	5.0
0553591703	3.0
0970716931	4.0
0316128112	4.0
0345434471	3.0
0425236994	2.0
0451407520	3.0
0425256588	2.0
144047169X	5.0
0545265355	5.0
B009AZ80R6	4.0
1416589422	3.6666666666666665
B007FIIF34	2.0
0446365335	3.5
1402202733	3.0
B005ES46JY	5.0
1843609320	5.0
0399144331	2.0
0452283485	4.0
0399145664	2.0
0345507002	4.0
B008QNCG1O	3.0
0449212084	3.0
0970716966	3.0
0671692658	5.0
0399153284	3.0
1420108719	1.0
1451658834	3.0
1419953842	3.0
0312539517	3.0
097071694X	3.0
0373776020	5.0
0425243214	4.0
0312583753	2.0
1593078854	2.0
0373618778	3.5
0758207115	2.0
1425953514	5.0
B008JHXOKY	3.0
0061376078	2.0
1482008238	2.0
0380787164	5.0
145550369X	5.0
0767926269	4.0
190646202X	4.0
B008CJ2446	4.0
0545141966	3.0
1402258313	2.0
0061429899	3.0
0060157399	2.0
009947445X	4.0
0099474468	3.0
0758255640	5.0
B004YK3180	4.0
0425235610	2.0
0061449466	2.0
045122745X	2.0
0312607350	5.0
B002AJGXFU	2.0
0062046934	4.0
0698106644	4.0
0545123283	3.5
0970716982	5.0
B00CNTTUWA	4.0
031235164X	3.0
1482068702	2.0
0553062069	3.0
0352340398	4.0
1463698402	4.0
074347628X	3.0
1468161660	2.0
0765333147	5.0
0452278902	4.0
B00702M62Q	1.0
0312351666	4.5
0445406518	4.0
0373618794	3.0
1439136807	3.857142857142857
B005IYEWHA	3.0
0380725703	3.0
B0068742US	4.0
0758268963	4.0
045123944X	2.0
B00C2YRAQE	3.0
0758208472	3.6666666666666665
0099474441	4.0
0842355421	5.0
0373278306	2.0
1935661906	2.0
0345478916	4.0
0440246113	3.8
1477808655	3.0
0061138010	5.0
0399148612	4.0
0451464168	5.0
0385196288	5.0
0545123267	3.6666666666666665
0793801907	5.0
0451235150	4.0
1419961551	4.333333333333333
0764224239	5.0
0345538196	4.0
0399156240	2.5
B00CXRSLXG	5.0
044101819X	3.5
0451228863	3.0
B00BFQDGN6	3.0
0062021737	3.0
0988636409	4.0
0060763035	2.0
0354045946	4.0
1416524851	2.0
1461162491	2.0
0425217000	3.0
0385351836	5.0
0062019430	3.75
0345486528	3.0
0393244660	5.0
0316003360	1.0
0821762273	4.0
0060523387	1.0
0887309925	4.0
1607374056	5.0
0060561661	4.0
0312939620	2.5
B008OJV7B0	2.0
0373777329	4.0
0425206335	4.0
1402245831	5.0
076532377X	2.0
0425218317	2.0
0061138037	4.0
1557738661	3.5
1461026415	3.0
0373124309	1.0
B00507GK02	2.0
0765333104	5.0
077832267X	4.0
0312252617	2.0
0373776004	3.0
B00H6TQE4E	1.0
0380814390	2.0
B00AROMRYQ	5.0
038533883X	4.0
0380782332	4.0
0451200497	5.0
0765326825	3.0
B0080LW018	5.0
1620610078	4.666666666666667
B0098D2EVI	5.0
B003IWOC24	4.0
1495380432	2.0
0671524208	4.0
B007FEFD9M	4.0
1449550207	3.0
B00KPIPQJ2	1.0
0425220621	2.5
1468113054	3.0
1456301152	4.0
B003F1CXA6	4.0
0609606336	5.0
0373605560	1.0
0345486544	4.0
0345335465	3.0
1611940443	4.0
0312307594	5.0
0982628161	4.0
1622414330	3.5
0440236746	5.0
B00L5O9V5K	4.0
B0088XLEP6	1.0
1592402216	3.0
084395020X	4.0
0425217051	2.0
044020609X	1.0
0451207963	1.0
0373775571	3.0
006075981X	4.0
B004LLINNU	4.0
0758213867	4.0
0440209137	2.0
0307929590	3.0
0446552437	3.0
1609288939	4.0
0373776888	3.0
1455576506	5.0
B007NK64H8	5.0
0099244926	3.0
0393072231	4.0
0373294395	4.0
0373605501	2.0
1494388588	4.0
0743250109	2.0
0061208590	3.0
0373775563	3.0
042526114X	5.0
B0085SHPFM	4.0
0345522648	3.0
1620510510	1.0
B009JWLKEU	3.0
0062190423	3.0
0345533313	3.0
0446604232	3.0
B009W313U2	1.0
0451412907	3.0
0373837631	3.0
0451460626	1.0
B005N9FPOO	3.0
0060779411	5.0
0375405445	3.0
0385515057	3.0
0758269404	2.0
0758213883	3.0
0758220170	5.0
1935416782	4.0
1593155549	5.0
037377558X	2.0
1466394595	4.0
0375701907	2.0
0957400500	4.0
0553284657	1.0
1492115533	5.0
0425266869	4.0
1402245866	2.0
1606841777	4.0
0451236475	4.0
0312983751	4.0
0385739567	4.0
0345486501	5.0
006149190X	2.6666666666666665
042518756X	2.6666666666666665
0786247088	5.0
B009R3I71U	5.0
006112429X	1.0
0425264203	3.75
0385351852	3.0
0060734558	5.0
037329610X	5.0
0099569353	5.0
044024434X	2.0
0312941919	4.0
B001CN45ZA	4.0
0373751559	3.0
1416289488	5.0
0312625200	3.0
0061351520	3.0
1455599255	3.0
0800720040	4.0
1455578312	3.0
0886776082	5.0
0374523835	3.0
1605045993	2.0
1573444022	4.0
0393057445	3.0
1466263938	4.0
0743264797	3.0
0778325776	4.0
B007WRFXYC	5.0
B0051VE086	4.0
0373771177	2.0
061563978X	3.0
0312606931	5.0
0517189186	5.0
0425239209	2.5
0394725808	4.0
0385341636	4.5
0758238312	2.0
1934531057	4.0
B00GKBIR80	4.0
0758259271	4.0
0452281679	2.0
1455599247	4.5
1460930444	2.0
0060734574	5.0
0761462651	4.0
B006T2KUPI	4.0
0786715847	2.0
0061351504	5.0
0375431039	2.0
0061081531	3.0
0373238266	4.0
0425241521	4.0
0983750254	3.0
0373776853	4.0
073949547X	2.6666666666666665
0062018949	4.0
0312990936	3.0
0692026061	3.0
144235948X	2.25
1612181449	4.0
077831247X	4.0
1416994815	3.0
0373291272	2.0
1599984113	3.0
B005CRQ4K6	3.0
0316075841	4.0
B00807FKPA	3.0
0345532031	2.0
B004WGUYCW	4.5
0312568894	2.0
1903931843	3.0
076532900X	4.0
0671702513	3.0
0553100874	2.0
0765352257	4.0
0451225775	3.0
0425241548	3.0
1495240231	5.0
0758259255	3.75
1477694048	2.0
031619011X	4.0
031620126X	5.0
0758231709	3.0
0373291264	3.0
1466299916	4.0
0062018965	4.0
0843952067	2.0
0671702505	4.0
1619215055	3.0
0743254554	2.0
051512995X	3.0
B007XAFECY	3.0
0061118443	5.0
B007OYKAIC	4.0
1615813780	4.0
0312589980	3.0
1463529686	3.0
0743470095	5.0
0425206319	2.0
0399106855	3.0
0440235499	5.0
0425216594	3.0
0373296983	3.0
0061235350	3.0
0451233328	4.5
1451606834	4.0
1937044475	3.0
1599908433	3.0
0373122543	4.0
B0050QI8BW	2.0
0373123876	2.0
055356241X	3.0
0451225716	3.0
0758259239	2.6666666666666665
0373708718	2.0
0195169115	3.0
0373776802	2.0
0451221354	4.0
B007YJ3JV2	3.0
0440167531	4.0
0385341679	5.0
1843600005	4.0
1455599204	3.0
055310084X	4.0
B00GI8V430	3.0
1620610094	5.0
B005U8GQT6	2.0
1622660757	4.0
1477808620	3.0
0765309408	3.5
1477576924	4.0
0756402204	2.0
0345486560	3.6666666666666665
0451213785	3.0
1857151380	4.0
1606592661	5.0
0312546610	3.0
B00BABTBTO	4.0
061564385X	4.0
145058859X	2.0
0451225724	5.0
B008BW91H2	5.0
0505523027	4.0
0446618004	1.0
B0053YIHHQ	2.0
0375500901	3.0
0425219607	3.0
0375831002	2.0
0373772467	3.5
0373752873	3.0
0451220048	2.0
0778315568	1.0
0061138061	3.0
0373691432	3.0
B00847UYWA	3.0
0425241505	4.25
0446571555	3.0
B005GQN0YG	3.0
0980044812	5.0
0312596286	3.0
0062018914	3.0
0141194529	3.0
B00BZPJSV6	3.0
B0099EF2K6	2.0
0385341652	4.5
0553585983	3.0
0802723705	4.0
067103412X	4.0
0312590989	3.0
0373293003	1.0
1615815503	4.0
0316178454	4.0
B006GHBSA2	2.0
1934531081	3.0
0521422817	5.0
0345486587	1.0
B006RPAS2M	4.0
0312599102	4.0
0821780034	5.0
B00AMUZS3W	1.0
0373803249	4.0
0312426119	5.0
0451230132	2.0
0425266095	5.0
0142001740	3.0
B00CZFBDGI	5.0
0345504968	4.0
B004UI6UI4	4.0
0671739751	3.0
0557445019	4.0
0553576232	2.0
1931847126	5.0
0060751967	3.0
1590172442	4.0
0345535227	3.3333333333333335
B007JJEFJC	3.0
0451463749	5.0
0743470044	3.0
055313079X	5.0
1609282914	3.0
0553106236	3.0
0553258524	4.0
B0084OEVOU	3.0
160601286X	2.0
B004NEW59S	4.0
B00CX5V74I	4.0
B007GSO4XS	5.0
0671739743	3.0
0758218567	2.0
0316228435	4.0
146811803X	2.0
0425224201	3.5
0758285388	3.0
B00F9FBE0Q	5.0
1452103097	5.0
0517207419	4.0
B0070EP63U	3.0
0821780018	2.0
0505528088	5.0
0060964049	2.0
1476751447	5.0
0671578200	5.0
0553588249	3.0
0312550057	4.0
1553164865	4.0
0758238193	3.0
0778323099	3.0
0451235843	4.6
0380819171	3.0
0671739735	4.0
B009VIE3FA	2.0
0738736155	4.0
1402258224	4.0
0778328783	4.0
0345536592	4.0
0989246515	4.0
0340687517	4.0
0062085611	5.0
0739421042	1.0
B004XJ48WA	3.0
0399151311	3.0
0778314154	3.0
0764205145	3.0
B006A1Z06W	3.0
0425225518	1.0
1420104489	3.0
0345484800	2.0
0385321988	5.0
B007J4YRFE	1.0
B00ABQV1MY	2.0
0345442121	4.0
1937774120	2.0
0446616915	4.0
0385343329	5.0
1401942024	4.0
0553593617	2.0
0515094773	4.0
B00HRFJTGM	5.0
B007ZW8FR6	3.0
0446677906	4.0
1402251653	3.0
1476717516	4.0
0062094599	5.0
0449222160	5.0
0451232755	3.5
B003VYBP9M	5.0
B004XVM2P8	3.0
0451229118	3.0
0470527145	4.0
0307716546	4.0
1420100955	3.0
0778327477	3.0
1402213395	3.0
1402258283	5.0
0743572270	3.0
0778327493	3.0
037321085X	3.0
0441019641	3.0
B006J8QBH8	3.5
1937007588	3.0
0891347216	5.0
1455503746	5.0
0425242099	4.0
1416989412	2.5
1463591659	4.0
0425266044	4.0
1420843818	4.0
1480134333	4.0
B0092MPT80	3.0
0312266324	3.0
1481939084	3.0
B004XVM2Q2	3.0
0446694495	3.0
1402238665	5.0
145550372X	4.0
0670024856	4.0
0425216616	2.0
0345447832	5.0
0515090395	3.0
B0048EJUEQ	5.0
1466445661	2.0
0345490665	2.0
0765328518	3.0
0316182540	4.0
0316035718	4.0
0312179405	1.0
0989311287	2.0
0984352627	5.0
037313021X	4.0
0380802309	3.0
0765328526	1.5
0425133516	2.0
1402238657	3.0
B005LT34G2	4.0
0142428949	3.0
B004UHLJFO	3.0
042525710X	4.0
1599981181	3.0
0316072788	3.0
0226771105	4.0
031607277X	3.0
1420108891	3.0
0345490673	3.0
1565970438	4.0
0385343310	4.0
0316056634	3.0
B008JI94PM	2.0
0449222152	5.0
0553578820	2.0
1466453222	5.0
0451239350	3.4
0380802317	2.5
0375869557	3.0
0399154450	4.0
0307749436	4.5
0747257833	2.0
0441017029	5.0
0312948743	1.0
0425217094	4.0
0375869549	4.0
0972437738	5.0
0399158812	4.5
0061127523	1.0
0399143793	4.0
0441020674	4.0
147813223X	5.0
0316212946	5.0
0061128856	3.0
0440244447	4.25
0615366503	3.0
074343434X	4.0
1402211570	2.0
0425234436	3.0
B00486UF6G	4.0
0758213719	1.0
0452284023	2.0
0061958069	2.6666666666666665
0849922070	5.0
0345384369	5.0
1495443043	4.0
146117452X	3.0
B007Z4UI42	4.0
0312944373	3.0
0691070571	4.0
0451461967	5.0
0345531701	4.0
0385342047	2.0
1402267134	3.0
1939769213	3.0
B0059K0GZ0	3.0
0751552615	3.0
0425201503	2.0
0062024612	3.0
0312348126	1.0
0060784032	3.5
0373773900	3.0
B003ZK5M9Q	3.0
B003JTHZI4	5.0
0373290950	2.0
0373776179	4.0
B0015YEQ6O	4.0
044024577X	3.0
1250002672	4.0
0515131229	2.0
0451419618	4.0
0099474360	3.0
0061783161	3.5
B004MPRE9E	3.0
0451239377	5.0
0316017922	5.0
B005J0I2UQ	3.0
0345531736	5.0
1456521179	2.0
B008TU97KC	4.0
0451419626	1.0
1406332933	3.0
0671775472	2.0
1595143068	5.0
1841957976	4.0
1611098998	4.0
B005HMGY0G	1.0
0099569426	4.0
0263878198	1.0
0425238814	3.5
081255731X	3.0
0373836112	2.0
1469984202	5.0
0061374199	4.0
1401225721	2.0
B005YKC770	3.0
B0065KX8P8	3.0
0553276328	3.0
0373773927	4.666666666666667
0007506236	5.0
0060786671	4.0
1492294497	2.0
033039780X	5.0
B0058VAORA	5.0
1843608111	4.0
0307716511	4.0
0843962968	1.0
0451219783	3.0
0061783188	3.0
089296068X	3.0
0373605579	2.0
1250001315	3.0
045141523X	2.0
0399165142	3.0
B00DK42NR6	4.0
042520815X	3.0
0312955006	4.5
1442421177	4.0
1937007502	4.0
0451228669	4.0
0446530387	5.0
0345491149	1.0
044661128X	4.0
0330453866	3.0
0312571666	3.0
B00FIL334Q	4.0
0352340290	4.0
B00BNRHNEU	2.0
1605041742	3.0
1453681809	4.0
1419970291	2.0
0373605587	2.0
1420108824	2.0
0821765221	4.0
1453725776	3.6666666666666665
0523422377	5.0
1605984515	5.0
0440206138	1.0
0425222462	2.0
B00K9OOET0	4.0
1401228801	4.0
B005K94O3K	3.0
0671568833	5.0
0330419668	4.0
0425242021	5.0
1906931224	2.0
B002ZI4MW2	3.0
0425247716	4.0
0992278937	3.0
1439175489	4.0
0312548567	4.0
0373292716	4.0
0451416538	4.0
0061783196	3.5
160850204X	5.0
1250014603	1.0
0843947365	2.0
0451463722	4.0
0312622856	2.0
1467973270	2.0
0451206444	3.0
038072121X	4.0
0380713608	5.0
1451695098	4.0
B00BPJAGMC	3.0
145169508X	4.0
0842373195	3.0
1467926086	2.0
0441008135	3.0
0312864523	3.0
044100945X	1.0
B00GQBQFCO	5.0
0425196585	3.0
0062270486	4.0
1424140064	5.0
0061474649	3.0
0373774397	3.0
0373773064	4.0
0765331268	4.5
0312559208	3.0
0316099759	4.0
B0082CA0Z8	4.0
0399157441	4.0
1420122274	3.0
1572707208	2.0
0971217742	4.0
0310278716	4.0
B001RV3ON6	3.0
B004XVTPJ4	2.0
0805446664	5.0
1250050367	4.0
1906931240	4.0
0373777434	4.0
0425153975	3.0
0380016990	5.0
0380815583	4.5
0373834438	3.0
0843955821	2.0
0062019309	4.0
0451194861	3.0
0451417054	3.0
0425226069	2.0
0441002730	3.0
1402241356	2.0
0425251063	4.0
067179938X	5.0
0441014739	3.0
0446519960	2.0
0399153063	3.0
0451405056	4.0
0425230120	3.0
042518630X	5.0
0425219763	2.0
1906931267	4.0
0373769814	3.0
1414303068	2.0
1601831412	3.0
1477406794	5.0
B009JUOO90	3.0
0385338724	1.0
1606841696	4.0
0373834454	3.5
1607056348	5.0
0399153055	5.0
0425195260	5.0
0425218422	3.0
B004W0C890	3.0
067102177X	5.0
044102100X	3.0
0615437419	4.0
1609112865	3.0
1419968084	2.0
1439149194	4.0
0062107496	4.0
0843954523	2.0
0786867280	5.0
B005L5UOV4	5.0
0373774354	2.0
1402245777	2.6666666666666665
0440235537	4.0
0671744224	3.5
0399157484	2.0
006178320X	3.857142857142857
0061350982	3.0
1455527696	4.0
0671744216	4.0
0451219813	2.0
0062121790	3.0
1611941660	3.0
0373774346	3.5
B0060NP4UC	4.0
0373534434	3.0
0451154010	5.0
0373774362	2.0
0758232012	4.0
193341751X	4.0
0345501098	3.0
0451202139	2.0
1402211538	2.0
1413733026	2.0
0553275852	4.0
1495472418	5.0
0440244498	4.0
0743492579	2.0
1416979182	3.0
1601831420	3.5
0451184653	4.0
1402244428	4.5
B0037HOQJY	3.0
0765323621	2.0
0373834489	5.0
0743492587	3.0
B00APKK5J6	2.0
0373774370	5.0
0446618756	5.0
0441017800	3.75
B008242FMM	4.0
1935605070	5.0
0440235510	4.0
B003VYCAKK	3.0
B00CKUURA6	1.0
0380016974	1.0
0373617607	2.0
1451656351	3.0
0425241696	3.0
0062206745	4.5
1595142576	5.0
0738714844	3.0
B003XU7I9K	4.0
006075995X	3.0
0615731244	5.0
0373774389	4.0
1475028458	3.0
1609284674	4.0
0345533429	4.333333333333333
0446618748	5.0
1938499433	4.0
0743453468	3.0
1455505471	3.0
0345505425	2.0
0373718241	4.0
0425243400	2.0
1476753164	4.0
0373774311	3.0
B001HQHCBQ	4.0
0061794716	1.0
0312866321	5.0
1402217668	3.0
0452281784	1.0
1451655916	4.0
0345544110	5.0
0440236029	4.0
1420110209	3.0
0515126772	4.0
1480143251	2.0
0007361556	4.0
1599984210	4.0
0778325652	4.0
B004QWZ8I2	3.0
1905202105	4.0
1481033247	3.0
0151015392	2.0
0345533461	2.0
1466365951	2.0
B005D9PFHQ	4.0
0451237609	2.0
0692208879	4.0
0373776985	3.0
B004UHYPZK	3.0
1452662673	4.0
1555916295	5.0
B00I1VX9YO	5.0
1477498079	3.0
1480039810	3.0
0373771290	5.0
0754054446	5.0
1451655924	5.0
B00814M37U	3.5
031605660X	4.0
1423175123	4.0
0515145068	4.0
1595130543	4.0
0778326993	4.0
1402251564	4.0
0758273444	4.0
1491269871	5.0
0380703475	5.0
1442346272	5.0
0385336179	5.0
0380785315	4.0
0307934179	3.0
B0042JSMN2	4.0
0312949170	2.0
0143118706	5.0
0451464222	3.0
B003VIWRRW	4.0
0451402863	3.0
B007JE1B1C	3.3333333333333335
0441727859	4.0
0060002069	4.0
1599984237	4.0
0307929612	3.0
B00BB3KD0W	2.0
031604461X	4.333333333333333
0765327198	3.0
B00J3ZVZ2U	5.0
0061147931	4.0
0979518202	4.0
B007QUU9JO	4.0
1897562454	3.0
140225153X	4.0
0425252302	5.0
0451201620	5.0
0451464214	4.0
B002ZG8EFU	3.0
1596062827	3.0
1573444154	4.0
1908844833	5.0
1439181292	3.0
0451457935	5.0
1442352965	4.0
0060002050	2.0
0425232719	4.0
0451410483	4.0
045122387X	1.0
0062200577	3.5
0451457951	5.0
0615910661	2.0
0307272222	5.0
0142405418	5.0
1599984261	3.0
0451226917	2.0
045123149X	4.5
1612180051	2.0
B008JI9EHU	3.0
B006G0C8X0	3.0
0449130509	2.0
1469237318	2.0
0881339210	5.0
0380761319	3.0
B005NI5XUG	2.0
B00CGFEJ1I	3.5
B00570QXV8	3.0
B005DB46WO	3.0
1847390889	4.0
0373831366	5.0
0800733428	3.5
1601547315	2.0
B00B8E2BNQ	2.0
0062268112	3.0
0385498179	4.0
080073341X	5.0
0615748996	3.0
0451235878	5.0
1475082797	4.0
0446363731	1.0
0345444884	3.0
0399147284	3.0
0758261403	4.0
0399147268	4.0
1406330396	5.0
B005JGK8Y8	1.0
0142800376	3.0
1611099358	5.0
0425207749	1.0
0758207921	2.0
0778314103	3.0
0425219720	3.0
0615571417	3.0
1439113157	2.0
1402251599	3.0
B008X6TCNE	5.0
084394692X	5.0
1455508594	4.0
B0095QLXWO	4.0
0800733401	5.0
0226770656	3.0
0142800384	4.0
0689808186	5.0
1605047864	3.0
0451233239	2.0
0778324397	2.0
0380807149	3.0
1455508586	4.0
0425254925	3.0
0843946946	3.0
0345528921	3.0
0380761327	3.0
0373797877	4.0
1439195870	5.0
0446542040	2.0
141697119X	1.0
0984724354	2.0
0981943608	3.0
0373775806	2.0
1420109855	4.0
0061099481	1.0
0345509064	5.0
0141040343	5.0
098315810X	3.0
0451140451	4.0
1419951068	3.0
0761455280	3.0
0743289331	2.0
B006GEQ1AC	3.0
0843943289	1.0
0989451216	2.0
1420109847	4.0
1463536984	4.0
0385339151	4.0
1402257279	2.0
B00F561SW8	3.0
1935089447	1.0
0307595609	5.0
0758253206	1.0
0399149392	3.0
0758204280	3.0
1575668017	3.0
1601832168	4.0
045052468X	3.0
0758208642	5.0
0373796730	5.0
0451118537	1.0
0515130621	2.0
0316069434	5.0
0060596066	2.0
1601547358	3.0
0374249423	5.0
0307352897	4.0
1601546033	2.0
0758217595	3.0
1466441186	4.0
141995542X	2.0
142621314X	3.0
0385660065	3.0
B0042JSSE0	2.0
B0048EK0S6	5.0
0380798484	3.0
0062089080	4.0
1596323280	3.0
1439195862	4.0
1419951076	2.0
B0073HW6FA	3.0
0743597281	5.0
0385318200	3.0
B004NBYBAW	3.0
0373775822	5.0
0312979983	3.5
0385340117	1.0
0060505249	4.0
0380757966	4.0
B001892DG6	3.0
0425214990	5.0
0263905152	2.0
034547824X	2.0
0451464745	4.0
0449237567	4.0
1411665899	5.0
0440226295	4.5
0553592866	3.0
0821779397	4.333333333333333
0345443586	2.0
0312979975	3.0
B009VPG0YU	4.0
0743289358	2.0
1402270275	4.333333333333333
0373775830	4.0
042519485X	3.0
1597093939	2.0
0802723462	3.0
0373775814	4.0
0399154701	4.0
0373803575	4.0
0345510089	2.0
0446531375	3.0
0761459626	4.0
0515142611	1.0
0761458301	4.0
0060584068	5.0
0736927530	5.0
1416576754	3.5
B001892DGG	3.0
0465021522	5.0
0553592874	4.0
0547813376	1.0
1483949273	5.0
0446542083	2.0
0446611107	5.0
0758205562	5.0
0373803567	3.0
0451231791	3.0
0425263908	4.125
0399139141	5.0
1559702028	5.0
037325671X	3.0
0440244927	3.0
0425224376	3.0
0440226279	5.0
0821779370	3.0
0425269205	1.0
0553280511	5.0
006112494X	2.0
0671578332	4.0
B007ECLVQ4	5.0
0778329550	3.0
0373210507	4.0
0373803559	4.0
0300105924	3.0
0062020188	2.0
0553589253	3.0
0310246997	4.0
0812973232	4.0
0380819066	4.0
0425245241	5.0
0316001821	4.0
1490393188	3.0
0307454894	4.0
0756407753	4.0
0373772750	4.0
B0083DHIV0	4.0
0380786443	2.0
0385376111	2.0
0425246590	5.0
0425263924	2.75
1477849300	1.0
0451188454	4.0
0060741872	5.0
0316069485	3.0
0062020153	3.0
045146477X	4.0
1573447870	2.0
0553385607	4.0
0061923036	5.0
0141301066	5.0
0345434676	2.0
0373293771	2.0
0060084103	4.0
038533916X	5.0
0380816822	3.5
0425246582	4.0
0440244900	2.0
0985114614	3.0
038531826X	1.0
0373218443	1.0
0425263916	4.0
0821779354	4.0
1482537729	5.0
0060085452	4.0
0062085530	5.0
0380786451	2.0
1612186548	3.0
0345518853	2.0
1481028693	4.0
B005GQUA3U	4.0
0812516907	3.0
1586087991	1.0
0312605390	4.5
0671728571	5.0
0451206789	5.0
0385343248	5.0
1466354267	4.0
0446520659	5.0
0375870415	4.0
0312599072	3.0
0425213609	3.0
076145652X	2.0
1601543832	2.0
1402271514	4.0
1596436360	4.0
B005UPRRV0	3.0
1609365925	3.0
1416501592	5.0
0310247497	5.0
0399153470	4.0
B004EBT6S8	5.0
0758220367	3.0
0451229444	3.0
0440157587	4.0
0446614254	4.0
0980224632	4.0
B007SBHU2A	1.0
0373770995	2.5
0312599064	2.0
0062064649	3.5
1416524207	2.0
0060739592	1.0
0060740582	2.0
B00GEU7508	4.0
0062303996	3.0
0143170090	5.0
0399139168	3.0
0761456503	3.0
0892814802	3.0
1419954997	5.0
0062265946	3.0
0061709557	3.0
B0030H269S	1.0
1551665492	3.0
1935171941	3.0
B00BY5XSIG	2.5
B00K5Y8BCK	4.0
0425259854	4.0
0425210545	3.0
B00AWST6W8	1.0
0345421396	4.0
0778321649	3.0
0821779311	4.0
B0089MMZ68	2.0
0062085573	5.0
B002AJ7X2C	1.0
1606843230	4.0
1470031248	4.0
0440109930	3.0
0062064657	3.0
0345470362	3.0
147674355X	5.0
1609287061	4.0
0743267117	4.0
1402259824	2.0
0446406945	3.5
1482670534	5.0
0380815524	1.0
160529313X	4.0
0440241049	3.0
0375502459	4.0
0395266823	3.0
0345453808	5.0
0060511109	1.0
039915521X	4.0
B005VXNROW	3.0
0758258933	4.0
1601546912	5.0
B0072IKM5Q	2.0
B006QZJ4BO	4.0
0451237013	4.0
0446573140	3.0
0446574473	4.333333333333333
0671521446	4.0
061529202X	3.0
0425243451	2.0
0425264394	4.0
0373777590	3.0
0765317710	4.0
0451207203	5.0
0425132951	2.0
0373210582	2.0
0451225031	2.0
0310257670	2.0
0758258941	3.0
0446573159	4.0
1466220678	5.0
0385338708	3.0
1571745017	1.0
1935192809	5.0
0446574481	4.0
0671521438	5.0
0434020362	4.0
1475167032	4.0
0385345003	5.0
1451678673	3.0
0373440049	5.0
0425226948	2.0
140225721X	4.0
077830065X	4.0
0373777582	3.0
0300170920	2.0
1416984488	3.0
0983875944	3.0
0765334224	3.0
B001Q8V6MQ	5.0
1611098858	4.0
0373259824	4.0
0345428838	5.0
031612611X	3.0
0425235858	3.0
0441020380	4.0
0804176787	3.0
0399156534	2.0
0425127583	2.0
0765327945	5.0
0446573167	3.0
0352341009	4.0
0425184692	3.0
0385343272	5.0
B008W37MPI	3.0
0373776284	3.0
0758265204	3.3333333333333335
0425266117	3.0
0373770960	4.0
0778321673	3.0
0380815575	4.2
0425242145	2.0
1469953420	4.0
0763607762	5.0
0425213617	3.0
0060882638	5.0
1419965603	4.333333333333333
006088262X	1.0
006177894X	1.0
193755130X	3.5
1433680459	3.0
044661114X	2.0
044657449X	3.3333333333333335
B00699M8K6	5.0
1482547929	4.0
0373117795	4.0
0373770979	3.0
0515136824	4.0
042524783X	3.0
0306810719	2.0
0099450259	4.0
0425266109	2.0
0758258925	4.0
B004T4LHGE	4.0
0312931166	3.0
0316069418	5.0
0061083097	5.0
B00C2RXWQS	3.0
145169346X	4.0
1416570640	5.0
037377317X	2.0
B00HZ1E67K	4.0
1573442917	1.0
B0045OUIJA	5.0
0380818507	3.5
0679721037	5.0
B0091GZ1GC	4.0
0451465261	5.0
0451202473	5.0
B00HN9G1BS	3.0
1932815864	3.0
0451225112	3.0
0142426040	4.0
1463651058	3.0
0143170104	5.0
0451412710	4.0
1602021546	4.0
1416570632	4.5
B00AB7WIX4	1.0
1439150036	3.0
1451693486	3.0
B004XWBBHM	5.0
0316097446	4.0
074346754X	3.0
0451465245	4.5
0307265439	2.0
0425238199	3.0
0451237102	3.5
0743467558	3.0
1401223168	3.0
B0042P5GOO	1.0
0226770958	5.0
0449006832	2.5
0062106066	4.0
1442345462	4.0
1439109826	3.0
0061438561	5.0
0316910333	2.0
0373250533	1.0
1583851917	2.0
0061136093	2.0
B004U34BZS	2.0
0380820846	4.4
0399157786	4.0
0440236525	3.0
006169035X	2.0
1933417455	2.0
B00BNH25ZM	2.0
1469204932	4.0
0373250525	4.0
045123975X	5.0
1937044254	4.0
0440245478	5.0
038082082X	4.0
0743251628	4.0
B00CK52XB2	4.0
0061583073	3.5
0446675261	3.0
B0070Y3GR8	4.0
0446618667	3.0
B004E3XTCA	4.0
0399152083	5.0
1608610004	3.0
0451184963	2.0
0446585114	3.0
1933417471	4.333333333333333
0743407059	4.0
1573449563	3.0
B005VQSAXM	4.0
1419704281	4.0
8498724732	5.0
0842376666	5.0
0803733135	3.0
0440153166	3.0
0972437789	4.0
0515103969	3.0
0440223237	3.0
0967303583	5.0
014028334X	2.0
0778313999	5.0
1416567038	2.0
0425211983	4.0
1451636881	3.0
0062120336	3.0
0399146237	3.0
0446618659	5.0
0821778838	1.0
0985726709	3.0
1419951947	5.0
B005FSIQKI	3.0
073872369X	3.0
0373617712	1.0
0671744585	3.0
0373295499	3.0
0345292561	2.0
185487487X	3.0
1420101005	3.0
0758220391	4.0
0142429112	2.3333333333333335
0756408156	3.0
0330317547	5.0
1936305593	3.0
0373773137	4.0
0671601296	5.0
1602021589	5.0
0425229262	4.0
1402264348	4.0
0060092661	5.0
0380820854	4.5
0446605352	3.0
006196316X	4.0
0156029022	3.0
1605040932	4.0
0060898925	5.0
0316818119	5.0
0060898917	5.0
0226770915	4.0
0373731345	5.0
0449220796	5.0
0061555819	5.0
B00GG0H420	4.0
B007OWPAY8	3.0
1565125029	3.0
0345506898	3.0
0099574918	4.0
0425209644	1.0
0972437762	4.0
0778315711	3.0
1599983907	4.0
0373731329	3.0
0425231534	3.5
082177008X	3.0
034580404X	4.0
0373773161	2.0
0142418471	3.0
0312651317	3.0
0061988421	3.0
0399156496	3.0
0060898933	5.0
1420123211	4.0
B00K9O53UO	3.0
B005Z1BQBG	4.0
1451661819	3.0
0982344244	2.0
0312952813	3.0
0425264459	5.0
0547236263	5.0
0985872586	2.0
0446699233	1.0
082177445X	3.0
0226770931	4.0
0060572973	3.0
0515143189	4.0
0061963151	2.0
031620496X	5.0
0307744434	3.0
0843961120	2.0
1482715910	3.0
0060092645	4.0
B003NHSTZ0	2.0
0312362153	3.6666666666666665
0446618632	2.0
0060572965	3.6666666666666665
0465002420	5.0
0972437746	5.0
0373773102	4.0
B0064CLU0C	3.5
037377575X	4.0
0345506871	2.0
0373770073	2.0
077831572X	4.0
059522976X	5.0
0758205643	5.0
0749009802	5.0
0425214133	4.0
B00C5RVCEO	4.0
B002LUHZ0K	4.5
0758231938	5.0
1118681185	5.0
0441010083	4.0
0380808307	2.6666666666666665
B004DEQKX0	4.0
0446561991	2.0
0758251548	4.0
0547628382	4.0
0345506863	4.0
1937053164	4.0
125000988X	3.0
B008VVBMSE	5.0
0380762560	3.0
0373802307	4.5
B003E6M73K	3.0
1416986189	3.0
0373742827	4.0
B00AVA4NIO	5.0
0553575538	3.5
B007EE56AY	4.0
1419958542	4.0
1606525646	5.0
0758217633	5.0
0395276284	5.0
B007HQZ1HC	4.0
0446580287	3.0
0440226325	3.0
0446613827	3.0
B006O4D29M	5.0
0373794061	3.0
0983706336	4.5
0399171258	4.0
0451227700	2.0
0441015786	3.0
0380808323	5.0
0316081051	4.0
1481912755	4.0
0385340990	3.0
0446580295	5.0
0761457046	4.0
0736426264	5.0
0983706328	3.0
0553383051	5.0
0399146245	4.0
0380762587	1.0
0553278193	5.0
1602020272	2.0
1442341955	2.0
0380808315	5.0
0446533033	3.0
1469241943	1.0
0441013120	5.0
1453816984	5.0
B007W51VP4	3.0
0440111323	3.0
0425224384	4.0
0553258559	3.0
0380801701	4.0
0440226309	5.0
0060560118	2.0
0758205600	5.0
1455546925	2.6666666666666665
0385293305	3.0
B00ASWXWL4	5.0
0451232240	3.0
0800719255	4.0
0380811995	2.0
0345365917	1.0
037377267X	4.0
0380810662	3.0
0743477723	5.0
0451458915	3.0
0373250584	1.0
B004JN0GAI	1.0
B008GWOGXG	3.0
0312569963	5.0
0226770990	4.0
B004W3UD6C	4.0
0373775717	3.0
037540256X	2.0
0312371926	2.0
1889562033	3.0
0778313123	3.0
B007WYPJ8A	4.0
0380808331	3.0
0778322076	1.0
0062002325	4.0
1573446475	4.0
0380811987	4.0
0451225961	2.0
0553592017	5.0
034550111X	3.0
0758267096	3.0
0373250576	5.0
0425132048	5.0
1477808876	3.0
0310716292	5.0
B00520IDD4	4.0
1455546941	3.0
0449208281	3.0
1593078269	4.0
0758238541	2.0
0062002368	3.0
0062049895	5.0
0756404649	5.0
061555749X	2.0
044023655X	2.5
0758205627	5.0
B00AAILDJ4	4.0
1554872502	2.0
1599987422	3.0
B007IE07OK	4.0
1622668030	5.0
037325055X	1.0
B005IMCYVI	3.0
0553258540	5.0
0553592025	3.0
0440223288	4.0
0425261336	4.0
0425207854	3.0
0891900675	2.0
0802798209	2.0
0738720569	4.0
0615744257	5.0
0062049879	3.0
0060777095	3.0
1475121644	2.0
0800719247	3.0
0446505870	3.0
1937053148	4.0
0758217617	2.5
0425263991	5.0
0099436760	2.0
0989465004	4.333333333333333
0440234808	2.8
1419964267	3.0
0758205481	5.0
1451620535	4.5
B006PLN2YE	3.0
030793313X	3.5
B004VF69LY	2.0
0373803486	4.0
0312278586	2.0
0451464842	4.0
014102724X	2.0
0778325016	5.0
0615603629	5.0
0061733962	2.0
0061178039	3.0
039915289X	5.0
0373775911	4.0
1451620527	5.0
0399151575	2.0
0984621121	3.0
B0038089T8	4.0
0451460472	4.0
0440234816	4.0
0758208529	4.0
B008A9MTCU	3.5
0312940173	5.0
1477695079	1.0
1478233575	2.0
B00CQYAW3I	5.0
0345607600	2.0
0441016332	2.0
142010425X	4.0
1416524185	2.0
098901312X	2.0
B004OL2J82	3.0
082177929X	3.0
0375414517	1.0
1442421762	5.0
B00ELWBVW4	4.0
1490458700	4.0
B004T3AXEW	4.0
0425262758	3.0
0758204175	3.0
0451464869	4.0
0765329646	3.0
0615553028	1.0
1451685033	3.0
B004XJ4PDW	4.0
0425236463	2.0
B001VLXME8	2.0
0764207555	3.5
B003LST9GY	3.0
1570616701	4.0
0425237796	3.0
0857662295	3.0
1937327418	3.0
1402237529	3.0
0615477623	2.0
0981956815	2.0
1439191379	5.0
1419952293	4.0
B00IU3SHP4	3.0
0446600342	3.0
077832768X	3.0
0007136838	5.0
0765331969	5.0
B00LKSYSR2	5.0
0765331977	5.0
1579907644	5.0
B00A95CVBW	5.0
1480092681	5.0
1416536140	5.0
0425241823	3.0
037320700X	5.0
0451464850	5.0
0399152881	2.5
147825999X	1.0
0312531540	4.0
0743254562	2.0
0451198565	5.0
B00IHQAYYQ	3.0
0671034057	4.0
1402237537	2.0
1416536132	4.0
0449006018	4.0
159240409X	4.0
0425248453	4.0
0316001767	5.0
0758234813	2.0
0373774613	4.0
0670021164	3.0
1611183758	3.0
1937007332	3.5
B00I44QW9M	4.0
042523469X	4.0
B00CC68G7Y	3.0
147781650X	4.0
0399155988	4.0
1582974411	5.0
1603201696	5.0
0886774012	2.0
0062197630	4.0
B005BU9JK6	3.0
B005MGEO36	3.0
0441019412	4.0
1622660005	4.0
0505526913	2.0
0764203185	5.0
0778329410	3.0
1615814469	3.0
B002W83DXE	4.0
0965987302	5.0
0393020371	4.0
140225718X	3.0
B009DNHHYM	4.0
0061122416	2.0
0380486032	2.0
B003Z4K0EY	2.0
0312590563	2.0
0307749223	5.0
0425233383	4.333333333333333
0316069353	3.0
0451222725	3.25
0425259994	3.0
0312941463	4.0
1419956604	3.0
0393057658	5.0
B0034KC3YE	3.0
0553588044	3.0
141995489X	3.0
B005F0WR8S	4.0
0758231725	1.0
0385339089	5.0
030758836X	4.0
0425245365	2.0
B003ATPRI8	4.0
0345803507	3.75
0615771106	2.0
0765326574	5.0
0451462246	2.0
1416580948	5.0
0373775903	2.0
0375849726	3.0
0399155961	2.0
0553589377	3.4
0062021362	2.0
B00C3MCXW6	2.0
0553589385	4.333333333333333
0809572559	3.0
0446674656	3.0
1416586245	4.0
0758210817	3.0
B001KC6Y16	4.0
0778303640	2.0
0373296924	4.0
0736423990	5.0
0425235106	4.0
1420104292	4.0
0758231741	4.0
1589191048	2.0
0399155953	3.0
0385344406	4.0
0452285933	3.5
0441019420	5.0
0062267884	5.0
0746048149	5.0
0312853238	5.0
B005PE2PAY	3.0
B00CC68G9M	4.0
0316010669	5.0
0062019058	3.0
161026083X	5.0
B007FEFCD4	2.0
0451213807	2.0
B000Q9J0CY	3.0
1602020914	3.0
1419956620	4.0
1118546458	4.0
1419965514	5.0
0756406323	5.0
0061012890	2.0
1455524018	4.0
0981956882	5.0
0345531957	3.0
0451461738	4.0
0441019455	4.5
B00EGMV24G	4.0
1620610558	3.0
B005VKMSH2	4.0
B008Z1MMSY	1.0
1551665352	3.0
B003IPCF5C	3.0
1591846161	5.0
1439192642	3.0
0312084986	3.0
0312934327	4.0
0373129831	5.0
0316196126	4.0
0425232018	3.0
B004NNVDK6	4.333333333333333
0345531949	5.0
0553288555	4.0
1416580956	4.0
0062021354	2.0
1607778025	5.0
0441020429	5.0
1595144145	3.0
1577316541	3.0
B00CVNRWUA	3.0
0446363499	2.0
0139642625	5.0
0312934335	3.0
0758232217	2.0
0399141383	3.0
B001W6Q2B2	2.0
1569757348	3.0
0062237152	5.0
B00G76GR7Q	4.0
0062011995	4.0
0425232026	3.0
0345531973	2.0
0385336810	5.0
060617110X	3.0
0440241162	5.0
0553576062	4.0
B0092E41NC	3.0
0061137588	3.0
0821767240	2.5
1843601702	4.0
B0088PB5CG	3.0
1467976970	3.0
0061990825	5.0
0385535783	4.0
1484917847	4.0
0821257927	3.0
0060892994	1.0
0062022644	3.5
B005IZUXXQ	3.5
0756407680	3.0
0380776162	5.0
0425229289	4.0
0634049119	5.0
0425191060	2.0
0380776170	3.0
0425233367	4.5
0758211317	3.5
0425153789	5.0
1492740357	1.0
0307337332	3.0
0316037761	2.0
0061230987	3.0
0345517679	2.0
0446554995	4.0
1615396489	1.0
0385336829	3.0
0345531965	4.0
0811867811	5.0
B005G7SUL8	2.0
B006H96RO6	3.0
1451657889	4.0
1250014409	4.0
B00BQMLIL6	3.0
0345517687	4.0
1936395088	1.0
0505526069	2.0
0446604798	4.0
0425246671	4.0
0451219945	4.0
0465004881	5.0
0062019015	2.0
0380797097	5.0
0449215237	3.0
0451458125	3.0
0380811073	3.0
0446604771	2.0
1416540075	4.0
0425259927	5.0
1449401651	4.0
0451239555	5.0
0060513640	5.0
1402213549	5.0
0061449121	4.0
0345530667	4.0
0307243176	5.0
031230434X	4.0
1843606585	3.0
0061031127	5.0
B008EXNMZA	5.0
0425221385	4.0
0756405041	4.0
B0053HCVJI	3.0
0425251195	3.0
0385335555	3.0
0451172817	3.0
037313083X	3.0
0141337168	5.0
0141331860	4.0
1402268661	3.0
1402213557	3.0
1420104233	5.0
047140053X	4.0
1423399269	3.0
0062022636	5.0
0451180429	3.0
0515133655	2.0
0988077515	1.0
B009F4LQUU	4.0
0425259919	5.0
1402237510	4.0
B0075MR6J4	2.0
B004O6MQXK	4.0
0446178233	3.0
0986023841	4.0
0553268929	4.0
0380811065	4.5
044653143X	4.0
0399152059	3.5
B005ZVQC4M	4.0
0451226259	4.0
0743442164	1.0
0451458141	5.0
098491627X	4.0
1452819432	5.0
0373442556	4.0
0307740803	3.0
0758232209	3.0
0440241111	3.0
0061438456	2.0
0804176663	3.0
0451226267	4.0
148008722X	4.0
1416564071	5.0
0758208588	3.0
0380811081	5.0
0786238534	2.0
B00CC68G0Q	2.0
0060843071	1.0
B005JSPBV6	3.0
1477584196	4.0
0375869387	5.0
0373130864	3.0
1420125125	2.0
0440128994	3.0
0060502959	4.0
0373302258	5.0
0316286168	4.0
1401215734	3.0
0451231619	4.0
1419950487	3.0
0141331879	4.0
0060882646	2.0
B00IVE3IUQ	5.0
B00HQP9GWU	3.0
1599987570	4.0
1595821627	5.0
1439189870	5.0
0449230031	2.0
0886773520	3.0
0743296435	3.0
0316187259	4.0
0451419480	5.0
1420103741	3.5
0451236599	4.0
B00GSCIIXA	3.0
B0092MPUNY	3.0
0446618586	3.0
0373777671	4.0
0006476155	4.0
B00DK40J36	4.0
0758211368	5.0
038534080X	4.0
0307876950	4.0
0765331039	3.0
1475156456	3.0
142011137X	2.0
0553592181	3.0
0761461051	5.0
0425251276	5.0
B006MLL01E	3.0
1420103733	4.0
0312641893	5.0
0312365322	5.0
B0079Q4NIS	2.0
0316187267	3.0
0758211376	2.0
0385335482	1.0
0758209061	2.0
1402253583	2.0
0373617895	4.0
1402218338	2.0
0451235290	4.0
140221832X	3.0
0451225007	3.5
0451412826	3.0
1601543107	3.0
0373892527	4.0
B00F5FV6E4	4.0
0399155007	5.0
1611940109	3.0
1400316731	2.0
0425217345	4.0
0373595980	2.0
1599986264	4.0
B007SABZPO	4.0
0985166614	3.0
0316166308	5.0
0505527308	4.0
045121126X	1.0
0373768729	2.0
031294098X	1.0
0505524279	5.0
006114021X	3.0
0975965395	5.0
037377768X	4.0
1597486310	1.0
0060513659	3.5
B00AIVXGRA	5.0
045122633X	2.0
0373837720	2.0
014241722X	2.0
0805073906	4.0
B003LST98C	5.0
1479370118	3.0
0385738315	4.0
0345534956	5.0
0316166316	4.0
0557364639	3.5
160504329X	4.0
0061093491	4.0
0505527316	3.0
B00GETW0LI	3.0
0451216954	3.8
0380820706	3.0
B004RPZRMK	3.0
1439177872	3.0
B00CC68FLG	2.0
B00HZ1E4VI	4.0
0312546599	2.5
0575084324	3.0
0751503827	4.0
1593375530	5.0
B00CQYAWAG	4.0
0373776357	4.0
1610261240	4.0
1623221064	4.0
B00A9NE7CA	1.0
0312653832	4.5
0425244946	2.6666666666666665
0316053716	2.0
0061136158	4.0
0425251241	4.0
0345437055	1.0
0062237225	3.0
0451464095	5.0
1476755590	5.0
1420103784	2.0
030728090X	4.6
0373617828	2.0
0505527324	2.0
0778325857	3.0
0671011324	4.0
0425176304	5.0
0446554979	5.0
0983074100	4.0
1419950509	5.0
1402265557	5.0
1402242018	2.0
0441015832	4.333333333333333
1478235276	4.0
146641300X	4.0
0671023306	1.0
0061783455	4.0
1493695649	3.0
1419966081	2.0
1477589031	4.5
0312641850	3.0
0441009166	4.0
B007D788ZW	2.5
1460935136	4.0
0380899825	4.0
0373290705	3.0
1420111353	3.0
0982802404	2.0
0440236606	4.0
0425232980	2.0
B00G8U2O0U	3.0
1401341268	2.0
0307455394	2.0
1620612313	4.0
142010375X	4.5
0449241580	3.0
0761458298	5.0
076145828X	3.0
0375509216	4.0
0671516922	5.0
0312698712	3.0
0312938640	5.0
0778315606	3.0
0515101222	3.0
0446361739	2.0
0446554952	5.0
042524363X	3.0
0451459520	2.0
1478206713	4.0
0979886996	5.0
0061136166	4.0
0821778706	4.0
0312205511	3.0
B006HCTWVS	4.0
0060591102	2.0
038072541X	3.0
0843951699	3.5
0062017314	5.0
0380820749	3.0
0316027413	1.0
1569716056	4.0
0152058265	4.0
1551666774	4.0
0615479456	5.0
0380783398	5.0
0989972860	4.0
0553281011	5.0
1416551603	5.0
0399147489	4.0
B006IBWG6G	5.0
0553609416	4.0
1478362111	5.0
0451223209	2.0
0764208942	5.0
0316183733	3.0
0515115878	3.0
0316056863	5.0
0505526832	5.0
0440237122	5.0
B003ATPR3I	4.0
B005ETC7S0	4.0
0786003545	4.0
B005O54AOI	4.0
0060197528	2.0
0380008718	5.0
044640098X	3.5
B00DX5DHQS	2.0
B002M3I34I	3.0
0425240541	3.142857142857143
0060193166	4.0
0451411587	1.0
0312949383	4.0
1439153825	3.5
0061056480	4.0
1439102236	3.0
0380843439	2.0
039914613X	5.0
0316213101	4.0
0553385577	1.0
B00B09W74M	4.0
098352503X	5.0
055329430X	4.0
0425124347	4.0
1402287763	5.0
0898798213	4.0
0373803508	4.0
B009D4T3XO	3.0
B003ATPR4M	5.0
0440237130	5.0
B005BP0DYW	5.0
B002W83DTS	2.0
031253454X	4.0
0006514006	3.0
B003LY48ZK	2.0
0373774559	3.5
1600430171	3.0
B004RP8WS6	3.5
B003ATPR4C	4.0
0312356463	3.0
B00640YZ1U	3.0
0671686151	2.0
0671501062	5.0
0345543041	3.0
0425251225	3.0
0987749307	3.0
0425214230	2.0
0316206849	2.0
0786889284	5.0
0007444117	3.0
B00BSWPUG8	5.0
0312534523	3.0
0778323250	4.0
0615920683	5.0
0451173317	3.0
1460918681	4.0
0425203573	2.0
0312356471	2.0
0743264894	3.0
0778327612	2.0
B004CFBINC	4.0
0671517414	5.0
B001VLXML6	3.0
0380802902	2.0
0373774583	3.0
0446574503	4.0
0761452958	5.0
0451452011	4.0
0451235223	2.0
006054175X	4.0
1477849475	3.0
1419966057	4.0
0141039280	4.333333333333333
0671578391	4.0
038077139X	2.0
0312857640	3.0
0312534531	4.0
1611297699	5.0
0060107278	3.0
B0045OUPPM	4.0
1491269650	3.0
0151446474	5.0
B00757ZY2K	3.0
B008OO3AOM	4.0
0099560461	5.0
0060896450	1.5
1480133647	4.0
0743496760	5.0
031285630X	5.0
0451161351	4.0
B00FPRGSWW	3.0
0983593183	2.0
161218331X	2.0
1456450557	3.0
0345476654	3.0
006204978X	3.0
B00DIGN5HS	2.0
0553592122	1.0
0553291254	5.0
1419955349	5.0
0984699031	2.0
1616960183	3.0
B003VTZTUI	5.0
B007SHH8XU	4.0
098997281X	4.0
014241980X	1.0
B006ZBSC8U	2.0
0425240517	4.333333333333333
0425262766	3.0
0451462297	5.0
0425235165	3.0
0743276876	3.0
B004BA5GU4	4.0
0060006633	5.0
0778323285	5.0
0345506936	3.0
1453860959	5.0
0505525550	3.0
B000W4RFNO	3.0
0345803485	3.0
0373775865	4.0
0062082310	5.0
0451457730	4.0
0451224515	1.0
0061082783	5.0
0515152846	4.0
0756692512	5.0
0060006617	3.0
1611099110	2.0
B008FK959E	2.0
1439153817	2.0
045122583X	2.0
034550691X	4.0
0380810565	4.0
0373716699	3.0
0151010749	1.0
1461133483	3.0
0765329573	4.0
0679882898	5.0
1455820067	4.0
067988288X	5.0
0060091290	4.0
B00FJOB53I	4.0
0373774524	3.0
0440222079	2.0
0373775873	3.0
0380802929	1.0
0615417175	2.0
0446605298	3.0
0373389892	5.0
0553584537	2.0
0451225856	3.4
0451213890	3.0
1416572597	4.0
B00C2RXWAY	3.0
0425241866	4.0
1608615693	3.0
0451411528	1.0
B00HZ1E530	4.0
0345803493	4.2
B0099GXQYS	1.0
0451232151	4.0
1605043265	3.0
0671034014	5.0
1477695060	3.0
0778326330	4.0
0761459553	3.0
0553576925	3.5
0425240533	5.0
0425247163	2.0
0517577003	4.0
0765354519	2.0
0778325008	4.0
0451198646	1.0
