0062270486	4.0
0312359675	3.0
1460960122	3.0
0399157689	3.0
1482066300	1.0
0141345659	5.0
1400067685	3.0
0806527285	4.0
0060755784	3.0
0743276949	5.0
0805093079	5.0
0061689246	4.334861470998605
B004SUP1XO	1.0
0230755062	3.0
0425238873	3.0
1423113381	4.0
1940210003	1.0
0060539844	1.0
0385732554	5.0
0670015350	1.0
0062073508	3.0000000000000004
097323153X	2.0
0062120395	4.0
1492182125	4.0
0312958129	4.0
0470457643	5.0
0007285973	3.0
0718155238	1.0
0316204269	3.0
0811213668	3.0
0143124544	5.0
031262168X	1.0
0061950726	5.0
1565126807	3.0
1455521175	2.0
1560255315	4.0
0061928127	2.9999999999999996
006222543X	4.0
0670024783	4.604728498542274
0140386645	5.0
1578635403	5.0
0143122916	5.0
014219672X	4.0
0606238409	4.0
0764202677	4.0
0571294197	4.0
0061561630	4.0
0393325997	2.0
B00GG3069U	3.0000000000000004
1906954593	5.0
0316065781	1.0
0525953493	2.0
0393066800	5.0
0984668802	4.0
0307594033	2.0
0099505967	1.0
0385537859	3.6856276071293133
0451233964	2.0
1926760689	4.0
1400095832	4.0
042524413X	2.0
1497326923	5.0
0307712508	4.488297013720742
0399159304	1.0
0062124269	4.486217008797654
1480529699	1.0
0345505336	4.0
0547740107	3.0
0345521307	3.696947935368043
0307718964	3.5363686840644086
0982715889	3.0
0061236829	4.0
1455525839	4.0
0684867230	1.0
B004ZG945M	1.0
0062065246	4.787015653066461
1602608113	2.0
1556434499	5.0
038536315X	4.0
0307743926	4.549729729729729
0374266611	4.0
0449012751	4.254057315233786
1400065755	2.0
0307596907	1.0
145162137X	3.0
030758836X	2.9999999999999996
0684847957	3.0
B007MOU93U	3.0
0446604232	2.0
0316055433	3.4467602591792654
0002247399	5.0
0374281092	4.0
0307351262	2.0
1439136637	1.0
0983887977	4.0
1596680296	5.0
0857521012	4.0
0425243079	2.0
0982708319	3.0000000000000004
0307744434	5.0
1491523409	2.9999999999999996
1250047900	4.0
1612184367	4.0
0307951154	2.0
043938950X	2.5362386390118856
1939416051	1.0
0399159347	4.536578581363004
1456309501	4.0
1477848827	4.0
0786891459	4.82026262994711
030738246X	4.487567876536152
0738201030	4.0
0060755806	5.0
1442367547	4.0
0375830995	4.811903705347238
1455501808	5.0
1439165270	5.0
1591022800	4.0
0151972036	2.0
0062102419	5.0
0307352145	4.0
0062107313	3.520616150614594
B00F8GP5O2	2.0
1477849807	2.500452488687783
0316154601	4.0
0060175400	1.0
1455574856	3.0
0345527356	5.0
0099297701	1.0
0544263618	1.0
086571486X	4.0
0316206849	3.9208633093525176
0316017922	5.0
0143145444	3.0000000000000004
0385340990	5.0
0007444117	2.633876761536336
143913832X	2.9999999999999996
0451228006	5.0
0385346859	3.0
0330412701	2.9999999999999996
0006550436	1.0
0061997102	4.0
B00EY1Z0E2	3.0000000000000004
0370332288	4.843499197431782
0307455475	5.0
0345505751	3.0
1469227886	5.0
0345803450	2.5359438924605495
1491023139	3.0
1594746125	1.0
0307596885	1.0
1469241943	2.9999999999999996
147674355X	1.0
0440022754	5.0
B009X6AX18	5.0
0770437656	3.0
0340920246	5.0
0099908506	5.0
0316154067	1.0
1598801252	4.0
B00760BRX6	3.0
0545354420	5.0
0062271814	4.0
1594486344	4.325472617423504
0064404455	5.0
0307878007	1.0
0380719185	5.0
0071831592	2.0
0345542886	3.0000000000000004
1571895922	5.0
0061054887	3.0
038547721X	2.0
1612183565	4.0
0060995130	1.0
0316341118	5.0
0007205236	4.0
0307939693	5.0
0345505735	3.0
1939416019	1.0
0743564138	2.0
147780885X	2.0
039592720X	5.0
0312370830	3.0
1565129903	2.0
0345803485	1.5313125536173862
0143123939	2.0
045141411X	2.0
0765304740	4.0
0316074314	1.0
0743219570	3.0
B00HVKCMQC	4.0
0230744184	5.0
085720873X	4.0
0395557011	3.0
0756400953	3.0000000000000004
0805098542	2.0
0375831002	4.891038531395953
0316240079	4.549729729729729
0988251000	2.9999999999999996
0061876763	2.0
147825632X	1.0
0061148423	4.0
0684824906	5.0
0062280678	2.0
0373892713	2.0
0099277093	3.0
0062196243	2.0
0613065425	4.0
1442359315	3.0
0316228532	2.9999999999999996
0062073168	4.0
1455808067	4.0
