1482635720	2.0
0590317660	3.0
1493599917	3.0
1477809864	4.0
0316204366	2.0
098379152X	1.0
1460923057	2.0
0192803352	5.0
0743292510	1.0
162467111X	3.0000000000000004
0525953728	3.0
0307385906	3.0
073946552X	1.0
0007419457	5.0
1933929065	1.0
0062323539	4.0
1481106562	4.0
1494400626	4.0
0812980093	4.0
0738735523	1.0
0765305526	3.0
147931014X	2.5
1466452781	4.0
098303124X	5.0
0615662277	5.0
1493500937	4.0
1466219009	1.0
148397555X	2.0
0965352439	3.0277264325323476
1478163143	4.0
1477809511	5.0
1611090091	3.0000000000000004
1932859322	3.0000000000000004
B006I9GYZ2	4.0
1935961764	3.0000000000000004
1477807330	3.0
0446573353	4.0
0615590586	5.0
1492814997	5.0
1477628029	2.0
0316603287	1.0
B00FJ3CMNG	5.0
0812982142	2.0
1480080659	3.0
0553090135	3.0000000000000004
1493652451	5.0
B00BP5DNTE	2.0
0789748517	3.0000000000000004
B00A9I292U	4.0
0446525804	3.0000000000000004
037543318X	5.0
0802727956	3.0
B00AAVKNV0	3.0
0002007770	5.0
0307268934	2.0
B003VYCCSK	5.0
0312577214	5.0
B006Q68W7U	1.8002399520095982
1461119847	3.0000000000000004
1595230319	4.0
0312924828	1.0
0986842222	5.0
1580060218	2.0
0451416635	5.0
1477530193	2.0
0807101508	5.0
0764203649	2.0
1402269978	4.0
0989293548	4.0
0983943222	3.0000000000000004
B0084B1P2Y	5.0
0061725404	5.0
1481875515	5.0
061572647X	5.0
0307742857	4.2430069930069925
1480183679	3.0
0764202677	3.0000000000000004
142501609X	4.0
0956965601	4.51005100510051
098200270X	5.0
1607013924	4.0
0061374229	1.0
0684807319	5.0
B00FV4IT7Q	5.0
1440308314	5.0
1453728988	4.0
1400067677	2.0
0843957352	3.0000000000000004
0399167293	4.0
0140181849	1.0
1402784538	3.0000000000000004
0156196255	5.0
B00A0QYLHM	1.0
061572521X	3.0000000000000004
B008ACV5KO	4.0
1938749030	5.0
1490536388	4.7509791122715415
0800730445	1.0
149275160X	3.0
B006IH6LHA	3.0
B006GXOS9O	1.0
0615673538	4.0
098848370X	5.0
0156031566	1.0
B00ACPGTFI	1.0
0615398650	5.0
1938529006	5.0
B00H3PX5GQ	3.0
0983945209	1.0
0312546343	3.0
0983952418	3.0
0670026468	3.0000000000000004
0061147710	4.0
0307932540	3.0
0141439750	1.0
0802406289	2.0
1932841555	4.0
1426702264	1.0
0307405125	1.0
0230769152	3.0000000000000004
1451673019	4.0
1461135923	1.0
0967303524	3.0
0981024114	5.0
0739456741	5.0
1461085977	5.0
1616381493	4.0
0553593064	1.0
1479399531	3.8624
030758836X	5.0
0743243021	1.0
B00IDGU05S	4.0
0988439018	3.0000000000000004
B009FK9VD8	3.0
B004TQ8GP2	5.0
055277572X	5.0
0446612774	3.0
098282050X	5.0
B00D94KZ8Q	5.0
1416585834	3.0000000000000004
1480118516	3.0
146818203X	1.0
0812979486	3.0
095724990X	4.0
0425128164	3.0000000000000004
1444727710	1.0
0983492700	4.0
1468110152	2.0
1453899227	4.0
0060798718	5.0
1490318216	4.0
0312567243	2.0
B00A1SONJK	3.0
B00AABHU70	5.0
B003PPDB8K	5.0
074324088X	5.0
1461017092	2.0
1451677839	3.0000000000000004
1475248911	4.0
1607013444	5.0
0691023689	5.0
1470105284	3.0000000000000004
1626470731	5.0
1478160586	4.0
1897475632	3.0000000000000004
B005IG6488	3.0
1466462884	5.0
B00HUBE1MA	3.0000000000000004
0981563619	4.0
1599869772	3.0000000000000004
1491268360	5.0
0615750893	4.0
1477663096	5.0
0615448127	2.0
0822207974	4.0
B0040ZNUCG	5.0
0975300202	4.0
1495314685	2.0
0143112627	5.0
030797071X	5.0
B00DOI6HDY	4.0
B006NPP9XY	3.0000000000000004
0399159347	4.0
1938749065	5.0
0982175671	2.0
0988846985	4.0
B006KH5OGW	1.0
1479190217	4.653862353634908
1452100535	2.0
0140444599	3.0000000000000004
0306812231	5.0
0544217624	2.0
0525948791	4.0
0985066385	3.0000000000000004
0470043512	5.0
B00BR3AT9G	3.0
B009CCBCU4	4.0
0553584162	5.0
146625453X	5.0
1477849807	2.0
1935597760	5.0
0957544324	4.0
146994572X	5.0
0380015390	3.0000000000000004
0521584361	3.0
1442346272	5.0
1402284284	5.0
0140281630	5.0
006009026X	5.0
1595943447	5.0
B004EPYUOE	3.0
0689846088	4.0
1597803324	5.0
0615790542	3.0
B004E3X9FW	5.0
0399157700	3.0000000000000004
B00F1V5VR0	5.0
0316206849	2.5000000000000004
1935407996	2.0
1479395226	5.0
B00DGC8C72	4.0
B00DTIW1TS	1.0
193831414X	5.0
B007VQORS2	1.0
0615492622	3.0
0312375891	4.0
0345505751	2.0
1492910759	5.0
1935961144	2.0
147825422X	4.0
B008PYLULG	3.0
B008184K4A	2.0
1477807756	4.0
0385349580	3.0
1477692304	4.0
B00HI0DRUU	2.0
0979382211	3.0
B007QXV9S6	5.0
014312448X	2.0
B00H8ZL1M6	5.0
0399159312	5.0
1463704852	3.0000000000000004
B0078FXAWA	5.0
0306817950	5.0
0985548223	4.0
B00H146VT2	5.0
1883841178	4.0
1489589686	3.0
075921476X	4.0
B007B5IDSI	2.0
1480087424	1.0
0451218736	2.0
B0050PJZLK	4.0
0375700188	5.0
1475136250	1.0
0316175668	4.0
B005A57TOA	5.0
1611940044	1.0
0985728604	5.0
148051652X	4.0
0804139024	5.0
0029115744	4.0
098732070X	1.0
0985777338	4.0
1484873319	4.450321304992585
1469997428	1.0
0486414051	3.0000000000000004
1592286542	4.527458889233633
0679735917	4.0
006218850X	3.0000000000000004
009949308X	5.0
0060995130	3.0
0374105235	5.0
1453271090	5.0
0374175624	2.0
B00K1P7A84	5.0
0982714955	2.0
0718178122	4.0
B008PBYTM6	5.0
0425149145	5.0
B009YAVVAU	3.0
1482562847	3.0
1477818529	4.0
0345807154	5.0
0987320726	3.0000000000000004
1582433488	5.0
B008BLV7YS	2.0
0385264763	5.0
1402200455	3.0
0060575735	5.0
0802118143	5.0
0978721357	1.0
B00EB3F2RS	2.0
0857520792	4.0
1402271727	5.0
0615718795	4.0
1611097975	4.520510483135825
091721403X	2.0
0976062100	3.0
B00D0AMWI0	1.0
1452840903	3.0000000000000004
0989050874	4.0
1480177407	3.0000000000000004
1467943401	4.0
1480292206	4.0
0385340796	5.0
B00GPI34IG	2.0
B0042XA34O	5.0
085720873X	5.0
0143145010	2.0
1451635966	5.0
1406814938	3.0
0373442556	3.0000000000000004
0615732615	5.0
0062015885	4.0
0988877953	4.625070264193367
1439107955	5.0
1402256361	5.0
B00CLXC296	3.0000000000000004
0380724723	4.0
0978573226	4.0
0766160319	2.0
098363291X	2.0
0198711905	4.73936170212766
0307277941	2.0
1481258672	2.0
0140096507	3.0
075828389X	4.0
0979748593	5.0
B004TPZU8O	5.0
B00K6GZJ68	5.0
B00BKQDUUA	2.0
0764956949	5.0
0786012668	5.0
1940026016	2.0
1481821733	1.0
B00KX2FJOW	5.0
B004QTOHX2	5.0
0987775340	1.0
1400060680	3.0
B001JYTR32	4.179941002949852
B00A66VPO8	2.0
