0385528701	5.0
0975346601	1.0
0743281616	5.0
0984679456	5.0
145161747X	5.0
0865470545	4.0
193705330X	4.0
1478305835	4.0
0374532281	5.0
0805093079	4.0
1426744889	5.0
1479321737	4.0
1479274429	2.0
0062277324	2.0
034552795X	4.0
1416583270	5.0
1484820657	4.0
014318976X	3.0
1440454299	5.0
1620070774	5.0
038534340X	4.0
055380653X	5.0
0152296786	5.0
0307947432	5.0
015100692X	5.0
1612184588	5.0
0849964660	5.0
1451675364	5.0
0373873239	4.0
0977005046	5.0
1937053326	5.0
0307957233	4.0
1605984809	5.0
1477805966	5.0
1250038944	5.0
0345528840	5.0
0394735587	5.0
0133384225	5.0
1433530139	4.0
0307577198	3.0
0983801886	4.0
0385340354	5.0
0061996653	5.0
1118317378	5.0
0446532452	1.0
0307266192	5.0
0307341542	4.5
1457505096	4.0
0312865783	3.0
0345524497	5.0
0062195344	5.0
1439110239	4.0
0061958328	5.0
161696183X	5.0
0061257095	3.0
0800732081	3.0
0312600763	5.0
1401684947	5.0
0062276026	3.0
1611944007	5.0
0307341569	5.0
1410440478	5.0
0452286913	4.0
1596064951	5.0
0618965815	5.0
0982256566	5.0
0385536771	5.0
0805098720	3.0
0312655460	4.0
1455525839	5.0
1426710666	5.0
0345527542	3.0
0765334070	5.0
0979600006	5.0
0764205005	5.0
0991324811	1.0
0025853503	5.0
0060924721	4.0
0312426054	5.0
1439193886	5.0
0307957276	4.0
0061791784	5.0
0316206121	5.0
0062309897	4.0
0805088938	5.0
098479090X	4.0
0778327140	5.0
143918187X	4.0
0061374261	4.0
0982256590	5.0
B00G5TSBGU	4.0
038553762X	5.0
0316055433	5.0
1401341942	3.0
0399162135	5.0
B00BH5NUT0	5.0
1447228871	5.0
B0067MSSPY	1.0
0316091170	2.0
0553807854	5.0
0307476405	2.0
0804138680	2.0
0849947251	4.0
0763648434	5.0
0385343434	5.0
0802140432	5.0
0805096531	5.0
0310727588	5.0
1590513444	5.0
1118345851	5.0
034552621X	3.0
148261376X	5.0
1451665164	2.0
1611940524	1.0
0679727779	4.0
B0058DE9YC	4.0
0316010197	5.0
0312610505	5.0
1478161930	4.0
098891638X	4.0
0310213010	5.0
0553593099	5.0
1609492692	4.0
0307594122	4.0
1477809473	5.0
0062306812	5.0
1616267143	4.0
0385347863	1.0
0307887200	4.5
0452296366	4.0
B004MPRU5C	5.0
0778315193	3.0
0974524689	1.0
0800758676	5.0
1590250192	3.0
0230342256	1.0
0544106539	5.0
0689838581	4.0
1611940508	5.0
1433526905	4.0
0385536755	3.0
B00BXKY6VA	5.0
0142004758	4.0
0394800257	4.0
0028608380	4.0
0307587827	4.0
0553591703	3.0
1476705496	3.0
1481985485	3.0
0545265355	5.0
0195174550	5.0
1492773522	3.0
B0099IDKCE	1.0
0061230871	5.0
1612185010	5.0
0007449232	4.0
1929175175	3.0
0375840893	5.0
0399160817	4.0
147780949X	4.0
1594205337	4.0
0615953948	4.0
0765332272	5.0
B00CEHVUKQ	3.0
1605424366	3.0
0062241796	3.0
0755392108	4.0
1623651298	5.0
0671534513	5.0
0062121030	3.0
0718178122	5.0
0615763693	3.0
1250014506	4.0
0765313103	5.0
1936493616	5.0
0937660523	5.0
1481909738	3.0
B000GR0EXA	5.0
0399163077	4.0
0140258558	2.0
0743411323	4.0
1616200464	5.0
1451664257	5.0
0307377938	2.0
1118653335	5.0
0778316092	1.0
0395287952	5.0
0983066108	5.0
B00CJ1OEUA	5.0
0307888940	5.0
0757305733	4.0
1250031044	5.0
0316240079	5.0
0811875504	5.0
0545141958	5.0
0415656850	1.0
0137057385	3.0
1616267127	5.0
0684842696	5.0
1612181937	2.0
0062011847	4.0
1477805931	2.0
0345494997	3.0
B006O8VJ5M	5.0
1416594809	5.0
0983360774	3.0
B00C02S3NC	5.0
0451230647	5.0
0316501115	5.0
0764210416	5.0
0743269578	3.0
1402222734	3.0
0684870673	3.0
0802120385	2.0
003061368X	5.0
0345533739	5.0
1606190660	4.0
1594203199	3.0
0062020889	5.0
0140177396	2.0
1932993088	5.0
0805091696	1.0
0310334985	5.0
0062225308	3.0
0375706771	4.0
0061140325	5.0
0316097691	4.0
B00I4GXHFM	4.0
1433523493	4.0
0385347340	5.0
0312614144	5.0
B00ATEKJTE	5.0
0718158970	5.0
159448550X	5.0
0761136916	2.0
0307701557	2.0
0375854118	5.0
0743597923	3.0
1426752806	5.0
1423175891	5.0
0307394956	4.0
B006Q68W7U	3.0
0062286722	5.0
B00DOH8VR0	4.0
0061928127	2.0
0062018558	5.0
0307473740	5.0
2759404137	5.0
1934813621	5.0
0062270397	4.0
0062190458	3.0
1250003490	4.0
0439443849	5.0
0307907317	3.0
0807042455	4.0
0312306261	5.0
B00ER6PAZS	3.0
0345532449	4.0
0062248472	3.0
0399156283	5.0
1475225377	5.0
0399159304	5.0
1250043999	5.0
1439153752	4.0
0385538154	5.0
0060582553	4.0
0345521307	4.0
0330518364	5.0
1743151160	4.0
0345533763	5.0
0984675108	4.0
0062065246	4.0
080508097X	3.0
0613171373	5.0
1606192892	5.0
0385474466	4.0
0452296293	3.0
0142407577	4.0
0316074144	4.0
0373827822	4.0
0439656230	5.0
1400065755	4.0
0224081411	4.0
0805092994	5.0
0307383415	5.0
076533352X	4.0
B0088QTJDC	4.0
0143058754	4.0
1936381052	5.0
1594487731	4.0
0307394999	3.0
0062223194	4.0
0316074152	4.0
1611099080	5.0
161218717X	1.0
0061433047	5.0
0307950174	1.0
0140348107	5.0
1573447196	5.0
0385737386	5.0
0375701907	3.0
1456592866	5.0
B00APXK688	5.0
1606192434	5.0
0451227999	3.0
0979882036	4.0
B0084BMUFA	5.0
0099569353	5.0
1477807721	2.0
0385528787	4.0
1400068819	3.0
0765329468	5.0
1440533113	4.0
0985686006	3.0
0743467728	5.0
0062208381	5.0
0312301847	4.0
1604860871	4.0
0310324793	5.0
1477488138	5.0
0786891459	5.0
1421400103	5.0
1611090245	3.0
0765329476	5.0
0307719219	5.0
0062290363	5.0
B003FL6X52	1.0
0380763656	4.0
0307599493	5.0
0374533636	4.0
0300164815	5.0
111847497X	4.0
0671526014	3.0
1609071190	5.0
1604991771	4.0
0060779004	3.0
0385537255	3.0
B007SJBJ2O	3.0
1612183654	1.0
0060882387	5.0
0307877094	4.0
0756613434	5.0
038076363X	4.0
0132823497	4.0
1477849580	5.0
1424331781	5.0
0316211079	2.0
0553560271	4.0
0142180319	4.0
0761458131	5.0
B008C84HH4	5.0
1614481016	2.0
0307889033	1.0
0395739829	2.0
0307271080	3.0
B006UNHAX6	5.0
0307743780	4.0
054737027X	2.0
1477808604	4.0
006219965X	5.0
B00CLIPENM	1.0
0307599477	4.0
1616960477	4.0
1933090545	5.0
0988701200	4.0
0312868405	5.0
1250035058	3.0
0758281161	4.0
006079156X	5.0
0544158903	5.0
0307962105	4.0
1583332626	5.0
1439125686	1.0
0380763621	5.0
0743579631	5.0
0345513762	3.0
0061988243	4.0
0312169787	5.0
0505527847	5.0
0132485567	5.0
0393089010	4.0
0380725355	5.0
1477849173	5.0
0765330423	4.0
1938312007	4.0
0307907740	5.0
0517580519	3.0
0987805126	5.0
0778315541	5.0
0307271021	5.0
0307962571	4.0
0312370830	4.5
0794422810	2.0
0307265633	2.0
B00C50N83O	5.0
0670021067	5.0
0307390551	4.0
1611940028	5.0
1401941672	4.0
0770436404	5.0
0770436889	3.0
0312860951	5.0
155553791X	4.0
0615754287	5.0
1561487732	5.0
006200476X	4.0
1616332379	5.0
0375831002	5.0
077831555X	5.0
1611880386	5.0
0307961222	4.0
1456347942	4.0
0375401466	3.0
0399157182	3.0
0062213784	3.5
B0052G9M4C	4.0
1477817581	4.0
0966636694	3.0
0143114662	5.0
1118013859	5.0
0807050520	4.0
0399252282	4.0
1596437162	4.0
0399151346	5.0
0553588222	4.0
1400067685	4.333333333333333
140194244X	1.0
1933090499	4.0
1594486034	4.0
1591141338	3.0
0345535243	5.0
1400069866	5.0
0810955849	4.0
0345524594	5.0
1118436415	5.0
0061020664	4.0
0060567643	5.0
1935268066	4.0
0061020672	5.0
1935097172	4.0
1935259148	5.0
0062232509	4.0
0385351372	5.0
1461039290	5.0
0061020656	4.0
0778315479	4.0
1612710123	4.0
141043382X	5.0
0770436056	3.0
0345536592	5.0
0143119508	5.0
1611098114	4.0
0778315002	3.0
1596917032	5.0
0446531251	4.0
0679644199	4.0
B00CK8CL0W	3.0
0674445880	4.0
B00ADMR044	4.0
140006984X	4.0
0425246035	5.0
1937167003	5.0
0345802896	5.0
1449580408	4.0
1401942024	5.0
0345545087	3.0
0778326152	5.0
190884437X	5.0
0544129911	4.0
1623650925	4.0
0062206281	4.0
0982705611	3.0
1451654987	4.0
098848370X	5.0
1592557457	4.0
0345545079	4.0
0881928631	5.0
0985115602	3.0
1476730954	4.0
1597803995	5.0
0849947391	4.0
1477403787	2.0
0380731886	4.0
0060012358	5.0
0692025162	2.0
161188067X	5.0
1455134767	3.0
0373444923	5.0
006170654X	1.0
143914785X	5.0
0399504206	5.0
0804164851	3.0
1565122550	3.0
0380808080	4.0
1482741512	5.0
0670024856	3.0
068483183X	5.0
0061708704	5.0
0062069187	5.0
0312671830	4.0
0399165525	4.0
B005N04PGW	4.0
1856176983	4.0
0374161860	5.0
0399256210	5.0
0062255657	5.0
0739474812	3.0
0547224850	3.0
0142428949	4.0
0982874200	3.0
0062257838	4.333333333333333
0805087958	1.0
0807050555	2.0
0316056634	4.0
0446677914	4.0
0743245423	3.0
0307742814	5.0
0881926469	3.0
0140186409	5.0
0312358342	4.0
0380728257	4.0
1608190463	5.0
1933271108	5.0
1616330813	5.0
B00BJCBBVK	3.0
1611099854	4.0
B008WUFSHA	4.0
B0089M8K9Y	5.0
0143036424	4.0
0143121456	3.0
0307272702	1.0
030726999X	4.0
1594744769	5.0
0385537700	4.0
1463640331	4.0
B008LYMI0W	5.0
1451678126	3.0
0823418723	5.0
0062272152	4.0
0061252557	2.0
147813223X	5.0
1492295310	3.0
1618770233	5.0
0515131679	4.0
0984198970	4.0
1611099862	2.0
0062008110	5.0
B004V49BLU	2.0
0312274815	5.0
0425171698	4.0
0201632888	4.0
1476732329	5.0
014101587X	4.0
0802120520	4.0
1439187037	5.0
0061429783	5.0
B007YXVB68	4.0
006218363X	4.0
1250016843	4.0
0374156085	4.0
0345541537	4.0
0805095519	3.0
1932470271	5.0
1439267022	4.0
1596916109	4.0
0425111709	5.0
0099569426	5.0
0679762892	4.0
1479329398	5.0
0760779880	5.0
0061892351	5.0
0373892233	1.0
0062007289	3.0
0802120512	5.0
0982555075	2.0
0061125350	4.0
0312427085	5.0
1921240288	4.0
0393706427	4.0
1597801704	3.0
1478313781	5.0
1250026628	4.0
000720311X	4.0
161775062X	4.0
0812516826	3.0
0449808068	3.0
1937945030	5.0
1451611862	4.0
0664239471	5.0
1250013305	1.0
1616146907	3.0
006232344X	4.0
0062283235	5.0
0345542886	4.0
0805093311	2.0
0061054887	5.0
1935137921	5.0
0679772669	3.0
1400204755	3.0
0380780410	5.0
145584165X	5.0
1439187002	4.0
0887403476	4.0
B00D91Z1JM	5.0
0984198938	4.0
0062284576	5.0
0312640242	5.0
0679757015	5.0
1442409053	4.0
B00K3ASWES	5.0
0310950945	4.0
067943349X	3.0
0062294377	3.0
0062116851	5.0
0380732343	1.0
0060838744	5.0
B00AXOMPY2	3.0
0061827703	5.0
1478321342	5.0
0345543750	3.0
0061122297	4.0
B00685NFI0	1.0
B00H9HPIA4	5.0
034554241X	5.0
1611098955	4.0
141433558X	5.0
0395971233	3.0
141699081X	5.0
0552779709	5.0
0385346433	3.0
0007442920	5.0
0399158820	5.0
0873514742	5.0
1410419592	5.0
1423139968	5.0
0310950929	5.0
1611941210	5.0
0062270486	5.0
080703276X	4.0
1481122363	5.0
0143123238	4.0
0156006049	5.0
1453602968	4.0
0061689246	5.0
0061710288	4.0
1468057499	4.0
0316065986	2.0
B00CA88MOG	5.0
0809592789	4.0
0446610844	4.0
0062074040	4.0
B00BFQ6COG	4.0
0062026089	4.0
0312571224	4.0
1629290203	4.0
0385506252	4.0
0470067306	5.0
0547595530	5.0
0312674554	3.0
0979895200	5.0
0062316206	2.0
1935097970	5.0
0982642318	5.0
1853027499	4.0
143915368X	3.0
080508925X	3.0
0345803280	4.0
1616952342	5.0
0143124544	4.5
1461119847	1.0
1439189617	3.0
0307951103	3.0
0310331374	5.0
0761458093	5.0
0007388160	3.0
B00A4G1JW8	5.0
0983844844	4.0
0142421952	4.0
1902881427	4.0
1606191667	5.0
0060766204	1.0
1596914440	4.0
1572245190	2.0
0062237896	3.0
B00CPXT38A	5.0
0849946514	5.0
1433530708	4.0
1118360354	5.0
0061713783	5.0
0395657814	5.0
0981932118	4.0
045141702X	4.0
1451666179	5.0
0062202359	4.0
0062121308	4.0
1482689308	1.0
0307594033	4.0
0374355460	5.0
1476741182	3.0
147780529X	5.0
0804136823	4.0
0007230206	5.0
0062081608	4.0
0307712508	5.0
031632468X	5.0
0805092862	4.0
1442407603	5.0
1463541848	4.0
1477817298	5.0
1451684835	5.0
0393064972	3.0
0974114553	5.0
0061829838	4.0
0385738579	4.0
0330490419	4.0
1461085977	5.0
0307947912	4.0
080509282X	5.0
1616330910	5.0
B007NRCCGI	3.0
1932470638	5.0
0141439602	5.0
0385347235	5.0
0983747318	2.0
0385349408	3.0
0062237446	3.0
0133249263	4.0
1595142576	5.0
0778315843	5.0
0316087343	5.0
1470063263	1.0
0345805038	4.0
0802120032	5.0
1476764298	5.0
1594631379	3.0
0385531648	5.0
0786865059	4.0
B00986ZD7W	4.0
0812979354	4.0
0062213024	3.0
1470077892	1.0
1573244724	5.0
0399158308	4.5
B00BI2PVSU	5.0
1611880254	4.0
0307700968	5.0
0374305161	5.0
006085880X	5.0
0062123920	5.0
0373445377	5.0
1935554255	5.0
1481226851	5.0
1933353082	5.0
0778326500	5.0
1442417439	5.0
1565129938	3.0
161194127X	5.0
B007A577SQ	3.0
080419257X	4.0
1466434139	5.0
0446540943	4.0
0812981693	5.0
1892389215	4.0
0062300709	4.0
1442346272	4.0
1614640718	4.0
0380785315	5.0
1250028027	3.0
077831586X	5.0
1606192108	5.0
0061582018	5.0
0143145444	3.0
042513301X	4.0
0143116533	3.0
0099496941	4.0
0974114537	5.0
0061582026	5.0
B0064GU2AM	5.0
0060145765	4.0
1478349395	5.0
1594746125	5.0
0312244967	4.0
0684052369	4.0
0061963070	3.0
0804137722	4.0
B004E10W0E	3.0
0825441161	1.0
1596062827	4.0
076145716X	3.0
0062122630	1.0
0385337000	5.0
0345524527	4.0
087910080X	2.0
0399151788	4.0
1611880297	4.0
0670026611	4.0
0465009131	5.0
1616952326	1.0
0765329301	5.0
1606192124	5.0
0425239756	2.0
1611098041	4.0
0812984307	4.0
1250028000	5.0
0026009102	5.0
0061969613	4.0
0316232912	5.0
0375412026	4.0
1598804898	4.0
143352970X	3.0
0750922923	5.0
1585422207	5.0
1610391470	4.0
193563920X	3.0
0307962695	3.0
0060013168	5.0
1456399489	5.0
1612181392	4.0
190884440X	5.0
0747598002	5.0
1612186602	3.0
193351244X	5.0
B00GPPSTRK	5.0
0804136890	5.0
1565129903	3.0
1433526670	5.0
1439172773	5.0
1611941237	5.0
1480435627	3.0
0984974806	5.0
0738706388	5.0
0778314103	3.0
0062237845	4.0
080410929X	3.0
0805098542	5.0
1623650860	4.0
1460995457	4.0
1477807438	2.0
0373892713	2.0
0812993241	4.0
B004DI7P8K	4.0
0060098902	4.0
1477808760	4.0
B00GGNIRIW	4.0
0307591832	4.0
0307360814	4.0
1616148772	3.0
0373210531	5.0
0375869034	5.0
1118083601	5.0
0310731828	4.0
0060726652	4.0
1466251786	5.0
1477848428	4.0
1426745974	5.0
0307237893	4.0
0345540700	3.0
0802121918	4.0
1616201126	4.0
078140424X	5.0
B00HVFAY1M	3.0
0140047573	4.0
1493625284	4.0
0316069434	2.0
B00ADVLLGI	4.0
1606192299	5.0
0981461999	4.0
0062269917	4.0
1612383955	5.0
1401942326	2.0
0393079988	5.0
0399156909	5.0
0345476077	3.0
0312622791	5.0
B0080USSYW	2.0
1565126807	5.0
0061626244	3.0
0670024783	5.0
0307237877	4.0
0399161481	5.0
1402270275	4.0
0739443178	5.0
0061493856	4.0
1118411234	5.0
0310438152	5.0
1934030961	3.0
1439167397	3.0
0575132469	4.0
1448698499	4.0
0307237885	5.0
145164485X	4.0
0743597222	3.0
B00DI8FDT4	4.0
1440529728	5.0
0671701053	3.0
0764205234	4.0
140221894X	5.0
B00H33SKZE	4.0
0345456890	4.0
0738703184	4.0
B007Z3QVGW	3.0
0985029439	4.0
0849947022	5.0
0375425365	4.0
0615388604	1.0
1611099757	4.0
0399155600	3.0
B00H9J0A0U	2.0
1612184359	3.0
0738714291	4.0
0764227009	5.0
1594488398	5.0
1401941028	5.0
0739458213	5.0
0061923036	4.0
B00BJ3XPP4	5.0
0007327064	5.0
142313477X	5.0
0615715796	2.0
0345534093	4.0
0307888789	5.0
0982588690	5.0
1439102414	5.0
1608198065	5.0
1616331216	5.0
B0071LLL2M	5.0
0307887464	4.0
030727179X	3.0
0316036919	5.0
1937178242	5.0
1612184367	3.0
B00H2WCTMQ	5.0
1481028693	3.0
1904633773	5.0
0099585146	5.0
1476714150	5.0
0151014736	4.0
1408839806	3.0
0553587897	5.0
1467964409	5.0
1400203759	5.0
089296801X	3.0
0099464462	2.0
1616147911	3.0
0571225373	5.0
0812992806	3.0
0451418433	5.0
1416525548	5.0
0345528670	4.0
0306808870	4.0
051513287X	5.0
1416974644	5.0
0307943232	3.0
0143186426	4.0
0767930568	4.0
1477848835	4.0
1480268976	3.0
1439124604	3.0
0984893148	4.0
1590384814	5.0
0937660329	4.0
0385333463	3.0
1433531623	3.0
1250033896	4.0
0307908488	3.0
1421405105	4.0
0399144994	5.0
0310439078	3.0
0143170090	4.0
1579904084	5.0
0984510559	4.0
0425259862	4.0
1616953152	3.0
0385753543	5.0
0345483200	3.0
1466207205	4.0
0446363383	5.0
1401687369	5.0
1480441945	4.0
0061537934	4.0
1623650143	4.0
0984556303	5.0
0061252417	3.0
0307955664	3.0
0767930576	4.0
0425259854	5.0
0062231707	3.0
0380010038	4.0
0060012897	2.0
0863277284	4.0
B0067BKK6K	1.0
193649342X	5.0
0099282194	4.0
0140280243	2.0
0756616220	5.0
0195387627	5.0
0980606594	2.0
1421410915	5.0
156947981X	4.0
B00ATEPP66	5.0
144241233X	4.0
0385344139	4.0
080240264X	4.0
0307700003	5.0
0982639104	5.0
0307953068	5.0
0307990893	5.0
0310277280	5.0
0425173550	4.0
1578591740	5.0
0385348991	5.0
006221960X	4.0
0385344155	4.0
1477849726	5.0
1416984488	5.0
1451621302	5.0
1933353228	5.0
B00ALG6WNW	3.0
1433530333	5.0
0451417518	3.0
0143186434	5.0
B005OMBH7Y	3.0
0399155686	5.0
B00AUMFZQW	4.0
0765327945	4.0
1416556311	2.0
1400202450	5.0
0399158715	2.0
0312370164	2.0
1440529353	5.0
1463525435	3.0
B00CWUKG0U	3.0
1583334599	5.0
148252709X	5.0
1596528141	4.0
0978357000	4.0
1937053946	5.0
0765334240	5.0
0865478619	4.0
0062102567	5.0
1623651026	3.0
0307266389	3.0
1402279450	4.0
0310736692	5.0
0385525818	4.0
0765325780	5.0
1250033470	4.0
0385742444	4.0
1451639082	5.0
0345806654	3.0
0062297600	5.0
1453736352	5.0
0316176486	5.0
1461198216	4.0
1597802174	5.0
0380715740	5.0
0330521330	4.0
0805089128	5.0
1476709122	5.0
0740738593	5.0
0230755062	5.0
162836226X	5.0
0143170104	4.0
0345549074	4.0
147780756X	5.0
0345529006	5.0
1423113381	5.0
0316103098	5.0
0307265439	5.0
1622415450	5.0
0553583581	5.0
141654786X	5.0
1481021559	4.0
B00GR7TXUI	5.0
1401341799	5.0
1250040213	4.0
1477817360	5.0
030790752X	4.0
1470006332	5.0
1616333014	5.0
1451672519	4.0
0316098329	5.0
0151008116	5.0
B00CB15FWO	5.0
0143121162	3.0
0062236679	4.0
B00EPF5LSW	4.0
0307393860	4.0
B00FGI65NW	3.0
1477635556	5.0
0307907546	2.0
1478354224	5.0
1477818243	3.0
0307711595	5.0
0982713940	4.0
1616334355	5.0
0756409446	5.0
039915776X	4.0
0767930509	5.0
0606238409	4.0
0151013918	5.0
1484983017	3.0
0764202677	5.0
0307393879	5.0
0061976016	4.0
0316097462	4.0
0062122592	5.0
B00B3U5OWU	5.0
0807033308	4.0
B00E5RWBGA	5.0
0778313999	3.0
1451636881	1.0
B007O9V7H0	1.0
0786719583	4.0
1439259623	5.0
0451233174	4.0
0785211578	5.0
B00F6CGMY0	5.0
1929175450	5.0
1933678089	4.0
0806135808	5.0
0983449457	3.0
B005KDCOCE	4.0
0142429112	1.0
1598879251	5.0
0670011916	4.0
B00AQN23CY	3.0
0061236829	4.0
0547868537	5.0
0307932540	2.5
0312628102	4.0
B00CDU1H98	5.0
0140282033	5.0
1595555013	2.0
1934813443	5.0
0195397932	5.0
1603429867	4.0
1455526010	5.0
0142429104	1.0
1590587073	5.0
080217082X	4.0
145162137X	2.0
B00HOMFRCI	4.0
0007245823	5.0
081299289X	5.0
0807001732	5.0
1451697414	4.0
0755328914	4.0
0316051632	5.0
0778313530	3.0
1451637756	5.0
0802122345	3.0
0345358759	4.0
1442440759	4.0
1455124168	4.0
0449014460	4.0
0547236263	3.0
0857521012	4.25
0316084190	4.0
B009THFAT6	5.0
1451627939	3.0
B003ICWJ4C	5.0
0143121103	5.0
1939455073	5.0
0307744434	5.0
157322281X	4.0
0141188936	5.0
1401936474	1.0
1413318096	5.0
0142411841	3.0
0307884848	5.0
B007RFJOJ4	5.0
0307879496	5.0
0981461921	5.0
0758235054	5.0
140632132X	4.0
0199568847	4.0
B008RLTZ96	3.0
0345524616	5.0
1432784730	5.0
0307590437	3.0
0812981340	3.0
0316230812	4.0
014311882X	5.0
0575097566	5.0
0547069677	5.0
0967786843	5.0
1433526360	4.0
0375434305	5.0
0553270249	3.0
0062107313	5.0
0544264975	5.0
1477815589	4.0
1477808817	4.0
1433521903	5.0
1592769306	4.0
0143034901	5.0
0385362307	5.0
1416925244	5.0
0356500322	3.0
1400067707	5.0
1602861765	1.0
0062003259	4.0
B009NUD4BA	3.0
0385340990	3.0
098146193X	4.0
0445409029	5.0
0545397367	4.0
0812982215	4.0
0767914848	5.0
0060008725	3.0
0805090983	5.0
0547739664	5.0
1433528525	4.0
0370332288	4.666666666666667
0393314596	5.0
0374533857	2.0
B00B687AX0	1.0
0062115391	5.0
1479352659	3.0
0307951634	4.0
1469241943	4.0
0805209999	4.0
1400202086	5.0
034554773X	4.0
0547738307	3.0
1620403013	2.0
0439023483	4.666666666666667
160619223X	5.0
0758225695	5.0
0812993373	5.0
1611099250	2.0
0307378209	4.0
0375704795	4.0
0380709945	4.0
0547599803	5.0
0736929681	4.0
B00BF25WBY	5.0
B009YAVVAU	5.0
0805096272	2.0
147784807X	4.0
0307272591	5.0
1455512737	5.0
1400068622	3.5
0307590402	5.0
0062002325	4.0
0380709937	4.0
0374298904	2.0
1477809708	5.0
B00AB97MS8	3.0
0879309822	3.0
B00D1CPG5I	3.0
1594486247	4.666666666666667
B009CI07JK	5.0
0151005044	4.0
054771212X	3.0
0143123386	4.0
0615677878	4.0
1482090392	4.0
009917961X	4.0
0307907988	3.0
B00EXF3HBW	1.0
B00H6TM1MI	5.0
1608207102	4.0
B0078S9B6G	4.0
1597802166	5.0
014312420X	3.0
045122681X	5.0
1590516796	4.0
0385537476	2.0
1439102767	5.0
0061230936	3.0
0399152431	5.0
0671001167	5.0
0385342675	3.0
0062003992	4.0
0984828206	5.0
1594488452	3.0
0486421732	4.0
0770437125	5.0
1401324665	5.0
0394759893	5.0
B005HAWAZG	5.0
0060974060	4.0
0385523386	4.5
0986494356	5.0
0979751365	5.0
1884995446	3.0
0385732554	5.0
1402230923	4.0
0804138788	3.0
0316126675	3.0
054774501X	4.0
0062049739	5.0
B004OL2J82	2.0
0062279874	4.0
0375700684	4.0
1426753241	4.0
0060829672	3.0
0857203371	4.0
0979751373	5.0
1611099676	2.0
0316204269	3.0
B00BFSGFYG	4.0
0985724900	5.0
0062198505	5.0
B00K93R3OO	5.0
0062264338	2.0
0061950726	4.0
0679451080	5.0
1621830403	4.0
160282181X	5.0
1934813060	5.0
0061236225	3.0
0060393491	5.0
1433531356	1.0
0312658656	3.0
1483905136	4.0
0307339114	5.0
014219672X	5.0
0764550039	5.0
0778326381	4.0
030735122X	4.0
0743243447	5.0
1627740066	3.0
1401324231	3.0
0307961656	4.0
0767921763	4.0
B008UUIGB2	1.0
0385513534	4.0
0060930055	3.0
0982659474	5.0
1612182070	3.0
1612184251	4.0
1937293149	5.0
B006DTO23S	4.0
0449002942	3.0
1605983810	4.0
0307361047	3.0
0061147710	4.0
0380486032	4.0
0986494313	4.0
038536315X	4.0
0062114042	4.0
1440318409	4.0
1612182089	3.0
0449012751	5.0
1477805869	5.0
030758836X	4.2
0345803507	4.0
0312611579	3.0
0312360401	5.0
B00DFIE80W	4.0
1611099633	5.0
080073324X	5.0
0375849726	5.0
0446612774	4.0
1862075522	5.0
0080971148	3.0
1612183387	4.0
0557941229	4.0
0310440130	4.0
0062328050	5.0
047015263X	4.0
043902353X	3.0
015101423X	5.0
0751541303	4.0
0345514130	5.0
1612183395	5.0
0307271684	3.0
1433530074	5.0
0399164421	5.0
0425191028	5.0
1612182062	2.0
1439134340	5.0
0143188712	4.0
1118546458	5.0
0307908585	4.0
0140254277	5.0
0425184757	3.0
1402250924	3.0
0143124722	4.0
0307409120	5.0
0765327848	5.0
0805096620	3.0
006095485X	4.0
0984553177	4.0
0143118056	4.0
1476724911	5.0
0061563080	3.0
1482926474	4.0
0465029736	3.0
0062227327	5.0
1461069335	3.0
0143188720	5.0
0385352093	4.0
B005DEWINK	4.0
1849821089	5.0
0547451253	5.0
1616953047	4.0
0758278454	4.0
0062305840	4.0
0802121624	4.0
074343675X	4.0
0385344473	4.0
0446400068	3.0
1433671697	4.0
0547076649	4.0
1597801925	5.0
031609739X	1.0
0062237152	4.0
1771274654	5.0
0802126065	4.0
0062011995	5.0
0738726990	5.0
0778316165	4.0
1859643299	5.0
0857051873	4.0
0385535783	5.0
084994841X	5.0
B007VSXLUK	4.0
0849948428	3.0
0374322287	5.0
1401932002	4.0
1609611217	4.0
0141326085	5.0
0778327299	4.0
0307455475	1.0
0345387651	5.0
1477833447	4.0
1440216002	5.0
0857071459	4.0
0425153789	5.0
0670021555	5.0
B00FITC0VA	5.0
006227676X	4.0
0670023736	4.0
0446554995	5.0
B00BI2Q9SG	1.0
1440721726	4.0
0307596885	4.0
0738723479	3.0
0062284398	1.0
0758278438	5.0
1444734148	5.0
0099908506	4.0
0312430000	4.0
0060916575	3.0
1602392625	5.0
0439023513	4.0
B005L4Z9OW	5.0
0099288850	4.0
0985127430	5.0
0307960722	3.0
1770852077	5.0
0316107549	5.0
1495469883	5.0
0099461269	1.0
1934841188	4.0
0615500951	5.0
0142400769	3.0
0310437822	5.0
0615511600	4.0
1596983205	2.0
0062237187	4.0
0829441700	5.0
1439156980	4.0
0985129603	3.0
0615572170	5.0
0142400777	4.0
0316013315	3.0
1561488003	5.0
0399152067	4.0
0307596869	2.0
0312558155	3.0
B00DQGA6MW	5.0
1594204594	4.0
1616260831	5.0
B004QGYBNG	5.0
1451562306	4.0
1433530457	5.0
0615657478	1.0
0062077880	5.0
1592556736	5.0
0373247958	5.0
0385534892	5.0
0312430035	4.0
0062220756	4.0
0060194995	5.0
0684824906	4.0
0345527046	4.0
161620253X	3.0
0060084081	4.0
0224096397	4.0
1582348898	5.0
1250043395	5.0
1434705358	5.0
0143035371	3.0
0399246266	4.0
1400069254	5.0
0805090037	5.0
0618916520	3.0
0545042143	5.0
1933831014	5.0
0307275132	4.0
0765323400	5.0
1595542027	5.0
0865477736	3.0
B00CSB4SP2	3.0
0689858205	5.0
077043584X	4.0
0871404273	5.0
0143126504	2.0
1595546871	4.0
0020446519	5.0
1466311134	4.0
1416593403	2.0
0547744986	5.0
1433526409	5.0
1477805036	3.0
0771071329	2.0
0374175306	4.0
B00BQYNY66	1.0
B00HIKUGJK	4.0
0060846208	5.0
0316200204	4.0
B0007EXSCQ	1.0
0307913090	5.0
B00BLSZKS2	5.0
0061458031	3.0
054525132X	5.0
1481008560	4.0
0807001813	5.0
1607477181	3.0
1401936318	2.0
1479336211	5.0
014312126X	4.0
0979757479	4.0
1616142405	5.0
1416965181	5.0
1477805044	4.0
0060594667	5.0
0062314254	4.0
1623650666	5.0
0843954752	4.0
B00CTQ02FG	5.0
B008HMWYX4	3.0
0330456717	5.0
0374280886	5.0
0789748649	5.0
1416965173	4.0
1606192752	5.0
0812980549	5.0
1594205027	5.0
B00A3VMH70	2.0
0345534956	5.0
0151001820	3.0
000727405X	4.0
1416965165	4.0
1934194301	4.0
0770435874	4.0
0132353776	5.0
0345538080	3.0
0615440819	5.0
0143114964	3.0
0316065781	3.0
1451667264	4.0
0981663915	5.0
0310714850	5.0
193639510X	5.0
1476755590	1.0
147910566X	3.0
030728090X	5.0
0446555827	4.0
0991677196	5.0
1606192779	5.0
1467941832	5.0
0976778866	4.0
161695129X	5.0
1481053051	4.0
0778313883	3.0
1466315946	5.0
0802715354	4.0
0985363835	4.0
1594204195	4.0
014044792X	4.0
1413312691	4.0
0345534522	4.0
1494214520	3.0
140193501X	1.0
0062080539	4.0
0307272087	4.0
0553808036	5.0
1611099196	5.0
0440423627	3.0
0307987302	4.0
0307461602	4.0
0553379712	3.0
0316127183	5.0
0393707946	5.0
0061941026	3.5
0345523865	4.0
B003R50FHI	3.0
0345533666	4.0
1606192795	5.0
B00BI4TCHO	1.0
0399156372	5.0
0425158594	3.0
0316127191	5.0
0373605404	3.0
1475283334	3.0
B00GOHW1N2	5.0
1439153884	5.0
1897562683	5.0
B00K4F0C18	5.0
1479204951	4.0
B00C7EP5D4	4.0
0316033758	5.0
0062236733	4.0
1401941761	5.0
146818637X	3.0
0307939650	5.0
0743496728	4.5
B00ALG6UUW	5.0
1250030935	4.0
0451235681	4.0
1595548645	4.0
B00BR3AT9G	2.0
0151015163	4.0
0446603929	1.0
0006514006	5.0
0316156108	4.0
0982588666	5.0
1620403110	2.0
B00DVN3DWU	4.0
1118433076	3.0
0060857706	3.0
0983681708	5.0
0316206849	3.0
1937957713	5.0
0804137978	2.0
0544027787	5.0
1479151556	5.0
0312544324	5.0
0345381432	5.0
0618873856	4.0
1593270542	5.0
1606192353	5.0
0307950425	3.0
0765318415	5.0
1612183751	2.0
B008CX0BZG	4.0
0803733658	5.0
0811878147	5.0
1936493063	5.0
0982946171	4.0
031285630X	5.0
1594486344	3.5
1607012537	5.0
1477807640	2.0
0007386648	4.666666666666667
0385394233	4.0
0983572240	5.0
0786032464	4.0
0849948088	4.0
0898219108	5.0
0385350252	4.0
0385338147	3.0
0765327376	3.0
0765334909	5.0
0812995201	5.0
1401940471	1.0
B00A4F50MO	5.0
0060725117	4.0
031044067X	5.0
0060645881	4.0
0988348268	4.0
0373293348	5.0
0062267493	4.0
1611099595	4.0
0399159010	4.0
1494467704	5.0
0062194070	3.0
B00EY999SC	4.0
1465402314	3.0
B00G7QXOKO	5.0
0307382818	4.0
0781405084	4.0
0307977935	3.0
0307377490	3.0
0061791016	3.0
0972822585	3.0
1477848185	2.0
073949774X	5.0
0062307525	4.0
0345803493	4.5
0393062937	1.0
1477817468	4.0
0452282829	5.0
1442160470	4.0
0802129927	4.0
1442359315	3.0
1451626339	4.0
1400204186	3.0
0974053775	4.0
0672330962	4.0
