1602728712	4.0
B0040JHPM8	2.0
1615815244	5.0
030793313X	5.0
1481205072	4.0
1615814272	5.0
1934349992	3.0
0441019730	4.0
1482732858	5.0
1934531448	3.0
B00HSKMN5K	5.0
1931513058	5.0
B00BN3042M	5.0
B00J27474M	5.0
B00530FDOA	5.0
0758266510	5.0
1596323272	5.0
1492775754	4.0
B00KP2KBC0	2.0
B00H8BPN9W	1.0
1611183952	2.0
B0093MGNV6	5.0
0399155813	3.0
0440195349	5.0
B00K4Z948K	5.0
1613725124	5.0
0671042963	1.0
1419967762	1.0
0671003364	2.0
B00GB8C94A	5.0
0385660065	5.0
B00I54U9XQ	5.0
1623000254	5.0
0441003389	1.0
1605047082	5.0
147826182X	4.444
B00ECZZRDO	5.0
1483979911	4.0
1615814051	5.0
1614954704	5.0
B0051IMU7C	4.0
B006Z9SNBS	4.0
1934166898	3.0
0451235843	5.0
1461099161	5.0
B0090P1MIU	3.0
B007UQU3VI	5.0
193519223X	5.0
B00AL3MILA	4.0
B005S6L6OU	5.0
1611183804	5.0
B004HW7E60	5.0
B00C6ZTNAU	4.449392712550607
0976403587	3.0
1493755544	4.0
B0086POVJM	4.0
0979311071	3.0
0373002211	4.0
B002UEP8T2	1.0
1623803373	4.0
0375814671	1.0
1939865328	5.0
B004L626R4	5.0
1448692784	5.0
148238745X	5.0
1494839245	3.0
B00436EZGC	5.0
1620040808	5.0
B009BIHQM2	5.0
074145453X	4.0
1469237164	5.0
0983706352	3.0
B005MGEO36	3.0
1565123514	1.0
1477679995	5.0
B004BLK7SO	3.0
1615814469	4.0
0989117316	4.0
1463789777	5.0
1492119237	5.0
B005FHNJ56	5.0
1596327839	2.6063829787234036
B00BXNM9QG	5.0
0060012234	4.0
1482914794	5.0
B005X1SHQU	3.0
B006BC05R4	5.0
0425242099	4.109090909090909
162322053X	1.0
0425247546	2.0
B006I2RN9U	2.4734513274336285
B00CQ808TW	2.0
1461079853	3.0
B00IRBXJNE	5.0
0985784016	4.0
B00DRFN4QC	3.0
148023964X	5.0
B00322OP86	4.0
B0082B3DXA	1.0
1608206661	5.0
1470005867	5.0
B004Z23JGQ	2.0
B00F2NMUVC	3.0
B00I5CHFTO	5.0
075824178X	5.0
1603706038	4.0
B00C3MCXW6	3.0
B00I5LA4UW	5.0
B00HYV1YDU	5.0
B00AYOSV6C	4.4755784061696655
1468006002	5.0
B00C53PEII	4.0
1491239395	1.0
044102064X	4.0
B003TU271I	5.0
1607352990	5.0
0615810756	1.0
0671019708	1.0
B00LLWDUDK	5.0
1484119134	4.0
1484119258	5.0
160737918X	5.0
B004P1JN0S	5.0
B009MTO9UW	5.0
1470126524	5.0
B009W3QEHO	3.0
B004U7GII2	4.0
1608208958	5.0
0452263921	5.0
0515145807	4.0
1599983478	5.0
1934166502	3.0
1451589840	5.0
1935192671	3.8191489361702122
0451239350	5.0
1615818596	5.0
0399156879	5.0
1606591827	3.0
1608200345	5.0
1494386631	5.0
0979311020	5.0
B0035LDNBY	5.0
1463513461	5.0
1466219661	5.0
1493788868	5.0
1479355100	3.0
161372442X	3.0000000000000004
1602020973	4.0
B004KZOREQ	5.0
1613722133	5.0
B007R5Q2Q2	4.0
0345517539	5.0
B00APP2H06	2.0
1885865678	5.0
1609289021	5.0
1608203603	5.0
B00B8U421O	3.585834333733493
B00F2M2YSM	2.0
1623805376	5.0
1615810870	4.0
0671032976	5.0
0505528223	3.0
B00KB0WYPS	4.0
1476716080	2.0
B004SPEF1I	5.0
B004IZMAEW	5.0
1615817042	5.0
1615819584	4.511830635118306
B00GQ9IKCE	5.0
1626490309	5.0
1461072514	5.0
0061783161	3.0
B00H8Q5O3M	4.0
1455501476	3.0
145647796X	5.0
1605048577	5.0
B00IMUG0GI	2.0
B004CRTCR4	5.0
1937058182	3.9186206896551723
B00BCAIFAY	5.0
B00BWV8AHQ	4.0
0345517555	1.0
0385320027	1.0
1475972350	3.0
B00DPROWWW	1.0
0971223262	5.0
B00L19CQPG	4.6820276497695845
1467988960	1.0
1627983171	5.0
1609283945	1.0
B008PYLULG	4.0
1615818383	4.0
1613725302	5.0
074359679X	5.0
B00BJGPWHK	4.0
0738733393	5.0
B00H8XYNY6	5.0
B00B69WH96	4.0
B0059JGY6G	4.55241935483871
1484130065	5.0
1937551873	4.594397076735688
B00DAH19LY	2.0
B00L1SY3QW	3.0
B00CCRB40E	4.0
1627987126	3.0
B00E1M6LCE	3.0
161372568X	4.7840220385674925
B00CE2XHD4	2.9999999999999996
1611249694	2.0
1608201236	5.0
B005HRSU30	4.6298394711992445
1603702180	1.0
B00DW47I8I	5.0
1419953842	5.0
B00HT8ZTKM	5.0
1615810706	4.0
1494430916	5.0
1606019635	5.0
0952596490	1.0
1606597205	3.0
B003YCPDIK	1.0
0316069515	3.0
1615818561	5.0
B009L9F2LS	5.0
1463765142	5.0
1935192809	5.0
B00CB1XYV8	5.0
1456545256	2.0
B00CELFI5K	1.0
1934166685	5.0
1605046078	5.0
B00E89E050	5.0
1495458881	4.0
B005X8ZRQQ	2.0
B00J5J99U4	4.0
097210982X	5.0
B00AHU033W	4.0
B00KJ46LP0	5.0
B00A3D6QI4	3.0
0615824404	1.0
B0052PO51I	3.0
B009KFHSKG	2.0
B0054LX3C2	2.0
B003TZLM78	1.0
1608202348	5.0
B0056ICE3M	5.0
B006WW0212	5.0
B00513MMW0	5.0
147008726X	3.0
1484156587	5.0
0312283709	5.0
1492868752	5.0
B006J7FPL2	4.0
0445406518	5.0
0446403482	5.0
B00CWV34XA	3.0
0374214913	5.0
B00EZ4KO3A	5.0
1615810854	1.0
B00CZ8MCG0	3.0
0425212408	2.0
0996037004	1.4581673306772909
B007SJVTRY	3.0
0440246113	5.0
1613724969	2.0
160820409X	5.0
1613724608	5.0
0312355637	5.0
0061898767	3.0
0399157441	3.0
B004QWZGMK	5.0
0547368925	1.0
1606019953	5.0
1602729255	5.0
1463760612	1.0
B008A39FY6	4.0
B006NPVT3I	4.0
0671880594	3.0
B00EEF0CN2	4.0
1613720114	5.0
1609285980	5.0
1622415450	5.0
0316607096	3.0
0981737285	5.0
1613721447	4.0
0451417054	3.452933151432469
1615815805	4.0
B006M3Y9ME	4.0
1941450008	3.0
B007WIEFHW	3.4911504424778763
1442345462	4.0
1460974425	1.0
1936214555	4.0
B009XUB7M8	3.5
0505526581	1.0
1619210576	2.9999999999999996
1613724985	5.0
B005BSZ3AS	2.9999999999999996
B0070FDVHC	4.0
1439244421	4.0
0451229851	4.422510822510823
0982365101	5.0
B000WCWUWM	1.0
B00I21QYJ0	5.0
B00E8FOLUI	1.0
B00E6YQIKM	4.0
0373777337	1.0
B0070FDJPG	2.7831912302070645
B003TLMNA2	2.0
B00DGY5SV8	2.0
1484814770	5.0
0982410255	5.0
B002HJV44S	4.0
B004VTHHB6	3.0
0345530594	3.0
0977897109	5.0
0615507719	5.0
B0058OIY4W	5.0
B00DEYIY34	5.0
0553343874	1.0
B002NOGDL6	3.8112058465286234
B006Z9JYB6	1.0
B003T9US8S	3.0
B0070XA0VY	5.0
1442408928	5.0
1615819487	4.999999999999999
B00DCLV1S4	2.0
B00DFLJE76	2.0
0615208533	2.0
1623801818	5.0
B006TH9R2K	4.0
B00AHAY3J2	3.0
1596328363	5.0
B009J2KAU0	2.0
1480529699	5.0
B004P1IYW6	3.0
B003GDI9II	4.0
1615819118	2.0
B005CK4CXE	2.514435695538058
148274337X	4.0
1477450491	4.0
1627982620	5.0
1603940111	5.0
B004ISLQYO	5.0
1626491321	4.0
B005MJTRL2	5.0
1615813829	2.0
1623804086	4.682251908396947
B004HZXHOA	5.0
B00CXFTSQW	3.512487512487513
B00C6ZTN78	5.0
1441508147	3.0
B0049H8WDW	4.0
1610401891	5.0
1484096762	5.0
1609283473	5.0
1613726961	4.0
B0055PTGYG	3.0
B00579IB78	3.0
1606017837	4.0
148488907X	5.0
B00I5CHMRO	5.0
B006K66FHA	4.0
1627981527	4.0
B005HIL52M	2.0
1622413210	5.0
B00HYDXYNQ	4.0
B004A8ZVRA	5.0
B00ET8DSW6	3.0
061566329X	4.0
1615817093	2.0
B004YWKA1O	4.0
0061894451	2.0
1463718497	2.0
1482678225	1.0
1609283104	5.0
1623807131	4.0
1615810579	3.0
0312362153	5.0
B004XVUZUW	1.0
1623807018	5.0
B005V24MBU	3.0000000000000004
0505526387	1.0
1623808588	5.0
B005L9V00Y	4.0
1623802547	4.0
B00HTBUE4K	5.0
B00E92Q5YK	3.0
1613727038	4.0
160601465X	4.0
067173783X	3.0
B004OR1KOA	3.0
B00GTVCXK4	4.0
0061351520	1.0
1601801149	2.0
161581695X	4.0
B007HQ58CK	3.0
0857154176	5.0
B003TLMKQE	5.0
1613720874	4.661019424565503
B004UHYPZK	4.746606334841628
1555839665	5.0
B00KF5GPGS	5.0
1615812261	4.0
1612185835	2.0
160928206X	4.0
1608208613	5.0
B00CI9URW2	1.0
1481083635	4.0
1453875042	5.0
1615813586	4.0
1623803535	4.999999999999999
B005N0PGLK	5.0
1623800269	5.0
1623804868	2.0
B0038AUZ4A	4.652400835073069
0646529013	5.0
B00534M236	5.0
B00FNXC8EU	5.0
1468189557	4.889216799091941
B00408AQ98	3.0
1606594990	1.0
1615817956	5.0
1626491070	4.529246935201401
031604461X	2.6740994854202405
1419958437	5.0
1409224171	4.0
B00LB8LSIS	2.0
1623805945	4.0
B004HD65GO	1.0
B00DD89DIG	3.0
1563054345	5.0
B00F7J1UYO	5.0
B007X09GNM	3.0
0451233166	4.188794153471377
1605044555	3.0
B00CV8IHRW	5.0
B0055UDPWK	1.0
0425233804	5.0
0764345621	5.0
B0051BLSE0	5.0
B007XAFECY	5.0
B00IBL4PUQ	5.0
006166751X	1.0
B0040GJ6ZU	2.0
1623800447	5.0
1492298352	3.577489177489178
1615813780	5.0
B003K16TME	4.4366140137707575
B00I15VL86	4.0
141965991X	3.0
1627982116	5.0
1614954607	5.0
B004Z9XKZE	2.0
1936460149	5.0
141995654X	1.0
1599989700	5.0
B00806PEHK	4.0
B008IXPAGA	2.0
1937252272	4.0
B003VWC0X4	5.0
0758259239	5.0
1933389192	3.0
B004RQD43S	4.0
0385341679	5.0
B00D89OGW8	5.0
B008O53SPW	2.9999999999999996
1477617140	2.0
1613721528	5.0
0871132583	5.0
B00CNID0J0	5.0
B002FK3U0K	3.0
B00G7U8WKW	4.0
B005T4DSEC	3.0000000000000004
B003T0HFU6	3.0
B002U0M524	5.0
0615301053	4.0
1615812334	4.0
0345803485	1.0
1613720467	4.6298394711992445
1615810293	5.0
B00GM00FDY	5.0
1623800226	4.20048019207683
B00EV07TD6	5.0
1609283198	2.0
1482582325	5.0
B00DCFXLEC	3.0
B007VN92WG	5.0
B005GI09IE	4.0
1456353160	3.3701605288007555
0989117375	3.0
0835608794	5.0
B003UHU3FW	4.0
B0071FNXWY	4.0
B004OEIRNA	2.0
061588699X	1.0
1615817913	5.0
1590213459	5.0
0399162771	3.0
B00579FBI0	4.0
B005AK44I4	4.999999999999999
B004HILZCI	1.0
1622417771	2.0
0857150820	2.0
1483955230	2.0
1627982566	5.0
1609288998	5.0
B00HAM7MAC	5.0
1615812113	3.0
1615815503	5.0
1615816712	3.0
1615812237	2.0
1475031904	4.0
