1466291206	1.0
1425734073	2.0
0451215540	5.0
0143143646	1.0
030793313X	4.157315086347345
031609756X	5.0
0399148612	4.333519865696698
0345515501	4.480897991335171
0399157565	3.0
0743292510	1.0
0061859397	5.0
0345538196	4.796367272121314
1476730091	1.0
0743219589	3.0
0142428469	5.0
0764206370	4.0
0446577391	3.0000000000000004
0316154695	2.9999999999999996
0767915313	5.0
0553099604	3.0
B0068RAA5E	3.0
0767916883	5.0
0615448755	1.0
0316069434	5.0
0345515633	4.0
0061007358	4.0
1250050936	1.0
0316210919	4.64111139696424
0446402400	2.0
0385660065	5.0
0345533054	4.0
1439153663	5.0
0545652200	3.0
0525953973	4.0
0615977049	5.0
0307750930	3.0
B0064I72LC	1.0
0375500898	5.0
0307750922	2.0
0307358666	1.0
0399158081	1.0
0553272918	4.999999999999999
0385517831	1.0
0060577657	4.0
0743597923	2.0
1594205159	2.0
0143124544	5.0
0470906723	5.0
1477805044	4.0
0451239407	4.0
0316710571	3.0000000000000004
1442359889	3.0
1455521175	4.809583660644148
0399147071	5.0
0451196716	3.0
0375728228	1.0
1469210932	4.0
0143122916	5.0
0385336667	4.469912905779889
0446563072	2.0
0446573019	4.157659048795552
0316211222	3.5063291139240502
1593155484	4.0
0606238409	5.0
0446562416	1.0
0451239415	3.0000000000000004
0385336675	5.0
1414339364	4.0
1455550957	2.0
0983269734	2.0
0525953493	4.0
B005COO1X6	2.0
B007IBUSUQ	4.0
0399146237	4.412563095905776
0374532915	5.0
143917282X	1.0
1623650925	2.0
1864711345	4.0
0385537859	3.5
0765365359	4.0
1605290947	5.0
0451233964	3.0
0312372841	5.0
0399159304	4.0
061556965X	5.0
0816526672	5.0
0778320049	1.0
1451640218	4.0
0451465849	4.26845999691691
141659518X	1.0
0615427359	5.0
1612181554	5.0
0007107927	4.0
0316069353	5.0
038536315X	4.761686347223578
1905570120	1.0
0399160760	4.0
143915709X	5.0
1455839957	5.0
1434352544	2.0
030758836X	1.8994350282485875
055356160X	3.0
0345528506	1.5205223880597014
052595239X	4.0
0399155848	5.0
1455521248	4.494032395566922
B00DFIE80W	5.000000000000001
0446520950	3.010421008753647
0802121012	2.0
B005PRBB2Y	4.999999999999999
1416585834	5.0
0316734942	5.0
031236847X	1.0
0307263169	4.0
0307749584	4.199101332506973
1401324800	4.0
0345450698	3.0
1481160370	4.0
0984789383	1.0
1463609337	1.0
B004NNV5GS	1.0
0399142533	5.0
0451413431	1.0
0007447094	4.0
0895552280	1.0
0553591916	5.0
0786020326	2.0
1451665164	5.0
0316211176	5.0
0307749436	4.0
0425101452	4.0
0451231740	1.0
0099581876	1.0
1439157073	5.0
0553817736	4.0
1416585850	5.0
0399143793	4.492735574927356
0151013772	1.0
0446582212	1.0
1482926474	4.491803278688525
1477808701	3.0
0515148458	5.0
0515131679	5.0
B005D75Z8C	4.0
0857208675	4.0
0345384369	5.0
1439172803	1.0
B0064H8NE8	1.0
0307943232	4.012332721070585
0316603570	4.0
0345497600	5.0
0595314465	5.0
0553502859	4.0
0312950489	4.505263157894737
1416550402	1.0
0316097519	3.0
0061766143	4.0
0316211079	2.022113022113022
0765317583	4.358240771906204
0143144111	1.0
0451239377	5.0
0316206849	2.0
1416569839	3.0
0062130358	4.0
1484814916	3.0
0316199869	2.0
0843961449	4.0
0307749649	4.479258461438036
1469227886	4.0
1933515015	4.685780406274106
0060530413	5.0
085720307X	5.0
0446573094	1.0
031621129X	5.0
0345544242	5.0
0312368461	5.0
0385344325	4.910294117647058
0345434471	5.0
0615154417	2.9999999999999996
0451239385	4.0
0060567104	2.0
0399159312	4.0
141697170X	5.000000000000001
0446527165	2.0
1590586247	4.0
0316154067	4.0
B0083ZQRP6	5.0
0399149104	3.0
1468035274	5.0
1476703221	5.0
0439023483	1.0
0312389566	4.0
0399152199	4.0
0615953948	2.0
0425264394	4.61819043107532
0345542886	2.9999999999999996
0060525118	1.0
0399164731	3.0
0312380755	2.0
0307939693	2.0
0345505735	2.0
0312955006	5.0
0451412753	4.0
1579653464	1.0
0316069515	2.0
0446572985	4.551805337519622
0316097403	5.0
0517580519	3.0
0786890738	5.0
078689072X	5.0
1416563628	1.0
0312940645	3.0000000000000004
0312622872	5.0
0061827010	4.0
0316198730	4.0
1442362383	5.000000000000001
0399147268	3.65131761442441
045141411X	4.999999999999999
0385340559	4.4882764294529
0143035355	4.0
0345491599	4.0
0330419668	4.0
0375433392	4.630757014293278
0764206389	4.0
1454703539	5.0
1455517062	5.0
0345544293	3.0000000000000004
0312319169	2.0
B009C9C77E	5.0
0873589238	5.0
0375831002	5.0
1455515558	1.0
161218071X	4.0
0525953086	4.999999999999999
0316018783	1.0
0446573051	4.58416
1612184405	3.0
0385340567	3.661612332575183
1442361867	5.0
0345803493	4.0
0143125311	5.0
1611062306	5.0
0007442920	5.0
1442359315	4.999999999999999
0316228532	3.0
0399164146	4.0
0316069418	5.0
0786032251	3.0
