0307718891	3.0
B00B6NJJ8O	5.0
0316205214	5.0
1455548987	5.0
B00EXFFVHA	3.0
B00H0UT5KO	4.0
B008OC1RWQ	5.0
1494494272	3.0
B0051AEHTE	4.0
0985817089	5.0
B00JETL97Q	4.0
B00DFIE8SE	4.0
B00EOARZGO	5.0
B00J1WU41S	3.5
1941198910	5.0
B00D4JYDWU	4.0
B00FP445UC	1.0
1481802054	3.0
0615911684	3.5
0373863438	5.0
B008IL47LG	1.0
0316205206	5.0
0143038338	4.0
1608090558	5.0
B00ENOV7L0	2.0
B00EP1ZZ14	3.0
1612156096	3.0
B00FURCF9C	4.0
B003MGK8X8	5.0
0758221851	5.0
1483920607	2.0
B004XJKXO2	4.0
0451184270	5.0
0615669107	4.0
1402274866	5.0
B00B2MP6ZO	5.0
037312953X	5.0
1455573922	3.0
B00I7E8ZIA	5.0
B00B02RY10	5.0
B00AHNOSLM	3.0
B00EKJP4IK	3.0
B0044DEGIQ	5.0
1479351180	3.0
193519223X	4.0
0991204549	4.0
0425256189	4.666666666666667
0316205222	4.0
B00EW0OFBO	4.0
B00FSHRH3I	1.0
0307704254	4.0
B009QFC756	4.0
0373002211	4.5
067165960X	5.0
0758273029	4.0
B00K4B8886	5.0
1455522317	4.0
1484926617	4.0
B00HRHUSN8	4.0
0316033677	5.0
0316122386	4.0
0892967811	4.0
0807013013	4.0
1938618114	3.0
B007MDK40E	5.0
B008A7RI8W	3.0
B00466H5XO	4.0
0373778287	5.0
0439686172	5.0
B00AHOW2SC	3.0
B004JU0I3Q	3.0
B00HVMNJI0	5.0
0615822991	5.0
037386213X	5.0
1493632639	3.0
B00IFTKBE8	5.0
0060591803	4.0
1603181008	3.0
1493625489	5.0
0989826104	5.0
B004W9BX7Y	3.0
1482619954	5.0
0310397715	4.0
1478394412	5.0
B00B3YJK4E	4.0
1482660148	4.0
B00EXC4SD6	4.0
0061245097	5.0
B00IFFLXXU	5.0
061579615X	3.3333333333333335
B00AFZVM3O	1.0
B00H0LKQPG	5.0
0758221827	5.0
B004K6MMCY	4.0
0821769340	3.0
B00F9JHD1G	4.0
0312945965	3.0
B00761OU0C	1.0
1402274831	5.0
0843959843	5.0
147672721X	4.5
143914799X	3.0
0345524055	5.0
1476727228	5.0
B006K7MU5A	4.0
B00D7HXMDU	3.0
0061245089	5.0
1477610804	5.0
0373778295	3.0
B00GW413G8	3.0
B00AGBH9QQ	3.0
162830068X	5.0
B00GWVSPEO	4.0
0062218980	4.0
1937007812	3.0
1419950371	5.0
0316074179	3.0
1599982714	5.0
0062267906	4.5
1937007820	5.0
0345524071	5.0
B00JCYNMUU	5.0
B00GWOW3SU	4.0
1475067453	4.0
B00AZSCKXC	4.0
083589942X	4.0
B008OYDZ74	4.0
1481162527	3.3333333333333335
1439147973	4.0
087839365X	5.0
B00815XA9Y	5.0
0316127256	4.0
B008C5QVU8	5.0
B00GXUXOG8	5.0
B00LK805JW	5.0
B008UFHQJ0	3.0
B007H19LTG	5.0
1629100048	3.0
B007OTTW1I	4.0
B007144QCG	3.0
1402274807	5.0
0345524098	5.0
B00II6IKLO	5.0
B00ES4C28C	4.0
1939337259	5.0
B00F7CH7Q6	5.0
B009G7B59S	5.0
B009LUCM2O	5.0
B00EDQDB26	5.0
0595359590	4.0
B00HX8NJNM	4.0
B005KT0H2W	5.0
B0096TKHAO	4.0
B00BG00LUC	5.0
0985777338	5.0
0985848219	4.0
B00J4XQSFK	5.0
B008TA84F6	5.0
1475278616	4.0
B00L4A4RF4	5.0
B00DZZG89Y	4.0
1481916025	2.0
1491202157	3.0
0399151095	4.0
B00AGZAZQI	5.0
1480299405	5.0
B00FS37D8Q	3.5
B00BLSZLY0	3.0
1493530690	5.0
1495405915	4.0
B005891EMQ	4.0
B00FZ2EK54	3.0
149619408X	3.0
0263873668	5.0
0983522006	4.0
B00DXNCP04	3.5
B00J0ZCDBA	2.0
0764228188	4.0
1623001250	4.0
B008SIPSIU	3.0
0425199959	1.0
0615803830	4.0
1591332397	5.0
0984975322	1.0
1475280904	4.0
B00J6U7M88	5.0
0312943385	3.0
B00H9076SI	2.0
B00GI3EDFQ	5.0
B0099LPCWC	4.0
B00GU1J8YM	4.0
B00CZ8MCG0	5.0
B009R7V0CY	5.0
B00JNA1WXM	4.0
B009POGE3E	5.0
B009VSVWHW	4.0
B009SGX2H0	4.0
B00BJCBPIO	4.0
1577364104	4.0
1613724969	4.0
B0062J11OM	3.0
B0041KLDFG	3.0
B00H4KGD5K	5.0
B0097GFOS6	4.0
0967478626	3.0
B00HBX6XD2	3.0
B00DMTXGWU	5.0
0061957933	5.0
B002RHOU3W	1.0
0615588832	4.0
0373718586	4.0
B00BWY1C4Q	4.0
B005RFG3JK	4.0
B00CQUW9YC	4.0
B00I9N8IPO	4.0
B00CDSO814	3.5
B00J606B6W	4.0
B00AWFIJXS	3.0
0743597923	4.0
0061961183	5.0
1477817158	3.0
1938312015	5.0
B00BCMK80M	5.0
B00EA8Z45O	4.0
B00J4ZZQ2E	4.0
1492888095	3.0
B00AYNPUO4	5.0
B00DTNNW1Y	3.0
0061957917	5.0
B008ONMSJG	5.0
1484101006	4.0
B008KUCDDY	4.0
1615814612	5.0
B00J4B0THU	4.0
B00K6OF910	3.0
B00BY7UYNG	2.0
B0058DUNLU	4.0
0425263398	4.0
042526338X	5.0
1615819487	4.0
B00HY09X52	5.0
0060835613	5.0
1456300288	4.0
1426714599	3.0
B00655KHQG	5.0
B007W62DD2	5.0
1476712980	5.0
B008IL48BK	3.0
0345519477	3.0
B00B9I1M7M	5.0
B007Q0W62W	3.0
B00BUVM0BA	5.0
B00HEQWOPC	4.0
B00DV6AB4K	3.0
1476735603	3.0
141995170X	5.0
1480232327	5.0
0771011113	3.0
B00EOBHVPI	5.0
B007N9ARPE	5.0
1480118516	5.0
B005BT583Y	3.0
0312343663	4.0
B00CTVNHOY	3.0
B0052UD9DI	5.0
B008CQ8HZO	5.0
148023365X	4.0
0425263363	4.0
B009UD78MG	5.0
B0057PIJZ6	5.0
1453600698	2.0
1482625857	3.0
B00AB7YZV2	5.0
1477817182	4.0
1476752192	4.0
0316074160	4.0
1420111892	5.0
B0098ZYB3U	4.0
1490527516	5.0
1780883102	3.0
B009AR5VAI	5.0
B00DL3ALBG	3.5
1481270443	5.0
1453698949	5.0
B003FL6X52	4.0
1479226874	5.0
B006HMDJN0	5.0
B00GIAW5N6	1.0
B00CDVZFRW	5.0
0060876115	2.0
B00GAHEYDQ	4.0
0373862199	3.0
B00CFL8CVG	5.0
B0057XV0F4	4.0
0425265951	3.0
B00GEHN8ZW	5.0
1611183898	4.0
1495946851	3.0
B00ILILD1S	4.666666666666667
B00C14XX02	4.0
B007CIMWZO	4.0
0988695375	4.0
B00E5UMIR4	3.0
B00CFAZGHA	4.0
B00BMIEEEW	2.0
0395739829	1.0
193705425X	4.0
146378015X	5.0
B00DIA92I0	4.5
B005QUIZ1U	5.0
042526596X	3.0
B004AM59T6	4.0
1414310552	3.0
B007X09GNM	3.0
B00KKBZYGY	2.0
1455515191	5.0
B00669PIP6	5.0
1599986310	5.0
0985548223	3.0
B00B3FOIG8	5.0
1492871230	4.0
B008VXUI0A	5.0
0312266839	4.0
1491264489	5.0
B006FDJLBA	4.0
0816039798	3.0
B008XD9PIY	4.0
1557661979	5.0
B00HI56L8U	3.0
B009DIU4EW	5.0
B00H0UT5WM	5.0
0451412532	5.0
B008DQLNQI	5.0
B00JTBY0UW	5.0
B00DR4H7QG	5.0
0517580519	3.0
1457528290	4.0
1491006919	5.0
0373657102	5.0
0132638495	3.0
1463710941	5.0
B00H5XAQOU	5.0
B004VWMMUO	5.0
B00I34C35A	5.0
1420111876	5.0
B00GWOXXAM	5.0
B00KWK6EOY	3.0
B008FB06WS	5.0
1478127163	4.0
B00ECGVFAC	5.0
B003Z0D1EY	5.0
B004OEIRNA	4.0
B00ES2AJ16	5.0
B00KC8Q522	5.0
B00HFGS70C	3.0
0727862650	5.0
1420111884	4.0
B00814K01Q	5.0
B00HQ6EUL6	5.0
B007D1QZH6	4.0
B003V8BU84	4.0
0982979150	4.0
B00ES4IE84	3.0
1615814655	5.0
B00C5SZOX8	5.0
1619214164	5.0
B0096TP6CS	3.0
0843959754	5.0
B00CKAOIRY	4.0
B007KSE4Y8	4.0
B007GY95UE	5.0
1475037775	3.0
0425227723	5.0
0985374233	5.0
B004VB8ITE	4.0
1484880846	4.5
B00JZVLFP4	3.0
1940976189	5.0
157322300X	3.0
B0075Y6VAW	5.0
B00FXY645I	2.0
1492323039	5.0
B00HNJ4N0E	5.0
1936413213	5.0
1469134187	5.0
0345377648	4.0
B00AT44YZY	2.0
1492765805	4.0
0756404320	4.0
B00F9CEBXQ	4.0
B001BXNQ0Q	3.0
B00GSJ4AVM	2.0
B00HEY9GE6	3.0
0615706770	5.0
1622665996	5.0
0738718726	3.0
1484018427	4.0
1468008862	3.0
B00H4MRY56	4.0
B00C54UVCQ	3.0
1463610068	1.0
1482030683	3.0
147007169X	4.333333333333333
B00K5ILVEG	3.0
B008XL0W8S	4.0
B00AGGKUTY	4.0
B00CWFAQJQ	4.5
1482397676	4.0
B008XOWVVG	3.0
B008JHXROC	5.0
B006GWZWB8	2.0
B00FKCG0DY	5.0
0312253486	4.0
B005I0GXO4	4.0
1455521108	5.0
0785249397	3.0
B00GBIYX8A	5.0
0615845517	5.0
1458383938	4.0
B008FYOMCA	4.0
1938243935	4.0
1482774062	4.0
B00B9XW3FM	5.0
B00B3WOVTU	4.0
0399152229	3.0
1602829586	4.0
B00HHJGI5S	3.5
B004EYU9O0	5.0
B00H4J4AP6	3.0
0451218043	5.0
1451527756	4.0
0743289420	3.0
0312565518	3.0
1483907570	4.0
1490366504	4.0
0373862032	4.0
0451219368	4.0
B007VHDDKO	5.0
1481150456	5.0
1489521534	5.0
1455521124	5.0
0425269590	5.0
0892967706	4.0
B006G1A9F8	4.0
098477890X	5.0
1481889532	4.0
099606091X	5.0
B00E7K7YY4	3.0
095724990X	5.0
B00FAFJU8S	5.0
B00I1JP1VU	5.0
B009EADNC4	3.0
0373863330	3.0
1484119134	4.0
B00G8U2I5Q	4.0
1480198854	5.0
B00H8ZQAJK	5.0
1484943082	5.0
1493751263	3.0
B008YPOUPE	3.0
B004HKJ8F2	3.6666666666666665
1477848347	4.0
0671027573	4.0
B008MZVR8E	5.0
1937349454	5.0
1936413272	5.0
0061080780	5.0
1482685302	5.0
B00IIYHLM0	4.0
B00I9NSFDO	4.5
0380723409	4.0
B005HF9CT8	5.0
B00BMU99HM	4.0
B00AVRUKM0	4.0
B0043GX2FW	4.0
B004OL26HQ	4.0
0062300385	4.0
0991182723	5.0
0425258874	5.0
B00GPDST0E	5.0
B008UCCV5C	5.0
B00JDYC5OI	5.0
B00C45C002	5.0
B00H1CFC26	3.0
B00HMBOS62	4.0
1594744769	3.0
B00JCB8VRM	5.0
B00CKH0X2G	2.0
1940223040	3.0
1613722133	4.0
1456548689	4.0
B00GG1C64K	4.0
0385341199	3.0
B00D5SRVJC	5.0
B00KHEN556	5.0
B00J5YP21Y	5.0
B005LXSP26	4.0
0373777027	5.0
1463630522	4.0
B00CNTSV7K	4.0
1615819584	4.0
B006012RWW	2.0
B00D3VJIU6	4.0
0987741144	5.0
0306821990	1.0
1564778479	5.0
1937733165	5.0
148110019X	4.0
1611099838	5.0
0988218011	3.0
1494374560	5.0
0800721918	4.0
1481802119	5.0
1475066228	5.0
B00H55YEBE	3.0
0615298524	3.0
0446527165	5.0
0373778376	5.0
1461084741	5.0
0091946964	5.0
B00IBUBHJY	4.0
1939559170	5.0
B0095VONZS	4.0
1475181221	5.0
1461131839	3.0
0991054202	4.0
0765320177	4.0
B00C4X5JSE	5.0
B00CWRJDFC	5.0
0983651795	4.0
B00CNYQ0L4	4.0
1623000068	4.0
1480010510	1.0
0835898016	4.0
B00KHTM9XA	3.0
B008JHXRRE	5.0
B00GVK997I	5.0
B00J6U7KVM	4.0
034544874X	5.0
0385335318	4.0
0515133418	2.0
0761174427	5.0
0765328909	3.0
1481288628	5.0
193514202X	5.0
0425245527	4.0
B00HBIZ4UA	3.0
B006OJRKAE	5.0
B00IZD6PEO	4.0
B0050CKUXA	4.0
B00CPSGLEE	3.0
1484976835	5.0
1484156110	5.0
B00LDV3WUK	4.0
1622535014	5.0
B00BOWTTNC	4.0
1466211636	3.0
B00DYVWVIQ	3.0
1497435552	5.0
0553216260	4.0
0060548932	3.0
0380777215	5.0
159448919X	3.0
B00LF56Y3Q	4.0
0687027888	4.0
B00ATWDHJU	4.0
0821777696	3.0
B009IAMQIW	4.5
0578120763	3.0
B007WZHSTC	4.0
0060548924	3.0
B00CLYJK7M	3.0
B00JCW0BLK	5.0
0007442920	5.0
B0078IPOKS	5.0
1939559111	5.0
B004MDLNNO	5.0
B00HHIROPW	3.0
B00G8BACU8	5.0
0062134655	5.0
B00EDMWPK4	5.0
B00H5T6JEK	5.0
B002ZFGJV2	5.0
B0091USXFO	5.0
B00KUYH0PY	3.0
B00JNFLGU6	4.0
0764205609	3.0
B006ITXEVO	4.0
0345333152	5.0
1493500937	4.0
B00ATUZ3AS	3.0
B006VXPMAS	3.0
B0099Y69XK	3.0
0646558536	3.0
0821766996	4.0
B00FI3ZUPO	2.0
B00BCCVSYM	3.0
0843952326	3.0
1419950304	2.0
B008MOGWS0	1.0
B00CHC0GHQ	3.0
B00DUB24VY	4.0
B00EO2X0OS	4.0
B007YXUGKU	5.0
0425198782	5.0
1401205607	1.0
149738737X	3.0
B00G8OGIEO	5.0
1477805281	5.0
1477603646	5.0
B00K0X5GMO	4.0
B008G6DUY8	4.0
1461119847	4.0
146090334X	4.0
1470065886	4.0
0843952334	5.0
B00EVD47YC	2.0
0515121495	4.0
B00IZS0680	5.0
B00G7SUQ3A	5.0
0778312771	4.0
B00K2IK20S	3.0
B00H1BZ17I	3.0
0764206915	4.0
0765320169	4.0
B007LO1O1W	5.0
B00FAY90KM	4.0
1491500999	4.0
148234873X	4.5
1419951653	5.0
B00GQ0OF8G	2.0
B00AGXN8O6	4.0
1494722631	3.0
1470009749	4.0
B008BKT3UO	5.0
149473592X	5.0
0373718683	5.0
145288126X	4.0
1494738147	5.0
0345518268	3.0
0316693251	4.0
0451239822	5.0
B00ARON0OW	4.0
B00FDN4DR0	4.0
1400073480	3.0
B00BH16SWU	3.0
0061009059	5.0
B00BK84CNW	4.0
B00G4V1FAS	5.0
B0091XJKRQ	4.0
0307891054	1.0
1591844576	3.0
0615614159	4.0
1494878348	5.0
B007PM2EXM	5.0
0061097667	5.0
B00GVGVVQY	5.0
B00DUIU0KE	5.0
0957484607	4.0
B00DBN7JFW	4.0
B00DUJDK3W	3.0
1603703209	4.0
B00KICV1Z8	3.0
B006QYG9FY	4.0
B00FXYEA8G	4.0
B00FQPJL1S	4.0
B00F433J6A	2.0
B00HV539A0	2.0
0151006091	4.0
1492230790	4.0
0671021346	3.0
B0091XMTYM	3.0
0743464583	5.0
1463526245	5.0
B00FZ0I0DE	5.0
1453287361	3.0
1482678225	3.5
B00K7UHFL0	5.0
B00E22GWYU	2.0
0957484623	4.0
089296507X	5.0
B00365FIG2	4.0
B005T4TZZ8	4.0
1421531321	3.0
1470077892	4.5
0988218046	5.0
B005EV8692	4.0
1456541129	3.0
1478178809	5.0
0345543262	5.0
B007JMW46U	5.0
0373718616	4.0
1478268727	5.0
1490346023	5.0
B007SAKW9E	4.5
0615840787	4.0
1492200948	4.0
B006K7TY2W	4.0
0373797427	3.8
1482594129	5.0
0451411366	5.0
B00IE9E5WS	4.0
1492769339	5.0
B0076ZVINU	3.0
B007VWL27A	4.0
B00AQPZAE0	3.0
1417808268	4.0
002782683X	5.0
1468008919	3.5
B00B7RTY98	3.0
1495920348	5.0
B007H4CXHA	5.0
1439153612	5.0
1492320706	5.0
B00JY6G63G	3.0
B00KCYK3VU	5.0
B0057G5BQ0	2.875
0307743675	5.0
1477847049	4.0
0373002041	5.0
B00DK7EGCI	4.0
0380795124	3.0
0373862040	1.0
0385335296	4.0
B00HVPF0ZM	3.0
1453287329	3.0
1626491070	4.0
B00JFHDUTC	4.0
1616262389	4.0
B0090D4CJS	4.0
0803733402	3.0
B00HGVPC5E	5.0
1623802695	3.0
1439153604	5.0
B00FO60EWE	4.0
0310719410	4.0
1439255954	4.0
B00A71V2JU	4.0
B00DNCONGE	4.0
B00DFIE9NI	5.0
B00G8ULD1Q	5.0
0441015662	5.0
1936564033	3.0
0240814452	3.0
B005RPUQPW	4.0
B00CO6DD4I	3.0
B004KKXQZM	3.0
0465005179	3.0
0373797435	3.6666666666666665
B002SVQD0A	2.0
0060936312	4.0
B00DNJCRRY	5.0
0425222918	4.0
B00BAFEMEE	5.0
B00AA5CKPI	4.0
1482757443	4.0
1500417483	1.0
B00CEQ3N5W	4.0
1596913975	3.0
1451671598	4.0
B009LAMMXS	4.0
0062051857	5.0
B007H90BJM	4.0
B00AUYSS5K	3.0
0786868198	3.0
1492884685	5.0
B00AOF606Y	4.0
0800733894	3.0
0451232380	4.0
B00L9SNX6A	4.0
1481058134	4.0
0988851121	5.0
B00BD8O7SE	5.0
0373772106	3.0
1420134620	5.0
B00FWGS9ZU	4.0
0312577427	5.0
067177932X	5.0
0446606383	4.0
1479327573	4.0
B00CMTKDSG	4.0
1462113648	5.0
B00HG4U4O0	3.0
B00E8ZW9SY	4.0
1477818553	5.0
1499321147	4.0
0778314006	5.0
B00FENSZUA	3.0
0989245314	4.5
B00HHEVSK8	4.0
B005EUR83I	4.0
B006LE44HE	5.0
B009CGEEYQ	4.0
1477847103	3.0
0425267067	4.0
B0070DZI70	5.0
B00GDIBITU	3.0
B00ATFFV0K	5.0
B0053PVHTU	5.0
B009ZV6SKQ	4.0
0989247988	4.0
B00DC7QZHK	2.0
0758206461	2.0
037383604X	5.0
0983157278	5.0
0061284424	4.0
0505525917	4.0
B00J6U7K9Y	4.0
B00JXO4WGW	2.0
B0044KM2L2	4.0
061588721X	3.0
B008BYG96Q	5.0
080278481X	5.0
B00B1CWK5Y	5.0
006009785X	4.0
B0081ST36A	5.0
0373207387	4.0
044654115X	4.0
1484021959	4.0
1455599085	5.0
1455508276	5.0
1620907755	5.0
0451206371	1.0
B004JN0CJI	1.0
B00BM678JM	3.0
1492385638	4.0
B00HRJQN9E	4.0
0618352104	4.0
B00A2DOZNS	4.0
145550825X	5.0
1477592296	4.0
B007W7ZEK0	1.0
B005J4EXPU	5.0
0758207743	3.0
1476730601	3.0
1402217625	4.0
B00CO7GIDU	5.0
0983157227	5.0
B00KE6GGOO	4.0
0061799491	4.0
1613727364	4.0
B00KE6GGOE	5.0
1484134656	1.0
0345501535	3.0
B00B07B99S	4.0
1402218966	5.0
B00K283O3U	4.0
B004JU0JX0	3.0
B00B0645XG	5.0
1613727348	5.0
1494968525	4.0
B00HKXQTDM	4.0
B00DV07ZXG	1.0
1400042054	3.0
0330437437	4.0
0758219733	4.0
1481100092	3.0
1455599050	4.0
B00G8H2EQW	4.0
1628300434	5.0
B00HJUNS6M	4.0
125000098X	4.0
0983157200	5.0
1250000971	4.0
B00C1VKJZ2	4.0
0425239810	3.0
1622663659	4.0
0061284416	4.0
0385343663	3.0
B00HG1T2LO	5.0
B00GN90JB2	2.0
0375412409	4.0
0143038591	3.0
B0088QTH0C	3.1666666666666665
0505523302	5.0
1456337866	4.0
0765341840	5.0
081297543X	4.0
0615810756	3.5714285714285716
B00H5Q9UQW	4.0
0373861036	4.0
B00CO7GIFI	3.0
0451413563	5.0
0061284408	5.0
B00CKHW676	5.0
0425256383	3.0
B008L8IXUM	4.0
1497383439	4.0
B00GX5LIS4	4.0
0786864400	4.0
148399600X	4.0
B0073L93ES	5.0
B00F9B09WY	5.0
0983368414	4.0
161217678X	5.0
B0055PTGS2	4.0
1611099730	5.0
1492880787	4.0
B009N9EMBM	5.0
0615791050	4.0
1467964409	4.5
B0087IE3QO	5.0
B00A2UY23O	4.0
1451671601	3.0
0425190080	3.0
B004U35AJO	2.0
1631420038	4.5
B00FCRLDWA	5.0
B009RDMZ86	4.5
B00INCJGWK	3.0
B00F1QX7XA	5.0
B00FMJYE6A	3.0
1453812954	5.0
B00H0QLDEY	4.0
0451221958	4.0
1497478332	5.0
B00JRID620	5.0
1565123727	1.0
B00149M19E	4.5
B005U3HT4M	5.0
1494405806	5.0
1602728550	5.0
1484994566	4.0
B008255UB4	5.0
B00JO4HBDM	4.0
0060899026	4.0
0062195514	4.0
B00E5790KA	5.0
1416547800	4.0
B0032C9964	5.0
0312375891	4.0
B006YBYI0M	5.0
1480544353	5.0
0399151273	3.0
0615729118	4.0
B005Y0HS7E	5.0
1482692392	4.0
B00FFLU4LE	3.5
B003GIRSDA	5.0
0060009241	5.0
B00GT2G2IC	5.0
B00IOT62Q0	5.0
B00AWLC2BW	5.0
149539090X	5.0
1426707657	5.0
0991763491	2.0
B00KFIUKB6	5.0
B004DI7TU4	4.0
B00G4I4I5U	5.0
B0097K1IAK	3.0
B00B7T18UY	3.0
1426707673	3.0
B00FCRLDR0	4.0
0451419707	5.0
1935142151	4.0
0972109838	5.0
1490930620	4.5
097210982X	5.0
1936305062	4.0
B00G8GAFZK	2.0
0060577339	5.0
0062021877	4.0
B00A7FJWUW	5.0
150032020X	4.0
B00CGOGZYS	3.0
B00B1FG9T4	5.0
1419950118	4.0
0786890746	4.0
B00BTIDXVU	5.0
1583453504	5.0
B00HFUAOWW	4.0
0985395702	5.0
0373778449	5.0
B005ECTTRY	3.0
B0083UU2X4	3.0
B00GNTUFS4	5.0
1476741352	5.0
B00BCG1N16	4.333333333333333
B00HFUAP8K	5.0
1479124540	4.0
149150093X	5.0
193815018X	5.0
B007MIITQA	5.0
B00B09ZD3Y	3.0
1466254440	5.0
B00G8UF35S	3.0
0758214901	4.0
B005O3PM3I	5.0
B009XIIA4I	2.0
B00CZXWTHC	5.0
B00IKBQNZM	5.0
149236522X	3.5
B00ANFPQDS	3.5
B00C0D2MAQ	4.0
1612186076	3.0
0373754434	4.0
B00DAIUFCM	5.0
B00D5G561E	4.0
0545230535	4.0
1492295175	3.5
0439804078	5.0
B00HFUAODQ	5.0
1479225703	4.5
B005OD73X0	5.0
0312368712	5.0
1475045964	3.0
0425232417	2.0
1482313774	5.0
1402278543	4.0
B00C42NW70	1.0
0316693324	4.0
0989894509	5.0
B00C6EHDFS	5.0
0425244407	4.0
1468141740	5.0
B00BWB9PS4	4.0
1477454543	4.0
0804109540	4.0
B00GB0VRZA	3.0
014242823X	5.0
0802841023	4.0
1484812352	4.0
B002TG4NCO	4.0
B00E5JAIP4	3.0
0606238409	5.0
1626490015	4.0
B00DP121XU	5.0
B00D002DE8	4.0
B005R9II3A	4.0
1555834906	3.0
B00IBNCU8I	4.0
B00CSCCKZ6	5.0
1938601122	5.0
B008L2KQP8	5.0
0615781608	5.0
B00BQDXU7A	3.0
B00KL13WXK	4.0
B00CPVQ9AC	5.0
B00FWYROBC	3.0
B00AJOW9J2	5.0
B003100U9M	5.0
B00JELPVM8	4.0
0425206165	4.0
0061128899	3.0
B00F0P472C	5.0
0373730489	5.0
0345439104	3.0
B00A55F5AU	5.0
0062068520	5.0
B00BE5PEDS	3.0
143915709X	4.0
0615841945	4.0
B00IA6ZZEM	5.0
B00D4E0Z3Q	4.0
145162137X	5.0
B005FCDTYM	5.0
B00BUYLKEU	3.0
0399145362	4.0
B00GU6BGZG	5.0
B00CCHSMVI	5.0
0545230500	5.0
1493761978	5.0
1497587557	5.0
0989438732	5.0
B005SJQVII	4.0
B006E8ZH6Y	5.0
B009KUOC0U	3.0
B00751MAS2	4.0
0743486250	5.0
B00HY2KN04	5.0
0988695103	3.0
B00D96EDVE	3.0
B00F7CJKVQ	4.333333333333333
1605044075	5.0
141437125X	4.0
B00HZD515Y	3.0
B00FK6WM0A	5.0
B00BKQR4C0	4.0
1478376422	4.0
B00CSVQ4QI	3.0
1592122639	3.0
B009K54QQK	5.0
1477619011	3.0
0988695111	5.0
B00EKKB500	5.0
1455508217	5.0
B0052GG1LO	3.0
1480102814	5.0
0505525860	4.0
B00FUWGRT6	5.0
014242207X	5.0
B00AIC7K26	4.0
B00EWOMJ18	4.0
1482531925	5.0
1484861388	4.0
B00GM4N3MU	5.0
1615812261	5.0
B00GG5BJ08	4.0
B00K48BOEY	5.0
B009CCBCU4	4.0
0425155188	3.0
1499150555	5.0
B00KZ41KGY	5.0
B00FUWGRS2	5.0
B008UAZQP6	5.0
B00ATM219C	5.0
0991190912	5.0
B00E8LPGX8	3.0
B00K5V449C	4.0
0989245373	5.0
1420110349	5.0
B00FND3CO0	5.0
1461189322	3.0
0399157387	4.0
1941098126	4.5
B008UR3L6A	2.5
1480226300	2.0
B00A2RBA78	3.0
B006JR6G56	5.0
0373180616	4.0
1628300418	5.0
B00A9V2XG4	3.0
B00L2D2BIS	3.0
B00CLZCRIU	4.0
0399156046	1.0
B00APPO6KU	4.0
B00FBRKH8M	4.0
0547608322	3.0
1476761779	5.0
1593371454	5.0
0991528107	5.0
B008O7A3N0	5.0
0345453417	5.0
0989245357	2.0
1940296056	5.0
B006YSZX8Q	4.0
B008P5VXEE	4.0
1904492460	5.0
1467921289	4.0
B00KI5ZRRS	4.0
080278710X	1.0
1495370453	5.0
B009YLRDQK	4.0
1460958195	5.0
B00KH4YEPG	4.0
1481839020	4.0
1416936327	3.0
B00JH65TA4	2.0
B007SEN77Y	4.0
0451528832	4.0
B00D7WKQRA	5.0
1482728834	3.0
1463762542	4.0
B008GWT0ZK	5.0
1608208443	4.0
1464201048	3.0
B00IWBT11I	4.0
0989245330	5.0
1452615330	5.0
1605047961	4.0
B00769KFS0	5.0
1482561794	4.0
B00I8Q0T9A	5.0
0553290266	4.0
B0056B58ZK	2.0
1455508233	5.0
B00E3C2O7S	5.0
0743566572	4.0
B00IFI04YQ	3.0
B005DROC5O	5.0
B00DCC6UOI	4.0
B00JFHKFEK	5.0
B00ANT60YS	5.0
1613722516	5.0
1480198455	5.0
B00IAR44I4	4.0
B00AGA4UGY	3.5
1483901653	5.0
1490909222	5.0
B003U89SC0	5.0
B00E6GNLW8	3.0
B00B9YEG1A	5.0
B003100UC4	4.0
B008WDTBOI	5.0
0399153764	4.0
0345389409	4.0
B002HE1IBW	3.0
1625289995	5.0
B00HDFM5LM	5.0
B00KBDETNK	5.0
1477409289	3.0
1491010266	4.0
B007R9G9DY	3.0
0739412329	4.0
1628301686	4.0
1492902713	4.0
1623000254	5.0
1400042135	3.0
1494289105	5.0
148238678X	5.0
0373785747	5.0
149377767X	5.0
B00KBA91A4	4.0
B009RXC6R6	5.0
B004N62M26	3.0
1476783284	5.0
0425227944	5.0
B00CXULSZ6	5.0
148398527X	4.0
149612622X	5.0
0671016652	3.0
1603819592	5.0
B00CA8PYN8	5.0
B00C6ZTNAU	4.0
1481047272	3.0
B00EZ5N6Z2	3.0
B00AVKSQCS	5.0
B00KVP9F8W	5.0
0843957352	3.0
061566069X	4.0
B00COAT1SG	5.0
0843958626	3.0
B00CJGUKRQ	5.0
0786865644	4.0
1466398167	4.5
B00HGW0QZY	5.0
0738720879	4.0
1455599182	5.0
0982175590	5.0
193815021X	5.0
0778329895	5.0
B009WCFBJ2	3.0
0312363907	3.0
B00CBX5Z4A	3.0
B00DFQDFY4	4.0
1479147109	5.0
B00BEXR2EE	4.0
0984528199	5.0
0786865636	3.0
1492843857	5.0
1416563105	5.0
B00DYPA5ZS	5.0
B0085WGUMM	3.0
B00DDW52GY	5.0
0448453967	5.0
B00FB1F9CW	3.0
1492291560	3.0
B005UO2Q7G	2.0
0988870126	3.0
0373862237	3.0
B00IQOFTEE	5.0
147756232X	4.0
B009GK8E1M	5.0
0955265053	5.0
B00JMV997S	5.0
1624110312	4.5
B005SJQV92	5.0
B00989J3PM	5.0
B00JC5XQCI	5.0
1613727267	4.0
B00H3M921G	5.0
B008G1DCO6	3.0
1494469170	3.0
1482662434	3.0
B000MAH9B6	4.0
B008T4T2XA	3.0
0615723055	5.0
B00G8BHJB8	5.0
B00C126RFM	5.0
0140861580	4.0
B00BL3D6CO	3.0
0615723063	4.0
B006FCFFTI	3.0
B00GG16OO8	4.0
149296722X	5.0
1497465141	3.3333333333333335
0425215903	3.0
B006BI1IME	4.0
1250005965	4.0
1484889029	4.0
B00JN8Q9C8	5.0
1419950010	3.0
B00A9V2X3M	3.0
1909306800	4.0
B00BM7IZ66	5.0
1843606143	3.1666666666666665
B00KET52SW	5.0
1615817158	5.0
1250005973	4.0
B00KHBEOY0	5.0
0440217067	5.0
1936560216	4.0
1612186009	5.0
B00JGCFOTU	4.0
1481997114	4.0
0061284394	5.0
1909306819	5.0
B00E6X7TPG	4.0
0505528223	3.0
1419951351	5.0
1456510282	4.0
1495320103	5.0
1461072514	4.0
0615429505	4.5
1859643299	5.0
1493645889	3.0
006195165X	4.0
0857661361	5.0
B008G6DFRU	4.0
B00BBS2R88	4.0
1482996367	4.0
1480275107	3.0
B009OUXZX6	5.0
098870742X	3.0
B00B9I1M5O	5.0
1482313820	4.0
B00HOGZEAY	5.0
B008YNZC0I	4.0
B00C4DGG22	4.0
B00BY8QIVW	4.0
0987597000	3.0
B005U83ZSG	5.0
1585713953	5.0
B008LOD2FW	4.0
B006LM3490	5.0
0987803735	5.0
B00HZWSJIQ	5.0
1484893964	3.5
B00BB1AU52	4.0
B00KD023K2	3.0
B00E1M6LCE	4.0
0989450201	3.0
1492809128	4.0
B00HTIQGGI	4.0
B0084GM96U	4.0
1572840986	5.0
0425231119	5.0
0312362641	4.0
145389523X	4.0
B00JJELS8G	4.0
0451219538	4.0
B00GREIPI2	4.0
B004XJ55FO	5.0
B005PA95S8	4.0
B00A6G5JO0	4.0
1479332321	4.5
0380753014	2.0
1475184980	4.0
1484881966	5.0
0142412759	5.0
B00HQKG056	2.0
1939061318	4.0
1494967189	3.0
0987803751	4.0
B00AXHNFJS	4.5
1300196211	5.0
B00BF4FXK2	5.0
B009APH3I8	5.0
B00699917E	5.0
B00GFW7ZT6	5.0
0615645003	4.0
1612186017	3.0
0441020011	5.0
B00GL3RLXY	5.0
B00D89OGDC	4.0
1493643274	4.0
B0084KT5K4	5.0
0857896326	4.0
B00IZPSOYQ	5.0
0988218208	5.0
B00D3CDEA0	4.0
B00FFYT3WM	5.0
B008R0IZF2	5.0
B00C7HG9KY	5.0
1484952669	4.0
1607377438	3.0
B00HTAETEC	4.0
1493717952	4.0
B008TAI6LI	5.0
B00CCRTFSC	4.0
B00HNAVUAE	5.0
B008173I62	4.0
B00J93RV5G	3.0
B00A42YTVK	4.0
0061969818	4.0
B00906DAUW	5.0
B00BOZI3L8	4.0
0385738773	4.0
B008ON202G	4.0
B00GIBSROG	2.0
1484055268	4.0
B00HYEMAFI	3.0
B00J0ORBZY	5.0
0061986399	4.0
1250038022	5.0
1495477908	5.0
B00CRLK3NO	3.0
1480029858	4.0
B0066HBGCM	4.0
B009LVWN40	4.0
1843607409	4.0
B00KK487QA	5.0
1937629260	3.0
1619210576	4.0
1478105607	3.0
1599956802	4.0
098321252X	4.666666666666667
0345466829	4.0
B004GKMEG8	5.0
B00B9MABG6	4.0
0380790076	3.0
B00KJ1DTV2	5.0
B00HTJBE6O	5.0
1477403043	3.2
B00D53OFPA	4.0
0425171078	2.0
0687645409	4.0
1484977939	5.0
B00B99RJKU	3.0
B00I1ISOP6	3.0
1468126237	4.0
1466302658	4.5
B00B9ZUQF4	4.0
B009DJ5EKK	3.0
B00H00USMS	2.0
0373777205	3.0
B00D71EYU6	3.0
0373771088	5.0
1479144886	4.0
1481978063	5.0
B004GKMEHC	5.0
1489528865	2.0
B00AR84HG8	4.0
B0094B6QQ8	5.0
B00AOT3UDG	4.5
B00A22UVQO	4.0
B00BMM5M3A	4.0
B00KXKRPJG	4.0
0983429723	4.0
B00DFSA0PY	4.0
0670026468	5.0
B00F1IMZN6	4.0
1618859420	4.5
B006QZ8G5O	4.0
B00A8PD37E	4.0
0983212546	4.0
B009641XIO	4.0
0062019511	3.0
125005236X	4.0
B003VYC776	2.0
B00J9X55K4	4.0
0307267520	3.0
B0089LP42G	4.0
B008B0EFMU	5.0
B00ASP8XNS	2.0
030773014X	3.0
B00AVBNFBE	5.0
1481212079	3.0
1476776016	3.5
B00HQ0IOGY	4.0
B00C6ZTN64	5.0
1609280075	4.666666666666667
0988275708	5.0
0399157212	3.0
B00JMSXEZE	5.0
0312343531	4.0
1468026984	5.0
0671034413	5.0
1470086115	5.0
B0087PJ7MW	5.0
1623802423	4.0
B00G5XIXDM	5.0
B00HLQWVMQ	4.0
B00KUEGX16	4.0
B00IICJRQK	5.0
B005ME39HU	3.5
1601628188	5.0
1492265225	3.0
B009F6YFWO	4.0
B00H6ETDNS	5.0
0451160479	5.0
B00F7QM1PO	4.0
1496169484	5.0
1492788678	4.0
B00EEEMJ98	3.0
0061957895	3.0
B00H9KEAKA	5.0
B006MIJ8B6	5.0
B00905DHEC	3.0
B009Z64740	5.0
1475211201	3.0
B00I92F2VS	3.0
061575192X	5.0
B0099GXVES	4.0
B00L2FG1Y6	3.5
B009N1XUJ0	3.0
1497515823	5.0
B00ETEB5QQ	4.0
148267579X	5.0
0062024035	5.0
1493511459	3.0
0373534612	5.0
1601628161	5.0
B00E9GQQ9K	3.0
0983429707	3.5
B00FXWPP0U	4.0
B005DER6J6	4.0
1608311295	4.0
B00BMM5LJ0	5.0
B009QSK1GK	5.0
0373039549	3.0
B00A73LMES	4.0
B00IZY03W8	3.0
0978573234	4.0
1613723717	4.0
146420117X	3.0
0399153721	5.0
1619354268	3.0
B009RX11VI	4.0
B005SG79MI	3.0
0312426321	3.0
B00C5RKZ6U	4.0
B00C0EJC7Q	5.0
B00BM8DTHA	4.5
074322390X	4.0
1480202223	5.0
037322527X	5.0
0441016766	4.0
0983782334	5.0
B00835DHVS	3.0
0984528105	4.333333333333333
B00811WUNA	3.0
B00BXOAT4Y	5.0
B009B4I5EY	3.0
B00ASFU692	4.0
1941098010	4.0
B00KKT5TMU	5.0
0615301053	4.0
0983782369	5.0
B00DOOPAGI	5.0
B00J47H8H8	4.0
0425263649	4.0
1481163493	4.0
B00IREVEZG	4.0
B00K31DCD8	2.0
B008KFBYXE	4.0
097857320X	5.0
0425224074	3.0
0778328503	4.0
B00C8OZB7I	5.0
B00G9ZNGV0	5.0
B005II64GS	5.0
0956966977	3.5
038077352X	5.0
B003SNJZ02	4.0
1483914836	5.0
1250038006	5.0
0982978189	4.0
1442346493	5.0
B00IBM4CLC	4.5
B00CQAYZJO	3.0
1416537384	5.0
B00CLLRR48	4.0
0425213447	4.0
B00DA1O2UA	4.0
B008PU4PBW	5.0
B00E1SDOFA	3.0
1628301554	4.666666666666667
0805093079	4.0
B00IN5WJ08	5.0
1416537376	5.0
B006XWY424	5.0
0553591754	4.0
B00FHQI2KM	5.0
B007EHUDCM	4.0
0385743564	5.0
1484947983	4.0
B00KECIOP2	5.0
1483918777	4.0
1612184588	5.0
0778315592	4.0
B00HHCGUR6	5.0
1477633960	5.0
0758290888	5.0
B00DD5YI1G	4.0
1416573011	3.0
1477283293	4.0
0373776918	5.0
B00BU7TYBS	4.0
1492364967	3.0
1491092440	5.0
1451650051	4.0
1477483780	5.0
B00DTGU750	3.0
0373445083	3.0
B00960PN4I	4.0
1484920066	5.0
B0058OJ8AG	4.333333333333333
B00A7A1V9C	5.0
B00E6BVRTW	1.0
0505522667	5.0
0446571636	4.0
B00EUDOHKC	5.0
B00BH71DM4	3.0
0312624719	4.0
0451417712	4.0
0451191846	4.0
1481090801	4.0
0373242328	5.0
B00CM0D5VC	5.0
0957374615	5.0
B00986TJHC	4.0
0763653802	4.0
B007HBKZOQ	3.0
B00FLKR9BW	5.0
0957680368	4.0
B006ZBSC1W	3.0
0801014077	4.0
1477694919	4.5
B004JN054A	4.0
0983952418	4.0
1426710666	4.0
0312856849	4.0
0545426227	5.0
147500382X	4.0
B00CQCQWJ8	5.0
1490405461	4.0
1453780653	5.0
B00AAMNREE	3.0
0758214286	4.0
1623802342	4.0
0399155848	4.0
B009DVCHVM	4.0
B00GW24MK4	5.0
B00C62GPAE	4.0
1484829026	4.0
0957374631	5.0
B0070MVAV4	4.0
1419955640	5.0
B005Q10F9Y	2.0
1480089133	1.0
1937551954	4.0
B001J4SYZO	4.0
1624210082	5.0
0615621589	5.0
161109951X	5.0
1611099528	5.0
1940463068	5.0
1496176685	2.0
B00B4II2MK	4.0
B00DFNWDCM	2.5
B00B66UJW6	5.0
1613724446	4.0
B00BKRMFGO	5.0
B004INHR24	5.0
1493788868	5.0
161372442X	4.0
B00J0RB3BY	2.0
B00EVSB3N0	3.0
1492375675	5.0
B00H14799I	3.0
B00C3XVNEO	5.0
1455574880	3.0
B00J0B6PH2	4.0
B006LAAUHG	3.0
B004XT6L8E	3.0
B00LI5X2QA	4.0
B00B14APXQ	5.0
1455574856	5.0
B00B5XDXPA	5.0
0062302426	5.0
1484012844	5.0
B00D0TB15G	3.0
B005RGXCDY	4.0
0983952450	4.0
B00BW7BYLY	3.0
B00DJF2862	5.0
B007PPJOGO	5.0
B00IGHT942	4.0
1496094255	5.0
B007FIQMHU	5.0
144047169X	3.0
0307266583	3.0
1935961705	4.0
B009UL1F36	4.0
B0059JGY6G	5.0
B0050PJZLK	4.0
0440224721	4.0
B00CPGES0A	3.5
B00JI5RNV2	2.0
B009I7VYXS	4.0
0451461894	5.0
0385313632	4.0
1479145211	5.0
080411952X	3.0
1589826922	4.0
1484927540	5.0
0988762110	5.0
B00LC9L31I	4.0
0425269841	5.0
1447718925	5.0
0985742224	5.0
B00JJY2XX0	2.0
1484968093	3.0
0425243214	4.0
B00BPHLZMO	1.0
0786108118	5.0
B008SNT430	5.0
B00K5XJ9VS	3.0
B00G1X9G1Y	4.0
1425953514	5.0
B008JHXOKY	5.0
0312539533	5.0
147811388X	1.0
B004K1F96A	3.0
B003L78146	5.0
B00JF6PCB2	5.0
B00GCDODSE	5.0
1627986499	5.0
1455547239	4.0
0983736707	4.0
B00C4A6RLK	4.666666666666667
1480053112	4.0
B00G15AKGC	5.0
B00EDZQOBC	3.0
B005XQ93RC	5.0
0345542304	5.0
B00I44JO5G	5.0
0312873344	4.0
B00DNMRWFI	5.0
B00DXEW15W	5.0
0983952477	4.0
0399154582	3.0
1491072032	3.0
B00C1RJ8PS	1.0
0615483305	3.5
0671028383	4.0
0743482964	5.0
B00BTIDW4S	4.0
B00ENW9J9Y	5.0
B00C2YRAQE	5.0
B004GKMEAE	5.0
0312378750	4.0
1614956421	4.0
B00L73W2HI	4.0
0307394972	3.0
B00JWF19W2	3.0
0307931889	5.0
0425163415	4.0
0758294433	5.0
159315559X	3.0
1484125460	3.0
037324844X	5.0
B00J3I50L4	4.0
B006DJSRIO	4.0
B00DKAQ9JS	4.0
1497412218	3.0
B00ASSUKQ8	5.0
1491261870	2.0
0985834099	4.0
B00EI5XX7U	5.0
B007F6JH6U	4.0
0425206335	4.0
B00BNETEHC	5.0
1492249009	3.5
1481987712	5.0
B00DQ4WFKA	5.0
0446514152	4.0
1482069164	4.0
0345531566	5.0
B0073XA21Y	5.0
B00C83OVY8	4.0
B00AROMRYQ	5.0
B00I81GPNE	3.0
B00L73W2J6	5.0
1936724197	3.0
B00H8XF0MK	5.0
0811846695	5.0
0989219712	5.0
1939962315	3.25
B00KZPHXDW	5.0
1449550207	3.5
B003IWOC1A	3.0
1419959255	1.0
0373605560	3.0
1478150742	5.0
B00ES5DM62	5.0
B004V9GFJQ	3.0
0547055226	3.0
0821776894	5.0
0060788380	3.0
147780868X	2.0
0316101966	5.0
B006R6JVH4	4.0
B00CIDGYQG	3.0
B00GQ75M6S	5.0
0874478529	5.0
B00IWTYWGY	5.0
B00BGWOVR4	5.0
1494339692	5.0
B00CGTKC7E	4.0
1609288939	4.75
B00EKNTNTM	3.0
B00HFYQ346	5.0
B00G7YTUWM	3.0
0985702982	5.0
0345531582	5.0
1478327286	4.0
1940296226	5.0
0739418459	4.0
B00FXUEUBW	3.0
1934531936	3.0
1494388588	5.0
B005J0DVKC	5.0
0451415191	5.0
1490460381	2.0
B00E7TQCLQ	4.0
1495344797	2.0
1594486409	4.0
B00BCRVGDA	3.0
0451235134	5.0
B00H4L2MHC	4.0
0345542266	5.0
0451415183	5.0
B00L73NIWQ	5.0
0758220170	3.0
076531178X	5.0
B00IBJ8AA4	3.0
1453874186	4.0
0547273428	3.0
0373236417	5.0
031231292X	3.0
1416594884	4.0
0345384466	3.0
B00F2953OW	4.5
B005EH7GXS	4.0
B009KOX5WC	5.0
1466287063	4.0
B008CM8DBQ	5.0
B00F077J3O	1.0
B004GEB7G2	3.0
0380761483	5.0
0061351520	4.0
B00IBZ4GVA	2.0
B00FPCJSYC	5.0
1455578312	2.0
0399158022	4.0
B00BE3FS9U	3.0
0312322305	4.0
B0066HBLUO	4.5
1484836162	3.0
0984009817	4.0
B00D3WOE0E	3.0
B005B0016C	4.0
B00CV30X4C	5.0
B007ED610Y	5.0
B00JW6ZPKI	5.0
B00GXDNHNA	4.0
0425263770	5.0
B008VHD6AU	5.0
0395742129	5.0
B00BSZU9AM	5.0
B00CEZ8TPM	3.0
B00A5X2D02	5.0
0312990936	4.0
B00FXH7XXM	2.0
B00BEONUSU	5.0
1623220513	4.0
B007KTEF9Q	5.0
B005F0KHU8	5.0
1494430533	5.0
031299091X	5.0
0399150986	3.0
1480022039	3.0
178116262X	3.0
B00AQKM5LG	4.0
0399159312	4.0
B00BCHR3RI	5.0
B00E4WOO9S	3.0
B00HCHHP8Y	4.0
B007XAFECY	4.0
B00GXE94EA	4.0
1493733680	4.0
1477849165	4.0
1615813780	5.0
161109948X	3.0
B001KC6X9E	5.0
0143145347	5.0
B008955K58	4.0
0451200489	3.0
1609615352	5.0
B003A4ICZS	5.0
B00FA1LH6K	2.0
147912866X	3.0
0373122543	3.0
0451410351	3.0
1492848468	4.0
1939344034	3.0
B00DG8ZY8G	5.0
1612185878	5.0
1477808620	5.0
1484161114	5.0
B005KT028Q	3.0
1612184545	5.0
0451213785	5.0
B00AT1LSPQ	5.0
B008V2B1XY	5.0
0979916704	4.0
1402240104	5.0
1623804949	4.0
B00B9R924S	5.0
B00CK55RJ2	4.0
B00BK9QVKI	5.0
B00DG8ZY9K	5.0
B00D54JIL0	2.0
1257851454	3.0
B00K1I53MG	3.5
B00F2ZL3W2	3.0
1476735247	5.0
B0093GSA6I	5.0
B00IQVXQZQ	5.0
1467951706	5.0
1456566997	5.0
0061138061	5.0
B00J1TBTN8	5.0
149755750X	4.0
1461103991	4.0
1482570491	4.0
0451410319	3.0
B00I7U11PS	4.0
1484920147	5.0
B0099EF2K6	5.0
0375402314	4.0
B0092V0Y5Y	4.0
1601544189	4.0
B001Q3LAAE	5.0
B00C93JQOM	3.0
B00937W8AG	5.0
B00AM5Z2XI	5.0
B00A6GRHFY	4.0
0312383304	4.0
B009DQSEE6	4.0
B00BUCCA8C	5.0
0786018887	5.0
1612961398	4.0
1482543060	5.0
B00KSUOY8Q	4.0
B00701DQSU	5.0
1475025319	5.0
0778315452	5.0
B00DOHN274	5.0
0778315460	5.0
B004XJ4RFS	4.0
B00K9ODF7M	5.0
0385489129	5.0
1480266825	3.0
0061556157	5.0
0615680046	5.0
B008Y9LUX0	4.0
0687649668	5.0
B00HZ50U5I	3.0
B00D9XSPJ8	5.0
0759224420	3.0
B00B0P2GME	5.0
B00EBBQXZ0	5.0
0310247527	4.0
1623802261	4.0
B00DFLDJG8	5.0
1480080896	2.0
B008O53UZ0	3.0
1490404082	4.0
B00DZDQJLS	5.0
0446533424	4.0
0987671782	5.0
B00DW0GTGE	3.0
B00AEXOO6Y	5.0
0066211182	2.0
B008GUX3O6	5.0
0778326128	4.0
0062085611	4.0
0312333013	4.0
1453713700	4.0
148414323X	3.0
0778315487	5.0
B007IYKF4W	2.0
1480180289	4.0
B00A5P6NLK	4.0
042522550X	4.0
B00CV1DM24	3.0
B007J4YRFE	5.0
B00E7IWEFU	4.666666666666667
0399154418	4.0
B00CJ1DKL4	3.0
0821768352	3.0
0446354732	4.0
B009XFD76M	1.0
B00DLSTT9Q	4.0
0982705611	4.0
1936596067	4.0
1489522409	4.0
B00I51OY6M	5.0
B00L3SDZNM	4.0
B009ZCA21Q	5.0
038081918X	2.0
0440242622	4.0
B007SPPH1M	4.5
1482526514	5.0
B00DLJPM9G	5.0
0670032468	3.0
1623220300	5.0
B00L0I2G7Q	5.0
009950975X	4.0
B006J8QBH8	3.0
0425242099	4.0
1843608138	5.0
0316710628	3.0
B004XVM2Q2	2.0
B009JVSCO2	3.0
148002211X	5.0
B009Q5OILC	4.0
0399155724	4.0
0345447832	5.0
1596062878	4.0
1478295856	3.0
B00ICUPP8W	4.0
B005JVSU2U	5.0
B00BSX4U04	4.5
B00A1SONJK	4.0
B00EWVIA64	5.0
1625289723	5.0
1477583025	5.0
B00A354CWY	4.0
0515145807	5.0
1490568530	5.0
B00GMODRDU	3.0
0615619398	4.0
0545210127	4.0
1250058236	4.0
0373697708	5.0
B009G9LJKG	3.0
1480054542	5.0
142012403X	3.0
1420124048	5.0
B00D4Z50JE	2.0
0061116858	3.0
B00CLRE8J4	3.0
1556114931	5.0
075828716X	5.0
1419959085	2.0
0373210027	5.0
0312271786	3.0
0061958069	5.0
0849922070	4.0
B005QBW3FI	3.0
0062024620	4.0
B007XAFER4	4.0
B0063KU0YC	5.0
B00K9OOELS	4.0
1492155489	5.0
057801114X	3.0
B00EJ7AAH8	3.0
098839135X	5.0
1484084322	4.0
B00CGEZDOQ	4.0
0984924086	4.0
B007N4ENVI	3.0
B006WU2VMC	4.0
B007QW5S3E	4.0
B00LBPS7H6	4.0
1450705715	3.0
1848990405	5.0
B008TU97KC	5.0
1477571086	2.0
1843608103	4.0
B0089FIQW2	4.0
0664227074	4.0
1845023668	5.0
149367854X	4.0
B00BTN2DSY	4.5
006212532X	3.0
0988822210	3.0
1469984202	3.0
B00HP1JYRC	4.5
1934572594	5.0
1463516401	3.0
B00BV0IM9E	4.0
1477600094	5.0
B0082QTOTC	4.0
0345404769	4.0
1479352160	4.0
B00BF02BK6	3.0
B00HJAA1J4	5.0
0451219783	5.0
145164695X	5.0
B00EWT167G	4.0
162322036X	5.0
B00GXLVT4Q	3.0
B00BF6CA0Q	5.0
1491296518	4.0
1481136577	5.0
B00I8P1KNU	3.0
1420124005	5.0
B00BNFOR1Y	3.0
0988391333	4.0
B00IOWGFRI	4.0
B00DQ3BO3U	5.0
045141523X	5.0
1484170873	4.0
B00HUZP63E	5.0
0345404777	4.0
B00FL8L636	4.0
0857661159	5.0
B00BXRI0LK	1.0
0755328604	4.0
B00B3KPBSW	5.0
1420124021	5.0
1927562007	3.0
B00B2B2M8Y	5.0
0312970633	4.0
B0035NME9Y	5.0
1453725776	5.0
B00HP1JZ5I	5.0
B00APLBEPO	5.0
1490388354	5.0
B00DFFILGW	5.0
B007HHQG98	5.0
0671568833	3.0
0099429799	4.0
0553380427	4.0
1479237140	4.0
1492181722	4.0
1475299850	5.0
1908262273	5.0
1466276584	3.0
0988391317	2.5
B0060Z3K7Y	3.0
B00IMP22TC	5.0
B009QO5V8W	4.0
0988909707	3.0
1494374129	5.0
1478165189	3.0
B0058ORQO6	3.0
0786018879	5.0
1482707691	3.0
0505522748	5.0
1484813642	4.0
B00FXSDNX0	4.0
B00930CIVC	5.0
B005ME2DJK	5.0
162830149X	4.5
B00B6E4B2C	4.5
B00AL6T1BM	5.0
1935661914	4.0
B00B15Z1P2	4.0
B00ATJB380	5.0
1466219009	4.0
0340899751	5.0
B00FE09IK4	4.0
1611944716	4.0
B007Z510ZM	5.0
B00APSWJM4	3.0
B00KUY4D04	4.0
B007E5OD2U	3.0
0984733604	5.0
B00H3TI53A	5.0
B004X6UFGG	4.0
B0030H262A	5.0
0981621066	5.0
1414303068	3.0
0615586546	4.0
0345404793	3.0
B00CF9F6G2	5.0
B00KBE4WXQ	4.0
B0044KM04G	5.0
1927792142	5.0
B004PLMC5G	5.0
1593155484	4.0
B00EKTY9RM	3.0
B00FXEL6S8	5.0
B00B5O87UK	3.0
B00CJ3UPTW	5.0
B00DZELWIM	3.0
1455584266	5.0
0062107496	1.0
B00D0SW3QI	2.5
B007XZRW6A	5.0
1490471146	5.0
0425202909	4.0
1476741182	4.0
B006KH7BKE	4.0
0933833571	3.0
0151002940	3.0
B00H0ORRE6	3.0
B00I0J0Q4S	2.3333333333333335
B0087GUGMG	4.0
B00GK5AP5O	5.0
1610407040	4.0
0230769152	4.0
0446359637	4.0
B006Q648F0	3.0
0786867264	4.0
1426752512	4.0
B007VFGUM4	5.0
1615813829	5.0
B007YUP5OK	5.0
B00FCWAGNC	4.0
1414316348	4.0
0758232047	4.0
1560256451	3.0
0739419692	3.0
0345505441	4.0
0373731205	4.0
097367363X	3.0
B00BFQ79ZC	4.0
B00DD88VJI	3.0
B00DAIUIPG	5.0
0786867248	4.0
148397829X	5.0
0786867256	3.0
0988624524	4.0
0373774389	3.0
B003VIWRH2	1.0
B00BL77PKO	5.0
0345505433	5.0
0821774107	1.0
B00HS4GFE6	5.0
B00AWKDTWY	5.0
0765348918	5.0
B00CVS2KHK	5.0
1482070294	5.0
B00ARQHYXI	5.0
1482748126	4.0
B00ARPE55Y	4.0
B005K17FF2	3.0
B00JWVVXEU	4.0
0345505425	4.0
0373718241	4.0
B00AJ2C50M	3.0
1402217668	5.0
1592121667	4.0
B00FOEYZ9Y	4.0
0987671723	5.0
0843945621	5.0
B00BPDMVDU	5.0
B00ET1LTJC	5.0
1492222739	4.0
0692208879	5.0
0373776985	4.0
1613720874	5.0
0316666009	4.0
0758203594	5.0
B00CP7M572	5.0
0615200621	4.0
B00J1VS7C2	2.0
1583145311	5.0
B007VU2PFA	3.0
1883220785	4.0
B00IDVBEYY	2.0
B003VD22KY	4.0
0984499350	2.0
B00B8EP9GW	4.0
0758281064	4.0
B005SVWUW2	4.0
1611098068	4.0
161194211X	3.0
006226768X	3.0
B00F7CJKAC	4.0
B00K2YZM9S	5.0
B008X3NCRE	4.0
1585675458	5.0
1479395226	3.0
B00FZ7I3A2	3.0
0983169985	3.0
B00HIVE8W0	3.0
B00FBDVP6Y	2.0
B00B2M3NSG	5.0
B00BB3KD0W	3.0
B00G8BBBJ4	5.0
148497512X	5.0
034547645X	4.0
B00H4KGODQ	5.0
0441017835	5.0
1466396210	4.0
1937325865	4.0
0373776993	3.0
B00BND1UTS	4.666666666666667
B005AIP2JG	4.0
B00FFIVTG6	4.0
B00IDD8X78	5.0
1484148029	3.0
1592122957	4.0
1623807085	4.0
B00B2B2LHQ	5.0
0026009102	4.0
1470029782	4.0
B00J5MXEO8	4.0
1400044529	3.0
0786837462	5.0
B00669NZ4W	4.0
1492847259	4.0
1477807411	4.0
0312335776	5.0
B005FAT952	4.0
0425207757	5.0
B00AMTL6V6	5.0
B00CHTJKCG	4.0
0615748996	4.0
0670014699	5.0
B0030F2S70	3.5
B00B9J8Q5W	5.0
1477849262	5.0
0615549527	4.0
B00B54ENFI	3.0
0578127725	3.5
1492318833	4.0
B00F8H3TRQ	5.0
B0070F2APG	3.0
B005R5EENW	4.0
B00305CY5Q	4.0
B00DQ9JSGY	5.0
1611099366	5.0
B00JPJQA74	4.0
B00CY4P44C	4.0
0446616176	4.0
B0091ZR9SQ	4.0
1475225660	5.0
B005GFBQWU	5.0
B00ASDTRNA	5.0
B00CJGUJKE	5.0
B00B0A5XW4	3.0
1492874868	3.0
0312538073	4.0
1482582309	4.5
B00C0JGXE6	5.0
B00CC9PLLU	5.0
B007SYV4F6	5.0
0141040343	5.0
0345433327	4.0
1402257279	4.0
B00CTAQOFO	5.0
0758210957	5.0
B00DRHKWC4	3.0
B00I3MDRZ2	2.0
B00C1IK1R6	5.0
B00C2E18A8	4.0
B00CJGUHR4	5.0
B008JHXQL6	5.0
0373243448	5.0
B00CYUPVZS	3.0
B008EDKSYS	3.0
B001892DIO	4.0
B00DTBDVK8	3.5
1499108613	4.0
B009HCVJIE	3.0
0312359330	5.0
1419956760	3.0
1469916487	5.0
1439195862	5.0
146793240X	4.0
B00BY6LJ72	5.0
0451460383	5.0
B00HLXEKAK	4.0
0373267444	3.0
160684329X	4.0
147519644X	4.0
0373086504	5.0
0553106333	4.0
0307715159	3.0
B009JDHLLU	5.0
1482786370	5.0
0615657389	5.0
0983813620	5.0
0989570606	5.0
B00903OQYO	5.0
0778326497	4.0
B00C1KDSSS	5.0
1480230766	1.0
0373293720	3.0
B00BL9AOD2	4.0
0615525970	4.0
1420125060	4.0
B008UOTR4I	4.0
B00D4KAKUI	4.0
0425263908	5.0
0345547381	5.0
B00I9KFMXS	5.0
B009SF9IG0	5.0
B007QPU5UC	5.0
1439260176	4.0
B00AJ2C5E8	5.0
B00K026F6G	4.0
B00G8JY6AW	4.0
0553528238	4.0
B008JHXQGQ	5.0
0985190361	4.0
0380820056	3.0
1482914794	4.0
1420125079	3.0
B006BC05R4	4.0
B00BRVXQWU	5.0
0679410449	5.0
1608208818	5.0
1475117698	3.0
0373266154	4.0
B00COQM55G	3.0
B0092DQU78	5.0
B0089MXR6K	5.0
B00DD30P2O	5.0
B00GU6MKQK	3.0
B008GE7CN0	3.5
0425263924	3.0
B00FFSE9AY	5.0
B00HYOTZD8	3.0
0760320977	5.0
B008UB0E5M	3.0
1490310835	2.5
0553385607	5.0
B00E9BLRUI	5.0
0525950753	4.0
1481975498	4.5
B00DXZH95S	4.0
B00DVEI66C	5.0
1481053639	4.0
B00I1I1RO6	4.0
B00JDLV06A	5.0
1453767428	3.0
B004S81POK	4.0
1439102414	2.0
0425263916	5.0
B005O56ABO	4.0
1935961586	5.0
0785229213	4.0
B00ER7IG08	4.0
B0032UDTMQ	3.0
B0098EDAHO	4.0
0756403391	4.0
1481962116	4.0
B0081T92OM	3.0
B00L73JQ3G	5.0
B00200JXAG	2.0
B00EGFCTQI	4.0
067161455X	4.0
1466354267	1.0
B006SMPYF0	4.0
B00AX1ZBKU	5.0
B00APC4A2W	4.5
1483917614	5.0
B00APLRBVU	4.0
B00D1GP2QC	2.0
1402271514	5.0
B00E86ENEQ	2.5
B00A1UEBG8	5.0
B00DGYD3UQ	4.0
B00EBRUBBG	4.0
0758220367	5.0
1613723350	5.0
0451204123	4.0
B007AVVNIA	2.0
B00C74YPTE	4.0
B00CYKAVA8	3.5
0553806734	3.0
0984131701	3.0
0345528204	4.0
0989673510	4.0
0143170090	4.0
B00EUX4C70	5.0
B00BFL0U7G	4.0
B00CB7NHC8	2.0
B008JHXR88	5.0
B00EY1XZMG	4.0
146639384X	5.0
0758220375	5.0
B0036ZA1KK	5.0
0440225825	4.0
0316602906	3.0
0380815532	5.0
0312939930	5.0
B00K5Y8BCK	2.0
1480096083	5.0
160318290X	4.0
0151012547	4.0
B00B7PAD1S	5.0
B00BQJ9SNO	4.0
1619216949	5.0
B00COVGG9W	3.0
147674355X	5.0
B00EHSUFD8	4.0
B00JS7CSVA	4.0
1938383087	4.0
B009V7GHR8	4.0
0380815524	4.0
1480114480	4.0
B008CUKK7S	1.0
B0085EIOZQ	5.0
0345453808	5.0
1476731535	4.0
B00JC6DTC4	5.0
B00FMFFZIU	3.0
B008Y8VX7E	3.0
B00I2XY2VU	5.0
149090784X	5.0
B00GVFQ2LY	2.0
B00GO4J81I	5.0
0843951702	1.0
0778320324	2.0
1492902225	5.0
B00DXY3SMW	5.0
1466440694	5.0
B00K703ZDM	4.0
B00DAN8IQ2	2.0
0741458640	2.0
B0033Y95G0	1.0
1493741969	4.0
B00CJ0R5HK	4.0
B00GWQLOLK	5.0
0804176787	5.0
B009QM8M5I	5.0
B00H7K6GZY	3.0
B00DDXKA1U	4.0
B008306SQE	5.0
1619219182	5.0
1479251550	5.0
B00E9AMK9G	5.0
1482547929	4.666666666666667
0843951737	5.0
B00BZY9P0Q	4.0
B004HO5M3U	4.0
1416570640	5.0
B0063LH9LS	5.0
B0088D5IFS	3.0
9769548685	4.0
B00KVM5GHY	5.0
B00H3R7LKU	5.0
B00895AKMQ	1.0
0425217248	5.0
B008G093ZO	4.5
B003N3V61S	2.0
B008LFKWXQ	5.0
0451465261	5.0
0615928668	5.0
1400320097	4.0
1416570632	5.0
B00H0FIZAU	5.0
B00HLX9Z3C	4.0
0373797141	4.0
0345453867	5.0
1627980539	4.0
B00H3HRWDQ	2.0
1478238232	4.0
B00IHCNQT0	5.0
B00JHV5LS4	5.0
1937733114	5.0
B00HFGH04G	4.0
0449006832	5.0
B00HN7K0O4	4.0
1622538080	4.0
B0064I72LC	5.0
B005A8T1O8	3.5
B0033Y95BK	3.0
B00GO6CHLY	5.0
0312605412	3.0
B00HYQJPC2	5.0
149236875X	5.0
1410402460	3.0
B00GHV01HI	4.0
B00CK52XB2	4.0
B0070Y3GR8	4.0
0385495129	4.0
B00GMWTCOU	5.0
1426702361	3.0
0425217213	4.0
0451184963	5.0
1480086738	5.0
B00CYZICQ8	2.0
B009A1A17C	5.0
1477680055	5.0
0452011469	5.0
1466349794	5.0
1477562915	4.0
B00AQJRYWC	3.5
B00CSB3G6E	4.0
B00B45SZ1Q	5.0
B00H93Z03I	5.0
0345453824	4.0
149030360X	5.0
B00BRL42B4	5.0
0843962437	4.0
0373731337	5.0
1461135923	4.0
1479348988	4.0
0525953019	5.0
1468154621	5.0
0345506898	4.0
B00EXPB81S	4.0
B008V4FQHE	5.0
B008Y23D7S	5.0
B00IE4QU7Q	4.0
B00737IJZQ	5.0
B00FH9449C	4.0
B004PGNB9C	5.0
1478288671	5.0
B00DH7XAE6	4.0
B0030H26NO	2.0
1489503218	3.0
B007DBILG4	5.0
B007JAX36C	4.0
B00C16YL10	5.0
1603704884	5.0
B00CHP64IS	3.6666666666666665
0345453840	5.0
B00IDWEJ40	4.0
0983260710	5.0
B009TU9M06	4.0
1490550100	5.0
B00H9VBKIO	5.0
B00FQ66QL0	4.0
B00J3CL9B0	4.0
1496168445	5.0
B00IPIMWDM	3.0
0976585502	3.0
0425205282	5.0
B007ILGGZM	5.0
B007RFI7H4	4.0
1484864883	5.0
1583145206	5.0
0988367939	4.0
0352347171	4.0
B00EW9HWJM	2.0
B008Z9I0HS	4.0
0578056615	5.0
B0071FK674	5.0
0991841131	5.0
B003H4QZOG	5.0
0373278055	4.0
B0086OEU4E	2.0
B0083PXZAG	5.0
B00I3ISDXC	4.0
1593154445	4.0
1469905833	5.0
B00EENE9G0	5.0
B00GQ67VSG	5.0
0988656647	5.0
B00FWWSIMI	5.0
0991841166	4.0
0578122596	4.0
B00EX57GVE	5.0
B00I4ZJAMC	5.0
0778314421	5.0
1463692463	2.0
B00HSZNN9U	5.0
0988367955	4.0
B00D6W5TFU	3.0
B00BEMAZ6C	5.0
B009C8E95I	4.0
B007LS0JQE	5.0
1492976423	5.0
B00DD0TZOQ	5.0
1492747890	5.0
B00HMUYQDI	4.0
B00IDRVHP4	5.0
B0063W7GP6	4.0
B007W51VP4	5.0
B009IKIKZK	5.0
1250035295	4.0
0983029423	2.0
B004XW6GHM	4.0
B00H343AA8	3.0
B00FNH2MLA	5.0
0297863924	5.0
1482015560	3.0
B006O39IJG	5.0
1439153906	4.0
B00IO7IIO6	3.0
B008SW6JHK	5.0
1402266928	4.0
0263873080	5.0
B00HD0DI2C	3.0
B00F4X18DQ	5.0
0345275136	3.0
1612184758	4.0
B00FIL6S7U	5.0
B00890ZAD0	5.0
0778314464	5.0
0615351875	4.0
B00HX9QGUY	4.0
0988367912	3.8
0991841115	3.0
1496101391	3.0
B00EXF3HBW	1.0
B00CIOFT98	5.0
0440206707	5.0
B00H1LK3XU	4.0
B00HBX7DD6	3.0
1937053148	5.0
1419954164	5.0
148125720X	5.0
0991841107	3.0
0989465004	5.0
0692012036	4.0
0615960723	5.0
B00DP8R3P4	5.0
1480536466	4.0
1419969951	5.0
0778314367	5.0
B00BQL3G80	4.0
0988937131	4.0
B00IA1XVCA	3.0
0988850974	4.0
B00CHHILNW	3.0
1400044324	3.0
B0049H94G6	3.0
0399154604	4.0
0615729614	4.0
B008A9MTCU	5.0
B00FV2UR82	3.0
B0033Y951K	5.0
B004OL2J82	4.0
B00C8QJU9Q	2.5
1492908495	2.0
0981956807	4.0
B00DXQ08QO	3.0
B00JG481FM	3.0
B004T3AXEW	3.0
0615553028	3.0
B00DWLBBNY	4.0
B00ESJ41XQ	2.0
0988937107	4.0
0425237796	5.0
B00H4AV2LA	4.0
1476744947	5.0
0615591345	3.0
0985008687	5.0
B00IV29KDW	2.0
0983511268	5.0
149484172X	3.0
B008I7DP4U	3.0
B002NU5JRY	4.0
B00IA9QS3Q	5.0
0060577665	3.0
B0086QIB8I	1.0
0451217373	5.0
1489511555	5.0
1250035333	4.0
0989943461	3.0
B00HI44BKG	2.0
B00I44QW9M	4.0
B009QMIMMG	4.0
0988380838	2.0
B007CKQ2KS	5.0
B00DE50LTS	5.0
B005MGEO36	1.0
B00AV07RAK	3.5
B00A1V6AIE	4.0
B00IHMDHW6	4.0
1401687024	5.0
B007RZBM0I	5.0
0805096663	3.0
B002W83DXE	5.0
074320607X	4.0
B008EGEOW2	3.0
148484453X	4.0
0985008628	4.0
B005JFROEG	3.0
0989269833	4.0
B009DNHHYM	4.0
B00K7S0TJ2	4.0
B00KK4DORC	5.0
0446614963	4.0
0989104478	4.0
B00H5R8QQ6	4.0
162322053X	5.0
B00G8OGFME	5.0
B006EODUFS	1.0
149376215X	5.0
1484843207	1.0
B0076TXH94	4.0
B0082B3DXA	4.0
0984692339	5.0
0988644819	4.0
B005OY0JFI	5.0
0758209827	1.0
0615795196	5.0
0312347472	4.0
B00C4U6MOC	3.0
0553589377	3.0
B00C3MCXW6	3.0
B00HZCYVB0	3.0
1419956612	5.0
B00K0K7DXM	4.0
0615921175	3.5
B00IMUT71I	1.0
B00AR09SCO	4.0
1476744904	5.0
146621404X	5.0
1470030918	5.0
0765304333	5.0
0062267884	5.0
0985008660	5.0
1481859242	5.0
0312853238	4.5
1484132327	4.0
B00B8ED3B0	3.6666666666666665
1496108876	4.0
1481922874	4.0
0345500776	5.0
1419956620	3.0
B0089H8AQ2	5.0
1477532986	2.5
098946394X	5.0
1492156590	5.0
B004C0547S	4.0
B00DST0HJE	3.5
0988191237	3.6666666666666665
0957398506	5.0
034550075X	5.0
1480170623	5.0
B00AJPN6H0	5.0
0992106818	3.0
0664241581	4.0
0615581927	5.0
B0097G7FUG	4.0
0983034001	3.0
B00BJ7LIBI	3.0
B00CRS88IO	5.0
B00G76GR7Q	5.0
B004C43HI2	5.0
1490984119	3.0
B0063RYGFO	5.0
0830826602	4.0
1467976970	5.0
1481835262	3.0
0989104427	5.0
1620610574	4.0
B00HY2ZSYU	3.0
0803491433	3.0
B00H6X6B66	3.0
B005L4V5TU	5.0
B00C9PED6G	5.0
B00H2WZZY0	4.0
1492740357	4.0
1456457993	5.0
B00CFOJU3C	5.0
B00JRRYIRI	5.0
161372456X	4.0
0785287833	4.0
B00GQP08AU	5.0
0992076536	5.0
0062103733	5.0
1400043085	4.0
B00CQOS3RA	3.0
1613336063	4.5
0989292290	5.0
0061032468	4.0
1481082086	5.0
B00G19GW8S	4.0
B00CYJVXHO	5.0
1612177565	5.0
0553263226	4.0
B004UJE30U	5.0
B00GO9JJKI	5.0
0989104400	5.0
B00JIIUNUC	5.0
1490406840	5.0
B00L9Q1Y7C	4.0
B00D7GHT30	5.0
B005NDOGB8	5.0
B008U0BU7O	5.0
B00ABWN11C	3.0
1469955989	4.0
0062115774	4.0
1561488003	5.0
111802740X	5.0
B00JJZLJRU	4.0
B0069PH8LY	5.0
B00ABV879Y	5.0
B00IH487I8	5.0
B00DT5FHGA	3.0
B00L744ZOA	5.0
B00GG1C83Y	4.0
B0083Q1A3E	5.0
0615868401	5.0
B00JFPH220	5.0
0316198730	3.0
1476755604	4.5
1612177549	5.0
B005ZVQC4M	5.0
0988191253	3.0
1586087215	5.0
B00AOTG8SK	3.0
1480568880	5.0
0373442556	3.0
0804176663	4.0
B007RTSA7M	3.0
1491056908	5.0
1627985271	5.0
B00696M11K	2.5
B00BL6SEWI	5.0
0425182169	5.0
1493552317	4.0
B0096CG1FQ	4.0
1623781426	5.0
0312872380	4.0
B00F7E1V52	5.0
1419950487	4.0
B00H2RO6PY	2.0
0671752049	5.0
B00B4JF6JG	5.0
1477805028	3.0
1494274523	4.0
149098416X	4.0
B00H0NX5QG	2.0
B00B6P911C	3.0
B00I3638A2	3.0
1466426357	2.0
1118027450	4.0
0425256960	4.0
0440223342	5.0
B00DSDPTTI	4.0
0446530980	4.0
B007MWLMI8	2.0
B00IYOJOB0	5.0
B00D6477E4	4.0
1420103733	4.0
B005HM8FCG	4.0
0312980191	1.0
1482781336	4.0
B00ED3FAO6	4.0
B00629ZTOU	5.0
0985447141	4.0
B00KYFNFW6	5.0
B0085BEENU	5.0
B00LBBM60Y	5.0
1470052334	5.0
B002JCSFSQ	4.0
0425217345	2.0
B009JF5ZY8	4.0
B007RZBLYU	4.0
B00DSOV3QK	3.0
B007SABZPO	5.0
0312976909	4.0
B00KCE1ISM	5.0
1612351204	5.0
1565849108	2.0
0312951647	5.0
B00APEDT9K	5.0
B00AUMSP46	4.0
1477501932	5.0
B004TDN7UE	3.0
1925047199	5.0
0988373653	5.0
1938383125	4.0
1479370118	5.0
0803738943	5.0
B004AYDLWG	4.0
1477818359	5.0
0505527316	5.0
1470027399	4.0
1481035614	5.0
0399148779	3.0
0312939949	5.0
B00INIXSCI	4.0
B00AH6OPOE	4.0
B0088NH338	2.0
B008ETBJ5E	4.0
0984431101	5.0
B008BQ4X3A	5.0
B00FURFP08	5.0
1476755590	4.6
B00BUR5O3U	3.0
B007N6K4LY	4.666666666666667
B00IZ5R76C	2.0
B009EIZDGU	5.0
B00GK37PIG	4.0
098440614X	4.0
1419950509	3.3333333333333335
B00H06NGEE	5.0
B00CHVPOHO	4.0
B00BL8EQFA	3.0
148230810X	4.0
B00HLNYA3W	3.0
0980054915	5.0
1477589031	3.3333333333333335
B00CLJMALK	4.0
B00GSGN85O	4.0
B007D788ZW	4.5
B008ECTSFE	5.0
B00CGFJ16Q	5.0
B00HO1NYDS	4.0
1402266898	5.0
0451223268	5.0
0062218964	5.0
1617779741	5.0
0451236580	4.0
1481227564	4.0
B008DL32HQ	5.0
0380811812	4.0
142010375X	3.0
1439153892	4.0
B009M5RNYU	4.0
0446361739	2.0
B00APEXMKQ	5.0
0778316939	5.0
1493649779	5.0
B00G5H73V6	4.0
1490410023	1.0
B00CLX3CRC	4.0
006221893X	2.0
1439153884	5.0
0425228029	3.0
0545155142	5.0
B006J372FS	3.0
1482383349	4.0
0425205304	5.0
1481841009	5.0
B00AQQDVTU	4.0
B0042P5I9W	5.0
0679736808	3.0
039915812X	4.0
0989391906	5.0
B00L744YZK	5.0
B004BA5GPY	3.0
B00CP6GM5E	5.0
B00935QWGY	5.0
B008TW7VJO	5.0
0778327604	3.0
B00CGOS6CM	5.0
B00CVCGYJQ	4.5
B00D3NG0GO	3.0
B00GQ0WGLY	4.0
1490901809	5.0
1477848134	5.0
1939217032	4.5
B00E82DQKW	5.0
1627400486	3.0
1451651775	1.0
0007444117	4.0
0060538120	4.0
1479213446	5.0
B00AOAV53M	4.0
1483942473	5.0
1490327525	5.0
B0032J0J16	5.0
0989353656	3.0
B00KXFTOJU	5.0
B00KLNSLBQ	5.0
B001VLXML6	3.0
1477807632	5.0
0451410238	5.0
B00HBCDG42	5.0
B00DRFQRIO	4.333333333333333
0988585944	5.0
1478328231	4.5
0983797803	3.0
0099525259	3.0
B00AP5NNWC	5.0
1493661442	3.5
B00BT0J8ZS	4.0
1493799320	4.0
B004G095S8	3.0
1483989135	5.0
1479366935	5.0
B00DW3SWMU	4.0
0451465334	5.0
B005HJUM16	1.0
1456450557	5.0
098732070X	2.0
1419955349	3.0
B005I0GWDG	5.0
098379782X	1.0
146759542X	4.0
B002YNSBY8	3.0
1460920937	4.0
B00GGRBCNU	5.0
B0052Z89Q0	5.0
1439204187	3.0
B00JI0KE90	5.0
0615652670	4.0
B00ADSAFZ4	1.0
B008O53SPW	3.0
0778314332	4.0
0451466659	4.0
1402270062	4.0
B00GEYM6R6	4.0
0062248758	3.0
1442440023	5.0
1937252264	3.0
0062248731	3.0
0615748724	4.0
1940848113	5.0
0985991119	5.0
B0062OCP74	5.0
B00FL3VPD2	3.0
037370643X	5.0
1612185967	5.0
0821776916	5.0
B003U2RTBS	4.0
B00B4JYONA	5.0
B003980EII	4.0
098837367X	5.0
0758214456	5.0
B00AMIX8P4	4.0
0983797854	1.0
B003NX7BZ8	4.0
0451225856	5.0
0983456003	4.0
0515140872	2.0
1477518703	3.0
0399158154	5.0
B0057OCK1G	5.0
0671034014	5.0
B00EBEFDXA	4.0
B005NLANXA	4.0
0778313395	4.0
042522323X	4.0
B0070XZZPA	4.0
B00HY3MG26	4.0
0505521784	2.0
1613724055	5.0
B00AUWT9AK	3.0
0765305526	4.0
B00BN36M46	5.0
B00HYMOCVA	3.0
0985420596	5.0
0425250865	5.0
B00BPTTFOW	1.0
B00H6EOKTK	5.0
B004O0U7N2	5.0
B00HBR3IAO	5.0
1597893560	4.0
1439123128	5.0
0385349173	5.0
148390329X	5.0
B00A9I292U	5.0
B006OIUC0U	3.0
B002E7ARKK	4.0
0373873697	5.0
146807993X	4.0
0446404144	4.0
B00G04CQ7U	3.0
B0055MJAMC	5.0
1494335670	1.0
1466388218	5.0
0553563270	5.0
1414324324	3.0
0986906417	4.0
1499109733	5.0
B00F1REB48	5.0
B00CNKYU56	3.6666666666666665
1481922726	5.0
1402294484	5.0
1469289652	4.0
B007K3D6OC	4.0
0373770367	4.0
B00DGFXDLO	5.0
B005F6E7Z8	3.0
B005CCM48M	2.0
1463783175	4.0
0061090891	5.0
B00817F90U	3.6666666666666665
1480183679	4.666666666666667
0425235262	1.0
0441018645	4.0
B00JAXSEFQ	5.0
1493755544	4.0
B00H1CF97E	4.0
1490523103	3.75
0373831854	5.0
B006PV2KFQ	5.0
0373770375	3.5
B00BSOU4IU	4.0
B00KAQAI1A	5.0
B00KK1GLWA	3.0
0312675062	5.0
0743273192	3.0
1468142097	4.0
1481934767	1.0
0985420545	5.0
B004RQD3J8	3.0
B004GXBDH6	5.0
B00CUSSKUM	4.0
1419965433	2.0
0980031109	4.0
1477679758	5.0
B008QPB2TY	2.5
0263899403	4.0
1439154287	5.0
1479359084	5.0
0985318864	5.0
B00J84URUM	5.0
1452854343	3.0
B00870HF1W	4.5
1495960234	3.0
B00DIQTN42	5.0
1597480983	3.0
B00KLILI5M	3.5
1438227949	5.0
0425250822	4.0
0345517741	5.0
1420132830	5.0
B00IJ10AYI	4.0
1493768824	5.0
1480152501	4.0
0758228465	4.0
B00BSXWWNG	5.0
1491033673	4.0
B0064GMRSW	5.0
B00EISXKVG	5.0
B00KVJUTHO	5.0
1490440224	4.0
B00CRJYSOG	4.5
0988812517	5.0
B00FJGGIF6	3.0
B00KDHZURS	4.0
B00HP3Q4XM	5.0
B003TZLMOG	4.0
0515131784	5.0
0425196844	3.0
1494244381	3.0
B00403N2YY	4.0
B00CCXC5MO	4.0
B00BUYLEGO	5.0
B00H0IPZFU	5.0
B004RPXUN8	4.0
B00IPIM750	5.0
B009XU69GM	3.0
B00FUUDP1G	3.0
1468083163	4.0
1420132857	5.0
1940883148	5.0
1467980757	4.0
B00AN9TAJU	4.0
B00HS6NJNO	5.0
B007KYH3P4	4.0
0615796982	5.0
B00D4KM3FI	3.0
0399155422	2.0
0345517768	5.0
0985420502	4.5
B009UEPUT8	2.0
B00H59M0NE	5.0
B00BVA2QBO	3.0
B00BOJ7C1Q	4.0
1402270429	5.0
B008C7OM0C	4.0
1490530258	3.0
1908147598	2.0
B00L6HNQMA	5.0
B00L4OV9CO	3.0
B00AGFRH8W	4.0
B0055WXPHS	4.0
B00JOS47VW	4.0
0345517784	5.0
0373278721	4.0
0451229681	4.0
B00AJ92500	4.0
1623220076	5.0
B00C41095Y	4.0
B005J101AE	3.0
1938623533	4.0
0451240006	5.0
1480031321	4.0
B00GIAVLQS	3.0
0985420529	5.0
1494267020	5.0
B00AZUBUVS	1.0
0988893967	4.5
B001J6OUZA	4.5
1617730920	4.0
B00CGOLNUO	2.0
B009IQNMT8	3.0
1938623541	5.0
B0093LASWM	2.0
B00GU6NQKO	4.0
1490964630	4.0
B00942EA8S	5.0
B00GMZLW0Y	5.0
1455500143	3.0
B002X8492M	4.0
1623220092	3.5
0843962607	5.0
B00HQSEA96	5.0
0373835396	2.0
B00B5DLXN4	5.0
038073110X	4.0
1482755815	5.0
0316035459	3.0
1938639057	5.0
B00E23AYKM	4.0
B006FKBCOM	5.0
1469252317	4.5
0441013813	4.0
1482784378	5.0
B0031Y9DJ6	5.0
B0057AFA26	4.0
B00DYAU0YE	3.0
B00AE8S7I0	3.0
0099472287	4.0
B00CKHW04A	4.0
0312365802	5.0
B00BDSDBWW	4.0
B00DR5J02E	4.0
B00DLSWZ6U	3.0
1456568388	3.5
B00I5VG3N4	5.0
0985275227	3.0
1462859011	5.0
0312368089	4.0
0987489909	5.0
B00DVMHY1W	3.0
0007149824	4.0
0615540023	3.0
0688117015	5.0
B00FY12FRG	4.0
0984916172	4.0
0373885628	4.0
1623420474	4.0
B00ILD4C8E	5.0
068720495X	5.0
0451415574	4.0
0451230647	4.0
B00C4Z6KVW	5.0
B00E9LXPIU	3.0
1611940001	4.0
1482332272	5.0
B00G1J1EN6	5.0
1467974846	4.0
B004ZCIG64	3.0
0425217493	5.0
0380817896	3.0
0451410777	3.0
1484021371	4.0
1490559175	4.0
0399154043	4.0
1470107163	4.4
B00HHXUW9C	4.0
1609688708	3.0
031613399X	5.0
0316043826	1.0
B00LEHSZXM	5.0
1935711369	4.0
B00CR4I522	4.0
B008WU7E2C	3.0
0778315916	5.0
0425241130	5.0
B00D5YWZFQ	4.0
0679644881	2.0
B00CLU6OZW	3.0
B00EH0E744	2.0
0385531583	3.0
B005S9ZIN2	4.0
0553264613	3.0
0825426596	2.0
B00ENL2IZM	5.0
B00BJ8XYI2	5.0
0778315924	5.0
B00CBY2UJM	5.0
1426200420	3.0
0446576883	3.0
0670018716	4.0
B00D1XL552	5.0
0505525259	3.0
B00HZ46GS4	5.0
148014178X	4.0
0778327906	5.0
B009LVWHIC	5.0
B00L3LGWMK	5.0
095728246X	2.0
B004W0C520	4.0
1490504036	5.0
0307895300	4.0
0765355795	2.0
1490946810	4.0
B00LY51TPA	5.0
1453796614	4.0
B00BCUKAGQ	5.0
B00D9F4MDE	1.0
1469926903	4.0
B00GCY9NK6	3.0
0804177015	5.0
0425242404	4.0
B00C3PTT6G	4.5
0373777752	5.0
1419961985	5.0
1484010671	5.0
B0065KX4ES	5.0
B006PUPH16	5.0
0380803291	3.0
B00BJ92TQO	3.0
B00B95FGVI	4.0
0062294776	5.0
0373777744	5.0
1439156808	4.0
0399154078	3.0
1611099080	5.0
1940534291	5.0
B00BFQEFJU	5.0
1491087463	4.0
0451216407	5.0
B009MQWA1K	5.0
B0058PRFSW	3.0
B0080T6VWO	3.0
0553293125	3.0
B00ICUPD2A	3.5
0373777760	5.0
B00EFPO412	5.0
149214889X	5.0
B009F3M9ZC	5.0
B008WFJTOS	5.0
1492784184	5.0
B00BECCH36	4.0
1937007014	4.0
0345450191	4.0
B00HNYHZEK	4.0
B00KP4GOHY	4.0
B006M484RO	5.0
B00ANXVALC	2.0
1495925927	3.0
0312531168	3.0
B00CY5C4Y4	5.0
0615536794	3.0
B008IHTVCK	5.0
B00I1IYKQ8	4.0
0786017171	5.0
B00JTI8SR6	5.0
B008P4LJG2	3.0
148231312X	5.0
B00A2B8M98	4.0
0615585736	3.0
B006JPBOYQ	5.0
B006QAO4GY	5.0
0425255700	5.0
B00D0VURY0	2.0
B00J47HAUS	5.0
B008TE3WZ4	4.0
0804177031	5.0
B009JRNSB8	5.0
B00EQ21NJU	4.0
1449589790	4.0
B007RICKFQ	5.0
B009JFTI7I	4.0
B0062RI0TS	4.0
1419958313	3.0
B00IRM85UA	2.0
0991082303	5.0
B00HFKOM0W	4.0
B00CMDZ4RC	3.0
B00EX5UMEW	2.0
0985258659	5.0
B005DTO04K	4.0
B00IOWB9S8	4.0
B0082JA57Y	4.0
078601718X	5.0
0345451473	4.0
0062267159	4.0
B005TLKZR8	4.0
149378174X	4.0
0505527847	4.0
B00ICYAQRI	4.0
141996416X	4.0
0988657724	5.0
0307907740	5.0
B0083EOEHA	4.666666666666667
B008N02SUE	3.0
B0082JA56K	5.0
1475279140	3.75
1492863602	5.0
B006IDUS1Y	3.0
B0095JRTH4	4.0
0988035030	5.0
1493682067	3.0
0553270443	5.0
B009DB32J8	4.0
1439191174	5.0
0758204531	4.0
1615810293	4.0
1477503366	5.0
1481224573	5.0
B00DCFXLEC	4.0
B00IQ0I92W	4.0
1608196852	3.0
B00E6ZZ4DS	5.0
B00A73HWJC	2.0
B00FTVWFUS	4.0
B00CS7EAHM	4.0
1891437038	4.0
0446527874	4.0
0345450175	3.0
B00EGJE3MC	4.0
B0054QZNRA	3.0
1494473259	3.0
0505525216	4.0
B00FZ2EBSK	5.0
B008Q7QRZG	3.75
B00GFC89XC	4.0
B009W77SXO	4.0
1468028405	5.0
B00AYO44IQ	4.0
045141912X	5.0
B00I8NKOMU	3.0
1484141032	3.0
B00GMOKS50	4.0
B008GNIO60	5.0
B0032YXH2E	5.0
1475070373	5.0
1475095651	5.0
B00DV0T26O	3.0
0333738845	5.0
B00J0Q3TU8	3.0
B005HH1HVM	5.0
082172696X	4.0
0786818697	5.0
0425209067	3.0
B00C4BA64I	5.0
0062084771	5.0
1492910589	5.0
B00BMTQNQ8	4.0
9659151101	5.0
0374248656	4.0
B00HWBL7CU	3.0
0062069144	5.0
1620612917	4.333333333333333
B00HCFHXZ6	3.0
B00DEW3RP6	5.0
1489512659	5.0
B00AYIDVLS	5.0
B008CM88VQ	5.0
B007YNCGH6	5.0
B008D3BZNC	5.0
B00KUF0CUS	5.0
0425199185	5.0
1481280767	5.0
1927461715	5.0
B008Z9AVE8	5.0
0312428332	2.0
1623805791	4.0
0985822538	5.0
0060987103	3.0
1495281078	4.0
055380202X	4.0
0983706352	4.0
098848370X	5.0
0062022466	4.0
0312368100	4.0
B00I5RD19M	5.0
B00INIXCUG	5.0
0983820031	4.5
B0067BDBUW	4.0
B00BC2I8JA	3.0
B005DUR1ZY	4.0
B007VDZ2XO	5.0
B0079TVQIK	5.0
1601549458	5.0
B00B9MPHT2	5.0
B00AGFRFYI	4.0
1482386135	3.0
0345528506	4.0
B00845CM5O	5.0
0615741932	4.0
0062047752	5.0
1483966763	2.0
1442488697	5.0
0989668436	5.0
1479398772	4.0
B004XDXZL6	3.0
0988483734	3.0
B00D446ZCG	5.0
B009CDW3UG	4.0
1492141224	4.0
0983820058	5.0
098382004X	5.0
B00JU93M6Q	2.0
1484858913	2.5
B00CRFHJAA	5.0
B00CXWZWAQ	3.0
0441016154	3.0
1623781264	4.0
B00ELJQKTG	4.0
1402270364	5.0
B00F1IFK6A	2.0
0373862857	5.0
B009OJ1OEO	3.0
B007CZX9KE	4.0
1477809589	5.0
0684846969	4.0
B005MT01D0	3.0
B00D7H38ZM	3.0
B00IVAZIHQ	5.0
1456527738	4.0
1482567431	5.0
B005U7A0UI	5.0
B00EGS7Y74	5.0
1490542353	4.0
B00BMPAFUC	5.0
1439156786	4.0
B00AGFRFTI	3.0
1480029106	5.0
1420118617	4.0
146111196X	5.0
0515131679	5.0
B00CEHHWW6	4.0
B00BFQEG0I	4.0
1477809597	5.0
B00E6XLG82	3.0
B0056J1CNY	1.0
0991725964	4.0
B00BZXM0YK	3.0
B005JT5DP4	3.5
1490321659	4.0
B005MKQGCO	3.0
0373210477	3.0
0615630197	4.0
B00AL0FI5Q	4.0
B0078XGUZQ	5.0
1619211149	4.0
B00G1IWYK4	5.0
0615889158	2.0
1477822577	5.0
B003DA4FFK	5.0
B004HO6ATU	5.0
1620610337	5.0
B00KY0D82I	3.0
B00BPCW2NK	5.0
0373605153	4.0
0425250938	5.0
B00K48GVTW	4.0
1490504052	5.0
0758265360	5.0
B008369N06	4.0
B00IQR9172	3.0
B005UA0WOE	2.0
B00FMZL73C	5.0
0446573094	4.0
B007L3YO88	5.0
B00F4BX3F4	5.0
B00HTJJST4	5.0
B0074Y74N6	4.0
B003EOAC16	4.0
0316078441	4.0
B00KJIPQ8E	3.0
1477822569	4.0
B00AGFNKLU	5.0
0373210493	3.5
B00I8YCVKW	3.0
1484053699	5.0
B005GF314G	5.0
1494480581	5.0
0743465067	2.0
B0085MQSA6	5.0
B004P5NQBG	5.0
0345542886	4.0
B00A8S22OQ	1.0
B009JHFVM2	4.0
149031802X	5.0
B00AB05RRU	5.0
1597898228	5.0
B00FAYYWNC	5.0
B00F1RE1M0	5.0
B007IJK0PQ	5.0
B00KSNA2R0	5.0
B00H7IEPXG	5.0
1619351420	2.0
B00B7S6C8S	5.0
B007JK5EOQ	5.0
B00E735H0O	5.0
B00IZYIDCA	3.0
B009MBUTS6	4.0
0553574086	3.0
0593067479	2.0
1938623614	4.0
B00AGAZL3K	5.0
0758241399	5.0
1402257333	5.0
0792283643	5.0
0756407486	5.0
B00FO8GVGA	5.0
1492250422	5.0
0060742690	3.0
B00GUZ195O	5.0
B00CNVN1IM	4.0
B00H4D5POW	5.0
B00F28IR4Q	2.0
B00HDZJRYK	4.0
B00D4HBFHI	5.0
1490417737	5.0
0373675895	5.0
0786270004	3.0
1480114324	3.0
0671032992	5.0
B00COC7ZI2	4.0
B00IWGKWYI	3.0
0758241380	5.0
037377656X	3.0
1416501622	4.0
0988742942	5.0
B00AP2VVVK	4.0
B00A3Y9RTI	4.0
B00IK5AGAQ	5.0
1476730091	3.0
1490908625	3.0
0312537417	4.0
B00GPV5ZN0	2.0
0062076205	4.0
B00CHQI58O	5.0
B00AQU7FTS	3.0
1551666944	5.0
B00AP7Z27Y	5.0
0843962593	4.0
B008T4T974	5.0
B005XR2H92	5.0
B00E05A8CQ	5.0
B00FEXXD4S	5.0
1466461373	5.0
1939786177	5.0
1941450008	5.0
B007WIEFHW	4.0
B00CJOZVRW	3.0
0975991477	4.0
0452266564	2.0
B00IXX4IYU	5.0
1601544677	5.0
149295490X	4.0
B003XYEWF4	4.0
B0070L65OW	5.0
193755158X	5.0
B007J819JM	4.0
1416514929	4.0
B006GZ1VU6	4.0
B008HS0B2O	3.0
B00H0OKZFE	2.0
B00G8OIFZ4	5.0
B0081NXWGM	5.0
1941149081	5.0
B00CGTWC0O	4.0
1250032989	5.0
0679260803	5.0
B00C8XLNR6	4.0
B00CQAE3MI	4.5
B00DDWXU4U	5.0
1482394677	5.0
B00IIOFZVO	5.0
B00DOKWGFA	4.0
B007TXXVSO	5.0
B007M4V9CK	4.0
B0036ZAI4E	2.0
1481814915	5.0
0373776543	3.0
0373861613	5.0
0987855905	4.0
1480086681	5.0
0385341954	4.0
1939045002	4.0
B00GZ9CSHS	3.0
1490949194	3.5
B00KPI7BY0	5.0
1419960539	5.0
B004U29YMO	4.0
1496085574	5.0
145389845X	4.0
0786836504	5.0
1494871718	5.0
1480213985	5.0
B00DAERLNC	4.0
0983492700	4.0
B00C11XQLG	3.3333333333333335
B00ASP1ZI8	3.0
B009RRXB8U	5.0
0345480090	4.0
B004Q9TD7W	5.0
B00GCWLPPE	5.0
1455574422	4.0
0062088254	5.0
B00F05DO08	4.0
0525952020	4.0
0425229599	5.0
1480211389	5.0
B00HNAZZWS	4.0
0778314529	4.0
1608204146	5.0
0312575653	2.0
0557175216	3.0
1456508539	4.0
0345487583	3.0
1442488638	4.0
B00EBRU0NK	4.0
B00GQ67V3G	4.0
0446580155	4.0
1495960390	4.0
161194127X	5.0
1482025272	4.333333333333333
B005AU8KM0	4.0
B00EYKS0LS	4.0
080419257X	3.0
B00A8C3W2I	4.0
B00BWIJA6E	4.0
1940883121	5.0
B009ZYX7DE	4.0
B00HAOB9ZE	4.0
B00B0JBDEM	5.0
1499104774	5.0
B0064F5Q86	4.5
0983574219	4.0
0316043788	2.0
B00GJYCCH0	3.0
148205633X	5.0
B007I87NW0	1.0
0316097519	4.0
B00C8EUHQS	3.0
1616952741	4.0
1442488662	4.5
B00JFB762A	4.0
0988699613	3.0
B00H1CPXP2	5.0
B00408AQ98	4.0
037371422X	5.0
042513301X	4.0
B008N6Z26K	5.0
0373036280	4.0
B00EADBPNO	4.0
0385341970	4.0
1491046880	4.0
1940534143	4.0
1478149485	5.0
051755853X	5.0
1482706725	5.0
0312605935	4.0
1105089231	3.0
B00KKROR3Y	5.0
0307947076	4.0
0425272346	4.666666666666667
B00AOW6DY6	4.0
B00BL9QCU6	4.0
1490463119	5.0
1402211929	3.0
B00AGXZDCQ	4.0
0380776820	5.0
B00A395BX4	5.0
1500422819	5.0
1937007189	4.0
0988914719	4.5
B008DCV3I0	2.0
061577041X	4.0
B00AVKFQ8K	4.0
0425272354	4.5
B0083JC2TW	5.0
B00A0N0I4K	3.0
1442488603	4.5
0505527979	4.5
B00IN9YW36	5.0
0615843840	5.0
B00JW5R0DO	3.0
1613720467	4.0
B00L9HIR4E	5.0
0060874481	3.0
0985540419	3.0
B00EO46KES	4.0
0451224752	5.0
1439191050	4.0
1490946993	4.0
B005EJALBK	5.0
0399150439	2.0
0989163350	5.0
1939786118	4.0
061568534X	4.0
B00KP3JM0G	5.0
1490974180	5.0
0778314596	5.0
0985199792	5.0
B0070DAEEC	3.0
B00BIVE59M	4.0
0979939704	5.0
0446580147	4.0
0505527995	5.0
0821762532	3.0
B00A2RAZO2	3.0
B005M3JQLO	5.0
B008X7AJX0	4.0
B00JY2FTAG	4.0
B00866SJQC	4.0
B00IA6QWP8	2.0
B00ET57O8I	5.0
0441019730	5.0
0553588346	4.0
B00GURJSKU	4.0
0988761904	5.0
B00AB9RC2E	3.0
B00HG15RHM	5.0
B005QCYZZS	1.0
1479329452	5.0
B00BXUHS7E	2.0
1471133524	3.0
B00IJ0J0K4	5.0
0765359146	3.0
B00563EYAS	5.0
0615703364	4.0
1484053524	3.0
B00H8CJOSM	5.0
0765359154	4.0
1493582488	5.0
B00KNJQ2KU	5.0
B004HW6D58	5.0
0764208322	5.0
1468154265	5.0
B00BDLGSC4	5.0
B006L8NA9I	5.0
0451199510	5.0
1250001404	4.0
0988761912	3.0
0399156909	4.0
B005MZHUEW	4.0
B00FW18W9I	3.0
B009REPD1Q	3.0
0743496108	2.0
0615832989	5.0
1495480534	5.0
0446583847	5.0
1499247621	4.0
B00I8A57CA	4.0
B00ET6F2UY	5.0
1612186971	5.0
B0033AH27S	4.5
B006PA7X86	4.0
B00E4583GK	4.0
0976283808	5.0
1612185657	5.0
B00GH5EDLO	3.0
B00L2CNSL8	3.0
1607379163	4.0
B00EFDMSF8	4.0
0615782140	5.0
0758251017	3.0
1419953273	5.0
193919394X	3.0
B00IJFF3ZK	4.0
1475244207	4.666666666666667
B00GP2207S	3.0
B00DH6R912	4.0
0425222195	3.0
B007S9N54Y	5.0
145266868X	5.0
0345542924	4.0
0758228678	4.0
0425235440	5.0
1463581971	3.0
0989416496	5.0
B00JBV41Y0	3.0
1461110564	5.0
1484834615	4.0
1599982129	5.0
B00GZ6EXQU	4.0
B00EOUAYLC	4.0
1468112422	5.0
B00J3G04GW	3.0
0380790947	5.0
B00BFQDDZ2	5.0
B009M4VVIK	3.0
B00FILHAXQ	5.0
0988264242	3.6666666666666665
0307950859	4.0
B00ICSFA3E	5.0
1478273984	3.5
147003655X	5.0
0557013852	3.0
0425246108	5.0
1599982137	4.0
B00AS4CCAY	5.0
0515117234	4.0
1490501541	4.0
0988709376	3.0
1484076249	5.0
0451417909	5.0
1461098378	4.0
1612183034	5.0
B00HLPNH84	5.0
B00A0C969O	5.0
B003UNJZY6	3.0
B00CEHGWYA	2.0
B00GKRMUWS	3.0
B004CRTE36	4.0
B00BCFWJ7E	5.0
B00GEJPNZ8	4.0
B00ILWA6WG	5.0
B009GKXKJ8	5.0
B00AIDLZFI	5.0
B00IXAZPX6	4.0
B00AM28RDI	5.0
1613726872	4.0
1941361005	4.0
B007NUVA8Q	3.0
B00BCFWJ6K	5.0
1481827979	4.0
B00EW2X9OQ	4.0
B00AL1ZPNK	5.0
0451460758	2.0
B00J0KYFSO	5.0
B00AKOIUG2	4.0
1452668663	4.666666666666667
0515117269	4.0
1935152394	3.0
B00BCFWJ74	5.0
B00CIG5MZ2	4.0
0373126212	3.5
B00DPMATHY	2.0
0312549105	2.0
B00CYBFTWC	4.0
1480063592	5.0
0615613373	3.3333333333333335
1936564726	3.0
161372554X	4.0
1492321117	3.0
1938580044	4.5
0060570733	4.0
1466207205	5.0
0590437704	5.0
1492310476	5.0
0345439929	4.0
0505525089	5.0
0671019627	3.0
0804119740	2.0
B00BCFWJ8I	5.0
B00A9ET4NG	5.0
1613724217	4.0
B00HCXP1LQ	3.0
B007UC0YWA	2.0
0060567104	4.0
1469901811	2.0
1461138582	3.0
B006J0BYN2	5.0
0989950239	5.0
0989416402	4.666666666666667
1938580060	4.0
1481926063	5.0
B005HRSU30	4.0
0671493205	5.0
B00D3PFFJ0	5.0
0984733671	5.0
0425253252	1.0
B009GVNMQ8	2.0
1623220262	5.0
0226771040	3.0
0989416410	5.0
B00HTB4UC2	4.0
B00GRYXPFA	4.0
1611249562	3.0
0991046943	4.0
B00HN9FLGY	1.0
B0092WQ7BS	4.0
0312354916	4.0
B00I9QLGFA	5.0
B0089DIVXS	3.0
B009YMFTGU	3.0
B00C3GKOQE	5.0
B008EEQ1WU	5.0
B005HJ3560	4.0
1442362383	4.0
0989416429	5.0
B009E7GJVO	5.0
1481170422	3.0
B005PP3DVS	1.0
0446522856	4.0
161372425X	4.0
B00D7N4K8U	3.0
082176778X	5.0
B00JD223TW	5.0
0312316690	4.0
037383070X	5.0
0985872985	5.0
1250001412	5.0
B00I1WAG44	5.0
B007Z4D9MA	5.0
1484972325	5.0
B00JA2S1CS	3.0
B00CTSNQMU	3.0
B00FEH36WI	5.0
B00JBV3PNS	2.0
B00ECZGA5S	3.5
B00EWZNC0E	3.0
1623220289	5.0
B00D192118	4.0
1482319055	5.0
0345480120	4.0
B0035N1UOY	4.0
0061668036	3.0
0062136305	5.0
1611249538	4.0
B00FJ63QNS	5.0
B00FJ8YT0U	4.0
B00BXV0G9U	5.0
0425241351	4.0
0310708257	5.0
158243719X	3.0
0764202219	5.0
B007NUVB2Q	5.0
1484815408	5.0
140883233X	5.0
B00BS2ECK8	5.0
B00EAHZR5W	3.3333333333333335
B004WEKR3K	4.0
B00DYB9I00	3.0
B00EJXIO7U	4.0
B006ECFWBA	5.0
B00ASZT4EK	5.0
0988978016	3.0
B00AIR9Q46	5.0
1419960482	4.0
0440221072	5.0
0425264017	5.0
B00A8UQVLY	5.0
0062076108	4.0
B00LDS4S1A	2.0
B00FIWMPJO	5.0
0091800951	4.0
B00AU6WFT8	4.0
0373710836	4.5
B00HTSBZHS	5.0
075826920X	5.0
0062076116	4.0
0525952187	5.0
B0091ISG3A	5.0
0992844002	5.0
B005N1OU7A	5.0
B00KNXM4D0	2.0
0778313514	5.0
B00DD75IWW	5.0
0399150730	2.0
1477809783	5.0
1484967836	3.0
1468187953	4.333333333333333
B008HNAAES	3.0
1477675957	5.0
1480529699	3.0
B00HP5A8FU	3.5
B00B6R7DLA	3.0
0373860641	5.0
0615685099	3.0
0984248056	4.0
1479390046	3.0
1939786096	5.0
0778325504	5.0
B00JGGYWNK	5.0
B00ATFIV0W	5.0
015206396X	4.0
1484096762	4.0
162253848X	5.0
0758272820	4.0
B005LAF5M2	5.0
0425242668	4.0
193978607X	5.0
B0039NMTFO	2.0
147767330X	5.0
0743477308	5.0
B00GWTYX9M	4.0
B00DCBMEQW	4.0
B006ML8JCW	5.0
B008A9FTFY	4.0
1939455073	4.5
0312424442	4.0
B00KUEHAZO	3.0
0141188936	5.0
1494402718	4.0
B00CR77NGI	4.0
0758272812	5.0
B00HZCYYWG	5.0
B00GFEK3B6	4.0
0984890459	3.0
B00LK5GREC	3.0
B00AIXUMZW	5.0
0743442660	5.0
1452663874	4.0
0425198006	4.0
080073310X	3.0
0988264269	4.5
B00FL57WY6	3.0
B00DESIWPK	5.0
B00HOY8AN4	5.0
B00IZO08D2	3.0
B006H6AOK2	4.5
B00AB3F2RM	3.0
1589826698	4.0
B00JR0ZPVS	3.0
0615521061	4.0
B009SDSM64	5.0
1841959111	3.0
B0091MBN90	4.0
1491269995	3.0
B00E1TTRZ0	3.0
1466269472	5.0
B00BE9K6M8	4.0
0151015287	4.0
0399148450	4.0
1613720785	5.0
1481960873	4.0
0615790542	4.0
B00BEB9O7Y	1.0
0778325555	4.0
1475120761	5.0
B00DQQVTA0	4.0
0060008725	3.0
1466463805	3.0
1484954556	5.0
0983213100	3.0
0976876051	3.0
B00IXYIRVY	5.0
B000R93E3E	3.0
0451233166	3.5
B0042P5D42	3.0
0615560628	5.0
0312588879	5.0
B00BAYFDQ6	5.0
B00L98YKB2	2.0
0615902529	1.0
B00K48N94M	5.0
0988662094	5.0
1623809193	4.0
B00IKJA87S	4.5
B007FZJO5K	4.0
0439023483	5.0
B007AHTFD4	3.0
B00K48N8ZC	4.0
0375718958	2.0
B004Z9XKZE	3.0
1484197313	4.5
0786891254	4.0
0345522478	5.0
0061214655	4.0
B00K00DEZS	3.0
0988729806	5.0
B00DJTQOL8	3.0
B0070YN1BO	4.0
B00ISWKM6E	4.0
B009OR4LDW	5.0
1479318760	3.0
B006CBFH22	4.0
B00BSHF3EC	4.0
1495416046	5.0
1609280806	4.5
1939392756	5.0
1489580654	4.0
0988761955	5.0
0373777922	5.0
B008FQDF12	5.0
B00F8F3JZK	5.0
B0092QUFRQ	5.0
B00JNI8WMS	3.0
B00D4AV5AC	5.0
B00J0FEIRM	3.0
1490409572	5.0
1495362817	3.0
0451464397	5.0
B00F7CJCMI	4.0
B008OXJJYS	4.0
B00EOCR1UM	4.0
0989140369	5.0
B004G092HC	3.5
B005CARM8G	3.0
1491002786	3.5
0385338252	3.0
B00JRFGIQY	3.0
B00K48GVGA	5.0
0312360819	5.0
1414319576	3.0
1451617364	5.0
0989479900	5.0
1590803868	4.0
B007TQKKYO	5.0
1481028979	1.0
1936653389	3.0
1482603217	3.0
0758215282	4.0
1937593649	5.0
B00CXAB1ZI	5.0
B00BGZSXAW	4.0
B007I5V86U	4.0
1480133299	4.0
B00BW7BA6I	3.0
0758227264	5.0
1451617372	5.0
B004INHHFG	3.0
055358846X	5.0
0060820829	4.0
B00D0ERNFI	3.0
0615374778	3.0
0312429401	4.0
B00ANYKKLM	4.0
147826182X	2.0
B00GCHBLK8	4.0
1610403231	4.0
B00CIRFOPY	5.0
1491055189	5.0
B00F8FXDHY	5.0
0727863495	4.0
B00CFQJCOC	4.0
B00K74N3JY	5.0
1480219851	4.0
B00BF41BLW	5.0
1613721919	5.0
B0044DEM58	2.0
B00G6BLT1Q	4.5
B00J2QO8Y2	5.0
1451617399	5.0
1476700087	4.0
B00L1YQOTA	4.0
B00B9H5EMW	5.0
B00802OENE	5.0
1499708084	2.0
B00BP5FWNY	5.0
1489593896	4.0
B00EOERFQK	3.0
149423355X	5.0
148956621X	4.5
B006NPVTE2	5.0
1484991311	3.0
0373254679	4.0
B00AP980WG	5.0
0671019732	2.0
1492910368	4.0
0989479943	3.0
1456450956	4.0
B00CLUGBXW	5.0
1494348837	5.0
0671019724	4.0
1483951057	2.0
0399208534	5.0
1250018390	5.0
B007IWE54K	4.0
B00JYYBCP0	5.0
B000AUCDPA	4.0
0451404750	5.0
0263877957	4.5
B00JTERARO	5.0
B009YYEZUE	2.0
1612185592	4.0
B00EUF1QGI	3.0
B00DXU05C2	3.0
B007ILI0VK	5.0
B008WVP2U2	5.0
0446612774	2.5
1479257389	5.0
0765307855	4.0
147825954X	3.5
0451211634	3.0
B00ICTUW6I	5.0
B00J436CN8	5.0
B00AG0C9OY	5.0
1448635403	4.0
B0030N6DUU	3.6666666666666665
B00D71EQRW	3.0
043902353X	5.0
B00EGJCRIO	5.0
B0047DW4K0	5.0
B00GU9P6WW	4.0
0743446135	2.0
B007PO933E	5.0
0380809168	4.0
B00DL5T200	5.0
0989479919	4.0
0373755074	5.0
0425247562	3.0
B00G5WYCD8	5.0
B00540L9II	3.0
B00CL3MWGO	4.5
1480230219	5.0
0312303467	5.0
B00E4QM0YU	5.0
0062273248	2.5
1444746138	5.0
B008XNY6OW	5.0
B00BVBONKU	4.0
0345492277	3.0
B00IFVYJN0	4.0
1481161792	5.0
1477578749	5.0
148398348X	4.5
0964894238	4.0
B00A6JN95I	4.0
1439280274	5.0
1589395298	5.0
B00BFQDF0K	2.0
B00CSEHXQU	3.6666666666666665
B009FMVNGE	3.0
B006QQ0KWK	5.0
0803494947	5.0
1880284588	3.0
1484858786	3.0
B00F19F39I	5.0
B00H4OBBYE	4.0
0821780662	5.0
0615939732	4.0
B00K8YE9IM	4.0
1476756503	5.0
B008BJJT86	5.0
B00472O74M	5.0
B00G7P0PNO	4.0
1452655219	4.0
1420100289	4.0
B00KFXBBDW	4.0
1619352532	4.0
B00APTQLP4	5.0
0439023513	3.0
0615777759	5.0
1937551873	4.0
B00D6WVPOO	3.0
1620043084	4.0
1460943147	3.0
0765326957	5.0
0765311054	3.0
0440223709	4.0
B00EVW1WVE	3.0
B00H3WP1VQ	4.0
B00BLMNU9O	4.0
B00KP86AVU	5.0
B008BK26KS	2.0
1491050349	5.0
B006UK6GCU	4.0
B00A0P7300	5.0
B00AKERYMI	3.0
0615323308	3.0
1402214405	5.0
0446618926	2.0
1491521775	4.0
0060892536	3.0
B00D5SJDAM	5.0
B009Y13QXE	5.0
B00AIABNZ8	4.0
1482358727	5.0
B00COW2FYQ	4.0
1612130488	3.0
B004OYTBBW	5.0
1439198365	3.0
161495514X	5.0
0615824404	5.0
B00DN6J1BC	4.0
B00HQ7T41Q	3.0
1484042778	5.0
0099911701	4.0
0553588451	4.0
B00A2E7WJ6	5.0
B00CIYHL6C	5.0
1599983508	4.0
B00IQOC22G	5.0
1416911820	3.0
B007JXMRNE	5.0
B00CHP5OJ8	2.0
1483916693	3.0
0991046846	4.0
B005QEA87A	4.0
0982953747	3.0
B00HJZF38S	4.0
0446539791	3.0
B00J74Q8PQ	5.0
B00JTIOYOM	5.0
0446564745	4.0
B00AWKDF78	4.0
0989473805	5.0
B00IMTWRPM	5.0
B00946TX4A	4.0
1619213621	3.0
0758222491	4.0
B00HFUJPO0	5.0
0451419006	4.0
1604142057	5.0
0982953755	2.0
0804119686	5.0
B0074A96YU	5.0
B00AXT0PWQ	5.0
0060539844	5.0
B00FB6M902	5.0
B00EW5AX88	2.0
0373079621	4.0
1938404009	5.0
0982589913	3.0
B00KV13TKG	4.0
B0092HYYEA	2.0
B007B6QRPS	4.0
0385516290	3.0
0061032085	5.0
B00GQP6WUA	5.0
1477256156	4.0
0982953763	1.0
B004KSQYCQ	4.0
0821772198	4.0
B00JHWNRXO	2.0
B00DMTXQHA	3.0
B008FPY8G4	5.0
0451229851	4.0
1455556823	5.0
0425240169	4.0
0375728228	4.0
0578127091	4.0
B00DV88VFO	4.0
0982953771	1.0
0764203649	1.0
B00BGCPDMQ	3.0
1484112245	4.0
B00EFPNV2K	5.0
1490470042	5.0
1491521678	5.0
B007JI0ERA	5.0
0765326949	4.0
B00942WWVU	3.0
1599989778	4.0
B00K5D7IAC	4.0
B00J0D69KI	4.0
0373596839	4.0
B00E1MXF1Y	5.0
0425240177	5.0
B00AP2VTQ2	2.0
0988223635	4.0
B00AGIMVDA	5.0
B00AKI4IX2	4.0
0312423209	3.0
1491074280	4.0
B004PLNH5K	4.0
0062100203	5.0
1484815556	4.0
1477820213	5.0
B00D9HL6RM	3.0
1620610116	5.0
B0092Q3DXY	1.0
B006NCFBJE	5.0
0373776780	4.0
1938135504	4.0
1477407464	5.0
B0049B1VS6	5.0
B00EZWXE8Y	5.0
B00EVDFBR4	5.0
B005NWIAAW	1.0
0373271182	5.0
1480279544	5.0
B00JW3VKT6	5.0
B00C2TCQUE	2.0
B00GQ6FODK	5.0
B005C5YZ86	4.0
B00L1RWIG0	3.0
0553593064	3.0
0060854235	3.0
B00I2U3DWW	5.0
0060747730	4.0
0982953720	4.0
B00B43B6WI	4.0
1414361114	5.0
B00JTMWHJC	4.0
147920711X	5.0
B007GGYU3E	5.0
1480200425	5.0
B00K4IYUC2	5.0
0989598403	5.0
B00418459O	4.0
1495459225	3.6
0821772163	4.0
B00FFS2NTS	1.0
B006XRM3PY	5.0
B00BW73VVU	3.0
B00EDT58ZG	3.0
1495354253	5.0
1439269998	3.0
0425266745	4.333333333333333
1483945154	4.0
0425240134	5.0
1482576988	3.0
0988548518	5.0
0743296036	4.0
B005BJV9XC	5.0
1481033492	3.0
B00E4WJ5VA	5.0
B004Z1GHG6	5.0
1440557438	4.0
B007DI16VE	4.0
B00BTGSI94	5.0
1420130048	5.0
0451223691	5.0
149617707X	5.0
1477419497	3.0
0446612863	3.0
B008GYQ5UG	4.0
B00BBM79LY	3.0
0316012823	3.0
B00FBQLY1M	5.0
B00AM5LHSC	5.0
1482652226	5.0
B00CWN8R1C	3.0
1477559647	4.0
B00AXDNVHS	5.0
148122221X	3.3333333333333335
B00KQX674O	5.0
0385504241	4.0
B00FZ2EU5E	5.0
1477584609	5.0
1420130064	5.0
1484028503	4.0
1439148015	3.0
1476725365	5.0
0615806627	4.0
B00F5N0F0C	5.0
0373895194	3.0
1420130080	5.0
1484076168	5.0
B00GEE2C34	4.0
B00IDEHRGA	5.0
B00KPKGCXE	2.0
B00C3OR32O	4.0
1477849041	5.0
B00A6KM05W	4.0
1482676230	3.0
B00HCHUPVI	5.0
B00HWMQCCO	2.0
B00CMEQ812	5.0
098911063X	5.0
B003XNTV06	5.0
B00EGTUKT2	1.0
1482524058	3.0
1482389916	2.0
1480153664	5.0
0060772743	5.0
B008D7MOOM	5.0
B00EFL3WEG	4.0
0991686004	5.0
045146446X	4.0
B00A9HITFM	5.0
B009KEXBC6	5.0
038533947X	4.0
1439152969	5.0
B00A54RF2C	4.0
B00FDXPUYU	4.0
1456307185	3.0
B007M0M8EW	3.0
0385339453	4.0
B00DT93NM6	5.0
B00A0UMVT8	4.0
B00D7KL2DE	4.0
B0091ISH0C	2.5
B00K56SLUU	5.0
1484965132	3.0
B008GN0GQG	5.0
0425215113	1.0
1480008907	5.0
B00LD6IYUS	5.0
1938404025	5.0
0451222350	5.0
B000R93D4Y	4.0
1439152950	5.0
B007VVF0I8	3.0
B00JXW6GFE	3.0
B005Y16IWO	4.0
0399152792	3.0
0345515501	4.0
0821771205	2.0
0345470990	4.0
0446614416	4.0
B00GETFZBA	5.0
B00BCR0Q5Y	4.0
B00DFNI2S6	4.0
1619215004	5.0
B004GNFWZ0	5.0
B00EH2N8RO	5.0
B00EWTU85W	5.0
B00J6UKC0S	5.0
B00APOHOA0	5.0
1484966287	3.0
B00IR3ANS6	2.0
149099792X	5.0
0553382349	1.0
1491219416	4.0
160598261X	3.0
0988802759	5.0
B004AYDC6G	5.0
1402251718	5.0
1499337868	5.0
1416566724	5.0
148403726X	4.0
0758218699	5.0
1482373114	5.0
B00H7RW3MM	1.0
B0096VSP60	4.0
1613726236	4.0
B00AEKVEQ0	4.0
1622538617	5.0
B0093NWKDU	5.0
0312351623	4.0
0743201957	4.0
B00D9HDKC6	3.0
B00FMJ8OFC	3.0
098279522X	4.0
B00DTNALTK	5.0
1416566740	5.0
1609288149	5.0
0449147347	3.0
B00AVKKUKE	4.0
0983256810	3.0
1615814108	4.0
1451606796	5.0
B00AR5URC4	5.0
B00FP43PP8	3.0
B00KK433NW	5.0
B00HR6BICY	4.0
0821773836	5.0
1479149640	4.0
1492974900	5.0
1491021217	4.0
B008OJ8AEC	3.5
0345455320	4.0
B00AOHGJXG	4.0
B00BDBF7GM	5.0
099126021X	4.0
0788749730	5.0
1468157574	4.0
B00H80MINW	4.0
B00957XZFG	5.0
B00AXHIDJK	3.5
0142000329	3.0
B007R5LP4G	4.0
1938789105	4.0
0988802716	5.0
0312368488	3.0
B00JL4G1L8	4.0
B00DC2M3TE	1.0
B00KI3TEOM	3.5
B00E3T3D3K	5.0
0789742985	3.0
0345515579	4.0
0062219006	5.0
B004SV2IIY	5.0
B00EGSFFGG	5.0
B006IGU49M	5.0
1416566759	5.0
0451400011	5.0
B00HDZJN8A	5.0
0345515587	3.0
1455599271	4.666666666666667
1611188296	4.0
1594489491	3.0
1494724693	3.0
1490973931	5.0
1499190433	3.0
B00D6UP290	4.0
1478230592	5.0
B00A73LMUM	4.0
B00BFL8R80	5.0
1623420067	5.0
1492286966	5.0
B005J6GTFK	5.0
0312937970	3.0
1479355100	4.0
B00F2SYMAE	3.0
099108635X	4.0
1480297275	4.0
0970716907	3.0
B00FO6B52W	5.0
B00CB3SH0O	5.0
1628302011	5.0
1490437029	5.0
149293402X	4.0
B008BYP14M	1.0
1481152718	5.0
B005MUEWRU	5.0
B00ILKTBSI	4.0
0983256837	5.0
1482580756	4.0
B008DGH86W	5.0
0425234339	5.0
1936594331	3.0
B005LHMPIW	4.0
1482528150	4.0
1482738090	5.0
B00FY4EYNQ	4.5
0758266340	4.0
0399144331	4.0
B00J0HSHYK	4.0
B008QNCG1O	4.0
B00K3RZXOS	4.0
0062062247	3.0
B003ZUY19I	3.0
1940887135	4.0
1452663165	5.0
B00HMUR5QI	3.0
1885339259	4.0
B00BOVLVCU	4.0
1492787701	4.5
1477849971	5.0
145550369X	4.0
B00839LXWY	5.0
B00EMX9RAK	5.0
B007XUL91O	5.0
B00EAOUCQ4	4.0
B00DMKTEKC	5.0
1482370999	2.0
1495458881	5.0
B00B0J8246	4.5
0007334877	3.0
1440435103	5.0
B00EGJ334Q	5.0
B00C7CZ45A	4.0
1609360044	4.0
0143144839	4.0
B006I3GRP0	5.0
B004Z2I66Y	4.0
031235164X	4.0
B008KVJ5D4	4.0
B008JYCVW4	5.0
1590588231	4.0
1599792044	5.0
B008NBGRG4	5.0
B00HFU5SBO	3.0
1480286575	3.0
1937080072	3.0
1490997954	3.0
1601424256	5.0
B00K8BXKGM	5.0
B00EW6JYJ6	3.5
B009K4AJNA	4.0
0312351666	5.0
B0095VXTNU	2.0
0312559100	3.0
B004OYT8OW	4.0
B0075ZFBQG	3.0
B00BCFYN6E	5.0
1490972684	5.0
147938268X	4.0
1484859693	5.0
B00FV9ED9O	4.0
0399157565	3.0
B00K48N6ZY	5.0
B00DLC88C6	5.0
044101819X	5.0
B0086SBJ30	4.0
0505523043	4.0
B009V2YCRA	5.0
B004YWQKVS	5.0
B00ARYTU64	3.0
0312948573	5.0
B0085N6I4Q	5.0
B00FXAG6MS	3.0
0062019430	5.0
B00E805GVQ	5.0
B00AP9RMMK	5.0
B00JL4A0HE	4.0
031294859X	5.0
0060534044	4.0
1461026415	4.0
B00JRBN26M	4.0
B0030MQIWE	3.0
B00FL0IWSQ	3.5
0062019406	4.0
1938404351	3.0
B00A8PD6C6	3.0
0312998813	4.0
B00IFBRTU0	4.0
B003TLMNA2	2.0
B00ISK58KG	4.0
B00K62PMUK	3.0
0545208807	5.0
1419965921	4.0
B005M780C6	5.0
1782062939	5.0
0380782332	2.0
1490505776	5.0
1451606818	5.0
145160680X	5.0
B005FM7W36	5.0
1620610078	4.0
B00FO81XXG	4.0
1451606826	5.0
B00ER8YDKE	3.0
1456301152	4.333333333333333
0373778651	5.0
1468113054	5.0
147824738X	3.0
B00E1LF496	5.0
0345486544	4.0
B00IPL4AR0	4.0
B00E0D0JZ4	4.5
0615720455	5.0
1467942812	5.0
B009GKU2DU	3.0
0989479021	5.0
1453751300	3.0
1623801818	5.0
0373878168	2.0
B00CHXFNVY	4.0
0739423819	4.5
B00EYPS6JO	3.0
1481845535	4.0
1400043956	4.0
1482013541	3.0
B009Z78Z5G	4.5
0758213867	5.0
B00A1P6NZ0	3.5
1937475719	5.0
B00K311ABO	4.0
1455576506	5.0
B00G2UXCK2	4.0
0373754639	4.0
1578151317	5.0
000752417X	2.0
B007EFH1OM	3.0
1482784769	2.0
B00ET5PQEC	5.0
1482708167	5.0
B0086PQ672	5.0
0758213875	5.0
1440407991	4.0
0985023007	3.0
B00FTDK0EY	4.0
0307275477	5.0
B006HKZAWK	5.0
1482710455	5.0
B00HFU5RIS	5.0
B0094135VM	4.0
B007T8W8XI	5.0
B00AMOOE0Q	5.0
B009MBUOQI	4.0
1476744106	5.0
0758213883	5.0
B00D71EY1K	3.0
B00DQBJ5VU	2.0
B00HWIIA2I	3.0
1493581805	4.0
B00CKU0NYQ	4.0
0399157573	4.0
1463609337	4.0
0373244045	5.0
B0086XF6VQ	5.0
0425198219	2.0
0897933974	5.0
B00F1H20SW	1.0
B00CZEJS0C	5.0
0312625200	4.0
0989050858	4.5
1455599255	4.333333333333333
1939276101	5.0
0758218710	5.0
B007HQ58CK	4.0
B00EAC851U	3.0
B005SFRJ6K	3.0
B00AGB394C	2.0
1453636218	3.0
B00K48N6RW	5.0
1494879190	4.0
0385341636	4.0
1608320901	3.0
B00KI6XQ66	5.0
1455599247	5.0
1936305704	5.0
1426702973	4.0
0786014547	4.0
1402251688	5.0
B00GKZNBAU	5.0
B00CNTTEAI	5.0
B00CGTHBDC	4.0
B00BRKR5H8	4.0
0615343848	4.0
0345532023	3.0
0988979500	5.0
B0087HTH7U	3.0
144235948X	5.0
B00BRUQ7JK	5.0
B00ETN6B6G	3.0
B00G2T16ZQ	1.0
B00H5U96O4	4.0
B00IY5RTLQ	4.0
1610405129	4.0
B00FD3ASBU	4.0
0988936429	5.0
0988436914	5.0
B008FWBWRU	3.0
B008ACC12K	5.0
B00BYG8RXG	1.0
B00F2SZOPG	5.0
B004WG5C8I	5.0
1615815546	5.0
B00E4WOFI8	3.0
0393020185	4.0
B00I18UXXM	5.0
0843952067	3.0
1577363213	4.0
148051652X	5.0
B00FCRBEB0	5.0
0061118443	5.0
1453774025	5.0
B0085BEJZS	4.0
1614954607	4.0
1455599220	5.0
B008VYAUGG	4.0
0778324486	5.0
1937044475	5.0
1426211562	4.0
0505524333	5.0
B00BAVVC6O	4.0
0687056861	4.0
0984663185	3.0
0310721431	3.0
0989050882	5.0
B00CL8S80I	5.0
B00HFU5S46	5.0
B00AK1IMXQ	4.0
B007YJ3JV2	3.0
B008X72CT4	5.0
B00JZTQKVA	4.0
B00FCR3IV4	5.0
1475221398	5.0
B006NUK0OM	5.0
B00GU3QOKG	5.0
1620610094	3.0
B00G8UVD66	4.0
1491501146	4.0
B009A2EB22	4.0
0988936402	5.0
1477576924	4.0
B00I9J96UO	4.0
B00AMOODZM	4.0
1497370876	4.0
B00BFLJWBG	4.0
0140243518	4.0
1480225649	4.0
B009VJ1M44	3.5
B00JIWJ6EM	2.0
B00CLS2CJ6	5.0
0988436949	5.0
1619215020	5.0
B007OGX910	5.0
B00IL9G704	5.0
0425241505	4.0
0857150820	4.0
0980044812	5.0
0989050866	3.0
B00F30CTLK	5.0
0385341652	3.0
1627984747	5.0
B00D4KMZHY	3.0
1480224332	4.0
B00DK8W7WS	5.0
1615815503	5.0
0758218702	5.0
B004KABILQ	3.0
B005BYP6MM	2.0
0316067369	2.0
194055991X	5.0
B00IP6HMYI	5.0
1453661387	4.0
1608203212	4.0
B00EGJ33YG	5.0
B0057PFWDI	2.0
B00CS4PHZO	2.0
0373207247	5.0
B009SVIDY2	2.0
0525953728	5.0
1493700960	5.0
0988662027	5.0
0060751967	4.0
B00I8PM3Y0	5.0
B00ESQIN56	5.0
B007KF029C	4.0
B00BAO1A3Q	2.0
B00KBXGFFA	3.0
1461034868	5.0
B00JW0MEL2	5.0
0615827292	5.0
B00ITYT9M4	3.0
B00BFQAOT0	5.0
0988170116	3.5
B00957HIVS	5.0
B00ANVNTEU	4.0
1484038487	5.0
B00BFQ7AV0	5.0
0451235843	4.0
1482524759	3.8333333333333335
0758284047	5.0
B0084HWC70	5.0
B008BUDGG6	5.0
0312992831	2.0
1495450198	5.0
1484136950	5.0
1482017229	5.0
1480083909	4.0
1939769280	5.0
0786889446	4.0
B00D4KM6EQ	4.0
149230123X	5.0
0670034223	4.0
1844718476	3.0
B004J4VVT2	3.3333333333333335
B007672OTA	5.0
1492254398	2.0
0373797958	5.0
1616265949	5.0
0312992823	2.0
0373770014	3.0
1593154941	3.0
0312929587	4.0
1482765586	4.0
B007HAEUSY	4.0
0446616915	5.0
B008BP8ROC	3.6666666666666665
0373207204	4.0
1935348035	4.0
B00DRLHOQW	5.0
149275160X	5.0
0373820615	4.0
1490589481	4.5
B00AFB685K	5.0
0345481720	4.0
B009N44LIG	4.0
0615736114	5.0
1402213395	4.0
B00G7WGTDC	4.0
1937007588	4.5
B00JHJ2DEG	4.0
1455503746	5.0
1599981157	3.0
1439190259	4.0
B00KANX6Y4	3.0
145550372X	4.0
B00I2SWC1C	4.0
B0076TTB6C	4.0
1496013557	5.0
B00AA19AS2	5.0
0345527682	3.0
B00JQVNU6K	2.0
B009HLIWSK	5.0
045146379X	4.0
B00GEHN4I8	5.0
B00GVRVA00	4.0
1939276012	5.0
B00IYX1W4I	5.0
B00JNSN3RM	5.0
0758219873	4.0
B008600T5C	5.0
B0070Y03FG	4.0
1742208096	3.0
0425259722	5.0
0451239350	4.0
B00HXNZOAI	5.0
B00HWYTBRA	5.0
1497345928	5.0
1478297611	5.0
B007VG5SWQ	5.0
B00AR3OK1U	5.0
1419951106	1.0
1250001358	5.0
147813223X	4.0
1118230817	4.0
B00HC23IW6	5.0
B00E6EIS5U	5.0
B00JMFNYP2	4.0
0425259714	5.0
0345537009	5.0
0399162070	5.0
1493584154	3.0
B00BRVFRRM	4.0
B007Z4UI42	5.0
B00A8SJ4OC	4.0
1468155083	5.0
B0086W4Y2E	5.0
1939769213	5.0
1492899291	3.0
1434341178	3.0
B00961HZNY	4.0
1484008685	5.0
B004V49BLU	1.0
B005IS59KK	4.0
0615718353	5.0
B00KNFB5UG	3.0
B00LGAZ6ZW	5.0
1490942912	4.0
B00FABMQ74	5.0
B009NVA9IK	4.0
B00HNEDX46	5.0
0451419626	4.0
1601831374	5.0
0984852964	4.0
B00EAAPFWO	3.0
1781847924	5.0
B00KHUQLSI	4.0
1622538579	5.0
0345549015	4.0
B00B56CUVK	5.0
1600541208	3.0
B00DHTZF9C	5.0
B00EB3F4M6	3.0
1442187697	5.0
B005FG16WK	4.0
0345538366	4.0
0615731317	5.0
B003IWZZFC	4.0
B0094BDBRK	4.5
148261586X	1.0
B00F2OGQJ8	2.0
1250001323	5.0
B00FPRQ5NY	3.0
1479168696	4.0
B005G7ZFXY	3.0
B00EXRB5KA	2.0
1402282729	5.0
B00IX60AQC	4.0
0345538390	5.0
0060528079	4.0
B00CJD4TIK	5.0
1489591095	5.0
0099462370	4.0
1419970291	5.0
1439128294	4.0
B00I2VUKKY	4.0
0821765221	4.0
B00A5WUFX0	5.0
B00GLGYMI8	4.0
B00JFHKE1Y	5.0
1569475350	4.0
B003MZ0OTM	3.6666666666666665
1481233920	5.0
1442366621	5.0
0843959339	3.0
B00BFQDGWM	3.0
1491065621	5.0
1477823476	4.0
B00AEA7FWC	3.0
B00EG4MRWA	2.0
1937248313	4.0
B00E8Z8LFE	5.0
B004G5ZSJ8	4.0
B00JAZDCA6	4.0
B00EKDLH2S	3.0
0393064557	5.0
147505467X	5.0
0061783196	5.0
B00I6ZS6IE	5.0
037320728X	5.0
1484987934	3.0
B006Y3RUKK	3.0
B007K8INMW	4.0
148497462X	4.0
B006U1N37U	3.0
1611188334	4.0
B00B4DLC7M	4.0
1477661875	5.0
0758291280	5.0
1620612585	3.0
0399157441	3.0
B00B13DXTU	5.0
B007Y6WIV2	3.0
B003SX0Y66	4.0
1481844369	5.0
B00F2NOMRC	3.0
0373777434	5.0
0470949546	5.0
1609285980	3.0
B00FEPT1YC	5.0
B00II4HX7S	4.0
B00FVGRX9O	5.0
0451417054	4.0
B009QNXYPU	4.0
B0030CMJWC	5.0
B00DELAPB6	3.0
0425251063	5.0
067179938X	4.0
B00F0XCR80	4.0
0441014739	4.0
1627401172	4.0
B00AVO2C10	5.0
B0078JAISA	3.0
B00GTT0UK6	3.0
1938404238	5.0
0743477464	3.0
0986842222	5.0
1885705026	4.0
1583457348	4.0
1477406794	5.0
B00688GE7Q	3.0
1482632462	4.0
B004XVTPHG	5.0
0373534450	5.0
B00A6057P2	4.0
B00EUGU0LE	3.0
1628300930	5.0
B00AS0EU5I	4.5
B00G950LIQ	5.0
0987526154	4.0
B007Q4DC4O	5.0
1482747634	4.0
B00531CPHC	4.0
B00G8UKDQ2	4.0
0688122671	5.0
0615150748	4.0
B00CPG1NGC	2.5
1482669781	4.333333333333333
B00BTIDOO6	5.0
B008LYMHL2	4.0
B00BNPX77O	5.0
1440086729	3.0
0982719345	3.0
B0095JX7F2	4.0
1615819118	3.0
B00KFRD9I8	5.0
0373534434	5.0
B0067AMY2O	5.0
B009V4B2Y4	5.0
B00K8F7SRK	4.0
1402244428	5.0
B004SY5QK8	4.0
0615529992	3.0
B009VLBBIE	4.0
B00CPVEPSU	5.0
1480297186	4.0
1470033860	3.0
B00EC197UC	5.0
B00IB34E3C	4.0
B00H8XT0GC	5.0
B00G4DPF4I	2.6666666666666665
B00G9JTIV8	2.5
B00LS6MCMY	5.0
1492904260	4.0
B00E3W7LSK	5.0
B0082TQLMM	3.0
B007R5T3SQ	4.0
1489512292	4.0
0451406354	3.0
B00GSWF888	3.0
1451533969	4.0
0758207948	2.0
1411672933	3.0
B006I19EQG	4.0
B008UYRL6E	5.0
143276702X	5.0
1466365951	4.333333333333333
B00A59JG8I	4.0
1412035910	3.0
0985059176	4.5
0985236744	3.0
0615828655	4.0
B00K2MDKDU	4.0
B00I1VX9YO	5.0
1480039810	5.0
1466351322	3.0
B00814M37U	4.5
B00A8PP8IQ	5.0
B00JDLFHRI	4.0
0515145068	5.0
1596914858	3.0
B00JOV928C	3.0
0553442341	5.0
1480251828	3.0
B003SX0XZI	5.0
1478210168	4.0
1494875713	5.0
B0035LDNV4	4.0
B00I15VL1I	5.0
145557404X	5.0
B007JE1B1C	5.0
B005O3167E	5.0
B00J0OOUOE	5.0
B006KIRCOS	5.0
1492164429	3.5
0373754736	5.0
B003OYIA74	4.0
B006G66YTS	4.0
0987243020	3.0
130011939X	3.0
1939564077	4.0
1938383761	4.0
B00BDBZAEG	4.0
1601548621	5.0
159058581X	4.0
1484037200	3.0
B00CYSHORS	4.5
B00GK4V9PA	4.0
B007SXDNE2	5.0
B00FVYVCWA	5.0
B00J4V7ORI	3.0
1623800447	4.0
1484070631	4.0
B003K16TME	5.0
1481909282	4.333333333333333
B008JI9EHU	5.0
1481023012	4.0
061584166X	5.0
1469237318	5.0
0062328220	5.0
B009XN0W4O	3.0
0988899515	5.0
B00D494J2O	4.0
1471133567	3.0
0615814077	3.0
B009ZY42BK	4.0
1477411321	5.0
B0068UAZ8I	3.5
B00CSGZ4KA	4.0
B00I2E16AE	5.0
0985059141	5.0
0060504110	3.0
0345496000	4.0
0425266915	5.0
0615702767	5.0
1477665412	5.0
B0098ERCYQ	4.0
0758207921	1.0
006083708X	3.0
0989790134	5.0
B00C83FST0	3.75
B004UIA3GE	5.0
0786003723	4.0
1455508594	2.0
B00GEGHZI4	4.0
1938404270	5.0
1480153443	5.0
B008SG8BYA	5.0
B00BQMOGKQ	5.0
1479209139	5.0
1613723962	5.0
B00H0737PG	5.0
1409129055	3.0
B00CGFEIM8	4.0
B00I60ESI6	5.0
0425254925	3.0
0803623046	5.0
B00IBF3PJ4	2.5
0758229577	5.0
0451210891	4.0
B00AHJSPGK	4.0
0991732782	3.0
B00FS0SA86	4.0
B00FUZQZZO	5.0
B00E66PQSK	4.0
0989451216	4.5
B00GT8442W	5.0
B00C825F1W	4.0
B00I4IKQ8G	4.0
0385339151	5.0
0989163377	5.0
B0095YE84Q	4.0
B004MPRAG6	2.0
B00K3517K4	5.0
0451118537	5.0
0615484050	2.0
0316690619	3.0
1613725124	5.0
1494440652	4.0
B005H7V690	5.0
1601547358	4.0
051514262X	5.0
1481152572	3.0
0385660065	5.0
0446580325	3.0
B0073HW6FA	3.0
B00DSADZEC	5.0
B00JQUBU9K	2.0
B00AG8UE1G	3.0
0312315716	4.0
1480047945	5.0
B00JS7ZNOE	3.0
B00CDH5TU4	4.0
0446542016	1.0
0345538412	5.0
1479126756	3.5
075730334X	4.0
0989163393	4.0
0373795424	5.0
B0085MBTVO	4.0
B009BPUZOG	3.0
B00DEK1THQ	4.0
B00CHUZHJU	3.0
B0071G203Q	5.0
B00I27A7DI	4.0
B00HOKH5OS	5.0
B008GUMNJW	4.0
1939263077	5.0
1494734222	5.0
0061092886	4.0
0982294603	5.0
1442361476	4.0
B00FYZYEXK	4.0
1477679995	5.0
B00J5YA0LQ	5.0
B00J1HNFMS	3.0
1611183626	4.0
B0087KGSNI	3.0
0425215415	1.0
B00KMJM0NE	2.0
B00I8PMB10	4.0
1591027349	3.0
B007WV4R4K	5.0
B00GZDANOE	3.0
1481953214	4.5
B00G6N3IA4	4.0
B00A1TMGHU	5.0
0758284373	5.0
0756407753	5.0
1490487190	3.0
0451219244	4.0
B00E7ZU5ZY	1.0
0425246590	3.0
B00DI9DMN2	5.0
B00F8GKEQQ	5.0
148496604X	3.0
0849913241	4.0
B00ELJYU0M	5.0
1468004190	4.0
B00EGSF7KA	5.0
B005GQ7JHA	5.0
1935171984	5.0
B004X2HN4M	4.0
0778316254	5.0
1612186548	3.0
0345538439	4.0
1620201194	5.0
B00BBKEJGO	4.0
B00BLO9O92	5.0
B00KF0URBM	5.0
B00AJM4E2Y	4.0
0060085444	3.0
B00IC9UIK8	5.0
006058534X	4.0
1935171992	5.0
B008H7HIXK	4.0
0615461344	5.0
B00A5CGC5K	5.0
B00GPAGBD4	5.0
1432786598	5.0
B00ADO64B2	5.0
B00E9CATQK	3.0
1610346866	5.0
042525982X	5.0
0307943232	4.0
B004OA5ZTS	4.5
1482709333	2.5
B0041VYKH8	5.0
B006K685KU	5.0
0061964417	3.0
B005F5HW3I	5.0
0615835619	4.5
B00IQRN5EW	5.0
B005SVVFL4	4.5
B00IGMRQ42	5.0
B00727EPQ4	5.0
1481802224	3.0
B00BGPRRGI	3.0
B00B8RQ3U0	4.0
B0082ZE4R0	3.0
1492376310	5.0
0553586106	1.0
B00HWVKINO	5.0
B00BFQ7C0E	5.0
B00C4E1F3Q	3.0
1451689349	5.0
B00A27AIBM	5.0
B00851H8JC	5.0
1939559286	3.0
B003LBSJ9O	3.0
B00CPV1INK	4.5
B00IQRN5GA	5.0
B00ITNWAVM	4.0
B00CBDC31I	1.0
B00AIF3QD0	2.0
1609288394	4.0
0446406945	5.0
1482670534	4.0
0446616893	5.0
1475102542	5.0
1499153244	4.0
B00AOOSRRU	5.0
1451689330	5.0
B00C4X5RBI	4.0
B00BJS1L64	3.0
1613727755	5.0
B003SX0Y0W	5.0
B00KF29D8I	3.0
061529202X	3.0
1484877365	2.0
0373777590	4.0
B005JKER8M	4.0
B0057CVROE	5.0
0312290322	3.0
0399156542	3.0
1626490511	4.0
B00J9QOP16	5.0
0062264664	3.0
B00BURQ5WO	3.0
B00FF17PWU	4.0
161109884X	5.0
1480587117	5.0
1477848851	5.0
B00CKFL5XO	5.0
0988301318	4.5
B00DGVFUJG	5.0
1475278837	4.0
B00BRR94WU	5.0
161213145X	5.0
1478261595	5.0
B00IT03ZNM	4.0
1442403888	3.0
B00HXR4Y5U	5.0
B00D4B53UE	5.0
193755130X	4.0
0399145877	4.0
0739353993	3.0
044657449X	5.0
B008HHSW0S	5.0
061585219X	4.0
B00JBVUH7K	5.0
B00D7EJL9C	5.0
1420105418	5.0
1492707872	4.0
1495927857	5.0
1250033470	4.0
0758212720	4.5
B008WNPXZE	5.0
159448354X	3.0
B008Y0J9OQ	5.0
1619211327	5.0
B00AI68N32	5.0
B00BNFJ7QE	5.0
0373752253	4.0
B00FV9E12S	4.0
B00IVSF77Y	3.0
B00B3KDIS2	5.0
B00KQA9DXE	4.0
1927036380	4.0
0425238199	5.0
0451237102	5.0
0307932508	3.0
0316188476	3.0
B00HDP57TY	2.0
B00BISWSOE	4.0
B004U34BZS	4.0
B00G8HXI7Q	5.0
1484872444	4.5
B006WW9FZG	3.0
0373077599	4.0
0615528988	5.0
B00BIMKT82	4.0
B00AB3KWEU	3.0
1494740176	3.0
1478320451	3.0
1420124587	3.0
1490439838	3.6666666666666665
B00IHCFAHQ	3.0
0099271478	4.0
B00K3698M2	3.0
B00A4N79C0	4.0
B00BNESZ4U	5.0
B00AJUV7AI	4.0
0061583073	4.0
B00GH4GCQ4	5.0
159080631X	3.0
0316211222	4.0
B005GXROO6	2.0
1455574104	5.0
B00KUZEJSY	5.0
0789746344	5.0
B00C53PC7Q	5.0
B00DSB1M5U	5.0
193738716X	3.0
0440507049	4.0
1482011131	5.0
B00G07D694	4.0
1492121169	4.5
0857661663	5.0
B00DXLNVJ0	5.0
0310257700	3.0
B005QOX3ZY	5.0
B008DI0W2C	5.0
B00HFUJMLG	5.0
0425251128	4.5
1434812162	3.0
B00CNUW9AO	3.0
1481158643	3.3333333333333335
149032321X	4.0
0451410971	5.0
B00JV6IMJA	4.0
B00HFUJMMA	5.0
0310257719	4.0
0979962447	5.0
1481906984	3.0
0061555819	4.5
1937551253	5.0
1599983907	3.0
0060092653	1.0
B003TFE6RG	4.0
0988273632	5.0
1610401891	5.0
B00KABM15Q	3.0
0979962439	5.0
B00EN3BMN4	4.0
0345532228	5.0
0060591234	3.0
B00FDXR4ZI	5.0
B00DQDB0L6	5.0
B00EXZQAHK	4.0
007170194X	5.0
B008D2E80U	4.0
B00K7PC1P0	5.0
1482532832	5.0
B00IE0SIKM	4.0
0985428732	4.0
B00I481H7A	5.0
149958492X	5.0
1497585368	5.0
1495377466	5.0
B00IPR0DUC	5.0
1478157178	5.0
B00I52PPT6	2.6666666666666665
B007I5E36W	5.0
1594860068	4.0
B0083PN2QI	3.0
B00E92Q5YK	4.0
1897562322	2.0
0345532244	5.0
B00CRHLJQI	4.0
0758205643	5.0
B00H6S6W9W	4.0
1623953618	5.0
B0038KX8S0	3.6666666666666665
1456414143	3.0
B00AED1QRO	5.0
0380820897	2.0
1425780482	5.0
0374177201	4.0
B009CE4TG6	5.0
0979962404	5.0
B007B86BDE	1.0
0399152946	4.0
0060175400	3.0
B00C6GVW3K	5.0
B0034KC3RQ	4.0
0983706336	4.0
B00KZNW2Y4	4.0
B00ENTQWVU	3.0
B005CABAUM	4.0
1461179513	5.0
B00HOIFMFY	1.0
B00CKH0ZDS	4.0
0983706328	5.0
1481019716	5.0
B00KA0AGJK	4.0
0615528910	5.0
0991508904	5.0
B00HES6DY8	2.0
B00FRLSC8E	5.0
B00G8J9SIW	5.0
060961066X	1.0
B006M6XV1Q	5.0
B00EF94WAQ	5.0
B00DG9QNGW	5.0
1480251720	5.0
0345532260	5.0
1483983951	5.0
B007A2V8MA	5.0
B007QOZ1S4	5.0
B00EORVJL4	5.0
0758205600	2.0
1455546925	4.0
1938101049	3.0
B00AXIGX5A	5.0
B00AR7MKWM	4.0
1475120346	5.0
B00C7AK1F0	3.0
B007OWFE76	5.0
B00B221O2I	5.0
1468118137	5.0
B00AL3IOLI	3.0
1470033917	3.0
0393039811	5.0
B00A92IS3A	5.0
B00D3PO2X0	5.0
B00FICOGZK	4.0
B00FHSVUGI	5.0
B00BN1XN4K	4.0
B00DP5IBM6	3.0
B004S2KGEQ	3.0
1480096954	5.0
B005Q13HO4	4.0
0800733533	5.0
B005RF9ZUY	4.0
B0095PNI1Y	4.0
1554872502	4.0
B00AGGKQ16	4.0
1599987430	4.0
B007SWLLHE	5.0
B005IMCYVI	5.0
0505525445	5.0
B00A94D748	5.0
B00BFFYXBG	5.0
1603942351	2.0
B00AZZ5SY8	5.0
B00IU0T29C	5.0
B0081SO14Y	4.0
1475121644	5.0
B00CYKHQW4	5.0
B006UIUISU	3.0
0615900305	2.0
0440234808	3.0
0805087745	4.0
B007OALZAI	4.5
1936782308	5.0
B00KF1FQTO	3.0
1938101006	4.0
B00E6SKGNI	2.0
1484088514	2.0
B009WU5TQE	5.0
1480276855	3.0
B00FW73QYI	5.0
B00JLW04KO	4.0
B00DTLP5UC	5.0
B00B0J815Q	2.0
B008S63JLK	3.0
0445206349	3.0
0451220102	3.0
1490422986	5.0
B00FNXL382	3.0
1477695079	4.0
1938101014	4.0
B009XIQVWQ	5.0
B00D5G1VMW	4.0
076533724X	5.0
0991973666	5.0
B00DLW4HYO	4.0
B00FNV2D9W	5.0
1933157054	5.0
0985724900	4.0
B00GM42EOI	4.0
1455581429	5.0
B00G4KOYHK	2.0
1477679855	5.0
0373861354	5.0
1477805850	5.0
B00K8APK8E	4.0
B005C2COA0	5.0
144040075X	5.0
B00JRG3TJM	5.0
B00JQWZOOU	2.0
B0082JA5NI	5.0
1573430293	4.0
1499221533	4.0
B00GLXVQLC	5.0
147781650X	4.0
B005TLYDV2	5.0
B00EQ78TRY	5.0
B00IIDILYS	5.0
061578139X	5.0
1594145857	4.0
1780994680	5.0
B009084M7K	5.0
B00AIE5MII	4.0
B00B7PIAWM	5.0
0061227331	3.0
1491008385	4.0
B008GO96T8	4.0
B006ZSOJXK	4.0
0451222725	4.0
B00ASCEF8S	3.0
B00FEKNRA6	4.0
0345503821	5.0
0991973623	5.0
0345803507	4.0
0671708821	5.0
B005AJQW9Y	3.0
B00C52CBDK	2.0
B0095JX9X2	5.0
B009I3SO9E	5.0
1480250201	5.0
0345503813	3.0
B00ING5PN0	3.0
1612174442	5.0
0345503805	4.0
1439191328	4.0
B005782Z8U	5.0
B007NUVFN6	3.0
B00FZ1O1HM	5.0
0061030643	4.0
1483987434	5.0
B004089G1M	5.0
B00DD3A72C	4.0
B00CK0R72M	4.0
B00KOSOX2O	4.0
B00C6SI9UW	4.0
0312578008	3.0
B00JO4HVNM	5.0
0765327848	2.0
B00DT53ZDC	3.0
1439192642	4.0
B00CUT23PO	3.0
0987745735	4.0
B004NNVDK6	2.0
B00GRCQ5XQ	4.0
B007AARG8W	3.0
1480191558	5.0
B009I41WB0	4.0
B003370K8O	5.0
B004KSPYOU	4.0
1439192634	3.0
B007V44R2U	4.0
1484890477	3.0
B00BUBKUNA	4.0
B0065R9UF8	4.0
1482332574	3.0
B004NNVDGK	5.0
B009MNEM96	5.0
B00J8OVF62	5.0
B007KGDZFE	4.0
B00JQUNH50	3.0
1453669973	4.0
B00ESWYKDE	5.0
1492791067	4.0
1451648936	3.0
0425233367	5.0
B00C555YD6	4.0
B00KUY7G44	4.0
B006H96RO6	4.0
B005J34OVY	3.0
B00CO5T4RY	5.0
0615707467	1.0
B00LBQIL3K	5.0
B009N06KFC	5.0
B005K75C2E	4.0
0345287819	4.0
B005GHDVTO	5.0
B00579E9L0	5.0
1938789040	2.0
1463410417	5.0
B0099SDQMS	5.0
B00JYYM6NC	3.0
B00DYACR0Y	4.0
B00K2GAUC0	3.0
1481917463	5.0
B005NWMIP0	5.0
0986023833	3.0
161650420X	5.0
B005KSL0LU	4.0
B00IQ8CN7Q	5.0
B00FOTN98M	5.0
1927675197	5.0
B009W9ZCDK	4.0
B005VGB16A	3.0
B00HSSAXMM	5.0
B003370JSK	4.0
B00DDU71EC	2.0
0380811065	3.0
0345533712	5.0
B007R7SV8C	5.0
0451226259	4.0
B006GQO2GK	4.0
B00HQP03UE	3.0
0307467422	4.0
B00HHAOSHC	5.0
B00HY4NM4G	2.0
B009G3SLB2	5.0
147001484X	3.0
B00H6DAPH2	5.0
1613725000	4.0
B00L85OBBU	4.0
1936413442	5.0
1466396806	3.0
B00IGWXERU	3.0
B00AFBB8LY	5.0
B00BSB5B2M	4.0
B00AF09IH6	5.0
1499383258	4.0
0143144723	5.0
B00IWDTRJC	5.0
077832818X	4.0
B00GF4T5X8	1.0
B00ERFN4IY	5.0
B00G1O9CJ4	4.0
B00ITQZJGM	3.0
B007YNQ8PC	2.0
0989776018	3.0
B006PW46NO	5.0
B00AJNIM26	4.0
B00AMGOCHE	5.0
B00EJMW9RC	4.0
B00D6T5NCW	4.0
B00GG46JFE	3.0
B00GHXJZSM	2.0
B00HLME45W	4.0
B00C5W2FTA	5.0
B00FJ3CMOU	5.0
B00IJQCZ2S	3.0
1619212773	4.0
B007C7CZ7K	3.0
0451226321	5.0
1482669501	5.0
B004P5NSKA	3.0
1484020162	5.0
0312651201	4.0
B009NOFTH8	5.0
B00AZZQTHS	3.0
1481159887	5.0
0979805600	3.0
1492754005	5.0
B008FATPFI	4.0
B00BLQEEZY	3.0
1468112066	5.0
0985477806	5.0
B00CTRLBUA	1.5
1480065951	4.0
1402268637	5.0
0345533631	5.0
1617752665	5.0
B00GIWXQZA	3.0
B008TA811I	5.0
B0057QNWCA	4.0
B00BM626E4	4.0
B007DCBI54	4.0
B00957XZZ6	2.0
0505524279	4.0
0373777698	5.0
0615568076	5.0
037377768X	4.0
0345533623	5.0
1479380385	5.0
1497587867	5.0
1479252166	4.0
1469982781	5.0
B00CL45W6U	4.0
B00JDWVHOY	3.0
0821766775	4.0
0451216954	5.0
0060778415	3.0
1449561454	5.0
0373776357	4.0
0312653832	3.0
B00CT1TMG6	4.0
B00HZ47CLE	5.0
034553364X	5.0
0062237225	5.0
1939203287	4.0
B00IIUARXO	3.0
0425265889	5.0
B00I5NU84W	5.0
0985723548	5.0
0451239601	4.0
039915504X	4.0
0399155058	4.0
B00EV7P8FU	2.0
1599986299	4.0
B00DNGS2PS	3.0
B009384Z9W	5.0
0316097365	3.0
B00A8S6NAA	4.5
B00A1ENUM0	4.0
1619212714	4.0
B00DBE8QDU	5.0
B00C2V4W2W	3.0
B00IMIU890	4.0
B00CHDGWBE	5.0
B00FIWMMJ2	5.0
B00G8U2O0U	5.0
B00CE2H5SC	4.0
1250014468	4.5
0515134139	4.0
1481043285	5.0
1484021479	4.5
0373777655	3.0
0991658418	5.0
192703647X	4.0
038529932X	4.0
B00DZSOC62	4.0
0821778706	5.0
1603815503	4.0
0765374188	4.0
B002G99RRK	3.0
0060591102	2.0
B00J6U1DOW	5.0
B00BIW8Q3C	5.0
B008XNW3R4	5.0
0982618492	4.0
1496146352	4.0
1421513277	5.0
B00EXTVSHI	5.0
B00E2PSL7I	5.0
0983780129	3.0
B00CGFCEHY	4.0
B00KIQFQ32	5.0
0956078869	4.0
B00CY3UBVO	4.0
0985817003	5.0
B0099QGUPA	2.0
0425240541	5.0
B007P7ZW6S	4.0
B008J8LSWE	5.0
1476744084	5.0
B00FHNW530	4.0
0679456805	4.0
B009FG06KE	3.0
B00EJ27LV6	5.0
1612179274	5.0
B00BR3AT9G	5.0
B009YZK86S	4.0
B00DZPRMM6	4.0
B003LY48ZK	3.0
0312978715	3.0
B00FNCIX3Q	2.5
B005V18G9K	5.0
0373777604	4.0
0425251225	5.0
B00GH7S4RG	5.0
B00LJDV80S	5.0
0758292791	5.0
0786889284	3.0
B00DS8BJKG	3.0
B00FNXC8EU	5.0
B00I481HSO	4.0
0805097015	5.0
1492894249	5.0
B00B2EGMWI	5.0
B00DR11YSQ	4.0
1611183774	4.0
148950267X	5.0
1480141283	5.0
0664224229	4.0
B00AHEW69M	4.0
061563172X	5.0
0761458263	3.0
0425251217	5.0
B00757ZY2K	3.0
193838394X	4.0
B009VTI9HM	5.0
B00KDK0UBG	5.0
B007LQHSP6	1.0
B00GVGJR5G	4.0
B00B7N6VXE	4.0
B008RADS5O	4.0
B009ZLRZFS	4.0
1401323413	5.0
B00BAT1SB0	3.0
0425193713	5.0
1490490973	5.0
045122146X	4.0
B00APL7LKQ	5.0
B00IHTZXDU	5.0
B0056B0NSM	5.0
0060736674	4.0
1463604815	3.0
0345803485	1.0
B0098ED8PS	4.0
B00K9ZLW3K	4.0
B00EMLEZ36	4.0
0345543084	4.0
B008FK959E	4.0
B00A79CTFS	4.0
1490374752	5.0
0758274963	4.0
1455820067	5.0
B00AGAZNHE	4.0
042525609X	3.0
0743295153	4.0
1603742166	4.0
1483919285	3.0
B00CEOJS76	5.0
0345803493	3.5
B0099GXQYS	3.0
B00BIU29XC	4.0
0758274955	5.0
0985817038	5.0
0373294212	4.0
B00ISYAI52	1.0
1477502378	5.0
0505525577	1.0
0451199979	5.0
1496129830	5.0
B00BH0VTQG	5.0
