0061122106	4.0
0800734289	5.0
1401220347	1.0
0743281616	5.0
0425212599	4.0
1455548987	5.0
1596325208	4.0
0312429509	2.0
0062023004	4.0
0385333609	4.0
0736950990	5.0
1400318459	5.0
0800722299	5.0
0985817089	5.0
0425223248	4.0
0062070223	3.0
1897562969	2.0
0451232437	3.0
0374532281	5.0
0060762993	3.0
B00B0FJBQI	5.0
050552709X	5.0
0310257476	5.0
0373277482	3.0
141650530X	5.0
156971455X	2.0
0578125439	5.0
0385333617	4.0
0062023012	5.0
0061579130	4.0
1401234976	2.0
0441014275	5.0
0781405351	5.0
0062070231	4.0
0061730327	5.0
0061662550	5.0
0451184270	5.0
1609367022	5.0
0553592610	5.0
0985817097	4.0
1416597425	3.0
1439123128	4.0
0553592629	5.0
148390329X	5.0
1575666065	5.0
0373802498	5.0
0062021281	2.0
037543318X	5.0
0451232461	3.0
0979640989	3.0
B00G8BQA1S	4.0
0446553395	4.0
0440244706	2.0
1607064405	1.0
1419955209	4.0
0451233786	4.0
0764204173	4.5
0380810484	5.0
0785127887	2.0
B00ICVCHXC	5.0
0988784807	5.0
B00HBQ2D4W	5.0
1467946826	5.0
0800734254	5.0
140122296X	4.0
0446553387	3.0
1453850619	4.0
0061246379	4.0
1596327863	4.0
1420117270	5.0
0446178578	3.0
0765364751	5.0
1451629001	3.0
0385741391	3.0
B003MAKE1A	2.0
0380012863	1.0
0800734262	5.0
B00GANXTEA	4.0
067101675X	5.0
074595586X	5.0
1455522317	5.0
0446568473	5.0
1591797829	5.0
0425214338	5.0
0425236528	4.0
0061192015	2.0
1594267138	4.0
1451639236	5.0
0764209833	5.0
1592911080	2.0
0316033677	3.0
1419965433	5.0
0446509264	4.0
0439576520	4.0
1452110700	3.0
1595549021	5.0
0553592645	4.0
0062075950	3.0
0345503953	1.0
1479359084	2.0
B004R1Q52A	2.0
1493632639	5.0
0451203909	5.0
0984520104	4.0
0765358018	2.0
0764204157	5.0
0062021273	5.0
B00F1REB5M	3.0
0785154620	4.0
1939346177	5.0
1622660358	4.0
078513414X	3.0
1616264918	5.0
0765361663	2.0
0800722264	5.0
0764204165	5.0
0345517741	4.0
1595549013	5.0
1420132830	5.0
1770460594	3.0
0800795229	5.0
0062252054	5.0
0345503945	3.0
0451412486	4.0
0380810492	5.0
0446199478	3.0
0061245097	5.0
0785123490	4.0
0061230839	4.0
0785135472	3.0
0979640946	5.0
1927675006	4.0
0988812517	5.0
0553592661	5.0
0825443091	5.0
0061632716	4.0
0316734942	1.0
0373770324	3.0
0425196844	4.0
0800734211	5.0
0778328481	4.0
055358068X	4.0
143914799X	5.0
0821780581	5.0
0764209825	5.0
1414333218	5.0
1419965441	4.0
1455502758	5.0
1401246966	2.0
0425236552	3.5
193916611X	4.0
037586136X	4.0
1493585738	4.0
0373778295	5.0
1420132857	5.0
067179552X	5.0
1477473939	5.0
0762447281	5.0
0099453924	4.0
0985867329	4.0
1484188683	5.0
0060562498	5.0
0061905879	5.0
080072223X	5.0
1401234992	3.0
0373772998	4.0
0425223256	4.0
0345528409	5.0
0440242975	5.0
0451227085	5.0
038080591X	5.0
0785140808	3.0
1606993593	4.0
B00BWQW8BU	4.0
B00DTELN9G	4.0
1401223451	4.0
0345517768	5.0
0736958878	5.0
1604074310	5.0
0451221702	5.0
0785134123	3.0
B00ICG0A9A	5.0
0785162275	3.0
1897299540	5.0
0451468015	5.0
0060593636	3.0
0441016065	3.0
044640103X	4.333333333333333
1439155577	5.0
0763653446	4.0
0345528417	5.0
B009CU25WK	5.0
0785166637	3.0
1401234100	2.0
1599982714	4.0
1607062607	5.0
1401235433	3.0
0062267906	4.0
0981989691	2.0
0800721802	5.0
B00EJRMCPG	5.0
0743422007	4.0
B004I6DFLS	3.0
0061084158	4.0
1401202527	5.0
0451227018	5.0
1607063921	2.0
0061451363	5.0
B00JCYNMUU	4.333333333333333
0373295286	4.0
0345517784	4.0
1420118501	4.0
0800721810	5.0
0785165312	3.0
0099416158	5.0
0451229681	5.0
0505528363	3.0
1439147973	4.0
0505527030	4.0
1401303234	3.0
0778327183	4.0
0312938837	4.0
160381907X	5.0
0843961333	3.0
0811871185	2.0
1451572425	4.0
1401235417	4.0
159554903X	5.0
0380776049	5.0
0060193506	3.0
0899578934	5.0
1601424698	5.0
1601422032	5.0
B00AXZN4JQ	5.0
1611162033	5.0
140124744X	2.0
0778327191	3.0
0060508108	2.0
1939346193	3.0
0345524098	3.0
B004G5Z762	4.0
0982624298	5.0
1401243096	2.0
0061355577	5.0
0307266109	4.0
0821759965	3.0
0785110143	5.0
B00IBIUGFC	5.0
1420104764	4.0
1401215815	5.0
0758209363	4.0
1402262825	2.0
0061239208	3.5
1605046051	5.0
0781404886	5.0
0345481259	5.0
0307457788	5.0
1599982749	5.0
1402253044	3.0
B00EMTDMFA	5.0
0312935749	5.0
B00CNTSVZM	2.0
0380789337	3.5
B00HQSEA96	3.0
1606901494	3.0
B00371V7WO	4.0
042522452X	4.5
142010652X	5.0
0764212605	5.0
0821766201	5.0
0446612286	4.0
0312343604	4.0
1608860086	5.0
1469252317	5.0
0991066308	3.5
006207203X	5.0
0425212548	3.0
159448242X	1.0
B004D4YL3Q	4.0
0718178122	2.5
0441013813	5.0
0060774126	4.0
0062072064	5.0
0091779251	3.0
0380789345	4.0
0821763172	4.0
1426741340	5.0
0451169522	5.0
0979640997	5.0
0425220168	5.0
1595825746	5.0
1770460519	4.0
1595549099	4.0
0734411375	4.0
0312365802	5.0
1401235468	4.0
1563896001	2.0
0451460103	5.0
B00838VWVW	4.0
1416972277	5.0
0099535521	5.0
B00EGJ7KVS	5.0
140122346X	5.0
0452276721	4.0
0758200978	5.0
1496123727	5.0
0380765357	4.0
1616267127	5.0
0800734297	5.0
0316207047	5.0
0615832377	5.0
B00J6U7M88	3.5
0764208578	5.0
0785136711	4.0
0615481124	5.0
B004YLO0FC	5.0
0785168400	2.0
1770460535	3.0
1451608128	2.0
0446401056	5.0
1439167516	5.0
1782640169	5.0
0425224503	5.0
1592333583	4.0
0743477138	4.0
0451230647	4.0
1401235441	3.0
0764210890	5.0
B008FC4WA4	3.0
0316155306	2.0
1896597858	5.0
0440245265	5.0
189659784X	4.0
0451200047	4.0
1609418379	3.0
1936558300	5.0
1782640061	5.0
0425217485	4.0
0340818867	5.0
0768403480	5.0
B00IPRP39I	4.0
B00GQ121K4	1.0
0425221504	5.0
1582407665	1.0
1937044033	4.0
0880294272	5.0
0385335350	5.0
1451684754	5.0
B006NPVT3I	5.0
1609362241	5.0
140168761X	5.0
0778324842	5.0
0515124621	5.0
B003RWS5ZA	4.0
0613667662	4.0
0425246817	4.0
1490559175	4.0
1451672764	5.0
1781161720	5.0
1433676990	5.0
0141800259	5.0
1420100351	3.0
0785157778	2.0
0899578861	5.0
B00J3D2JS6	4.0
B0015Z7VFQ	5.0
1433676982	5.0
0062089641	3.0
0441859453	5.0
1401234054	3.0
B0015Z7VFG	5.0
0061493287	3.0
0061885681	4.5
1439197369	4.0
0785168427	2.0
0758212119	4.5
0517006200	5.0
0785157786	2.0
1782640088	5.0
0857210580	5.0
1426752806	5.0
0821777769	5.0
1433676974	5.0
0785168435	2.0
0664232132	4.0
1420101668	3.0
0451469402	4.833333333333333
1442359889	2.0
0764210041	5.0
078512165X	4.0
0425210839	4.0
038078145X	5.0
0800720415	5.0
0451225376	4.5
0380781468	5.0
0553293176	5.0
1440439117	5.0
1595142258	5.0
098905215X	5.0
B00GKBHK6U	5.0
0385473117	3.0
1434705943	5.0
0099564939	2.0
0451236033	4.0
0762436514	3.0
076420906X	5.0
1401687652	5.0
0785168443	2.0
1448673771	4.0
B00H91O5YA	5.0
0800720423	5.0
045123071X	2.0
0451225384	4.0
0821744887	4.0
0373210299	5.0
1401213170	5.0
0515144282	3.0
0380819635	5.0
0099561832	2.0
0765355795	4.0
1414348282	5.0
1480522813	5.0
1416958746	5.0
1490943781	5.0
0345481283	5.0
0985485973	5.0
0061626821	2.0
0981994954	3.0
B008IL48BK	2.0
0764209043	5.0
1595823972	5.0
0345519477	5.0
0804177015	5.0
B00EBRGHT6	4.0
1608860000	5.0
0062019864	4.0
0062204424	5.0
006123138X	4.0
0061231398	5.0
0373776403	3.0
1414319703	5.0
0380819627	4.0
1593079788	2.0
0743480724	5.0
1476735603	5.0
1419961985	5.0
0843961341	4.0
0425190714	4.0
0345481275	5.0
0758223676	4.0
0316074144	4.0
0679643524	3.0
0062294776	4.0
0764209051	5.0
0800720407	5.0
0758214723	5.0
142010473X	2.0
1441834257	5.0
0425234800	4.0
031255513X	3.0
0310320321	5.0
1442366109	5.0
0061336343	4.0
B004CLYLRG	5.0
0843960043	3.0
B00BK0RIG8	4.0
1606015532	5.0
1932664122	4.0
1611099080	5.0
006162683X	4.5
0061626848	5.0
0373210280	3.0
0061231371	5.0
1401234089	2.0
0982432100	2.0
1616265337	5.0
0800721705	5.0
0062294784	5.0
0821764446	3.0
1563897288	3.0
0373776446	3.0
0061013897	5.0
1593077106	5.0
0307277666	5.0
0747592403	5.0
075824763X	2.0
0061542776	4.5
1933176423	4.0
0345494598	3.0
1477823859	5.0
0821765760	5.0
1596328231	5.0
1592910521	3.0
1477817182	5.0
0425241106	4.0
0061231363	5.0
1484043596	5.0
1401238432	3.0
0312967292	5.0
1476752192	5.0
0989675505	5.0
1451626851	5.0
0375838023	5.0
156971634X	4.0
1492784184	5.0
B00FKERXXS	5.0
1420111892	4.0
042524198X	4.0
0764209914	5.0
B00BB0WCA4	5.0
1414335849	5.0
0505527804	5.0
0373617909	5.0
1582400199	2.0
1616388358	5.0
0801013984	5.0
1479139769	5.0
0671871005	4.0
141659311X	3.0
148104317X	5.0
055359267X	3.0
1592910599	4.0
0062019821	4.0
0307589676	5.0
0778326624	3.0
1607068826	5.0
1600107621	4.0
B003FL6X52	1.0
0393068579	5.0
1426735421	5.0
0310336783	5.0
1416593136	3.0
051513970X	3.0
0985485949	5.0
0060876115	3.75
B00ENQB1KK	5.0
0312555113	5.0
0785117598	5.0
1416560203	3.0
0800722221	5.0
1612182321	3.0
1401246907	1.0
1442181257	3.0
B004RQD40G	5.0
1413310796	5.0
0985401400	5.0
0451226615	3.0
1452664943	4.0
1936356058	4.0
0061583227	5.0
0307388670	4.0
0988269732	4.5
0060876107	3.6666666666666665
045122793X	5.0
1937044890	4.0
B008C84HH4	5.0
0804177031	5.0
1401210910	2.0
1582403201	2.0
0765342456	4.0
0310259274	5.0
0425226336	5.0
1478148020	5.0
0345467876	5.0
1401216218	5.0
1416532862	5.0
0857210505	5.0
1590529421	5.0
0764209906	5.0
1414335830	5.0
0061243388	5.0
0156028352	5.0
1599986310	5.0
1595545468	5.0
B00BCG0U5Q	5.0
0800795164	5.0
0843963190	3.0
0985485922	5.0
1401231845	3.0
0446199532	3.5
1401216226	4.0
0060562536	5.0
1770461043	4.0
0061771759	3.0
1476738726	5.0
1781161755	5.0
0756405718	5.0
1491264489	5.0
B001BXNQ2O	5.0
1401228275	4.0
1563899086	3.0
1477485066	5.0
B00INHZ6GU	5.0
1468152297	5.0
B00H0UT5WM	3.0
B002CQ28L4	4.0
1434764281	5.0
0373775970	5.0
0373774621	4.0
B006PYDFTI	3.0
0345495063	3.0
1491006919	5.0
0425218767	4.5
0062023055	5.0
1492807516	5.0
0849918324	5.0
0061579173	5.0
0985485906	5.0
1596432632	3.0
1620612275	4.0
006009334X	4.0
0786950285	5.0
B00GKKU1NU	5.0
1420102966	5.0
0778325342	4.0
1595141758	5.0
1476746338	5.0
1616552026	3.0
0373294794	3.0
0505526522	5.0
B00H5XAQOU	5.0
0385503466	4.0
0785128204	2.0
0785140794	3.0
147831303X	5.0
159643130X	2.0
1420111876	3.0
0785131833	1.0
0758225474	4.0
0761388656	5.0
0061714305	4.0
0671737627	5.0
0062023020	5.0
0758228503	4.0
0061632686	5.0
1451672799	4.0
1590202554	4.0
B00FNWOBZ0	5.0
0800721780	4.0
0060783990	4.0
1936185725	4.0
1939346207	3.0
1416560254	3.0
B00ECGVFAC	5.0
1599986337	3.0
1400042240	4.0
1493654829	3.0
0800720458	5.0
1617952877	5.0
0307590615	5.0
B00H0UT5UO	4.0
B00KC8Q522	5.0
1607060922	5.0
0062037676	5.0
006056251X	5.0
1611941342	3.0
042521740X	5.0
1620612291	5.0
1451692374	5.0
1420111884	4.0
1607066211	5.0
006163266X	4.5
0553560220	5.0
0425253953	4.0
1401234917	4.0
1921758112	2.0
0425213056	5.0
0671737619	4.0
0701135557	5.0
B00EGJE3MC	5.0
006188569X	5.0
0800720466	5.0
0785131825	3.0
0800721799	5.0
0785162305	4.0
0425227693	5.0
1621251470	4.0
0849948290	5.0
141659888X	4.0
0843959754	5.0
0061765791	4.666666666666667
0399153527	3.0
0373210418	3.0
0545075661	5.0
B007OPUIGU	5.0
0345494601	4.0
1426733879	5.0
1939346266	3.0
0800730801	5.0
B007OBG9TE	5.0
0758208758	5.0
1554513847	5.0
1401233775	4.0
0763637491	5.0
140194244X	3.0
1419957724	5.0
B0063EWGN6	4.0
B004EYU9RC	5.0
0310318815	5.0
0062102273	2.5
0930031024	3.0
1595552502	5.0
0060773758	5.0
0983706387	2.0
B00EHMG34E	4.0
0061124877	3.0
1608860833	2.0
B005Z1CFU2	3.0
1426733887	5.0
1935142070	5.0
0451459261	4.0
1939346258	4.0
037376815X	5.0
B005HH1HVM	5.0
0941188701	5.0
1585711152	4.0
0800721098	5.0
1400321972	5.0
1595823247	4.0
1250007070	4.0
1936413213	5.0
1433668696	5.0
1461156254	5.0
0307730425	5.0
1607061228	3.0
0373774850	2.0
B00C4BA64I	4.666666666666667
0800734386	5.0
0195146166	5.0
0765352664	5.0
0062266764	5.0
1611880637	4.0
9659151101	4.0
0785138668	4.0
0785151443	4.0
0800721071	5.0
0764210963	5.0
0061373249	3.0
1455878561	5.0
1620612917	4.333333333333333
0765352656	4.0
1569713138	4.0
0800734378	5.0
0310439361	5.0
0425199185	5.0
1481280767	5.0
1478381000	5.0
1939346231	4.0
0758220421	4.0
1595828907	3.0
0345381718	5.0
0062045121	5.0
1620612925	5.0
0800795326	5.0
142012272X	3.0
B00AND5YIM	4.0
0060987103	3.0
0785152792	2.0
145210655X	4.0
0857686046	5.0
0451230574	5.0
1401235514	5.0
B00GBIYX8A	5.0
0446695335	3.0
161658274X	4.0
1607065630	2.0
075821765X	3.0
B003P9WLRS	4.0
0060565411	4.0
0451219376	5.0
1402214243	5.0
0370304292	5.0
161188067X	5.0
142671162X	5.0
B00JFGHEOU	2.0
0451218043	5.0
0316032212	4.0
B0036ZAHDG	5.0
0857686038	5.0
006210229X	4.0
0800795342	5.0
0062127543	3.0
1615395733	5.0
1401236839	1.0
B00B9MPHT2	4.0
0758217676	5.0
0764210955	5.0
037379570X	3.0
0312600224	5.0
0451219368	5.0
042521575X	4.0
1426733895	5.0
B003XQEVLC	5.0
143476432X	5.0
0061493309	3.0
0545054745	4.0
1467508330	4.0
1606011979	4.0
1620299593	5.0
1771300345	2.0
1592407323	4.0
B008CC5L8Y	5.0
1451661258	5.0
1455521132	4.0
1770460489	5.0
1451692412	5.0
0821780468	3.0
1491232986	5.0
0764204254	5.0
0425236676	5.0
0425206807	5.0
B00JU93M6Q	5.0
B00CRFHJAA	5.0
0061535680	4.0
0441016154	3.5
0425269574	4.0
0062022458	5.0
0758217692	3.0
B00FBSEALQ	4.0
0671027573	5.0
0312369468	5.0
B00FOANDW8	4.0
1439160848	4.0
1623781264	5.0
1416975284	5.0
1563896982	2.0
0451228294	5.0
1600100880	5.0
B004EYU9PY	3.0
1607066084	4.0
1592333427	4.0
1499307713	4.0
193556000X	5.0
1937551601	4.0
0007101112	4.0
006134477X	3.5
0061355445	3.5
1599988143	5.0
1455525588	5.0
1497448808	5.0
1456527738	4.0
0451228219	3.0
0857686887	5.0
B006S3FAR6	3.0
1933417951	3.0
1482063557	5.0
014018600X	2.0
0764206095	5.0
0060762233	4.0
1401685048	5.0
0061344796	3.0
0143123629	3.0
0736921486	5.0
1596693967	5.0
B00C2RVRHE	4.0
B000XZKZKM	5.0
0857212494	5.0
160699347X	3.0
0062008110	4.0
1935929992	5.0
071563318X	4.0
140124887X	1.0
1885865678	3.0
1419954628	5.0
1428511628	4.0
0764209132	4.0
0061344788	3.0
0804165742	4.0
0800720601	5.0
1449512348	4.0
0671032976	5.0
0061965626	2.0
B00BED26VI	4.0
B005ZOCFNQ	3.0
B00CNTSV7K	4.0
0785110259	4.0
1606902644	4.0
1936305380	5.0
1609361695	5.0
B00G1IWYK4	5.0
1401209254	4.0
B00KKU4INA	4.0
0785136886	3.0
1416566449	2.0
034553087X	5.0
0758203926	5.0
0451229576	4.0
189183049X	5.0
0373777051	5.0
0306821990	5.0
B00DV9PJV2	5.0
0263910466	5.0
0380805855	4.0
1620610337	5.0
0781403421	5.0
B00BED276C	2.0
1401235530	2.0
B00BW3AYB4	4.0
0785124896	2.0
014118776X	5.0
1620100770	3.0
074343787X	4.0
0061229776	5.0
0425262901	5.0
080072190X	5.0
0800721918	5.0
1621362361	5.0
0743261933	3.0
1434764303	5.0
140222267X	4.0
1892597519	4.0
1596320265	4.5
B00HTJJST4	5.0
0743499581	5.0
B00HTJJSSU	5.0
1401224873	5.0
0061432962	4.0
B004GB1T68	5.0
0761356029	2.0
0061809020	5.0
1402219040	3.0
0062204475	5.0
0373210493	5.0
0345520602	5.0
140533746X	4.0
0373778317	3.0
B005GF314G	4.0
0345532600	5.0
1451611862	5.0
B00B2ZYM8I	3.0
0060531231	5.0
1611880610	5.0
1937498042	5.0
1615727531	2.0
1782640258	5.0
158240612X	4.0
1416578447	5.0
1896597939	5.0
0451171713	5.0
1592406890	4.0
149031802X	5.0
1937044904	4.0
0385335318	5.0
1605049255	5.0
147109703X	5.0
B00A94D7C0	4.0
141995590X	5.0
1611940834	3.0
1613400004	3.0
0758215096	3.0
0061134244	5.0
1442409053	5.0
1401213332	4.0
0312580134	5.0
1453224653	5.0
B00EAPTEWQ	4.0
006053124X	3.0
0060531258	5.0
B00EYMD9FI	4.0
1493773445	5.0
1416578463	5.0
B0070XZYXI	4.0
0758241399	5.0
1607062542	4.0
0745955142	5.0
0446510300	4.0
038080588X	4.0
1420128868	4.5
0785166572	3.0
B005H5T6LW	4.0
0451177037	4.0
006198650X	3.0
0060752017	4.0
159448256X	4.0
0061354163	4.0
B00F1KH3PY	4.0
042521396X	5.0
1626490619	5.0
B00CNVN1IM	5.0
1401201334	2.0
1402220065	5.0
1401227945	3.0
0425253155	2.0
1561456209	4.0
1401686370	5.0
042522158X	5.0
B00JCW0BLK	5.0
0982514514	5.0
0785140093	4.0
1442436670	5.0
0007442920	5.0
B005S5OHSS	4.0
0987775340	5.0
0310726530	5.0
0758241380	5.0
1596328193	5.0
0310331862	5.0
162029169X	5.0
0451408586	3.5
0988742942	5.0
042524122X	5.0
1939559111	2.0
1782640185	5.0
B00AP2VVVK	5.0
0061239194	5.0
1621365468	5.0
0312534396	2.0
1481114735	5.0
1400321069	5.0
0758222254	5.0
B00K9QUXAC	5.0
0824931718	5.0
0765365030	4.0
0451218922	5.0
0802404081	5.0
0805094601	4.0
149040399X	5.0
0738725951	4.0
0345506340	4.0
0425208648	5.0
B0086G97U4	4.0
1606993402	5.0
1934964603	4.0
1477604944	5.0
0061990639	4.0
1414389752	5.0
0312537425	5.0
B004MPRZGQ	4.0
1605043044	5.0
031237402X	3.0
0758223595	3.0
0316693200	3.0
1607066114	2.0
B007YSEFG6	3.0
0785120483	3.0
193266422X	5.0
0373776578	3.0
1401215890	3.0
0425198782	3.0
1426714696	5.0
1477805281	5.0
1401225217	2.0
1401240895	3.0
0062014072	3.0
1477823948	3.0
1494878399	4.0
1451663919	5.0
1453704426	1.0
B004MPRZK2	2.0
0547150938	2.0
B005CDM6OS	2.0
0800720539	5.0
193755158X	4.0
142671467X	5.0
0451410874	5.0
1605923087	2.0
0451209192	1.0
0312380720	4.0
1426714688	5.0
1455520640	5.0
0764210181	5.0
0312969155	4.0
0758202687	4.0
0141322209	3.0
1416967591	4.0
B008T1NAP4	3.0
148234873X	5.0
1426772521	5.0
B00CPXT38A	4.0
0812981634	3.0
0441013880	5.0
0785119485	3.0
1439191921	3.0
0785118152	5.0
0380793334	4.0
0800720547	5.0
149473592X	5.0
0739472275	4.0
1481962779	4.0
1569719365	3.0
1451666179	4.0
0451226518	3.0
1616265434	5.0
1621362396	5.0
0451218973	5.0
0800733835	5.0
067104222X	5.0
0981714471	5.0
0553472631	5.0
030724332X	4.0
B008ZLTMB4	4.0
0062019740	4.0
0671705091	5.0
0758223544	5.0
0307712508	5.0
1582408831	4.0
1610340302	5.0
B001DX54F4	5.0
0800721845	5.0
1593078331	5.0
0446406937	5.0
0805092862	2.0
0785144404	2.0
B00F8FXG8U	4.5
0373776543	4.0
0062038028	5.0
078516832X	3.0
147781728X	5.0
1481147633	5.0
0785157697	2.0
006123124X	4.0
1455574449	5.0
0451218965	3.0
B00F8Z2C9O	3.0
037373168X	4.0
B00AFYBXEI	4.0
148265864X	5.0
1616265442	5.0
1607066157	4.0
0761144609	4.0
0764210157	5.0
0062258397	4.0
0451205650	5.0
0821762591	2.0
0758223552	5.0
1461085977	5.0
0765368978	5.0
0446584568	4.0
0800721853	5.0
0785183965	2.0
0446406929	4.0
1416550976	2.0
0800721829	5.0
1480213985	5.0
0824523008	5.0
1433509253	5.0
0451205634	5.0
B00K2CQPA0	5.0
0310328179	5.0
0062068652	3.0
0785167021	2.0
0446401226	4.0
0373777892	4.0
0505527103	4.0
0764209140	5.0
1599982935	5.0
0446584576	5.0
0312252943	5.0
0061573132	5.0
B00AI5AQB0	5.0
1401237231	2.0
1475261799	5.0
0425222969	5.0
1455574422	4.0
0062048279	4.0
B0052VI8YM	5.0
1594631379	4.0
0425149404	5.0
0425219321	4.0
8862931379	4.0
B00IO6Y02Q	4.0
162061037X	5.0
0764209159	5.0
0446406902	4.0
0061129631	5.0
0425216292	3.0
0785168362	4.0
1470077892	5.0
0312642962	4.0
1420103512	5.0
0425229599	4.0
B005I57M6C	4.0
0811871312	4.0
1480211389	4.0
0679720227	2.0
1934964670	4.0
0399151745	4.0
044900273X	4.0
006113905X	5.0
0988567032	5.0
0451218094	3.0
1936034786	5.0
140122833X	5.0
1596431458	5.0
0425239799	5.0
1613727038	5.0
1595827579	4.0
0316204889	5.0
1401228348	3.0
1481004379	5.0
0505527928	5.0
0785167048	5.0
1439117977	5.0
0446510289	5.0
0425226476	5.0
0312998554	4.0
1480414794	5.0
0006512070	3.0
0451182480	2.0
0553583867	4.0
0062060716	4.0
1401242669	3.0
0800734319	5.0
0316216852	3.0
1937041034	4.0
1936034794	5.0
0982520409	5.0
1417808268	4.0
B00F8KLOOI	5.0
0062231294	4.0
042522645X	5.0
0373002076	4.0
B00HAOB9ZE	5.0
0785167056	5.0
1617952745	3.0
1413310672	4.0
0451224795	3.0
0312998546	5.0
1480504246	5.0
0758216424	5.0
1105337278	5.0
1420101714	3.0
1593154569	5.0
0061233005	5.0
0465005195	5.0
0800734300	5.0
1595827552	3.0
0843959819	2.0
B0038AUZ4A	4.0
0425255824	5.0
0988489112	5.0
1401229654	4.0
1934451061	5.0
0345499557	3.0
1433673193	5.0
1476730946	5.0
0345492927	5.0
1476737584	5.0
1595549722	5.0
B004QS93PU	3.0
1420101706	4.0
0803734735	4.0
1595545360	5.0
0312998538	5.0
1592910459	1.0
B0090C5M7A	5.0
B0057XIV1U	5.0
0451222148	3.0
1401231969	1.0
0310253853	5.0
1463600682	5.0
1595549706	5.0
B00G8ULD1Q	5.0
0785167080	5.0
161009011X	5.0
1599905094	4.0
0441015662	5.0
0425255816	4.0
1907704256	3.0
0345492935	5.0
0758212089	3.0
1558323759	4.0
0825442494	5.0
1616265426	5.0
0312975880	5.0
084396300X	5.0
1935817728	2.0
1938073053	5.0
0061246360	4.0
1450755631	5.0
0451202546	3.0
B007IVDGPU	5.0
1595829318	3.0
0061373230	4.5
1937044114	4.0
0312532563	5.0
0425272346	5.0
0446611743	4.5
0061245038	5.0
1599986434	5.0
0857682407	4.0
0778326543	2.0
1402211929	5.0
1476760772	5.0
1401242618	2.0
1433677520	5.0
1401203094	2.0
0505527960	4.0
1401233732	3.0
1616263660	5.0
B007Q1YEQW	5.0
1613461380	5.0
0316038393	4.0
1481100920	5.0
0825433568	5.0
0425272354	5.0
1414364474	5.0
1426714629	5.0
0312949588	5.0
1401230695	3.0
0781408385	5.0
0451232364	4.0
155451388X	5.0
1442488603	5.0
1569713162	3.0
0786224967	3.0
0373768095	5.0
1414364466	5.0
1118295269	2.0
1935407317	4.0
1426714653	5.0
1607063077	2.0
1416563415	5.0
1449732631	5.0
B00IGI40SG	5.0
B0032YXH0Q	3.0
0425239780	5.0
1413307019	4.0
178116293X	4.0
B00F6ZF0ZE	5.0
0671547461	5.0
0061728837	3.0
1401322344	5.0
0451224760	5.0
1426714661	5.0
1401685943	5.0
0380812983	5.0
1617952753	5.0
0385487045	4.0
0312577427	4.0
0307907880	4.0
1479327573	5.0
B00DY8HASU	5.0
0061690619	5.0
B00DY8HASK	5.0
0060098902	5.0
0061373222	4.333333333333333
1401229689	3.0
0441015697	3.0
1781162956	3.0
B00CMTKDSG	4.0
0785118993	5.0
1401228364	5.0
B00GOF8X7C	5.0
1933874740	5.0
0142427225	5.0
1401229697	5.0
0374280290	3.0
0307591832	4.0
160690082X	3.0
1493767550	5.0
0307730328	5.0
0312369506	4.0
1563899175	3.0
0785129634	4.0
1400204208	5.0
0312359799	5.0
0061191361	3.0
0060898550	5.0
1742201105	5.0
1620241676	4.0
0440206219	5.0
0785147284	4.0
0553589679	5.0
161218698X	5.0
0451404661	5.0
159632676X	5.0
0441019730	4.0
1477847103	3.0
0800795431	4.0
B001FXNPOY	2.0
0425267067	4.0
1607061597	4.0
0440242789	5.0
B0070DZI70	5.0
0312966210	5.0
1940346037	5.0
1401689124	5.0
0505521547	5.0
0785185550	3.0
158008463X	2.0
037377057X	5.0
0310263905	5.0
0425209199	5.0
0811869938	3.0
0989247988	5.0
0758251033	4.0
162420001X	5.0
1471133524	5.0
0613094905	5.0
0765359146	5.0
080957201X	3.0
0061926531	5.0
0553575015	5.0
0425246132	4.0
0425252809	5.0
0800795423	5.0
0809572028	3.0
B00CK503PA	5.0
B0035N1ULC	4.0
0373836066	5.0
0380755785	5.0
160601188X	5.0
B00DPAFPQG	5.0
0393081818	5.0
142675356X	5.0
1455599085	5.0
B005UPRO4A	5.0
0061341584	5.0
B00908BRRI	4.0
1402258100	4.0
0578000512	5.0
1563894890	2.0
1414314752	4.0
B00947X3VI	4.0
0345501551	2.0
1934964387	5.0
0312611641	4.0
1602601658	5.0
037321099X	5.0
0380755777	2.0
0425267083	2.5
0425234177	5.0
0736911596	2.0
1118641574	2.0
0061339261	4.5
0061673420	3.0
0061993379	4.0
0385074077	5.0
0345528603	5.0
B00GCMGWMA	5.0
0758251017	4.0
0785123296	2.0
1419953273	5.0
145164485X	5.0
B007W7ZEK0	5.0
0739432052	3.0
0982139187	5.0
0758226020	4.0
0802405762	5.0
1476730601	5.0
0425218937	5.0
1402217625	4.5
0380809273	4.0
1781164509	5.0
1402218958	4.5
1603090746	4.0
1937044637	3.0
B00G1EY7ZI	5.0
1475244207	5.0
0061673498	2.0
B0065TF8Q6	4.0
B00IJI2RH4	5.0
140123562X	3.0
B00CQKFIHW	4.0
0312348215	5.0
1476763526	5.0
B006MN996A	4.0
0061836923	4.0
1453686770	4.0
0061340278	5.0
1402217633	5.0
1402218966	4.0
1401303420	3.0
0553104136	4.0
0007533322	4.0
1593075502	4.0
0425235440	4.0
006133927X	3.0
1596326743	5.0
076420789X	5.0
1599983451	5.0
0062021028	3.0
0984247521	5.0
0060758287	2.0
0800721179	5.0
0061456853	4.0
030794722X	3.0
1929998716	3.0
0451231317	3.0
0373771886	5.0
1476718970	1.0
0061341592	4.5
1595549250	5.0
0307887006	5.0
0553578960	5.0
0983157200	5.0
0425235459	4.0
1451644841	5.0
B00CVQYMA0	5.0
0062217070	5.0
0758226047	4.0
0451461274	4.0
1596326719	5.0
1607063352	5.0
0425239810	3.0
1492393290	5.0
0061284416	4.0
0989715477	4.0
B00I15JCPK	5.0
1401686079	5.0
1401689108	5.0
0061456845	4.0
0312943547	4.0
0425246108	3.5
0425267040	5.0
0800722477	5.0
0425227863	5.0
1932416242	5.0
0061340294	3.0
1426757972	5.0
0809571587	3.0
0451412214	3.0
1590173678	3.0
0425239829	4.0
1484076249	5.0
0380809281	5.0
0061771929	4.0
161188053X	5.0
0451417909	5.0
0800722493	5.0
0061456829	3.0
1401686095	5.0
0061430218	4.0
1607067706	1.0
1453258140	5.0
B0075ODPD8	5.0
B005KD9N1Y	4.0
098490705X	5.0
0805094598	4.0
1599983478	5.0
0316036919	5.0
144610981X	2.0
0785127615	2.0
159998346X	5.0
1452863067	5.0
0062276220	3.0
0765302284	5.0
1607777959	5.0
077832737X	3.0
1904633773	3.0
0446602612	2.0
0553592432	3.0
161217678X	4.0
1401245005	1.0
0440235618	5.0
1469907119	4.0
0373885857	2.0
0515143553	5.0
B00BCG1N3Y	5.0
1936558025	4.0
0440236940	4.0
0515142220	1.0
038075620X	2.0
044102078X	5.0
0373514360	5.0
B00FCRLDWA	5.0
0373861893	2.0
052911769X	5.0
1612183085	4.0
1451574827	5.0
B00F1QX7XA	3.0
0758211899	5.0
0425212742	4.0
1607069466	5.0
1401210392	5.0
0948006374	5.0
0553589601	5.0
074349749X	3.0
0440235626	5.0
B0084RNSRI	5.0
0446616427	5.0
B00EX07ZBA	4.0
B007M8S3PM	4.0
1420108905	5.0
098577181X	5.0
1770460713	4.0
0316693286	4.0
006000925X	5.0
0060543132	5.0
0380805707	4.0
0310330432	4.0
0316154601	2.0
1401236995	3.0
0800720725	5.0
006117047X	4.0
B0042JTAC4	4.75
145167290X	3.0
0345476913	3.0
0763661651	4.0
1402283997	5.0
0446616419	5.0
0312378939	5.0
0312354967	5.0
178092268X	5.0
0983070814	5.0
0425220354	4.5
0425224716	4.0
1611249589	3.0
1401687369	5.0
0761463275	3.0
0440244544	4.0
B00IQOC30C	3.0
0785123202	3.0
1401236987	1.0
0800719719	5.0
0451463803	3.0
1401202748	2.0
055358961X	5.0
0843961562	4.0
1401231292	2.0
0385341059	4.0
0989281043	5.0
096992111X	4.0
0425232395	4.0
1401687385	5.0
1623160014	5.0
1602604770	3.0
0143036777	5.0
1401686052	5.0
0380786095	4.5
B003R7LCSC	3.0
B00K9NWRLI	5.0
1620100886	3.0
0758222564	5.0
B003R7LCRI	1.0
0310293723	5.0
1595721746	5.0
1497385261	4.0
B003GIRSDA	5.0
0060511508	4.5
0785124543	4.0
0373210132	5.0
0764210696	5.0
0802829481	5.0
156389405X	4.0
0062271377	3.0
0373767781	2.0
0515135968	3.0
1939672090	4.0
0061673404	4.5
0764208349	5.0
1607068184	4.0
0399536183	5.0
140121343X	2.0
014132855X	4.5
0440224918	4.0
0425224775	5.0
1741040809	5.0
0099526832	4.0
1770460748	5.0
149539090X	5.0
1607060221	5.0
031294795X	5.0
0991763491	5.0
0380780755	5.0
0310326370	5.0
1894937902	2.0
0983570744	5.0
0736948880	5.0
0425231003	5.0
0380789108	4.0
B00BI420CS	5.0
1402210167	4.0
1433532980	5.0
1494404524	5.0
0758217161	3.0
0553589644	4.0
0399154361	4.0
1452652252	4.0
0061733636	5.0
0099502852	4.0
0451224191	4.5
0988478900	5.0
1401688640	5.0
0062304828	5.0
0310949602	4.0
1936305062	5.0
0821779745	5.0
1402210132	5.0
0425236706	4.5
0515120014	5.0
0373836023	3.0
1416560815	3.5
0553589652	4.0
0061229687	4.0
0553589660	4.0
B00JD223TW	5.0
B00BFQDE38	4.0
1401202780	2.0
0764209663	5.0
0989281078	5.0
0425245659	4.0
1420104578	4.0
1416588388	4.0
B00I1WAG44	5.0
1413313132	4.0
0394891767	4.0
B00HFUAOWW	5.0
0440244501	4.5
B000R93DEO	5.0
0821780743	1.0
0811862445	5.0
1414333056	5.0
0310724244	5.0
1609361148	5.0
0800795407	5.0
B00EWZNC0E	4.666666666666667
1606152165	4.0
0061229695	3.0
1621362205	5.0
1416560823	4.0
B006E519RI	4.0
0312947984	4.0
1482319055	5.0
1401688667	5.0
1596438517	4.0
1936558084	4.0
0312947976	4.0
0425223418	5.0
1616550422	3.0
0061668036	4.0
1426745923	5.0
0553229699	3.0
1770460772	5.0
0758211872	5.0
0785166467	2.0
006172162X	4.0
0380780747	5.0
0373778457	4.0
0553591983	1.0
B00JCYHNBY	5.0
1607065924	2.0
078511078X	4.0
1416572821	4.0
B00J2EBU4K	3.0
B006VD5EI8	4.0
1593079974	2.0
B00I6ZXOZY	2.0
149236522X	5.0
1494297523	5.0
0425221741	5.0
0806111917	4.0
1560977426	4.0
0380794578	1.0
0505527642	4.0
0425232409	4.0
009947638X	5.0
1401237339	3.0
0380756285	5.0
0671880594	5.0
0307474844	5.0
1612580556	5.0
1609366859	5.0
B00440DPZE	3.0
042526663X	3.0
0425207439	3.0
1622415450	5.0
B00HFUAODQ	5.0
140883233X	5.0
0821779737	5.0
1250029880	5.0
0923048928	5.0
B008GWT0NM	5.0
1626490031	5.0
0312368712	5.0
B005JE2LOK	3.0
050552631X	2.0
1419967096	5.0
0505526328	5.0
0425232417	4.5
0843951354	4.0
0451230949	5.0
1563899671	1.0
B00BCA1YHK	4.0
1416558527	5.0
0425229696	5.0
B00F50R0H6	5.0
0425232425	5.0
B00699QQCM	2.0
0989894509	3.0
1401237320	4.0
1609366867	5.0
0440221072	1.0
0451229967	3.0
0425244407	3.0
0843963352	4.5
1741797292	5.0
0451228642	3.0
0800720652	5.0
0061143618	4.0
0312368720	5.0
1606991558	5.0
0061474312	3.0
B00G0J9CGS	4.0
0060757868	3.0
1401687407	5.0
1423102282	5.0
0765367599	3.0
141657283X	4.0
1624162436	5.0
0373210086	5.0
1936438186	5.0
0547626142	4.0
0821780700	5.0
0440246342	4.0
0060510269	4.0
1492767891	5.0
0091800951	4.0
0446559245	5.0
1596435569	5.0
0425239071	4.0
0988729830	4.0
0451463099	3.0
0061976016	1.0
0505527677	3.0
1937790150	2.0
0062076116	5.0
B0028TXSIW	5.0
B004CJ812Y	2.0
0446197998	3.0
0312368739	5.0
0310332117	5.0
0375703055	5.0
B0028TXSJ6	4.0
0778326810	5.0
1608860299	5.0
B00I12X4N4	5.0
1938601122	5.0
B00DD75IWW	5.0
0307989828	5.0
0980226058	2.0
0060505745	1.0
160690079X	5.0
1594147000	5.0
B002J38A4E	5.0
1420100157	3.0
1468187953	5.0
0785168214	3.0
0762434988	5.0
1434704890	5.0
B00EXOW6IS	5.0
0800719654	5.0
0060892374	4.0
0451459849	5.0
0857212508	5.0
B00HEX4NSQ	5.0
1609366883	5.0
030773028X	5.0
1434768007	4.0
1420110373	5.0
0380781220	3.0
B008DGDY1K	4.0
0345503392	5.0
0373860641	5.0
1607068214	2.0
038075889X	5.0
0890517908	5.0
0824945190	5.0
B006K1B4S0	5.0
159998833X	5.0
0062068520	3.0
0061732389	3.0
0764211129	5.0
1479390046	5.0
0785168222	2.0
0316969443	5.0
1419967053	5.0
0800721977	5.0
0312937644	5.0
0800794931	5.0
1401230733	3.0
0781403413	5.0
1620648873	5.0
0505527693	4.0
0758272839	5.0
0345503384	5.0
015206396X	5.0
0373210035	5.0
1421519119	5.0
0425230686	5.0
B00466HZS4	4.0
B00JI12AFU	4.0
1561635553	4.0
0778313530	4.0
1489515690	5.0
1416509887	4.0
B00K9NWRHW	5.0
0785116036	4.0
1439182051	5.0
0785168230	2.0
0758272820	5.0
0892968486	5.0
0425242668	4.0
0505526379	4.0
0373210043	5.0
1626811040	5.0
0976876078	4.0
080072061X	5.0
1416549633	3.0
1596914521	5.0
0062068539	4.0
0425220427	4.0
0385348452	4.0
0764201786	2.0
1613778120	3.0
1907696024	5.0
1481995510	5.0
0892968478	5.0
0984329870	5.0
1416558586	5.0
0451230922	5.0
0764207091	5.0
B007ITF0LA	4.0
0785128026	3.0
0312621922	5.0
0800720628	5.0
B007K091Q2	4.0
1452662584	1.0
1607062933	5.0
1452663874	5.0
0451225503	2.0
1416516166	5.0
0380800810	4.0
B00H6JW600	4.0
1607067730	5.0
142671470X	5.0
0310324548	5.0
0743569628	4.0
0849944880	5.0
1416516158	3.0
080072111X	5.0
1585714372	2.0
0984907076	4.0
0736952888	5.0
0060788194	5.0
0778314898	5.0
B005KT0MJK	3.0
0385338228	4.5
051514844X	5.0
0451225511	4.0
0307387135	4.0
1416516174	5.0
1416509879	4.5
0811867358	5.0
0310324556	5.0
1563897091	1.0
1416963960	5.0
1489516948	5.0
1439182043	5.0
0800721136	5.0
1936305941	5.0
0062107798	4.0
0800722469	5.0
0385338236	5.0
0778324214	4.0
1401685617	5.0
1402263465	5.0
B007DZGBJ4	5.0
0310332192	5.0
0615790542	5.0
B002VFPSC2	5.0
1420110349	5.0
0062003259	3.0
0141439521	1.0
0310324564	5.0
1599987872	4.0
0778325555	4.0
0312263104	3.0
0425275515	4.0
1416510834	3.0
0800722434	5.0
1401685625	5.0
0805090983	4.0
0825443210	5.0
B001VLXHCK	2.0
0380800829	5.0
0370332288	5.0
0825443229	5.0
1936460092	4.0
1442485280	4.0
0451233166	3.5
1561636053	4.0
141431163X	5.0
034552909X	5.0
0800722442	5.0
0553591142	4.0
0312537921	4.0
159998217X	5.0
0764207970	5.0
1420100963	5.0
0671737821	5.0
0758219830	2.0
0451172590	5.0
0425243966	2.0
098424753X	4.0
1770461264	5.0
0373718721	4.0
0758215479	5.0
0545307414	5.0
0547738307	3.0
006166751X	4.0
0312947054	2.5
0439023483	5.0
B00K48N8ZC	5.0
0784736979	5.0
0765331500	5.0
1401224903	5.0
0425234185	4.0
B00GG1CCZI	5.0
B007BBV884	2.0
1416505474	5.0
0345522478	5.0
0061214655	3.5
0553591150	3.0
1491289554	5.0
B004NSVJ6Y	4.0
0812981383	5.0
0425227006	5.0
0446357170	5.0
0988729806	4.0
1416547037	4.0
1402264747	5.0
0553583549	5.0
B00EZGYVHS	5.0
B00DEQAKK2	4.0
0439023491	4.0
0785117318	5.0
1426767277	5.0
0061470813	5.0
0312928785	5.0
B00A29R22I	5.0
0505527618	5.0
0785232435	5.0
0062293605	3.0
1939392756	5.0
1599987899	5.0
078516829X	3.0
1414122209	5.0
140123383X	1.0
0451223780	4.0
0988761955	3.0
0061667528	4.0
078795599X	5.0
0553591169	4.0
1782640703	5.0
1482728834	1.0
0312375042	4.0
0373773544	4.0
0373777922	3.0
0061470821	4.0
0425243915	5.0
1416595562	4.0
1250008972	3.0
0821770497	3.0
B00F8F3JZK	4.0
0786002751	5.0
006180889X	5.0
0345453433	5.0
1612186939	5.0
1416913696	4.0
0446541923	4.5
1402251475	3.0
1490409572	5.0
1434704831	5.0
1416586644	4.0
0825426715	5.0
061538563X	5.0
0385338244	5.0
0373125836	4.0
149043013X	3.0
0781408237	5.0
0380785625	4.0
0440246369	5.0
1470158973	3.0
1401218210	1.0
1477809732	4.0
B00JTJ2F2O	4.333333333333333
145557631X	5.0
0312947062	5.0
0441014003	5.0
B003U89SC0	4.0
1602609500	5.0
1595821910	5.0
1585714321	5.0
B00K48GVGA	4.0
0446541931	4.5
1476746117	5.0
0871355531	2.0
B00I15YGCY	5.0
1484197305	5.0
042523861X	4.0
1451617364	4.0
1402210078	5.0
0345525671	5.0
1590803868	5.0
0785152512	5.0
0989479900	4.0
0441018521	5.0
0764210742	5.0
0830744800	2.0
0380790890	4.0
1595549102	4.0
1561633623	5.0
0515130990	5.0
0425227960	5.0
1401231357	1.0
0758227264	4.0
B00EOAS02W	5.0
078140763X	5.0
1250009499	5.0
1891830627	4.0
0060783338	2.0
0312941021	4.0
1419967762	5.0
0989450252	5.0
1477473831	5.0
0061852074	5.0
1404867872	4.0
B005AL3P4C	4.0
1569476403	4.0
0671003364	5.0
0380818051	5.0
0425227952	3.0
055358183X	4.0
1620100142	2.0
0385740166	5.0
1494289105	4.5
045146267X	5.0
B00KUYCEZK	4.0
0061087114	3.0
B00K48N7J4	2.0
0061787361	4.0
1602609497	5.0
143918819X	4.0
0553593838	2.0
0425238644	2.0
080212996X	4.0
1939346002	4.0
0061456764	3.0
1599983540	4.5
1419958836	5.0
1620610973	5.0
1479262773	4.0
0312941048	5.0
B004N62M26	3.0
031294103X	5.0
1476783284	5.0
B004XVSXJM	3.0
0825443172	5.0
0425203972	5.0
0061926620	4.0
B00G6BLT1Q	4.0
0671737791	4.5
0761147489	4.0
1439157014	5.0
0061087122	4.0
1401218377	5.0
0373772440	5.0
1416599975	5.0
0316040096	3.0
0736946160	5.0
1595826971	4.0
0843949740	4.0
0263200612	3.0
1939976022	5.0
0671024256	5.0
0061456748	4.25
178116004X	5.0
0060545607	1.0
B00C6ZTNAU	5.0
0764209744	4.5
0505524724	5.0
0764209752	5.0
0800795563	4.5
1595824316	5.0
0978900804	4.0
0061456756	4.0
0385740182	5.0
0451416740	5.0
0061235369	4.0
0312357214	4.0
0857689797	5.0
0553581872	5.0
0736952853	5.0
0989479943	5.0
0785152555	2.0
038079747X	4.0
1401214819	2.0
B00DT4PGQC	2.0
1599983567	5.0
1595549145	5.0
B00HSSJ4RM	5.0
B00KUYCEUA	4.0
1610343255	4.0
0451416732	5.0
1781160031	5.0
0785140719	4.0
0356500276	4.0
076420971X	5.0
1622660471	5.0
1484944151	4.0
0800734599	5.0
0375424148	5.0
0785156925	2.0
0764209728	5.0
076421070X	5.0
1595827404	4.0
0425235564	4.0
1603819576	5.0
1440318417	3.0
1455525715	5.0
0312942303	4.0
0425224007	2.0
080546431X	4.0
0985410205	5.0
0310335124	5.0
0441005241	3.0
1492759333	5.0
B003M5IZ3Y	3.0
0983218684	2.0
0441020860	4.0
0982054432	5.0
0812967941	4.0
1620291878	5.0
0821780697	4.0
1401240291	2.0
B00IQOFTEE	4.5
0982500521	1.0
1569712018	3.0
1453765131	4.0
0451464427	4.0
0312968930	4.0
B0055PMRSS	2.0
0060001453	3.0
0765306530	5.0
1494469170	5.0
0671019708	5.0
0849947138	5.0
0800734572	5.0
0781405009	5.0
0061852058	5.0
0425240932	3.0
0821762818	4.0
0060796677	4.0
1781160015	5.0
B00G8BHJB8	4.333333333333333
B00DI8TUHU	5.0
0989479919	5.0
015205300X	4.0
0781405017	5.0
068484186X	5.0
0310291062	5.0
0785148655	5.0
0553591223	3.0
0800734580	5.0
0425215903	4.0
0345528786	3.0
0425236846	2.0
0821780670	4.0
1938848144	5.0
0736948716	5.0
B004K1F7V2	3.0
1439197091	5.0
1602601585	5.0
0143035339	5.0
1607143003	5.0
0425244466	4.0
0425223523	4.0
006201949X	5.0
044658309X	5.0
0425245799	4.0
1400071542	5.0
1480255513	5.0
0505528215	4.0
0373210264	4.0
0821780689	3.0
1606993240	5.0
0425212866	5.0
0857214438	5.0
0307280578	5.0
1444746138	5.0
1426765614	5.0
0062273248	5.0
1402213999	4.0
0312949820	4.0
0373835485	5.0
0785132295	4.0
1932664084	4.0
1846144841	5.0
1612186009	5.0
0525951717	5.0
0800719859	5.0
0375421912	3.0
0060850663	5.0
B004K1F7VM	3.0
B004N636KI	5.0
0061284394	5.0
0801014387	5.0
0765336324	3.0
0451166582	5.0
1480546208	5.0
B00F1R9AKS	2.0
B005CRQ4Y2	2.0
0505528223	3.0
0373881355	4.0
0821780654	5.0
0736948732	5.0
B00BFQDF0K	5.0
0061286117	3.0
0553589733	4.0
0785111344	1.0
0802831621	5.0
0758231393	2.0
0800719824	5.0
0785132287	4.0
1939346088	5.0
1585713937	4.0
1616260408	5.0
0785124659	4.0
B00BFQDEOW	5.0
1484858786	2.0
1770460608	5.0
0849920094	5.0
0061161640	3.0
0141326085	4.0
0515130133	4.0
0983218692	2.0
1479107913	4.0
0800720814	5.0
1401213502	5.0
1414336241	5.0
0785132279	4.0
0821780662	4.0
1401200206	3.0
1573443972	2.0
1440721726	5.0
0553589741	5.0
1401222455	4.0
1416978909	3.0
1416525890	5.0
1845764153	5.0
0800720822	5.0
1401229093	1.0
1595549153	5.0
0758229070	3.0
0439023513	1.0
0373771983	5.0
0425243168	3.0
0316154741	4.0
0987803735	5.0
0062007475	5.0
0758209401	4.0
1414358482	5.0
0061659223	3.0
1401204619	3.0
1442365552	5.0
0440217032	1.0
0765357216	3.0
1595554572	3.0
0380753022	5.0
0061953423	3.0
0736948759	5.0
B0036OSBZ8	5.0
0800723074	5.0
1494204339	4.0
B00FK1ZRXY	5.0
0061430986	4.0
0376020598	5.0
0062100297	3.0
0425203956	5.0
0785125965	2.0
0373892071	5.0
082178062X	3.0
1491050349	5.0
1612186033	5.0
0446605611	5.0
0061472670	2.0
0373210221	1.0
1414358474	5.0
0440245974	4.0
1620100991	3.0
1607069385	4.0
0765357208	4.0
1491263849	4.0
0061234923	4.5
0380753014	4.0
1596320486	5.0
0060773154	5.0
0446558931	5.0
1402214405	5.0
1499535392	5.0
0984325689	4.0
0800719816	5.0
1782640029	5.0
0671866397	5.0
1420128612	3.0
1494777916	2.0
042522354X	4.0
078512330X	2.0
B00COW2FYQ	4.0
0061234931	5.0
193749828X	5.0
1492886181	5.0
1563898543	4.0
1939816181	5.0
0821780646	2.0
0451462645	5.0
1613280378	5.0
1439198365	4.5
0985148314	5.0
0061472689	4.0
0987803751	4.0
0312949812	4.0
1782640045	5.0
1595825606	4.0
1561634980	5.0
075820941X	4.0
1439166773	5.0
0156007088	4.0
0553588451	3.0
1622370163	4.0
1609288084	4.0
1937007715	5.0
1595822585	5.0
B00CIYHL6C	4.0
1490544755	5.0
B002R2OF9Q	4.0
0373791542	5.0
1416578226	4.0
0451170644	5.0
1859858678	5.0
0688152341	4.0
0440244625	5.0
1599983508	5.0
0373778589	3.0
0785144226	4.0
B004C44OXO	4.0
0425236838	4.0
0505528290	4.0
1493643274	3.5
0394876164	5.0
B00A24U8UQ	5.0
045122843X	5.0
B004K1F7UI	4.0
1494852039	5.0
0743456335	4.0
1606015249	5.0
140168744X	5.0
0984325670	4.0
0613065425	5.0
0440245966	4.0
0310326281	5.0
0440244633	5.0
0785121595	2.0
1455583650	3.0
0345499735	3.0
0312939507	4.0
1607377438	5.0
0380750872	4.0
B009ZCG11Q	4.0
0385413041	5.0
B00JTIOYOM	5.0
B00CCRTFSC	5.0
1849058040	2.0
B00F0ZKG4K	1.0
0762436840	4.0
1602607605	5.0
0373775490	2.0
B00FO7OCUS	4.0
0785120238	4.0
B0074FO92Y	3.0
1481131087	4.0
0312939515	5.0
B00HFUJPO0	5.0
0425240142	4.0
1439198349	5.0
0380761513	5.0
0756408474	5.0
0151006261	4.0
0553385178	5.0
1609613007	3.0
1936488582	5.0
1621365212	5.0
1401245099	2.0
0441014941	4.0
1401204546	5.0
0061336890	3.0
0802720749	2.0
1602607621	5.0
0380750864	4.0
1602607613	5.0
B005CRQ5AK	4.0
1607377446	5.0
0061734004	4.0
1477817484	5.0
0425228487	4.0
0373778538	3.0
B00KK487QA	4.0
0821751298	3.5
1439198322	5.0
0451411978	5.0
1401936318	4.0
1606191896	5.0
B00BMZ74PG	5.0
0142419400	5.0
1606840592	4.0
B008DQLKES	5.0
1401204511	5.0
0312534132	4.0
0984401709	5.0
1401687520	5.0
0451229851	4.0
0800719794	5.0
0785121544	3.0
0373605439	2.0
0061245607	3.8
0425228479	5.0
B00C74WXBG	5.0
0800720776	5.0
B00HTJBE6O	5.0
0843943629	5.0
1496145437	5.0
B00DK43O7E	3.0
031026300X	3.0
0425232557	5.0
0743204786	4.0
0451460936	4.0
0062305301	3.0
1595542477	5.0
1250041686	5.0
0785122885	3.0
B00H7O62U4	4.0
0800720784	5.0
B009DJ5EKK	2.0
0425219518	5.0
077832365X	5.0
0857662627	4.0
B0070Y00M2	4.0
1578564530	5.0
1595143238	5.0
0373835558	5.0
1420114840	3.0
1455520810	5.0
1606840576	5.0
0373513747	5.0
0062100203	1.0
1402213948	4.0
0312948425	5.0
140221393X	4.0
0345534506	4.0
0615631347	5.0
1414361130	5.0
1400106656	3.0
1401685765	4.0
0547341245	4.0
1620610116	5.0
0373210183	4.0
078514112X	4.0
1477407464	5.0
0785122850	4.0
1607068109	4.0
0061231037	5.0
0825442664	5.0
078512814X	4.0
1414361122	5.0
0785113916	4.0
B002ASASUM	5.0
B00HUEII8U	2.0
0425199401	4.0
0007107927	4.0
1401204589	2.0
0062326201	5.0
1620610132	5.0
0143120395	5.0
B00EMSY3Y0	4.0
B00GQ6FODK	5.0
1401228542	4.0
1401224180	4.0
0664233511	4.0
1605921955	5.0
0825442672	5.0
1476776040	5.0
B00C74WXEI	4.0
0758229097	4.0
0800720768	5.0
1616266538	5.0
0425176797	5.0
0786838922	5.0
0373210159	2.0
0061808709	4.0
1616266546	5.0
125005236X	4.0
1414361114	5.0
0446359882	5.0
1622411161	2.0
1609283112	4.0
0060833335	4.5
0345517199	3.0
0785141111	4.0
0061001783	5.0
0425245810	4.0
1401685781	4.0
0764211218	5.0
0425224910	3.0
B00IJ1NR0W	5.0
0800720733	5.0
0989598403	1.0
0310335930	5.0
1607069458	5.0
0785227814	5.0
0373656181	4.0
030773014X	5.0
144973331X	4.0
0425211606	5.0
044024336X	4.0
1476776016	5.0
0345529189	3.0
0373775458	2.0
037377544X	4.0
0451217853	3.0
0989460517	4.0
B00ID8R1NA	5.0
1593079885	5.0
0785134816	3.0
0425232514	4.0
1609283104	4.0
1477807276	5.0
B00IQOFT5I	4.5
0446543837	3.0
0425220540	5.0
0373605404	4.0
0800720741	5.0
1401224164	3.0
160260455X	3.0
1480545813	5.0
B00EGJ32II	3.0
B0035N1UXA	4.0
B00F1R9BKM	5.0
0825442699	5.0
0425240134	4.0
148415715X	4.5
1401216544	5.0
B00G5XIXDM	5.0
1616264780	5.0
0553385100	5.0
0743288408	4.5
1611880491	4.0
0062223895	5.0
0758228643	5.0
0843958707	4.0
1561485462	4.0
1595549978	5.0
1605041033	4.0
140031805X	5.0
1616551089	3.0
0312651619	2.0
0451140060	4.0
0345521226	4.0
0800721241	5.0
1419702173	5.0
0061256374	4.0
B00H6ETDNS	4.0
0970335520	2.0
0061734098	4.0
006173408X	4.0
1481960741	5.0
1575668653	2.0
1934964441	3.0
1492788678	5.0
149617707X	5.0
0515150657	5.0
1475094965	4.0
1494783827	3.0
020530902X	5.0
1416547118	4.0
141654710X	3.5
0061283975	5.0
009928264X	5.0
1582406847	4.0
1482652226	5.0
0062223879	5.0
1451660278	5.0
B0059JF6BU	2.0
0385338112	5.0
0373772378	5.0
0380790904	3.5
0345533232	5.0
1616263474	5.0
B00F618ZI2	5.0
0060543957	3.0
0842352929	5.0
0061470902	3.0
0789741164	5.0
1250005140	5.0
1603134069	4.0
0800721225	5.0
1606013432	5.0
0824945298	5.0
1421527421	1.0
031294361X	5.0
0373775431	5.0
0099585332	1.0
1439148015	4.0
1616266511	5.0
1608862755	1.0
1419956272	5.0
0356500217	4.0
1250030951	5.0
0373002289	4.0
1622660455	4.0
0785116125	4.0
B006MA16VY	5.0
0989479951	3.0
1781161429	4.0
0060543949	5.0
1401227228	4.0
1482003244	1.0
1475079370	5.0
0765318415	4.0
0380706725	5.0
0373039549	4.0
1401203280	5.0
0800721233	5.0
1401229891	3.0
0425233804	3.0
1575668629	2.0
B00GQ6FO9Y	3.0
0310335108	5.0
B0018ND83O	4.0
0373180799	4.0
1402243758	5.0
0380005255	4.5
0451214773	3.0
0061283940	5.0
0062025341	4.0
1434704920	5.0
1605041076	5.0
B004ZUT15G	2.0
1607063298	2.0
B003XNTV06	3.0
0310315506	5.0
B00CH6GV4E	3.0
0152051244	3.0
0373772327	4.0
1938680065	5.0
0821781049	4.0
0800721209	5.0
1770461175	4.0
B00D89OGW8	5.0
0062024027	3.5
0451205804	5.0
0061470937	4.0
0345525639	4.0
1466447648	5.0
1616552387	4.0
0345521277	5.0
0778329828	4.0
1476738602	5.0
0800721217	5.0
1941098010	5.0
044640053X	4.0
1484085906	5.0
0802405584	5.0
1476759529	5.0
1615812350	3.0
0061491888	5.0
B00FILHCCU	4.5
0007257546	5.0
1456307185	4.0
B00B6K69K8	3.0
0781405084	4.0
0821781022	5.0
1420117068	3.0
1607067676	3.0
0062012010	4.0
0809572036	4.0
0451208072	5.0
0062200348	2.0
0743437160	4.0
1434704939	5.0
1606014714	5.0
0515126101	4.0
0060779381	3.0
038077352X	5.0
1490317767	5.0
0380773538	5.0
B003AT11NS	4.0
0989825086	5.0
B00FBE8LP6	5.0
0060738871	4.0
0451222350	5.0
098004250X	4.0
0061734020	4.0
082544313X	5.0
0224084860	3.0
1442366087	5.0
0380818035	4.0
1401601731	5.0
0316204366	5.0
0373210779	3.0
0989740617	5.0
1621360210	5.0
0739336800	4.0
0778315576	5.0
1416978836	4.0
1616551925	1.0
1439182795	3.0
1846682363	1.0
0425153290	5.0
B008GE7988	5.0
1596270888	4.0
1620610833	5.0
0805093079	5.0
B00HGI16I4	5.0
1426744889	5.0
B006XWY424	5.0
1433538083	5.0
1426756860	5.0
0385743564	4.0
0060529474	3.0
B00J6UKC0S	5.0
0824932471	5.0
0451221311	5.0
078511677X	4.0
0778315584	5.0
B005R12O24	5.0
1483918777	5.0
1401210546	2.0
0979181518	4.0
0312890729	1.0
1891830988	4.0
140418712X	4.0
B0085ZVPII	5.0
1476740674	5.0
0778315592	4.0
0785187960	4.0
078512439X	5.0
0758290888	5.0
0395899265	1.0
0062244876	4.0
1854249835	5.0
B0057WU76I	5.0
0785185305	5.0
0425245047	3.6666666666666665
1416994084	4.0
0515148148	4.0
0060751878	4.0
1426752490	5.0
1622661273	4.0
1937551903	4.0
158571013X	5.0
0373776918	5.0
1414120710	4.0
1416991824	3.0
1595549439	5.0
044024384X	3.0
1401231454	4.0
0440243858	4.0
1451650051	3.0
054411454X	4.0
B00I1VXA3O	5.0
B00BFQDFZA	5.0
0340923245	2.0
0553590448	5.0
0307730999	5.0
0062117858	5.0
0375423397	1.0
044657161X	4.0
0312978405	4.0
0671646788	5.0
0373210760	3.0
0761385096	4.0
B00K48N6G8	5.0
1401223826	4.0
1606012975	5.0
1621362884	5.0
0375757430	4.0
1497454999	5.0
0060737581	3.0
1595827943	4.0
0312351623	2.25
1848569610	5.0
0060817321	5.0
0802405932	5.0
0983632960	5.0
B00C9WFSBS	4.0
0425223698	5.0
0615203639	4.0
0446571636	4.5
1419955691	5.0
B00GRIKMXO	5.0
0553590456	5.0
0061684309	5.0
1400321638	5.0
1595823581	3.0
1401684947	5.0
0826417868	4.0
1606018272	3.0
1616950714	4.0
0425221032	4.0
1438972946	5.0
0310315476	5.0
1476705488	5.0
1451511051	4.0
0825438969	5.0
0758273495	5.0
076535716X	3.0
0425217841	4.0
0764208985	5.0
0800720083	5.0
1401226922	3.0
B00FX7UKUA	3.0
1622662547	5.0
0765357178	5.0
0060098538	1.0
0743405951	4.0
1401238904	3.0
B009S58CTE	2.0
B00BGXHD64	5.0
0800720075	5.0
0441019528	4.0
140168713X	5.0
0425225461	4.0
0843957662	4.0
1451606796	3.0
038574224X	3.0
B008Z00KT8	5.0
B00DJQYAV2	3.0
0800720091	5.0
B005JSIXKM	5.0
1401687164	5.0
1603090975	5.0
0374100969	4.0
0385535430	5.0
0615274838	5.0
1416989536	4.5
0765362511	5.0
1401688489	5.0
1897299974	4.0
B007FEFDHE	4.0
1416537325	4.0
0985784016	5.0
0977426939	5.0
1401234534	3.0
0778316009	4.5
0061491004	4.0
B006IIX0OQ	3.0
014044615X	5.0
0989539113	5.0
0824932463	5.0
1477817506	5.0
0785152458	4.0
0778300498	4.5
1770460128	4.0
B006Z1GKXO	3.0
0451229258	5.0
0439929830	2.0
0989283410	5.0
B00H951UZI	3.0
0758273479	5.0
1852425849	2.0
0989740633	4.0
037379343X	5.0
B00BN1E6SW	5.0
0060510862	5.0
0061345725	5.0
0345515579	3.0
0061652784	3.0
0345548485	5.0
1401202942	4.0
0141191538	5.0
0765357186	4.0
1416537309	1.0
1490425071	5.0
1611188296	4.0
1455599271	4.0
1401931464	4.0
078515681X	5.0
0979181534	4.0
0843957670	4.0
1494724693	5.0
042522239X	5.0
1560974982	4.0
1499190433	5.0
0451191854	3.0
1500260290	4.0
1611099528	4.0
0316212822	3.0
1423121295	4.0
0425234304	4.0
1453872450	5.0
1434765962	4.0
0451220854	3.0
B0088NGZWI	4.0
0140063412	4.0
1426714157	5.0
0758232101	5.0
1420101293	5.0
0312875959	5.0
1616386975	5.0
1401226965	4.0
0345495411	4.0
B00I1WAHPW	4.0
1401687105	5.0
1426714165	5.0
0440244323	4.0
0800720954	5.0
0061712981	3.0
1442426705	3.0
1402236972	4.0
1414359489	5.0
0151014981	4.0
1563896451	3.0
0006479286	5.0
0061491012	3.0
158743170X	4.0
0061376035	4.0
1611940516	3.0
0857206931	4.0
0786866004	4.0
1455574880	5.0
0764210475	5.0
1466415088	4.0
1426744811	5.0
0505527499	4.0
045122616X	5.0
125000389X	5.0
0785100334	2.0
B00EFPXSEQ	3.0
0451226178	5.0
160142423X	5.0
0061938327	4.0
0800720938	5.0
1414359470	5.0
1481152718	5.0
1569713669	5.0
0446556823	4.333333333333333
B005CRQ49W	2.0
1401226949	5.0
0062302426	5.0
1595824839	4.0
0345425529	5.0
039916216X	4.0
0765362503	5.0
1451612648	4.0
085768762X	3.0
006230240X	5.0
1601424213	5.0
0062074202	5.0
1416589430	4.5
1419956930	5.0
1451689101	5.0
1569714983	3.0
084234036X	5.0
0446556815	3.0
0439895979	4.0
0821768441	4.0
0452285216	5.0
0345495403	5.0
1401226930	1.0
0312541864	5.0
1416589422	4.5
1482335727	5.0
0373732457	4.0
1402202733	3.0
0764210459	5.0
0800720946	5.0
0440244315	5.0
B00273BHCS	5.0
B00E2PSNH6	5.0
0736925511	5.0
B00BAVQD6S	5.0
B005G4QEDC	5.0
1593074484	4.0
0553294091	3.0
1609360028	5.0
1419668242	5.0
B004RQA6Q6	4.0
0340953950	5.0
0061449482	4.5
1616551968	3.0
1420108719	3.0
0060545526	4.5
1401212352	5.0
067187098X	4.5
1605875228	5.0
0425243214	4.5
0764210424	5.0
0758231687	3.5
1616267585	5.0
0451226127	4.0
051512902X	4.0
0060850744	5.0
145550369X	5.0
1401225667	5.0
0764210432	5.0
1401237649	2.0
0764211765	5.0
1492707619	5.0
1416589449	5.0
0671867369	4.0
0778316084	5.0
0316358479	4.0
B00A1GUVE8	4.0
0785163174	1.0
0440245621	3.0
0785147861	4.0
1563896486	3.0
0373605463	3.0
0099474468	5.0
0553294075	4.0
0425235610	5.0
B004YK3180	5.0
1401225659	1.0
B00EF7B47W	5.0
B00EHMFCPK	5.0
1492201189	4.333333333333333
1602472513	4.0
B004ISM210	5.0
0061449466	4.0
1616267593	5.0
B00CNTTUWA	5.0
0425232581	5.0
0765358441	5.0
045146057X	5.0
B00BFWI9BY	4.666666666666667
031235164X	3.0
0441499724	4.0
0758222750	3.0
1463698402	2.0
1468161660	4.0
1452664471	4.5
0061778737	5.0
1401237630	3.0
0821779990	3.0
B00EHMFCQE	4.0
0452278902	5.0
0307268330	4.0
1599903547	5.0
0615610056	4.0
044655684X	3.0
1401226973	3.0
1420104330	3.0
1603090916	3.0
0312351666	3.6666666666666665
1414327870	5.0
B0030MQJT6	4.0
0373618794	3.0
0061449474	3.5
1439136807	5.0
0061242411	4.5
0345479378	4.0
0785147845	3.0
0380725703	5.0
1897299117	4.0
0425150119	5.0
1401238955	3.0
0800720903	5.0
0785146512	3.0
0425232646	3.0
B0040ZNT9A	3.0
0545123267	3.6666666666666665
0800734602	5.0
0425221989	5.0
0785129170	3.0
0375866566	5.0
0553582003	5.0
0764205951	5.0
0312205406	5.0
1476744130	3.0
B00K48N6ZY	5.0
1886388172	4.0
1496026063	5.0
0785123865	2.0
0312241976	5.0
0380771691	1.0
B00HQ7TEW0	2.0
044101819X	4.0
0451228863	4.0
0452282918	5.0
B00BFQDGN6	5.0
045123779X	5.0
0062021737	4.5
0821779974	4.0
0345504046	1.0
0547411634	4.0
B00E3DWAQM	4.0
076535666X	3.0
0060763035	3.0
1607778661	5.0
B00E1V5S6A	4.0
0785158626	1.0
037324844X	5.0
0345498534	3.0
1491261870	4.0
0425243303	5.0
B00EI5XX7U	5.0
1932664599	1.0
0785122540	5.0
1607068419	3.0
0373860811	3.0
1461026415	5.0
1771010339	3.0
0425215288	4.0
1452108099	5.0
0345327853	4.0
1582404135	3.0
0989206408	4.0
0310330165	5.0
143367212X	5.0
0451196716	3.0
1420110195	5.0
0440243076	4.0
0425218309	5.0
038533883X	4.5
0380782332	4.0
0140390847	3.0
0821778625	4.0
1620610078	5.0
1626490252	3.0
1616552484	3.0
044024305X	5.0
0800722604	5.0
080072089X	5.0
1401230911	3.0
B00CV30WZ2	5.0
1569756872	5.0
0440243068	4.0
0743525876	4.0
0310329191	5.0
0785184945	4.0
1609288947	3.0
0062004360	4.0
147780868X	3.0
1467942812	1.0
0373834586	1.0
0765356643	3.0
0441067174	5.0
1621363368	5.0
1620610000	4.0
0800719891	5.0
0785117156	4.0
1560978554	4.0
0345546601	4.5
0062240501	5.0
1439184496	4.0
0425217051	3.5
044020609X	3.0
1439183163	5.0
B005VYZZXC	5.0
0451237765	5.0
1481845535	4.0
0440244366	3.0
159514000X	3.0
0345505336	5.0
1600102379	2.0
0425229025	4.0
0061340812	4.0
037377687X	3.0
0765356635	5.0
1478319658	5.0
0785159991	3.0
1611941768	5.0
B00GH3L9D6	4.0
0099244926	4.0
0352338008	3.0
0393072231	5.0
1449401120	3.0
1603093206	1.0
B00FXUEUBW	4.0
0615785824	5.0
0979018803	3.0
0061208590	5.0
0451223144	4.0
B00J1REPPO	3.0
1416539069	5.0
0505527456	4.0
B00J1V15DU	4.0
1499308442	5.0
0380782308	5.0
B009JWLKEU	3.0
0800719867	5.0
B00HFU5RIS	5.0
0451235134	4.0
1561632287	4.0
0310335817	5.0
0060779411	5.0
1420101226	5.0
0800719875	5.0
1434706850	5.0
B00L73NIWQ	5.0
1490436529	4.5
076531178X	4.0
1607374064	2.0
1419956175	4.0
1593155549	4.0
1595827072	3.0
034554661X	5.0
0140042520	3.0
B0040ZNT3Q	4.0
0156148501	3.0
0061577855	4.0
1596914769	2.0
1482770148	4.0
0785157352	2.0
061582434X	5.0
0765356651	2.0
0345496779	5.0
0441015980	3.0
006149190X	2.0
0800719883	5.0
0425221997	4.0
0785168001	1.0
1401604021	1.0
0745969127	5.0
0446606898	5.0
044024434X	3.0
0758266383	1.0
0440244358	3.0
1604890290	5.0
0446571563	3.0
0800734688	5.0
1402237391	4.0
080073467X	5.0
1600430279	2.0
0061351520	3.0
0615671039	4.0
0800720040	5.0
0809557819	4.0
0399159347	5.0
1941097014	5.0
1607065312	5.0
1475221371	4.0
0425241513	4.0
0736949496	5.0
B00K48N6RW	5.0
0373775512	3.0
0451225759	5.0
1401218431	3.0
0061138088	5.0
0451461045	5.0
0425239209	3.0
0385341636	3.0
0824934253	5.0
1497470161	5.0
B009GJLY4C	4.0
0758259271	2.0
0800721381	5.0
0345478983	3.0
0060727217	4.0
0060734574	3.0
0061351504	4.0
1616264438	5.0
1617950688	5.0
1414319355	5.0
0425241521	5.0
0824934261	5.0
0991092120	5.0
0451220072	4.0
161626442X	5.0
0425225496	5.0
1466480149	5.0
073949547X	5.0
0061684287	5.0
082493427X	5.0
042521785X	4.0
0425217868	5.0
144235948X	3.5
0060875259	3.0
B00D5I3KE2	3.0
1612181449	4.0
B00AXTM8G2	5.0
0061245577	3.6666666666666665
0778312488	5.0
1596433531	3.0
1606152416	5.0
1484013387	5.0
0800722671	5.0
1451664729	5.0
1599984113	5.0
0785115390	4.0
1613776543	2.0
1583141073	4.0
1496029151	4.0
1616264446	5.0
B004WGUYCW	2.0
0061687308	2.5
1616265779	5.0
0825442125	5.0
0060875240	2.0
0553100874	3.0
B009ERVHXO	5.0
B006BVTC5G	4.0
0515129933	4.0
0345546660	4.0
1420108697	3.5
B008YH6X7U	5.0
0345420748	4.0
B0049P2028	3.0
0778327507	4.0
0140368140	4.0
0825442133	5.0
0809557827	5.0
1451660375	5.0
0062018965	5.0
0809573059	4.0
0785161414	3.0
014002297X	2.0
051514956X	4.5
148051652X	4.0
0061118443	5.0
B004XRAOB6	2.0
0800734645	5.0
0743579631	5.0
1451684320	5.0
161109948X	3.0
0974008656	5.0
B009VLBB2K	5.0
084873274X	3.0
0451200489	5.0
0399106855	5.0
0425216594	5.0
1434799379	5.0
0061235350	3.3333333333333335
0671655744	5.0
0451233328	3.0
1937044475	5.0
0425220613	5.0
0825442141	5.0
0060540753	4.0
B00311JU9W	4.0
0310334543	5.0
1592910157	3.0
0785142983	2.0
B00HFU5S46	4.0
B00HTP1L7K	4.0
B00FCR3IV4	5.0
0061118451	5.0
0385341679	5.0
0307986969	5.0
0800734637	5.0
082542562X	5.0
B00DG8ZY8G	5.0
0425238792	5.0
1477808620	5.0
B00FO9GANS	3.0
0974008664	5.0
0321585453	3.0
0310294037	5.0
0345546679	5.0
0310333229	5.0
0446618012	3.0
0974008672	5.0
1936393441	3.0
B00F0SMM1C	4.0
B00311JTYS	5.0
0345486560	5.0
1595545050	4.0
0470410914	4.0
1606592661	4.0
1451684304	5.0
0824956478	5.0
0061161292	4.0
0764205978	5.0
0824934245	5.0
0736921974	5.0
0060852577	4.0
0425237478	5.0
B009CICRGQ	5.0
0307394913	5.0
B00DG8ZY9K	5.0
1433677865	5.0
1595549404	5.0
0312041462	5.0
B00311JU7Y	4.0
1476735247	1.0
0857685813	5.0
042522418X	5.0
0425219607	5.0
1416549471	4.0
0373772467	3.0
B00AICU2B2	3.0
1401232744	2.0
0425224198	4.0
0425241505	5.0
0974008648	5.0
160886040X	4.0
1595829644	2.0
0800734610	5.0
0451211111	4.0
1493649019	4.0
1934964107	5.0
0375402314	4.0
006111846X	4.5
1426767498	5.0
0373742606	5.0
1433677857	5.0
1934506907	5.0
1605047740	3.0
006223336X	5.0
0151010617	2.0
1599908441	4.0
B003370JA8	4.0
0979785618	5.0
1401232736	3.0
0373295669	4.0
0801031362	5.0
0451222512	1.0
0515124079	4.0
0785127550	5.0
0449001814	5.0
0984452648	5.0
0825438802	5.0
1433677172	5.0
0802405843	5.0
B0030CMJEK	4.0
1401234623	4.0
0061375446	3.0
0451230132	4.0
1741047358	4.0
0310735076	5.0
B004J4VVQ0	2.0
0758218559	5.0
B00584OOGE	5.0
0451229150	4.0
0781408733	5.0
0061235156	4.0
0060751967	5.0
0824932595	5.0
1416974369	4.0
0671025368	5.0
160601286X	5.0
141691644X	4.0
0802405835	5.0
0684818426	4.0
B004NEW59S	4.0
B00CX5V74I	3.0
0553589571	3.0
1782640622	5.0
1401689019	5.0
1401234615	4.0
0061757705	3.0
0758218567	3.0
0765328550	5.0
1492893900	4.0
0778327442	4.0
1400202140	5.0
B00CK52XOE	5.0
0785126228	1.0
0380767406	5.0
B0030F2S2U	4.0
0385743459	4.0
B00IHCC5JC	2.0
0976804034	4.0
0451223861	4.0
1595826742	4.0
1602601763	5.0
B00D8DKW0O	5.0
1482658143	5.0
0441019633	3.0
1423121317	5.0
0307729893	5.0
0451234510	3.0
0451235843	3.5
1401229263	1.0
B009PFYYPS	2.0
0758218575	4.0
0061431222	5.0
0778328783	5.0
0451413482	3.0
0451211839	3.0
0061349186	5.0
1595546294	5.0
1490302069	5.0
B0032C99O6	2.0
082178000X	4.0
1484079833	5.0
0340687517	3.0
0062085611	5.0
0451222547	4.0
0739421042	4.0
0385333951	2.0
0373606095	4.0
B003SX122G	2.0
1401222617	5.0
B00B3VGPXG	3.0
1423121325	5.0
1596060247	4.0
1448622786	5.0
1420104497	5.0
0758238177	2.0
1603819355	5.0
1595826734	5.0
1602601771	5.0
0061375438	3.0
0425225518	3.0
1414359519	5.0
1420104489	4.0
1585710288	5.0
1613775962	3.0
1616265949	5.0
0785166947	4.0
0451178734	5.0
0061349178	4.0
0684844702	4.0
1937774120	5.0
0061958034	4.0
B0089H8CXS	4.0
B00DFHFGEK	2.0
0385343329	3.0
1420129783	5.0
0553593617	5.0
1426733437	5.0
0984452605	5.0
0743575318	3.0
0425216632	1.0
0373803206	4.0
B00C4X562S	5.0
1595828508	4.0
0143142356	5.0
0671743805	5.0
0440243955	4.0
0671027123	4.0
0451232755	4.0
0967224918	4.0
0553569902	3.0
0061147958	5.0
1401234666	2.0
B009MZQP0I	5.0
1414368437	5.0
0684862581	5.0
193266470X	2.0
0764205129	5.0
0857212052	5.0
1606994379	4.0
0316011770	4.0
0060196092	4.0
0802405878	5.0
080240586X	5.0
1937007588	5.0
0425242099	4.0
1416989412	3.5
1937053407	5.0
0452282209	4.0
1401234658	3.0
0785165630	5.0
140123464X	4.0
0143142372	5.0
0553593625	5.0
1401212409	5.0
0143118641	4.0
B0092MPT80	3.0
098840012X	5.0
0440243963	4.0
0061662216	4.0
145550372X	3.0
0425216616	5.0
0547223994	4.0
0857212044	5.0
0385343302	4.0
144235819X	5.0
1434700747	5.0
0373618026	5.0
0141180781	3.0
1455549940	5.0
1595548033	5.0
1434700739	5.0
045122079X	5.0
1402217730	4.0
0802405851	5.0
0345527682	4.0
0060798610	5.0
1419967509	5.0
1492301205	5.0
0385343310	3.0
0440243947	5.0
0316056634	3.5
0312942567	5.0
0061235164	5.0
1490568530	5.0
0312649916	2.0
031230451X	3.0
1937254143	3.0
B00IJ1NWM0	5.0
0310735084	5.0
0857212028	5.0
1592910904	3.0
013706506X	4.0
0062037927	5.0
0985241306	5.0
B00JI12A3W	5.0
0764201638	5.0
1250001366	3.0
0761370781	5.0
0763634816	4.0
0380772817	4.0
1478125950	5.0
0061097101	5.0
0786808012	4.0
1479157996	4.0
1565235428	5.0
0800718763	5.0
0764210580	5.0
0310332729	5.0
0440244447	5.0
1402211570	3.0
1434764761	5.0
1590171993	4.0
0758234635	4.0
0373210027	3.5
0825442915	5.0
0061958069	1.0
0761370773	4.0
1419956809	5.0
B00HP1JYPY	4.0
B00BRVFRRM	4.0
0312873409	5.0
0195314395	5.0
B00EX0POAY	5.0
042521706X	3.0
006104153X	2.0
0425217078	5.0
0671637797	5.0
1401233368	5.0
0743291379	5.0
031294568X	5.0
149033274X	5.0
0553381784	4.0
045123801X	3.0
0061795143	4.0
0060784032	5.0
0983981914	4.0
1426714270	5.0
B00IQOC3TI	4.0
B004NSV8JC	5.0
0385740344	4.0
0825442923	5.0
076137079X	4.0
1932416315	3.0
1476708657	5.0
0785121390	5.0
0061783161	4.0
1621360199	5.0
0312946104	4.0
0785152377	3.0
0380803674	3.0
0880708263	5.0
0764209582	5.0
0892969016	5.0
B00GKBIRHQ	4.0
1442303093	3.0
0310276039	4.0
1843608103	4.0
0984852964	5.0
1426773463	5.0
0312982623	4.5
1595143084	2.0
0310257778	5.0
1426714289	5.0
0425238814	3.0
1402261853	5.0
0800731700	5.0
B00HP1JYRC	5.0
0764210572	5.0
0373773927	4.5
0345538366	5.0
0849944295	5.0
1595548068	5.0
1426714297	5.0
B00BY5XRHI	4.0
1500196169	5.0
0099478722	3.0
0843962968	5.0
1479352160	3.0
0307278441	5.0
0451460685	5.0
142674059X	5.0
0061783188	4.0
1469989921	2.0
0765359634	4.0
1569714819	4.0
0307986276	4.0
B00DC7PXLY	5.0
0764209558	5.0
0802405800	5.0
1491296518	3.0
0764208233	5.0
0764209566	5.0
1451678568	5.0
1401232086	5.0
1416939156	4.0
0061928224	5.0
0061795178	1.0
045141523X	3.0
1563895285	3.0
1475103328	5.0
1934912182	5.0
B00B9XO01M	4.0
082544294X	5.0
0152063900	3.0
1621360121	5.0
0743203631	4.0
1401220096	4.0
1476707375	5.0
1434704238	5.0
1401223125	5.0
B00FIL334Q	5.0
B00BNRHNEU	3.0
143470422X	5.0
1401244009	5.0
0373768524	5.0
1419970291	1.0
0764209574	5.0
0310330998	5.0
B00FIL335K	5.0
1420108824	4.0
0758217277	4.0
B00FIL335A	4.0
B00HP1JZ5I	4.0
0425222462	4.0
1620073994	5.0
0373513569	4.0
0843959339	4.0
B00DFFILGW	4.0
1401223117	2.0
B00K9OOET0	4.0
1606902202	3.0
1401203507	3.0
1401219098	4.0
0743291360	4.0
1621360156	5.0
0553588206	5.0
0451462408	5.0
B0087PTQ96	4.0
0758217293	3.0
B003XU7IQS	5.0
0312965257	5.0
0938467085	5.0
1401688535	5.0
0062100033	5.0
0425222454	4.0
177046087X	5.0
0446616982	5.0
1620610779	5.0
0446541001	5.0
1494751534	4.0
B00K9ODF5E	4.0
0312429290	3.0
1937593029	4.0
0736951709	5.0
0449217647	4.0
1416974342	1.0
1433677180	5.0
B00HCLDV24	5.0
0061783196	4.0
1401203515	4.0
0312383355	2.0
1402211597	4.5
0843962976	4.0
1616266392	5.0
B00I6ZS6IE	5.0
1933563699	5.0
0515136948	5.0
0765359642	3.0
0141393068	5.0
0374264260	5.0
0671743856	4.0
1401688543	5.0
1416594922	4.0
1594868549	4.0
0316002895	4.0
0825442974	5.0
0785166106	4.0
1401237746	3.0
1601424086	5.0
1416520384	4.0
0373774397	4.0
0736952136	5.0
1432828002	5.0
0451411757	4.0
0425209504	4.0
1484069684	2.0
1477661875	5.0
0785156798	4.0
1401685560	5.0
B00IWUXWS2	5.0
0743214331	4.0
B001RV3ON6	4.0
1250050367	3.5
1401212395	3.0
1607069636	4.0
0373777434	5.0
0380815583	4.0
0380818612	5.0
0373834438	5.0
045122437X	5.0
0857212893	5.0
0061430714	5.0
B00FEPT1YC	5.0
1599987341	4.0
1595821856	4.0
1599989999	5.0
1442360518	5.0
1414375565	5.0
075826934X	2.0
1607066599	2.0
0373695020	4.0
1607069628	2.0
0441002730	5.0
0857210238	5.0
0385735030	4.0
1607065290	5.0
0758235119	3.0
0380761300	4.0
0441014739	5.0
0345404785	5.0
0809095033	4.0
0785131590	5.0
0373773080	4.0
1416520368	3.0
1401223036	3.0
0143124544	4.0
0425230120	5.0
0061808903	5.0
0451223071	4.0
0821766546	3.0
1416558411	5.0
0425219763	5.0
1451606931	4.0
081097052X	4.0
045123636X	5.0
0345517393	3.0
0425226050	5.0
006211946X	5.0
0515147621	2.0
1600242413	3.0
0061138142	4.5
0373834454	5.0
B00HXZAQ8Q	1.0
0736953477	5.0
1606993860	4.0
0425218422	5.0
0425242110	3.0
0425219755	5.0
0307378136	3.0
1419968084	5.0
B009H6WEUM	4.0
1414375549	5.0
0062107496	1.0
0758211155	5.0
0330442325	3.0
1401237665	3.0
0578133512	5.0
0505526220	4.0
0505527553	5.0
0800722728	5.0
B007SNRRP8	4.0
B0073WA12K	3.0
B003QHZMNE	4.0
1402245777	3.0
1482747634	5.0
1402212852	4.0
0440235537	5.0
0061724882	4.0
0373834462	5.0
143470257X	5.0
1476741182	5.0
0061350990	3.5
1426752504	5.0
0988698706	5.0
0061350982	4.666666666666667
0671744216	5.0
0452278961	5.0
0765365472	3.0
1401235077	2.0
1401220827	3.0
0385337450	4.0
0062121790	5.0
0785143556	4.0
1494486296	5.0
1414375530	5.0
1401685528	5.0
0373774346	3.0
B00HEKTLPO	5.0
1591391806	5.0
B008Y67ZGY	5.0
1463597029	5.0
0802406289	5.0
0451225678	2.0
0307275345	4.0
159017061X	2.0
1848190166	5.0
B0080IVQHA	3.0
0446618772	4.0
B006Q648F0	4.0
1616386940	4.0
0007190611	5.0
0743453484	4.0
0440244498	4.5
0849944317	5.0
1416592369	4.0
0312939701	4.0
0061161357	4.0
0857211528	5.0
0425210529	5.0
0307731278	5.0
1402244428	3.0
0739419692	5.0
081187480X	3.0
1623420768	5.0
B00F1R9E1I	5.0
1847679269	5.0
0345505441	5.0
0373774370	5.0
0446618756	5.0
1560979739	4.0
1484973380	5.0
0441017800	5.0
0440235510	5.0
B00G75TEXQ	5.0
0380810719	4.0
0758294379	5.0
161581079X	4.0
0380016974	3.0
B006YFQS6K	5.0
1582405301	3.0
0843952776	4.0
0446328138	1.0
0373534418	3.0
1609365690	5.0
0425241696	4.0
0785110623	1.0
B00BL77PKO	4.0
1604359048	2.0
0345505433	5.0
0373773056	5.0
1575667983	5.0
0312385137	5.0
0758234694	5.0
0152063846	4.0
1617951838	5.0
0451228723	5.0
0824948122	5.0
B00HS4GFE6	5.0
0312387792	5.0
006211817X	4.0
0765348918	5.0
0446618748	5.0
1401228755	3.0
1606993828	1.0
0881001457	5.0
0441014771	3.0
1624162509	5.0
B007P7HU5Y	4.0
B00KVIAV3C	5.0
0307731251	5.0
B0030CMJTU	2.0
1616552565	4.0
0062213024	4.0
1451533969	5.0
B005K17FF2	4.0
0785109641	4.0
0764212311	5.0
0785129235	4.0
1476753164	5.0
0385467869	5.0
1416550518	3.0
0800733479	5.0
1402217668	5.0
0824945042	5.0
1491052295	5.0
0785109609	4.0
1414368402	5.0
1420110209	4.0
0615501567	4.0
1613772084	4.0
1741797306	4.0
0312347723	5.0
0800721489	5.0
1582403589	3.0
0061667854	5.0
1595548890	5.0
B00A59JG8I	5.0
1616265876	5.0
0692208879	5.0
0373776985	4.0
1402217676	3.0
1452662673	5.0
0316666009	4.0
1938008421	5.0
0441017819	5.0
B00I1VX9YO	4.0
B00GET8RV0	4.0
0754054446	4.0
B00814M37U	4.5
0857682830	5.0
0425214001	3.0
0764207865	5.0
080101493X	5.0
1401206565	4.0
0307381714	5.0
B003EYVZ9E	5.0
0800721497	5.0
1611183545	5.0
0544002237	2.0
0061667846	4.0
1607067846	2.0
B0087308ZY	5.0
0671023578	5.0
0374511713	3.0
0785107886	2.0
1401220843	5.0
1401215491	2.0
1934531146	5.0
1416583459	5.0
1401202179	4.0
013708109X	4.0
0801014972	5.0
0785117210	4.0
0988363232	3.0
B00LDWN1GE	5.0
0505524430	5.0
019531395X	5.0
0425242986	5.0
0312347707	4.0
0425265625	2.0
0451199707	5.0
0515133086	5.0
1592911307	4.0
0310333172	5.0
0061340758	5.0
0987243020	5.0
B00FILC266	3.0
0061794708	3.0
1582404879	4.0
1741797314	4.0
0062027794	4.0
0451156609	4.0
B002ZG8EFU	4.0
0195300653	5.0
0553592351	5.0
044661923X	4.0
1401686842	5.0
0778323021	2.0
0553578901	5.0
1442352965	1.0
0425232719	5.0
0312360738	3.6666666666666665
0451194004	3.0
0373294417	4.0
1770460071	5.0
0764211080	5.0
1561635294	5.0
0547144628	3.0
0615651593	3.0
1620611295	4.0
0553385305	4.0
1607065231	4.0
0451226917	5.0
0312265867	4.0
045123149X	2.0
1401232884	5.0
B005UGRJ8K	2.0
1595546278	3.0
B00BRGBFIM	5.0
1592911366	4.0
0785126139	4.0
0800721446	5.0
1595551611	3.0
1451684436	5.0
0373773897	2.0
0736953418	5.0
B00D69AJEY	4.0
1471133567	5.0
0307273563	2.0
0811867676	3.0
1603091548	4.0
0470497742	5.0
0425214052	5.0
1423121309	5.0
B0068UAZ8I	4.0
0821781294	5.0
0061176443	4.0
1482640058	5.0
0505524465	5.0
1402797672	5.0
0061667889	3.0
1250003164	4.0
1406330396	5.0
0451225600	3.0
1477849262	5.0
1477665412	5.0
1607104423	4.0
1401240453	2.0
0778314103	4.5
1401211925	3.0
0061667870	3.5
1609367472	5.0
1401226191	3.0
1416595457	5.0
1401220878	4.0
1569714029	5.0
B00BQMOGKQ	4.0
0553385313	4.0
0736952101	5.0
B0059IUWZQ	5.0
0736919562	5.0
1426780575	5.0
0785139427	3.0
B00CGFEIM8	5.0
B005Z1CSM2	5.0
1402292090	4.0
0809557908	5.0
1609367480	5.0
1426749724	5.0
B005GFBQWU	5.0
0800721438	5.0
1416583483	5.0
1414375581	5.0
0061667862	3.0
0345528921	5.0
B00GFSR48C	5.0
0380761327	3.6666666666666665
1616265868	5.0
0374281149	4.0
0758204272	4.0
045121921X	4.0
B00AFVRAQ6	3.0
031253275X	5.0
1596693436	5.0
0310731828	5.0
0451210891	2.0
1416563431	5.0
0446517089	4.0
1605041432	5.0
1426733518	5.0
B00JJ532WA	5.0
1433684829	5.0
1420109847	4.0
0385339151	5.0
0425226999	4.333333333333333
0425097269	5.0
1604944714	5.0
1575668017	4.0
161655309X	5.0
1401233414	4.0
B0089NP2OO	4.0
0441010903	5.0
1599903725	4.0
1606595458	2.0
0373796730	3.0
0062184490	5.0
1416954619	5.0
1613725124	5.0
1416563423	5.0
0451234871	5.0
1616550848	4.0
1595541721	5.0
1402224362	3.0
B00DTBDVK8	5.0
1420108506	5.0
0451234863	2.0
1419956760	4.0
0375725601	3.0
0425194833	4.0
0312381239	2.0
1451665326	3.0
0316123056	2.0
0821780379	4.333333333333333
1593072880	4.0
0312979983	4.0
0060505249	5.0
143912468X	3.0
0373210515	5.0
1433684845	5.0
0373769148	5.0
0757315348	2.0
0425211002	4.0
0764206109	5.0
B00GMIBRR4	5.0
1550229435	4.0
082642788X	3.0
0345538412	4.0
1595549684	5.0
0440226295	3.0
0307715159	2.0
0821779397	5.0
0553592866	5.0
1495397130	2.0
0440244943	5.0
0312979975	2.0
1401234720	4.0
0312381255	2.0
0802723462	4.0
0425236358	5.0
0887849687	3.0
0399154701	5.0
1560972998	5.0
0764206117	5.0
0345510089	5.0
1605040118	5.0
0307886182	4.0
B00JI0KDR8	4.0
B009BPUZOG	5.0
1420106791	4.0
1401234712	2.0
0800722043	5.0
0515143944	2.0
0778326497	4.0
0451451430	3.0
0345443578	3.0
1582408289	4.0
0380813742	5.0
B001892DGG	5.0
0373293720	5.0
0451413113	1.0
0778329526	3.5
0061124966	4.5
0451463439	3.0
1426758855	5.0
1432825453	5.0
1770460349	3.0
0061235075	4.0
1401232124	5.0
0991261305	5.0
067187862X	5.0
1595547088	5.0
0440244927	5.0
0425224376	5.0
0310333059	5.0
0800722019	5.0
1897299745	5.0
0821779370	5.0
0425269205	1.0
1563893142	2.0
0061124974	4.0
0984404414	2.0
1401242340	5.0
0425215415	5.0
1416562133	3.0
1401689582	5.0
1935507915	5.0
0062020188	5.0
1601546076	5.0
0451228154	4.0
0007491433	2.0
0307729761	5.0
1481953214	5.0
0785145044	1.0
0061235067	4.0
1414353073	5.0
0062219251	5.0
1490487190	4.0
0758231873	3.0
0385376111	3.0
0425246590	4.0
B00FO79GGS	4.0
0825441919	5.0
1414371713	5.0
B007EAZRKC	4.0
0991019784	3.0
0553385607	5.0
038533916X	5.0
0425246582	5.0
0440244900	3.0
1401234763	4.0
0061235059	4.0
0451222865	5.0
0515154636	5.0
0307729737	5.0
0062064614	2.0
0451230493	3.0
1401242367	1.0
0547445288	3.0
1401234755	4.0
1594145741	5.0
0345518853	4.5
0988489171	4.0
0451822196	3.0
1402224389	4.0
1401208495	4.0
0451181816	5.0
0425225674	5.0
B005Z1CU7K	4.0
1563894440	3.0
0312605390	5.0
1401219195	4.0
0756692490	3.0
0380717085	4.0
1470195526	2.0
0446614262	5.0
1782640339	5.0
1401689523	5.0
0440241057	4.0
0316024597	3.0
1439157510	4.0
0061252433	5.0
141652553X	3.0
B00F9GQ8ZG	5.0
1401204945	4.0
1596436360	3.0
1416598146	4.0
0758246978	4.0
B0070Y2VLA	5.0
1400319935	5.0
B0032UDTL2	4.0
0764209256	3.5
1782640347	5.0
1414120907	5.0
0785166882	2.0
0152064087	4.0
0451179528	5.0
0758220367	4.0
0451229444	3.5
0446614254	4.0
030788743X	5.0
0440241065	5.0
0785145001	3.0
0061252425	4.0
0764210238	5.0
1611735270	5.0
082178031X	5.0
0801015111	5.0
1401232159	2.0
0425214915	5.0
0451218752	4.0
0062064649	2.0
1593156162	4.0
0061989711	2.0
1583142959	5.0
B00GEU7508	4.0
1616267399	5.0
1491510706	5.0
0143170090	4.0
0061947040	4.0
140168517X	5.0
0380804883	4.0
0345517555	3.0
0758220375	2.5
1419951009	5.0
1606599887	2.0
0764206192	5.0
0312939930	5.0
0061965758	5.0
B00BY5XSIG	5.0
1401213863	4.0
0425210545	5.0
193727800X	1.0
0316032190	3.0
0385737068	5.0
1595144293	4.0
1401219187	4.0
1401200567	1.0
1784300918	3.0
0736921389	3.0
1401247210	5.0
1428511768	4.0
0786271019	5.0
1433678195	5.0
0930289455	5.0
034551887X	3.0
0062201093	3.0
0312605382	4.5
1606900358	4.0
0785156623	2.0
B00AIF3QD0	5.0
0800663144	4.0
0451230442	3.0
0425245225	4.0
147674355X	5.0
1401232132	5.0
0758220383	4.0
B00HQLB72Q	5.0
193704419X	5.0
1401688225	5.0
1599983834	5.0
1480114480	5.0
B00F8KAAC0	4.0
0440241049	4.0
0373210574	5.0
0957218907	4.0
0778328295	2.0
B006QZJ4BO	5.0
1606993798	3.0
0764206168	5.0
0061673889	2.0
076420615X	5.0
B00KF29D8I	4.0
0312945795	4.0
1606903438	3.0
0425243451	4.0
0764206176	5.0
0316123080	4.0
0446543322	2.0
0761346120	5.0
0826416349	5.0
1616266015	5.0
1607352567	3.0
076363932X	4.0
1420101080	5.0
140120497X	3.0
1935192809	4.0
1493752650	5.0
0765359502	4.0
1476764468	5.0
0425226948	4.0
1453778187	4.0
0764206184	4.0
140225721X	4.0
0451239679	5.0
0989745716	5.0
077832298X	4.0
0425242137	3.0
1492889571	5.0
0800734084	4.0
1476743509	5.0
B00ICAUB22	5.0
1493741969	4.0
1493759256	5.0
1606903411	3.0
0800722086	5.0
1781165416	5.0
1934781290	1.0
1478179473	4.0
B00DGVFUJG	5.0
B00E253W7C	4.0
1620610655	4.0
0738726680	4.0
0446540277	3.0
1433671522	5.0
0373513453	5.0
B00LDR38J4	5.0
0380815575	5.0
B00IT03ZNM	1.0
082542626X	5.0
0425213617	5.0
1433681781	5.0
1419965603	4.0
1937551318	5.0
0345491246	3.0
B00HY03FJM	5.0
044657449X	4.0
1602606900	5.0
0778312739	3.0
1936413310	5.0
0778320359	5.0
B0073M7498	5.0
B004T4LHGE	3.0
1879505215	5.0
1902825292	5.0
193655853X	4.0
1426741936	4.0
B004HO5M4O	4.0
0786880163	5.0
0312378513	5.0
0425209628	5.0
0736930221	5.0
1463736630	5.0
1595547835	5.0
1580892892	5.0
0373617755	5.0
1401226205	4.0
0709078099	4.0
1616550031	3.0
0312575939	4.0
0061438553	5.0
1401235158	1.0
1420103628	5.0
142010361X	5.0
0800721527	5.0
0451412710	5.0
B00LDQXAX4	5.0
0345507312	3.0
0440224551	5.0
B00DK42NWG	4.0
0785156682	4.0
1434764923	4.0
045122776X	4.0
0425238199	5.0
0824931823	5.0
1595547827	5.0
0007337701	5.0
1433673231	5.0
0739440128	3.0
B00IHCNQT0	5.0
0800721535	5.0
1602609918	5.0
149445436X	5.0
160260990X	5.0
1620151294	4.0
0380820846	4.0
B00C5R83E6	5.0
1609367715	5.0
1595547819	5.0
B00HYQJPC2	5.0
B00JVXUIP4	3.0
0061690368	3.0
1492973327	5.0
006169035X	3.0
0307731162	5.0
1937044254	2.0
B00IHCFAHQ	4.0
1433673223	5.0
0899578659	5.0
038082082X	5.0
1426714343	5.0
1401247172	1.0
B00CK52XB2	5.0
0440224578	5.0
0307711595	2.0
1605040916	5.0
1621366200	5.0
0373777558	4.0
B0070Y3GR8	4.0
1439551073	1.0
1401228836	2.0
0425217213	5.0
096624690X	3.0
0399152083	3.0
0821756613	4.0
0899578640	5.0
B00BS3J7F2	2.0
1780920563	5.0
1433673215	5.0
1467901202	3.0
006057299X	5.0
B006GGFFCU	3.0
1494282011	5.0
1593076460	4.0
B005FHHFQ0	4.0
0373773145	5.0
1451646208	5.0
0785160736	4.0
1607066041	2.0
0142004022	5.0
1492121169	5.0
0778313999	5.0
1416567038	3.0
0373732678	5.0
1609366409	5.0
014311350X	1.0
159554786X	5.0
0373617712	4.0
0345494369	4.5
098445215X	5.0
0792737520	4.0
1595547878	5.0
B00HFUJMLG	5.0
0061965774	4.0
0758220391	2.0
0764209280	5.0
1433673207	5.0
1569717494	3.0
141655503X	5.0
0505527200	5.0
042523150X	5.0
0142429112	4.0
1598879251	4.0
0307731146	5.0
161626554X	5.0
0451410971	5.0
0373774486	1.5
0778315703	5.0
0140282033	4.0
0062120344	3.0
0312943083	3.0
B00IL9ZDH2	4.0
1449407900	4.0
B00J6UKA9G	3.0
B00HFUJMMA	5.0
B00ED4WLZG	4.0
0312559755	4.0
044661730X	3.0
0515146234	5.0
0345494377	5.0
1936558572	4.0
0061782246	5.0
1426752636	5.0
0060898917	5.0
0316789844	4.0
1602606846	5.0
1451695233	5.0
0061555819	5.0
B007PH8GU2	4.0
0312252811	4.0
0425209644	5.0
014303586X	4.0
1478319429	5.0
142671436X	5.0
0785167390	1.0
0060503548	3.0
0758258992	4.0
0060898933	4.0
B00K9O53UO	4.5
0764209264	5.0
1611189837	5.0
0664231489	5.0
B00AW1K7P0	5.0
0425209652	5.0
B00E2PKMTI	4.0
0785133844	5.0
B004DI7PQM	5.0
006087418X	5.0
149958492X	5.0
0441014402	5.0
082177445X	5.0
B00BQMMT2I	5.0
0060572973	5.0
0060900075	1.0
1456492411	5.0
1607060752	3.0
B007E3FBDW	3.0
0446618632	4.0
0060572965	5.0
1475043724	1.0
0451173406	5.0
0764209272	5.0
085721294X	5.0
0425205282	5.0
0425240495	4.666666666666667
0373773102	4.5
0785108874	3.0
037377575X	5.0
0061655988	4.0
0758205643	5.0
0425214133	4.0
0451409159	3.0
0312371950	5.0
1470124327	5.0
0441010083	3.0
193044818X	5.0
0745960588	3.0
1616265515	5.0
0060749822	3.5
0991841131	4.0
0765354659	5.0
0345506863	5.0
1616265523	5.0
1475108672	5.0
1250009898	4.0
B007M0IBH0	5.0
0758225245	4.0
1605044415	4.0
1854249681	5.0
B005WLP7D2	5.0
B00BF9C2EC	5.0
0373802307	5.0
1936034670	5.0
B00I2W94IW	4.0
0778327728	5.0
B00EZC9CTO	5.0
1607066874	4.0
0758217633	3.0
1476759006	5.0
0785184732	4.0
B00GQ67VSG	4.0
1616265531	5.0
0440226325	5.0
B0034KC3RQ	3.0
0738732516	5.0
0385528566	4.0
0451227700	5.0
042521107X	3.0
0991019733	4.0
143366870X	5.0
0380808323	4.0
0310283132	5.0
0060819359	5.0
0375868917	2.0
0446619132	3.0
B00DXJOD8A	5.0
0800721586	5.0
0984020845	5.0
0849964830	5.0
0373470665	5.0
0310272475	4.0
0800719271	5.0
0758231954	3.0
0618711759	4.0
1416572449	3.0
0758225261	4.0
160309038X	5.0
1419950606	5.0
1439102333	3.0
1402216688	3.5
1611454948	5.0
1936034697	5.0
B00J1ROOZU	3.0
1499764529	3.0
1492976423	5.0
0761117199	5.0
0345523318	3.0
0800721594	5.0
140222429X	3.0
B00B1UVSAY	3.0
1482761807	5.0
0060757450	3.0
0985029412	4.0
0451223365	4.0
1400202086	5.0
0020306652	5.0
1416551514	4.0
B0086G976S	4.0
0345443691	1.0
0545035287	4.0
0373797990	3.0
B0057Q2TZQ	4.0
0547712154	2.0
1414343663	5.0
1442361514	5.0
0385476019	5.0
1607065592	3.0
0061783501	5.0
0425236366	4.0
B005F0WRAQ	3.0
0425220850	5.0
1475120346	5.0
B00EX16M54	3.0
0099505576	5.0
1560976535	3.0
B00DS9G0E0	5.0
0785157174	3.0
1611162777	5.0
B00HK4EGY0	5.0
0825442389	5.0
0440226317	5.0
067002564X	4.0
0373775717	3.0
1563892677	4.0
0425206548	5.0
0312371926	4.0
0785151877	4.0
184668739X	4.0
0800719263	5.0
0451197410	4.0
0143124242	3.0
0380811987	5.0
1616554444	3.0
0451225961	5.0
0825442397	5.0
080072156X	5.0
0451412761	4.0
0857860852	3.0
0373772696	5.0
1401230334	3.0
0312949251	4.0
0385736681	5.0
0137019238	5.0
1455546941	5.0
0758238541	4.0
0765354640	4.0
1596327529	4.0
1599987430	5.0
1622668030	5.0
0800721543	5.0
B005IMCYVI	5.0
141995850X	5.0
1401231659	3.0
0446584614	3.0
B003E6M730	4.0
0553592025	5.0
0679732543	2.0
159426743X	5.0
B006ZOP3PC	5.0
0440223288	5.0
B00413PIUY	5.0
0380004259	3.0
0785166904	3.0
0736930213	5.0
1442336587	3.0
1416572473	4.0
0891900675	5.0
084395793X	2.0
1596327537	5.0
B00KP8AGRE	2.0
038077013X	5.0
0758225229	3.5
1596431563	5.0
0062049879	5.0
0810959275	4.0
1595549633	5.0
143367324X	5.0
B00CYKHQW4	4.0
0312135335	5.0
0758217617	3.0
0099436760	5.0
1563890186	1.0
1401219233	3.0
0060896493	3.0
1451620535	5.0
0785164979	3.0
1426700709	5.0
1896597297	2.0
1480536466	5.0
0060874228	5.0
0800722183	5.0
0451209788	4.0
0380400634	2.0
1590513134	4.0
0425158624	5.0
1401234860	2.0
0312355084	5.0
0800734173	5.0
147522186X	5.0
1451620527	5.0
B0094XQRX8	5.0
1481825038	5.0
0758208529	3.0
1401687083	5.0
0316069310	4.0
0764211609	5.0
B00GKKU12G	5.0
0061706353	5.0
B00CQYAW3I	5.0
0061733954	4.0
0441016332	5.0
142010425X	4.0
1416524185	5.0
1416587500	4.0
0373778198	4.0
0060782498	3.0
0804136572	4.0
1561635812	5.0
0062279874	4.0
1467940151	3.5
1401234852	2.0
0553592971	4.0
0451413237	5.0
0356502465	5.0
0989269868	5.0
1622660064	2.0
1426742568	5.0
0425236463	5.0
076420887X	5.0
0515140783	2.0
B00IKU6TWU	5.0
0373210639	5.0
158314157X	4.0
0425237796	4.0
0764208888	5.0
0764206230	5.0
0449221091	4.0
1608193306	4.0
0373774605	5.0
1402229909	2.0
1419956655	5.0
1433672936	5.0
0785161007	3.0
0843959541	3.0
0007136838	5.0
B008EB3YAU	2.0
1402258461	3.0
0740778110	5.0
B00FGFYIS4	5.0
0399152881	5.0
0785115315	4.0
0988194317	5.0
1418491454	2.0
B00HGEPEWC	5.0
1420109936	3.0
1401234836	4.0
0764207571	5.0
0671874349	3.0
0785163670	4.0
1612184685	5.0
1607063662	3.0
0970010214	3.0
0061629863	4.0
0826417744	4.0
0373774613	2.5
0843959533	3.0
0764206206	5.0
0441019412	5.0
1622660005	5.0
1401687024	5.0
0312945825	5.0
1401688357	5.0
1606902075	1.0
0307730611	5.0
0785161023	3.0
140225718X	5.0
0553591673	3.0
1420108670	3.0
0062219340	4.0
0989269833	5.0
B00HXR4G8K	5.0
B00KK4DORC	4.0
0425233383	5.0
0451222725	4.5
1906558353	5.0
B005UFBXEM	5.0
0062021397	5.0
1419956604	4.0
1629214760	4.0
0553588044	5.0
1433678209	5.0
141995489X	5.0
1413308953	4.0
0764206222	5.0
1401688365	5.0
0758231725	3.0
1439192677	5.0
0312945817	5.0
030758836X	3.0
0451228030	5.0
0441067956	5.0
0425156877	4.0
0615771106	3.0
B0073VRXWW	5.0
1416580948	4.5
0312360401	5.0
B00L2OZQBG	4.0
0263887790	3.0
1624820328	5.0
0310272319	3.0
0765359499	5.0
0553589377	4.333333333333333
0395288096	4.0
1420108662	4.0
0857688006	5.0
0738727008	4.0
142671274X	5.0
0553589385	5.0
B009FWZ1SK	5.0
0809572559	5.0
1616388412	5.0
B00DQBOB0A	5.0
0061703257	5.0
1401237916	1.0
B004LDL6H8	1.0
0553588052	5.0
006135564X	4.5
B00CGFGS3A	5.0
0451229371	3.0
0345543912	3.0
B005F0WR88	2.0
0425257355	5.0
0451219112	3.0
0985662123	4.0
0758231741	3.0
B00413PIMW	4.0
0061962740	4.0
0785152105	5.0
1420108654	4.0
0062267884	4.5
0441019420	4.0
B004U7GII2	5.0
0312945833	5.0
1401232213	4.0
B001ISOPTA	5.0
0764208861	5.0
1401234879	4.0
0553588060	5.0
B00BY5QXDS	4.666666666666667
B00FIL6SRA	5.0
0425164470	4.0
B007VUIMN4	5.0
0809572567	5.0
1587244896	5.0
1599904306	5.0
1419965514	5.0
0373211104	5.0
0060391685	5.0
B00KOSOX2O	5.0
1401209033	1.0
045123958X	5.0
0441019455	5.0
0764211676	5.0
034550075X	3.0
0451229312	2.0
1620610558	5.0
B00FUX7QUO	3.0
0615894739	5.0
0785165428	5.0
1426752784	5.0
0345543939	5.0
B003370JXK	5.0
0671864165	5.0
0821780204	5.0
1563897644	3.0
1490392602	5.0
1401232280	4.0
1416580956	4.0
0615581927	4.5
0425246655	3.0
0801016568	5.0
0441018114	3.0
0988775115	2.0
0062021346	2.0
1595541691	5.0
0062059939	4.0
1439192634	4.0
B00GEU75SA	4.0
0060840862	5.0
0758232217	5.0
0764211684	4.0
1620291401	5.0
1495300978	5.0
0312376871	5.0
1602609098	5.0
147670404X	5.0
B00BJ4XEJU	4.0
0061137588	5.0
0821767240	4.0
1613756143	5.0
0989104427	5.0
1401687008	5.0
0778316173	5.0
0307460835	4.0
1434703142	5.0
1453669973	2.0
1433671689	5.0
0991379659	5.0
0142411876	3.5
0441847765	5.0
0781404991	5.0
1416591605	5.0
0380776162	5.0
1401212654	3.0
0062333038	5.0
1492740357	4.0
B00CGFCF9Q	3.0
0061230987	5.0
1463570104	5.0
0312384483	5.0
1606010832	5.0
0345531965	4.0
1250014409	5.0
0595337465	5.0
0451231651	5.0
1426752776	5.0
1433669366	4.0
1420106821	4.0
0441018130	4.0
0451219945	3.0
B004O0UCN2	3.0
034542896X	4.0
B0054QCKDA	3.0
0373210698	4.0
0425235955	4.0
0060799315	2.0
0989104400	5.0
1402213549	3.0
1558324062	5.0
0060513640	5.0
1497435773	5.0
B00A3THMD6	5.0
143476494X	5.0
1608201236	5.0
1414309074	5.0
1935233173	3.0
B00F942VPE	4.0
0425246604	4.0
1599982633	5.0
068484012X	5.0
1595824782	4.0
1595555412	5.0
0425221385	5.0
B00CK51JT4	5.0
1401310915	3.0
1440159920	3.0
0141331860	4.0
1402213557	4.0
1603819177	5.0
B003CFBNL0	4.0
1402217919	2.0
1595824774	5.0
0061733997	4.5
1602728232	5.0
0764210319	5.0
0062085484	5.0
B009JL86JI	2.0
0060843098	4.333333333333333
1401235344	1.0
0316001783	4.0
1401215750	3.0
0446178233	4.0
0785165479	2.0
0380811065	3.3333333333333335
0061253634	3.0
B004DCB2XU	5.0
0615507123	5.0
0060927267	4.0
1564148076	4.0
1401224687	2.0
B00KI9H1FU	5.0
0440241111	5.0
0758232209	5.0
0373775075	5.0
1433671646	5.0
0451226267	4.5
037377639X	3.0
0380811081	4.875
1478209828	4.0
0385334206	2.0
1616267488	5.0
1619211335	5.0
0983953686	5.0
1477584196	5.0
0060084081	3.0
1420125125	3.0
0785165495	2.0
0345437896	3.0
0983953694	5.0
0062032992	4.0
0743467442	3.0
1451672659	5.0
031026345X	5.0
1439189870	5.0
080071931X	5.0
0989492559	4.0
1616264381	5.0
0984431144	5.0
0871352974	3.0
B00C5W2FTA	2.0
0446389234	5.0
B007N6N5JC	2.0
0991127390	4.0
0006476155	5.0
0451223292	4.0
0373775016	4.0
1420111388	4.0
0743467434	3.0
0425241009	3.0
1606901508	3.0
1477807691	4.0
B00F9AJXYA	5.0
1439189862	5.0
1616587458	1.0
0061783412	4.0
0061092177	2.0
0743410556	5.0
0312641893	5.0
1626490392	4.0
0451464044	4.0
0307731073	5.0
0800720326	5.0
0062072099	5.0
1569710775	5.0
1420110063	5.0
0553093525	4.0
0743467426	3.0
0312423667	4.0
B00GKBHIS0	4.0
B00LD9IL1W	5.0
1936558440	5.0
0441012795	5.0
0061733148	4.0
0307460797	5.0
037377768X	4.0
0060513659	5.0
0449150380	5.0
1401215661	2.0
B00JYZAOY4	5.0
0061916048	5.0
0316166316	3.0
0446618551	4.0
160504329X	3.5
B00GETW0LI	5.0
0451216954	5.0
0061128589	3.5
B00CQYAWAG	4.5
0062017357	2.0
0982410263	5.0
0061726826	3.0
0312939949	5.0
0425244946	5.0
038079487X	5.0
1420103792	3.0
0373617836	5.0
B0088NH338	2.0
B004774YNG	3.0
B008ETBJ5E	4.0
B00BU40QAY	4.0
0062237225	4.0
1420106813	4.0
1476755590	5.0
1426771029	5.0
B00CC68FG6	4.0
1499198825	4.0
1561637629	4.0
149742108X	5.0
0664229018	4.0
055358894X	5.0
1401231705	3.0
0812978250	5.0
B00L2TXEU6	5.0
014009623X	4.0
1620877120	1.0
B002C04RZ0	4.0
0764210394	5.0
0441009166	5.0
1585714062	2.0
0981890598	5.0
0671011332	5.0
0140060286	5.0
0380899825	5.0
B00CGFJ16Q	5.0
0785133976	3.0
1617952915	5.0
0736930167	5.0
0440236606	4.0
1932664491	5.0
0987963023	5.0
0425217396	4.0
1420102435	4.0
B00GETKXAI	4.0
1616552794	5.0
1620612313	5.0
0062072900	5.0
076420937X	4.0
0764208055	4.0
0451223276	5.0
1420111361	5.0
0307731006	5.0
0440244226	4.5
0756755743	5.0
1595828273	3.0
1621365670	5.0
1482309424	3.0
0061231479	2.0
0062009702	4.0
0778315606	5.0
1920441123	4.0
0451459520	5.0
B00BMKOPGM	5.0
0061136166	2.0
161638364X	5.0
140122329X	2.0
161218152X	3.0
B00J6U1DOW	4.0
1426752733	5.0
0440244234	5.0
078514157X	3.0
B0091E9XHW	4.0
0061996165	4.0
061882099X	5.0
B00ALUF3QK	5.0
1616266961	5.0
1401237061	1.0
B00EXTVSHI	4.0
0736948279	5.0
1401238394	3.0
0553385585	5.0
1439153833	5.0
B00E2PSL7I	5.0
160936631X	5.0
1602020183	3.0
0373896077	5.0
160374214X	5.0
B00CGFCEHY	4.0
0615571670	4.0
1451650469	5.0
1492827436	5.0
0800720393	5.0
0316056863	3.0
1416961674	3.0
0785151702	3.0
0440237122	4.0
044640098X	3.6666666666666665
1608197646	3.0
0425240541	5.0
0312949383	5.0
1439153825	4.0
1476744084	5.0
1469226456	4.0
1426732279	5.0
1401237053	3.0
1477807616	4.0
1451637489	5.0
1563891425	3.0
0345510100	3.0
0345520394	4.0
0553385577	5.0
0785151710	4.0
B00EJ27LV6	5.0
0983525048	3.0
0316035920	3.0
0316603570	3.0
0778327604	5.0
0061673048	2.0
0983525056	3.0
0440237130	3.0
B00CVCGYJQ	4.0
0385679505	5.0
0785132619	5.0
0345533690	4.0
B005I5GYUC	3.0
0373774559	5.0
B00640YZ1U	5.0
0785132600	4.0
1594746370	4.0
156097463X	5.0
1401237045	3.0
0758201184	5.0
0758225156	4.0
B00C2RVPWQ	5.0
B00E82DQKW	5.0
B005Z1CUK2	4.0
1602609896	5.0
0007444117	5.0
1414378424	5.0
0312945809	5.0
0425227545	1.0
B006YJRH7U	4.0
1419958437	5.0
0373774567	3.0
149041925X	5.0
B00CGFCEHE	4.0
1611183766	4.0
0553385593	5.0
0821774301	4.0
0761452958	3.0
1401242448	3.0
0451235223	5.0
1936653753	5.0
0141039280	3.5
0785130896	4.0
0956908632	3.0
1420108573	3.0
B008XY6M98	5.0
1478328231	3.0
0062118781	4.5
0345536738	5.0
1414378416	5.0
0800720385	5.0
0553593447	3.0
1599987511	5.0
148953993X	5.0
014241543X	3.0
0316043524	1.0
0140179089	4.0
1401217435	4.0
1416572589	4.0
B00JDZNGBS	5.0
0983992444	5.0
1456394800	4.0
140123481X	4.0
098543029X	5.0
1456450557	4.0
0553592122	4.0
0380775735	3.5
B00H7OLY84	5.0
1596328762	4.0
0848732634	4.0
1590513177	4.0
1416527141	5.0
0781407281	5.0
B00EXD7NXM	3.0
1401234828	2.0
0425241831	4.0
B00GGRBCNU	5.0
0505526875	4.0
0571218369	2.0
014241980X	5.0
045122146X	4.0
B006ZBSC8U	5.0
1401237096	2.0
1460993012	5.0
0349103232	4.0
1401201911	5.0
0989492508	4.0
0758202466	4.0
0425235165	4.0
1414334842	5.0
0800721691	5.0
0785136185	4.0
0375855521	5.0
1607069822	4.0
0505526883	3.0
0373774516	4.0
0312975643	5.0
0425227596	5.0
B00JI0KDXM	4.0
0373775865	3.5
0380802937	3.0
0380821214	5.0
0061082783	5.0
0758250991	4.0
0809016494	4.0
0758225113	4.0
1482582325	2.0
1937044335	3.0
0761458204	5.0
0451204948	5.0
B00HZ1E544	5.0
0781407265	5.0
0825425743	5.0
0373190573	3.0
B004Q7CQEG	3.0
042521995X	5.0
0800721667	5.0
0451221494	5.0
0060091290	3.5
1481953184	5.0
0778327655	4.0
081187723X	5.0
031025809X	5.0
149744814X	4.0
0345496256	5.0
0736951016	5.0
B003NX7BZ8	3.0
1477807675	4.0
0451225856	5.0
1416572597	4.0
B00CGFJ0LM	4.0
B00C2RXWAY	5.0
1467917702	5.0
1569718628	5.0
1401242405	1.0
1416592180	5.0
0425207978	1.0
1483919285	5.0
0812519329	3.0
1497382742	5.0
0425214265	5.0
0983671931	5.0
0446618594	2.0
084230357X	5.0
0451466683	5.0
0452282829	4.0
0800721675	5.0
0781407273	5.0
1440538727	3.0
1416588930	4.0
0316125849	5.0
0425265811	4.0
0446697346	5.0
1402218311	4.0
0451199979	1.0
B004Q7CQFA	4.0
