1499679106	4.0
B00L6G4SPU	5.0
B008RBJXOI	5.0
1455548987	5.0
1489523413	5.0
0989740617	5.0
1494494272	5.0
0985817089	5.0
B00HY3MG26	5.0
B00E1SDOFA	3.0
0989713482	5.0
0805093079	4.0
0890425566	4.0
B006IIX0N2	4.0
B00JCYUS4I	4.0
B00FP445UC	4.0
1484924886	4.0
0373210302	5.0
B00B6LRUOG	3.0
149099792X	4.0
0578125439	5.0
0758242778	3.0
B00DH8T4DG	3.0
0758267614	5.0
B008LOD7FC	4.0
1477801111	5.0
1483918777	5.0
015100692X	2.0
1456493124	3.0
B00FVIXS5K	5.0
1438243138	4.0
0985817097	5.0
0671450344	4.0
B00J3ZVX6S	4.0
1622661273	5.0
B00KQ4FVLS	4.0
B00A29CA0M	4.0
B00H95FRQG	5.0
B002E7ARKK	4.0
0307263924	3.0
B00I1VXA3O	4.0
1477473971	5.0
B00JU1OXZ8	5.0
B0096VSP60	3.0
1497454999	4.25
B009QFC756	2.0
B00KFUJX58	4.0
1455550833	5.0
B00BSOU4IU	5.0
B00IMPIPX4	4.0
0991390318	3.0
B00GL6FUMU	5.0
B00J44T4YQ	4.0
1622662547	5.0
B00K3NBQX4	4.0
1492215732	5.0
1499108826	5.0
1455578363	5.0
1482692163	5.0
0263899403	5.0
0373778287	5.0
1630420026	4.0
1479359084	4.0
1489523863	4.0
0062080067	2.0
0451462335	3.0
0801893968	5.0
1493632639	5.0
1940883172	4.0
0802722318	4.0
1453780653	5.0
0307270696	5.0
0989373827	5.0
0615911250	4.0
1419951270	5.0
B00CR73D0I	4.0
B00LMTLV24	5.0
B00HMJ783Y	5.0
061579615X	5.0
0670023647	4.0
1477817506	4.0
B00CRJYSOG	4.0
1481268503	5.0
1419951289	5.0
0988812517	5.0
B00FIWMSDM	1.0
1480147508	2.0
1493763121	5.0
0989740633	5.0
B00HUZ4LHQ	5.0
1480125717	5.0
0983398038	5.0
B0069V8Q7S	4.0
B00IQOFSDG	5.0
B008450Q70	4.0
0821772961	4.0
1939276136	4.0
1455578347	5.0
1484090306	4.0
0142437301	2.0
B00KRQCHYO	5.0
B00897M6US	5.0
0615867855	5.0
B00J07OHU8	5.0
1623420083	5.0
1455599271	4.0
B00KN9UUSA	3.0
1492371289	5.0
1494724693	5.0
0425223256	5.0
1500260290	5.0
1451649916	3.0
0982894600	4.0
1495912183	4.0
031072662X	1.0
0615796982	4.5
0399156755	2.0
1937593363	4.0
B008LO9Z1M	5.0
B003HS56UG	4.0
1466280956	4.0
1492286966	5.0
0062102311	5.0
006199622X	5.0
B00IPDVGJ8	5.0
1484817095	4.0
0062267906	4.0
B00DYEBCLK	5.0
B00L6HNQMA	4.0
146109111X	5.0
1492375675	4.333333333333333
B003IGDDG6	4.0
B00H14799I	5.0
1455574880	5.0
0970716907	5.0
B00B73H3K4	4.0
B00C3O06LO	5.0
0452296366	4.0
0307454290	4.0
0425246779	5.0
1477807292	5.0
B004XT6L8E	5.0
149097136X	5.0
B00JT1YOJO	5.0
B007OWRB7W	4.0
1455574856	5.0
1420118986	4.0
1495423786	5.0
B00C41095Y	3.0
1940832004	5.0
B00GI25Y5K	5.0
0062302426	4.666666666666667
034551209X	3.0
0062302418	5.0
0778312925	4.0
006230240X	3.0
B00KE8REUW	1.0
1484968042	5.0
0425253074	4.0
0446556815	5.0
1492293296	4.0
0985011572	3.0
1938623541	4.0
B00EB9Z902	4.5
1616080582	5.0
0061230871	5.0
1493539493	4.0
054799219X	4.0
B00J2MFK4I	5.0
B002HE1H4A	5.0
1402245017	5.0
1400203554	3.0
0449214265	5.0
0425269841	4.666666666666667
B00DLATS18	4.0
0970716958	5.0
1493530682	5.0
006207203X	5.0
1492188034	5.0
0345423399	5.0
0718178122	5.0
B00FKP37FA	5.0
B008JHXOKY	5.0
1492787701	5.0
0984234853	4.0
B005N99JFK	4.0
149542118X	5.0
031274501X	5.0
1558324194	4.0
1490425497	5.0
0425220168	5.0
1497572207	5.0
B00KU5GP7W	5.0
B00EHMFCPK	3.0
1483906779	5.0
1468161660	5.0
B007JJSIZ4	5.0
0425269868	4.333333333333333
B0070PJ4DC	3.0
042526985X	4.0
1490997954	5.0
0615803830	4.5
B0050JAZV0	4.0
1936305291	5.0
0615860826	5.0
B00FKAD59I	4.5
B00BANV988	5.0
1481981080	5.0
1623420474	5.0
0897331664	5.0
1491072032	5.0
B00BTIDW4S	5.0
1496191838	5.0
061589285X	5.0
059610104X	4.0
B00GY9SK4O	4.5
0989138607	4.333333333333333
0615769764	2.0
0991566661	4.0
B008AP93SC	3.0
0894803123	4.0
B008O53RD0	3.0
1476744130	1.0
1493670417	4.0
1496026063	5.0
B00JO2F8XE	4.0
1497414865	5.0
1595553037	4.0
1490436588	5.0
B00BG3ELWS	4.0
1492764167	5.0
B00DMTXGWU	5.0
1609418387	5.0
1484125460	5.0
1599473518	4.0
1477808663	5.0
B00FNUND4W	4.0
1595553029	4.0
0615754279	5.0
0373777787	5.0
1491015489	5.0
1402245831	5.0
0425208516	5.0
1477808671	4.0
B00AWFIJXS	5.0
1483948978	5.0
1402244983	4.0
B00D5YWZFQ	5.0
B00HP4L3S2	4.0
1477817158	5.0
B006OGOVM2	4.0
B0086G4GDC	5.0
0061928127	3.0
1492888095	5.0
0615803873	5.0
B00K5CASSM	4.0
1620610078	5.0
B00FO81XXG	5.0
B00KPIPQJ2	5.0
B00FIWMEU4	5.0
B009TSNOJI	4.0
1452889074	5.0
B00GSGN71O	5.0
1456300288	5.0
1481060953	5.0
1490946810	5.0
B00KFTA1K0	4.0
0615764037	5.0
1476712980	4.75
B005UJU6NC	4.0
B00JOW4AEM	5.0
B00H3HRPRY	5.0
1455576506	5.0
1419962833	5.0
1476735603	4.5
0613171373	4.0
1493690086	5.0
1484010671	5.0
0615894666	5.0
1491291699	5.0
1482708167	5.0
0062294776	5.0
031621017X	5.0
0615840841	5.0
1480118516	1.0
B00IGWSBT6	5.0
0062292129	4.0
1490436529	3.0
148023365X	5.0
B00L1MSEZO	5.0
0345546628	5.0
0062294784	5.0
034554661X	4.0
0983078602	4.0
1476756546	4.5
0425266869	5.0
0992629322	4.0
1402245866	5.0
0615528317	1.0
1573447188	5.0
B00EN0ZA3K	3.0
0373605528	5.0
1477817182	4.0
1484043596	5.0
B00IPIMQ8I	4.0
149214889X	3.0
B00JM1HMAO	5.0
B00FKERXXS	5.0
1492784184	5.0
1490988254	5.0
B008BXBP52	5.0
1455599255	4.0
1455578312	4.5
0385503490	4.0
B00748O4DA	4.0
1482584212	5.0
0615757375	4.0
0451237722	4.0
1463690029	5.0
1491276029	4.666666666666667
1484118782	5.0
1583333924	5.0
0615826113	5.0
0373892810	5.0
1455599247	5.0
0061843407	4.0
B007ED610Y	4.0
1467513024	5.0
0307345971	4.0
0425265951	4.5
148231312X	4.666666666666667
0312357435	5.0
1481958313	5.0
144235948X	5.0
B00J47HAUS	5.0
1605045535	5.0
1937044890	4.0
B00HGLBQ0Y	3.0
0062231146	4.0
042526596X	5.0
1940745845	5.0
0988436914	5.0
1484842812	5.0
1494240491	5.0
1476735271	4.5
1885535759	5.0
0062267159	3.0
0140449175	5.0
146379438X	5.0
B00GRX8S44	4.0
162878007X	5.0
1455599220	5.0
006218850X	4.0
B00J2F81CS	5.0
1937044475	5.0
1893005054	5.0
1482012294	5.0
B00DG8ZY8G	5.0
1620610094	5.0
1494851636	5.0
1620612275	4.0
1936305747	4.0
1628780096	5.0
1492306509	5.0
B00IA9TLBM	5.0
1402244959	5.0
1477507728	5.0
1492812080	4.5
1482529858	2.0
B00DG8ZY9K	4.0
B00K1I53MG	5.0
0988436949	5.0
1476735247	5.0
0990332519	5.0
B007Y6BCS2	4.0
1490491961	5.0
1619215020	5.0
1477808647	5.0
B005ORR6HE	4.0
0062027875	5.0
B00AIPLV1E	3.0
B00FZ2EBSK	5.0
B00BAJWI6E	5.0
1599908441	5.0
B00HUWQBMC	4.0
1481711164	5.0
0984725008	3.0
B00I0ZF9VM	5.0
B006GHBSA2	3.0
0679640878	5.0
1434768716	2.0
0099465825	4.0
0345495934	2.0
B00C1LUIOY	5.0
0380787474	5.0
0425227723	1.0
0307268276	5.0
1908917806	5.0
1499752822	5.0
0983706387	5.0
0615680046	4.8
0615877540	5.0
B00GYP900Q	4.0
0761459774	4.0
1936413213	4.0
1400202140	5.0
B00JGYBV3Q	4.0
1499218141	4.0
0062278789	5.0
B00H1BI08U	4.0
B00JWET7TU	5.0
1499313578	5.0
B00FG2LWWM	4.0
1482658143	5.0
B00957HIVS	4.0
1456318152	5.0
B00GNRGP2G	5.0
B009FHSYSY	5.0
0451235843	5.0
1620612917	4.5
1482349175	4.0
1495234258	1.0
B00G98B1Y6	4.0
1484079833	4.5
0989246515	4.5
1477561218	3.0
1423121325	5.0
0312551371	5.0
1433527030	4.0
0679644199	4.0
1495227960	5.0
1496015703	5.0
B00JUENQN0	5.0
1620612925	4.0
0425246035	5.0
B008JHXROC	2.5
0425247368	4.0
B00E7IWEFU	5.0
149429169X	5.0
B00J39DWSG	5.0
1495281078	5.0
0615822886	5.0
1402267169	4.0
0983706352	5.0
0425259765	4.0
B00IPIMWUK	5.0
1476717516	4.0
0137137486	3.0
0007120222	5.0
1595551697	5.0
B00ASBYU6Q	5.0
037377706X	4.0
147525895X	5.0
193807615X	3.0
B008S5XALU	5.0
B00JX3SJ1W	5.0
B00LKSISBO	4.0
1594203415	5.0
0425242099	5.0
B00B9MPHT2	4.0
B00JCELEZ0	4.0
0989668401	4.0
061568310X	3.0
0988688603	5.0
1492259667	5.0
1489521534	5.0
1455521124	5.0
042521575X	4.0
0615741932	5.0
1402267185	5.0
1483966763	4.0
1592407323	4.0
1455521132	5.0
0062297031	4.0
B0062CWT22	4.0
0989311287	5.0
B00H1I3UA6	3.0
B0097HRNF2	4.0
0307460185	5.0
B00BJ3OFXU	5.0
1402251629	4.0
0983740232	4.0
B00JU93M6Q	3.0
1463695403	5.0
098966841X	5.0
B00BLTOD34	3.0
1499128789	5.0
1936413272	4.25
1250058236	5.0
1481988867	5.0
0425259722	5.0
0451239350	3.0
B00IIYHLM0	5.0
1456527738	5.0
0553216279	1.0
0615766412	4.0
B00HHCGZTE	4.0
1482063557	5.0
1402261829	4.0
B00JDYC5OI	5.0
1495307352	5.0
0972437738	5.0
1460222288	2.0
042522905X	4.0
0425259714	5.0
0143123629	5.0
B007QW5RQC	4.0
1479344591	4.0
B00IKZ7U4G	5.0
0062008110	4.0
1478314605	5.0
1402267134	5.0
0751552615	4.0
054524210X	5.0
149033274X	5.0
1936305380	5.0
B008HSH366	4.0
B00KKU4INA	3.0
1481244612	2.0
0425243397	5.0
0312992432	5.0
1477571086	5.0
B00H0GNYQ4	5.0
1420118633	4.0
B00K00CZ44	5.0
1489534806	5.0
B00J1Q50YA	4.0
0373210485	5.0
1494374560	5.0
1940165032	5.0
1489554408	4.5
1781847924	5.0
1490916636	5.0
1481802119	5.0
B00D2CNBKE	1.0
B00JFYNMSE	4.0
0425259730	5.0
1400202515	5.0
1466266732	2.0
B00GRFWMAI	4.0
1479103780	4.0
1442187697	4.0
0373773927	5.0
0615731317	4.0
B00B9E4OB2	2.0
0373778376	5.0
B00KHV1VJG	5.0
0373210493	5.0
1500196169	5.0
0988273683	5.0
B00GBOP0FO	5.0
B00F8FOZ7G	3.0
B00J096MG8	5.0
0981583636	5.0
0373776128	4.0
149031802X	5.0
1442421177	5.0
1489591095	3.0
1940165016	5.0
1479388122	4.0
B0069VVQES	4.0
1419970291	4.0
1938404602	4.0
1493774778	5.0
B00I2VUKKY	4.0
1453725776	5.0
1492141291	4.0
1495979350	5.0
0310715881	4.0
1938623614	4.0
1495271684	4.5
1494751534	4.0
B00LRM150O	5.0
1499622988	4.0
B00DRL96CC	5.0
0307750833	4.0
B00HCLDV24	4.5
1478165189	4.0
0615826814	5.0
B004GNFNT0	5.0
1490518231	4.0
1490417737	5.0
1442436670	5.0
B0092XHP4K	5.0
1484854152	2.0
037377656X	4.0
0988742942	4.5
0987526111	5.0
0738209961	5.0
1477661875	4.75
1492135496	3.0
1476730091	5.0
0713687908	5.0
0971217742	4.0
0345545834	5.0
B002ZFGJV2	5.0
B00GO6VI50	4.0
1937929892	5.0
B00FCXPMOY	5.0
0062249894	2.0
0345506340	5.0
0988715333	5.0
B00II4HX7S	4.0
0451417054	5.0
1475145578	5.0
B00FXBTYOO	4.0
0713687916	5.0
0007245742	5.0
1492746622	4.5
1939786177	5.0
149738737X	3.5
B007XIC64A	4.0
1455574457	4.0
0143124544	5.0
0425219763	5.0
1250032970	5.0
1490951032	5.0
B00EVD47YC	4.0
B00EPZUSYY	5.0
0978924681	4.0
0615825524	5.0
0151006040	4.0
1499606893	5.0
1492228451	3.0
B00GXKIC8S	4.0
0425195260	5.0
1497455049	3.0
0425218422	4.0
B00AGXN8O6	4.0
1494722631	4.0
0761461264	4.0
1939786150	5.0
149473592X	4.333333333333333
0987526154	5.0
0451419219	4.0
1497426995	5.0
B00HOIH342	5.0
1453220275	4.0
1402245777	4.5
1482747634	5.0
1940941423	5.0
0062065114	4.0
0373697228	5.0
1476741182	4.75
0615859763	5.0
B00H9JGL08	4.0
006178320X	4.0
B00FA39RDI	5.0
B00I0J0Q4S	4.0
B00IIOFZVO	5.0
B00CVS2KH0	4.0
1499186606	5.0
0989780716	5.0
1455549002	4.0
B00F8FXG8U	4.0
147781728X	5.0
0989108155	4.0
B005FG17T2	3.0
1455574449	4.0
B00F8Z2C9O	4.0
149280584X	5.0
B00AI3A3RO	5.0
B00K1OV9PK	5.0
B00GZ9CSHS	4.0
1461085977	5.0
1495472418	5.0
1477684557	5.0
1618770713	5.0
0615752179	5.0
0345524942	3.0
1493671898	5.0
B00E2QS6SG	5.0
1402244428	5.0
1494999811	5.0
1480213985	5.0
B008C3HIA2	3.0
1492731552	1.0
B00IH8IDVA	5.0
1484068769	5.0
0425266516	5.0
1492904260	5.0
1484120906	4.5
147937296X	4.0
1402263155	4.0
1936305445	4.0
1939786193	5.0
1470077892	5.0
1401940609	4.0
B00GSWF888	4.0
B005PJ04RK	4.0
1451533969	5.0
B00JVOYH78	5.0
1476753164	4.857142857142857
0373777825	5.0
1491052295	5.0
1937044556	3.0
0345544110	4.666666666666667
1482082632	5.0
1481004379	5.0
1430231149	4.0
B00EP6LI92	3.0
1490346023	5.0
0989982424	5.0
B00CC6X8HC	5.0
1442488638	5.0
0985059176	4.666666666666667
0692208879	5.0
0373776985	4.0
1492769339	5.0
B00I1VX9YO	5.0
1481093789	5.0
B00IS97NMS	5.0
0515145068	5.0
1402251564	3.0
0765367602	4.0
145356733X	5.0
0352341971	5.0
0446547573	4.4
B00B6623C0	1.0
006226768X	4.5
0988489112	5.0
0061582018	4.0
0137142900	4.0
1442195339	5.0
1476730946	5.0
B00FZ7I3A2	4.0
0307408841	2.0
B006KIRCOS	3.0
B00938UJQU	5.0
158008219X	4.0
031604461X	1.0
1499141718	5.0
B00KSUPAMK	5.0
1569243093	5.0
1491253002	4.0
0897501225	5.0
0976554704	4.0
B00I9KPXV4	4.0
0425255816	5.0
B00G4JYE8K	5.0
1442352965	5.0
B00BND1UTS	4.0
1481258885	5.0
0062351893	4.0
1463573049	3.0
0980576857	4.0
1612184898	5.0
0425272346	4.666666666666667
0307460134	4.0
1484148037	3.0
B00J5PQTF6	5.0
B00DY8HARG	4.5
1481023012	3.0
B00IODNJRG	5.0
0425246043	2.0
0373773897	4.0
1492869031	5.0
0985059133	4.0
1480074616	4.5
0300089236	5.0
061577041X	4.5
B00BHLGZJ6	4.0
1471133567	5.0
0425272354	4.0
0451235878	5.0
0007118899	5.0
0323039545	3.0
1492884685	3.5
1939786134	5.0
1936305860	4.0
1482640058	3.5
0615843840	4.0
0316018775	1.0
B00L9HIR4E	5.0
1477665412	3.6666666666666665
1476751803	5.0
0373777809	5.0
B007C6YYRK	4.0
B00JZ6W9WC	5.0
1481058134	4.75
0778314103	5.0
1469982994	5.0
0006530702	5.0
B00L0N6NAW	5.0
0993702325	5.0
B005QQ3KF0	5.0
0786003723	1.0
1939173612	4.0
0373776942	5.0
1939786118	4.0
B00DY8HASU	4.0
B00BGVJ8WS	5.0
B00AAQ45QY	4.0
B00EYJ2LGY	4.0
B005GFBQWU	4.0
B00CJGUJKE	5.0
B00B0A5XW4	5.0
0373776950	4.0
1937438066	2.0
B00IA6QWP8	5.0
1630350273	5.0
1495200388	5.0
0425267067	5.0
B00452VBHU	4.0
B008JHXUTO	4.0
1940346037	4.0
158008463X	4.0
0983012504	5.0
1402257279	4.0
B00K3517K4	5.0
B00CJGUHR4	5.0
B008JHXQL6	4.0
1471133524	4.5
B00EDWMG3K	5.0
0451234871	5.0
1490383395	3.0
B00HZNZJRY	4.0
1491068116	5.0
B00JQUBU9K	2.0
1432778595	3.0
0615638635	5.0
0312979983	5.0
B0045JLQLO	5.0
1455526975	5.0
B00DPAFPQG	5.0
1452572917	5.0
1484021959	5.0
1455599085	4.0
1592407242	4.0
B00IT4DH22	5.0
1936305097	4.0
1402258100	4.0
0578000512	5.0
0312979975	5.0
014311610X	5.0
1496129628	5.0
0425267083	4.0
149600938X	5.0
0547232799	5.0
149934306X	4.666666666666667
B00GCMGWMA	5.0
0615782140	5.0
0142422010	4.0
B00C9L5L52	5.0
193919394X	5.0
0743597222	4.0
0615822762	5.0
B005M2ANY4	4.0
1475187963	2.0
0425263908	4.25
081121379X	3.0
1495424847	4.5
0393330109	5.0
1476763526	5.0
1406337609	4.0
148276895X	4.5
193781503X	4.0
145266868X	5.0
0547390092	5.0
1940448018	5.0
B008JHXQGQ	4.0
1402284853	4.0
B00DK41PRA	4.0
1250007151	4.0
1455599050	4.0
1481953214	4.0
1476718970	5.0
0425245241	4.0
1941098096	5.0
1468112422	5.0
0615388604	3.0
0425263924	3.6666666666666665
B00K2I13ME	5.0
1482520087	3.0
1573447870	3.0
B00J3BRW6C	4.0
0441019307	3.0
0425267040	5.0
0984833927	4.0
B00CO7GIFI	5.0
1597480770	5.0
0689829035	5.0
0425263916	4.25
B00JOZE1NY	4.0
1402251505	4.0
B0071LLL2M	4.0
0989281000	4.0
B00H1AIHIO	3.5
B00GX5LIS4	5.0
0988489171	5.0
B00KF0URBM	5.0
0786013478	4.0
B008L40O08	4.0
B00H7GA1YU	5.0
B00EA9EDNM	4.0
0615836968	5.0
1936558025	3.0
B00HH1JVCI	5.0
061576567X	5.0
1492343846	5.0
1936305038	4.0
B00JXK8AGY	4.0
1466219661	4.0
1608601455	3.0
1402271514	5.0
0373766025	5.0
B00JFHKEOG	5.0
B009B11BKW	4.0
1495205215	5.0
1620153424	5.0
B00J0KYFSO	5.0
B00JPJY43Q	3.0
B00AR49H2Q	3.0
B007SBHU2A	5.0
042524301X	4.0
1484994566	4.0
1576875989	3.0
158008818X	1.0
B00GEU7508	3.0
0451229452	5.0
B008JHXR88	5.0
1420125036	5.0
0451468279	4.4
0425268330	5.0
1481976303	5.0
B00B03OXDG	5.0
0674276604	5.0
0615883729	5.0
1470171570	5.0
B00ITENMQI	4.0
B00F076TXA	4.0
B00F9EZCKU	5.0
0385341059	5.0
1492809438	5.0
1630350222	5.0
147674355X	5.0
B00FFLU4LE	2.0
1480114480	5.0
B00BVXQS1U	5.0
1476731535	5.0
0062336819	5.0
0989416402	5.0
B008HYYCTQ	5.0
B00KF29D8I	4.0
1481999842	5.0
149539090X	5.0
1475094086	5.0
B00HB5WS84	4.0
0634062883	4.0
0425253252	4.0
0451419707	4.75
0989416410	5.0
0451468287	4.333333333333333
1476764468	5.0
0062304828	5.0
0323035620	5.0
0062123467	1.0
0451419715	4.0
1492889571	4.0
0425245640	5.0
1936305062	4.5
0517187213	5.0
0988301318	4.0
B00K92YH30	4.0
0618507558	2.0
B0058V67G2	4.0
0425245659	3.0
B00DDXKA1U	5.0
1250001412	3.0
1496106164	5.0
0373778465	5.0
B00IT03ZNM	5.0
B00B0GA7VA	5.0
0425213617	5.0
0425236714	4.0
B00EWZNC0E	4.0
B0092W7YW4	4.0
1495915409	4.0
1482319055	5.0
1936558084	2.0
B00IDW3QOO	5.0
1569756554	4.0
1936413310	4.75
1495927857	4.0
0345506359	4.0
0061808806	4.0
0765367580	5.0
1623420229	5.0
1937593088	4.0
B00HXXE5Q2	4.5
149236522X	5.0
B00AIBQ6P4	5.0
1499145136	5.0
B008FSA44Q	5.0
1466276169	4.0
0615928668	5.0
1484093666	5.0
B005ZWRMM2	5.0
0230755062	4.0
147780756X	5.0
0761119795	5.0
0425255999	5.0
1490368574	5.0
0425238199	5.0
0989339270	5.0
B00H3HRWDQ	5.0
1481952838	5.0
B00KCE1K2Q	4.0
B00HTM7UDM	5.0
0061998249	4.0
1419960482	4.0
B0089YR3MC	3.0
B00C5R83E6	4.0
B00HYQJPC2	5.0
0156029030	5.0
0425221725	2.0
0553197932	5.0
1402258909	4.0
1496054784	4.0
B00IHCFAHQ	3.0
1413313213	5.0
B00E8OQ9R2	4.0
141657283X	2.0
0765367599	5.0
0062076108	4.0
B00K9V2OPE	5.0
0983669538	4.0
B0070Y3GQY	4.0
1595551077	5.0
B00KKXTC2Y	4.5
1492103748	5.0
0606238409	5.0
0988273608	5.0
B00550M0SU	4.0
0425217213	3.5
1493750410	5.0
149105476X	4.5
B0070Y370Y	4.0
B009A1A17C	3.0
1494282011	5.0
0062076116	4.0
0615608868	5.0
B007SQUNII	4.0
B0098JIXU8	4.0
1492121169	4.5
0778313999	5.0
0615781608	4.0
B00HMP4JEO	3.0
185487487X	3.0
1484967836	3.0
1493596292	4.0
1492955949	5.0
149979178X	4.0
B00HEX4NSQ	4.0
1936305593	4.0
B00JO8YPG4	5.0
1402264348	4.0
0843962437	5.0
0758242174	5.0
1479390046	4.0
1936305585	4.0
0989438708	4.0
B00E34KT96	4.0
145162137X	3.0
148183682X	4.0
0972437762	5.0
B00J915BYG	4.0
0988273632	5.0
1490940499	4.5
061544752X	5.0
1476746532	5.0
1490927042	5.0
B007KGDTX2	4.0
0778313530	3.5
0307460630	5.0
B00I0D9HUS	5.0
0141339195	5.0
B00IE4QU7Q	4.0
1451645341	3.0
1611189837	4.0
193978607X	4.5
0984293035	4.0
0988695103	4.0
B008O0QUU2	5.0
B00HBUPBC4	5.0
0307744434	5.0
B00FEZLWCG	4.0
B007E3FBDW	4.0
B006SRTWOE	4.0
1936305569	4.0
0323037429	3.0
1494364859	4.0
B00FZVC26E	5.0
0615974171	5.0
1452663874	2.0
1481025988	4.0
067173783X	4.0
1470124327	4.5
B00GUS99WG	5.0
B00H4GCEL6	4.0
1402262124	5.0
0385340540	5.0
B00E9JLXH2	4.0
1442485256	5.0
1936305941	4.5
1937044661	4.0
055214262X	4.0
1469905833	5.0
1476759006	5.0
0373778813	5.0
0060585439	5.0
0983706336	1.0
0578122596	5.0
0615801048	5.0
1499113129	5.0
098869512X	5.0
B00JFEV164	1.0
B00KPHGSKY	4.0
B007RMZYL4	4.0
1476755094	5.0
1941098126	4.5
0345523784	1.0
B00ALIV1W2	5.0
0983731721	5.0
0615729916	2.0
1499382642	5.0
B00KGREQZW	5.0
B00B687AX0	4.0
0960695400	4.0
B00GIURUEA	5.0
B00DWIZJT4	5.0
1492976423	4.5
0781781574	5.0
1482761807	4.0
1476761779	5.0
1496146239	4.5
0615887767	5.0
1448658799	3.0
077831443X	5.0
0439023483	5.0
193630550X	5.0
1492305413	5.0
1499216181	5.0
1456473786	5.0
B008E8KF6Y	5.0
1482015560	2.0
0312587554	4.0
0380783002	4.0
B00BP9H3B4	4.0
0439023491	5.0
0996096701	4.0
1416579095	5.0
B00CO50G3U	4.0
1936305984	5.0
1609280806	5.0
1499290942	4.666666666666667
B00K4368KO	5.0
0307473546	5.0
1250006317	4.0
B007C4WIPC	5.0
1482772973	5.0
B00I33VP1Y	5.0
B0092QUFRQ	5.0
0345537998	5.0
1622668030	5.0
0393068374	4.0
1937254550	5.0
0989630463	5.0
149043013X	5.0
1478132744	5.0
061574642X	5.0
0778314472	5.0
1492733229	5.0
B00JL1GWS8	4.0
0061914622	2.0
0615744257	3.0
B00KV0X0UG	5.0
1936305968	4.0
B009MD66JK	4.0
0989465004	4.5
0578141809	5.0
1494253151	3.0
1481955306	3.0
1480536466	5.0
B005G5153K	5.0
0061914657	4.0
1496139542	5.0
1480276855	4.666666666666667
B00KANKYJE	5.0
B00JOPR0ZK	5.0
B008HFYU6K	4.0
098488789X	5.0
1491010266	4.0
0263883361	4.0
0061985864	5.0
0811868729	5.0
1477695079	5.0
0989450252	5.0
1940832977	5.0
B009XIQVWQ	5.0
1492908495	5.0
1484820541	5.0
B00IP47VU0	5.0
1492108421	5.0
1494289105	5.0
0809126311	1.0
0989269868	4.0
0984887873	3.0
0373210639	5.0
1476783284	5.0
0985008687	5.0
149484172X	3.0
148398527X	5.0
0671737791	5.0
1499620128	5.0
B00H0V069M	5.0
0451240197	4.0
0062081012	5.0
014219672X	5.0
1416536140	5.0
1489570799	5.0
B00HKMUFU6	5.0
1630350184	5.0
0061935107	5.0
1630350192	5.0
0989450236	5.0
148956621X	5.0
148113728X	4.0
1482318687	4.0
061566069X	5.0
0615980376	4.0
B00CJGUKRQ	5.0
B005BU9JK6	4.0
1622660005	5.0
1455599182	5.0
0399164456	5.0
0062273280	5.0
B00COMUGY2	5.0
0991379632	5.0
1494407752	4.0
0989269833	5.0
073560505X	5.0
0425233383	4.0
098512430X	5.0
0989104478	5.0
1482718529	5.0
B00L82KPYK	5.0
140168968X	5.0
B004TS9FC8	5.0
1491230592	5.0
0345803507	4.5
B00DXU05C2	5.0
0615771106	5.0
0425240924	4.0
1484816064	5.0
0425212017	5.0
0425238601	5.0
0451464427	5.0
B009I3SO9E	4.0
1476714266	5.0
B00HUN57TO	4.0
1481980718	5.0
0425272966	5.0
0987534351	5.0
B00H3M921G	5.0
1476763623	4.5
B00IAR46FK	4.0
0778316130	4.0
0991379616	5.0
B00G64X2W2	4.0
B00LH7TTLQ	5.0
0425257355	5.0
B00DE50M2E	4.0
0385344406	5.0
1479354996	4.0
0984887849	5.0
0062136275	4.0
B002R2OFBO	4.0
B00HFXK4W4	4.0
B00FIL6SRA	4.0
1497497132	4.0
0399164421	5.0
0615575234	5.0
B00HFVMP0K	4.0
B00L3ROECE	4.0
B00KOSOX2O	5.0
1481836579	2.0
1479218685	5.0
0141304278	5.0
B00GF59BAE	5.0
B00H9TW3QO	5.0
1480170623	4.0
1480255513	5.0
B00I5NJ0B4	5.0
0992106818	4.5
0312303467	5.0
0425212866	5.0
0451236092	5.0
0987745735	4.0
1500167886	5.0
0151009252	5.0
0062273248	4.0
1490368973	5.0
1612186009	5.0
0615581927	4.666666666666667
0989041697	5.0
B00CVNRWUA	4.0
B005CRQ4Y2	4.0
0505528223	4.0
1495300978	5.0
1402245556	3.0
1482332574	4.0
0615429505	3.0
B00JF97EYM	2.0
0553589733	4.0
1481835262	2.5
0062022644	4.0
1558326693	5.0
1489509658	5.0
0991379659	5.0
0988752441	5.0
0062333038	5.0
1490938648	5.0
1476756503	5.0
B006QCK89E	4.0
B00CFOJU3C	4.0
1500240532	5.0
1573443972	4.0
B00F1KAK86	5.0
1478276924	3.0
0989104419	5.0
B00DC244DW	5.0
0385730306	5.0
1499291019	4.0
B00BTMSI6Q	5.0
0439023513	5.0
0316175668	5.0
B00693EQBG	5.0
0989104400	5.0
0989450201	5.0
1494204339	5.0
1463410417	3.0
B00BEK71Q6	4.0
1476718202	5.0
B00K2GAUC0	4.333333333333333
0061031127	5.0
1494807017	5.0
B00L3LAP3W	1.0
0615774237	5.0
B00GDQRHQK	5.0
1499535392	5.0
B00GSPLQTU	5.0
0062022636	4.0
1492111228	5.0
1906868271	5.0
B00DT5FHGA	3.0
B00DJB6KE2	4.5
B00882GFR4	4.0
1497572320	5.0
0989598454	5.0
1492886181	5.0
1612130488	4.0
0615868401	4.0
1476755604	4.4
149032495X	5.0
1497383145	4.0
B005FQN2A4	4.0
0061953407	4.0
0061096024	5.0
1469984016	4.0
0373892055	5.0
0099911701	5.0
0992106834	5.0
B00KI9H1FU	5.0
1477266836	4.0
B00JIV2YA6	5.0
0385739168	5.0
B005WNXOTE	2.0
0515119393	5.0
1482719436	5.0
B00L83DO56	5.0
1493643274	4.0
1492971332	5.0
B00AP5NJBM	5.0
0811874540	4.0
0373778570	5.0
1940748003	5.0
B00GW9SOBK	5.0
1401215734	5.0
1484890450	5.0
B00J1V124M	5.0
B00JPRUYBO	5.0
1477805028	4.0
1476732027	4.0
0373618727	4.0
1490506535	4.0
B00BB3B2C0	2.0
0312315058	5.0
0989492559	5.0
B00H0IM2UQ	5.0
B00CCRTFSC	4.666666666666667
B00JTIOYOM	4.0
0373605412	4.0
B00IWD65I8	4.0
1930486731	2.0
1440431957	4.0
0449150399	1.0
1477817492	3.0
B00G9IYD6Y	3.0
B00889U974	5.0
0425266761	5.0
1938404009	2.0
1491208295	5.0
B00EQMK918	1.0
B00DR4XGUM	1.0
1480065951	3.0
1477817484	4.5
1935953354	5.0
0989769704	5.0
1492793639	5.0
0446527785	1.0
B0085BEENU	4.0
B00B3DGLR4	3.0
1607477181	5.0
B00EP1ZUW8	5.0
B008840GI6	5.0
B006Y9YM9G	4.0
0505527308	4.0
B0068D7S7G	5.0
1940745322	4.5
1490541322	4.0
1496145437	5.0
037377768X	5.0
B00EIKV4VW	5.0
0984799125	4.0
1484977939	4.0
1477805052	4.5
1469982781	5.0
000727405X	4.0
1491072067	5.0
B00J0D69KI	4.0
1470027399	5.0
0399142177	5.0
061588234X	5.0
B00CQYAWAG	5.0
0984799133	3.0
1476755108	5.0
B00KIRNA3Y	4.0
0615793312	4.0
B00FO60CH6	4.0
1489528865	4.0
0312653832	4.0
B00AYOG8QW	4.0
0425244946	5.0
B00GLSBYYG	5.0
B008ETBJ5E	5.0
0425251241	5.0
B00AOT3UDG	4.0
1476755590	4.857142857142857
1480588032	5.0
1936305232	4.0
1499198825	5.0
1492255874	5.0
1480132705	4.0
1402265557	5.0
0765322528	5.0
B00K23BQEO	4.0
0988061228	3.0
1484807944	4.0
B005C5YZ86	4.0
1476776040	4.75
0142420891	5.0
B00C74WXEI	5.0
B00HUVRFG4	4.0
125005236X	4.6
B00L5QH96Q	5.0
B00BYK0OE2	5.0
1440552169	4.0
0758265166	4.0
1620612313	4.5
1401685781	5.0
0990377105	4.0
B00ASP8XNS	3.0
1480264024	5.0
0061941026	2.0
B00BNRIK4W	4.0
1495459225	4.0
1476776016	5.0
0972869255	5.0
0062004018	5.0
B00BRWYURE	5.0
1490515011	3.0
0989769720	5.0
0988996839	5.0
1936305208	4.0
B00B5KCK0M	4.0
0425266745	5.0
1484847105	5.0
1936305682	4.0
0373534647	3.0
1410419835	5.0
1495327515	5.0
1492827436	4.0
0985817003	5.0
1492265225	4.0
1605294705	4.0
1476763607	5.0
1484990536	5.0
1476744084	4.0
1492788678	5.0
149617707X	5.0
B00F80CJ7Y	5.0
0615470629	5.0
1611099188	2.0
B008H04ZTW	5.0
B00JOSCTT4	5.0
0062110837	4.0
B004TRNB4M	5.0
1484081501	5.0
0373777604	5.0
0373778937	5.0
1440532168	4.0
1481936603	4.0
0425272125	5.0
0007444117	4.0
1493511459	4.0
B00JKMLD8M	4.0
B00K0G9ZSW	5.0
B00DD8O9S0	5.0
1611183774	4.0
0373777612	5.0
1476725365	4.5
0615806627	5.0
B00FDX59UA	4.0
1490339973	5.0
0615789684	5.0
1484076168	5.0
1480141283	4.666666666666667
148953993X	5.0
B00JLYS5US	5.0
1493661442	3.0
B00FIVYEUI	3.0
148008591X	4.0
1499324855	5.0
B00E3KE91Y	4.0
1456450557	5.0
0007386648	5.0
0310728185	5.0
0688137520	5.0
1483912647	4.0
014241980X	5.0
1623007372	5.0
0991686004	4.5
0062024027	4.5
B00CJFMX8G	4.0
B00GP0SB8W	5.0
0988348268	5.0
0373774516	3.0
1941098010	5.0
1493700650	5.0
1492776254	3.0
B009KEXBC6	5.0
0345803485	5.0
1476759529	5.0
1416507507	5.0
B00FILHCCU	4.0
1612185967	4.0
1490907157	5.0
0778314340	5.0
0380718758	5.0
0802722989	4.0
B00KYIMNRQ	5.0
1456307185	4.0
B00B6K69K8	3.0
B008GVC6SE	5.0
037379763X	4.0
1580052517	4.0
0615417175	5.0
0989003310	4.0
B00JZ040WU	5.0
0061808776	5.0
1480008907	3.3333333333333335
0345803493	5.0
0956966977	4.0
1492206083	5.0
B00LD6IYUS	4.5
0989825086	4.0
0451466683	4.0
1941098037	5.0
1420131362	5.0
