0764221760	4.2774971484438655
0764201913	4.8061281337047355
0739469339	4.674189257373515
B009UIGTVW	3.0
B0080YFCP6	5.0
B00BA2DXJM	3.0
0800730801	5.0
0373207247	4.0
B00HTNGL9A	4.0
B00EBQPTXM	5.0
B00HQJH26S	2.0
0764211714	3.0
0764206370	4.0
0764228285	4.0
0781404258	5.0
078140424X	5.0
1606412442	5.0
0842369317	2.0
B0055DJOB8	4.0
1484188497	5.0
B00FTK960G	5.0
B00FEZ20WW	4.449579831932773
B004UWPNJM	3.518339100346021
0345521080	3.0
0764207474	4.0
0764208322	4.869140206921156
B00D6SCXY4	4.236708207359339
0764228277	4.492212848799481
B00JCE8EY4	5.0
0800757181	4.377690965007065
1494268744	4.0
B006AXT1VA	3.0
B005TUBRW6	4.0
0373873697	4.486986178423981
0764208403	4.462750716332378
B00DW7N55A	5.0
1452866422	4.0
1494308096	5.0
0800795571	5.0
141437934X	5.0
1476783284	1.0
B00CDH5TU4	4.0
B00E1X3S7Y	4.0
0989042936	3.0
B00B3MSD2G	3.0
B00AK1HIEA	4.0
1467917109	2.0
B00AA46Y06	3.0
B001BM2ZFO	4.0
B00COS2AKO	3.0
0310330734	5.0
0923568964	4.0
1490523103	4.0
0800732081	5.0
B00B9N1GSM	5.0
0978927028	4.0
B00KAQAI1A	3.0
B00847K87Q	4.0
B00FQQ1A8Y	4.004868872413411
0803497237	2.0
B00G984VPW	4.0
1475023456	5.0
1461148677	4.0
B00AV07RAK	4.0
B00B04VJ32	4.482734806629835
0263899403	4.0
B006WFRNKC	5.0
B00B07B99S	5.0
B003IX0H1S	1.0
0983952418	5.0
1484862155	4.0
1935961446	3.0
B004TQN0NU	2.0
B007QNPRUW	5.0
B002RKR3JC	3.0
B00E0RCKQG	4.0
0786214759	5.0
0615809529	4.0
080073324X	4.8690717470612075
1467946516	4.0
0446612774	3.6749837274896944
0764206427	4.665192347253652
B006CT0J0E	5.0
0764227009	4.0952321361531725
1478295856	4.0
1461089425	3.0
B005EM2NXG	3.0
0800734211	5.0
B004SBO41S	4.0
1475222548	5.0
B00AABHU70	2.0
0800734459	5.0
1434799301	4.0
1449513778	4.431494110353379
B00HLPNH84	4.0
B0078T6YHY	5.0
B007VUIMN4	4.0
1939356075	4.0
0781448468	5.0
149238898X	4.0
B009N9EMBM	3.748699882570038
0615636837	4.0
0615580947	4.0
0764209116	4.305380003240966
0988191237	5.0
B0089HD3QY	4.0
0764209124	5.0
1434700097	2.0
1480054542	2.6512605042016806
B00AX1ZBKU	5.0
B00BMPAFUC	4.0
0739431234	4.92227507337314
1556114931	5.0
1606416529	5.0
B00APT8BDE	4.0
1479250287	5.0
1426707630	5.0
B003JTHMO6	5.0
0615654134	5.0
B00EVSB3N0	4.262758104204559
0985723505	4.0
B00860MTUK	4.0
1612186009	5.0
B00G83M4IY	4.999999999999999
0395883970	4.0
B00B9HHPQU	5.0
076420839X	4.0
0988564319	5.0
0316573957	5.0
B00GWF5ETE	5.0
B00GLSR5V2	5.0
0764209132	5.0
B00F9CHZFC	5.0
0253211387	4.0
1414334095	5.0
1105810666	3.0
0615618820	4.2083265038518265
080075963X	3.0
1467976970	1.0
1470012634	3.0
1577347870	4.449579831932773
B00IEUWXUI	4.0
1484858786	1.0
B00AZUBUVS	5.0
1466256931	3.0
B00I4BNN4W	5.0
B00AJRLI7S	4.0
B00961RMZK	5.0
084234036X	5.0
B007PPJOGO	3.804100999830537
0764203800	5.0
1581826486	3.0
0982624298	2.0
B00DGYPF4I	5.0
B00B8SAI3M	4.449579831932773
B00BY8QIVW	4.0
0553108913	5.0
B006H96RO6	4.0
1475066228	3.0
1401689795	5.0
B00CMU90R0	5.0
1586607731	5.0
0615441866	4.449579831932773
0764208381	4.328901089474135
B00BLCIJPY	4.0
0439023513	5.0
B00AAFK75I	5.0
B00AP4LJIS	5.0
B0058VAORA	4.0
B00IC6B8KK	5.0
B00BPWNMD4	4.0
1426707665	4.0
1602602875	4.0
1449966128	1.0
1602902143	4.648393619411368
0615421091	5.0
0345542886	3.0
B00GNNDI5W	4.0
B0063T7QN6	2.0
B00IAW21NE	5.0
B005PA95S8	3.0
B003CT31VQ	4.0
B00DDD8L6G	4.521203103411628
1597898228	3.0
1616267585	5.0
B00FAYYWNC	4.0
B00FR1ER1U	5.0
1434764966	5.0
084233498X	5.0
0982523319	5.0
B004UJ2H0S	5.0
B005OC68XW	3.3089954260545484
0764210319	4.313046258793435
B00IZD6PEO	4.0
0800758471	5.0
1616260831	5.0
B008EV1C9U	3.5851851851851855
B004QGYBNG	4.0
0373828640	4.801709401709402
B00BZPLHJM	5.0
1413703925	4.0
1468065343	4.0
0615744923	4.232133702450528
1556618395	4.0469075747046555
B00ARFOGQ2	3.0
0764209663	3.0
0373442556	4.7829518547750585
B00699917E	5.0
1481087207	1.0
0800757270	5.0
B00GP3HP18	4.48957938613111
061583891X	4.0
B00F9UOK7U	5.0
1470082942	2.0
B00AEIZSEG	4.0
1411618440	4.0
B00D4B53UE	5.0
1475116853	5.0
1591844037	5.0
0425182169	4.0
B00GWRQ95K	5.0
B00K6GZJ68	4.0
1493552317	4.0
006083448X	3.0
0373486596	4.818016614745586
1434704025	5.0
1481814761	5.0
0615566642	5.0
0373675895	4.0
0373484291	4.0
1421848317	4.449579831932773
B00CIIFV8S	3.0
1452882088	5.0
0764200739	5.0
B007QTTKZY	3.0
1481087576	5.0
1611940486	3.0
0764202448	4.0
1453736352	4.0
0800731573	5.0
1477511520	4.0
B00EZE88SS	4.0
0615742289	5.0
B00ET7Q4OG	5.0
0764205951	5.0
1602607605	5.0
1453602968	4.0
B00GZCK7IW	5.0
1481217747	5.0
0373752253	3.5685058896466213
1490495428	5.0
1597898686	5.0
0263211053	4.0
0989185974	4.0
061568940X	2.0
0764226649	4.087761036214645
1493500937	5.0
0983124906	5.0
0764206931	5.0
1927036380	4.0
B0084BL4NY	4.0
1602607621	5.0
B00F9BRVAC	4.0
B006DJSRIO	5.0
0743297512	1.0
0821766996	2.6512605042016806
B00FVGRX9O	3.0
1602607613	4.0
B004SQX4G4	5.0
B00KFDVSJO	5.0
0800733851	4.701550695825049
0842339558	5.0
1481032585	4.0
1491072083	3.0
1480220159	5.0
B00EM36GU4	5.0
1480048240	4.0
B00J8X2SKA	4.0
B00D7NEUNU	5.0
1940492009	4.799343544857768
1578561272	5.0
1490913076	4.0
0764203649	3.956912701386287
B004PLMC5G	2.4708179648513777
B00GPSN73S	4.0
B005L4O9Z2	3.0
0764206915	4.012326438084443
B006P5CH1O	5.0
080075798X	4.0
B00AB1NJV0	1.0
1484813685	3.0
076733275X	4.0
0764202677	4.661018943405106
B00FSLF4NO	4.0
B00I7JK0FG	4.0
1449550207	1.0
B00KQ8XU26	3.0
B00IK84ODI	4.0
B00D06YH5U	4.0
B00C8X8Q5S	3.0
147824738X	3.0
0764202766	3.7815461346633414
0983991995	5.0
080075896X	5.0
B00H2NIMB2	5.0
B007B5FRQO	5.0
080073176X	4.198148148148148
0973673621	2.0
1470076888	5.0
0985164859	5.0
1482352915	2.0
0781411017	5.0
B00IWTYWGY	4.0
1478288892	1.3284793506803534
B00CEM61AK	5.0
1414361122	5.0
1118007301	3.0
B009GSWUNM	2.6512605042016806
0764200119	5.0
1482676060	4.0
1484914082	5.0
1940492017	4.999999999999999
B00EGOE1A6	5.0
0615473938	2.0
0985164867	3.0
1491200375	5.0
B00HNV9Y5G	3.0
B005OBMIZA	5.0
0373827822	4.774409646625355
1490931430	3.031545107494474
B00E9LS0OY	5.0
B009IB8HQG	1.0
1939203031	4.0
B00FFDU2NW	5.0
B00BRORB32	5.0
B005OC5QXK	3.6577377005702165
1482710455	2.0
0394716787	5.0
B0068XJXJC	4.002150537634408
B00BLSRIAU	3.496470588235294
B0084L46FC	1.0
B00EC197UC	4.0
034552361X	1.0
1463646852	4.0
0987915312	2.0
B00CE2H5SC	4.0
B00FFLB6MU	4.263287308492529
0312638345	5.0
B00629U2BA	4.0
0800757432	4.496470588235294
192703647X	4.0
1466272937	5.0
1939203139	5.0
B00DJWW80Q	3.0
0764222228	4.0
076422378X	5.0
0764222589	5.0
B009GW3K6O	1.0
B00FRLW38E	4.0
B00J2J3R8M	4.0
0373244045	4.0
0316018708	1.0
0425189872	1.0
B00HG1T1Z6	4.0
B00JY2PKZU	4.0
0764209272	4.021415270018622
B0083PN2QI	4.0
0912697814	3.0
0800733355	4.575528978840846
B009TWI4O4	4.0
0891900144	5.0
0989050858	4.0
B0082XQCTK	5.0
1939049075	5.0
B004ELANTO	1.0
B00BPCGVRS	3.8266091777024944
0764225170	4.0
B00HDGPR84	5.0
1494317621	5.000000000000001
0764201085	5.0
B007SAKW9E	4.6881120473696205
B00G05BXCS	5.0
0446401846	3.0
B00BV0A5SK	5.0
B006I2RQT2	5.0
B00HZNLYQO	4.0
0764227696	3.4984934717107468
B008FI5GIA	4.0
1479222038	4.0
B00BQENF0Q	3.266336837765409
1451524439	2.0
1492806862	4.0
B00LEUEBU0	4.0
1414311508	5.0
B006KDUPH4	1.0
B00I44JHUS	5.0
0800733592	5.0
0991092120	5.0
B00J8GEMCE	5.0
1618431838	5.0
188868562X	5.0
0762796839	5.0
0312965974	5.0
B00849YHMQ	4.036678200692041
0781410983	5.0
1926997352	5.0
1470019949	4.0
0800721225	3.0000000000000004
B0091T62FS	4.581286913273236
B006OP8PCA	3.0
1479151556	4.0
B00LDDGZL6	5.0
042513301X	5.0
0615658199	4.0
0800732111	5.0
1935961144	5.0
B004EHZSES	4.001469867711906
1449719236	5.0
1414310552	4.0
B006LSTJGQ	2.0
B00DRFQRIO	4.0
0399134395	3.0
B00BFH98O6	5.0
0373039549	4.0
B00GZANY52	5.0
1434765083	4.0
B00J5HH9NK	3.0
1453660410	4.0
0439023483	5.0
0984951822	4.0
B00CFLGM2M	3.0
1481281429	1.0
B006UFE5O6	1.0
006218850X	3.0
B00FE86JMG	4.449579831932773
B00HEVP03A	5.0
B00BAT1SB0	4.0
1611940052	5.0
B00KQS1DJ8	4.0
0989050882	4.0
B00BG2XWLK	4.0
B0090MXP0Q	4.5186325839236225
0825443008	5.0
B00GKR2136	4.0
098848711X	5.0
B004SQUIZO	5.0
B00BAKON8O	3.0
B00B4DKWUU	4.0
0800733304	5.0
B009YAQOC0	1.0
1594572852	3.0
1449974430	3.679068705774937
0988761955	5.0
B004UJL1BO	5.0
B004M8S850	4.0
B004TNIXYY	3.0
1414364466	4.0
0800733533	4.52076677316294
143476852X	5.0
0800732324	3.3888064447742208
1434897745	4.0
0764206702	4.772347157870946
B005HKOPL8	2.0
0821776916	3.0
B003SHDUBI	5.0
B00A1CIISS	5.0
B00I6MYBSG	5.0
B00BNRJAWI	3.0
0375831002	5.0
1494232308	4.317104149026249
B00ASIP414	4.494601889338732
148413933X	4.0
B0057QO8Q4	5.0
1449721850	5.0
1456347942	4.0
1463519311	5.0
B00BO3R6K4	4.053075571177504
1477518703	4.0
0989293505	3.0
0764204777	5.0
B00C36RJCQ	3.0
1481821733	2.5187870797626895
B008Q7QRZG	3.9633217993079586
1938531035	5.0
161638607X	4.0
B008NOY54M	5.0
B003XVZLCU	4.0
B00IK7TY98	4.0
0825420164	5.0
B007A0BYFI	4.03919528269164
