0199217912	4.0
1597801402	4.0
0316743003	4.0
0547370210	5.0
0735712379	5.0
1616492627	4.0
0399154973	5.0
0385341229	4.0
0099460254	4.0
1416559175	5.0
0395389925	4.0
1590173406	5.0
0071747044	4.0
0156001284	5.0
0195158016	3.0
030726923X	5.0
1439133387	4.0
0061161705	3.0
0671759000	5.0
0151005613	4.0
0446670111	4.0
0812971264	5.0
0679750150	4.333333333333333
0805003118	1.0
0761517855	4.0
1250002966	3.0
0812976959	5.0
0679730540	5.0
0393328473	5.0
014311638X	2.0
0671775952	4.0
0312356056	4.0
0394746228	5.0
1416556907	3.0
0300166281	3.0
0307888134	5.0
1559703148	4.0
0446198188	5.0
0142301930	5.0
1400043581	5.0
B004TR397G	1.0
0061730327	5.0
0142000760	4.0
0061662550	5.0
0060084332	4.5
0937295108	5.0
1400080533	4.5
037541486X	4.666666666666667
0671510991	5.0
0310318920	5.0
0806137401	5.0
0743281632	3.0
081181503X	4.0
0385501684	4.0
1584855010	5.0
0765306840	1.0
0809094983	5.0
1452118698	5.0
0764543636	5.0
0786716770	4.0
037543318X	2.0
0002007770	5.0
0596809409	4.0
0230614000	4.0
0307263924	4.0
0441854575	5.0
0765318822	4.0
0140186794	5.0
0143035282	5.0
0140437657	5.0
0385350155	5.0
047132969X	5.0
0061628662	5.0
073821230X	4.0
0395913624	5.0
1451620667	5.0
1449362230	5.0
1250000300	4.0
1844675998	4.0
0060740752	5.0
1892145472	2.0
0141192429	4.0
0684855941	1.0
078680419X	5.0
1400066220	5.0
0439136350	5.0
0373002211	4.0
1499611552	5.0
0785105646	5.0
0553129201	4.0
0812240103	5.0
0195181239	3.0
0743281640	3.0
0983552746	4.0
0385333641	5.0
1439192561	5.0
023033816X	5.0
0320081362	4.0
0201149427	5.0
0060899689	4.0
0760337152	5.0
0099448572	4.0
0140246967	5.0
1416938338	5.0
0060539232	4.0
0679726489	5.0
0375701443	4.0
1594487286	4.0
1439157316	4.5
1481275259	5.0
1426212496	5.0
1569472599	5.0
0307237699	3.0
1595552669	3.0
1602393664	4.0
0316734969	5.0
1621373967	1.0
0156013231	5.0
0451465849	5.0
0143115006	3.0
0606151419	4.0
0741478862	5.0
0380786230	5.0
1584855002	5.0
0316277711	5.0
0803222203	4.0
0553266462	5.0
1594487294	4.0
0446605905	5.0
0312060270	4.0
067102082X	4.0
0441117597	5.0
1611090733	4.0
0684864878	2.0
0385504713	5.0
1451620632	4.0
0982624263	5.0
0399152334	5.0
0312952260	3.0
1482390973	5.0
0230342213	3.0
1931859418	5.0
055306908X	5.0
0803237332	5.0
0446356816	5.0
0374150850	4.0
0141180420	2.0
0195078225	5.0
188477749X	2.0
0061662585	5.0
0674045637	2.0
044173295X	5.0
0060190434	5.0
0230342205	4.0
1605981745	5.0
0425191141	4.0
0547370245	5.0
1886705461	4.0
0897335627	5.0
0802779662	5.0
0070592187	4.0
0140289208	5.0
0307969231	5.0
1571458654	5.0
1594204411	5.0
0345326164	5.0
0375414819	4.0
0804120935	2.0
0316734950	3.0
037570146X	5.0
0375725423	4.0
0446524891	3.0
1892389517	5.0
0441009743	3.5
0756684196	5.0
3867870195	5.0
0375724915	5.0
0307279456	1.0
0061228575	4.0
1603584218	5.0
0452283043	4.0
1743217188	5.0
0375700943	4.0
0963397451	5.0
0195032098	4.0
0385529198	1.0
0395881560	5.0
0374283168	5.0
0199964270	4.0
1594204446	2.0
0143120492	5.0
0307599809	5.0
1435459628	3.0
0857684108	5.0
0316545120	5.0
0684844419	4.25
030738246X	5.0
0394758285	4.0
0060964316	5.0
0312655401	5.0
0786711922	5.0
0553345796	5.0
0800730755	5.0
0898707528	4.0
1933615893	5.0
0805093486	4.0
0061965502	5.0
0446580961	1.0
0609601024	5.0
0983493022	5.0
009953682X	4.5
038549792X	4.0
046501982X	3.0
0786888628	5.0
0230342256	3.0
1892154315	5.0
1595551360	1.0
1590381580	5.0
0689838581	4.0
0374215812	3.0
0811735249	5.0
052170314X	5.0
B004U2USMY	3.5
0809097176	5.0
0140277293	4.0
0826219500	4.0
1560761563	4.0
0071592814	5.0
1414303467	5.0
0192802089	5.0
0310950856	5.0
0679726470	5.0
0802119409	5.0
0300078803	5.0
1445601834	4.0
0395659949	4.0
0060088745	5.0
0375847057	5.0
0140235426	5.0
0374126313	5.0
1118679997	4.0
0553255754	5.0
0452283035	5.0
1882972546	5.0
0811217078	5.0
031218008X	5.0
1107017351	5.0
0152524150	5.0
0393066819	5.0
0399153691	4.0
0738551856	5.0
0802121721	5.0
1416532056	5.0
0199976279	4.0
014311946X	5.0
061834697X	5.0
1593761597	5.0
0312373481	5.0
0099440687	2.0
0099523558	5.0
0143120441	5.0
0691058385	3.0
1878239937	4.0
0312594895	5.0
0552525952	5.0
0756684145	5.0
0345311965	5.0
1562475150	5.0
0062191381	4.0
0452296315	4.0
0312199511	4.0
0385720408	5.0
0805079114	5.0
0091779251	4.0
1846030196	5.0
1892154307	5.0
055325572X	4.0
0307595412	5.0
0312421672	5.0
0486256871	3.0
0261103288	5.0
1451620691	5.0
0374184216	4.0
0312282990	5.0
0465003494	5.0
160312134X	5.0
0061228591	5.0
1495379930	5.0
0064405885	4.0
0743292332	3.5
0385495315	5.0
0345490142	2.0
B001E9672G	5.0
0452276721	5.0
0071364382	5.0
140004409X	4.0
0060762179	5.0
0007149824	3.0
1849086052	5.0
158240755X	5.0
034541005X	5.0
0307476014	4.0
0385483368	4.5
0545229243	2.0
1906735611	3.0
0785143017	4.0
0684842696	5.0
0062011847	4.0
0195183061	5.0
0679761640	5.0
1439164487	5.0
0981003737	5.0
0449004392	5.0
0470505443	5.0
0786631287	5.0
0199316899	5.0
0226983358	4.0
076031313X	2.0
0449983676	5.0
0679734058	5.0
B007BC2Z8A	3.0
0684807475	5.0
0374230595	4.0
0307277674	4.0
1595553045	5.0
0340793112	5.0
0140255087	4.0
0099510286	4.0
0199782520	4.0
0689859414	5.0
0385475764	5.0
0399155392	5.0
0132780933	5.0
1586487930	5.0
1451645163	5.0
0739328735	5.0
1592405762	3.0
0307275019	4.0
0740721909	2.0
0330319922	3.0
0982082401	4.0
0465004830	5.0
0691129118	2.0
091330509X	4.0
0910511063	5.0
1421404540	5.0
0060936223	5.0
031220891X	4.0
1599473518	4.0
075668420X	5.0
1556527993	5.0
0345472365	2.0
0330508121	3.0
0812519469	5.0
0061561053	5.0
0375754857	4.5
0385523939	5.0
074322423X	5.0
1608190722	5.0
1402208413	4.0
0195167767	5.0
0451524675	4.0
1595553029	4.0
0898867398	5.0
0972955305	5.0
0307750922	5.0
0393060683	5.0
0375415289	3.0
0140501983	5.0
0805081429	5.0
0743597923	5.0
0374174784	4.0
006052992X	3.0
1890060240	5.0
0312420277	5.0
0062020870	4.0
014056649X	5.0
0312584660	5.0
1608190714	4.0
0674026519	5.0
0307473740	3.0
1586487914	5.0
1593074034	5.0
0143034758	5.0
0735605882	5.0
0850456843	4.0
0470034548	4.0
1416550828	5.0
0743550404	2.0
0345472381	5.0
0679601708	5.0
1400166551	5.0
1596916982	3.0
0345476743	4.0
155553001X	5.0
0786708220	4.0
0446538566	5.0
0812507436	5.0
1894959191	4.0
1400060001	3.0
0761140182	5.0
0385336675	4.0
184353326X	5.0
0679743081	5.0
0803261071	4.0
1442457392	4.0
0679759417	3.0
0002726874	5.0
0805078673	4.0
1596916974	4.0
0199538794	5.0
0143124889	4.5
0061986461	4.0
1616952040	4.0
B00183NL7M	5.0
0470643994	5.0
0740721941	5.0
B00AG6T35Q	2.0
0671709585	4.0
0802714374	5.0
0195372883	4.0
1402770006	5.0
0765312662	4.0
0140145346	2.0
0060915331	5.0
0471150576	5.0
006051485X	5.0
0316013153	5.0
0312873840	5.0
1414319703	5.0
1569801479	2.0
0071392319	5.0
0399146466	2.0
0156814757	5.0
0307594165	4.0
0449230341	4.0
1118279050	3.0
1556527950	4.0
0143036513	5.0
0521708753	5.0
0684856344	5.0
0123725259	5.0
0224081411	4.666666666666667
047076743X	5.0
006136925X	5.0
0312230826	5.0
1595553061	4.5
0345472357	5.0
0143058754	4.5
0684845695	4.0
0307700666	5.0
0553589938	4.0
1400031516	5.0
1585429384	4.0
1851686126	3.0
0878333088	5.0
0240811275	3.0
0143034790	5.0
0802143032	5.0
0743269187	5.0
0446403768	4.0
1442963549	4.0
0385523904	5.0
1580089755	5.0
0345523504	5.0
0375705023	5.0
031230711X	4.5
0307700658	2.0
1595553053	4.5
0805078681	5.0
0061804215	4.0
0345476700	4.0
0306809583	5.0
0451240952	5.0
0789743035	4.0
0767904443	5.0
0553565079	4.0
0815410220	5.0
0547640226	2.0
0375508473	4.0
006018891X	5.0
0143118188	4.0
0061964239	4.0
076075943X	5.0
0882800663	4.0
0674025237	5.0
0060843233	4.0
1413312551	4.0
0465008364	5.0
0739334581	4.0
000743202X	4.0
0375714790	5.0
0465013716	5.0
0688069711	5.0
1591843332	5.0
0393047644	4.5
1570612161	5.0
0345453212	5.0
0684831902	5.0
0803251661	4.0
0439826012	5.0
0743467728	4.666666666666667
0060009829	3.0
0316235024	5.0
0810916746	5.0
1582703884	5.0
1576759776	5.0
0060541644	3.0
0262062003	5.0
0802713920	3.0
0307719219	5.0
1416532889	5.0
006166118X	4.0
0385502168	5.0
0061238821	5.0
0553295772	4.0
0307589676	5.0
0374332657	5.0
0990444422	5.0
0140390421	4.0
1603580646	4.5
0743203399	1.5
1605981729	5.0
1423601505	4.0
1400031524	4.0
0982597002	5.0
0393059642	5.0
0061558281	5.0
0525482245	5.0
0393061949	4.0
0345523539	4.0
0307463559	5.0
1441892176	4.0
0060735422	4.0
0671872346	5.0
1566952999	4.0
0807127868	4.0
1594485593	3.0
025328029X	5.0
0971170967	5.0
0393036979	5.0
0345353730	5.0
0399151842	4.0
1846035074	3.0
0316211079	5.0
0345511565	5.0
0553563300	5.0
1855326051	3.0
0873513193	5.0
0312427743	5.0
0440218500	3.0
0805242317	2.0
0399160795	5.0
0143038273	5.0
0684825252	5.0
0395739829	4.0
0716736381	3.0
0879236671	4.0
0385469934	5.0
1595553096	5.0
0374285810	4.0
0195393759	4.666666666666667
0078823056	5.0
1400052467	4.0
0470008296	5.0
0547317271	5.0
0865475822	5.0
0099529734	5.0
1616146036	5.0
0553268147	5.0
1855326035	3.0
0072127422	4.0
0140058508	5.0
0345409973	5.0
0060959789	1.0
006079156X	4.0
0143038281	4.0
014025157X	5.0
0812975707	5.0
1555976425	4.0
0395883261	5.0
1594488649	4.0
0393073971	5.0
B001BR9WK0	5.0
014071491X	5.0
0786713631	5.0
0393059669	4.0
0465001769	3.0
1412202124	1.0
0316291161	5.0
0805209700	4.0
0465023959	5.0
1432784935	5.0
0899333478	5.0
0140566481	5.0
0802118933	1.0
055327838X	4.0
1401219306	5.0
0553278398	4.0
0930330277	4.0
061826325X	5.0
0393069001	5.0
0486292576	5.0
0195313666	5.0
0451222202	4.0
0131477722	1.0
0765322803	5.0
1413304087	5.0
0425196097	5.0
0684813211	5.0
006204964X	5.0
0375704566	2.0
1461005132	4.0
0312877374	5.0
1413310753	5.0
0307265633	5.0
0812973992	4.0
0525950141	5.0
0307716139	3.0
1558322329	4.0
0060924209	5.0
0792241037	3.0
0440223016	5.0
0553375628	5.0
0192838881	5.0
B005HB9V8O	4.0
030738604X	3.5
B007RRUM02	5.0
0805066624	5.0
000721278X	3.0
1584850167	5.0
031215514X	5.0
0670037885	5.0
0312427794	5.0
0743453972	3.0
0316159727	5.0
0802138527	5.0
2061007317	4.0
0307961222	3.0
0099478374	5.0
0199539278	5.0
0385256124	5.0
0061994936	4.0
1591143519	4.5
0385343833	4.0
0316129089	4.0
1612182348	5.0
0151008787	4.0
0071392378	5.0
140020092X	5.0
156976350X	5.0
0966497058	5.0
0691128812	4.0
0981576982	3.0
0670619647	5.0
0312134916	5.0
0674016378	5.0
0811827178	4.0
0451452615	4.5
1566953553	5.0
0141030658	5.0
0688158269	4.0
0140060898	5.0
0143035185	5.0
0440206588	5.0
0385512481	5.0
1470885409	5.0
0375424342	4.0
0316000663	2.0
1578066557	4.0
1401301320	4.0
0130621129	5.0
0743413032	5.0
0448448394	5.0
031604119X	3.0
B00CATSONE	4.0
0899974759	3.0
0446612103	4.0
0849920728	2.0
0061763144	4.0
0340837950	4.0
1558321152	5.0
0471739022	5.0
0786719923	3.0
0452280036	5.0
0140714723	5.0
0807846066	4.0
0500288054	5.0
0765314355	4.0
0399222618	5.0
1596913924	4.0
1416549021	3.0
0385346808	4.0
0374184933	5.0
0252062914	5.0
1592332994	3.0
1780963750	5.0
1892154277	5.0
0140070206	5.0
0465002080	3.0
1599901455	5.0
1780329482	5.0
1439225230	5.0
0595092381	5.0
0140274065	4.0
1595586784	4.0
111830635X	4.0
0451163230	5.0
1582369518	5.0
0002727463	5.0
0553563386	5.0
0486440273	5.0
0553383108	5.0
0151006849	5.0
0394710118	5.0
1481954237	5.0
B000W6YZ4O	4.0
1455521175	4.0
0786893931	5.0
1892154285	5.0
0028612345	5.0
0143116479	3.0
1586638459	5.0
0132383837	5.0
1596528060	5.0
0071749578	5.0
0143035169	5.0
0060539186	3.0
0195182685	5.0
0525479570	4.0
0345444302	4.0
0521565642	5.0
0899330355	5.0
0142002607	3.0
0330334611	5.0
0060987103	1.0
0394751728	4.0
0156034042	2.0
1585425680	5.0
0143115138	4.0
141659759X	5.0
0316041173	5.0
1890626074	5.0
1588340708	4.0
0345387023	5.0
055380202X	5.0
0345446968	5.0
0765316110	3.0
140003213X	5.0
0007493754	4.0
0425033767	5.0
076531875X	4.0
0345410122	4.0
0143124099	3.0
0375702652	5.0
0307477401	5.0
0802713726	5.0
1566918367	5.0
184908372X	4.0
1604597259	5.0
034542039X	4.0
0670022667	5.0
1892154269	5.0
0470387815	2.5
0099448440	5.0
0374521476	5.0
0142002623	3.0
0521386950	5.0
0679889310	4.0
0765314398	5.0
076531438X	5.0
0743212983	5.0
0062014862	5.0
0195066340	5.0
0312600224	5.0
0899333419	5.0
0060528486	5.0
0061118184	3.0
0316000647	4.0
0393070840	4.0
B00EN0ZJWW	5.0
0451463331	5.0
0307272761	2.0
0099532530	4.0
0446524999	5.0
0312442661	4.0
0802142745	5.0
0312570740	5.0
1595552529	4.0
0618319409	5.0
0307885151	3.25
0761112146	5.0
0143124072	5.0
0062297031	5.0
0684829533	5.0
1439159874	3.0
0292710526	5.0
0805420525	5.0
0140366679	5.0
1892154242	5.0
0809001608	5.0
1594745196	5.0
1555975828	2.0
0805076824	5.0
1842124285	4.0
0140566511	5.0
0143112082	4.666666666666667
0615828167	5.0
071371462X	5.0
074323300X	3.0
0131856987	5.0
0195341546	4.0
039306235X	4.0
1892154218	5.0
0312347294	5.0
0143037757	5.0
037572706X	5.0
030726999X	5.0
1609110633	4.0
0345308239	5.0
0802144519	5.0
0517447711	5.0
0873771621	5.0
0674026578	5.0
014242188X	4.0
0801068231	3.0
0547752660	5.0
1442367547	5.0
1448620503	4.0
0060872675	4.0
1741794706	4.0
1439181756	4.0
0465015344	3.0
1933045833	5.0
0802119557	4.0
0140250913	3.0
006082543X	5.0
0345479041	5.0
0307955575	4.0
0395759242	5.0
0375724818	3.0
014101587X	3.0
1846033330	4.0
1416596291	5.0
0375420835	3.0
0615428894	5.0
184832586X	4.0
1416955658	5.0
0679760229	3.0
0875848982	5.0
0195622553	5.0
0306818353	5.0
0385346859	4.0
0140714790	5.0
014118776X	5.0
1596916109	4.333333333333333
1400032199	5.0
1590790650	1.0
B00HYD35KI	5.0
0393062333	5.0
0060576170	3.0
1556436815	5.0
0743226712	4.0
0465014038	3.0
0553381326	5.0
0395485916	5.0
014018869X	4.0
0312305419	5.0
0312427085	4.5
1442359919	5.0
1421408716	3.0
1556439091	5.0
1568583532	5.0
0449808068	3.0
1438243901	5.0
0143124927	5.0
0060838728	5.0
1592232922	5.0
161017061X	5.0
0500511640	4.0
1559703873	3.0
1608190897	3.0
0767929896	2.0
0393052117	4.0
0517884046	5.0
009949308X	3.0
0310331838	5.0
0140250948	3.0
0671536818	4.5
0060825413	4.0
0743217802	5.0
0451225155	4.0
069105052X	5.0
0385044518	5.0
1416591427	5.0
0689829531	5.0
0306809400	5.0
0553262149	5.0
059600382X	5.0
0671370855	5.0
0140167773	4.0
0739450808	4.0
0060973331	4.0
1402767366	4.0
0307741907	2.0
B003NNUX9Y	5.0
0312640242	2.0
0595173438	5.0
1598531972	5.0
0805089276	4.0
1416586059	5.0
0691129266	4.0
156836198X	3.0
0071579907	5.0
0375406263	4.0
0060520590	4.0
0385494106	3.0
080506835X	5.0
0345506251	5.0
0465030955	5.0
0061998508	5.0
0141004312	5.0
038551199X	5.0
0195328558	2.0
0306819643	3.0
0306815281	5.0
0545102022	5.0
1595230637	5.0
1439168717	1.0
0738519723	5.0
009951169X	5.0
0785812636	5.0
1451668724	3.0
0060742690	3.0
031280752X	5.0
159017285X	5.0
1585670111	4.0
1849081972	4.0
0375703926	5.0
0982093845	4.0
031605755X	4.0
0802715532	4.0
0679641041	4.5
0060872608	5.0
0672315904	5.0
0449206521	3.0
0679768165	5.0
0060974680	5.0
0374105200	5.0
0978791983	5.0
0310331862	5.0
0316003743	4.0
038552398X	5.0
034580676X	5.0
0257658009	4.0
0312606400	4.0
0898709423	2.0
0312205767	4.0
0786882468	5.0
1907523014	4.0
0553213172	5.0
0553246089	3.0
0375408894	5.0
0679642366	5.0
0195370147	4.0
0460874993	4.0
0142408972	5.0
0374177724	5.0
0195038347	5.0
141969863X	1.0
0300094221	2.0
0140270590	5.0
0399247386	4.0
0416240402	5.0
0812981618	4.0
076532279X	4.0
0375754741	5.0
0132350009	5.0
0553213180	5.0
1416553193	5.0
034531221X	4.5
1416589120	1.0
0984263500	5.0
076145277X	5.0
0898866162	5.0
0830834079	5.0
0452266564	2.0
1478151706	5.0
0399147624	4.0
1596915781	5.0
0140170413	5.0
0393058247	3.0
0765307138	4.0
1579653715	5.0
0805046976	5.0
0785119477	3.0
1476702829	3.0
1585443565	4.0
015204731X	5.0
0152047328	5.0
0060800216	5.0
1840182512	5.0
0679600507	4.0
0756406072	5.0
0521757800	5.0
0140548750	5.0
0609609718	5.0
1403969434	5.0
0452287472	3.0
1894959078	4.0
159691310X	5.0
0895260891	5.0
0446573019	4.0
080213680X	5.0
0330335030	4.0
0520224612	5.0
184603339X	4.0
0765320169	4.0
1596914440	5.0
1616951486	5.0
1605294071	5.0
0743250400	4.0
0679722033	5.0
0310320259	4.0
0691007616	5.0
1400134919	3.0
046503764X	5.0
B009PVRB0M	4.0
0596529864	4.0
1929173342	5.0
1568580541	1.0
0935039791	4.0
B00ITUEKYA	3.0
045122650X	3.0
0805079882	4.0
0374111197	5.0
0312533012	5.0
1933771577	4.0
054736895X	4.0
0743431685	5.0
0738551007	5.0
0143034693	4.0
038553826X	1.0
1579123686	5.0
0297846647	4.0
0061015733	5.0
0312873964	5.0
0143142801	5.0
0060560649	4.0
0142004375	5.0
0811857050	5.0
0801883482	5.0
0316211125	5.0
1594032122	5.0
0307720144	3.0
0393072592	4.0
1844166880	4.0
B006WQLUBY	5.0
0062237470	5.0
0805079874	3.0
1558321993	5.0
1856696456	3.0
0785107444	5.0
082302184X	4.0
1598720309	5.0
1439175888	3.0
1560258632	5.0
0230611699	4.0
0446690546	3.0
0805098143	5.0
1404867171	4.0
0156028263	5.0
0684853159	4.0
0783552610	5.0
1848325835	5.0
0802714277	5.0
0691118507	5.0
0375408835	4.0
0786803614	5.0
0060732482	4.0
0929591933	5.0
1433670038	2.0
146103082X	5.0
1400065844	4.0
0060963964	5.0
0312567243	5.0
0140097317	2.0
0553386247	4.0
0307932885	5.0
1592851614	5.0
0553213156	5.0
178200274X	5.0
0395423317	4.0
1594488711	4.0
0688050107	4.0
1563896060	5.0
0812979354	4.333333333333333
0740700138	5.0
1404332995	4.0
0307269930	4.0
0553213164	5.0
0099526786	4.0
0195124731	3.0
0618055096	4.0
0618134298	3.0
1570613370	5.0
0312626894	2.0
0020165811	5.0
0316211176	5.0
0312422156	3.0
0307378527	4.5
039472903X	5.0
1565924193	4.0
0345408772	5.0
1898800227	5.0
030794834X	3.0
1585676330	3.0
0425230503	4.0
1400043638	5.0
0345433726	5.0
0006550339	5.0
1569717575	4.0
0385507976	4.0
1400203082	4.0
0061337587	4.0
0006158048	5.0
0060570091	2.0
080419257X	2.0
0312426526	5.0
0380003260	5.0
039562889X	4.0
1571691642	5.0
0399157042	5.0
0060820675	5.0
0007281447	5.0
1118729218	4.0
0375725326	4.0
0374530491	5.0
1426306881	5.0
1563899159	3.0
0230607543	5.0
1569716234	4.0
1593078382	5.0
0345408780	5.0
0307346943	5.0
1439157189	5.0
0316097519	5.0
0195147413	5.0
0785107401	4.0
B00HYD34ZY	5.0
0307961311	5.0
1476700257	4.0
0006158056	3.0
1419693824	4.0
0375758232	3.5
1579652468	5.0
0300114230	4.0
014027541X	4.0
1605092894	5.0
0811717267	4.5
0330376446	5.0
0007447868	1.0
0399160671	3.0
0252021517	5.0
0060728892	5.0
0156030535	3.0
0465009549	5.0
0141033746	5.0
0553383191	5.0
0300078129	3.0
067121148X	5.0
0793545358	3.0
0316001929	4.5
1452107947	5.0
1439103305	5.0
0307278832	5.0
0439321611	5.0
0374177783	2.5
0399250158	5.0
0452283957	5.0
140000490X	5.0
0060852267	4.0
0385476353	4.0
0312426550	3.0
1585678961	5.0
0140437487	4.0
0345408764	4.0
0321704215	4.0
0743289528	4.0
1434477614	5.0
0385337000	4.0
0812972767	3.0
0385339666	5.0
1591932246	5.0
0747264600	5.0
0553283871	5.0
0312867212	5.0
0739315501	5.0
0275949729	5.0
0596006896	5.0
0982145543	4.0
0071426094	3.0
1559706112	5.0
1550139894	3.0
1400043670	1.0
1780963785	4.0
0470614471	5.0
0380704374	5.0
0985472707	5.0
080217079X	5.0
0822564858	5.0
1933648147	3.0
1603582509	2.0
1606522450	4.0
0307947084	5.0
0374179549	5.0
0739334670	5.0
006185929X	4.0
0140148590	3.0
0064440044	5.0
0060575735	4.0
0547645856	4.0
0395315557	5.0
1479143707	3.0
0307717348	3.0
0375505466	5.0
0743205022	5.0
1586420003	4.5
0152049150	4.0
0465008267	5.0
1455502804	5.0
0416774105	5.0
0099484927	4.0
0553806491	5.0
0307386171	4.5
0756669537	4.0
0393928098	4.0
0811718549	5.0
0375433392	5.0
B00BRN4HOE	5.0
0345384733	5.0
0140441549	5.0
1565124669	4.0
0071408207	5.0
0385514247	1.0
0670011177	4.0
1569479364	5.0
0465022529	5.0
0151010986	5.0
1933633913	4.0
1452107904	3.0
1466426993	5.0
0230108539	4.0
0307405788	5.0
1849086745	4.0
0393070794	5.0
0312429622	5.0
0393058204	5.0
1586481843	5.0
039567347X	5.0
141659762X	4.5
0385507968	5.0
0140067531	5.0
0756615712	5.0
0807845558	4.0
0143142437	5.0
0743211987	5.0
0143122827	4.0
1439121168	4.5
189652284X	4.0
1559705582	3.0
061842251X	5.0
0345218957	5.0
045146253X	5.0
0312878826	5.0
0763753459	5.0
0310292468	2.0
B008MA9FO2	1.0
193627731X	2.0
0140047573	5.0
0547554893	5.0
0671015206	5.0
0137016611	3.0
0062227289	4.0
0375724745	5.0
0395971772	5.0
0547152582	4.0
0304361887	5.0
0140166912	5.0
0340731443	3.0
0143037250	4.0
0802714986	4.5
0143117475	4.0
1250001404	4.0
0684810816	4.0
0132963035	4.0
0143116142	5.0
0689842880	4.0
1892154196	5.0
0439284031	5.0
0307720950	4.0
0679422846	3.3333333333333335
0061148512	5.0
0316346624	3.0
0312612982	4.0
0789497190	4.0
0395971780	5.0
0393081818	5.0
0762437286	4.0
0471423521	4.0
0618071814	4.0
0061132179	1.0
0140185224	5.0
0307593401	3.0
0195218868	5.0
143919100X	5.0
0195141822	5.0
0451086821	5.0
0684804158	4.0
0983238324	2.0
1400043379	5.0
0393064476	3.0
0882898612	4.0
0195170342	5.0
0553231162	5.0
0805067809	4.0
0375413774	4.0
0060577304	4.0
0547722028	5.0
0931759331	5.0
0140185232	5.0
B00G2A2A1O	4.0
0618001913	5.0
081297235X	3.0
1588600238	5.0
0899332897	4.0
0802716709	4.0
0786671998	5.0
0142001430	3.5
0849975115	5.0
0393060942	4.0
0380710897	5.0
0743225708	4.0
0812972392	4.0
0192854348	5.0
0486213978	4.0
1581072031	5.0
031264454X	5.0
0758290675	4.0
0985354704	5.0
0307271773	5.0
140220695X	4.0
0547898738	5.0
0307274802	4.0
1250018285	5.0
023034156X	4.0
0984882057	5.0
1250024951	5.0
0440224071	2.0
0671476726	4.0
1413310915	5.0
0002221020	3.0
0195025504	3.0
1420932020	5.0
1400067375	4.0
0140437460	5.0
0195141830	4.5
0812976746	3.0
0849948355	5.0
1439192316	5.0
0143118765	2.0
0060925817	5.0
0679602895	5.0
0143118749	5.0
022717240X	4.0
0877795460	5.0
0195181050	4.0
0385343663	4.0
0140165614	5.0
158648415X	4.0
0060670991	2.0
0812975448	4.0
B00AOS0QPC	4.0
1611099765	3.0
0345536258	4.0
080214151X	5.0
160010293X	3.0
0340822775	4.0
1846032555	4.0
0394827996	4.0
0140114068	4.0
0815704518	5.0
0137021143	4.0
1846039193	5.0
0312611692	4.0
0140436111	5.0
0316093580	4.0
1569712131	4.0
0446602612	3.0
0060616601	2.0
1421406454	4.0
0385495536	3.0
0345400003	4.0
1627726950	5.0
0553587897	1.0
0425232360	5.0
0330419129	4.0
0553567489	5.0
0805086935	5.0
0307278360	4.0
1453770666	5.0
0142401935	5.0
0385341067	5.0
0099555352	1.0
0385533462	4.0
0060837551	4.0
0099464462	4.0
1609980433	1.0
1631420038	3.0
0252072200	5.0
1413313159	5.0
0394587391	4.0
030794672X	5.0
0316702765	5.0
0670022985	4.0
1413317537	5.0
1250000165	4.0
1846036933	5.0
0399155651	4.0
031603438X	4.5
0451221958	4.0
1400066093	4.5
038534239X	4.0
1582349835	5.0
0521603528	4.0
0547719280	4.5
0805044280	5.0
0590483293	5.0
0807841579	4.0
189390749X	5.0
0307953033	4.0
0195107993	4.0
0465003214	5.0
070061186X	5.0
0385491158	5.0
B00005XO3O	5.0
0679420266	5.0
1421405105	5.0
0385496842	5.0
0061939897	5.0
0345505085	4.0
0618680004	3.0
048647366X	5.0
014024980X	3.0
0761315349	5.0
0739340255	3.0
1611099722	3.0
030010989X	4.0
1416567402	5.0
0061173509	5.0
0240817281	4.0
0195395255	4.0
0711230188	5.0
0141023384	5.0
0066214181	5.0
0195308808	4.0
1603582282	4.5
0307267679	5.0
0806132809	4.0
0553242695	5.0
0739476475	4.0
0898866324	5.0
0374182213	1.0
0451627873	4.0
0874774195	4.0
069113121X	4.0
075640732X	5.0
1591930987	4.0
0385495579	1.0
0385513801	4.0
0312570686	5.0
0671611011	5.0
0394586018	4.0
1433530317	5.0
0761116249	5.0
0374515980	4.0
0061734977	1.0
0399536183	4.0
143910946X	5.0
0316735655	5.0
1413313116	5.0
159555467X	3.0
1592403263	5.0
0824823052	3.0
1452110549	4.0
030727831X	4.0
0684829479	5.0
0151012121	2.5
1596916206	5.0
0374514658	4.0
0061148520	5.0
0553591967	4.0
0553102354	4.0
0345527380	5.0
0879512717	5.0
1452652252	5.0
0786148829	5.0
0061733636	3.0
0385344155	4.0
0805074902	4.0
0862813077	5.0
185217126X	5.0
0060009225	5.0
0140061894	4.0
1592406300	4.0
0312306407	5.0
0812992857	5.0
1932531688	5.0
158567592X	3.0
1455549657	3.0
0826219780	5.0
1416599002	4.0
0871139332	5.0
0385528086	4.0
0765333392	3.0
B003D7KDWW	5.0
0241951615	5.0
0060930314	3.0
055323370X	5.0
0807848158	5.0
0312640137	4.0
0345452909	5.0
0143116177	3.0
0385333471	3.0
0195327101	3.0
0742538222	5.0
0679457542	4.0
074758012X	4.0
0689306423	5.0
0446562068	3.0
0553280902	5.0
0953818055	5.0
0385494238	3.0
0989157105	4.0
015101342X	5.0
0670888168	5.0
1416567445	4.0
0140096507	5.0
1607013045	4.0
0671240676	4.0
0195078063	5.0
0674518586	5.0
0810989581	5.0
0385528094	4.0
0517268256	5.0
0230605745	5.0
0785120149	5.0
0007172826	3.0
1400316499	4.0
1492136603	4.0
1897299354	4.0
0385525818	5.0
0679736476	5.0
006056668X	4.0
0143116169	5.0
0061492175	5.0
1413313124	5.0
1439177554	5.0
1400167612	5.0
0674016939	5.0
1567920969	4.0
0316776963	5.0
039915731X	4.0
0199732027	5.0
0143122029	3.0
031233804X	1.0
0226470784	5.0
140680911X	4.0
0465014887	5.0
0700612343	5.0
0375508260	4.0
0785121447	5.0
0375411933	4.0
1400096685	5.0
1592403344	5.0
B00BMLDG3O	2.0
0984604464	4.0
1594204284	5.0
0765313715	5.0
0385522835	5.0
0375502947	4.0
0802717209	5.0
1573222844	4.0
0434020842	5.0
0439804078	5.0
141654786X	4.0
1606991582	5.0
0313397910	5.0
0671201174	5.0
0763621587	5.0
1586481142	4.0
1401204430	4.0
0674068149	4.0
0226115631	5.0
0811825558	4.0
1250040213	5.0
0679737863	5.0
0875847161	5.0
1586486837	4.0
0226354792	5.0
014200443X	5.0
0006511252	4.5
0684844168	3.0
1400049482	4.0
B0082RDMJ4	5.0
1845378849	5.0
0813551501	4.0
0307358666	4.0
1420503758	5.0
0399157301	4.0
142050374X	4.0
0151008116	4.666666666666667
0140281118	5.0
1610392817	4.0
0887306209	5.0
0786951346	4.0
1554531810	4.0
0802118275	4.0
0195078942	5.0
0152012397	5.0
0449242595	4.0
1413313213	5.0
0618658955	5.0
0316132446	5.0
0375708731	5.0
0345373952	5.0
0385516193	4.0
1416592423	4.0
1585422541	1.0
0770422454	5.0
0062007688	5.0
0091800951	5.0
0684126761	5.0
0465013589	5.0
1426208146	5.0
1585675970	5.0
0195300130	4.0
089933329X	4.0
0141010118	4.0
0451172515	5.0
0470121181	4.0
0544021711	4.0
0517166224	4.0
0393059030	5.0
0867197544	4.0
0307986799	4.0
0374529744	4.0
0825600243	5.0
006165731X	4.0
0674016971	4.0
0195007778	5.0
0140285539	5.0
1563052857	5.0
1847512771	5.0
037570874X	4.0
0691129797	5.0
1400033918	5.0
0804715483	4.0
0316614564	4.0
0340639911	4.0
0446529435	4.0
0140170960	5.0
0451229916	2.0
0060594756	5.0
0500251517	5.0
140124095X	5.0
082542982X	1.0
0061173452	2.0
1250028507	5.0
0385336497	5.0
0486443906	4.0
1597140023	3.0
0143112643	4.0
B000TGDM6O	2.0
1401309658	5.0
0142428280	4.0
0060534249	4.5
0393967972	5.0
0300122810	4.0
0764112589	5.0
068483345X	5.0
0547328184	4.0
0316132403	5.0
1933988169	5.0
0306818272	4.0
1569718369	4.0
0857521012	4.0
0977387836	5.0
014014773X	5.0
0689845065	4.0
0143112635	1.0
0870210971	4.0
0871404117	2.0
0399157336	5.0
0143035401	3.0
0312424442	5.0
0141188936	5.0
1439140219	4.0
0385509863	5.0
1416557253	4.0
0439064864	5.0
0679640231	5.0
0672333279	4.0
0393075966	5.0
0061233781	5.0
0156031795	4.0
1421411008	5.0
0385488440	4.0
0399153802	2.0
0307879496	5.0
039914711X	4.0
0374155402	5.0
1610390210	5.0
1610391543	5.0
0151007640	5.0
0374131430	5.0
0679742379	5.0
0700614125	5.0
0517585154	5.0
042515954X	4.0
0671882392	5.0
1587155613	2.0
0262134977	5.0
0809556723	4.0
0062188313	5.0
0735101396	5.0
0988712105	2.0
143476625X	1.0
1573456233	5.0
0385423357	5.0
0345445848	3.0
0061655511	5.0
0385340540	1.0
080507970X	5.0
0061348104	5.0
1401940544	4.0
0743243625	5.0
030759176X	4.0
037582233X	5.0
0393038912	2.0
0812973712	5.0
0451527542	5.0
0830813098	4.0
1591844886	3.5
0375411089	5.0
0974823325	4.0
0590926675	4.0
0312272065	4.0
0871138956	4.0
1563897083	5.0
0544236041	5.0
0307272168	4.0
1560763183	3.0
1604360100	5.0
039331894X	4.0
0142000957	5.0
0156013096	5.0
0062012177	5.0
1455517135	5.0
0316092177	4.0
0312359861	5.0
0385006896	5.0
0307346609	5.0
140004460X	4.0
0312621051	4.0
0472031260	4.0
0307597059	5.0
0674613066	4.0
1598803670	5.0
0812979036	5.0
0140277951	4.0
1842931865	3.0
0307720896	4.0
0141439580	5.0
0870210920	5.0
0465070949	4.0
0770422462	5.0
0439023483	5.0
0553383485	5.0
0771093683	5.0
0375415424	4.0
0684844184	5.0
050005052X	5.0
1582431051	5.0
0470624159	5.0
1400314615	5.0
0140296271	1.0
0345513525	5.0
0141321008	5.0
0060920084	3.0
006100345X	5.0
006165552X	4.0
0061702587	4.0
0670018945	1.0
1890310034	5.0
1451626207	4.0
0375415416	5.0
0500281335	5.0
0230606121	5.0
0060194197	3.0
0446609315	4.0
0770422470	4.0
1616950498	5.0
0811215474	5.0
0451464354	4.0
043920352X	4.0
0316739111	3.0
1781590435	4.0
0743297431	5.0
0380002094	5.0
1614310130	3.0
0316926302	4.0
0140568433	4.0
0688078877	4.0
0061373117	5.0
0143122061	5.0
1118172760	5.0
0375402101	1.0
1782006141	4.0
0375505105	4.0
0446606251	3.0
0802449247	5.0
0385340559	5.0
0316074314	3.5
0307929302	5.0
0317279076	5.0
0439568293	5.0
030727344X	5.0
1937178196	5.0
0686310012	5.0
0394488326	5.0
0899333257	5.0
0385515693	5.0
1931498237	5.0
1400042003	4.0
080189462X	4.5
1401218210	2.0
1565122380	4.0
1562470043	5.0
0810915251	5.0
0756682614	4.0
0767901568	5.0
0805210946	2.0
0451230094	5.0
0060558288	3.0
0306813424	3.0
1416540423	3.0
0802849857	5.0
0756656346	5.0
0425252868	5.0
0345440145	5.0
1569470200	5.0
0393066185	5.0
0395907284	5.0
0884860051	5.0
0679642811	1.0
0891417222	5.0
0803260415	5.0
0802150594	4.0
B0046LV8QE	2.0
0756406722	5.0
0679446958	4.0
0307338231	4.0
0451219589	2.0
1403964319	4.0
0425234266	5.0
014039012X	5.0
1423603664	5.0
0873513207	5.0
1416526374	5.0
0618004076	4.0
0312611560	4.0
0385720564	4.0
1416598669	5.0
1425955215	2.0
0805002391	5.0
0312978324	4.0
0060974060	5.0
1621570835	5.0
0060185163	3.3333333333333335
0439756685	5.0
1104973944	4.0
1413309844	5.0
1569472041	4.0
0596005385	5.0
1595552731	4.0
0143117599	5.0
0345318226	5.0
0307386775	5.0
0007431201	5.0
0007264712	4.0
1416597301	5.0
0316290610	2.0
0156154552	4.0
0786416106	4.0
0802037305	5.0
0547394527	4.0
0671682989	4.0
0873513223	5.0
081122127X	5.0
1595552723	5.0
038524813X	1.0
0143122916	5.0
1440213372	4.0
014219672X	4.0
1933116935	5.0
0544104404	4.0
0253350662	4.0
0679444327	5.0
0002318652	5.0
0743232798	2.0
0061560898	5.0
1402284314	5.0
0857687107	5.0
0679735909	5.0
0786712279	5.0
0984956751	5.0
1594202303	3.0
0679764437	5.0
0688162568	5.0
0312426399	5.0
0307887146	4.5
0873513215	5.0
0306817675	5.0
1608196801	3.0
0385071922	4.0
0061056898	5.0
0143037110	5.0
0061132284	2.0
1580052967	5.0
0061470880	4.0
1602838267	5.0
0060974087	3.0
0394740815	5.0
0062073885	4.0
1897093829	2.0
0691142084	5.0
0385501145	4.0
0470890754	4.0
0691126836	5.0
0465021816	2.0
1557836701	3.0
0312657757	3.0
0385495617	5.0
0520239482	5.0
0805062882	1.0
0684872137	3.0
0395670292	5.0
0316358509	4.0
0307265803	5.0
1591841747	5.0
0684827573	5.0
0786717955	4.0
0375834257	5.0
0451195086	4.0
054715240X	4.0
B0024FB01W	5.0
0385523343	4.0
140003454X	4.0
1594747156	5.0
0152054359	5.0
0375424148	4.0
0195399560	5.0
0805062890	5.0
077043620X	4.0
1598163248	5.0
0321700945	4.0
0061132217	2.0
1556529694	4.0
1585671622	4.0
038536315X	5.0
0671441337	4.5
0192801783	3.0
0316358517	4.0
0395159903	5.0
0613501349	2.0
0394722183	4.0
0312428111	4.0
0517605171	1.0
0670437654	5.0
0060191872	3.0
0688170129	3.0
0345501640	5.0
1937178382	5.0
1463740131	5.0
1603582347	4.0
1573223220	2.0
076792262X	5.0
0802126022	2.0
1596437383	5.0
0385524684	4.0
0520252438	5.0
159474713X	5.0
0394506685	4.0
0671207148	5.0
1462111181	5.0
0811829138	5.0
0805094466	3.0
0375814620	4.0
0142402575	5.0
0316358525	4.0
0201328283	4.0
0316633763	4.0
0099457156	2.0
0006128513	4.0
1598163221	5.0
0743260805	5.0
0230340385	4.0
1596437391	5.0
0500510504	5.0
0520247094	5.0
0590459872	5.0
0465030785	3.0
1413304141	5.0
1400034574	4.0
0671027328	4.0
1741792347	2.0
0375703772	5.0
0765315467	3.0
0007202474	5.0
022610172X	5.0
0312242115	5.0
014310554X	5.0
0826415520	3.0
1843108801	5.0
0192834665	5.0
0802139329	4.0
0141188014	5.0
1554533627	5.0
0691015953	4.0
0140437320	2.0
0465008887	4.0
0297825038	4.0
0231120087	5.0
0811217167	4.0
0385513968	4.0
0446546925	4.0
0060766832	5.0
039331619X	5.0
0451466195	5.0
0393052311	5.0
0937295078	4.0
1585441562	5.0
0684807122	4.0
1616087080	5.0
0399111964	3.0
0061563080	3.0
0674027663	3.0
0756405483	4.0
0671447483	5.0
0670918466	4.0
0446580848	3.0
0300093098	3.0
0151009252	5.0
000719739X	4.5
0061059072	5.0
1402792506	5.0
013290781X	3.0
0143035347	5.0
0060080930	5.0
1401213537	5.0
0500051135	5.0
0330482165	5.0
0743448782	1.0
0060193611	4.0
0394759486	2.0
0060545674	4.0
0755348001	5.0
0060987324	4.0
0739319728	1.0
0312352425	5.0
0763603090	5.0
0394546741	5.0
0375837388	2.0
0316358568	5.0
0252060121	3.0
0385513992	5.0
0805069496	4.0
0061161640	5.0
0451228480	4.0
1400158710	5.0
0316013331	4.0
0746085508	4.0
0553471570	5.0
0452288606	4.0
0307278271	4.0
0937295043	5.0
0786868767	2.0
1494340070	4.0
0141002344	5.0
0132230852	5.0
0143036661	4.0
0061712612	4.0
0195126394	5.0
1883841178	5.0
0679747044	5.0
0060193638	4.0
1566632706	5.0
0316357243	5.0
1439148937	5.0
0879307161	4.0
0316154741	5.0
0060088877	3.0
0446602590	4.0
0307275175	5.0
0805057455	5.0
1439102724	5.0
0143120328	4.5
1250002893	5.0
1595554572	2.0
0345461959	4.0
0375421947	4.0
1569767106	3.0
1400075955	4.0
0061134007	5.0
0963122991	5.0
0375411852	2.0
0393320278	4.0
0195167716	4.0
0307453278	4.5
0765321270	5.0
1402202407	3.0
0521398320	4.0
0387952535	5.0
1598530887	5.0
0691118388	3.0
0763628344	5.0
0671523740	5.0
030681501X	5.0
0140292594	4.0
1878425307	5.0
0802717934	4.0
1463559313	5.0
0061995215	5.0
0984956727	5.0
0446510998	5.0
1595553223	5.0
0520247027	4.0
0385525931	5.0
1594031428	5.0
0140057072	5.0
0446555894	4.0
0764209779	4.0
0312420234	5.0
0375846298	4.0
0894801996	5.0
0812978676	5.0
1930601247	4.0
0152024565	5.0
0937295019	5.0
1250000203	5.0
0316357278	5.0
0786706414	5.0
0061721506	4.0
0804107688	5.0
0307969509	3.0
0143122959	1.0
1465408436	1.0
1565922573	5.0
0060663723	5.0
0300095694	4.0
1439169810	3.0
0679728732	5.0
0465051626	5.0
1586485520	4.0
0143038400	4.0
069113927X	4.0
0805211594	4.0
1595230866	4.0
0312874561	5.0
0805090037	5.0
0307271609	2.0
0345331222	5.0
0307275132	5.0
0786863943	4.0
1935448005	5.0
0941214877	5.0
1846033152	4.0
0717289664	5.0
0595138802	5.0
0142003255	5.0
0399147888	4.0
0140440046	4.5
1552976599	5.0
1849085668	4.0
0679762701	3.0
1596434333	5.0
0446564745	4.0
1598796178	5.0
1596434325	4.0
0802143377	2.0
0441008283	5.0
0875848362	5.0
0714652563	5.0
1400062551	4.0
006073132X	3.0
0252014170	5.0
1449344216	5.0
034911563X	5.0
1586485636	5.0
0316156507	3.0
0393038882	5.0
0156283158	5.0
0345450477	2.0
0374530645	4.0
0316074225	4.0
0275957942	5.0
1596434341	4.0
081184658X	5.0
006176826X	4.0
0143122134	3.0
0670910589	4.0
0785958304	4.0
1621570037	5.0
0521882745	5.0
0307913090	5.0
0425215180	3.0
0553274325	5.0
1401216528	3.0
1107050448	5.0
0451458605	3.0
0061442933	5.0
1933372435	4.0
067973337X	5.0
1742207340	5.0
098439723X	5.0
0307389006	3.0
0470098287	4.0
0141390565	4.0
1559634634	5.0
0789302616	5.0
0060927623	5.0
0812977386	5.0
0804705984	5.0
0805092641	4.0
0062314254	3.0
074327332X	5.0
1875671196	5.0
B008J2MMWU	4.0
0160489091	5.0
178096319X	5.0
1906144419	5.0
0446547387	3.0
0743202120	5.0
0805091319	4.0
0061876844	4.0
0393070115	4.0
1449025528	5.0
0060558121	3.0
0307263118	4.0
0307595153	2.0
030726310X	4.0
0891419055	5.0
0395602904	4.5
0739464418	4.0
0756636035	5.0
1568523726	5.0
0060514574	3.0
0226823369	5.0
0140271694	5.0
0307265773	4.0
0812977378	5.0
0307456293	5.0
0060282282	5.0
0143172417	5.0
0230609104	4.0
0446547395	4.0
0785142479	5.0
0307377040	2.0
0316507377	5.0
0670025127	3.0
0151010331	5.0
0739338862	4.0
0898869412	4.0
0743527992	5.0
0547134665	5.0
0151012997	5.0
0760716080	5.0
014200328X	5.0
0743491475	2.0
0374531943	5.0
1891369830	5.0
0316713473	5.0
1585672165	5.0
0765331462	4.0
0316018953	4.0
0553285890	5.0
0393050572	4.0
1400106656	4.5
1586481231	1.0
0385348339	5.0
0060731370	4.0
0061020087	5.0
1741798442	4.0
0984173803	5.0
1439198306	2.0
0553208845	5.0
0399151931	5.0
0199210993	5.0
1438424973	2.0
0156106809	4.5
0345347536	5.0
1596980907	5.0
0811731332	4.0
0767903498	5.0
0545241987	4.0
1560850116	4.0
0787902713	3.0
0375406425	5.0
0802135781	5.0
1570033544	5.0
0385489838	5.0
0385265573	4.0
0345396545	5.0
0132339420	5.0
067402205X	5.0
159448760X	5.0
0262540673	5.0
0684847957	4.0
067401880X	5.0
0375423745	3.0
0813512778	5.0
1596914653	5.0
0750919108	4.0
0679725733	5.0
0307272087	5.0
0553808036	1.0
0060571993	2.0
0061991716	3.0
0307456242	5.0
0061540463	5.0
0553264931	5.0
0312368801	4.0
1841768510	4.0
1780963165	4.0
067003181X	4.0
0743247035	5.0
0804101515	5.0
0141009055	5.0
1890626740	5.0
0064472272	4.0
0786860847	5.0
0152002278	4.0
0345450450	5.0
0812906241	5.0
0316713481	5.0
0805080643	5.0
0803213271	5.0
031233818X	5.0
1596434317	5.0
0399161309	1.0
0307265722	5.0
1456450115	5.0
1421408198	4.0
0547549466	4.0
158574607X	4.0
1451617402	5.0
1442214716	3.0
038551316X	5.0
0440236274	5.0
0028810252	5.0
0385513178	3.0
0029303605	4.333333333333333
0307939650	4.666666666666667
0316604429	5.0
0195315928	4.0
0785149058	5.0
1611090369	4.0
0739495585	3.0
1477533028	5.0
1439150311	4.0
0439861365	5.0
0132361329	4.0
1742201199	5.0
0451163508	4.0
0756404932	5.0
0375407707	5.0
0812993462	5.0
1580800467	5.0
0374299080	5.0
088188748X	5.0
0471089702	5.0
0374169918	5.0
0983573123	3.0
1555254594	5.0
0393059758	4.0
0786166835	4.0
0195310225	5.0
1421405903	5.0
1400041686	5.0
0470932937	5.0
0465031285	2.0
0671529870	4.0
0099297701	3.0
1401227236	5.0
0722340400	4.0
0679722661	5.0
0812979176	4.0
0306814668	3.0
0307962881	4.0
1875671110	4.0
0441014100	5.0
0765319756	4.0
1406807257	4.0
0142180432	4.0
1591023491	5.0
0385093306	4.0
081299342X	5.0
0195312872	4.0
1476725365	4.0
0809324903	4.0
1422157989	5.0
0307599590	5.0
0316125407	5.0
0385525184	4.0
0689823517	5.0
0060898623	5.0
006109918X	5.0
0195157427	5.0
0345283082	4.0
076531973X	5.0
0761167129	4.0
1569716498	4.0
0240814215	5.0
1847250467	4.0
156971648X	5.0
0143037072	5.0
0670022098	4.0
1586420240	4.0
0743230221	5.0
0939218097	5.0
1421405962	5.0
0195135210	5.0
1564556662	5.0
0689844476	5.0
0825610567	5.0
0307939693	4.0
0312626681	5.0
0312169892	5.0
1849086966	4.0
0465009360	4.0
1559704160	5.0
1882593995	4.0
0312264305	5.0
158536231X	5.0
0143122185	5.0
0062073826	5.0
0810983257	5.0
0312367546	5.0
067977646X	5.0
1593079036	4.0
0375421165	5.0
0898869498	5.0
0156421178	5.0
0143118900	5.0
1467937762	5.0
0760322996	4.0
1594485038	4.0
0007257546	5.0
0140288503	5.0
0618943323	3.0
193284161X	5.0
0307265749	4.0
0312273231	5.0
0385721072	4.0
0967324971	4.0
1594202400	5.0
1553373820	4.0
1416979352	4.0
0451155963	5.0
0061689866	4.0
0465018270	4.0
0071476571	5.0
0321496949	5.0
0143113208	5.0
1463534922	4.0
0060817240	5.0
0385479662	5.0
0399157298	5.0
1849086982	4.0
080506589X	4.0
0142002801	4.0
0802129927	1.0
0765317125	3.0
0307379663	5.0
1931859396	4.0
076272756X	5.0
034552697X	4.0
0307473651	2.0
0240814258	4.0
0307884910	4.0
0968941974	5.0
1569715424	5.0
1400031133	4.0
0843961716	4.0
0451462300	5.0
0140275010	5.0
0195300718	5.0
0143111930	5.0
0316204366	5.0
0452283442	4.0
148106276X	5.0
1250043042	3.0
0688128971	5.0
0375758771	5.0
0786919035	5.0
0307591484	4.0
0739332449	4.0
0060885483	5.0
0618068864	4.0
0553276298	5.0
0307394050	4.0
0809071878	3.0
0345362276	5.0
0375707190	5.0
0340935235	5.0
0375414401	5.0
0385506929	4.0
1594204829	4.0
0857687689	5.0
B005JLVFHM	5.0
0380730235	4.0
0307947432	5.0
1576871304	5.0
0060932309	5.0
140418712X	5.0
1416587624	4.0
0753813580	5.0
0757307507	5.0
1401323227	4.0
0307476464	4.0
0978575105	4.0
0751368687	5.0
0679640967	5.0
0761104844	3.0
0679009523	5.0
0670026719	2.0
0345511166	5.0
0312361890	5.0
0306816202	4.0
1439152926	4.0
0553289594	5.0
000766141X	5.0
0446580570	5.0
0345511174	3.0
0306816210	5.0
0684859068	5.0
0674066979	5.0
0812977823	3.0
B000CQK05C	3.0
0195067142	5.0
B009LU7NAU	5.0
0547315813	5.0
0316763063	4.0
0805076514	4.0
0062079077	4.0
0679601392	5.0
0679739394	5.0
041365320X	4.0
1620878070	5.0
0618068872	5.0
081171523X	5.0
006171951X	5.0
1559706686	3.0
0670018287	5.0
0743230493	3.0
1592284434	1.0
1400043123	5.0
0140434135	4.0
1480802646	5.0
030759582X	4.0
0745644848	4.0
0803295618	5.0
0785164405	5.0
0785147004	5.0
0062127241	3.0
0452296749	5.0
146352210X	5.0
0374278172	5.0
0786157933	5.0
0316496995	5.0
055380698X	5.0
1906144397	5.0
1451650027	4.0
1439100020	3.5
0547750315	5.0
B008E8MRAQ	5.0
0001055178	5.0
0814756999	4.0
1416554750	5.0
0785149651	1.0
0805094369	5.0
1780961642	4.0
019514824X	4.666666666666667
0807003212	4.0
0470520698	5.0
0470620064	3.0
0099740915	5.0
0471404195	4.0
0425042340	5.0
0486203948	4.0
0306822083	4.0
141656103X	4.0
1582345201	5.0
1416989536	5.0
0439083702	5.0
0226511928	4.0
0307339262	3.0
0892728167	5.0
0375505741	2.0
0679434631	4.0
0385503865	4.5
0399155848	4.0
0679738010	5.0
048622791X	4.0
0671793373	5.0
0060899220	4.666666666666667
0060753617	5.0
1595584684	5.0
0671428497	3.0
0375425128	3.0
0451219007	5.0
B00C5XV0PY	5.0
0691004935	4.0
1908192550	5.0
0700615121	5.0
0316055433	4.0
0770436374	4.0
0099281996	4.0
1594489483	5.0
1592432875	5.0
0307749584	5.0
075661161X	5.0
1599211122	4.0
0060924713	5.0
0316358401	5.0
0757307515	5.0
B00GR8R4BW	5.0
0375504427	4.5
1400069769	3.0
0312361866	5.0
1556706308	5.0
0393067785	4.0
0470520671	5.0
0743555619	4.0
0743446496	5.0
0451217292	5.0
0425238733	5.0
047038378X	5.0
1430444169	3.0
0306818833	3.0
0312560168	5.0
0674023854	4.0
0399142533	2.0
044990928X	4.0
1893554732	3.0
0465003079	4.0
0761123148	5.0
045123023X	4.0
0312648707	5.0
079226987X	5.0
0521297931	5.0
140003423X	4.0
0813341981	5.0
0385489099	3.0
0374504644	5.0
0195038630	4.5
0743236645	5.0
0439087279	5.0
0743290178	5.0
0945466056	5.0
0099581876	4.0
1489529128	5.0
0375407286	4.0
0395952832	5.0
1844168077	5.0
006051261X	4.0
0884111326	5.0
031238324X	4.0
1401302378	4.0
B00D50MR62	5.0
0393037037	4.0
0060652926	5.0
0140444351	4.0
0374516642	5.0
0988564319	5.0
1846033667	4.0
0374347255	5.0
0307454290	5.0
1413305768	5.0
0765317907	4.0
0671796488	1.0
B00DP6ECVO	5.0
006224969X	5.0
1565924649	4.0
0986803502	4.0
0316106755	5.0
0262680939	5.0
0143121316	4.0
067002189X	3.0
0738213241	5.0
0307277291	5.0
0143038702	4.5
0061560944	4.0
075666103X	5.0
B001O5CGIE	5.0
0312349327	5.0
1490973109	2.0
0062074202	4.0
0307737543	5.0
0316358444	5.0
0099452243	4.0
0473232251	3.0
1442346965	5.0
0471513377	5.0
0066209846	4.0
0140014454	5.0
0060183713	4.0
039306462X	4.0
1579550088	3.0
1476705496	3.0
0898158966	5.0
080214179X	5.0
0316036315	4.0
0312644302	5.0
0140431020	4.0
0394711955	4.0
0811807843	4.0
1590514734	4.0
0674066901	5.0
0441842925	5.0
0316358452	5.0
0142003417	3.0
0060655186	3.0
0606290850	5.0
0307277232	2.0
0316066117	5.0
0312383223	5.0
0679445307	5.0
0743235355	4.0
0764304836	3.0
0670033820	3.0
0785155546	5.0
0312349394	4.0
0385507372	4.0
073820692X	4.0
0198502435	5.0
0393239322	1.0
1844165841	5.0
0786704373	5.0
0486451224	4.0
0316358460	5.0
1465417001	5.0
0439598397	5.0
0825652804	5.0
0671534513	5.0
0711222789	4.0
0679749519	5.0
1440310408	5.0
0060958073	3.0
067944663X	5.0
0547053460	4.0
0385507380	4.0
1490426345	4.0
0374157065	5.0
0451408829	2.0
0671867369	5.0
0316358479	5.0
0060753676	5.0
144023986X	5.0
0307387739	1.0
0449205770	4.0
0060731427	3.0
0825652812	4.0
1400079195	5.0
0312289146	4.0
0452269172	4.0
0375700528	4.0
039915325X	1.0
0465037224	4.0
1442363479	3.0
0385518048	5.0
0811859061	4.0
1614690413	5.0
1567923860	2.0
0935553045	4.0
0989721515	5.0
1603582096	5.0
1592406513	3.0
0316358487	4.0
0061845256	4.0
0060210982	5.0
0738213209	4.0
0547394608	4.333333333333333
0674065603	4.0
0434291838	5.0
0670020540	5.0
0307595870	5.0
1844674223	1.0
0745652492	5.0
038551140X	4.0
0345494997	5.0
0553384902	4.0
034538623X	5.0
0743291476	2.0
0441008011	5.0
1422168034	5.0
0316501115	5.0
0312569378	4.0
0789306352	5.0
0316358495	5.0
046500928X	3.0
0142300160	5.0
0395898714	4.0
147784919X	4.0
0684808293	4.0
1594136149	5.0
1595552197	4.0
1455504009	2.0
0425163415	4.0
0345538196	5.0
0935039201	5.0
0375726381	4.0
1579180566	5.0
0805091211	4.0
0684813637	5.0
1844165884	4.0
0375410848	4.5
0345448278	5.0
0767916883	1.0
0195121996	4.0
0553560689	4.0
1846031087	5.0
1594484651	4.0
0143036955	4.0
0984457666	5.0
1442152311	5.0
0865474117	4.0
1490957928	5.0
0801849012	5.0
0470223073	4.5
0393244660	4.0
0226239683	5.0
1592402267	5.0
0345406400	4.0
1452604010	5.0
159114745X	5.0
184353679X	5.0
1563896389	4.0
1593078862	4.0
1556438826	5.0
0802407684	5.0
0143112449	4.0
1413301479	5.0
0446514152	1.0
0803277873	4.0
0142002062	5.0
0812978358	1.0
0743276728	4.0
0143119087	5.0
1603585044	4.0
0140390839	5.0
0306818078	5.0
1416948953	5.0
0393315606	5.0
1563895064	5.0
019538136X	3.5
1596916508	3.0
0307475913	4.0
0199737509	5.0
0192840746	5.0
074326164X	5.0
0143036939	2.0
0142003387	2.0
0199322325	4.0
1595588159	5.0
0670021954	5.0
0140390847	5.0
0375843892	3.0
0374205183	5.0
0671741241	5.0
067400163X	4.0
1586481363	4.0
B004FPZ2EA	5.0
0230120733	5.0
0609606336	4.0
1442369671	5.0
0426203895	5.0
0374475512	5.0
1594745781	4.0
0470444304	5.0
0563477008	5.0
0679722564	5.0
0062248472	5.0
0060776390	5.0
0156031566	4.0
0679735879	4.0
080782609X	5.0
0618354034	5.0
0230613969	4.0
0345331052	4.0
0345505336	5.0
0345521307	3.0
0140298606	2.0
0919123600	4.0
142310336X	4.0
0330487140	4.0
0393072231	5.0
0062512234	5.0
0739456741	4.0
0345344391	5.0
0307245640	5.0
0252061225	5.0
0987966405	4.0
0307383415	5.0
0345533313	4.0
0763630233	4.0
0743264738	4.5
0023548568	5.0
0553071858	5.0
0745634699	5.0
0940322994	4.0
1936297639	1.0
142212584X	4.0
0375405445	5.0
0061433047	4.0
0983682313	3.0
1585742619	5.0
1558321403	4.0
0813343623	4.0
1586489291	5.0
0062207938	3.0
0547273428	5.0
0385360797	4.0
0446194204	3.0
0156148501	5.0
0143113720	5.0
0340573481	5.0
1439171173	3.0
0307717097	3.0
0531162095	5.0
0300176880	4.0
0710310250	5.0
1590202961	5.0
0141439734	3.0
0143034316	5.0
0060390506	5.0
0618477918	2.0
0028643151	2.0
0316758469	5.0
1586422162	2.0
0525951059	2.0
0465009212	5.0
0446570230	3.0
0679767436	5.0
0674055462	4.0
0684870274	5.0
0802717055	4.0
1612192122	5.0
0451200446	3.0
0345478991	4.0
0152049495	5.0
0375711287	4.0
0300106947	5.0
0375414371	4.0
0399158022	1.0
031232362X	3.0
0802717047	3.0
0143142283	4.25
0140272011	5.0
0679760806	5.0
0316091073	3.0
0195057821	4.0
0679009590	5.0
187567148X	4.0
1481145517	1.0
0060809779	5.0
0465010210	5.0
1600783414	1.0
0306809168	5.0
0195331079	5.0
0394502698	5.0
067974780X	5.0
0099269325	5.0
1933392584	5.0
0934364206	5.0
0061958867	5.0
0802407617	5.0
0345478983	3.0
1604991771	5.0
158574087X	5.0
0007156618	5.0
0812969464	3.0
0385503024	3.0
0141001828	5.0
067943822X	4.0
0307877094	3.0
0061030864	1.0
0393302350	5.0
0195039149	5.0
0140147551	5.0
0674014936	5.0
1841766402	5.0
1250008778	4.0
0395410592	5.0
0470873876	5.0
B00AGZEHYO	5.0
1841957186	5.0
1559708476	3.0
1610393503	5.0
0465012884	1.0
0977914380	4.0
0061725471	5.0
0143104896	4.0
0240817850	2.0
0316321001	4.5
1558321446	5.0
0375414347	4.0
0805056866	4.0
1401232701	5.0
0441490557	5.0
0452272726	5.0
0252023811	5.0
1469204304	1.0
1557507015	5.0
014311686X	3.0
0307461351	3.0
0571208207	4.0
B004FPZ2MM	5.0
0060394072	5.0
141658028X	5.0
0312318286	3.0
0195368347	5.0
0715327224	4.0
0375414339	5.0
1439110190	5.0
0240812158	4.0
0140089225	4.0
0743254554	5.0
0345478959	4.0
1569474818	4.0
1442347449	5.0
0312309376	5.0
0671456547	5.0
076032199X	2.0
0743276744	4.0
0825306329	5.0
1401240313	5.0
085720730X	5.0
0399164731	5.0
0812970497	5.0
0060631120	5.0
1935708171	5.0
0553762966	5.0
0679755403	5.0
031230935X	5.0
0060937998	5.0
0143115529	5.0
B00H23BRHI	5.0
155853265X	5.0
0806133473	5.0
1742205631	5.0
0521010683	5.0
0944502334	4.0
159420053X	5.0
0393061507	4.0
0060598964	1.0
0070506728	4.5
0425029301	3.0
0743222946	5.0
1612180183	2.0
0060598956	2.0
0028740238	4.0
1569471797	5.0
0679444904	5.0
0375507523	5.0
1451684304	5.0
0231133804	5.0
0814719953	1.0
0143116843	5.0
037550317X	5.0
0670025429	5.0
0801857481	5.0
0060852577	4.0
0700612130	5.0
1476735247	1.0
0743421949	4.0
007137230X	5.0
1580051545	5.0
037541259X	5.0
1401217109	4.0
0451529952	3.0
0812977904	5.0
1742205658	5.0
0801836573	5.0
0385285906	4.0
0787987786	2.0
0141194529	5.0
0307263436	4.0
1608192008	5.0
0691136696	3.0
1426211597	5.0
0805073396	5.0
0307406512	4.0
0679776338	5.0
1742203000	4.0
0762784431	5.0
1573226599	4.0
0316005126	3.0
0757315240	2.0
0374237549	2.0
0517294095	4.0
0312576463	5.0
0553209582	3.0
0312426119	4.0
0439216486	5.0
B00B5I2D4W	5.0
044657967X	4.0
0060530340	5.0
3861879891	5.0
0486234118	5.0
0061020680	5.0
0307943194	5.0
0143118692	5.0
0306813041	4.0
1413319432	4.0
006114665X	4.0
0899333834	4.0
0374123543	3.0
0312658877	5.0
0785263268	5.0
1569713596	4.0
0765328542	2.0
1930935331	5.0
0061031321	5.0
0618574921	3.0
067974021X	5.0
0786717750	5.0
0691058873	5.0
067003116X	5.0
1596430532	5.0
0345423879	4.0
0061020664	5.0
0345515633	4.0
0060516054	4.5
014104179X	5.0
1400043220	4.0
0061020672	5.0
1451628250	2.0
0307475255	5.0
0471407380	4.0
015601226X	5.0
141655047X	4.0
0520083938	5.0
0297864823	2.0
144233729X	4.0
0143118668	4.0
1742205844	4.0
0316091014	4.0
1440214476	4.0
0679009647	5.0
0521838347	5.0
0061472808	5.0
0500510776	5.0
0061582417	5.0
0743554434	4.0
0060187115	5.0
0062736868	4.0
0802119921	5.0
1499714580	5.0
0847835294	5.0
0345528956	5.0
0446513857	5.0
006102063X	5.0
0743277023	4.0
0062280635	5.0
0802727948	4.0
0439644836	4.0
0307742857	4.0
0521637600	5.0
0802828612	4.0
0307271005	4.5
0312427484	4.0
030740711X	4.0
0007121121	5.0
006056458X	2.0
0700608761	5.0
006095339X	5.0
0307387879	4.0
1568493126	5.0
0380975742	4.0
0983520801	5.0
0380789612	5.0
0345802896	4.0
0060935502	5.0
0316102490	5.0
0700616349	5.0
0689823827	5.0
007024233X	5.0
0140502017	5.0
0743287231	5.0
1285859146	4.0
0142004812	4.0
0151014027	4.0
0449908070	4.0
0394571053	5.0
037543190X	4.0
0375724427	5.0
0393323943	2.0
0963897276	5.0
0385343337	5.0
1419644386	5.0
0446405167	5.0
1594203415	5.0
0395901324	4.0
0226646777	5.0
0820320625	5.0
0385534221	5.0
0061989185	2.0
1586488899	3.0
0679728562	5.0
0143142372	4.0
1451629540	4.0
0312868944	5.0
0767930487	5.0
0312204094	5.0
014312093X	5.0
0764578618	4.0
0884946398	5.0
0151003386	2.0
0689876335	5.0
0195139437	5.0
1402208804	5.0
0375725792	3.0
1118152883	4.0
014023280X	3.0
0618065695	5.0
159240779X	5.0
0785128816	3.0
1599213664	5.0
0307268292	1.0
0345317580	5.0
1892764040	5.0
0142501239	4.0
1856176983	4.0
0007410956	4.5
1483997472	4.0
3861879840	5.0
1780961545	5.0
1416540261	5.0
0060838337	5.0
0375400532	4.5
0525422285	4.0
1886705100	5.0
0316072788	3.0
0609610236	5.0
0385515987	4.0
0137020171	2.0
0140435387	4.0
0520239229	5.0
0307742814	5.0
0571211925	5.0
0142004820	4.0
1585425206	5.0
140006855X	4.5
0195135091	4.0
0374100810	4.0
1590171985	5.0
0345448308	5.0
0801862051	5.0
0399153128	3.0
146626893X	5.0
0312317875	5.0
0060744804	3.0
0743203607	5.0
0140133968	5.0
0684810522	5.0
1481979914	5.0
0395859999	5.0
039330700X	4.0
1883642361	5.0
0142404098	5.0
0385524854	5.0
1590171993	5.0
0060513837	4.0
0801477077	5.0
0446678376	4.0
0765326760	3.0
0060740450	5.0
0470562331	4.0
0195161394	2.0
0028610105	5.0
014043223X	5.0
0143113828	3.0
0195314395	5.0
019500146X	5.0
141656991X	4.0
067975704X	5.0
0812976665	3.0
1591025087	5.0
0618420053	3.0
1603582142	5.0
0843958022	3.0
1613820259	4.0
0316358312	4.0
0521584361	5.0
0441827209	4.0
048623231X	5.0
0425208133	5.0
0817916156	4.0
0449215016	4.0
0140282963	4.0
0345383044	1.0
0375505849	5.0
0439296536	4.0
0441816533	3.0
0767904133	5.0
0805069259	5.0
0316017922	2.0
0819218200	4.0
0321304527	5.0
0061692034	4.0
0525949607	3.0
1401302270	1.0
1612183182	5.0
0691121796	5.0
0141441038	5.0
0316358320	5.0
014144102X	4.0
0439598451	5.0
0099453452	5.0
1416543333	4.0
0062012614	3.5
0312539673	4.0
0151013519	4.0
0393065847	5.0
0688072798	4.0
0670032441	2.0
0615970354	5.0
0061711527	4.0
1569474044	5.0
0674242505	4.0
0395971268	5.0
156085121X	4.0
0853457220	4.0
161278576X	4.0
0321304519	5.0
094546617X	5.0
1581826478	4.0
0007137508	4.0
080501540X	2.0
0061684422	5.0
140006371X	4.0
0804139024	4.0
0743572203	5.0
0679446753	3.5
0684831422	3.5
0385493282	5.0
0671741225	5.0
0316358347	5.0
0804819610	5.0
0992419603	5.0
0028639022	4.0
0345518780	4.5
0307387844	4.0
0312363737	5.0
0060738170	4.5
0007137516	5.0
B00512PTTE	5.0
0307700119	3.0
0061721786	5.0
0143038656	3.0
0739488104	1.0
0307268225	3.0
0140437983	5.0
1570548307	5.0
0307947513	3.0
0786951931	3.0
1439109109	4.0
1616951907	2.0
1842122924	5.0
0140047484	5.0
1593073011	5.0
0316358371	5.0
0399237542	5.0
0312596979	2.0
0061020699	5.0
0807129313	5.0
1400316138	5.0
0099429799	5.0
0809024799	5.0
0060519134	4.0
0143105396	5.0
0373265107	5.0
0811861465	4.0
0345457242	4.0
1557045070	3.0
0486275485	5.0
0375759913	5.0
1460200470	3.0
0152000356	5.0
074327041X	4.0
097006294X	5.0
0380799006	5.0
1861002963	3.0
031600023X	5.0
1933515171	5.0
0471412791	4.0
0679404937	5.0
1568583982	4.0
0672333325	4.0
0316358363	4.0
0306810832	4.0
0375707050	4.0
0099466708	4.0
0399214577	5.0
0394563492	5.0
0060798696	5.0
0140280359	5.0
0671671642	5.0
0807830984	5.0
0940450585	5.0
0201407183	3.0
B0039GL38K	5.0
0439227143	5.0
0989122034	5.0
0875803679	5.0
0674064402	2.0
0451232704	2.0
0465027784	4.0
0767931750	4.0
0307453022	5.0
1883642396	5.0
1592333028	2.5
0399150811	3.0
0448431041	5.0
0785289089	5.0
0393061434	5.0
1781681198	1.0
0803251386	5.0
0060094931	5.0
1250004470	5.0
0809432501	4.0
0061344273	4.0
0989122026	5.0
0345516044	5.0
0578084139	5.0
067976075X	4.0
1432713264	5.0
1619693682	4.0
1447244788	1.0
0571211119	5.0
0684842076	5.0
0700614656	5.0
1423606000	5.0
0446520942	5.0
0376010487	4.0
0060541903	5.0
0306813963	4.0
0060731583	4.0
0300166710	4.0
0393320081	4.0
0385506252	5.0
B0083NUMQS	5.0
0316154563	5.0
0988475790	4.0
0316358398	5.0
1453851372	4.0
073561993X	5.0
0804831327	5.0
0521607825	3.0
0671616005	5.0
0743202376	5.0
3822859915	5.0
1570089361	5.0
0099285568	5.0
0967521564	4.0
1605898961	1.0
0815410530	4.0
0060541938	5.0
0486206106	5.0
0691149291	5.0
1416555382	4.0
1890988006	5.0
0199986118	5.0
0199759898	5.0
1413313337	5.0
0060170301	4.0
0375404031	5.0
0609808397	5.0
B004UJMA46	4.0
0393068056	5.0
0897335147	5.0
0195337115	2.0
0226346838	4.0
0670021830	5.0
0979362903	4.0
0393035158	4.0
1455576646	4.0
1594487820	1.0
1591841089	5.0
1401225683	4.0
0143116916	5.0
0061050555	5.0
0316007625	5.0
0316008958	2.0
0300164998	3.0
1594850305	4.0
0756615356	5.0
B007Q4DC4O	5.0
0671044494	5.0
0345336674	5.0
0449911721	5.0
1440322244	5.0
1440069395	4.0
080506740X	5.0
0793573815	4.0
1597070009	4.0
0805000321	5.0
0007230206	3.5
1595544496	5.0
0375431101	4.0
0312421273	4.5
0137009720	5.0
1440086729	5.0
142140530X	4.0
1439152780	5.0
1591391806	2.0
0064409635	5.0
0671799320	5.0
0393311147	5.0
0802717780	5.0
0307354199	4.0
007159129X	5.0
1844167739	4.0
0312382081	5.0
0061829838	4.0
0312424302	5.0
0446618772	5.0
0393324486	4.0
074329310X	5.0
0140432213	5.0
1582971943	5.0
0330487256	4.0
0884940292	5.0
0547336918	5.0
0060094958	5.0
006009494X	5.0
0060175966	4.666666666666667
1594201706	5.0
020132797X	5.0
0143124501	5.0
0879302917	5.0
0684810468	5.0
0307480593	5.0
0151002967	3.0
1477818162	5.0
0563534311	5.0
0230108938	4.0
0940322889	5.0
0252028589	5.0
0143112511	4.0
0072225785	1.0
1400033802	4.0
0684808161	4.0
1933512865	5.0
082032499X	5.0
0307480585	5.0
0553108042	5.0
0307460983	5.0
0240804619	5.0
0393053830	4.0
006101351X	5.0
156512426X	4.0
0374220638	5.0
0345310020	5.0
0671769561	4.5
0060195592	4.0
B0060E496G	4.0
0826413552	4.0
0393060985	5.0
0375711163	5.0
B000JMKX4W	2.0
0060745339	4.0
0060845503	5.0
0967294029	4.0
0060559284	4.0
0595322506	3.0
0446673587	2.0
0879238712	4.0
0007155417	4.0
0307591409	5.0
0812970578	5.0
0449911799	5.0
0375415572	5.0
0393319903	5.0
0345496078	5.0
0679767320	4.0
006083482X	5.0
0226452387	5.0
014011341X	5.0
0873512197	5.0
0393060977	5.0
0061020702	5.0
0803259255	5.0
0700612084	5.0
0199922071	4.0
0671469924	5.0
0399159215	3.5
0786869089	5.0
0553061747	2.0
1492162698	5.0
1598804863	5.0
1585427926	4.0
0765306220	3.0
0375506357	5.0
0785129219	5.0
0192835211	4.0
1442346272	4.0
0307934179	5.0
0385471904	5.0
0982517203	5.0
B0006CJ9CM	5.0
0465012760	5.0
0316213373	1.0
0595311881	2.0
0470497734	5.0
0802870104	5.0
0679735739	3.0
0743264657	4.0
187567134X	4.0
0615355080	1.0
0374386153	5.0
0099535297	5.0
0062505858	5.0
0760320543	4.0
0873371054	5.0
0897500377	5.0
0385516479	3.0
0312244967	4.0
0312428723	5.0
0307461475	4.333333333333333
039575531X	5.0
0670060577	4.0
0684863847	4.0
0439365635	3.0
184416778X	5.0
0465024750	4.0
0864427204	5.0
0544002253	5.0
0312204078	5.0
0802170374	4.0
0060616296	3.0
0312155484	4.0
0812970586	4.0
0310209307	5.0
0700603115	4.0
0945001428	5.0
1561635294	5.0
0684869128	5.0
0385516401	4.0
0743250079	5.0
0395924979	5.0
0451216709	4.0
0307588661	4.0
0596003390	5.0
1568584490	4.0
0060574879	1.0
0547198485	5.0
006105710X	4.0
0812982592	4.0
0743228154	4.0
0060014016	3.0
0439049989	5.0
0962784168	5.0
006201577X	4.0
0061468436	5.0
0671734008	4.0
006156284X	3.0
1571451757	4.0
1618930966	4.0
0394555090	4.0
0465018025	4.0
026261037X	5.0
0812974964	4.0
1490522395	5.0
006146841X	5.0
1591141249	4.0
019280670X	5.0
1455512613	4.0
0307381757	4.0
1586422200	4.0
0684871424	5.0
078942083X	5.0
0399147268	3.5
0142800376	5.0
0785102191	5.0
0312662963	5.0
039587596X	5.0
0306815710	4.0
0141439688	4.5
1601640005	4.0
0916103730	5.0
1465349081	5.0
085720873X	3.0
0385536038	4.0
031027432X	4.0
0156029987	4.0
0307407950	3.6666666666666665
0061000299	5.0
0743243757	5.0
1590513398	4.0
0760336911	5.0
0805242872	3.0
0691135495	4.0
0006162592	4.0
1596914807	2.0
0425261220	5.0
0307406628	3.0
0756613523	4.0
0689822464	4.0
0765306239	5.0
029277723X	4.0
0743599357	5.0
0801870569	5.0
1560989955	5.0
0307277941	4.666666666666667
0684845164	4.0
0967294010	5.0
0142800384	5.0
0099277093	4.0
143916827X	5.0
0743222849	4.0
0596007736	4.0
0029238374	4.5
0307360814	4.0
0786932775	5.0
006196963X	2.0
034580323X	4.0
0809030535	3.0
0375505008	2.0
0061173932	5.0
0785125493	2.0
1439127700	4.0
0195152948	4.0
0345509064	2.0
0306815575	1.0
0253202604	4.0
0141040343	5.0
029764680X	5.0
0805078916	5.0
0142000531	2.0
1444727338	5.0
0061834785	4.0
0307456625	4.0
1557833362	5.0
1603582673	4.0
0375708278	5.0
1475244657	4.0
067166834X	4.0
0553806785	5.0
0684815273	4.0
1451640013	5.0
0525469435	5.0
1585670618	4.0
147764265X	4.0
070117756X	4.0
1559706414	4.0
039535370X	5.0
0803272774	5.0
0385660065	4.5
1849087172	5.0
1565124650	2.0
0375725601	4.0
0060722282	3.0
0679601120	5.0
0465076696	5.0
1452879818	5.0
0812982142	4.0
0714681326	5.0
1841760145	4.0
1107606616	5.0
1619492350	5.0
0385529813	5.0
1402758901	5.0
0345446666	4.0
0141188596	5.0
0618056653	5.0
1859844510	4.0
0553272918	5.0
1413310508	4.0
1558322132	5.0
1411665899	2.0
1449029574	5.0
0140277447	5.0
0984936807	3.0
0439079462	5.0
0060288132	4.0
0547553102	5.0
0743254686	3.0
1933515899	5.0
B009YPO7H4	5.0
0618446966	5.0
0141040378	5.0
1595550658	4.5
030727571X	5.0
0670060852	4.5
0547232799	5.0
0809076098	3.0
0375403973	5.0
0805074562	5.0
0062279777	5.0
080327274X	5.0
B000GCFCOG	4.0
0787983691	5.0
0531163954	5.0
1595827773	5.0
0789742756	3.0
1442361476	4.0
0674539095	5.0
1453628487	5.0
0807050202	4.0
0525953809	5.0
0743203925	4.0
1400095832	5.0
0802118771	5.0
0805094121	1.0
0963600117	2.0
0899332420	5.0
1451642636	5.0
0671792253	2.0
0151014388	4.0
0486223779	4.0
1573922471	4.0
0805083456	5.0
0553280511	5.0
0143119605	4.0
0061999091	5.0
1439123314	3.0
1400095824	5.0
0061915416	5.0
0892817933	5.0
0300137540	5.0
0684807610	3.5
0375411569	4.0
0425032795	2.0
0312428472	5.0
1400046890	3.0
031621082X	5.0
0399162380	5.0
1780960565	4.0
1439190135	4.0
0767906071	4.0
0895260069	3.0
1434400565	5.0
B0017XQWME	5.0
0060744901	2.0
1400095816	5.0
0761158464	5.0
1929774222	5.0
0812978951	5.0
0312326408	5.0
0062049801	4.0
0385480016	5.0
0739458213	3.0
1933633514	3.0
1416586121	4.0
0140069305	5.0
0674012968	5.0
0375412883	5.0
0385418485	4.0
1435243862	5.0
0785229213	5.0
0375758569	4.5
1590203135	2.0
0307740994	4.0
0871139715	5.0
0446672106	5.0
1567921051	5.0
0805095446	4.0
0812977610	5.0
1481979841	5.0
0307238776	5.0
0199536716	3.0
0025236601	5.0
0060932562	4.0
0802789226	4.0
0151013047	4.5
0140153217	4.0
0345526481	4.0
0345468031	4.0
0393062244	4.0
1841768049	4.0
155850477X	4.0
0786883154	5.0
0743599845	5.0
0679783245	4.0
0061894443	5.0
0316015644	3.0
0062197711	2.0
0062025813	5.0
1432786598	2.0
0812977645	5.0
0571225373	5.0
159114051X	5.0
1614130175	5.0
1451695144	5.0
0375705163	3.0
1565237722	5.0
0465002374	5.0
0062073575	3.0
1594487081	4.0
086571231X	5.0
0451213076	4.0
0679785892	5.0
0395901480	4.0
084396068X	5.0
0810933519	5.0
1477818170	5.0
0349135886	5.0
0812238087	5.0
0307943232	4.5
1574090356	4.0
0805096752	4.0
0802714587	4.5
014043478X	5.0
0842027793	4.0
0062073583	5.0
1594034869	5.0
0646462105	4.0
0321767535	5.0
1107029570	5.0
1442367636	5.0
0307908003	4.0
0143170090	3.0
0312261845	4.0
014303457X	5.0
1849087105	5.0
0881791911	5.0
1586483277	4.0
1600857639	5.0
B00FSWNNH2	5.0
0743264096	3.0
1452112746	4.5
0486256642	5.0
0860010163	4.0
0061537934	4.0
1582343292	4.0
0688151574	5.0
0312681925	5.0
0465002358	5.0
042511869X	4.0
0394716175	5.0
0810152002	5.0
0312424922	5.0
0140432108	4.0
0930289455	1.0
0006135129	5.0
159420201X	5.0
0671853392	5.0
1118725751	5.0
1463704976	5.0
0374528837	5.0
0007167040	5.0
0609607820	5.0
1595551107	5.0
189162041X	4.0
0812967402	4.0
0140280243	5.0
0061173975	4.0
1401303013	5.0
0393065316	5.0
0061370517	5.0
0330439693	5.0
0060287659	4.0
0345416872	5.0
0451150619	5.0
1861894309	5.0
0812981707	5.0
0061825867	5.0
0307700003	4.0
0528882007	5.0
0898705533	4.0
1444724266	2.0
0742515168	4.0
1475148755	4.0
0966396677	5.0
0802714536	4.0
1572316217	5.0
0375432957	5.0
0674261550	5.0
0375412824	3.0
0141015357	3.0
0761829520	5.0
1400064708	5.0
0345807154	3.0
0061953776	3.0
030733855X	5.0
0345328167	4.0
0192853422	5.0
1591840929	3.0
0140272607	5.0
0226743403	5.0
1590200918	3.0
0345427505	4.0
1904893007	4.0
0470289066	5.0
1596914017	3.0
0312384335	5.0
0195306686	4.5
0312352743	3.0
0345504194	5.0
0226321460	4.0
0618646531	3.0
0679779159	1.0
0547473346	4.0
1250044103	5.0
0140165215	5.0
0802715885	3.0
0786705442	5.0
0312198884	5.0
1416558977	2.0
0199922667	4.0
0060881305	2.0
1596914009	4.0
0521169828	4.0
0684864223	4.0
0935039082	4.0
0399156526	4.0
0670020788	5.0
0674000919	4.0
0985252359	5.0
0765305704	2.0
1421404281	4.0
014303765X	4.0
0195127161	5.0
0804842523	5.0
0312351429	4.0
1597072133	5.0
0812976363	4.0
0226500624	4.0
0307290468	5.0
0142003697	4.0
0099450259	5.0
0738201480	3.0
0823417344	4.0
1451609213	4.0
0760343594	4.0
1469228920	3.0
0879306335	4.0
1607477289	5.0
1484997212	4.0
B00895AKMQ	5.0
0441011322	4.0
1423607465	5.0
1741798116	5.0
0142002283	4.0
0307388050	5.0
1842127195	4.0
0252062361	4.5
0521559677	5.0
0763622427	1.0
0307463729	4.0
1445603837	5.0
1413311016	5.0
0060524464	5.0
0470557397	4.0
0756615445	5.0
0143114891	5.0
0143170104	5.0
B002UKOLLM	4.0
0307473996	5.0
B003A03RT8	5.0
0061137391	5.0
0007162219	4.0
0756615461	4.0
0307265439	5.0
075679921X	3.0
0765318164	1.0
0983729840	3.0
1558708405	5.0
0007337701	5.0
0060081988	2.0
074356619X	1.0
0062079603	4.0
1401603351	5.0
0345427564	5.0
0740714155	5.0
0805079319	5.0
034542753X	4.0
0143035835	4.0
0312958129	3.0
0679454918	5.0
0292707940	5.0
0385659830	5.0
0316211230	5.0
0060088591	4.0
1564147460	5.0
0143034502	5.0
0307881393	5.0
0786867175	4.0
1565125037	4.0
1400041996	4.0
B000CPYJKU	5.0
0982732201	4.0
0743251628	5.0
1840466200	3.0
0385338600	5.0
0060822120	5.0
030680977X	4.0
0312308655	4.0
0385334249	5.0
014048194X	5.0
0316211222	5.0
0615345859	5.0
0794516300	5.0
1585676810	5.0
0767930509	5.0
0765323559	2.0
1599504588	5.0
0061864501	4.0
0375727485	5.0
0307265412	4.0
0446562416	2.0
B00DO0OPUY	4.0
0786709790	2.0
0415281504	1.0
3861871475	4.0
0671739166	4.0
0446524174	4.0
1423103149	4.0
0425124495	3.0
0307700887	3.0
1416593322	5.0
1585742880	3.0
0312384394	4.0
1743214308	4.0
0449001172	3.0
0898707315	4.0
0618084754	5.0
1932219307	5.0
0911469036	5.0
080507757X	5.0
0684868547	3.0
1598879251	4.0
0300073852	4.0
0465024645	3.0
0521654742	5.0
0918804760	5.0
0312252846	4.0
0806113286	5.0
1118646770	3.0
0312087012	5.0
0156029022	3.0
078513915X	5.0
0061468398	5.0
014143998X	4.0
0802713297	1.0
0393049248	1.0
0803226004	4.0
0571205828	4.0
0307346226	4.0
0806526289	4.0
4770030134	4.0
1605984116	4.0
0679415335	5.0
0060937351	5.0
076135154X	5.0
0375726179	4.0
0520202775	4.0
031219322X	5.0
0785107568	5.0
1401238211	5.0
034580404X	5.0
0756628741	5.0
1500135348	5.0
0195327624	5.0
0756615429	5.0
0679735658	5.0
0812979486	2.5
0307266796	4.0
0670023094	5.0
0679643753	5.0
0805030077	5.0
0876855451	5.0
0441484980	5.0
027598611X	4.0
0143038915	5.0
0141439971	5.0
1594202907	4.0
0304356875	5.0
0743578155	5.0
0978791908	5.0
0446530883	4.0
0143114816	5.0
0890897026	5.0
0826321542	5.0
0060572973	3.0
0803251076	5.0
1451610289	4.0
0452266637	2.0
1616950080	1.0
0812978145	3.0
158648155X	5.0
0300088094	4.0
0684867206	3.0
0756675928	5.0
0195218396	5.0
0307720454	4.0
0671217925	5.0
0684833093	5.0
0764208829	5.0
B00GYJCFMW	5.0
030737730X	4.0
0062059270	5.0
0563369019	5.0
0140077022	5.0
0700613277	5.0
0061468363	4.0
0374292795	4.0
1416584404	5.0
0470641924	5.0
0307379973	2.0
0439139597	5.0
B009PCG8A0	5.0
080509184X	3.0
0862419964	5.0
1496043243	5.0
1595827684	5.0
0807828939	5.0
0940322749	4.0
0307263657	4.0
1609803639	3.0
067167997X	2.0
0140150978	5.0
0691119953	4.0
0060541873	5.0
1439140634	4.0
0060884320	4.0
0375508651	4.0
0812971531	3.0
0449910571	3.0
0345335287	5.0
0199773874	5.0
1463898207	4.0
1780961057	5.0
0802135226	4.0
0060585439	4.0
0195181409	4.0
055328049X	5.0
0674012992	5.0
0307719480	4.0
B001HZY846	5.0
0340499656	1.0
030681126X	4.0
038566740X	3.0
0385340990	3.0
0553269224	5.0
0345513991	4.0
0307593924	4.0
0307377334	5.0
1607743388	1.0
0801057787	5.0
0140186956	5.0
0312267940	5.0
0966452402	4.0
0449912302	5.0
1455516287	5.0
0739451634	2.0
0060855894	4.0
0553384384	4.0
1416547495	5.0
1400202078	5.0
0689867670	5.0
0674076133	5.0
031621129X	4.0
1565543467	4.0
1931873119	4.0
0152938230	5.0
1560981075	5.0
0143038044	5.0
0029059909	5.0
0374275629	4.0
0684857057	5.0
1118145585	4.0
1553654854	5.0
0465024637	4.0
0060884347	5.0
0805031340	5.0
0575075341	3.0
068486729X	5.0
0399148019	5.0
0470665939	5.0
0764540785	4.0
0231083734	4.0
0201419750	4.0
0312590733	5.0
1481820877	4.0
0195159543	5.0
0525952551	3.0
0297863924	4.5
0307877280	1.0
0465020208	5.0
037541455X	5.0
0800754484	5.0
1568584377	2.0
0028740483	5.0
0439702585	3.0
0385492995	4.0
0374157618	5.0
0446607134	4.0
0787986674	5.0
0385324081	5.0
0393060411	2.5
0977240606	5.0
1400160634	5.0
1582345961	4.0
076532170X	3.0
015101082X	5.0
0226841510	5.0
0553292455	5.0
0531124479	5.0
1426212666	5.0
0812982223	1.0
0739357417	4.0
0553269216	5.0
1493781987	5.0
0871136708	3.0
0060527544	5.0
0230609643	3.0
0425098540	5.0
0670025666	5.0
B007A53RX0	1.0
0802779956	4.0
0252012968	5.0
0312150946	4.0
1596910577	5.0
0385341407	1.0
0553280465	4.0
125001610X	4.0
0609610627	5.0
0786918365	5.0
0700615873	5.0
0679766766	4.0
0764205730	5.0
0547014341	4.0
1559705159	4.0
039915826X	4.0
0345464567	5.0
0738706272	4.0
1741798981	4.0
1162670096	4.0
0307352072	4.0
1596910569	4.0
0385247419	5.0
0312288840	3.5
0307275639	1.0
0060794410	3.0
0756626951	4.0
1893121070	5.0
1442336587	4.0
1401301304	5.0
1400045509	4.0
0767909054	5.0
1574240625	3.0
1401928463	4.0
1455616605	2.0
0553213679	5.0
0061351326	5.0
0340863684	5.0
0860682447	5.0
0385512198	4.5
047047453X	5.0
0071452257	5.0
0151010854	4.0
0385503245	4.0
0141184973	5.0
0300101651	3.0
0060014342	2.0
0486200108	5.0
0918684331	4.0
B005NBLS4I	5.0
030793313X	5.0
0618509283	5.0
0736421319	4.0
0897332202	4.0
0804114323	2.0
0937295477	5.0
1585677388	5.0
0849916461	5.0
1591023076	5.0
0060955317	5.0
0143114093	5.0
1573221090	3.0
0688147380	5.0
0394759893	5.0
014311977X	5.0
0804173524	5.0
014104022X	5.0
0743298160	4.0
0688147364	5.0
0062221620	5.0
1416928200	5.0
0312358113	4.0
0679438084	3.0
0805083375	3.0
0671792172	5.0
030740515X	1.0
0449215202	1.0
0307272559	5.0
0140435123	5.0
0316210919	5.0
0689843615	4.0
0465022715	4.5
1480080659	5.0
1400068304	4.0
0027379108	5.0
0345469402	5.0
0553106481	5.0
013235778X	4.0
0375504338	4.0
1560257067	3.0
0393041247	5.0
1451661061	4.0
0060505125	5.0
0316204269	3.0
1125245492	2.0
0895557916	4.0
0375755365	4.0
0679767932	5.0
1558322256	4.0
B00H5FW0D8	5.0
0230744818	2.0
0671747584	5.0
047048327X	5.0
0393065200	5.0
0446563072	4.0
1590593294	4.0
0061020400	5.0
143918903X	5.0
0743254562	5.0
039921965X	5.0
0965577406	5.0
0152000968	4.0
0375865810	5.0
0199291152	4.0
0345024850	4.0
0812975995	4.0
1568584229	1.0
0064437531	5.0
0688044026	5.0
0813109868	5.0
1599901218	5.0
1602397910	5.0
1416928219	5.0
0671038494	5.0
0385333765	4.0
0143120727	1.0
0979047080	5.0
0393318346	5.0
0679762221	5.0
0312379005	4.0
0688114490	5.0
0143119737	4.0
0399153322	2.0
1558322280	5.0
0804814570	5.0
0393058980	2.0
0811215865	5.0
1450444687	4.0
0385513534	4.0
0688162975	5.0
0307378721	5.0
0385241933	4.0
1600101968	3.0
006085152X	5.0
0805096663	4.0
1566631025	5.0
0521618266	5.0
0875796346	5.0
014044050X	4.0
0691050708	4.0
0394575652	5.0
0061122416	3.0
141659518X	4.0
0380486032	5.0
1595584773	4.0
1566198208	4.0
0895260190	4.0
0393057658	5.0
052161824X	2.0
0761149619	5.0
1439170428	5.0
0060520752	5.0
014025773X	5.0
0306807858	5.0
0521860016	5.0
0439376106	5.0
0765315009	3.0
0743243021	4.0
0786867809	4.0
0316210986	5.0
1590203240	3.0
1401302467	5.0
0060935723	5.0
1591840880	5.0
0857688006	5.0
0674011740	3.0
0312368372	2.0
1594260648	4.0
0060838582	4.0
1558322299	4.0
0375411437	4.0
0374161623	4.0
0439298113	5.0
1468006002	4.0
0393321983	5.0
0393069621	4.0
0547149255	5.0
1595230475	5.0
047015263X	5.0
006123625X	5.0
087747897X	5.0
0615516912	5.0
1439102309	5.0
0375505636	4.0
0785811141	5.0
1593274149	4.0
159691419X	4.0
0375501290	3.0
0099481243	5.0
0812973380	5.0
1591020840	4.0
148113941X	3.0
0312853238	5.0
0743266587	2.0
0316010669	4.0
0385512236	5.0
0142002402	5.0
0449134393	4.0
0307272532	4.0
0674443020	4.0
0515048666	5.0
0893348627	5.0
071800924X	5.0
0201406497	5.0
0802118887	4.0
0395599245	5.0
0393065251	5.0
0590020498	5.0
0099507390	5.0
0312243081	2.0
1782003479	5.0
0465003591	5.0
0195162471	4.5
1588168220	5.0
1401209033	5.0
1891327550	5.0
0451220978	5.0
0547897960	4.0
0375411410	5.0
031267645X	5.0
0312371152	5.0
142620874X	5.0
0307718921	4.0
1593691254	5.0
0615385028	1.0
0300110529	4.0
074321580X	5.0
0226468054	3.0
0679311831	3.0
0393064778	3.5
0446387444	3.0
0743235444	4.0
0752454048	4.0
0061582603	5.0
0812520297	4.0
0309070368	2.0
0316359408	5.0
0452270073	5.0
0312194390	5.0
0375411402	5.0
1558326685	5.0
174179806X	4.0
B0057JQ8C8	5.0
0672332205	4.0
0547579667	5.0
0425259986	5.0
0060168196	5.0
0312610602	5.0
0226039056	3.0
0230613675	5.0
006206584X	5.0
1559362766	5.0
159114664X	5.0
0345531973	1.0
1400067030	4.5
0312384491	5.0
0143038826	5.0
0300029799	5.0
1467976970	4.0
1401209009	2.0
1400315492	5.0
1585679143	5.0
1604690011	4.0
0151836000	5.0
1590176189	5.0
0060826568	5.0
0393051447	3.0
0140270779	5.0
0151007098	4.0
0140447962	5.0
1841956422	4.0
0440201977	5.0
038551350X	5.0
0553062379	5.0
0520255054	4.0
0553382403	5.0
0195398653	5.0
0060927216	4.0
0143034480	5.0
0688109942	5.0
0316359424	5.0
1843536145	5.0
0446564311	4.0
1569713782	5.0
0609809075	4.0
0809067226	4.0
B00GEOD79C	4.0
0195141571	3.0
0425094995	4.0
0226020452	5.0
0670021962	4.0
0842528253	5.0
080785607X	5.0
0425225747	5.0
0140374493	5.0
1933615982	5.0
0345426320	5.0
0978721004	5.0
0486472043	5.0
075661547X	5.0
0375502505	4.0
0060563079	5.0
0374126453	5.0
0312873689	5.0
B00HPJ99CO	5.0
0385335555	5.0
0385517068	4.0
0912006838	4.0
0547086008	4.0
006092859X	3.0
0312430027	4.5
0803224346	5.0
140279035X	5.0
1465419535	5.0
0060566116	2.5
0974015873	5.0
0980153719	4.0
0810921464	5.0
0553104624	5.0
0471267368	4.0
0910923124	5.0
0399145761	5.0
0345491351	5.0
0742549232	3.0
0984674500	3.0
0143038869	5.0
0871139693	2.0
1585426393	4.0
1594483655	5.0
0061124230	2.0
0618126937	5.0
0786659963	5.0
0470095520	5.0
0452295327	5.0
0061685968	5.0
0192839047	5.0
0312363516	5.0
1841768111	4.0
0307388913	4.0
0062701908	4.0
0525953086	5.0
0684824906	4.666666666666667
0312430051	4.0
1449314031	5.0
0375849793	5.0
0312255012	5.0
0060839821	3.0
0300101627	5.0
1439190879	4.0
0060502959	5.0
0060975776	4.0
037575797X	5.0
1400034183	5.0
0137055099	5.0
1595551026	3.0
0156003945	4.0
0802130593	5.0
0553272160	5.0
0060513608	5.0
0809094827	4.0
037587514X	5.0
148493086X	5.0
0140281495	5.0
0394580230	5.0
0393060349	4.0
0743297768	5.0
0375422838	4.0
0375421505	3.0
0385476973	4.0
0060926791	4.0
0061000027	5.0
0061040967	5.0
0140374566	5.0
0261102664	4.5
0312855036	4.0
0060755784	3.0
0446389234	5.0
0756661463	5.0
0486218309	4.5
0786720247	4.0
0896598764	5.0
0395776082	3.0
0316358142	5.0
0060933089	5.0
0451223292	5.0
0756615569	5.0
0307266648	5.0
1849087857	5.0
0575074981	5.0
0061092177	4.0
1562470345	4.0
0340863536	5.0
0300030819	4.0
0553277839	4.0
0061097861	3.0
0380803364	5.0
0547225490	5.0
0061000043	5.0
0345438329	3.0
1563520699	4.0
0140183957	4.0
0006551807	5.0
0471175781	4.0
067089270X	3.0
0719561310	5.0
1596911182	4.0
0385511841	5.0
0312421001	5.0
0061133930	4.0
081120118X	5.0
0465023258	4.0
0300024150	5.0
080613044X	5.0
0316166308	4.0
0985166614	5.0
1401215645	3.0
0451526767	5.0
0316358169	5.0
0553294385	5.0
0061013315	2.0
0807101508	5.0
0552775541	4.0
1930448015	5.0
1401202349	3.0
1851493751	5.0
0575014555	5.0
0141321598	4.0
0061000019	5.0
0007436564	5.0
0316166316	4.0
0345438310	5.0
0151001820	2.0
0141439807	5.0
1586484753	5.0
0449140113	4.0
0756661455	5.0
030727070X	3.0
0705421716	5.0
067988338X	5.0
1553658256	5.0
0143114980	4.0
1416569790	4.0
0976878186	5.0
0399165274	4.0
0062030310	5.0
0099478447	3.0
1780873697	2.0
1400052793	4.0
0061791083	5.0
1591843014	5.0
1403979057	4.0
0441010156	4.0
1569476039	5.0
014143984X	3.0
0765332310	3.0
1591026938	5.0
0520261844	4.0
0385507771	5.0
0609607715	4.0
0736423095	5.0
0446540331	3.0
029279083X	5.0
1568025122	5.0
1905207670	2.0
0983945209	3.0
0809016435	5.0
0006161413	4.0
014303880X	2.0
0060959681	3.0
0812978250	5.0
0140374515	5.0
0385026145	5.0
014009623X	4.0
0143122576	5.0
1426212704	4.0
0140501827	4.5
0230613616	3.0
0230621236	4.0
074326049X	5.0
0140284583	5.0
160819633X	4.0
037572737X	3.0
0060537639	3.0
0312867077	5.0
0570050642	5.0
0691018545	5.0
0198780710	4.0
0786708549	4.0
0553386018	2.0
0393064727	1.5
0312872429	5.0
1432771329	4.0
0761452982	5.0
0805070850	5.0
0465002315	5.0
0738523267	5.0
0743536452	3.0
019280300X	5.0
0330246666	5.0
0684855100	3.0
0345503015	2.0
0805076158	5.0
0761129235	5.0
0789313707	5.0
0553763091	5.0
1595828273	4.0
1419640682	4.0
0743284437	5.0
0385412142	5.0
0374503486	3.0
0385511817	2.0
1880090503	1.0
1118027477	4.0
0198812701	4.0
0140042407	4.5
0345324412	5.0
0312379935	4.0
0739359339	5.0
1405228946	4.0
0425158594	4.0
0395517419	4.0
1463713916	5.0
0679761802	5.0
0394729277	4.0
080211928X	5.0
1451625405	5.0
1551052016	4.0
1413310494	5.0
0743417100	5.0
0525949070	5.0
0393050939	3.0
1889833886	4.0
0785229183	5.0
0316206822	5.0
0553609416	5.0
0393049949	3.0
0345511425	5.0
B008J3IH2S	5.0
0465046754	5.0
0446400998	5.0
0875793274	5.0
0800732391	5.0
0195143264	2.0
0976000806	5.0
1603582703	5.0
0553585800	3.0
0226092038	4.0
0553384244	5.0
0312424108	5.0
0446613711	5.0
1400152984	5.0
0974941824	4.0
0440226481	4.0
0312242530	5.0
0140184406	5.0
1565123166	5.0
1453875166	5.0
1416552944	5.0
0060560053	4.0
1400008654	5.0
1586853333	5.0
1628401303	5.0
0743228324	3.0
1594746370	5.0
0140071814	5.0
142620387X	5.0
0375423303	4.0
0671430211	5.0
0765317583	5.0
158333291X	5.0
0316988901	4.0
0743215052	4.0
B005DFHYQK	5.0
0873374339	5.0
0385519729	5.0
0525951369	5.0
0140079777	5.0
0375402497	5.0
0446196134	4.0
0451173317	5.0
0762727144	5.0
B004HO5VQI	5.0
0307718026	4.0
0553214209	5.0
0142004197	5.0
0743249275	5.0
0199891958	5.0
0553385593	5.0
0060560029	5.0
1426203896	4.0
006230755X	5.0
0590039105	4.0
1602642443	5.0
0156027135	5.0
0071477454	5.0
0425187012	4.0
0898863732	4.0
0230609503	2.0
0812971671	3.0
B00HND2ES8	4.0
0618548831	5.0
1480047201	5.0
0375507469	2.5
0140275657	5.0
0525452710	5.0
0060505222	5.0
0451220137	5.0
037550303X	4.0
1416592199	5.0
0375503048	4.0
0192139657	4.0
0300104685	5.0
0843964103	4.0
031285630X	5.0
0596004478	4.0
0028811135	5.0
0060598611	4.0
006072644X	4.0
0195181581	4.0
0939251906	5.0
1595548211	5.0
0143112392	3.0
0143115421	5.0
0306813769	3.3333333333333335
0375413111	5.0
0930031636	4.0
1585420263	4.0
080212206X	5.0
0553213776	4.0
0312275420	4.0
156247037X	5.0
0684838613	2.0
2067122967	5.0
0805097007	4.0
0886778352	4.0
0394580273	4.0
0976626616	5.0
0679423907	5.0
0007148089	4.0
174220466X	4.0
0980017106	3.0
1603581448	2.0
0143112368	5.0
0809016494	4.0
0345523474	3.0
0451211243	5.0
0061726885	3.0
079452026X	5.0
0141390123	4.0
0553213784	5.0
0805062386	5.0
0312668031	5.0
0310710863	5.0
0823026469	3.0
0393081214	3.0
0399160477	3.0
0548444471	5.0
0195102797	4.0
1439107955	5.0
0976626608	5.0
1568331460	5.0
1609450116	5.0
033034241X	5.0
0374281378	5.0
0143116711	4.0
0615584977	1.0
1594862559	3.0
0440412102	5.0
1594202869	4.0
0596003137	5.0
0761155589	5.0
1594513120	3.0
0385519702	5.0
B001DDECI4	3.0
0517193345	4.0
B0089EHK66	2.0
0061133973	4.0
1884777791	5.0
0062196243	4.0
0307264882	4.0
0812974743	5.0
1624908705	1.0
156025355X	5.0
