0996037004	2.0
B007SJVTRY	3.0
B0040JHPM8	2.0
1615815244	5.000000000000001
0440246113	5.000000000000001
1613724608	4.999999999999999
030793313X	5.000000000000001
1481205072	4.0
0312355637	5.0
1934349992	3.0
1482779706	5.0
0061898767	3.0
1482732858	5.0
0399157441	3.0
B004QWZGMK	5.0
0547368925	1.0
B00J27474M	5.0
B00530FDOA	5.0
0758266510	5.0
1606019953	5.0
1492775754	4.0
B00H8BPN9W	1.0
1463760612	1.0
1611183952	2.0
B008A39FY6	4.0
B00EEF0CN2	4.0
0399155813	3.0
B00K4Z948K	5.0
B005EN6A9S	2.0
0060571462	4.0
1613725124	5.000000000000001
0671042963	1.0
1622415450	5.000000000000001
1419967762	1.0
0981737285	5.0
0981947417	5.0
0451417054	3.393704987996799
0385660065	5.0
B006M3Y9ME	4.0
B007WIEFHW	3.0
1460974425	1.0
0441003389	1.0
1605047082	5.0
B00ECZZRDO	5.0
147826182X	5.0
B009XUB7M8	3.4642335766423358
0505526581	1.0
1619210576	3.0
1416549145	3.0000000000000004
1614954704	5.0
B00BMTQNQ8	2.0
B005BSZ3AS	3.0
B0070FDVHC	4.0
0345495357	4.0
1439244421	4.0
0451229851	4.424280879864637
B006Z9SNBS	4.0
149915352X	5.0
0451235843	5.000000000000001
1461099161	5.0
B00I21QYJ0	5.0
0373777337	1.0
B0070FDJPG	4.0
B00DGY5SV8	2.0
1484814770	5.0
0982410255	5.000000000000001
B005S6L6OU	5.0
B00CGE2XCG	3.0
0345530594	3.0
0977897109	5.000000000000001
0615507719	5.0
B00DEYIY34	3.73780487804878
1481070142	4.0
B00C6ZTNAU	4.0
0553343874	1.0
0976403587	3.0
1493755544	4.0
B002NOGDL6	4.016210739614995
B006Z9JYB6	1.0
B0086POVJM	4.0
B003T9US8S	4.0
0373002211	4.0
B002UEP8T2	1.0
1623803373	4.0
0375814671	1.0
1939865328	5.000000000000001
B0070XA0VY	5.0
1442408928	5.0
1615819487	5.000000000000001
B004L626R4	5.0
148238745X	5.0
1494839245	3.0
B00DCLV1S4	2.0
B00DFLJE76	2.0
0615208533	2.0
1469237164	5.000000000000001
B006TH9R2K	4.0
1565123514	1.0
0007230206	5.0
B00AHAY3J2	3.0
1596328363	5.0
0989117316	4.0
1480529699	5.0
B004P1IYW6	3.0
B003GDI9II	4.0
1615819118	2.0
B005CK4CXE	2.0
148274337X	4.0
B005FHNJ56	5.0
1613727348	4.0
1596327839	3.0
B00BXNM9QG	5.0
0060012234	4.0
1627986545	1.0
B00HNXD9QO	1.0
1482914794	5.000000000000001
B005X1SHQU	2.0
1603940111	5.000000000000001
B006I2RN9U	2.759637188208617
0425242099	5.000000000000001
162322053X	1.0
0425247546	2.0
1626491321	4.0
B00CQ808TW	2.0
1615813829	2.0
B007QERCAO	3.0000000000000004
1623804086	4.0
B004HZXHOA	5.0
B00CXFTSQW	3.5419811320754713
B00DRFN4QC	3.0
148023964X	5.0
1484096762	5.0
0385735073	5.0
B004Z23JGQ	2.0
B00F2NMUVC	3.0
075824178X	5.000000000000001
1613726961	4.0
B0055PTGYG	3.0
B00579IB78	3.0
1606017837	4.0
1892149001	1.0
148488907X	5.0
B00C3MCXW6	3.0
B00E9BLRUI	4.0
B005HIL52M	2.0
B00AYOSV6C	5.000000000000001
1622413210	5.0
1468006002	5.0
B00C53PEII	4.0
B00HYDXYNQ	4.0
1491239395	1.0
044102064X	4.0
B003TU271I	5.0
1607352990	5.000000000000001
0615810756	1.0
0671019708	1.0
1481908456	5.0
1484119134	4.0
1613726171	2.0
1484119258	4.999999999999999
160737918X	5.000000000000001
B00ET8DSW6	3.0
1615817093	2.0
B004U7GII2	4.0
1608208958	5.0
0061894451	2.0
1463718497	2.0
1482678225	1.0
1609283104	5.0
B00CGOGUW0	4.0
0515145807	4.0
1623807131	4.0
1599983478	5.0
0312362153	5.000000000000001
1934166502	3.0
1451589840	5.0
1935192671	5.0
B004XVUZUW	1.0
1623807018	5.0
B005V24MBU	3.0
0505526387	1.0
B005L9V00Y	4.0
0451239350	5.000000000000001
0399156879	5.000000000000001
1937909417	5.0
1623802547	4.0
B00E92Q5YK	3.0
0061709573	2.0
160601465X	4.0
B004OR1KOA	3.0
0061351520	1.0
161581695X	4.0
B007HQ58CK	3.0
0857154176	5.0
B00IGYE3BE	5.0
1466219661	5.0
B003TLMKQE	5.0
1613720874	4.757267335432379
B005K159H8	5.0
161372442X	3.0
B004UHYPZK	5.000000000000001
1555839665	5.0
B00KF5GPGS	5.0
1602020973	4.0
1615819452	3.0
1615812261	4.0
1612185835	2.0
B007R5Q2Q2	4.0
059526073X	2.0
0345517539	5.000000000000001
B00APP2H06	2.0
1885865678	5.0
1609289021	5.0
1613727151	3.0
B00CI9URW2	1.0
B00B8U421O	3.440163191296464
0987507311	5.0
1481083635	4.442280285035629
B00F2M2YSM	2.0
1453875042	4.570175438596491
1615810870	4.0
B00KB0WYPS	4.0
1623803535	5.0
1476716080	2.0
1623800269	5.0
B00GQ9IKCE	5.0
1461072514	5.0
B0038AUZ4A	5.0
1455501476	3.0
145647796X	5.0
1605048577	5.0
B00IMUG0GI	2.0
B004CRTCR4	5.0
0646529013	5.000000000000001
B00534M236	5.0
1468189557	5.0
0345517555	1.0
1606594990	1.0
1626491070	4.5706280397547046
1475972350	3.0
031604461X	2.7926720285969617
1623801486	4.0
1467988960	1.0
B00L19CQPG	4.0
B004HD65GO	1.0
1609283945	1.0
B00DD89DIG	3.0
1492740357	1.0
1563054345	5.000000000000001
1468198149	5.0
B00IMEYM2S	3.0000000000000004
1613725302	5.0
074359679X	5.000000000000001
0451233166	3.976155717761557
B00HI9KDM6	4.0
1590212150	5.0
0738733393	5.000000000000001
B00H8XYNY6	4.999999999999999
B0055UDPWK	1.0
0425233804	5.000000000000001
1484130065	5.0
1937551873	4.527894736842105
0764345621	5.000000000000001
B0051BLSE0	5.0
B00DAH19LY	2.0
B00L1SY3QW	3.0
B00IBL4PUQ	5.0
006166751X	1.0
B0040GJ6ZU	2.0
1492298352	3.5670833333333336
1615813780	5.0
161372568X	4.7219833763255945
B00CE2XHD4	3.0
B003K16TME	5.0
141965991X	3.0
1611249694	2.0
B004Z9XKZE	2.0
1936460149	4.999999999999999
141995654X	1.0
1603702180	1.0
1599989700	5.0
B005HRSU30	5.0
1419953842	5.0
1615810706	4.0
1494430916	5.0
1606019635	4.999999999999999
B008IXPAGA	2.0
1937252272	4.0
0952596490	1.0
1606597205	3.0
B003YCPDIK	1.0
B003VWC0X4	5.0
0758259239	5.000000000000001
0316069515	3.0
1615818561	5.0
B009L9F2LS	5.0
B00D89OGW8	4.0
B008O53SPW	3.0
1935192809	5.0
1477617140	2.0
B00CB1XYV8	5.0
1613721528	5.0
0982513208	5.0
B005T4DSEC	3.0
1495458881	4.0
B005X8ZRQQ	2.0
B003T0HFU6	3.0
B00J5J99U4	4.0
0345803485	1.0
1613720467	5.0
B00AHU033W	4.0
1615810293	5.0
1623800226	3.9697235629662138
B00A3D6QI4	3.0
B003TO5HLQ	3.0000000000000004
1609283198	2.0
1482582325	5.0
0615824404	1.0
B00DCFXLEC	3.0
B005GI09IE	4.0
B003TZLM78	1.0
1608202348	5.0
1456353160	3.0
B006WW0212	5.0
0835608794	5.000000000000001
B003UHU3FW	4.0
147008726X	3.0
B004OEIRNA	2.0
061588699X	1.0
0399162771	3.0
B00ALJOLXC	4.0
B00579FBI0	4.0
0312283709	5.0
B005AK44I4	5.0
B004HILZCI	1.0
1622417771	2.0
0857150820	2.0
1483955230	2.0
0446403482	5.000000000000001
B00CWV34XA	3.0
1596327545	5.0
1452650888	4.0
1615816712	3.0
0425212408	2.0
1475031904	4.0
