1425734073	5.0
1439102767	5.0
B007OALZAI	2.0
030793313X	4.0
B00B4QJK6E	2.0
1489523413	5.0
B002YX0NX0	4.0
1492305855	3.0
0985156112	3.0
1934531448	5.0
0765337487	4.0
B00HSKMN5K	5.0
0515141658	5.0
B00BN3042M	5.0
B0060ZB9RW	5.0
0671024051	5.0
0983574863	5.0
B00ERQIZCI	4.0
0385339151	4.309704830053668
0345504968	5.0
0373605099	1.0
0557445019	4.0
B008EOWJ4E	5.0
B0093MGNV6	5.0
0061456780	5.0
0060773758	5.0
0982649991	5.0
0345535227	4.0
B00B6LRUOG	5.0
0061719544	5.0
1449560822	5.0
1575668130	2.0
0312369492	4.0
0756406714	5.0
1416563423	4.0
0307270130	2.0
B00GKKU12G	5.0
1419967762	2.0
0765320703	5.0
0316037702	5.0
B00HS5DYDA	4.0
0061456772	5.0
0316603287	1.0
0671003364	5.0
B00GB8C94A	5.0
B0076OCDVM	3.0
0812571363	5.0
1623805651	5.0
B00BPWZUJ8	5.0
147826182X	4.0
0939144115	5.0
0061463051	4.0
1476707723	5.0
1439123128	5.0
1455526975	5.0
1451652224	5.0
B003LST9GY	4.0
1482694158	5.0
1880325810	1.0
1934166898	2.0
1455878561	4.0
0307465209	1.0
0451235843	5.0
0060565438	4.0
1844167283	5.0
B00EUBZS9I	5.0
0307341542	4.0
1589791878	4.0
0671737791	5.0
1481885375	4.0
193519223X	5.0
0316077062	4.0
0451240197	3.0000000000000004
0756691591	5.0
0515150355	4.0
0394507606	3.0
0425236595	2.0
0451464850	5.0
0061561622	5.0
0312551371	5.0
B00CQOJMXO	4.0
B008HLQQDO	5.0
0441018645	2.0
B00BPZPOE6	3.0
1118022432	5.0
0515142611	3.0
0425224546	5.0
0312986033	5.0
0515116475	5.0
B003XRDC0W	4.0
1416576754	5.0
B00JBC11P6	5.0
0984518452	4.0
1607964481	4.0
0755399498	5.0
1479229814	4.0
1468087797	4.0
0425263908	5.0
B006GXOS9O	5.0
1622660005	5.0
1478344172	5.0
B00JNNXJM6	4.0
1477679995	5.0
0441018440	5.0
189094758X	5.0
0899332420	5.0
0425191257	4.0
1439192448	5.0
1406337609	2.0
0805071008	4.0
0778329534	3.0
0425269205	3.916068052930057
B004UGM69S	4.0
0399257764	5.0
1441401199	3.0000000000000004
0451463420	5.0
0425235440	2.0
B00GCTFIJQ	5.0
0451222725	4.2141910790519646
0425236773	1.0
0060853972	5.0
B00B9P2OR2	5.0
055338483X	5.0
1416989412	5.0
0375838961	5.0
0312942303	4.0
0758273126	5.0
0312943636	4.0
0578112175	4.0
030758836X	5.0
0345803507	5.000000000000001
0451219368	4.999999999999999
1489521534	1.0
042521575X	5.0
0345447832	4.0
0671747150	5.0
0345423429	5.0
0517548550	4.0
B00HGJUNWI	5.0
0061449067	1.0
0988264242	5.0
0553589385	2.0
1491072431	5.0
B006Z1GKXO	4.0
B00HYV1YDU	5.0
1452864284	5.0
1453798021	5.0
B00KI3TEOM	3.0000000000000004
B00KIW8KN4	3.0
0812977505	4.0
038533916X	4.0
1456351818	5.0
1607352990	4.0
0615810756	5.0
0345537122	4.0
B00LLWDUDK	5.0
1416513345	5.0
043902353X	5.0
0451217055	4.0
0399152326	5.0
146368147X	5.0
0441010601	4.0
1423157419	5.0
0316041262	5.0
B00B42K4WC	4.0
0385344406	4.417700231238175
0142428949	5.0
0739445391	3.0
0062020161	5.0
0451417909	4.0
1612185339	4.0
B00802OE20	4.0
0425236676	5.0
1401311067	5.0
1420108891	5.0
0312945833	4.0
0316056634	3.0
0743269977	5.0
0515145807	2.0
0061632708	5.0
148399600X	5.0
0399142533	4.0
1439160848	4.0
0425223256	2.0
1451649916	5.0
148261376X	4.0
0061208604	5.0
0451239350	4.0
0312387989	4.0
0140385061	5.0
144213058X	1.0
0061662836	5.0
1442446560	4.0
0451228219	2.4054552747693543
1572305630	5.0
0441017029	5.0
0441019455	5.0
0312992335	5.0
0553573926	5.0
0425217094	5.0
044640103X	5.0
0805091297	4.0
0446541346	4.0
0957584113	5.0
0441017150	4.718358038768529
0425208141	5.0
1439157510	5.0
1602729654	4.0
1493788868	4.5
0615598463	5.0
1572245131	5.0
0821780565	2.0
B006KH5OGW	4.0
0061958069	5.0
1602729638	3.0
0425230074	4.0
0316038636	5.0
0385347863	4.0
0615581927	4.0
1481997114	5.0
1616281316	5.0
1453639195	5.0
0451229444	4.0632397700372
149033274X	4.0
0441020429	5.0
045123801X	5.0
1482003813	5.0
0312938810	3.0
B0069E42VE	5.0
0515151068	5.0
0440246512	2.0
0451459539	5.0
0758232004	4.0
0615718353	5.0
0821780654	5.0
0441012833	4.0
1481152718	5.0
0373802099	3.0
0312376871	5.0
1573441686	4.0
1419961292	5.0
1426308469	5.0
0373605390	4.0
1420118625	5.0
0446556823	5.0
0143170090	1.0
0451229452	3.7184466019417473
B00BCAIFAY	5.0
0778316173	5.0
051512298X	5.0
1406332933	5.0
0345537165	4.0
B00L19CQPG	5.0
1595144293	5.0
0425255131	5.0
1468103415	4.0
1585429333	5.0
0312376863	4.0
0425234339	1.0
B00DCX6EFM	5.0
B003UBTYU8	3.0
0316128112	4.0
0982818645	5.0
B004GEB7US	2.0
147674355X	5.0
1477459057	5.0
0373773927	2.5259959486833217
0373772955	5.0
0451234928	3.0
0061958042	5.0
0316175668	5.0
0451458125	4.0
B00CCRB40E	4.0
0345386213	3.0
B00BV308E8	5.0
1401922376	1.0
1416975888	5.0
0312384793	3.0
1934030996	5.0
0399152199	2.0
1573442437	5.0
1452897581	5.0
0312945795	4.0
B00HT8ZTKM	5.0
B00AIBQ07S	5.0
B006RXCLNS	5.0
0441019250	5.0
0061031127	5.0
1452851336	5.0
0718178122	5.0
0441013813	5.0
034542302X	5.0
0141337168	4.0
1605049255	5.0
1492787701	5.0
0446574481	5.0
0061671339	5.0
B00B106CJ6	5.0
B00CELFI5K	1.0
B00GYGDTD4	5.0
0441018157	5.0
0425223434	3.0
1495405915	4.0
0316001783	4.0
0062116851	5.0
0385333587	5.0
0451462645	3.0
0425232344	2.0
0375826688	5.0
0451462882	4.0
1491065621	5.0
0451226259	5.0
0399157743	5.0
0671520458	5.0
0061229687	5.0
0981943667	1.0
0099911701	3.202155549082435
0553588451	4.0
1592407846	3.0
0988208415	5.0
1584350806	5.0
1610402332	4.0
0441020011	5.0
1937402525	3.0
1484156587	5.0
1481867024	4.0
044657788X	4.0
0312360258	5.0
1492868752	5.0
0553804863	5.0
1596062460	4.0
1476741352	5.0
0425211673	3.7062780269058297
1489506209	5.0
1439136807	5.0
B00355ERW4	4.0
1934030767	5.0
0578121735	3.0
044657449X	5.0
0982555024	4.0
0306818442	2.0
B00EZ4KO3A	5.0
0446401056	5.0
1940026016	5.0
0345495969	2.0
1250033470	5.0
B0012W11BM	5.0
0345505387	2.9751824817518244
1601545509	5.0
1613724608	5.0
0440245265	3.0
0575081384	5.0
162501080X	4.0
B008G4J9EA	5.0
1556437951	5.0
0756400856	1.0
044101819X	4.831774672681263
0595385125	5.0
0062021737	3.0
1406330337	2.0
1480568503	4.0
B005ZWRMM2	5.0
1595143203	5.0
0425256960	2.0
0425196453	5.0
148029022X	5.0
0385326742	4.0
1250029880	5.0
161218295X	4.0
B008TSC2E2	5.0
1583940537	5.0
0451417054	4.0
0061974056	3.0
0425232417	5.0
1492182125	5.0
0061885681	5.0
0756407494	5.0
0312939620	4.0
B005E90HNM	5.0
0345337662	3.0
067179938X	5.0
1453804269	5.0
0345369335	3.0
1586088904	3.0
0143124544	4.0
0151008116	5.0
0062014072	5.0
0451229851	4.494506792675723
045123975X	4.0
1477406794	5.0
0307711595	4.0
4766111206	5.0
B00G0KFZ7C	5.0
0440170842	4.0
0425232557	4.0
0425218422	5.0
0756619718	5.0
0451200381	5.0
1626490252	5.0
B00GQ0OF8G	3.0
160504329X	4.0
1439191921	3.0
0743476123	2.0
0451216954	5.0
0615608868	1.0
0789323311	5.0
0786867280	5.0
B00KHGDPZ4	5.0
0007147295	5.0
0345486544	4.0
1250014492	5.0
1137003065	4.0
1615819487	4.0
0515144282	1.0
0071383832	2.0
0615793312	5.0
0393062686	3.0
1482747634	4.0
B00GUNAJ66	5.0
0312533497	5.0
034553364X	5.0
0007230206	1.0
184728924X	5.0
1463513267	5.0
B00A22UVQO	3.0
1932470654	5.0
B009J2KAU0	2.2639664804469275
0425206165	1.0
037377348X	3.0
0373774346	5.0
0373772068	2.0
0312595697	3.0
044101691X	5.0
1455574449	5.0
B0077CUYPK	5.0
0991677196	5.0
0316211125	5.0
0345501098	5.0
1477807373	5.0
1627982620	5.0
0812533798	5.0
B00JUZAJJ8	5.0
B00KL8S8CS	5.0
1615813829	5.0
1939056012	4.0
0316096156	5.0
0345545869	5.0
0505528541	1.0
0375413189	3.0
0425231534	5.0
1606840797	5.0
148125619X	5.0
0316036242	1.0
0061542881	4.0
B00HUVO5NA	3.0
0441017800	5.0
1416509887	4.0
1442360925	5.0
1482585200	4.0
1451660847	5.0
1480118516	5.0
0399158553	4.0
0765311437	5.0
0061798940	4.0
1573449253	4.0
0972753702	5.0
1451561962	5.0
031257357X	4.0
0345533666	5.0
0821772287	1.0
0060093617	5.0
0451459520	4.0
B007EKXYAW	3.0
1461099900	5.0
0984009876	4.0
0060817089	1.0
0061894451	4.0
0061894575	5.0
0307744434	4.0
0452266637	5.0
014242935X	5.0
0312362153	4.0
0425264203	5.0
B00GUO5USC	5.0
1439137293	4.0
034552120X	1.0
B00EXTVSHI	5.0
1477848150	5.0
0425198243	1.0
B001HQHCBQ	4.0
B00F9CGCJC	4.0
B00HTBUE4K	5.0
0671737848	5.0
0451464443	5.0
0316211176	5.0
B002VECRAE	5.0
0425255808	3.0
0441015891	4.0
0615567169	5.0
B0030CMLR0	4.0
0515139726	2.0
0671871005	5.0
1466365951	4.0
044640098X	5.0
B00DX5DHQS	5.0
1451640897	5.0
0692208879	5.0
0312949383	5.0
1613720874	5.0
0895949903	5.0
0553583867	5.0
0758235046	5.0
0758225245	5.0
0987507303	4.0
1605044415	4.0
1417808268	5.0
1455599247	5.0
1420121340	3.0
0778327604	5.0
0515141704	1.0
1930819404	5.0
0987507311	4.0
1848566727	5.0
0425229734	3.0
1771150149	4.0
B00CIAN7ZU	5.0
0441003303	5.0
0758215339	2.0
1938404084	1.0
0373773366	3.0
1623803535	5.0
1555838685	3.0
1420111795	5.0
073949547X	2.0
0615875793	5.0
0425232700	4.0
144235948X	5.0
1934531146	5.0
B00C2RVPWQ	5.0
0062197258	5.0
0987749307	2.0
0451463498	4.0
0061583227	4.0
0441015786	4.0
045123894X	4.0
B00875HAJO	5.0
0394519922	5.0
0399159207	5.0
031294361X	4.0
0312945809	4.0
0425203573	5.0
0395988144	2.0
0515152811	3.0
0615801056	5.0
0758225261	4.0
0671702513	5.0
148950267X	5.0
0615729916	2.0
0345536851	4.0
1612182305	5.0
0451233166	3.2784667418263815
0141039280	5.0
0985258659	5.0
0425229718	5.0
1420100963	4.0
0425251217	5.0
0557489563	4.0
1453816984	5.0
1480217840	2.0
0425233804	3.0
1476761779	5.0
1442352965	5.0
0821761005	5.0
0425224384	4.0
B008XM08UY	2.0
0345453417	5.0
0439023483	5.0
1499118910	5.0
0143145347	5.0
B00HK4E794	5.0
1455546925	5.0
1608208788	5.0
1618680129	5.0
0515075299	1.0
B005LRB984	4.0
1416531637	2.0
0373772327	4.0
0062187546	4.0
B008DQLNQI	5.0
B00CL8S80I	4.0
B008E0XOG0	5.0
0385341679	4.0
0425238555	5.0
1550223852	5.0
0312367791	5.0
0441016766	5.0
0886777259	5.0
B00CNID0J0	5.0
0615160387	1.0
0984903402	4.0
B008E9HVDS	5.0
0553591169	4.0
1490992731	5.0
0345803485	1.8143031288094271
1480096954	5.0
0989305325	5.0
0345337581	2.0
B00B2BXWL0	5.0
0811729680	5.0
B00G8IJ75W	2.0
B00IB3YJGO	5.0
1492267791	3.0
B00AGFI0RE	4.0
0151010749	2.0
0345504984	2.0
1414339275	5.0
0061138061	5.0
0425205673	5.0
0451225856	4.6601962922573605
1442336587	5.0
0312947062	4.0
1444700634	5.0
1933580690	5.0
0451201663	5.0
1467530999	1.261141516810008
B006R8KEF0	5.0
0345803493	4.5858648481091135
0758225229	4.0
1844168565	5.0
043935806X	5.0
B00C8U69FK	5.0
142381942X	5.0
B00EYJ2LGY	2.0
B00HAM7MAC	5.0
0451222350	5.0
0425246078	1.0
0425263991	5.0
B008IKA2F2	5.0
0989465004	5.0
