0224079948	4.0
0891909478	5.0
030793313X	5.0
161218202X	4.0
1612185428	5.0
1934349992	5.0
1493546023	5.0
0374246025	4.0
B0060D4OEE	5.0
0671753819	4.0
0805078916	5.0
0441018521	5.0
1461076382	4.0
B004WE7NWI	4.0
B004QGYUVO	5.0
0738713295	4.0
0802135196	5.0
0312379293	5.0
1463762232	5.0
B0063Y2OCE	4.0
0061007358	5.0
0812551885	1.0
B004UWPNJM	5.0
0307594882	5.0
0613170768	2.0
0595279988	5.0
0615442536	5.0
B004GKMTQI	5.0
0988761912	1.0
0440414539	4.0
1461039290	5.0
055338466X	5.0
0671042858	4.0
0449237567	5.0
0143037218	3.0000000000000004
023076651X	2.0
0061950726	4.0
0425227707	5.0
0810996170	5.0
0987361201	3.0
0578000512	4.0
0312979975	2.0
B0019F4UEW	5.0
0843951818	2.9999999999999996
1475233639	5.0
158182064X	5.0
0805012176	5.0
0606328084	5.0
0385523211	3.0000000000000004
1439192561	4.0
0307341569	4.0
0743597222	5.0
0062009494	5.0
1402224281	3.0000000000000004
0982705611	4.0
1410440478	5.0
1574091239	5.0
0753460858	5.0
B005AX3WSY	5.0
0789751348	5.0
0312655460	5.0
0156013231	1.0
161109965X	5.0
B006PXUOWU	2.0
1932841555	4.0
B00JDKBU8O	5.0
0451218043	4.0
0793810035	5.0
0886774268	5.0
038536315X	5.0
0618024956	4.0
1938436113	5.0
055328942X	3.874271844660195
0553346156	5.0
B00JDKBU5M	4.0
0060741872	4.0
0758238266	3.0000000000000004
0989103137	4.0
0061008737	4.0
0061020613	5.0
B009N7OVTW	5.0
0803293364	3.0000000000000004
0385340281	2.0
0002247399	4.5049504950495045
0307292134	4.5049504950495045
0451211634	5.0
B00KFKQE50	5.0
1592406599	4.0
0578032147	5.0
0393308200	4.0
B005CHQY24	4.0
1448635403	3.0
0738213969	3.0000000000000004
1581603681	2.0
1451628005	5.0
B008RISZ8Q	2.0
043902353X	5.0
061556190X	4.0
0375836519	5.0
B004UHLJFO	4.0
1603818103	5.0
0345518845	5.0
0312853238	5.0
1463571917	5.0
0886778891	5.0
0307282694	4.0
0394749308	5.0
1426707622	2.0
0764204904	4.0
025320691X	5.0
0062021338	1.0
0762441119	5.0
0764206095	1.0
0062554468	5.0
B004T3985C	5.0
1420118617	3.0000000000000004
0330390287	5.0
B005JTNDEM	4.78476821192053
0307943232	5.0
1461057205	4.0
B0040JHR8K	2.0
B0032JSIZK	4.0
0345461525	5.0
030788743X	5.0
B0015YEQ6O	5.0
B004USOT1Y	3.0000000000000004
1937530329	5.0
0896895181	5.0
1470168294	1.0
0253203317	5.0
0316127256	4.0
0316726729	5.0
0345461533	5.0
0394431952	3.0000000000000004
0062123270	5.0
159554903X	5.0
B0030H269S	1.0
0595230067	5.0
1442303093	2.9999999999999996
0553280945	4.115724982981621
B00D9SRT9U	4.0
0060754753	4.0
0141441038	4.0
0312199708	5.0
0099287595	2.9999999999999996
006212532X	5.0
0425234339	3.0
076242298X	4.0
0758200668	5.0
1450202268	3.0
0983206007	1.0
0971354901	5.0
1921240288	5.0
0307956644	3.0
0439023513	4.0
B00FA2F026	4.0
0945053312	5.0
B00918ALA6	5.0
0545326869	5.0
0060891564	4.0
0803291124	5.0
0672523833	5.0
0385349947	4.0
0140374493	5.0
0793828198	5.0
1936120224	5.0
1567183042	4.0
0061231673	3.0000000000000004
B006G53SZ2	3.0
0373798032	1.0
084233498X	1.0
1414371209	5.0
1612180868	4.776422764227642
1453885684	2.0
1414324332	1.0
160478573X	5.0
0062064320	5.0
0945053320	5.0
1589232712	4.0
B004O6MQXK	5.0
1558820973	5.0
1402271727	5.0
1442362383	4.0
0312977360	4.0
0451226259	5.0
044669570X	5.0
B004MDLTXS	4.0
1444713140	5.0
B0044KMP78	4.0
0425232581	3.0
0061007129	3.0000000000000004
0253203635	5.0
0981943667	5.0
0981943675	4.0
B004Z88OMY	5.0
0316209481	5.0
0439650755	4.0
0945053304	5.0
0307465357	3.0
1593274424	5.0
0312106122	5.0
0399155430	3.0
0547327935	4.0
1484169778	5.0
0310435641	5.0
0982555032	4.0
1940026016	4.0
0060733861	3.0000000000000004
0312863551	5.0
0451230647	5.0
0099450259	5.0
1611940001	3.0
0062270486	5.0
0758254091	5.0
003061368X	5.0
1484903250	2.0
0449909522	1.0
0805094725	1.0
B00IEEXX12	5.0
158243719X	4.0
0765325950	4.510791366906474
0345257871	5.0
0984260005	3.0
1250029880	2.0
0688143202	4.0
0778313840	4.0
B0038YWLAC	2.0
0553011413	4.0
141995198X	1.0
0316955124	5.0
1495266699	5.0
0316098329	5.0
0061138037	4.0
B004X6UFGG	2.0
0060541814	3.0
B00GNB998E	1.0
0743597923	2.9999999999999996
0578030969	5.0
0143122010	5.0
1612187145	4.0
007142783X	4.0
0380727633	4.0
0425206580	5.0
0800720539	5.0
1618950142	1.0
0425226298	5.0
1612186173	4.0
B00J43ZCMU	5.0
0060558121	5.0
0764204971	4.0
051754489X	4.632657761400275
0764202677	4.0
1118134613	5.0
B0053TD6EA	5.0
0557364639	1.0
0142407437	5.0
0553567187	5.0
1449550207	5.0
B00FV4IT7Q	4.0
0451216954	5.0
1441400877	4.0
0425206157	5.0
1477646558	5.0
1440556555	5.0
0984673040	5.0
0140071083	5.0
0470913045	4.0
B0031Y9CPG	1.0
1402750773	5.0
155970859X	5.0
0230769152	5.0
068816689X	5.0
0688135633	5.0
1484002709	4.0
0373247575	3.0
B006BHU6W8	5.0
1426702256	2.0
0615228380	5.0
0373129920	1.0
0062190423	4.0
0515124338	3.0000000000000004
0142428280	3.0000000000000004
140224102X	1.0
0345415000	5.0
0767902149	5.0
B003ATPPVM	1.0
0595440096	5.0
1783751789	5.0
0140348107	1.0
0425230694	3.0
081331951X	4.0
0517580497	3.686999868818052
038532328X	4.0
0307744434	4.0
1595230904	5.0
1574090976	5.0
0425219437	3.0
0449217493	3.0000000000000004
B004WTUJAG	4.0
006112429X	2.0
B003OIBGSU	4.0
0385034598	4.0
0066620538	5.0
0373240228	5.0
0449703800	5.0
B005GLFWF6	5.0
B006M77422	5.0
0312617933	5.0
1939996163	5.0
1612185827	5.0
0373217692	5.0
031286860X	5.0
076536445X	3.0
0312868855	4.0
0307743683	5.0
0671884433	5.0
0517189186	4.926301243666512
037300205X	4.0
B004Z2E3ES	5.0
0961392142	4.0
0062336592	5.0
0380017458	5.0
1456480219	3.0
B00887FGQK	4.0
1495920348	1.0
1453660232	5.0
B005RJK9QE	4.0
159080614X	4.0
0986594253	5.0
0375829075	5.0
045122793X	5.0
0553269224	5.0
0945053290	5.0
1558321683	5.0
0399159207	5.0
1419957465	3.0000000000000004
1558323627	5.0
1607377497	4.0
145646132X	3.0
0446525537	4.0
0141039280	5.0
0268015384	4.0
0764204335	4.0
0375435417	2.0
0523418612	5.0
0765316234	3.0
0376011084	5.0
0007317735	3.0000000000000004
0679801111	5.0
B007V4F9AO	5.0
0879838167	4.0
0805046712	5.0
0969276818	5.0
0140177191	5.0
0451233328	5.0
1257060457	1.0
B005Z9R27A	5.0
0451410351	2.0
B005C5TCR0	4.0
1451690290	5.0
B006L8KQP4	2.0
B003FK5QAG	5.0
0307939693	4.0
0440228735	1.0
0875421180	4.0
B004AYCTLA	1.0
0071362967	5.0
0517580519	3.4056782334384863
B0045OUOIA	3.0000000000000004
0451201205	3.0
1414334729	4.0
0471294284	5.0
1612184545	4.0
0982565844	5.0
B004TNIXYY	2.0
0981613519	4.0
031220339X	4.0
0310439310	5.0
1599987422	2.0
1612185843	5.0
0743566572	3.0000000000000004
067988288X	5.0
1480267015	5.0
1469983834	5.0
B003AT11OC	2.0
B0078S9B6G	4.0
1477808647	4.0
1401928463	5.0
0778314472	4.0
1599986590	2.0
1479152552	5.0
1402218311	1.0
076272756X	2.0
