B00I0TA6NY	5.0
1455548987	5.0
1475119836	5.0
B00EUH6M3S	4.0
B00H54IMUO	5.0
1624671128	4.0
0446614416	5.0
B00D3OB9U0	5.0
0062267744	5.0
0758219768	4.0
B00F8HEYQ6	5.0
1480135356	4.0
B00AWSEFG0	4.0
1571745610	5.0
B00A6239QY	4.0
1484188497	4.0
0615879608	5.0
B00CJGUHR4	5.0
147523130X	5.0
1482365774	5.0
1941098053	5.0
1469916487	3.5
098372251X	5.0
1455865389	5.0
B00I6ZXOHM	4.0
0312609337	5.0
1468194992	4.0
B00I3V2T6G	5.0
B00CK503PA	4.0
B007ZHCAKE	4.0
B00GN98BVC	5.0
0002007770	5.0
193332077X	5.0
B00D1HOE1U	4.0
1453755403	3.0
148126611X	5.0
1466437715	5.0
B00I1VXA3O	5.0
B00GOGAJ1E	5.0
B008IUVDHS	4.0
0373795424	5.0
0982841485	4.0
B008P5GNW6	5.0
1481967673	5.0
B00CQUQ1HI	5.0
1493755544	4.0
1479124591	5.0
B00KFUJX58	5.0
162061085X	5.0
0977733521	4.0
1551669447	5.0
1483949273	4.999999999999999
B005J4EXPU	4.0
B007YX9X18	4.0
1492979368	5.0
0988709368	5.0
B00DOFHHFO	5.0
1482351390	4.0
1491221755	5.0
0263899403	5.0
B00DCIYFW6	4.0
B008DQU0CQ	4.0
031259044X	4.0
1477679995	5.0
0373084749	4.0
1476763526	5.0
1938426525	5.0
0982841426	4.0
1624300057	5.0
B00B0MTFXA	5.0
1406337609	5.0
1477694919	5.0
147500382X	5.0
0985190361	4.0
B00GQ6CZRS	5.0
1483940047	4.0
B00E67YRB6	4.0
B00BB1BITO	4.0
1493768824	5.0
1468112422	5.0
B0082RSXJ8	3.0
B003V4B6CI	4.0
1492874248	5.0
B00J6U7MA6	5.0
082177848X	5.0
1492737895	5.0
1494904489	5.0
1480258296	5.000000000000001
1495338118	5.0
0988213044	5.0
1935171984	4.0
B0061UFHP6	5.0
B005CHQY24	4.0
B00LG7E1EC	2.0
0988264250	5.0
1484076249	4.0
1442403802	5.0
B0071LLL2M	5.0
1456443291	5.0
1481885065	5.0
0615379915	5.0
B00F8LDB2U	5.0
1467980757	5.0
1624210082	5.0
0983368414	5.0
B00GFY3FZW	4.0
1469907119	5.0
1492343846	5.0
B00FCRLDWA	5.0
B007MUAEXO	5.0
B005C65VBK	5.0
B00A4EMEWO	5.0
B0088MF82M	5.0
B00J6U1E82	4.0
B00APT8BDE	5.0
B00BSY7CFS	5.0
1481827979	4.0
1453812954	4.0
B009FEDS1A	4.0
0989470121	5.0
1461057205	5.0
B007ZBFB0Q	5.0
B00BD63EIK	3.0
B006WLOGU6	5.0
B005LY8516	2.0
B008QYHJO2	5.0
0983368430	4.0
B004PLMIGE	3.0
1470153912	4.0
1619490544	4.0
0615613373	5.000000000000001
146113613X	5.0
1479740306	5.0
B00EBDVU88	5.0
050552810X	4.0
1556520743	5.0
B007C8IFXW	4.0
1480096083	5.0
1481178350	4.0
B00GBHW9L4	5.0
B007PPJOGO	5.0
0557522935	5.0
1475158378	5.0
B005ISCTW6	4.0
B00GNRUQDU	5.0
1478316926	5.0
B00FIDG12U	5.0
1480239186	4.999999999999999
1463561520	5.0
144047169X	5.0
147674355X	5.0
1453645411	5.0
1612131670	5.0
B00LKWZ1QU	4.0
1482670534	5.0
161963144X	5.0
1461135079	5.0
B0050PJZLK	5.0
B00DE12WOO	5.0
B007UAUPT4	4.0
0615853021	5.0
0615916767	5.0
1449966128	5.0
B00BG1VMK4	4.0
0615467091	5.0
145646874X	3.0
B00FNCHRVU	5.0
B00JIAC7AY	5.0
B00KXHPBMW	5.0
B00AV56Z8K	4.0
B00896N1KS	5.0
B00CQYAWQ0	4.0
0451419707	5.0
0989416410	3.0000000000000004
0991152832	5.0
1467992909	5.0
1480157597	5.0
1490586229	5.0
0310257689	5.0
1477679146	3.0
B00AXIXFNI	1.0
1478214287	5.0
082176778X	4.0
B007WUMF9U	4.0
1468161660	5.0
B00DDXKA1U	5.0
147008726X	2.2407282535401216
B00I1WAG44	5.0
B00BTIDXVU	4.0
B00HTJH9J0	5.0
0821760912	5.0
0373885628	5.0
B009PG2GZC	2.0
B00BTIDW4S	4.508732931089234
0778312739	4.0
B004KKXS14	5.0
0615811213	3.0000000000000004
B00BCFYN6E	5.0
1257752227	4.999999999999999
0764202448	4.0
0316176486	5.0
B00I6ZXOZY	4.0
0989231828	5.0
0743272102	4.0
B00CA6Q7RC	4.0
1490904387	5.0
1466325429	5.0
1940041082	5.0
B008G093ZO	4.0
1478184523	5.0
B00466HTA8	1.0
0957193203	4.0
1938442652	5.0
1477557776	5.0
1481194402	5.0
0981649521	5.0
1466394579	5.0
B008BP5UHY	5.0
0425216152	5.0
1451524722	5.0
B00CKSPVFY	5.0
0892969741	5.0
0981854575	5.0
1933967218	5.0
1453721096	5.0
1490347402	5.0
1611189802	5.0
B0064I72LC	5.0
B008ZTD5BO	4.0
B004U34BZS	3.0
0778315916	5.0
B00C6EHDFS	4.0
B009PV8ZNE	4.0
B006Q68W7U	5.0
1477817158	5.0
B0077HPBCG	4.0
0615537456	4.0
1938312015	5.0
1479289132	5.0
0312998813	4.0
1455526061	5.0
B007NFGSC4	5.0
B00GJ00DTS	5.0
B00G8JBR4K	5.0
1490505776	4.0
0606238409	5.0
1419960237	5.0
B00550M0SU	5.0
1617980218	5.0
1466425180	5.0
B00HZ46GS4	2.0
147824738X	5.0
B006074H10	5.0
1478150742	4.0
0985350903	5.0
1480257621	4.0
1497472318	5.0
014241977X	4.0
0578049449	5.0
1426714599	4.0
B0075ZWNJE	3.0
B00A73LO4G	5.0
1770841458	3.0
1469926903	2.2193758506708154
B008IL48BK	5.0
1481845535	3.0
1479258814	5.0
0738714747	5.0
1492872954	5.0
0615549012	5.0
0373860641	5.0
1455576506	3.0
B00GUBL728	5.0
1466342935	4.0
B00IMR30K0	5.0
B00AR83M4Q	5.0
0615785824	5.0
B007408GMI	4.0
B0076790LA	5.0
0975546406	5.0
B007WO202I	5.0
B009JWLKEU	5.0
015206396X	5.0
B00BSLD8LI	4.0
0764204807	4.0
1461131332	5.0
B0055PTGYG	3.0
0060591234	5.0
B005D4Y5LS	4.0
B00AW1K7P0	5.0
B005NLPW2C	5.0
B00ES2GX3O	4.0
1416551956	5.0
B004YTT2OI	5.0
0977865509	5.0
B00BFMDOPA	5.0
B005BQY68A	5.0
1483973719	4.0
1939765153	4.0
1491043695	4.0
1484043596	5.0
1463542828	4.0
0060759836	4.0
B0083PN2QI	4.0
B00H6JW600	4.0
B00AU4WG26	5.0
1491231130	4.0
B00A8PYYOA	4.0
1593091451	5.0
B00D0JXGFO	5.0
B00JYNUZHM	5.0
1481145517	3.0
1601623852	5.0
1482655861	5.0
0373278055	5.0
0061448761	4.0
B008BVMUVW	5.0
1480066095	5.0
1481870912	4.0
1416963960	4.0
1478377976	4.0
0312614780	5.0
0615536794	5.0
B005GSS26K	4.0
B00IQL1G1M	4.0
B00FQK0D38	5.0
B0047DW9OG	3.0
0991251717	5.0
0373079907	4.0
0060874163	5.0
0985401400	5.0
0615343848	2.640328151986183
1484820800	5.0
0373794061	5.0
B00IOBXHES	5.0
1461179513	5.0
0425255700	2.9999999999999996
B007H2AJMI	4.0
0615745377	5.0
0741453711	5.0
1477594523	5.0
B005XN8NKS	5.0
1482706830	5.0
0985166339	5.0
1934230359	4.0
1481113704	5.0
1479313262	5.0
B006G9T1YA	5.0
0981769012	4.0
1481236326	5.0
B00D00M5NM	5.0
B00IY5RTLQ	5.0
1484976347	5.0
B00CWSI0P0	3.0000000000000004
B00CLZCRIU	2.0
B00B687AX0	5.0
0985258659	4.0
1442341955	5.0
1460985966	5.0
1476761779	5.0
B00C111UTG	5.0
B00IBL4PUQ	5.0
B00AQPJHGC	5.0
1494788373	5.0
B008VYAUGG	2.0
0399164731	5.0
B00AXM1VCQ	5.0
1467921289	4.0
1605043370	5.0
1605920355	5.0
B008BX4O78	4.0
0986915505	5.0
0985023058	5.0
1600430007	5.0
B005U8GQT6	5.0
B0064P9O34	5.0
B00BHJCHP4	4.0
061578299X	5.0
B00J7FVQMK	1.0
0977624781	5.0
1442445831	4.0
0316603406	3.0000000000000004
148236168X	4.0
1480096954	5.0
B00D0AMWI0	3.0
B00JD17QKY	5.0
0983048126	5.0
1482772973	5.0
0385735359	4.0
0983562105	5.0
1492267791	4.0
1620611198	5.0
B00GP1JMQG	3.0
B00LDD8NDO	5.0
1494987554	5.0
0984020802	5.0
1484849477	5.0
0451464397	5.0
1480267015	4.792386609071276
B005DPIINI	5.0
0989140369	4.0
147768512X	5.0
B00F3TWXVW	5.0
1478127147	5.0
1475063954	5.0
1475031904	4.0
146365961X	5.0
B00EPWE2IK	5.0
0515124079	5.0
B007OALZAI	4.518543492919757
1469905213	5.0
0987192515	5.0
1490330747	5.0
B009SVIDY2	5.0
1938857259	5.0
0778315460	5.0
B005LVV6DI	3.0
0307582884	4.0
B00FE5BTLK	5.0
B005OAXR2E	5.0
B00FJ3CPCO	5.0
0984692304	5.0
1494286084	5.0
0988204223	5.0
1477695079	5.0
141697895X	5.0
1484935640	5.0
1467930598	5.0
1489584935	5.0
B004OL2J82	5.0
146811803X	5.0
1442421762	5.0
B00K9URKTK	5.0
034552893X	5.0
1938857267	4.0
0615553028	4.0
B00HNZP85M	5.0
1476707723	5.0
0984887873	4.0
1569756074	5.0
148238678X	5.0
B00BIB2SD2	3.0
0062234927	4.0
B00J18NKJK	5.0
1476783284	5.0
1463698720	5.0
0989704416	4.0
1477679855	5.0
1481136194	4.0
B00F4L64A0	2.0
1442421797	5.0
B007RMHRMS	5.0
0739471740	1.0
B00D0YNMM6	2.0
1480083909	5.0
1463556217	4.0
B006SH34VG	4.0
B005C2COA0	4.0
1490558780	5.0
B00B3SAUGW	5.0
0061935107	4.0
1475233639	5.0
B00D62KLZS	5.0
B00JDK2TI4	5.0
B00AK1BOCW	4.0
0615452116	3.0
1482318687	5.0
1482765586	5.0
B00J39DWSG	5.0
B005WQ9BXO	3.0
1477554971	5.0
1937085228	5.0
B00DC9YEN0	4.0
B004YTSY1A	5.0
0988997479	5.0
0615525857	4.0
1482320770	5.0
061578139X	4.0
1463704208	5.0
0615770274	4.0
0984692347	5.0
0615801951	4.0
1932841431	5.0
B003AOA4IQ	5.0
1937702081	5.0
1492343935	5.0
1416989412	3.0000000000000004
0981024114	4.0
1416990402	4.0
B00CGAULGK	5.0
1470165627	5.0
061568310X	2.9999999999999996
1492291560	5.0
B00480OPOK	5.0
1612130402	5.0
B00CTY1PN6	5.0
0981769004	4.0
0307716570	4.0
0615771106	5.0
1781761337	5.0
1476751404	2.0
0988204215	5.0
B004YXAEL4	5.0
048646556X	5.0
B007RKQ95G	5.0
B007UDH6IE	4.0
1930754469	5.0
148115902X	4.0
0983574847	5.0
B00FCN82BO	4.0
0557453070	4.0
1469998017	4.0
1477630988	5.0
B00BSX4U04	4.0
B00HPGESNM	3.0
006197806X	4.0
1491232986	5.0
0738710814	5.0
0615683576	5.0
0399257543	5.0
B00A354CWY	4.0
1490984941	4.0
0984692320	5.0
0615571700	5.0
B007NUVFN6	5.0
1499128789	5.0
0786856912	3.0
1933836547	5.0
1623781264	4.0
1497465141	5.0
B00IIYHLM0	4.0
0991789717	5.0
0062071041	4.0
B008N04QYA	5.0
0451404386	5.0
147813223X	5.0
1466346779	5.0
0515131679	5.0
1477589627	3.0
1468009575	5.0
1940652073	5.0
B007HS1A8Y	5.0
098441505X	5.0
0615581927	5.0
1939769213	5.0
0615732623	5.0
057801114X	5.0
B005NIOJA6	5.0
1478114827	5.0
1442408162	5.0
0062059939	4.0
B004V49BLU	3.0
0985311045	5.0
0380780445	5.0
0983981914	4.0
B00JUG0VMW	5.0
B006HTH344	5.0
0312547285	2.0
0615630197	4.0
B009RTE1CI	4.0
1456563858	4.0
1490986537	5.0
B00CQECA1K	5.0
B00J4NQ0BC	5.0
1880284588	4.0
B0076OUDIM	5.0
0141326085	4.0
0983218692	4.0
B009H516LG	3.0
098870742X	5.0
B00CU7FV6O	4.0
1478357576	5.0
1469984202	5.0
B005639YOY	5.0
0765328968	5.0
0758277342	5.0
1495356744	5.0
1452655219	5.0
0981963196	5.0
B00CYOV33I	4.0
1470033305	5.0
1482782049	5.0
B00K6MDM6Q	4.0
0615731317	5.0
B00BCMKKPA	4.0
B004GKMPSK	5.0
B00CLC6XCO	5.0
0374316414	5.0
B0094BDBRK	4.0
B0095VONZS	4.0
0989104400	5.0
1477522980	4.0
B005110E0O	5.0
B00JKIE5KY	4.0
1491097434	4.0
B00CLCT7EU	5.0
0615777740	4.0
145389523X	4.0
1475277407	4.0
006144295X	5.0
0385741464	5.0
B00FAYYWNC	4.0
B00DFB3EQ8	4.0
0451401085	5.0
B00KO1KD6Q	5.0
1482564599	5.0
B0086I3GB8	5.0
B005VGB16A	4.0
B00FK9DD8C	4.0
1450572375	4.0
B008QPJYBM	5.0
0984786368	5.0
B0054DR3YE	1.732149076976663
0955676002	5.0
1477567658	5.0
B00AIABNZ8	5.0
1453725776	5.0
B006OJRKAE	5.0
1455522295	5.0
B00DJB6KE2	5.0
B009MBUTS6	4.0
1416978933	5.0
1484865278	5.0
1463549997	5.0
B006JMNQDG	5.0
1466211636	5.0
1493773445	5.0
B009MBUW8I	1.0
B00BGZD1WW	4.0
1934230952	4.0
0983346119	5.0
0843958251	5.0
0441020011	5.0
0425268659	4.0
B008R39E7C	5.0
0988707470	5.0
0986659363	4.0
B004QS91WK	3.0
1478148861	5.0
0373276494	4.0
B00KUTQLAE	4.0
1480207217	3.0
B00I6ZS6IE	5.0
B008EXK208	5.0
1484987934	4.0
B00LBDMJ22	5.0
B0046ZSN1S	5.0
B007AWTN4K	5.0
1442436670	5.0
0439227143	5.0
B00DT4VFQW	4.0
B0095F24H8	5.0
B003L0QR3K	4.0
1934230707	5.0
B006U1N37U	5.000000000000001
B00ARXXW50	5.0
1480257540	4.0
B005QEA87A	3.0
B0084AVKZ2	5.0
B00HSN8MNY	5.0
B00KG5CXUO	4.0
0316278270	5.0
0988223678	4.0
1477661875	5.0
149098416X	5.0
1477588388	5.0
B00EFJ1YQG	5.0
1478329130	5.0
1492135496	4.0
1479350745	4.0
B00CCRTFSC	4.999999999999999
B008S524NA	5.0
B00BL9FY4Q	5.0
1463768591	5.0
0983429766	5.0
1480568503	5.0
0758211368	4.0
0345402391	5.0
1468197436	5.0
1484020162	5.0
098889954X	5.0
B00L3R2N1I	5.0
B00BQYNY66	5.0
B008HUP9NI	4.0
B00CMJ90M6	4.0
B00AQNBGZ4	4.0
0821766996	5.0
1939769612	5.0
0988624559	5.0
0316187267	4.0
0451417054	4.5
1601624670	5.0
1492816930	5.0
1493780174	5.0
1479146803	5.0
0983031800	4.0
0988223651	4.0
1479255440	5.0
B00727M13S	5.0
0983429790	5.0
1461119847	4.0
1478266961	4.0
B0062BEHA0	5.0
B00ARI22MY	5.0
1461023033	5.0
1478111046	5.0
0821768727	4.0
B00688GE7Q	5.0
0425264378	4.0
0987029088	5.0
0962384216	4.0
B006WEOZP4	5.0
1402268408	4.0
B00KVO44PW	5.0
1479370118	5.0
0615655769	5.0
160504329X	5.0
147920739X	4.0
1470009749	4.0
B004BA52QW	4.0
0615650082	5.0
0615490034	5.0
1477488669	5.0
B00820YRF4	5.0
B004OEKE8Q	5.0
0988223635	4.0
1601623763	3.0
B00IW6JWXA	5.0
1419969595	5.0
1476741182	4.5
1601623526	5.0
0985159022	5.0
014143984X	5.0
1497511054	4.0
B00BTIDOO6	4.65
030728090X	5.0
B008W6I9XO	5.0
1463779046	5.0
1477680187	5.0
0982719345	5.0
0988223643	4.0
0764200119	4.0
1939045002	5.0
1480279544	5.0
B00C56ELSO	5.0
B00CVUJSYQ	5.0
B00C2TCQUE	4.0
0765363046	4.0
B00GQ6FODK	5.0
B00FJH5IRO	5.0
B006HYLXPE	4.0
1453728406	3.0000000000000004
0786838922	3.0000000000000004
1481227564	2.651878678134903
B006OFX5OS	5.0
B004TPBQA0	5.0
1463646852	4.0
1450574483	5.0
0988624524	5.0
1481043285	5.0
1420111361	5.0
B00G6NQQEY	5.0
0982719329	5.0
1938442350	5.0
B00GXLUJJC	5.0
B00JH089BQ	5.0
0743464583	5.0
1480199265	5.0
1463526245	4.5
0062004018	5.0
1479370312	4.0
0615138667	2.0
B00ARPE55Y	4.461538461538462
1938442342	5.0
B00HHK216W	4.0
0373718241	5.0
1771303166	3.0
B0063TS6QM	5.0
B006N52WVQ	5.0
0982706219	5.0
B009UFEEJ4	5.0
B00CK98XXK	5.0
0982719302	5.0
0373797427	5.0
0983051836	4.0
1466324600	5.0
B006NF0SOY	4.0
B00HHE3CZC	3.0
098863340X	5.0
B00I1VX9YO	5.0
0982654367	5.0
B00J1AO3JE	5.0
0989084515	5.0
B0093B3JQE	4.0
1491023163	5.0
0615223729	5.0
1482652226	4.0
1617981044	5.0
0553442341	5.0
0446547573	5.0
1416552715	5.0
0956719287	5.0
B00KPAHCZQ	5.0
B00B2QZH68	4.0
1939481015	5.0
148267579X	5.0
160162199X	4.615420129270545
0062024035	5.0
B00DGHN718	4.0
1451683367	5.0
1626491070	5.0
1460918681	5.0
1494418789	5.0
0983429707	5.0
B001VLXML6	5.0
B00DNCONGE	5.0
B00AFPWL20	5.0
0982145578	5.0
B00DV0XJ4A	5.0
0989790185	5.0
1463567626	4.0
1478127473	5.0
0373039549	5.0
B00BT0J8ZS	4.461538461538462
B007KSVYH8	3.0
1442352965	5.0
B006G2XOMW	4.0
B005SG79MI	4.0
162411024X	4.0
B00CVTK6Q6	5.0
0956719260	4.0
B00AA5CKPI	5.0
B006GEPVQM	5.0
1477634967	5.0
B006L8KQP4	5.0
1463597665	5.0
B006JARN46	5.0
061595751X	5.0
0615874754	5.0
193596139X	5.0
B00BKG8VJK	4.0
1466447648	5.0
193885733X	5.0
1612184421	5.0
B00KVOV84W	5.0
0988348268	5.0
1941098010	5.0
B00LJ82K6Y	5.0
1938426495	5.0
B005620I2M	5.0
0345803485	4.0
1406330396	5.0
9899734810	5.0
B00DK8L8Z0	5.0
B00IHCC5F6	4.0
1612183549	4.0
0778313255	5.0
B006L4C066	4.0
1938857119	5.0
0399160477	5.0
1455820067	5.0
1416990372	5.0
0380785749	5.0
B00HMN50R6	5.0
B009NTI3RG	4.0
B004FV4SPS	5.0
B00FEAUWHM	5.0
0345803493	5.0
B00AB2DGE4	5.0
B0086R0B26	4.0
1941098037	5.0
0373294212	4.0
0615637086	4.615420129270545
0989527417	5.0
1451695772	5.0
B008MD157O	5.0
B004SI455Q	5.0
0345528921	5.0
B007P6H0AK	5.0
