193271412X	5.0
0940450097	5.0
0195300718	3.0000000000000004
1250043042	4.0
0140266534	5.0
0805029745	4.0
034071820X	4.0
0061474096	4.0
0387341765	5.0
0762763604	4.0
0345407288	5.0
0374532281	5.0
0743222873	4.0
0805093079	3.1640117994100296
0803292139	5.0
0307275930	4.0
0394448588	4.0
0812975626	4.0
0143115049	4.0
030681448X	2.0
0195076060	5.0
0307946592	4.0
014303832X	5.0
0374271569	4.0
089587377X	5.0
0742551849	5.0
0983003807	5.0
1402742762	5.0
0739320440	3.0
0307476464	1.0
039587744X	5.0
1565123565	5.0
0812975618	4.0
1620400588	5.0
B00AWA7XEE	4.0
193448203X	5.0
0140390030	4.0
0195117964	5.0
0814755607	3.0
0385488181	4.0
0613880765	5.0
0802130607	4.0
0452281245	5.0
0973110910	5.0
0199778809	4.0
0140187650	5.0
0393318680	2.0
0375403736	5.0
B000H1GLSM	5.0
0393327124	4.0
0061558230	4.0
1400044464	4.0
0441018661	3.0000000000000004
0698116801	5.0
0141027592	1.0
0195067142	5.0
1400069726	4.0
157322314X	1.0
0345495802	4.0
081171523X	1.0
0375701427	5.0
0722144814	3.0
0843945257	2.0
0061558222	5.0
193778620X	5.0
1937786218	5.0
0671644130	5.0
0802117635	5.0
019966921X	4.0
0441004016	4.0
159017125X	5.0
0395867614	5.000000000000001
0099448572	5.0
0312856830	4.0
1611211115	4.0
0805082379	4.0
0547750315	4.0
030795062X	5.0
1596542284	4.0
0805069399	5.0
1579128459	5.0
0470373539	2.0
1584282487	4.0
006051390X	5.0
0679600000	5.0
0743288203	4.999999999999999
0312655460	5.0
0199236224	4.0
0061714283	4.0
0553257994	5.000000000000001
1931082014	5.0
0061960225	5.0
080213064X	5.0
0312852487	5.0
0140058893	4.0
0312245513	5.0
0684838575	4.0
0786866845	5.0
0785266852	3.0
0312428227	2.0
0815721293	4.0
0975383604	4.0
0060922540	5.0
0307270696	5.0
0025853503	5.0
0375408169	4.0
0547358113	5.0
0553094483	5.0
0345499395	2.0
0143114166	4.0
0199279349	5.0
0312655452	5.0
1401234534	4.0
0345446860	4.0
014044615X	5.0
0465038158	4.0
0029345707	5.0
1597976873	4.0
0805082395	4.0
0345523199	4.0
0884113175	5.0
0140440852	5.0
0195078225	4.999999999999999
0865716064	2.0
0140441700	5.0
0330412744	3.0
031236847X	5.0
0307378861	2.0
0349118655	4.0
0500051240	5.0
0140049975	5.0
1593762410	4.0
0099506165	2.9999999999999996
1573225312	4.0
1879505843	2.0
1611211581	4.999999999999999
0061579114	3.0
0745649262	3.0
0394748468	4.0
0752857703	3.0
1451638396	4.0
0802779662	5.0
0452290163	4.0
145161831X	5.0
1482098172	5.0
1594740852	4.0
1571458654	4.0
1596980206	5.0
0099453924	4.0
0141040580	4.0
0674045629	5.0
1584282495	1.0
0471477524	4.0
0385420536	4.0
0876857322	4.0
0061171115	4.0
0312383266	4.0
0195038630	4.0
0140481303	4.0
1616080574	4.0
013673443X	3.0
1844158276	4.0
0312111517	5.0
1560601671	5.0
0140431055	5.0
0316545120	5.0
0684844419	5.0
0813042097	2.0
1931082049	5.0
159477157X	3.0
0837161819	5.0
0807829218	4.38622552329507
0415278090	5.0
0140445684	4.0
060960452X	3.0
0151012326	4.723424270931327
038533320X	3.0
0486282708	5.0
0679731806	5.0
0940450003	5.0
0809328925	4.999999999999999
0307887200	4.0
0061977969	1.0
0553525832	5.0
0470550473	5.0
1451645570	5.0
0140189416	5.0
0805069364	5.0
1609941055	3.0000000000000004
0470396687	5.0
1594160309	5.0
038552255X	4.0
0380976536	4.0
0060557567	5.0
0803236840	5.0
077832186X	3.0
0307339629	3.0
0670891584	4.0
1400162106	5.0
0141000031	4.0
1612185002	4.0
0760336679	4.0
0140189424	3.0
0679748261	5.0
0805069372	5.0
0060761288	4.0
0679781277	5.0
080612718X	5.0
014044565X	4.0
0307460959	4.0
0395659949	1.0
0465027458	5.0
0099452243	5.0
0195367804	4.0
0441009778	2.0
0671044885	1.0
0060513934	5.0
0778329372	4.0
0425259617	5.0
0452285216	2.0
0140189440	2.0
0140444335	4.0
0618688226	4.0
0345347951	4.0
0061624217	5.0
0195174550	4.0
0674066901	5.0
0805069380	5.0
0743224663	5.0
0060730552	5.0
0061251313	4.0
0375504877	4.0
0375725806	5.0
0809329808	4.486013986013986
1594483752	4.0
147780949X	3.0000000000000004
0061766720	4.0
0972967303	5.0
0807854611	5.0
1596294019	5.0
0700616071	5.0
081170498X	4.0
006050949X	5.0
074566007X	4.0
1570901414	2.9999999999999996
B002CQTXUS	5.0
031215593X	4.0
0803257791	5.0
0807832820	5.0
0451169522	5.0
034543403X	4.0
0671867369	5.0
1598532944	5.0
0252070690	4.0
0312282990	4.0
0306808668	5.0
0375702709	5.0
0451522516	4.0
0151010196	5.0
0231123698	5.0
1416567216	4.0
0679740732	5.0
0743482972	4.0
161200119X	5.0
0195374525	4.0
0804840113	2.0
0895554755	5.0
1611211182	4.0
0316240079	5.0
0312864876	2.0
0316067474	5.0
1568584946	5.0
1931082073	5.0
0061744506	4.0
0142001287	4.0
0156013614	4.0
0452285658	5.0
0670019577	5.0
0195183061	2.0
0226493113	5.0
0861711033	5.0
0547580983	4.0
0071628916	5.0
0374185522	4.0
1932714170	5.0
0199316899	5.0
0312863551	5.0
0983830819	4.0
0316501115	5.0
0486419533	2.9999999999999996
0385334575	5.0
0307277674	4.0
0441010237	3.0
014017737X	5.0
0140064346	4.0
082630656X	4.0
0451181689	4.0
1573222615	5.0
1596437960	5.0
0306811413	5.0
1416521356	5.0
0195374622	4.0
0788751298	5.0
0988285800	4.0
0684813637	5.0
0880294272	5.0
0307887715	5.0
0060936231	4.0
0061140325	4.0
0375415297	5.0
0002219417	4.0
1852424494	5.0
0802145213	5.0
0385527063	4.0
0684833247	5.0
0140189386	4.0
0345419707	3.0000000000000004
0935553495	4.0
0743273206	5.0
0307464806	4.0
0743254902	5.0
0060524235	5.0
0446195596	5.0
0465002641	4.0
159448550X	4.0
075640617X	4.0
0688119123	5.0
0375415289	4.0
098768518X	1.0
0832904570	2.0
0743597923	5.0
1118027329	2.0
0192802488	4.0
0345461258	3.0000000000000004
014056649X	5.0
0486209741	5.0
0914576151	5.0
0393315606	4.0
0802135854	5.0
0486436586	4.0
B0083ZY7KS	4.0
0590431307	5.0
0761455949	4.0
192963112X	5.0
0374530505	5.0
1935149008	2.9999999999999996
1400082250	4.0
1400166551	4.0
B00AF62EX0	1.0
0140292012	3.0
1572339160	5.0
0195374614	4.0
1566915945	4.0
0393312569	4.0
0803257813	5.0
0002726874	5.0
0192838016	5.0
0393315630	5.0
B000JMLG4S	4.0
0306809133	4.454446262956901
0618470492	4.0
1480522813	5.0
158182565X	1.0
0300060785	5.0
0061861685	3.0
1620401908	4.0
0679720391	4.0
0743283430	5.0
143913281X	5.0
067003083X	5.0
0060745665	5.0
0807832782	5.0
0811860523	4.0
1556527950	4.0
0306818019	4.0
0813125790	4.0
0061626813	4.0
0465021387	4.0
0739456741	4.0
0937938181	5.0
0811700542	4.486013986013986
0224081411	4.0
0312861877	4.0
0140283579	5.0
0143058754	5.0
037541438X	5.0
0684845695	4.999999999999999
0765321564	4.0
1432703110	4.0
0547428065	4.0
0395611539	3.0
0441012477	5.0
0140189351	4.0
0805065377	5.0
386521584X	5.0
0143113739	4.0
0385526180	4.0
0807832774	5.0
B005LDMOWS	4.0
0399133135	4.0
0061128678	5.0
0449005755	5.0
0756400430	3.0000000000000004
0140447806	5.0
1623651670	2.0
1857883330	3.0
0954702336	4.0
0140042520	5.0
0156148501	5.0
1596298790	4.0
0816680817	4.0
1580172601	5.0
1572493607	4.0
0307743349	4.0
B008WTOUDE	5.0
1592400019	4.0
0312425538	4.0
0374199639	5.0
0939218127	5.0
0195040546	5.0
0679735429	4.0
0393028542	4.0
0062133438	4.0
1118645219	5.0
0812982886	5.0
0807120332	5.0
0803213395	5.0
0143118188	4.0
0140177388	4.0
0199582491	5.0
0385306849	5.0
0385336233	4.0
0060194367	4.0
0307276740	2.0
1591843332	4.0
0595393829	3.0
9652296511	4.0
0393081559	4.0
069111532X	4.0
1570624151	4.0
0312421192	4.0
1590515277	3.0
038548951X	2.0
1436107652	5.0
0140390421	2.9999999999999996
0684811073	5.0
0735619670	5.0
0881842222	4.0
0374175268	4.0
1581823436	4.0
0375412182	3.0
159485047X	2.0
0393061949	5.0
0030007380	5.0
1883011493	5.0
067157714X	4.5
0060882387	5.0
0307877094	4.0
0061030864	4.0
1620870649	4.0
0812971779	5.0
0345353730	4.481456507080243
1416550402	2.0
006009026X	5.0
0385508719	2.0
0195039149	5.0
1932714634	5.0
0674014936	4.0
0195123328	5.0
B00GJBUZ7W	3.0
1401301975	5.0
0765330474	5.0
0465012884	5.0
0872599639	5.0
0916620905	5.0
1883011469	5.0
0199226326	5.0
0195065484	3.0
B00AP6Z5DQ	2.0
0226315398	5.0
B00KK55IHK	3.0000000000000004
1932714642	5.0
0395346371	5.0
1558215492	4.0
0393082857	5.0
0811718247	1.0
015600741X	5.0
0374382921	5.0
1933337362	5.0
0199552266	4.0
030789570X	5.0
0060583010	5.0
0061143448	5.0
0789499630	5.0
0879979798	5.0
0812975707	4.0
0451409353	4.0
0553384570	2.0
1442347449	4.0
0515090212	5.0
0792275683	4.999999999999999
0807835420	5.0
0806131284	4.0
0062505521	5.0
1469901692	4.0
1932714618	5.0
0306811456	4.0
193271460X	5.0
1482702452	5.0
0306821257	4.0
184158701X	3.0
048625738X	4.0
0486227510	5.0
0812970497	4.0
1426211562	5.0
1570753881	4.0
0743285212	3.0000000000000004
055356241X	3.0
031230935X	5.0
0813121353	4.0
1410438201	4.0
0195313666	5.0
1932714626	5.0
0881504343	5.0
0385531907	5.0
0091801664	3.0
1611211522	5.0
0151005257	5.0
0307264785	3.0
0312854277	4.0
0306821265	5.0
009952712X	5.0
1433527405	4.0
1611090695	3.0
0002051850	5.0
0312262000	5.0
0374180652	5.0
0062280546	5.0
1849085528	4.0
0375405836	5.0
141650785X	2.0
0843957719	4.0
0452298040	4.0
0807835889	4.513986013986013
0451227905	4.0
1852424478	4.0
193906533X	5.0
0192803778	4.0
0375404511	4.0
0451233344	3.0
0807611379	3.0
B005S0V67I	4.0
0609608541	4.0
0843952016	2.0
0761461736	4.0
0700604537	5.0
0345467833	3.0000000000000004
B0017KT5L2	3.0
0792241002	2.9999999999999996
0688080936	4.0
1481830449	3.0000000000000004
0192854089	4.0
0684827875	2.0
1937786250	5.0
0060175699	5.0
0307276732	1.0
0226750701	5.0
1495208583	5.0
1933952385	4.0
1611211506	5.0
0375402314	5.0
1883789664	4.0
1416541519	5.0
0449909336	4.0
0345324382	5.0
038079215X	4.0
0230613497	5.0
0802130747	4.0
1892796058	5.0
0312579977	5.0
0525953728	5.0
1400044561	5.0
0670868035	4.0
0345483944	5.0
0140186417	4.0
006447030X	5.0
0199751471	5.0
1401939295	4.0
0140275363	5.0
0061031321	5.0
0679749039	4.0
0691058873	5.0
0892723866	2.6409952606635074
0807826480	5.0
067003116X	5.0
0061020664	5.0
0470168803	1.0
014104179X	2.0
0674031520	5.0
0983523029	5.0
0340837950	2.0
0195140826	5.0
0441317502	5.0
0451232321	4.0
0973620315	4.0
0765314355	4.0
0307475255	5.0
0385514670	5.0
1571570233	4.0
1853753092	4.0
0963810928	5.0
006209453X	5.0
0060505370	1.0
1932714030	5.0
0449912116	4.0
0553804278	4.0
0140274065	1.0
0811736059	5.0
0002727463	5.0
0898650801	3.0000000000000004
0380973545	5.0
006053916X	4.0
0375702628	2.0
0143036009	4.0
0765312166	3.0
1594487383	4.0
0739332589	4.0
0679434704	5.0
1555537448	5.0
0151012261	3.0
193796504X	4.0
1932714480	5.0
0306805863	5.0
1401323111	5.0
0141030631	5.0
0802864759	5.0
006102063X	3.0000000000000004
0452279070	5.0
0553279424	3.0
0803258348	4.0
1932714006	5.0
0061020648	5.0
0375404937	5.0
0980167256	4.0
0143116487	4.0
0767913981	5.0
1933952679	3.0000000000000004
1573222135	3.0
076792066X	5.0
0805083103	5.0
1886969493	4.0
0765316110	3.0
0312368100	3.0000000000000004
0395067995	5.0
1440308861	3.0
1595083774	4.0
1598807528	5.0
0321934318	2.0
0061147958	4.0
0199754543	5.0
030733936X	5.0
0312864590	1.0
037543190X	5.0
0973323337	5.0
0684818868	4.0
0375411690	4.0
0374281076	5.0
006170654X	4.0
0062517007	4.0
0743212983	5.0
0786031425	5.0
0765304120	5.0
0452295513	2.0
0811208478	5.0
0375506713	5.0
0671667556	4.0
1585427403	5.0
0246123672	3.0
1416573178	4.0
0547329709	4.0
0312442661	5.0
0312854315	4.0
0452280028	5.0
0891075615	4.0
0815335660	1.0
0307593967	3.0
0312368127	5.0
0316526347	5.0
1416537678	4.0
1452651906	4.0
0688150322	4.0
0007410956	4.0
0316091049	5.0
1932714448	5.0
193271443X	4.999999999999999
0742558339	4.0
1441766073	4.0
1611211220	5.0
0316739057	4.0
0340770708	5.0
0807833177	4.0
0679749020	5.0
0609610236	5.0
0151004218	4.0
0140440720	5.0
0140566511	5.0
0195159012	4.345882352941176
0312373961	4.0
0143112082	5.0
140006855X	5.0
1569473552	4.0
0307453421	5.0
0007263686	4.0
0425134814	5.0
0028641779	4.0
0385510217	4.0
1439168776	3.0
0970849338	4.0
0007157150	4.0
0312876920	2.0
1601457049	4.0
0375400524	3.0
0743202759	2.0
037572706X	5.0
0393076520	4.0
0811877825	4.0
0099443635	4.0
1400067286	4.0
1400044162	5.0
0802144519	4.6
0805069232	4.0
0316601950	3.0
0449214192	5.0
0716741067	3.0
193271409X	5.0
0399158812	5.0
0312269463	1.0
0451628810	4.0
006051079X	5.0
0880801484	4.0
0345472403	5.0
0803297092	4.0
0470607343	4.0
0984381503	5.0
0952614766	1.0
0767920643	5.0
0805091181	4.0
0879100044	5.0
0470590807	4.0
0805069240	4.0
B0044R90HO	4.0
0618420053	3.0000000000000004
0374299633	2.0
0307908348	5.0
0674026586	4.0
1841958816	2.0
0521584361	5.0
0198326769	4.0
B00FML0V8S	3.0
0547376499	4.0
0765303612	3.0000000000000004
1411674650	4.0
1931082383	5.0
0300100981	4.0
1434400247	4.0
1846032482	4.0
0805069259	5.0
0060556595	1.0
1416596291	5.0
0807831883	5.0
0316034029	5.0
0195622553	5.0
7119016636	4.0
1596297824	5.0
0310276039	5.0
0192853597	4.0
0803232128	4.0
0895554674	5.0
014118776X	4.0
159853193X	5.0
0061228443	4.0
0878331492	5.0
0765324121	4.0
0913990426	3.0
1884836801	5.0
0743226712	4.0
0451206878	1.0
1849086389	4.0
B00EB3F4M6	2.0
0983638306	5.0
0802120512	4.0
1416552286	5.0
1883011914	5.0
0312427085	4.0
1598531956	4.149923508414075
0060938102	4.0
0306820676	4.0
0618915478	4.0
140533746X	5.0
0486287491	5.0
0811860590	5.0
0804139024	5.0
0061053562	5.0
0806141409	4.0
0195216938	5.0
0312628196	4.0
078671512X	5.0
0802119107	5.0
0671522663	5.0
0385493282	3.0000000000000004
0449206513	4.631299734748011
0374105235	4.0
055101153X	4.0
0399134409	2.0
0385044518	5.0
0140120688	5.0
1453851445	3.0000000000000004
B00F96EOT8	4.0
0140282556	5.0
0312875622	2.0
0809496127	5.0
034912132X	4.0
1414320094	4.0
1598531972	5.0
0143036483	5.0
0756638356	4.0
0316545031	5.0
0764206060	3.0
0765316978	5.0
070060748X	5.0
1842122924	5.0
0312265077	4.0
0684846942	5.0
0451457056	5.0
1611211298	5.0
0571199372	1.0
159853064X	5.0
0199765294	3.0
0061020699	3.0000000000000004
0807129313	4.0
080506835X	5.0
0786600217	2.0
0099429799	4.0
0141004312	5.0
161984186X	5.0
0345340396	5.0
038551199X	4.0
0890297649	4.0
0872861554	4.0
0452274664	3.0
1250024897	4.0
159886677X	4.0
1452877505	4.0
1592334784	2.0
031219899X	4.0
0811700496	4.0
048629868X	3.0
0007231601	4.0
0940450585	4.0
0802715532	4.0
0061259195	5.0
1468138537	3.0
0805069224	4.0
1937945014	4.0
1846039908	4.0
0139798099	4.0
1846036879	5.0
0399158820	5.0
0743217810	5.0
0739304038	1.0
0671892878	4.0
1565234561	5.0
1883642396	4.0
1581825102	5.0
193358629X	4.0
0395657830	5.0
0811711536	1.0
087728850X	4.0
0385260938	5.0
1743219083	3.0000000000000004
074327136X	5.0
0553380966	4.0
1439132739	3.0
0805069631	5.0
0304366544	4.0
0375408894	4.0
0811700879	3.0000000000000004
037540404X	5.0
0968629210	5.0
0979949157	5.0
0374177724	5.0
0307594084	4.0279720279720275
0822313871	4.0
0345453743	4.0
0393060578	5.0
0143035983	5.0
0393062759	4.0
0842384375	5.0
0385497687	4.0
0060731583	3.0
1603440526	5.0
0806531312	4.0
034531221X	5.0
0316154563	5.0
1602399557	5.0
0807820253	3.0000000000000004
0521607841	4.0
0275942694	4.0
0743400526	2.0
0684870533	3.0
0300126255	5.0
1596915781	3.0000000000000004
0140170413	5.0
0521002931	5.0
149591092X	5.0
0199210705	4.0
0801474752	4.0
0743499182	4.0
0199986118	4.999999999999999
0679600507	5.0
0393048446	3.0
0765306298	1.0
0199759898	4.0
1604581212	5.0
0807821551	4.0
1843109026	2.0
0486292827	5.0
0060937661	5.0
0195085574	4.0
0618127135	5.0
0805069666	4.0
0415922437	3.0
0310320259	4.0
0141001763	2.488778054862843
1935597345	3.0
0316008958	2.0
1572332816	4.486013986013986
0674779347	5.0
0890966397	4.0
1477523413	4.0
044661081X	1.0
1565125169	5.0
1845134885	5.0
0385418957	4.0
B007SNRRP8	3.0000000000000004
0679641009	4.0
0399149864	3.0
1590529359	4.0
0739338625	2.0
0892047143	5.0
1594160333	5.0
1611210704	5.0
0316018716	4.0
0786711973	4.0
0374111197	4.0
0890968160	5.0
0813122171	5.0
0312421273	4.0
0857868861	3.0
0252065956	3.0000000000000004
0674990803	5.0
0307275337	4.0
0805092862	4.0
0520201531	5.0
1937786196	5.0
0520063465	5.0
006206777X	2.0
014018726X	5.0
0761458085	5.0
0807832669	4.0
1419654624	3.0
0385247923	3.0
1439139334	5.0
0061015725	4.428816466552315
0306811758	5.0
0312869495	4.0
1468199846	5.0
0060577053	4.0
0786718110	4.0
0446554723	4.0
B0082PDS4K	4.0
156931778X	4.0
020132797X	1.0
1416964053	3.0
1559708395	4.0
0940450631	5.0
1848325835	4.0
0803298013	5.0
0553566067	1.0
0807009571	5.0
0307264254	4.0
0595440096	5.0
0062134639	4.0
0060890096	4.199760047990401
0745648738	4.0
0307378187	3.639825897714908
0966021231	4.0
051759028X	4.0
0747549923	5.0
0306812614	4.0
0805009124	5.0
0307932885	5.0
0140434844	1.0
080781749X	4.790747330960855
0807819689	5.0
0805000313	5.0
1400042755	4.0
1560259949	2.0
0399158308	4.0
0872862917	5.0
0813134161	4.0
0060772913	5.0
0971744440	5.0
0395597722	4.0
0671769561	5.0
0141884819	5.0
089968100X	4.0
0317385100	5.0
0891418393	4.0
0060845503	4.0
073946289X	2.0
1598530283	5.0
0778326500	5.0
0316845426	1.0
1881233669	5.0
1608195228	5.0
0375407960	2.0
0393021386	3.0
006201448X	5.0
1903402050	4.0
1400043638	4.0
0393068471	2.0
0451154452	5.0
0743225066	5.0
0307743683	5.0
0807833150	5.0
055380734X	4.0
006083482X	5.0
1600786804	5.0
080419257X	5.0
0979346800	4.0
000779021X	5.0
1569751005	3.0
069113989X	5.0
0671469924	5.0
0809330555	5.0
0399159215	4.0
B0096CH78G	2.0
0375506357	4.0
0679640576	5.0
0807821187	4.790747330960855
0451451376	5.0
1614290407	5.0
0802119093	4.0
1932714995	5.0
1781160325	4.0
1478210168	3.0
1611211654	5.0
0750946083	4.0
0815410131	5.0
0307408841	4.0
0802870104	5.0
1577330269	3.0
0679313370	3.0
0684826461	5.0
0743486331	5.0
0375801537	4.0
0394744209	4.0
0099496941	5.000000000000001
0312286341	5.0
0061147931	1.0
1572334665	3.541958041958042
157233598X	5.0
0385501390	2.0
0195300653	5.0
160819566X	4.0
0140168117	5.0
000612609X	5.0
0553096400	5.0
0312378491	5.0
0312285485	3.0000000000000004
1610350510	4.0
0300149352	4.0
081170520X	4.0
1470061031	3.0
0884046354	3.0000000000000004
1421402211	3.0
1937786129	4.0
0306820293	2.9999999999999996
0316930938	5.0
0375752501	5.0
0849952751	5.0
0380633132	2.0
0861711734	5.0
0802139515	2.0
0764584472	4.0
0679731792	5.0
0679733973	5.0
1932714987	5.0
0316123404	5.0
1883642728	5.0
0307405761	3.0
161121078X	4.999999999999999
0486202577	4.0
1400068983	4.0
0895873745	4.0
0553267396	5.0
0393326268	4.0
0743243307	3.0
075667185X	5.0
0143170899	3.0
0140185933	4.0
184603292X	5.0
0881508853	5.0
1565129903	4.0
0375422250	2.0
1586420003	2.9999999999999996
0735605351	5.0
1585421383	5.0
0375758275	4.0
0007441290	3.0
1491289449	2.0
0385536038	3.0000000000000004
1592232035	5.0
0805098542	5.0
0771041705	4.0
1577470419	5.0
0679728171	4.0
0547330774	4.0
0881504009	5.0
0399151753	3.0
0156768070	5.0
0061245003	2.0
0312855257	4.0
0195379799	5.0
0394858182	3.0
0060098902	5.0
1594202621	5.0
1933337443	5.0
043935806X	3.0
1846032954	5.0
0674726820	4.0
0886779464	1.0
0393058204	5.0
0307360814	4.0
0671698796	4.0
1586481843	5.0
1570717478	3.0000000000000004
B0098NDSCM	4.0
0876851383	4.0
0743498747	5.0
1590171462	5.0
006001203X	1.0
095546563X	4.0
1566562481	5.0
0870044605	5.0
0306815575	4.0
0141040343	5.0
0060567511	4.0
1882203399	5.0
0061673455	4.0
0312945744	3.0
1477848428	4.0
0374248559	5.0
0307272664	4.0
0812974530	4.0
0061834785	5.0
0802118739	3.0
0470612657	4.0
0807130885	4.0
1435733134	3.0
0321524764	3.0000000000000004
0140047573	5.0
0547928289	5.0
0345342445	5.0
0805083499	5.0
0745649084	5.0
0446353973	1.0
0553383434	4.0
1844673596	5.0
0805242163	5.0
140194146X	4.0
1440202389	5.0
0300057717	5.0
0385660065	4.0
0684803291	4.0
0679601120	5.0
0812982142	5.0
0143116142	3.0000000000000004
0849948398	4.0
0817433244	2.0
1107606616	5.0
0679745823	5.0
1402758901	5.0
0307720950	4.0
0385529813	5.0
0807118737	5.0
0156627809	3.0
0141188596	5.0
0878571256	5.0
0375758992	5.0
0465057918	5.0
0805001158	5.0
0060621583	4.0
0767911857	3.0
087286457X	5.0
0822953099	4.454619787408013
1889020338	4.999999999999999
0195102231	5.0
0195170342	5.0
1403349703	1.0
0330492691	4.0
0312278675	5.0
0061561622	4.0
031242843X	3.0
1936760894	4.0
0842321470	5.0
0345380746	5.0
1612001793	5.0
0140263284	5.0
0595228380	4.0
0071490655	5.0
0142001430	4.0
0312551002	5.0
0199740488	4.0
1598531441	5.0
0195373057	3.4684077506318447
0985354704	5.0
0061836923	1.0
1592531180	5.0
0871138859	4.0
0807835250	5.0
0684142406	5.0
0805083456	4.0
1611211360	5.0
0143119605	4.3999999999999995
1598530127	5.0
0440224071	2.0
0061915416	5.0
1556526059	5.0
0865471606	4.413502109704641
0091883768	2.0
0312429320	4.0
1589803663	4.209252669039146
0860685411	5.0
0192835653	4.0
0375425365	3.0000000000000004
1573222011	5.0
0805061215	3.0
0802170064	3.0
0060741872	5.0
1598530135	4.0
0486278484	4.0
0812978951	5.0
006113127X	5.0
0312244428	4.0
0060670991	4.0
0141014083	4.0
0415158044	5.0
0578032147	4.0
1612183026	4.0
0195312953	5.0
0060512806	4.0
0062516485	4.0
030727263X	3.0000000000000004
0465007201	2.28777945873256
0849918944	4.0
081173417X	5.0
0876851898	4.0
1416573283	5.0
0061430218	2.0
0871139715	5.0
0312850093	5.0
0061568228	3.0
0674046714	5.0
0380000601	5.0
0520071662	5.0
0141188138	3.0
0385499094	4.0
0060528370	4.0
0195037944	5.0
0805083421	5.0
0967094801	3.0
0226852180	5.0
3882439548	5.0
1400033152	4.0
0700716955	5.0
0143112627	4.0
039306574X	2.0
0763628255	5.0
0143039814	5.0
0192853457	5.0
1611210909	4.486013986013986
0679728872	5.0
0882667033	5.0
0849948320	4.0
0517162377	5.0
0307266370	5.0
1559363703	3.0
0312607105	5.0
074325998X	2.1160864785635765
0099244721	4.0
0020209851	5.0
1594160546	4.0
0393062236	3.0
0786717475	5.0
1591026059	4.999999999999999
0937381888	5.0
0300090706	5.0
0679728880	5.0
0802714587	4.0
0547719280	5.0
1416555897	1.0
0140306013	5.0
0307378195	5.0
0940450275	5.0
1594160511	4.0
0451459792	2.66642228739003
0345527356	2.1706915477497253
0143170090	1.908809891808346
0393317196	5.0
0684810433	5.0
1583224939	4.0
B00BWYEGX0	4.0
0340625759	5.0
0142437905	5.0
0345336607	4.0
0307887898	5.0
0553227084	4.0
0760344078	5.0
0393065723	3.0000000000000004
0618433252	5.0
0765348438	2.0
0060850523	4.0
1598530984	4.0
1586850989	3.0
0007167040	5.0
0802119654	3.0
0099282194	4.0
0295981466	5.0
0842362398	5.0
0700608206	4.7843289371605895
0806139447	4.0
0140177620	2.0
0020519109	5.0
0451458486	2.0
081173238X	4.0
0385495579	3.0
0393077780	4.0
0307595641	4.0
0679728821	4.0
0762188901	5.0
0817316957	4.0
0099526832	5.0
0449210901	5.0
0805069550	4.0
0375509038	4.0
0684845946	5.0
0151012121	5.0
0375432957	5.0
0151014302	5.0
0375700757	1.0
0060776544	4.0
0060531126	5.0
0895260476	4.0
0811735893	5.0
0345527380	4.0
0143113909	5.0
0786868864	5.0
1596541598	4.0
0817356177	4.0
1585746703	5.0
0806119780	4.0
1416984488	5.0
0060009225	5.0
0859536106	3.0
0802130496	5.0
0312342985	5.0
0316392154	5.0
1573220256	5.0
0195306686	5.0
0674990072	5.0
0982055005	4.0
0805069577	4.0
1426205104	5.0
0140165215	4.0
0253216826	5.0
1466373830	4.0
0590454226	4.0
0385494238	4.0
0471619124	4.0
0670888168	5.0
0071784225	4.0
0140187464	5.0
014028155X	4.0
030726419X	4.0
0805069585	5.0
0230605745	3.0000000000000004
1594745900	5.0
0060976985	4.0
0812976363	3.0
0385043317	3.0
0674993586	5.0
0375501568	4.0
0151686564	5.0
1574888234	5.0
1611210860	5.0
1932714812	5.0
031286518X	3.0000000000000004
0805069518	4.0
0345435192	5.0
080506950X	4.0
0679748997	5.0
0486400360	5.0
B0091K78NC	4.0
0060099275	4.0
080613187X	5.0
0618658971	5.0
0310708257	2.0
0062278096	5.0
1849085781	4.0
0674824261	4.0
161382310X	5.0
1593760094	5.0
1458724395	5.0
1416591109	4.0
0307265439	3.372374798061389
076032350X	5.0
078624819X	1.0
0060976918	5.0
0805069526	4.0
0007337701	4.0
1250040213	5.0
0805079319	4.0
0393315819	5.0
0684826739	5.0
0306812525	3.4684077506318447
0940450798	5.0
0744013100	4.0
0805069534	4.0
0399156453	5.0
0307268934	4.0
1931672539	2.9999999999999996
0767902467	2.0
0840730349	1.0
0306811677	5.0
0307881393	4.3999999999999995
0307267601	5.0
0195078942	4.999999999999999
0807835609	5.0
0979526116	5.0
061889425X	5.0
0441000681	5.0
0195383311	4.0
1935149245	4.0
055356174X	4.0
0399145796	3.0
0743578198	3.0
039915776X	4.0
0765320045	4.0
014305760X	4.0
0517362457	3.0
1932714804	5.0
0465069592	5.0
0451184963	4.0
B00CR77NCC	5.0
0679723250	5.0
0452011469	5.0
0195326342	4.0
074564645X	5.0
0674024583	5.0
1416978194	4.0
1586481126	5.0
0674026764	5.0
0307987647	5.0
0393312364	4.0
1883642434	5.0
0307700887	5.0
0745670172	5.0
1581824572	3.0000000000000004
031242440X	5.0
0793144345	3.0
1616953136	5.0
0470401818	5.0
0147712033	5.0
0312851820	3.0000000000000004
1556435576	4.0
1593680171	5.0
0916189201	3.0000000000000004
1621416933	3.0
B001GS6ZJA	5.0
0446677469	1.0
0007160003	5.0
0061233331	4.0
080507757X	1.0
B009NKXAWS	4.0
0807128090	5.0
0761126066	5.0
0312261780	4.0
0195124820	5.0
0306810778	5.0
0321278720	5.0
0788146653	5.0
0847699528	4.0
0345358791	5.0
0881507695	2.0
0345384687	1.0
0140443223	4.0
0195397932	5.0
1439133913	5.0
0872865053	4.0
1475201168	4.0
1604074485	5.0
0803298145	2.0
0679415335	2.0
0316545317	3.0
0134374991	5.0
1883642418	5.0
1611210801	5.0
0130676349	5.0
0684855216	4.0
0099526409	4.0
0141339195	5.0
0803268750	5.0
0425189988	5.0
0807151726	5.0
1608463710	5.0
1439184232	2.0
074325032X	4.0
0345430751	2.0
0743412826	1.0
1468160052	5.0
0393322157	4.0
0671867172	4.0
0226500578	5.0
014014773X	4.0
0807000892	4.0
0143038915	5.0
0375421459	5.0
1416549633	4.0
0141439971	3.0
1594202907	5.0
1883642426	4.0
0786868449	4.0
0805089578	4.0
0380820870	4.0
0451461703	1.0
0345235568	4.0
0765303922	1.0
0743427084	5.0
0805098038	4.0
161039285X	2.0
0029146739	3.0000000000000004
0060822554	4.0
0061233781	3.0
0756675928	4.0
1932714898	4.0
193271488X	5.0
0671217925	5.0
B0082QXVFA	4.0
0803212739	5.0
0700606505	5.0
1582345929	4.0
0700607838	5.0
0099766817	5.0
1566633370	2.0
0451527550	5.0
1400041570	4.631299734748011
0394757637	5.0
1586483730	4.0
031286860X	5.0
0674045890	3.0
1573225053	4.0
0805034811	5.0
0520003500	5.0
0300096933	4.0
1741798507	3.0000000000000004
B007X526XE	4.0
1451694733	4.0
0307387135	3.879852125693161
0385423357	5.0
1926858034	3.0
0275948706	5.0
0679767207	5.0
0439903548	5.0
0061655511	5.0
1400078857	4.0
1883642809	5.0
1611720109	2.0
0684849453	5.0
0312330170	5.0
0770433154	5.0
0393038912	5.0
0848810007	4.0
0451527542	4.0
0312380429	5.0
0700605673	4.666666666666666
1475155433	5.0
0988697793	4.0
030772042X	4.0
0099448793	4.0
1419706861	5.0
0691020302	5.0
0684848570	4.0
0345430794	3.0000000000000004
1886778523	5.0
0061340650	4.0
0670881058	5.0
157747032X	5.0
1416593349	5.0
0804836736	4.0
0451454537	3.0
0142000957	4.0
0345505514	2.0
0307884821	3.0
0393068331	5.0
0940322722	5.0
1416547495	3.0000000000000004
140004460X	5.0
0307346609	3.6839080459770117
1606190059	4.0
0802120199	4.0
0099448785	4.0
0385525060	5.0
0307597059	4.0
0143038044	4.571428571428571
0394514009	5.0
0393305643	5.0
0312262264	5.0
0307396061	4.0
0439023483	4.419306184012067
019517383X	4.0
030726369X	5.0
0140390219	5.0
0140195858	4.0
0312429703	4.0
1596060751	3.0000000000000004
0375402594	5.0
0061473081	5.0
080785784X	5.0
0674025849	4.0
1451626207	4.0
0375415416	5.0
0143038095	5.0
1477816488	4.0
0316166251	2.0
0195391314	5.0
0451456750	2.0
0307387178	4.0
0060936428	3.0
0306814730	5.0
0977240606	4.0
1592288189	5.0
0439023491	5.0
043920352X	5.0
0743297431	4.0
0553213652	5.0
0385492510	4.43992606284658
184668739X	4.0
0679732535	4.0
0385536127	3.0
0670034126	5.0
1401940587	4.0
0739357417	2.9999999999999996
0470100281	2.0
0689718101	5.0
1932714871	5.0
0060524030	5.0
B004TNIXYY	3.0
160239783X	5.0
0988433672	4.0
037571412X	5.0
0393057232	5.0
0609610627	5.0
0375432183	3.0000000000000004
0761458328	4.0
1611210887	5.0
0486260305	5.0
1604943440	5.0
0807834319	5.0
0142180114	4.0
0760332436	4.0
0007141785	4.0
0451209044	1.0
1883011663	5.0
0062204602	4.0
0679732543	5.0
0802838723	5.0
0451185455	5.0
1477809732	3.0
0817315195	4.0
0785264019	5.0
0814742963	5.0
0393057240	5.0
140003048X	4.0
0451232275	4.0
0471462314	5.0
0547687117	5.0
1897572174	4.0
0312426232	5.0
0425252868	5.0
1570623015	5.0
0393066185	5.0
193108274X	5.0
0316228532	2.0
1451641834	4.0
0679734732	4.0
1439101434	3.0
1425734073	4.0
0671479903	4.0
0618509283	4.0
0670873616	5.0
0393079880	5.0
0972831029	5.0
156145074X	4.0
1573922145	2.0
0451239199	2.9999999999999996
0061178039	5.0
0878397043	5.0
0316007056	4.0
0253210585	3.0000000000000004
0451151224	5.0
0306802139	5.0
0307276902	2.0
0805069070	4.0
0805002391	4.0
1611211042	5.0
192165659X	5.0
0486419428	3.0
0317530011	5.0
0870520040	4.0
B00AFX2Q8G	5.0
0804116970	5.0
1582975795	3.0
0972831037	5.0
0861713311	5.0
1596449381	1.0
0805069089	4.0
0060976241	5.0
0887390277	4.0
0451452860	4.0
1250038820	5.0
0470116137	4.0
0307010856	5.0
0374281289	5.0
0307386775	5.0
1416561390	3.0000000000000004
0007431201	5.0
0521785766	5.0
0671774778	5.0
0385492529	5.0
014303538X	4.0
0307959759	4.0
0811213668	4.0
0060855924	5.0
0762780290	4.0
0972831002	5.0
0140268863	5.0
0241950449	5.0
0451234758	4.0
1592401821	4.0
0805069097	4.0
0756634660	5.0
1855323605	2.0
0393066533	4.0
1931082553	4.0
0544104404	4.0
0679444327	4.513986013986013
0025005731	5.0
1609803450	5.0
0982428464	3.0
0745652174	4.0
0892723645	5.0
0140184031	5.0
0756634652	5.0
0060518499	5.0
0449205878	5.0
B0091VIALA	4.0
0307887146	4.0
1565847830	5.0
0140187537	4.0
0812975995	4.0
0345024850	3.0000000000000004
0345409337	2.0
0199295514	4.0
1576835103	5.0
0195051912	5.0
1932714251	4.234203875315922
078181183X	4.0
0781808677	4.0
0393058980	5.0
0871401517	5.0
0684827573	4.0
0470127236	3.0
0805096663	5.0
1402205511	4.0
0767932412	4.0
1440229791	5.0
B0024FB01W	4.0
0061122416	3.0
038700436X	4.0
1611211484	5.0
0976373327	2.0
159853047X	4.0
1572304510	4.0
1603444246	4.0
1597972118	5.0
0691057338	4.0
0613501349	5.0
0670034401	3.0000000000000004
0394473450	5.0
B0098RBWYY	3.0
0306807858	5.0
1439192677	4.0
0385468474	5.0
0312866526	4.0
014311316X	5.0
030728364X	4.0
0312611579	3.0
0967377072	5.0
0553807501	4.0
0029197619	5.0
0151002290	4.0
0679463038	5.0
0394506685	5.0
0679412719	5.0
0761526463	1.9381443298969072
0936608064	4.0
0807059110	5.0
0002247399	1.0
0307292134	5.0
0805069054	5.0
1932714200	5.0
006123625X	5.0
1402212283	2.9999999999999996
0967377080	5.0
1118356853	5.0
0151014248	5.0
0307453669	5.0
0807834262	4.486013986013986
0029077354	5.0
159691419X	5.0
141656795X	3.0
1611211468	5.0
0312853238	5.0
0060934867	3.0
006117758X	5.0
0061177598	4.0
0674443020	5.0
0520206576	5.0
0805069062	4.0
8172763689	4.0
1602390487	5.0
0099507390	5.0
0895264528	4.0
0743470214	2.0
0805033041	2.9999999999999996
0446546925	5.0
0060838523	4.0
0143122541	4.0
0983721394	5.0
0786865296	4.0
1589808347	5.0
0099490625	4.0
0743269683	5.0
1882810317	5.0
0300110529	4.513986013986013
0312360037	5.0
1432725076	4.0
0743235444	5.0
0760338973	4.0
0679723072	5.0
0307270777	4.0
0805069488	4.0
0375411887	3.839245283018867
037570504X	4.0
0451450604	5.0
0842028765	4.0
0140264078	4.0
0415921295	5.0
0394759486	5.0
0375424199	4.0
0307267571	4.0
0801891620	4.0
030680655X	5.0
0811705951	4.0
048640966X	5.0
0380711648	1.0
0671027379	2.0
0060502932	4.0
0679762647	4.0
0399152490	1.0
031256399X	4.486013986013986
0803279418	4.0
0805069496	4.0
0547239696	4.0
0760323496	2.9999999999999996
0307456323	5.0
0099287595	4.0
0226469360	4.0
0500278873	5.0
0140280553	4.0
1402221118	4.0
0316209546	4.0
0940450380	5.0
155850026X	3.0
039306123X	5.0
0345497945	5.0
0553382403	4.0
0143034480	5.0
0060565284	2.0
0143036661	5.0
0195126394	4.0
0312069782	3.0
0553278746	5.0
0060193638	4.403722261989978
1591143160	5.0
0375407375	4.0
0399132414	4.0
0439023513	5.0
0375410538	4.0
0307275175	5.0
1594482306	4.0
1422352919	1.0
1581826230	4.0
0786888768	4.0
0609804618	5.0
1848325657	2.9999999999999996
0812969707	3.0
0761455515	5.0
0595201601	4.0
0767926145	1.0
0743290259	1.73154920212766
0374524327	3.0
0020311605	3.0
1572336102	5.0
0307887995	4.0
0451451961	5.0
1439156980	5.0
0307453278	4.0
0425091481	5.0
0505528274	3.0
0679767088	5.0
1595959025	4.0
1598530887	5.0
0912006838	5.0
0486228029	4.0
B00005VIP8	5.0
0547884605	4.0
0743224329	4.0
1465419535	5.0
0340839937	3.0
1421401908	4.0
0393301982	5.0
B004UJDDU6	3.0
1573222771	4.0
044653143X	1.0
1932714278	5.0
0441015905	3.0
B007HB9FGU	3.0
0553263684	5.0
0140168850	5.0
0394480171	5.0
0940322234	5.0
1594483655	3.2608695652173916
0807826243	5.0
0471790176	4.0
0226251438	5.0
087685191X	4.0
1907670181	4.0
0805065091	4.0
1480043214	4.0
0898866871	4.0
0393314839	5.0
0307388913	5.0
1611211069	5.0
1743217072	5.0
0062112244	4.0
0684824906	5.0
0316777129	4.0
044101285X	3.0
1583942424	4.0
0805021078	5.0
1439133891	4.0
B008UD2Y76	4.0
0304364657	4.0
0739412302	4.0
0754818519	3.0
0679728740	1.0
0374245754	4.0
0805211594	4.0
1463799268	4.0
146540841X	5.0
0316286168	5.0
B00D0IUT8C	4.0
4770030754	5.0
1565540247	2.0
0876855540	4.0
0393060349	4.0
0932633439	5.0
B0078XH8XE	4.0
0547195613	3.0
0679600728	5.0
0811708136	5.0
0805010335	5.0
0060686324	5.0
0521738067	5.0
0486297020	5.0
0061092177	5.0
006176826X	5.0
0143122134	4.0
0316053740	4.3999999999999995
0307913090	5.0
0226311945	5.0
048628512X	5.0
0393049566	4.0
1107050448	4.0
0156729156	5.0
0805242600	5.0
1888451904	4.0
0547435509	5.0
0061442933	3.0
0805070869	5.0
0060514558	1.0
1585420697	5.0
0451134699	4.0
0809016451	4.0
0618457178	5.0
0393039765	4.299363057324841
1604614781	3.0000000000000004
0306812401	3.1194170192759754
0449911977	2.0
0618057064	5.0
0240811593	5.0
0061733148	4.0
0062314254	4.0
0716020548	4.0
0226318141	5.0
0195107128	4.0
0553294385	4.0
178096319X	4.0
0375760385	5.0
0140171991	5.0
0689206518	5.0
0307275167	4.0
074146294X	4.0
0061876844	4.0
0060558121	3.374578177727784
0805069429	4.0
1573222747	3.0
1461057272	4.0
081171179X	4.0
0061575593	5.0
1411613589	2.0
0316955108	5.0
0060575913	4.0
0312119186	2.0
B00A9I007Q	2.0
0873649834	5.0
1598530909	5.0
0199254567	5.0
0745661564	3.0
0099477572	5.0
0743527992	4.0
0399146113	5.0
0486249018	5.0
0470286970	5.0
0312376413	2.0
014004020X	4.0
0817316795	3.0000000000000004
1566641756	5.0
0316018953	2.0
0385425473	5.0
0553208845	4.0
1423430948	4.0
0071591060	4.0
0486239683	5.0
0486460118	4.0
0765320347	3.0000000000000004
157174617X	4.0
0679746641	1.0
0061246506	5.0
B0077B6VDA	5.0
0375406425	4.709770114942528
0060755334	5.0
0380806436	3.0
0007124015	3.0
0140284583	4.0
0739314009	3.0000000000000004
1847481825	4.0
0811707253	5.0
0517595710	5.0
0140060286	5.0
1449309879	4.0
0691018545	5.0
0141012692	3.0
1596914653	4.0
0375414037	4.0
0765302969	3.0000000000000004
0679725733	5.0
0441013201	3.0
0873384571	5.0
1591149339	5.0
0375415351	5.0
0385412142	5.0
0199751714	5.0
0307595595	4.0
0345324412	5.0
0441013678	4.0
1439161011	4.0
0061829617	4.0
1592571050	3.0
0745647634	3.0000000000000004
080211928X	5.0
0385015836	5.0
0679764046	4.0
0700606866	5.0
0786867906	4.0
1612182437	1.0
0312278500	5.0
0793557127	5.0
1610170024	5.0
0393327787	4.0
1936099055	4.0
0312853254	5.0
1558219730	2.9999999999999996
0321501926	3.0000000000000004
0307950433	3.0
0307939650	5.0
0151015155	4.3999999999999995
0307277712	5.0
0300145187	4.0
0195147626	5.0
0962191000	4.0
0060759747	5.0
0807832065	5.0
087140379X	5.0
0803262663	4.0
0595296823	5.0
0425180840	4.0
0345419677	4.0
0553213334	5.0
023076889X	5.0
030681028X	4.0
1932714308	5.0
B007VPUV74	4.0
0061177571	4.0
0807145165	1.0
0307377423	4.0
0140179062	5.0
0375508775	4.0
0195310225	4.999999999999999
0871316021	5.0
0226320847	5.0
0393020282	5.0
0674003322	4.723424270931327
0061234575	4.0
0670025100	5.0
0385530528	4.0
0064409406	5.0
0140286764	4.0
0060936975	4.0
0762761490	3.0000000000000004
038507283X	5.0
0441014100	4.816629955947137
0394755111	5.0
0253350719	5.0
0861712846	5.0
0140431950	1.0
0060642327	4.0
0345803450	4.0
0199891958	5.0
0345534557	2.0
1400031427	5.0
0618873856	4.0
0590039105	4.0
0141039280	4.0
0312368461	5.0
1855327252	4.0
0671894455	5.0
0140868577	4.0
0253006112	5.0
1481082884	3.0
0451454669	5.0
1608881016	4.0
0446361305	2.0
0195313313	5.0
0618344195	5.0
0441006973	2.0
0060174455	5.0
037550303X	4.0
0307021416	5.0
0375503048	5.0
0061876895	5.0
0151008892	4.325141242937853
0195135210	5.0
1594486344	4.0
0028811135	4.631299734748011
0007386648	5.0
0340712279	5.0
0674990641	5.0
0756634687	4.0
0060653035	3.0
0700605967	5.0
0805076530	2.0
0451457706	5.0
0195314638	4.0
1586421581	5.0
1596986298	4.0
1929766009	5.0
1452095299	4.0
1590072871	4.0
0060611626	4.0
054529441X	4.0
1590591046	5.0
1881233871	2.0
1611211409	4.0
0312367546	4.0
0199552320	5.0
0871403773	4.0
0192837672	5.0
0316853275	4.0
0156421178	5.0
0375422498	5.0
1594161003	5.0
0061989479	4.3999999999999995
0060573775	5.0
1932033262	4.0
0140288503	4.0
0345419685	4.0
0500050678	5.0
0471246905	1.1956501956501957
0700617930	5.0
0761456031	5.0
0143101226	4.0
1451640633	5.0
1932714723	5.0
080700622X	5.0
0385528655	4.0
0226705811	4.0
0813917743	5.0
1566563364	4.0
0385028741	5.0
0547152485	4.0
0553382047	1.0
0062049763	2.0
0807832006	5.0
0700612254	5.0
0385479662	5.0
034551100X	5.0
0345419693	3.0000000000000004
0788750097	5.0
0452010055	5.0
0252062299	4.0
1936021234	3.0
0142196819	5.0
0394837029	5.0
