B00D2J4WZA	4.0
030793313X	5.0
006001203X	4.0
B003YUCRG8	5.0
078684907X	2.0
B00EUI4XTW	5.0
145161747X	4.0
0307943194	4.0
031230143X	4.0
0449000729	5.0
1400098068	4.0
158562179X	5.0
0738705209	4.0
0470416661	4.0
1451657706	2.0
0615838065	5.0
B00LF43ZWK	5.0
0345521080	5.0
8883707265	4.0
B007OC4J2M	4.0
0307395030	5.0
0395740460	5.0
1400204666	5.0
0385527632	5.0
0002007770	4.666666666666666
0743554434	4.999999999999999
1490900322	5.0
1609288440	5.0
088368442X	4.0
1571207848	4.0
0670024783	5.0
0399161481	5.0
0385022549	5.0
0307020517	5.0
1892284561	5.0
1423124952	5.0
014219672X	5.0
B00J3J5LYY	5.0
0375701427	5.0
B00D91M13G	5.0
0307352552	5.0
1463568681	3.0
B004UGNB1A	5.0
0981584330	5.0
0061374229	4.0
0439175402	5.0
0375837892	5.0
1435713214	5.0
1611099536	4.0
0743201981	5.0
0743597222	5.0
0316010790	4.0
0989086607	5.0
0312658966	5.0
0875847625	5.0
0345547381	5.0
0983706352	4.0
042524413X	5.0
1569475865	2.0
0736431209	5.0
1591430550	4.0
0062268759	5.0
0307272621	5.0
034546401X	5.0
0062094475	4.0
B00BRK21XG	3.0
0785218890	4.0
1493698486	4.0
0451465849	5.0
0553280511	5.0
B00BJTNGS4	5.0
1477403787	4.0
1479147109	5.0
0060012358	5.0
0316033782	5.0
0824806557	5.0
038536315X	5.0
0316030287	5.0
0025853503	5.0
0525952969	5.0
1933339004	5.0
0684848287	4.0
0345499395	5.0
031621082X	5.0
1601425414	5.0
0316001821	5.0
0312377061	5.0
0743266242	4.0
0375413626	5.0
B0082RSXJ8	4.0
1590770951	5.0
157322202X	4.0
0385342454	5.0
B00BGBBBB4	3.0
0143038109	4.0
1937178471	5.0
0143037145	4.0
0393311600	5.0
0310293251	5.0
0316091170	5.0
1423164075	5.0
0714848034	5.0
0143116436	1.0
1401302599	3.0
159627042X	5.0
0140501258	5.0
B007RELMWM	5.0
0307740994	4.0
1439156352	5.0
0393057518	5.0
0007195524	5.0
0316013935	5.0
0345259084	4.0
B005D7JNDA	3.0
0441008534	5.0
1481151525	5.0
0887247091	5.0
0670021644	5.0
B00HNCAPFI	5.0
0451231740	4.0
030726999X	4.0
0060837551	4.0
0099443635	4.999999999999999
078522887X	5.0
0316154970	4.0
030738246X	5.0
0515147915	3.0
0062272152	5.0
0451418433	5.0
0192839136	5.0
0060984384	5.0
0988846985	4.0
0060740450	5.0
0399221808	5.0
1442367547	5.0
1608199371	5.0
1935507834	5.0
0375830995	1.0
0849922070	5.0
0061059072	5.0
B003IEJZYM	4.0
0307943232	4.705840832892183
140007021X	5.0
1414301278	5.0
0446363251	5.0
0978607651	5.0
0451159217	5.0
061568176X	5.0
1414337205	3.0
0451159330	5.0
1602600155	5.0
B00IA6ZTIO	5.0
0007367759	4.0
0307269868	5.0
0310736420	5.0
1423115740	5.0
4774307106	5.0
0060954884	4.0
0316199869	5.0
0061056928	5.0
1581808836	4.0
0307587827	4.0
B006KYQ1WQ	5.0
0978501470	4.0
0984302484	4.0
B00ENUDPBE	4.0
0738711144	1.0
1594145148	5.0
1440310351	5.0
147674355X	5.0
0307266583	5.0
B009GCF3LY	5.0
0688158196	5.0
1453811850	5.0
1576839303	5.0
0439023513	5.0
0751550213	3.4999999999999996
0316154741	5.0
006220422X	5.0
1466368594	5.0
0812968972	4.0
0316210684	5.0
0060838728	5.0
0714531146	5.0
1461057140	5.0
0822218275	3.0
0345485920	5.0
006105366X	5.0
0811854981	5.0
0374105235	5.0
0486451224	5.0
0842328092	5.0
0446579939	4.0
0385336403	5.0
0718178122	4.0
156858055X	5.0
0425173550	4.0
014242059X	5.0
039592720X	5.0
0978606639	5.0
0345484827	5.0
0143038419	1.0
0375702938	5.0
068485466X	5.0
1497581265	5.0
0316222534	5.0
0684844729	5.0
0312571429	5.0
0140107479	5.0
0691050546	5.0
0810984903	4.0
0226743403	2.0
0312282990	4.0
0060532467	5.0
1442362383	4.0
1620073633	5.0
0764568779	5.0
1906173419	5.0
0099911701	5.0
019953750X	5.0
083081258X	4.0
0821774182	5.0
0374281807	5.0
047018549X	5.0
0689849249	5.0
0307750833	4.0
1598630199	5.0
0399156526	5.0
0399146725	5.0
1479270172	5.0
0312420366	4.0
092958726X	5.0
0310435641	5.0
0545323126	5.0
0987650408	5.0
0312152337	5.0
1402279450	5.0
0099450259	5.0
B006G3L220	4.0
0312492545	5.0
1416985808	5.0
0345454944	5.0
0615801587	5.0
1494951738	5.0
0345538196	5.0
0316030872	5.0
1940215005	5.0
1586487930	5.0
0452298016	5.0
0142428469	4.0
0802487017	5.0
0451202473	4.0
1934770825	5.0
0867905018	4.0
0061997161	5.0
0143170104	5.0
0801885469	5.0
0061097861	5.0
0307886751	5.0
074356619X	3.0
B0082RBUBQ	5.0
0399150927	5.0
0578050242	4.0
0316098329	2.3333333333333335
0062077562	2.0
B000FA5PV4	5.0
0151008116	5.0
0060594667	5.0
0545044251	5.0
0822217120	5.0
0143121162	4.0
0807101508	5.0
0345497422	5.0
0312308892	4.0
031237657X	5.0
1470030675	4.0
1426714211	4.0
1576734161	3.0
0880790792	4.0
B009AHT1HC	5.0
0679770798	4.0
0684871726	5.0
072071351X	5.0
0615150748	5.0
0679735879	2.0
0312262515	3.0
0758222572	5.0
0307279936	5.0
0739452495	5.0
0345505336	4.0
1589600630	5.0
0615419178	5.0
1414319703	5.0
1480290319	5.0
B00CIGXTAM	5.0
0316211125	5.0
0743250346	5.0
0880793759	5.0
0316168718	4.0
080707070X	4.0
0989197506	5.0
0446362921	5.0
1440196249	5.0
0451163834	5.0
0615487076	5.0
0142428280	5.0
0425257924	5.0
B005WZZRWY	5.0
1780992831	5.0
1416563814	4.0
0060698640	5.0
0156029588	4.0
0143124870	5.0
1455505242	5.0
1940215269	5.0
1890208167	4.0
1594485682	5.0
0835898431	5.0
0340750693	4.0
0061941026	5.0
0857521012	4.0
1936214962	5.0
0375701907	5.0
0671025708	5.0
0375866272	5.0
0345450698	5.0
0307932885	4.0
0307744434	3.0
0307272095	4.0
0738702994	4.0
0140433880	4.0
1940215277	5.0
0452295297	5.0
0385732805	5.0
0553213164	5.0
0763643416	5.0
0140177388	4.0
0425183092	1.0
0316211176	5.0
0307378403	5.0
0399159347	4.0
B00JAPUBSC	5.0
B0055ECOUA	5.0
B00D5D2ECQ	5.0
0440228654	5.0
0060652381	5.0
156148458X	5.0
1400152984	5.0
0505526964	5.0
1400206464	5.0
156148640X	5.0
1439194017	5.0
0143034901	5.0
0375758232	4.0
159995687X	5.0
0671040839	5.0
0553269224	5.0
0061713015	5.0
0989464105	5.0
031604461X	5.0
0307278824	5.0
0945708025	5.0
0989786803	5.0
1439197741	5.0
0812973739	5.0
0393045218	5.0
1433502399	5.0
B00DV0XJ4A	5.0
0062268414	4.0
1582431167	5.0
0141039280	2.4921229155841087
0880913770	5.0
1469241943	5.0
0345409973	5.0
0307263991	4.0
0451226992	5.0
1936127776	5.0
0439023483	5.0
0486294501	5.0
0226817415	5.0
0385516401	5.0
0007386648	5.0
0451232240	1.0
0060540753	4.0
0316152196	5.0
1451626207	2.0
1563635127	5.0
0312252323	5.0
1599953226	5.0
1576832406	5.0
1466284846	4.0
0312275420	4.0
0739334670	4.0
0312370830	4.0
B00F2L9HF6	3.0
1423169816	5.0
0380709937	5.0
0553269216	5.0
0778326438	2.5
0824956478	5.0
1414311613	5.0
0316074314	5.0
0961830905	5.0
B004DI7JNG	5.0
0399159010	5.0
0758611218	5.0
045123684X	5.0
0060597615	5.0
1497408857	5.0
0375831002	5.0
1414364458	5.0
1577319427	5.0
0060098902	1.0
0985621214	4.0
0980025087	5.0
0345803493	5.0
B0059V6RZC	4.0
1933495057	5.0
034542705X	2.0
0738711500	3.0
