1475218117	5.0
B00GXV16H6	5.0
1493599917	5.0
B00GIVDDHW	4.0
147513701X	3.0
0778315576	5.0
B00EXBLWFE	5.0
1477514120	5.0
098269671X	5.0
0374532281	4.0
0764211714	3.0
B0052G2YQ0	4.0
0062198890	4.0
1941198910	5.0
1484956478	5.0
1449419658	4.0
B00872VBNS	5.0
B001V5JCTI	2.0
1440454299	4.0
0739448641	3.0
1449509215	4.0
0803496192	5.0
1466373172	4.0
B00GKI681G	5.0
B00BS442S8	5.0
1620151405	2.0
B007LQ828I	5.0
1477633960	1.0
1470187728	4.0
B008VFI5D0	5.0
0385736800	2.0
1416573011	1.0
0002007770	4.0
B003VRZR98	5.0
1452543321	5.0
0312551266	4.0
0843943068	5.0
0985009659	5.0
149364372X	5.0
0446576085	4.0
B00BEWB71O	5.0
B0066QAR0K	5.0
1468170546	1.0
B00GH0QOE8	5.0
1402261578	5.0
1492341851	4.0
1416563687	4.0
B0058OJ8AG	4.0
B00FAFKS70	5.0
0439136350	4.0
B00AIAR4UG	5.0
0988238594	5.0
0515115266	4.0
0062276026	3.0
1401684947	4.0
0785147004	5.0
0743281640	3.0
0983552746	5.0
1250039819	3.0
B00CH53QJ8	5.0
0060509422	4.0
147508661X	3.0
B00879JP0C	4.0
055327094X	5.0
143920991X	5.0
0991461606	5.0
1405482850	5.0
B0092FVLYS	5.0
0263899403	2.5
1494954133	2.0
0345294068	5.0
0812535073	3.0
B00DBEWQ5Y	4.0
B00B1MGPAK	4.0
B009K51W0I	5.0
1477694919	3.0
1455525839	4.0
0741478862	4.0
B004H8GUXC	2.0
1461079853	1.0
0025853503	5.0
0743223756	3.0
0143038389	5.0
067102082X	4.0
1492312460	5.0
1558504184	5.0
B0085W8S68	5.0
0989930459	4.0
0989243311	4.0
B004TNI8BM	5.0
B005307LMW	4.0
0778327140	5.0
B00AMJB2PQ	4.0
B004O0U7QY	3.0
0985583983	4.0
B00H0LKQPG	5.0
B00CSEIGQG	5.0
B004K6MMCY	2.0
1908192550	5.0
1442369183	5.0
1416534288	5.0
0316734942	4.0
0307406105	5.0
1491049669	5.0
B00C3OHEGE	4.0
1490416110	4.0
1886864047	4.0
B007DJK8G2	3.0
147672721X	4.0
B004IEAESW	2.0
006113452X	4.0
1414333218	5.0
0615703585	4.0
1250007372	3.0
0898798752	5.0
B005VTK20S	5.0
0399142533	5.0
0316734950	4.0
B00DDWIT14	5.0
0425154556	5.0
1499619073	5.0
1461051916	5.0
0071628088	5.0
1405913789	2.0
B00AW5I94W	4.0
1456484249	5.0
B00G1YSPZ6	5.0
1611940524	4.0
0615742327	5.0
0316014559	4.0
0786022183	4.0
0671028375	4.0
B00GK7Z5KW	4.0
0615995780	5.0
1463711042	5.0
0312591330	3.0
0399156747	4.0
0061544450	3.0
0380809060	5.0
B00C3G05IQ	5.0
B00DBP6Q68	5.0
B00DBGDR6E	5.0
1401938906	5.0
0985723505	4.0
1250045630	5.0
1611940516	5.0
0099465558	4.0
0956642241	5.0
1461057205	4.5
B009YHLQ5S	5.0
B006HKTCV0	5.0
0425244598	4.0
0988564319	4.5
0553584162	4.0
0316153990	4.0
023070932X	4.0
B005HG69O8	5.0
0393082075	4.0
0385335881	5.0
B008HIS978	4.0
B005DFEFDU	2.0
0761452389	5.0
1611940508	5.0
0312383282	3.0
1463550626	3.0
1463730276	5.0
0983952450	4.0
B00B4JYLT2	5.0
149210969X	5.0
1933515252	4.6
0151012784	5.0
1468104624	5.0
1414336365	5.0
B005ISCTW6	4.0
0615451306	5.0
B00DMJTXNQ	5.0
0553591703	5.0
B00F6K2OGW	5.0
1481985485	2.0
0345530756	1.0
B00CF1OIKK	4.0
B004CRTFVM	5.0
B00K36WKAO	3.0
0312967373	5.0
B008J72TQ4	4.0
B008600RF4	4.0
B0050PJZLK	5.0
B009YSR8D6	5.0
0758290829	5.0
0988847647	5.0
0312594410	4.0
1602601429	5.0
B00D0S50U4	4.0
1402214758	2.0
1419667394	4.0
0312353812	3.5
1495379957	5.0
0759286132	5.0
1741165717	3.0
1414327854	4.0
B005DSA1T4	3.0
1492236276	5.0
B0095JXIR4	5.0
1466208317	4.0
B009LR0WNI	5.0
B006FKBCOM	3.0
B00DRERB3K	5.0
0446532436	4.0
B00KL1KEUY	5.0
1461014522	5.0
0553591711	4.0
0007205236	4.0
0983976406	5.0
0758206267	4.0
0446579939	4.0
0312381034	3.0
0982465505	3.0
0425149145	4.0
0981608736	3.0
147748681X	4.0
1492787701	5.0
0061137634	5.0
1414380461	5.0
1594146411	5.0
B00856387I	5.0
0446615781	3.5
0981608728	3.0
0786015039	4.0
B009PFKYR0	4.0
0062018027	4.0
1477805907	5.0
1460991761	5.0
B00C2HFFC2	3.0
B00D0SZ4M8	5.0
0759681058	5.0
1475182899	5.0
1931468265	5.0
0965735354	5.0
0671023934	4.0
146812689X	1.0
1590588231	5.0
0312353839	3.0
1481931628	5.0
0983952493	5.0
0142421375	5.0
0985583908	4.0
B0053KJQVQ	5.0
1440565651	1.0
B004QTOPXE	1.0
0062011847	3.0
B00AOG8I3Q	5.0
1926997727	4.0
1611940931	3.0
1464201617	2.0
B00GW9F31Y	5.0
B00GSZUMY0	3.0
0061999709	5.0
B007ZHCCL6	5.0
1482063492	3.0
0985081821	5.0
0615213073	5.0
B00DDT0SWU	5.0
0446535931	4.0
0312269536	4.0
1453838031	5.0
0486419533	5.0
0312617151	4.0
0743201140	5.0
0307277674	5.0
0316155306	4.0
0316018872	3.0
1494354888	5.0
1595231072	5.0
0575081384	2.0
B0091YHBNA	5.0
B00GYKQY5K	4.0
0312982011	4.0
B00BF33E72	5.0
1936558300	4.0
1406913596	5.0
0061992704	3.0
1480167983	1.0
0373250304	2.0
0446618462	4.0
014200202X	4.5
B00IVP9ZVG	5.0
0142002038	3.0
0979190908	5.0
0373777795	5.0
061529832X	5.0
1480229199	5.0
B00BQZ0RF6	5.0
1564596745	2.0
1414383096	5.0
1484947185	5.0
B008JGCBXG	3.0
1482713551	4.0
0613667662	5.0
B00AG3ASF8	5.0
0061957933	5.0
1477809511	4.0
0312982003	5.0
0688143202	5.0
B0038YWLAC	4.0
1935597248	5.0
B009BQN3MQ	5.0
B00CGQ7IKQ	5.0
0821762273	2.0
0446618454	5.0
1453721096	5.0
1590588126	4.0
1460974425	5.0
1479360899	5.0
0373777787	5.0
0060765240	3.0
B00J1WTSE2	5.0
1402245831	4.0
0312140940	4.0
B00CR4I522	3.0
0142002062	3.0
B006Q68W7U	5.0
B005U59JQ6	5.0
0312364121	5.0
0140390839	5.0
0984502203	4.0
0060584750	3.5
B005Z53TA8	5.0
0062018558	5.0
0312998813	4.0
0374515360	2.0
1599953889	4.0
0316018864	4.0
0345531566	5.0
0743270193	2.0
B005M780C6	4.0
0811734781	4.0
0142002054	3.0
0578109786	4.0
B008216QI4	5.0
1620610078	5.0
B00JJ8NWOU	5.0
0316231053	3.0
B00BHOYDRE	5.0
B00I80THMG	4.0
B004UWPFM2	4.0
188694024X	5.0
1613181280	4.0
1561706515	3.0
0786011890	4.0
0982711514	3.0
B00BBFP0DU	5.0
0316039772	5.0
1938749030	4.0
1469926903	4.0
1494414961	5.0
006075981X	5.0
1490410392	3.0
1479258814	5.0
0142002070	2.0
1492192112	5.0
0373285442	4.0
1449970915	5.0
1578151317	1.0
0373837623	4.0
B005QQ8FEG	3.0
B007XXQZSI	4.0
B00C0CLCXU	3.0
0373247575	1.0
1938499573	3.0
0741457032	2.0
0062099477	4.0
0061668214	3.0
142010473X	4.0
0956889808	4.5
1600853927	5.0
B004M8S698	5.0
1937668908	4.0
1493569724	5.0
0992133106	5.0
1461131332	5.0
095651703X	5.0
1482710455	4.0
B001QFYICO	5.0
0393072223	4.0
0983449201	5.0
0984951881	3.0
0385526180	4.0
B00D1WW70K	5.0
0349122237	5.0
B005HF2V6E	5.0
B005R410T4	3.0
1601543271	2.0
B008ZG9KMA	5.0
148023365X	5.0
0451216407	4.0
B00F02PCKQ	5.0
0385737386	4.0
031257357X	5.0
1477417370	5.0
0373510101	3.0
1499732376	4.0
0307717097	4.0
0740797573	4.0
1440533563	2.0
B003X4M82I	2.0
0778300927	4.0
0316039748	4.0
098499324X	5.0
B004EYT9CS	5.0
1420104721	3.0
1609080564	4.0
0802407242	5.0
B004VF67ZC	5.0
1606523600	5.0
B00DJK31TK	1.0
0984765506	5.0
0312941919	4.0
0778324435	4.0
193236160X	4.0
B00COWLB8W	5.0
0843957735	5.0
0615609570	3.0
B00BIB6QZI	5.0
B00BEOZCJU	4.0
0982144377	3.0
1460949048	5.0
B009VNG84Y	5.0
1611099056	5.0
B0084AMSKI	5.0
B00ATGER86	5.0
0061373311	4.0
B007L4XT6U	5.0
0615819826	5.0
0143143131	4.0
1933918438	5.0
B004TRF4O2	5.0
0062091565	4.0
1456387103	5.0
0316154059	4.0
B00BQMKC5O	3.0
0393068579	5.0
0983924422	2.0
0385340788	3.0
B00DZ3EGDG	5.0
0373892810	5.0
B005EDQG1K	5.0
0375713476	3.0
B00HYDSHG0	5.0
B00HIBIAS8	5.0
0380806355	4.0
0985494409	5.0
1492149373	4.0
1477817522	5.0
0373190662	5.0
0062336592	5.0
1451648286	4.5
0786014547	4.0
190860350X	3.0
0399163832	3.0
1934848328	2.0
0988613700	5.0
B000JMLBHU	5.0
0312950489	5.0
B00C2YEI8W	5.0
070908806X	4.0
1483931218	5.0
B006S5WWAM	1.0
B00CP8V1Y4	5.0
0310339820	5.0
0670922013	5.0
144235948X	1.0
1560976705	5.0
0425255700	5.0
B00A7DDSEK	5.0
0141439769	5.0
1413495400	5.0
1927085926	5.0
B007V9GNY0	5.0
0375713484	3.0
0316154075	3.0
1449589790	2.0
B007BEDUV4	4.0
0345532031	4.0
125000960X	5.0
1466427507	4.0
B00AA0MHUG	4.0
B00BIUSW4C	5.0
1622660331	5.0
0307718387	3.0
0805079971	5.0
0387026207	5.0
1477849114	5.0
B005SUBYYI	5.0
B008FWBWRU	3.0
0615673228	2.0
B0065DAPCE	5.0
0061727660	3.0
0449909379	4.0
B000PDZG6K	5.0
1250035058	3.0
0380704420	4.0
0316154067	2.0
0312360614	4.5
B00BQ34MOK	5.0
B00A3UBR3G	5.0
B00H9Z3B6O	5.0
B006WB4W2I	5.0
0984951822	3.0
0835607313	5.0
B00DQH0GW6	5.0
1492895202	5.0
0743470095	4.0
000741949X	2.0
0306810123	2.0
0440236355	2.0
1476725888	5.0
1419952196	1.0
0451410351	4.0
B00E63ML0O	5.0
0345505735	1.0
0989050882	4.0
1463742703	3.0
B00B7MWOEU	5.0
0985144742	3.0
1470180642	5.0
161203103X	5.0
1481044060	5.0
0615432662	4.0
0307264785	3.0
1484050738	5.0
0983797706	5.0
B005GXN8CS	2.0
006065337X	5.0
1451657196	5.0
0857520792	5.0
148236168X	5.0
0778314227	5.0
B00BFLJWBG	5.0
0345533399	4.0
0345496361	4.0
1611940028	4.0
1477807306	5.0
0385340796	4.0
B00CK0A4YU	5.0
0061714305	4.0
1482305356	5.0
B00FN2ICIM	5.0
0060852577	5.0
1470168529	4.0
B007EQTV3K	5.0
1494987554	5.0
B005S0V67I	3.5
B004FPZ6PK	5.0
1420131478	4.0
0375831002	5.0
1616264403	4.0
B00A3E925M	2.0
B00BFJY4IE	5.0
B009DVIVWG	4.0
0843957700	4.0
0739450107	3.0
B004HD5VOQ	4.0
1611098157	5.0
1578518520	3.0
0385343833	3.0
B0042P5ES2	5.0
1432739913	5.0
1599986353	4.0
B005Z1CF2A	5.0
0982979150	4.0
1937530191	5.0
B0052G9M4C	3.0
1402241429	3.0
1477817581	4.0
0811706222	5.0
B00DIL4M5W	2.0
B005WQ0H7I	5.0
B00G98B1ZU	5.0
0131983334	4.0
B009V5YRN6	5.0
0373792263	5.0
1571742476	5.0
1455512672	5.0
1496000226	5.0
B00ALYQPRM	5.0
1484141032	4.0
B00CIOFODY	3.0
0800730801	5.0
0762413174	5.0
1455878588	5.0
0307943194	3.0
B00BECCSR6	3.0
0345535243	3.0
B00AP6YRFS	4.0
1463743831	5.0
1414335571	4.0
1475095651	5.0
B006PV82DU	4.0
B00FDUMTRE	5.0
0140275363	5.0
1426733887	4.0
1482741563	5.0
B00CATSONE	5.0
1619261499	5.0
0988770504	4.0
1492327875	5.0
0440129613	3.0
1481073311	5.0
0971369496	3.0
1479213136	3.0
0060567643	5.0
1475057385	1.0
0615569617	5.0
B00IFEMVHI	5.0
0811732908	5.0
0312569912	3.0
0345377648	5.0
B00586QMDK	4.0
B00KJUYBAQ	5.0
0984587136	4.0
1476707723	5.0
1480215686	2.0
1463783043	5.0
0553588249	5.0
0385340230	4.0
1469987325	5.0
0764205137	3.0
B009P87Y66	5.0
0451235843	5.0
1481201921	5.0
0757303234	5.0
0987671782	5.0
1612186610	5.0
B0090P1MIU	4.0
1496128672	5.0
1463610068	5.0
0778326128	5.0
B00963VRWC	5.0
0982842694	2.0
B00IO4BZP8	5.0
0547953569	4.0
1463576048	5.0
0989008800	5.0
1611098114	4.0
1480083909	5.0
006056542X	4.0
0425176088	5.0
0778315487	5.0
1927461715	5.0
147523144X	4.0
B00DP9XFD2	1.0
0763652601	1.0
1461147328	2.0
0758290306	2.0
006088732X	3.0
B00CBN1ZXA	5.0
B007PCRT0U	5.0
1490341684	5.0
B00G2GMRCU	5.0
1908147202	4.0
1449580408	5.0
B00EN4IYC0	5.0
0330444085	4.0
0758238126	4.0
1565129180	3.0
B008MVQWAG	1.0
0553589113	3.0
1449408451	4.0
1466459808	1.0
0977147460	1.0
B00A5MREAM	5.0
B005FMK7P6	5.0
0307477401	2.0
B000W915JE	4.0
1477597212	3.0
1482664410	4.0
0312561164	5.0
0440917409	3.0
0312542402	4.0
1479224251	3.0
B005C53YME	3.0
0786013141	3.0
B00CNWSP46	3.0
B0054DG3QI	4.5
0451222962	4.5
B003AOA4IQ	5.0
B007907GSI	4.0
0963897276	5.0
1423157311	5.0
0316032212	5.0
B00BMTWXN0	5.0
B007TKATSM	5.0
0981024114	5.0
1479287423	5.0
007148664X	4.0
0425155781	3.0
B00HBQUDKS	3.0
0312542410	3.0
1451698186	3.0
1447207823	5.0
0316159778	3.0
0061438294	5.0
0399157905	5.0
B00892BFEQ	5.0
158348549X	5.0
075828750X	5.0
B00EV7PG2K	5.0
1608090264	3.0
006180813X	4.0
0446547638	3.0
0758241313	5.0
1475125186	4.0
B005227DVU	3.0
1595540547	5.0
0307914208	3.0
B00EHMG35I	5.0
1596060697	5.0
B006WCM0FI	4.0
1402789572	5.0
1935970186	5.0
B006NA177Q	5.0
1475220383	5.0
030795868X	5.0
1468110152	5.0
0615620388	5.0
1440434301	5.0
B00H3TB0L4	5.0
1477638245	2.0
0977147436	5.0
006197806X	5.0
B004JU0J4E	5.0
0451218027	4.0
0786019328	4.0
1451587899	1.0
B00JQLC67Y	5.0
0978026764	3.0
0982874200	5.0
B007Z4RGWY	5.0
1492195049	4.0
1478167769	5.0
1416544623	4.0
B00537STB2	5.0
0983446970	5.0
1492749753	5.0
B00E5R8CWM	5.0
1468154168	3.0
0765345099	4.0
B007W4NUX6	5.0
0061080780	3.0
1432744429	1.0
1250034604	4.0
B0070JCCAA	3.0
0985241306	4.0
B00I1OJCXS	5.0
B007ZXPBT0	5.0
0553255886	5.0
B007V98EDS	5.0
B007YMPWT6	4.0
0764201638	3.0
B00BK8G1MW	3.0
0143036424	5.0
1481872435	3.0
B00GYTJXHM	5.0
1440539456	2.0
1480054542	3.5
030726999X	4.0
1594744769	4.0
1902593863	5.0
0739431234	4.0
1470196735	5.0
1577314131	3.0
0061128856	4.0
0132350092	5.0
B00DZFAHFA	5.0
0984755365	5.0
1449568394	5.0
B00B7CTQ9Q	5.0
0345384369	5.0
1611940877	4.0
0440122147	4.0
B00IKZ7U4G	4.0
B00EFALJCE	5.0
1481952439	1.0
1439129177	4.0
0830823794	1.0
097718661X	5.0
0312348126	3.0
B00CWGU8KM	5.0
1402789580	5.0
1935597760	2.6666666666666665
B004V49BLU	3.0
1613820259	5.0
0553560727	4.0
0451458346	4.0
0989483304	3.0
B00B771090	5.0
0821714902	5.0
1475287437	5.0
B00KEYAB74	4.0
B009NVA9IK	5.0
B004AYDJM8	4.0
B0074FJDQQ	5.0
0345530888	4.0
1482320347	1.0
0787967076	4.0
0609807900	5.0
146995575X	4.5
0345541537	4.0
1600583067	5.0
B00DF7U5EQ	3.0
1406332933	4.0
0671775472	4.0
1931882754	4.0
0141441038	5.0
1461123941	5.0
B008369N06	5.0
1466451033	5.0
B00B0JG6J4	5.0
0811732088	5.0
1605040878	3.0
1426731604	3.0
B008OZEWTS	3.0
1935711067	4.0
1484834518	5.0
1484146360	1.0
098156271X	3.0
148400518X	5.0
B002RKSZJO	5.0
B00BPWNMD4	3.0
0857050729	5.0
159562015X	5.0
0615854478	4.0
1492973785	4.0
B00AU83202	5.0
B0060738W4	4.0
0739480685	5.0
0983651795	2.0
0316127310	4.0
B00GR9SMXU	5.0
0988390000	3.0
B005UPRR88	5.0
B00DULERAK	5.0
0615481035	1.0
1469283174	4.0
1600476902	5.0
B00I8MFVZ6	5.0
0143058266	2.0
0395353009	5.0
B008H4W11W	5.0
1450526462	5.0
080652412X	4.0
0312955006	5.0
B00ACLQXXA	3.0
0380780410	4.0
B00CCKMZEA	5.0
B00HKJSHR2	5.0
1449591132	5.0
0985066342	5.0
1434702065	5.0
145164342X	3.0
1469298651	5.0
0843959339	4.0
1481915029	5.0
B00HVS4ZBE	5.0
0385296479	5.0
0811877809	4.0
033045255X	3.0
0330419668	5.0
B00BBL27GM	4.0
0061741361	5.0
1475271093	5.0
0615732615	4.0
1489504168	3.0
0811702677	5.0
1590589440	1.0
0385742576	4.0
B00DRNCDHK	5.0
0983201609	5.0
1491039248	4.0
1494969114	4.0
0446578746	2.0
0505528053	3.0
0985022302	3.0
0553251473	3.0
0345531760	2.0
B0073XXP4U	4.5
0385532458	5.0
1402220065	3.0
0966830415	5.0
146636064X	1.0
B0058KTJMC	5.0
1479270172	4.0
B00C7H21WO	5.0
0547985576	4.0
031605755X	5.0
161194080X	4.0
1492282480	5.0
1402280556	5.0
B00A4157CQ	5.0
0007442920	3.0
1600854036	5.0
0743453069	2.0
0989122034	5.0
0230707696	5.0
0446528056	4.0
B0095F24H8	5.0
0451232704	3.0
1458200663	3.0
0307717801	3.0
1623152321	4.0
0803476027	5.0
B00IYIBMAW	5.0
0758287100	3.0
1481122363	5.0
0743298853	4.0
1455876712	4.0
149232079X	5.0
161218703X	5.0
0345545834	3.0
B00507U35K	5.0
0310278716	4.0
B00DYF2KY2	5.0
0984492771	2.0
B002S527E2	3.0
0764205609	4.0
B006ITXEVO	3.0
0778314936	5.0
146629471X	4.0
B00G4CEY46	4.0
0385302312	3.0
0811733793	5.0
1402280971	5.0
B00AECHQBK	5.0
B00BCVJ2NW	5.0
B0083Z40N2	5.0
0806504153	5.0
0986842257	5.0
B00AWPJ2RU	4.0
B00BJW6AIE	2.0
1420125788	2.0
0451417054	4.0
B00I6ZXO9U	5.0
B007133JY8	5.0
0312170238	5.0
1934861855	5.0
148020725X	5.0
0800733851	4.0
1937918785	5.0
0312595689	4.0
0486471411	3.0
0312970129	5.0
0988198002	4.0
B00AGKUBPS	4.0
0982719361	3.0
042518109X	2.0
1461085543	3.0
B00BNQFZTQ	5.0
1565129512	5.0
0743445880	5.0
1600854087	5.0
087108788X	5.0
B0088JOJ7A	4.0
0312541902	3.0
1479294608	5.0
1469215950	4.0
149218487X	5.0
1941149081	5.0
1938383362	5.0
0785227628	2.0
0312537409	5.0
B007Q4DC4O	5.0
1451531346	5.0
1452893209	4.0
143919503X	4.0
0615490034	4.0
0061042943	4.0
B00G9H2FMO	4.0
0843961236	4.0
1471721159	5.0
1482747634	3.0
B00CYP6YCC	3.0
B00HFUOZ5Y	1.0
B00A0Q1IZ0	5.0
193888714X	4.0
0062065114	5.0
B00FUAC468	5.0
B00IZPYPB2	5.0
B006J96BKY	1.0
B00CEKJGI6	5.0
0804136823	3.0
0843953608	2.0
184728924X	4.0
034538430X	4.0
B00BX2SPJM	5.0
B005MZ8SE8	5.0
B00BTIDOO6	4.0
B00H1B6ADC	5.0
B00D66EL0A	4.0
B004LP3AFM	5.0
B00C6QQBZO	5.0
B00E6H5X3W	4.0
1466492066	3.0
B00HX471PS	5.0
B00B4LC3YU	5.0
0778327809	4.0
0312574770	4.0
0230769152	4.0
B007HU7NXS	4.0
B005IL1XB6	5.0
146816211X	5.0
0446359637	5.0
067176991X	3.0
1479299081	5.0
B00AWF9ICO	5.0
0553275852	2.0
1461085977	4.0
0345545869	3.0
1470157578	5.0
1493671898	5.0
1402244428	3.0
0451184653	3.0
1477506594	3.0
0142003077	4.0
0982113579	5.0
1482083582	5.0
1480297186	4.0
B004OYTDNS	1.0
1939065062	5.0
1933715898	5.0
0385347235	3.0
0375423508	5.0
0802714277	4.0
B0079OSS2M	4.0
B008M2E6W6	5.0
1481928864	4.0
1448614627	5.0
0983887977	5.0
B005W7TUQQ	5.0
0451418336	5.0
B0091XMTYM	3.0
0312604254	2.0
0975326848	5.0
0434021636	2.0
0671025708	5.0
1469962993	5.0
B007XY2SGA	5.0
1489512292	4.0
0989381900	2.0
0060817089	5.0
0316027650	3.0
0811845052	5.0
B007B50JEE	4.0
B00D8EQQCG	5.0
1470077892	4.5
B003XYFN5M	5.0
1475199376	2.0
1476730067	4.0
1937771970	4.0
0983887985	4.0
1939000114	5.0
1494208075	5.0
0670026255	3.0
0671684558	5.0
0373777825	5.0
B00FE5MEWI	5.0
B00AMAZ7MO	5.0
042518191X	3.0
0345544110	5.0
1466399732	2.0
0987671723	5.0
B005RBZS6I	4.0
1411672933	4.0
0440175461	4.0
B007NZWK0S	5.0
1582403589	5.0
1627280049	4.0
0758215568	5.0
1468191985	5.0
1482347490	5.0
1491065117	4.0
0615442374	3.5
1477808701	4.5
098863340X	5.0
B006ES4IIC	3.0
0812519507	4.0
0316216852	2.0
B006HT0TJ0	4.0
1937041034	3.0
0952578565	5.0
B00EXV57LO	4.0
1601630263	1.0
0316010405	3.0
1433679736	5.0
0307976815	5.0
0373002076	4.0
1582434646	3.0
0753185709	3.0
B0084MZWPO	4.0
B00HP45EAU	5.0
B00AFEOBZ6	5.0
0615399096	3.0
0060564652	5.0
1622410955	5.0
0446547573	4.0
0316097519	4.0
0800733452	2.0
0061241091	4.5
1939564085	5.0
1569800839	4.0
B00F7CJKAC	5.0
1456374133	1.0
B00CO9R68O	4.0
B00DK7EGCI	5.0
B009N3YRE0	4.0
0307408841	5.0
1461004152	3.0
0983492743	5.0
0618685375	5.0
1908603607	5.0
B00HI3MSV6	5.0
B00BB3KD0W	5.0
042513301X	4.5
031604461X	2.0
B008EMMQN0	4.0
B00515UZI6	1.0
148497512X	4.0
0061147931	4.0
0615658199	5.0
1935961144	4.0
0985538546	5.0
1453786783	5.0
0061241083	4.0
B00COQF5XK	5.0
0933346948	5.0
0061582026	5.0
1480034142	3.0
1463600682	4.0
1594746125	4.0
0802120075	3.0
B00FJNQMUU	5.0
0968325629	5.0
0857682857	4.0
B004E10W0E	5.0
1455507210	4.0
1479267015	5.0
B003AOA86E	5.0
1467938815	3.0
B008MFVH9S	4.0
0312360738	5.0
B00IFWMG4I	5.0
B00DNL5VDE	5.0
B00AT5Y188	5.0
0615651593	4.0
B00BEJP1RS	5.0
B007WPD5SU	5.0
1603818405	3.0
142214660X	4.0
0892968982	4.0
1594483086	5.0
B009WTRGYS	5.0
0312536925	4.0
1936881020	5.0
B004PYDCSO	3.0
1495213811	5.0
B004UC6H7O	5.0
B008QTQ7L8	4.0
B006P7M9HE	2.0
B003FK5QAG	4.0
B0093FPMVU	5.0
1250030730	4.0
1250027144	5.0
B00KGGJ0CW	5.0
B0073GWTR6	5.0
1434767434	5.0
0446572985	2.0
1477818529	5.0
0857682873	5.0
B009YLKRAO	3.0
1418467677	4.0
0312536933	4.0
0786014865	5.0
0758293437	5.0
1479143707	5.0
1479174467	5.0
B00HLWOVD2	4.0
098409346X	2.0
B009WR2BFO	5.0
B007K8VKRC	5.0
1482320827	5.0
0425266915	5.0
0989167712	5.0
0451214994	4.0
0553806491	5.0
B003Z0D2HK	5.0
0451163311	4.0
0375433392	3.0
1937856062	5.0
1934733210	5.0
1470164299	3.0
156148699X	3.0
1612184871	5.0
0307704076	3.0
080410929X	4.0
1881316882	1.0
097193097X	5.0
1482093308	5.0
1470065843	4.0
1475209193	5.0
1470098725	4.0
0312577427	4.5
061568534X	5.0
0446606383	4.0
0345536533	3.0
1449356435	5.0
1479209139	5.0
B00AQ3L32A	5.0
0985199792	4.0
B00A2XANLQ	5.0
1478209151	5.0
0880924691	4.0
1463702191	5.0
031286504X	5.0
0060885599	4.0
1451691173	5.0
B00B0A5XW4	5.0
1479341851	2.0
B00GMWKBUE	5.0
0988656701	5.0
022613251X	1.0
0843958308	1.0
1937844897	1.0
0739469339	2.0
1482066300	3.0
0380788683	4.0
0967002745	5.0
B00EIS9XIA	5.0
1490519297	4.0
1466285567	2.0
0743289331	1.0
097362261X	5.0
1444727338	4.0
B009HXHJQ4	4.0
0989163377	5.0
B0097L9BEO	5.0
B005KYIZ76	5.0
0375708278	3.0
0843959622	4.0
098303124X	4.0
B0081HNT7U	5.0
0316069434	5.0
1451689764	3.0
B00CJGUHR4	1.0
1905834934	3.0
B005KN6VXM	3.0
1600853692	5.0
1591395771	3.0
B009MGWZBU	5.0
0615345077	5.0
0764208322	5.0
1478705760	3.0
0375725601	5.0
1469951215	4.0
006072577X	4.0
0843959657	5.0
B008F8XW18	2.0
0399127577	5.0
1482544059	5.0
B00B5V63C2	5.0
B00BEPTP4C	5.0
1461052149	5.0
0451409094	5.0
0615682316	5.0
1940521645	2.0
B004KAAY3E	5.0
1558533729	3.0
0670024783	4.0
0399161481	3.5
B006ZTBJDM	5.0
B008GG955G	2.0
1439102856	4.0
B00IFAHGF4	5.0
0345447522	4.0
B005E8F77Y	5.0
0373775814	5.0
B00DBJPZ3Y	5.0
1451665792	1.0
0691003815	5.0
1401340806	2.0
B00CRN3208	4.0
0452286700	3.0
B005XD5GAS	5.0
B00BVJG256	5.0
1480272132	2.0
0312878834	4.0
1466375132	2.0
031256564X	3.0
1461080665	2.0
B00A9N2FGK	5.0
0552143901	2.0
0060004878	4.0
0345530918	3.0
0615773672	3.0
B00HRIT38I	5.0
0385618506	4.0
1477593144	3.0
B00BPB9GTY	5.0
1611090997	3.0
0345503724	3.0
0060544880	5.0
0385523211	5.0
1402270216	5.0
0982294603	4.0
1442361476	5.0
1449946119	4.0
1603818375	3.0
1606522043	5.0
1400033594	3.0
1475187963	5.0
0615832563	5.0
0425263908	3.0
0956481108	5.0
B005VCFRRS	1.0
0991920805	5.0
B0058CX17Y	5.0
B00IM3U1OM	5.0
B00DTNGTQE	5.0
1931907439	5.0
B003NHRDIY	3.0
B00I21HH0A	3.0
0425269205	4.0
B00D3A97IU	4.0
0007460716	5.0
B009CGA5BM	4.0
B00HW7B3Q4	5.0
0980345804	3.0
0553806742	5.0
1402280491	5.0
1424107849	5.0
1426732236	2.0
1590588835	4.0
1463581971	5.0
1480144258	5.0
1780882955	5.0
1477459863	3.0
184767786X	3.0
1590584481	1.0
B00HFY2HIW	5.0
0316133280	5.0
B00948TL8Q	4.0
B00CVWC91I	5.0
0316024961	3.0
0671793578	5.0
0062077902	4.0
1468112422	5.0
1463673736	3.0
1463518293	3.0
B003AKY4TK	1.0
0380731770	4.0
1455521248	4.0
0515151114	3.0
0425263924	3.0
0985581565	5.0
0316069485	5.0
0989715477	5.0
1477599738	4.0
0141014083	5.0
B001LRPX5I	1.0
B00FKMC1F0	5.0
0984833927	4.0
0312340710	5.0
B006VUYO3C	3.0
0316133299	4.0
1402237685	4.0
B004PLNQ92	5.0
0307888789	5.0
0425263916	3.0
B008BFCIF6	5.0
B007BICIRC	4.0
0800732278	2.0
0985350318	5.0
1466420251	5.0
B00E1XASLI	5.0
0373210965	4.0
1435243862	5.0
B007RGWXSC	5.0
161218653X	4.0
0385341016	4.0
B00CR35BWK	5.0
1484830245	5.0
1484906373	4.0
1612182186	1.0
B007SNSIFQ	4.0
0983368414	4.0
0310230160	1.0
B00B4WPQ2K	3.0
161217678X	1.0
071817707X	5.0
1426707622	2.0
1481124021	5.0
0312317999	4.0
B0040GJ948	4.0
0743272501	5.0
1484102630	4.0
0446520659	3.0
B009RXTHGY	5.0
1466254416	5.0
0486451429	5.0
B002E19KU4	5.0
0099464462	1.0
1402280467	5.0
1939980011	5.0
B00E8IXZJS	5.0
1470919230	5.0
0970629397	4.0
0316024597	5.0
B00CGOWLTQ	5.0
1612183085	5.0
1466219661	5.0
B00FPLEMTO	5.0
0061011452	4.0
1477693858	3.0
0987214918	3.5
B00E86ENEQ	5.0
0989417700	5.0
B005UPRRV0	5.0
1467959049	4.0
1402283962	5.0
1453812954	5.0
1463762070	5.0
031603438X	5.0
0307943232	3.0
1452110581	5.0
0983434859	4.0
B00IJJBJR2	5.0
1469922754	5.0
B00KIAMIFW	5.0
0316096199	5.0
B00B1ZNRP8	5.0
B005KV26MY	5.0
0316154601	3.0
B004PLMIGE	3.0
1937530329	4.0
1611099714	2.0
0062064649	4.0
0758234546	5.0
1250033896	4.0
1583485503	5.0
0143170090	4.0
B00FJZ2G6W	5.0
B006LWJ75K	3.0
1466428163	5.0
082175887X	1.0
0985767308	5.0
0312599099	4.0
0060754753	5.0
0425247872	5.0
0451416236	5.0
0425259854	2.0
B00CMEW7US	5.0
B002RKRMSY	3.0
0615794114	2.0
0399155635	4.0
1479393614	5.0
0451188489	4.0
0062064657	3.0
160882280X	4.0
147674355X	4.0
1477459057	5.0
B00GQCHCBG	5.0
1461135079	4.0
0380815524	5.0
B00538W340	2.0
0740773852	1.0
B006LAE9AU	5.0
0553263587	5.0
B006QZJ4BO	4.0
1936558068	5.0
156947981X	3.0
B00FGX6C5S	5.0
0446509418	4.0
B00C5RPAGU	4.0
0505519666	4.0
0991763491	3.0
0061438596	4.0
0312977379	5.0
B00K6YN3KY	5.0
B00AQM9T4A	5.0
1476731527	2.0
078689072X	3.0
B0050PJGIW	5.0
B003RWSDKC	5.0
0553290711	5.0
0989148629	4.0
1608611752	3.0
1492951641	5.0
1608681602	4.0
0615625320	3.0
140134089X	2.0
0842320121	3.0
0765334224	2.0
0312958641	5.0
B006JMHD94	4.0
1480285013	4.0
155166416X	5.0
B00ICAUB22	5.0
1442362383	3.0
B00G9H3G5Y	5.0
B00940SGNU	5.0
0143122843	3.0
061572955X	5.0
1571884459	5.0
1414325460	4.0
0982591454	4.0
0615566413	4.0
1628650125	5.0
1478380403	4.0
1935961519	4.0
1419950118	2.0
159477224X	4.0
B00H5WK5GU	5.0
0800794567	5.0
0786890746	5.0
1583453504	4.0
B00CEKPL7Q	5.0
034545071X	4.0
B004XECH3C	1.0
B007TCQO66	5.0
0316010383	2.0
1480169110	5.0
B008KRWRF6	5.0
B00KUJ7HCU	5.0
0399154345	4.0
0345462718	4.0
B00CWSV5FM	5.0
1442344989	5.0
9748303683	5.0
B00BEJ7AL8	5.0
1480191493	3.0
1926997964	5.0
1612185290	4.0
0316069418	3.5
1489526285	5.0
B005USIO78	5.0
1480088439	5.0
1937274144	5.0
B006N9346Y	3.0
0971880107	1.0
0451412729	5.0
0786891297	5.0
B004MME4XG	5.0
0385289235	1.0
1615720308	5.0
0986659347	4.0
B00C0D2MAQ	3.0
0992809223	5.0
0143170104	4.0
0985726733	4.0
0743418166	4.0
1479220493	2.0
1612580556	3.0
1592578616	4.0
006212255X	5.0
B004M5HK0M	5.0
0060540931	5.0
0451465245	5.0
0425252485	5.0
B0078HYCU2	5.0
B008J8948Y	5.0
0684835657	3.0
1453887660	5.0
0061689378	3.0
B0064I72LC	4.0
B004JU1ZH4	5.0
1936214555	4.0
B004PLO6TG	3.0
0988978016	5.0
B0060ZTM62	5.0
0739339656	5.0
B00BS9GY02	5.0
B008OJIYKC	5.0
1616266465	4.0
1426702353	2.0
0316018619	3.0
098399580X	5.0
0151008116	5.0
1402287038	5.0
0060391626	4.0
0804109540	5.0
0312605889	4.0
B00CGTWCRM	5.0
B00IWSZMNC	5.0
0316066737	3.0
B00JMKD6YQ	5.0
B00AR63B62	5.0
0440246342	5.0
1461180910	5.0
B00H1G6ZGE	5.0
1908895020	5.0
0553250221	5.0
B007SYX1KC	3.0
1426702361	3.0
0606238409	4.0
B007P5SZ2S	2.0
1616952210	3.0
1484813685	4.0
B00AP84AMG	4.0
1940305020	5.0
1939455030	3.0
0307576531	3.0
1608610004	4.0
B009S6W4VK	4.0
0982543808	3.0
1602602077	4.0
0843961171	4.0
1594150214	2.0
1477134727	5.0
1482011131	5.0
148262916X	2.0
B005FHHFQ0	5.0
1481173995	4.0
0525953493	4.0
0373266936	4.0
0385115482	5.0
B00ERF83CQ	4.0
1933678089	5.0
0345525906	5.0
B00H6TF5R6	5.0
0964061120	5.0
1938404572	5.0
1469248581	4.0
0547892624	3.0
B00EBSOLFW	5.0
0843949481	1.0
1439197563	2.0
B004AE3LMQ	3.0
0307932540	2.0
0767914023	5.0
1490506446	5.0
0983200203	5.0
B00LJK7LFC	5.0
1466213868	2.0
0312559755	4.0
0143123300	4.0
0967303524	5.0
B005Y0XMJM	5.0
0399158685	5.0
0142429104	3.0
0882702297	3.0
1470118009	5.0
147754688X	4.0
0062120352	3.0
B00HQNVT5E	5.0
B0092SIM3S	5.0
1402243456	4.0
034580404X	1.0
0399148876	4.0
0345532228	4.0
1463623852	5.0
0809222272	3.0
0345358759	4.0
B005Z1BQBG	4.0
142670237X	3.0
0316224588	4.0
0312952813	4.0
1426702388	1.0
1605421111	5.0
B004FV5C4Y	5.0
0857521012	3.0
1475181728	1.0
1478320419	3.0
061566329X	5.0
1494418290	5.0
039915647X	3.0
B00FQ5TVYA	4.0
1938383443	5.0
0385348452	5.0
0141188936	5.0
1469994445	5.0
0843953519	5.0
1596435526	5.0
B009HLT7CK	5.0
B00BDB63AQ	5.0
1929331053	5.0
9380028466	5.0
0984890459	1.0
0062188348	4.0
B00BQQ86VW	5.0
1432793691	3.0
B008MJHYWI	4.0
0803498640	4.0
1477504036	5.0
1481025988	5.0
0987188534	5.0
0310324548	2.0
1603420622	4.0
0976791498	4.0
140632132X	5.0
0374292795	3.0
B00D5D1M6A	5.0
B00CC7I5RY	1.0
0312206100	4.0
B00HSYBLYA	5.0
B00E21SWTY	4.0
0974109045	4.0
B00GY53H3C	4.0
B00CY4P6T0	5.0
0060788194	1.0
0991841131	5.0
B00D13VWNC	5.0
1591841380	4.0
1594487529	4.0
B003H4QZOG	5.0
B005BOPBRC	5.0
0307387135	4.0
0307265838	2.0
0061655511	2.0
B00IK4CTZC	5.0
1463505051	5.0
1426700555	3.0
0786032553	5.0
1463794592	2.0
B005GSS26K	5.0
055214262X	5.0
031256998X	5.0
1489502793	5.0
1479370053	4.0
0974521728	3.0
1451555652	4.8
0544263618	3.5
B00GPULOIG	5.0
1484140001	5.0
0062197258	5.0
0557212502	3.0
B003DA4G8Q	4.0
0399157387	4.0
0316081051	4.0
1611880599	3.0
B005TYKX5E	3.0
0374275637	3.0
0370332288	4.0
0451412796	1.0
0385338686	4.0
1934861588	5.0
0763632287	4.0
1596439092	5.0
B00DIDACD6	4.0
0983731721	4.0
145559945X	5.0
1936034697	5.0
0451464338	5.0
B00IHMH8EY	5.0
0740741365	5.0
B008PKPNIG	3.0
098156433X	5.0
B00DH4L352	4.0
B00ENMV1CC	4.0
0439895294	5.0
0781408202	5.0
B00CH1EITY	5.0
0446693065	5.0
1611943795	4.0
0439023483	5.0
146795988X	5.0
B00BWVY1R4	5.0
1419658719	4.0
1624670997	5.0
0985352000	3.0
0786891254	5.0
B00I5WXAF2	5.0
0671015648	3.0
1447259297	5.0
0940829495	5.0
0985726776	3.0
B00BEWB89K	5.0
1919874216	4.0
0143117947	3.0
B009YAVVAU	5.0
B00HNIAFXE	2.0
0764207946	3.0
0307272591	4.0
B00ISCT7JC	5.0
B00AEY9DOQ	5.0
B00603Q26W	3.0
1605043125	3.0
0385479999	2.0
1609280806	2.0
B00D09TTUK	5.0
0425086569	5.0
B00D7WKQRA	5.0
1478721073	3.0
1606390139	5.0
0304345350	5.0
0671726730	5.0
082178028X	3.0
1611942446	5.0
1492224863	5.0
0061348171	3.0
1481091034	4.0
1599986582	3.0
1599987430	4.0
B006POX2NC	1.0
0141180145	4.0
0987188518	5.0
0743566572	5.0
B005DROC5O	2.0
0373296762	5.0
B00A5LVA26	5.0
B008D5E61I	4.0
0986879800	5.0
B00B4DKYX0	5.0
B00CLDLKY4	3.0
0525949380	2.0
0671016970	5.0
0738719595	3.0
1480280216	5.0
0345522028	4.0
1402253648	5.0
0312360819	5.0
1478153652	5.0
0825420164	5.0
148125720X	5.0
1480289035	5.0
1455808067	3.0
0938497510	5.0
0758209843	4.0
1492224766	5.0
0615787991	5.0
0312202938	4.0
0811734099	5.0
1481028979	2.0
B007X93XRI	5.0
B007SANLBA	2.0
0738713295	5.0
0985911018	4.0
0981895794	4.0
B005HAWAZG	5.0
0399151575	5.0
0061856436	3.0
1478163143	2.0
0099494140	4.0
0615156657	5.0
0061143391	2.0
B00CGZCFZU	5.0
1402281269	5.0
0316126675	5.0
0062060554	3.0
054774501X	4.0
B00E34EUZA	5.0
0452297974	1.0
B00JCE8EY4	5.0
0312939183	3.0
B00C8QJU9Q	4.0
1478387807	2.0
0981956807	1.0
0446572829	5.0
1491218444	3.0
1406524921	5.0
0575079401	5.0
1451685033	3.0
B00DWLBBNY	5.0
0316204269	4.0
0425236463	5.0
0375713522	4.0
0312964129	4.0
1463566492	4.0
0620247827	5.0
0061950726	5.0
1495329321	3.0
0061926620	4.0
0989042936	3.0
B008OIB4C8	4.0
B00AE323S0	5.0
B004U362DC	4.0
0143122916	5.0
B004XVN7YI	4.0
0446563072	2.0
0761146172	4.0
B00CJ4YYUM	5.0
0345253612	5.0
B0038YWJL8	5.0
1477497803	5.0
1481901907	3.0
1484980662	1.0
1932695206	5.0
0375713530	3.0
1456331183	5.0
0312206097	2.0
0547745001	4.0
B00CKZQFSY	4.0
1555664466	5.0
0843957352	4.0
B004TS8P7O	4.0
147670886X	5.0
1439188181	4.0
0843958626	1.0
B0055UJD44	5.0
B005KKF1MW	5.0
B0045UA6F0	5.0
B0052MMUX6	5.0
B00FJ6OKI8	5.0
B008H6GJ4K	5.0
1780281153	3.0
B008UUIGB2	5.0
0312107978	4.0
0307338282	5.0
0984189823	2.0
B00F31FRKO	3.0
1446165620	4.0
0615347347	3.0
1886940827	3.0
0689841000	4.0
0345526570	3.0
0061857726	5.0
0984528199	5.0
1477847278	5.0
0738715050	5.0
B005CDYQOQ	5.0
B00584HZ4M	5.0
038536315X	5.0
B00FA5PKJQ	5.0
1477805869	5.0
B006PNS1O8	3.0
B00B9JQOSS	3.0
0615925529	4.0
030758836X	4.5
B00JY2QB6W	5.0
1603582347	3.0
0345803507	4.0
0553282816	4.0
0452297907	5.0
1477402667	4.0
B00CTVALNO	5.0
1478310057	3.0
0988644819	5.0
B00BNA9PTS	5.0
0758209827	5.0
1453792716	5.0
B009ZOLOES	4.0
0553384635	5.0
1470035359	5.0
0486424820	5.0
B00BBIT1BO	5.0
B00ILE27T4	5.0
0061703257	5.0
0671027344	5.0
0778316130	5.0
149097959X	5.0
1448635403	4.0
043902353X	5.0
0316095648	4.0
B00C0EQ1KM	5.0
B00KHTUHHU	5.0
0765305666	5.0
B00HXYKZ56	5.0
0061057797	1.0
0385344406	5.0
1937041212	3.0
1477471634	5.0
1475248911	2.0
B00EXBM4X8	5.0
B00539TLVM	4.0
0316010669	3.0
B007FEFCD4	5.0
1593104448	4.0
B00ESPHK10	2.0
0985358157	4.5
0399164421	3.0
1477663096	5.0
0615738184	5.0
0345531957	3.0
0989628604	5.0
0871593459	4.0
0764209361	5.0
1938618033	2.0
0976417014	4.0
1492379913	5.0
B009XGD2DY	5.0
0151013772	5.0
1616260866	4.0
B004G5Z3PW	5.0
0739327364	5.0
0988443902	4.0
0989628612	5.0
0446580848	4.0
0615945163	5.0
B00FQWQTH0	5.0
1479209716	4.0
0312981554	4.0
B00IFVYJN0	5.0
0984723528	4.0
B00DU98K28	5.0
B004IZLF3O	5.0
1477849807	3.0
B00DS8C0F4	5.0
B0035WTNSK	4.0
1484045874	5.0
B00D59O1W6	3.0
1616201630	3.0
1481208721	4.0
0385336810	4.0
B00GL5G7YQ	5.0
0399157700	2.0
0671027379	5.0
0857051873	1.0
B002Y5WVOW	2.0
B008WX6DF8	5.0
1845505514	5.0
1475217315	4.0
0062500848	4.0
1482051346	5.0
0985124334	2.0
0425237729	4.0
1451641087	5.0
0312376863	5.0
B00A37SE0I	5.0
0738710180	4.0
1457514508	5.0
1451612540	4.0
B00BEZLFKY	4.0
0646582720	5.0
B007WZ5NEY	5.0
B00F70LNO0	5.0
B00DCCJZJK	5.0
B003TZLM3M	5.0
1456550306	5.0
0439023513	5.0
0316154741	4.5
0987803735	2.0
1464201986	3.0
0380794802	4.0
1416975888	5.0
B00BVR73P6	5.0
0142180815	2.0
0849958733	5.0
0811735303	5.0
0863276482	3.0
B004ZLRW6K	4.0
1938467590	5.0
0345543971	4.0
1469955989	2.0
B00B64P3S8	5.0
146635190X	5.0
B007OC99N6	5.0
1479119059	5.0
B00CL8F7EI	5.0
0743508726	5.0
1938618076	3.0
B006KYE4ZM	5.0
B00BZW5HGY	4.0
160809006X	4.0
0143038419	4.0
1463568266	3.0
0976279401	4.0
0307596869	3.0
1475253443	3.0
1461141400	1.0
B0067ZJVK2	3.0
0345539478	5.0
0099494175	4.0
0062085484	4.0
B00954KAV6	5.0
0451139941	5.0
0615798616	5.0
1593930747	5.0
0805446966	4.0
045141411X	4.0
1937387526	5.0
0615824404	3.0
1479204013	5.0
B009KS8FNM	5.0
1494365316	5.0
0345433068	5.0
1452819432	4.0
1612186017	3.0
B00B9FAUEG	5.0
0982192150	2.0
B0037Z6YLO	5.0
0804176663	4.0
0843959584	4.0
1466396806	2.0
0230745709	3.0
0446603414	4.0
1426708661	3.0
B00696M11K	4.5
0892133252	3.0
0345527046	4.0
0374280843	4.0
1602601577	4.0
B00BFGMFX8	5.0
B00988N9U8	5.0
1481814761	5.0
0440128994	2.0
098126994X	4.0
0739412302	5.0
B00BCPQR9U	5.0
B00FJA99TO	5.0
1479100471	5.0
0553593803	5.0
1414358466	4.0
B00C7HG9KY	2.0
0671045547	3.5
B00AY4N4B4	5.0
0316211338	2.0
0312113420	5.0
0786002611	4.0
B007MV5CSK	5.0
1477604715	5.0
1461006953	3.0
0544074114	3.0
0975363506	4.5
1463760612	4.0
0449150399	3.0
B005LJX21O	5.0
B007QXJJOM	3.0
B007EW0GHY	3.0
045141814X	1.0
1456347187	4.0
1611097843	5.0
0821753444	5.0
1467537527	5.0
0307876950	5.0
0756407125	3.0
B00BQSGK4U	5.0
0470548320	5.0
1425746845	5.0
1481018361	5.0
B00ENQEMAG	3.0
080271756X	5.0
B007IVP7HU	3.0
0857683527	4.0
0979805600	5.0
B00629ZTOU	4.0
0553502697	3.0
0142003239	4.0
B0066HBGCM	3.0
0451230825	5.0
1456354728	4.0
B005E90HNM	4.0
0983031800	2.0
0786000899	3.0
B006FMFCN2	3.0
B00IJL27MQ	5.0
0446502049	5.0
0312379501	4.0
1470052334	2.0
0385495234	3.0
B004VXM0TQ	5.0
B00CEH0L06	5.0
1477805044	4.0
1463717091	4.0
0316166308	3.0
0505527308	3.0
0980138205	5.0
0778314707	5.0
0984425713	4.0
B00AVPT99W	3.0
B00E257ULG	4.0
037377768X	5.0
1611880068	2.0
1611940575	4.0
1475233086	5.0
080417668X	4.0
1402289561	4.0
1925047199	4.0
1938383125	5.0
0821754319	5.0
B00K4C3RO0	5.0
1490492291	3.0
0316166316	3.0
0757313728	4.0
0764200135	5.0
B00EO3Y014	5.0
098417382X	5.0
0312545266	4.0
0061726826	2.0
0316101842	1.0
B005A789GU	3.0
0316018953	4.0
1493625810	5.0
1463648812	5.0
B00EA1UVCM	4.0
1490408185	4.0
1456463462	4.0
030728090X	3.0
B00C11IGCK	5.0
1593764138	2.0
1461084873	5.0
0505527324	5.0
B00FUC9RYI	5.0
B0084H346I	5.0
1492252360	5.0
B005NKBTR0	5.0
0330258648	4.0
1250005531	3.0
0987745778	5.0
0670026468	4.0
B00CIGXTAM	5.0
0446502057	5.0
B00A5X23W0	5.0
0988843315	5.0
1402289502	3.0
006227371X	4.0
146641300X	5.0
B00BQEUO28	5.0
1482563657	2.0
0983212546	4.0
1455839957	3.0
0615517773	4.0
034503208X	5.0
B003YMODYA	5.0
1463506864	2.0
1481806297	1.0
B0047GMFH4	5.0
1611940540	4.0
0141012692	5.0
B006RMGXXS	5.0
1442367318	4.0
B008OIWNKU	3.0
B00BV9JD84	1.0
0446614157	5.0
0062218964	5.0
0966517687	5.0
0821753436	5.0
B005GMY8BO	1.0
1416585834	5.0
0985266341	5.0
B005H8HHYC	5.0
1481082833	4.0
0440225507	5.0
1457505215	3.0
B00EZ410JW	5.0
B00BI36FD4	5.0
1908426225	5.0
0312938640	4.0
1479124818	3.0
0778321037	4.0
0312545231	3.0
0345533666	4.0
B008ZRYB28	5.0
B004VS9J2W	5.0
0979886996	4.0
0821753428	5.0
1477805095	5.0
0615766544	3.0
0312554168	4.0
1475066945	5.0
1626470731	4.0
0988348209	4.0
0060755350	5.0
B005IG6488	3.0
1935711261	5.0
1601632223	1.0
078514157X	5.0
B008XNW3R4	5.0
0982618492	5.0
0670062553	5.0
1477848150	5.0
B00DWEREPU	5.0
1493621890	5.0
B001TOD5S0	5.0
B00HYYT3EO	5.0
1451659288	2.0
0987409212	5.0
1478362111	5.0
B0080B66H2	5.0
0983023808	3.0
0804109486	5.0
0985817003	4.0
B00BZPJRQW	5.0
B007EI62I0	4.0
B00I52QSEM	3.0
B00A4S460S	5.0
0142300675	4.0
1476717710	3.0
1416585850	5.0
B00HYY3I18	5.0
0615492886	5.0
0553142151	5.0
0399160450	2.0
0345394712	4.0
1460971663	5.0
023070137X	5.0
B00AZWR7EU	5.0
0982727151	5.0
1603209247	5.0
B00B2BQCVM	5.0
1927112168	4.0
0312364083	3.0
B00BR3AT9G	2.0
1499591918	5.0
1475958994	5.0
0007446306	2.0
0307352145	4.0
B006RD0WAM	5.0
0966767403	5.0
0385679505	3.0
1477813047	5.0
0615512445	3.0
0060527463	5.0
B004C449XE	3.0
B00IQXL2LO	4.0
0786020466	5.0
1470157713	5.0
0983906904	4.0
1484081501	4.0
0373777604	5.0
1612185924	5.0
0316206849	2.0
B00BTHMN7G	4.0
0062024035	5.0
0007444117	5.0
1494230569	5.0
B008WW3WBM	5.0
0786032448	3.0
147835013X	4.0
1573226289	5.0
0803494149	5.0
1456591606	5.0
1602393168	4.0
B00E9GQQ9K	4.0
B004CFBINC	3.0
0671517414	5.0
0983429707	3.0
077831345X	5.0
0578088320	5.0
0061934771	5.0
0451410238	2.0
1250030951	5.0
0821754718	5.0
0425176363	5.0
143271385X	2.0
0615618383	5.0
B00A18VD7A	5.0
0985266392	5.0
B00D47QKUU	5.0
1937178285	1.0
0615756395	3.0
1781763690	4.0
0738727040	5.0
1591331935	4.0
B005JUPU60	5.0
1873982712	4.0
0312659113	2.0
B00IZY03W8	5.0
B00CQ42LUA	5.0
193838394X	4.5
0312971281	3.0
0445203722	5.0
146420117X	5.0
0753461544	5.0
031237951X	4.0
0312379528	4.0
B00D5GVVCW	5.0
0007386648	4.0
098732070X	5.0
B00FJRVNVE	5.0
B00E490TP4	5.0
1250017599	3.0
0786032464	4.0
1481130595	3.0
0142423092	4.0
0316152196	4.0
0316016381	4.0
0316097772	4.0
B004I6EIDW	5.0
1937254453	5.0
1451565348	5.0
0786024852	4.0
1608618706	5.0
B00GM2IR64	5.0
0380805189	3.0
0984528105	2.0
031236668X	2.0
1463604815	3.5
1491025301	5.0
0505524228	4.0
1941098010	4.0
1451588496	4.0
B0093MU7QS	5.0
B008CNLKQ0	5.0
1468168940	4.0
1439172536	2.0
B00EMLEZ36	5.0
1939481058	5.0
B00HCMIU74	4.0
B009NNAC1C	5.0
0060573775	5.0
0670015784	3.0
1934861650	5.0
B00BAO177A	5.0
B00563SLRU	2.0
B009WZH4BW	4.0
B007PW339G	5.0
1455839906	4.0
1564149714	5.0
1938857119	5.0
0373190573	3.0
1600851215	3.0
0781405084	3.0
0671035355	4.0
0758269129	4.0
0671319728	5.0
0451155963	2.0
0345533283	4.0
0385339453	4.0
0738734616	2.0
1481953184	5.0
B00AMAZJQ8	5.0
0978573226	4.0
0786024879	4.0
0553584537	1.0
1616952539	3.0
1477518703	5.0
0345803493	4.0
0985621214	5.0
B007IO7DWE	5.0
B004XT6NK0	4.0
0788750097	4.0
0781432693	3.0
0394583760	4.0
1612185975	3.0
1492224723	5.0
B00JPV5XC0	5.0
0307717127	5.0
