1939564026	5.0
B009QQI3OY	3.0
0451462300	2.3450756636070453
B008237GMW	4.0
B00A5F8H0A	5.0
0399154973	5.0
0764201913	5.0
0399155821	5.0
0988861992	4.0
B009MYCOYK	5.0
B00G4LJE74	4.0
0061474096	2.0
0446577391	5.0
1597804908	5.0
B00AG4G93C	4.650973006905209
0395899257	3.0
9197972592	4.0
0375707190	1.0
092291558X	5.0
0310936985	2.0
1937085376	4.0
1611099587	3.0000000000000004
1484966287	5.0
0803496192	4.0
0821774727	5.0
1450590497	1.0
1846079837	2.0
061569540X	2.662630966239814
0316187704	4.0
1596916087	4.0
0615571603	5.0
0312368038	5.0
B00FQZ8EWK	5.0
0935696024	5.0
031237917X	4.0
1467987344	5.0
0743281632	5.0
014305838X	5.0
0399158081	5.0
B004CLYE00	5.0
080411336X	4.0
1462026303	5.0
1582343454	2.0
0759239800	5.0
0451411188	5.0
0804107920	4.0
0765315319	4.0
0385528736	1.0
039915275X	4.0
1481808613	2.0
1463783175	4.646105919003116
0985259108	5.0
1616148616	4.0
1593150229	4.0
1475011032	4.0
0373002211	5.0
0425269493	5.0
0312280750	3.0
0755353773	4.0
0843954140	3.0
0316002925	3.0
1475023456	5.0
147005812X	5.0
0316033677	4.0
0882703803	5.000000000000001
1410440478	5.0
076532993X	4.0
1468097350	5.0
0263899403	5.000000000000001
0470037156	5.0
0615398650	5.0
045123068X	4.0
B00EO39BAE	5.0
1481275259	5.0
B00AAQNRY0	5.0
B0051AOIT8	2.0
0743491912	4.0
0765328623	5.0
1455525839	4.5009927200529445
B00A6EIA20	5.0
1908910488	4.0
0762447257	5.000000000000001
1426710666	5.0
0765329956	5.0
9491864009	4.0
0312852487	4.0
0345356802	5.0
0307589102	2.0
B008GP9KKM	5.0
0316033669	4.0
0786032871	4.0
1466330880	2.0
0743491920	5.0
0451411153	4.0
0451412001	3.0
B007GATOSQ	4.0
0062224840	4.0
1105425851	4.0
1565892127	1.0
0756407516	4.0
0345523199	5.0
0316033650	5.0
1603818111	4.0
0547416997	3.0
1484016327	2.0
037300222X	5.0
1495298841	5.0
0316734942	5.0
1466292075	4.0
0307406105	5.0
0307749584	3.0
1477448535	5.0
067941729X	4.0
B003ZUY4VS	1.0
0615878970	4.0
B00EHMHNIE	5.0
1594035067	1.0
1594204403	5.0
0811712184	5.0
0441018696	2.0
0316734950	5.0
B005RRHV3U	5.000000000000001
0446564079	4.0
0330426575	3.0
0446195502	4.0
B00A5XY0H6	4.0
1455840009	3.0
0340043601	4.0
044101822X	3.556531927357938
B005KB86TQ	3.0
0800759990	4.0
0765323370	2.0
1490938303	1.0
0595372562	4.0
034545846X	1.0
1553650719	4.0
0345457145	3.501612160294795
0061239224	3.0
0374158355	5.0
0061977969	2.0
0451219848	3.0
B00EXOFE4Q	4.0
0755353749	4.0
0857663658	2.0
149757708X	5.0
0765330903	3.0
B006AZ9NT8	5.0
1595540229	3.0
0380976536	3.0
0399153225	3.0
014011291X	4.0
0515095125	3.0
1616960922	4.0
0062135252	5.0
0060194839	3.0
0425223620	4.0
0452296331	4.0
0446404535	5.0
1439192987	2.0
0061997102	4.0
1433524724	5.0
1933515252	5.0
1442346965	3.0
1909520470	5.0
076532556X	5.0
0060763450	4.0
0446195979	5.0
0399153691	5.0
0151002517	4.0
1931296219	5.0
1492773522	5.0
1885339283	5.0
098167688X	4.0
1439181829	5.0
0486443604	3.0
0099440687	5.0
0373225830	5.000000000000001
0615953948	5.0
B00CEHVUKQ	5.0
1602902143	5.0
0615421091	5.0
B006H3MQPQ	2.0
0061998850	1.0
0425152316	1.0
160010939X	3.0
0385521685	5.0
B00BT21QNS	4.0
0425149145	2.0
0765322005	2.0
1481916025	5.0
0984383603	4.0
1475986203	5.0
0316187747	4.0
1480299405	5.0
0399158960	3.0
0933346204	5.0
0261103288	4.999999999999999
0786015039	5.0
1483975754	4.0
1936488299	1.0
0316187712	4.0
1478380640	5.0
0743270541	3.0
B00AM87A6M	5.0
0778316092	5.0
B00G2HUCIU	4.0
0007149824	3.0
B00BLWMKJA	5.0
B00C6QUK38	5.0
1402200129	4.0
0800757394	5.000000000000001
1490965920	5.0
1590205154	3.0
1472803337	5.0
B005ET1E98	1.0
0307969622	5.0
1781082332	4.0
B00GI3EDFQ	3.0
1118173031	3.0
0679759336	3.0
0802777511	2.0
1581823045	5.0
0307277674	1.0
0765325942	4.0
1907386017	4.0
0575081384	4.0
0399148612	4.0
B008C3HD8O	4.0
0451228855	4.0
0765300648	4.0
0062215507	5.0
0399155392	5.0
0345538196	5.0
014200202X	4.0
0786015802	5.0
0452297168	5.0
1484920945	4.0
0142002038	5.0
148118265X	5.0
0896895432	5.0
0811701840	3.0
B00GJ36X8A	3.0
0821729217	5.0
0765325950	3.589324618736384
0765317079	5.0
1612002072	5.0
0914875272	5.0
0330508121	5.0
1466317809	5.0
0615588832	4.0
0595386687	4.0
B00G2CXN7C	4.0
B00DTKA4HC	4.0
0765317060	5.0
0441015948	2.0
B00BNETEHC	5.0
1492249009	2.0
0307277690	5.0
B00HUD0IEI	3.0
0142002062	5.0
1442359889	1.0
1469910594	5.0
0451223195	5.0
0307473740	4.0
1432794353	3.0
B00IHS13UI	3.0000000000000004
1480111929	5.0
0399156208	5.0
0321492021	3.0
0765330091	5.0
0312534256	5.0
B005C5Z7OC	5.0
0142408883	2.0
0345508858	4.0
148276296X	3.0000000000000004
034550884X	4.0
B00I13BER6	3.0
B00A0M85KK	1.0
1480522813	5.0
0975436295	3.0
1471706397	4.0
B00CYIZBUU	4.0
B00I2650GS	5.0
0765312662	4.0
1477573801	4.0
1482013541	4.0
1484047966	4.0
0142002070	5.0
1937475719	3.0
0765320223	3.0
0857660586	1.0
1493690086	4.0
B00ET5PQEC	5.0
193792971X	4.0
B00E9LS0OY	5.0
020168859X	4.0
0446195529	5.0
0399156259	2.0
0976280906	3.0
B009PQ3JGW	4.0
0756628989	5.0
B00D1WW70K	5.0
1592983073	5.0
B0085ZL9DO	4.0
146818203X	4.0
0451234278	5.0
B00BGQ6M0E	5.0
076531178X	4.0
B00ASP8I1U	1.0
0521625564	5.0
0399162925	4.0
160154457X	1.0
1477694005	5.0
0142302376	5.0
1470027070	2.9999999999999996
0141035676	5.0
0312941919	5.0
1475280181	2.0
1484080513	4.0
1494775093	5.0
0425264637	3.0
0399149546	5.0
0470089628	3.0
B00GHMT0IS	4.0
039916250X	3.0
1611099056	4.0
1934912549	5.0
B00GD0JS9U	3.0000000000000004
0765322838	5.0
0764225170	5.0
076532282X	5.0
031232362X	4.0
1416532889	5.000000000000001
1423183096	5.0
0316154059	5.0
0425197387	3.0
0821752871	5.0
0374533636	5.0
0312853378	5.0
039915714X	5.0
B00D3WOE0E	4.0
B00AGQ77W2	4.0
1937009203	4.0
1477817522	4.0
1612182321	2.0
031021923X	3.0
0975436236	2.358374274229567
0312950489	5.0
1595943447	5.0
B00JK122VU	4.0
0615370349	5.0
0440218500	4.0
1780885741	4.0
0385175760	5.0
0786014539	4.0
B00FP0JBUA	4.0
0316154075	4.0
0312266855	4.0
0441490557	5.0
0312381530	4.0
0393046788	1.0
0764209906	5.0
0345535529	5.0
B00GM3E1BI	4.0
B008D6HXK8	4.650973006905209
1613776535	4.0
1470119196	5.0
0061143448	4.0
0380820226	4.0
1494708299	5.0
B00DQH0GW6	4.650973006905209
0743421922	4.0
0989215709	4.0
1603182284	5.0
0316129062	3.0
1612182356	4.0
0061097934	1.0
031621762X	3.0
0470592745	3.0
038082020X	4.0
0312614578	3.0
0800733304	4.0
0615874630	4.0
B00A7F38LG	4.650973006905209
0143104888	3.0
0316129070	2.313988502600602
0312854277	4.0
1480121789	4.0
1484050738	4.0
B008V2B1XY	4.0
1860119107	2.0
1937009211	4.0
031259979X	5.0
0756405734	1.0
0765322811	5.0
0061003689	5.0
1940544009	4.0
1616961376	4.0
B006H6D8RS	5.0
0441020933	3.0
1938961269	4.0
0975436228	4.0
0345338545	5.0
0312929412	3.0
0345336364	5.0
B00DW7RC9K	3.0
1480034061	3.0
B009WAGSKK	4.0
0316129089	3.3430057486996994
0312890346	4.0
1453717021	1.0
059652952X	4.0
0988701243	4.0
193934400X	4.0
0441020925	3.0
B0066GOCT2	4.0
B00B3SV3RW	2.0
1453890246	5.0
0312301898	3.0
0786030194	4.0
1475031904	5.0
0615644724	5.0
B0088NGWCQ	5.000000000000001
0765326353	4.0
0143143646	4.0
1933929855	5.0
1484844750	4.0
1416563792	4.0
0425146405	1.0
044657967X	4.0
0800730801	5.0
1601549431	3.0
B00ALHS0B8	4.0
0525953728	4.0
B007FWO19W	1.0
0230704158	3.0
0451209540	5.0
0765326361	5.0
1499564112	3.0000000000000004
0373695934	5.000000000000001
0765328542	4.0
B00A6Z5UTA	5.0
074329176X	4.0
1490968253	5.0
006199104X	3.499007279947054
1479711705	1.0
1939049008	5.0
B008M9TKFC	5.0
0671578200	2.0
B008QWTYIS	4.0
0007430590	5.0
0553588249	3.0
0446525804	5.0
0375403612	4.0
0553563386	5.0
1469987325	5.0
0755345606	5.0
0230704131	3.0
0143143670	5.0
1455521175	5.0
1581826095	3.0
1482555077	3.0
B007VDJEIS	4.650973006905209
1408835193	4.0
B00CR32QYG	4.0
B00963VRWC	4.650973006905209
1781082014	3.0
1594746087	3.0
1478140267	4.6201171875
1439199086	5.0
0061020648	5.0
147523144X	5.0
1609072464	4.0
1936383705	4.0
1451611846	5.0
1597801305	3.0
0786017112	5.0
0060987103	4.0
0373696817	5.000000000000001
B008EFMSA8	4.0
0553105337	5.0
0330444085	4.0
1481843907	4.0
1479113107	5.0
1897562888	4.0
0553804693	3.0
0471252522	4.0
1936564467	4.0
B005QBMGQO	5.0
0307716546	5.0
B006M4HDEY	4.0
B00558VIBC	4.0
0985115602	5.0
1451639341	2.0
0451463307	5.0
0312864590	4.0
0451222962	4.0
1940161053	3.0
161188067X	4.568842567196928
1439181799	5.0
0061655953	5.0
1781081182	5.0
0446405167	3.0
B0051GXD2U	3.0
0451211405	5.0
147760796X	3.0
0786015799	5.0
1439156336	4.0
B00E8RDAEO	4.0
0312873077	5.0
0786017139	5.0
B00HS4G640	5.0
0312854315	4.0
1477578919	4.0
0553593633	4.0
1907519009	4.0
0935526862	2.0
B00GF5XK0Q	4.0
0440235081	5.0
0312868952	1.0
0991286502	1.0
0977147436	4.0
0765328526	3.0
0385334842	4.0
0446404292	3.0
1482060930	5.0
0451231457	4.0
1475115377	3.0
0133064689	2.0
B008EKH9QG	4.0
0615828167	4.0
1939356075	5.0
1482685302	5.0
1590135083	4.0
0553593641	5.0
0983433631	3.0
098360584X	3.0
0062037927	5.0
039306235X	5.0
0307749436	5.0
1934956252	1.0
0441017029	4.0
0312352646	2.0
0765302306	4.0
1479168653	4.0
1439133662	4.0
0312372248	5.0
B000ZBTYXS	4.0
0880380314	5.0
0739431234	5.0
0399143793	5.0
1932033408	4.0
1480029106	5.0
B0062BEYI0	4.0
0966830431	4.0
0553249193	4.0
146111196X	5.0
0765324105	4.0
B00B513D0W	4.0
1439172803	5.0
1607014076	4.0
1846033780	5.0
0671318292	3.0
1455510084	5.0
071563318X	4.0
0765313421	4.0
1937929809	4.0
1905802137	3.0
0553589970	4.0
1484031482	4.0
0345479041	5.0
031095097X	2.0
B00HWM66OI	4.0
1477822585	4.0
0061721794	4.0
1934666335	5.0
0425256235	4.0
0743245458	4.0
1577347870	5.0
B00HMS0UNU	2.0
1416577572	4.0
B00BAHQ6GE	4.0
0451219716	4.0
146995575X	4.0
1937733181	4.0
1611099846	5.0
1611098998	4.0
B0046A9U9W	5.0
0521493439	5.0
0446573094	5.0
1469984202	4.0
1554077931	5.0
1479341096	4.0
1484834518	4.0
0441016197	3.0
1921240288	5.0
0786034076	4.0
055774024X	3.0
1452605165	5.0
0449012093	5.0
1905636156	4.0
0765313405	4.0
0099478722	4.0
1594260060	5.0
B00BEYRGZS	5.0
B005UD1GWI	1.9872835170158654
1458207137	4.0
1492333204	5.0
1466429550	4.0
0755327764	5.0
0804139024	4.793820071096526
0765323206	3.0
1451611862	5.0
0765322358	3.0
0062135554	4.0
1929154119	5.0
0982514549	3.0
1615728864	4.0
0143058266	2.0
0060528060	3.0
0345537068	5.0
B006TJDJKE	3.0
190751905X	4.0
0312362889	4.0
0811852563	5.0
0312955006	5.0
B007HTUXWC	4.0
0786031824	4.0
B00H7IEPXG	5.0
193514202X	5.0
0399167315	5.0
0241951941	4.0
0821765221	5.0
B0073JS1T8	5.0
1453224653	4.0
B006RDFQEO	4.0
0425149013	2.0
0061057940	3.0
0373696434	5.000000000000001
0330419668	4.0
1607014025	3.0
1556618395	2.9999999999999996
0451237153	3.0
0615732615	3.0
142153441X	4.0
0972959815	4.0
0857662023	3.0
0142800821	4.0
0446573051	5.0
1935142011	4.0
0966830415	5.0
0312352638	4.0
B00930CIVC	5.0
1937945014	3.0
0373696450	5.000000000000001
0441017088	3.0
0983170142	4.0
0743477499	5.0
1907519076	3.0
0062270486	2.0
0345534700	2.9980145598941093
0800731697	5.0
0452263034	5.0
0312960344	5.0
0373696337	5.000000000000001
0446576972	5.0
0451227409	4.0
0399156593	5.0
1626491011	4.0
1484848683	4.0
0380724340	5.0
0984492771	4.0
0451231902	3.0
0312641648	3.0
1477261729	4.0
B009PN4IRO	5.0
0984697438	1.0
1439196397	2.0
1597804002	4.0
0446576980	5.0
0451236378	5.0
1416509119	2.0
0615392865	3.0
1613181388	4.0
1416591478	1.0
0743583884	3.0
1416589120	4.0
0312010443	4.0
0800733851	5.0
0446519960	5.0
0981279015	5.0
0312913141	4.0
B00994MXOE	2.0
0554357216	5.0
0765306298	3.0
B007GB3Z80	5.0
039915874X	4.0
0615731287	4.0
0345505476	5.0
0595197809	5.0
0446573019	5.0
0979362903	3.0
0800732510	4.0
098466100X	5.0
1469215950	4.0
0316491977	4.0
1481079875	4.0
0761557709	4.0
1469957132	1.0
1611792592	3.0
0778325601	4.0
1844164683	3.0
0857662872	5.0
B00AAKQX10	5.0
0445407778	4.0
148404214X	4.0
034544177X	4.0
B00C112NVK	5.0
1477489940	4.0
1481814915	5.0
0765312549	4.0
B00HX471PS	5.0
190449272X	4.0
0595486258	3.9478782287822876
1937771954	3.0
1456546864	4.0
1621250687	5.0
0848818725	3.0
0373696396	5.000000000000001
149041245X	5.0
B0071ZLV6E	4.0
0345496884	3.0
0060792981	3.0
0446520950	5.0
0451216776	4.0
B00AAOD8GY	4.0
B00ET04TKE	5.0
097367363X	5.0
1939065062	4.0
0425200701	5.0
B00CEMC6BI	5.0
B00I75DXKE	3.0000000000000004
1478175710	2.0
1937929876	4.0
1612187064	3.0
B00FJFV6AY	5.0
098251459X	3.0
0449231534	5.0
0060817089	5.0
1482678225	4.0
1597804061	4.0
1118252160	4.0
0345485777	5.0
1590132378	3.0
1416563806	5.0
0425189872	4.0
1590131045	3.0
0007299540	5.0
0399150897	1.0
030770095X	5.0
0985853336	5.0
0441014798	4.0
1497591716	3.0000000000000004
B009ZJFH8W	4.650973006905209
0441013465	5.0
0316004189	3.0
0312104782	3.0
0857682849	4.0
0985006641	3.0
0544002229	4.0
0679643613	5.0
0375508546	4.0
0312998554	5.0
0399153926	5.0
0978689984	5.0
1470026236	4.0
1477808701	4.0
B000GM8KIG	4.0
B009H8LB0E	4.30194601381042
044101562X	4.0
B006OOC5MC	5.0
0765317354	4.0
1476736219	4.0
B008O7AAJM	4.0
1482674246	5.0
0399157042	5.0
0553593668	5.0
055359365X	5.0
B0050KED7Q	5.0
B004ELAPZG	4.0
B00F1RE1XO	2.0
1480504246	5.000000000000001
B0058PE0J4	4.0
0671318608	2.0
0809095432	5.0
1492358444	5.0
B005Z7L4EO	3.0
0986594253	3.0
1419686291	4.0
0451236300	5.0
142691279X	4.0
1476730946	4.0
B008X3NCRE	5.0
0307408841	1.0
0515114324	5.0
B00DPK9NI2	4.0
0553383191	5.0
1935670484	4.112818721620678
0061147931	4.0
0446525774	4.0
B00A9D0HMO	4.0
0399134395	5.0
0062213865	4.0
B005CW50GK	5.0
0375508554	4.0
0670023183	3.00198544010589
B0082XIIYW	5.0
1935712713	5.0
B00DI55IZQ	3.0
0062200577	5.0
1481258885	5.0
0312597002	3.0
0983992207	5.0
0307947076	5.0
0451231031	5.0
1451612397	3.0
0399159266	4.0
B0096CGMLE	3.0
0451462076	2.849192150723989
0557299349	4.0
160542188X	5.0
0984833781	5.0
0871403528	5.0
1492386944	5.0
0446572985	5.0
1477818529	4.0
0316123404	3.0
044101433X	2.0
B00AGMEYJK	4.0
006185929X	4.0
B007JNP67S	5.0
B00997JUQ0	4.0
0505527979	5.0
0758293437	5.0
1479143707	5.0
B00AFHI2S0	4.0
006146841X	3.0
0399147268	4.0
1469934477	4.0
0307390675	4.0
1482320827	5.0
B00DK8L8Z0	5.000000000000001
B00BOC0MVK	5.0
0375433392	5.0
085720873X	5.0
0451238915	3.0
1940511011	5.0
0451466454	5.0
0805098542	5.0
B00CKYMWHI	5.0
0857661965	4.0
1616961252	4.0
1600591019	4.0
149427874X	5.0
B00H5PSN9S	4.0
B00GKBIRVM	5.0
0553584774	3.0
0985199792	5.0
B00737JLS0	5.0
0143142437	5.0
0857663488	3.0
0982248741	5.0
0966661435	5.0
B007SYV4F6	5.0
045146253X	1.6148744670772144
0380978091	4.0
0446531391	5.0
0989705609	4.0
1444727338	5.0
0307456625	5.0
0312872291	1.0
0988761904	5.0
1484188497	5.0
0553592858	4.0
0316069434	5.0
1494440652	4.0
0800718801	5.0
1907992723	4.0
B00BATNR7I	4.0
0099549069	5.0
1593274297	4.0
0764208322	5.0
B007K9WIXQ	2.0
0800757181	5.0
1452879818	3.0
0812974522	3.0
0743288017	3.0
0385529813	5.0
0312936818	4.0
1483979911	5.0
1611880513	3.0
1250012996	3.0
143916519X	3.0
0615819532	5.0
1484196090	3.0
1466410477	5.0
1481028642	5.0
0060887443	3.0
0765365855	4.0
1568584350	5.0
0099549050	5.0
1933929766	3.0
B007E3ESWC	5.0
B00FD9EVRG	5.0
0553231162	4.0
098385940X	4.0
1484140028	4.0
1848763794	5.0
1440529728	5.0
0312254210	4.0
1480121142	2.0
B00DV32ISA	2.426014760147601
0385537859	5.0
B00641GGPM	5.0
0373084749	5.0
1590136268	4.0
0375410244	3.0
0062225901	5.0
B0063R0QQM	4.0
0307406334	5.0
0449908186	3.0
0312359772	3.0
0345912349	3.0
1455521248	5.0
098562650X	2.661375661375661
0061960454	2.0
0937912158	4.0
1453526870	3.0
1250000971	4.0
0615553184	4.0
0983377340	4.0
0316069485	3.0
0307406342	5.0
B00HJH7Y5Q	5.0
0451412230	3.0
0345537122	4.0
0755350014	5.0
0765312085	3.0
0312374933	3.0
0312850093	5.0
076531424X	3.0
B003ZHVGH6	5.0
0316036919	5.0
1482652765	5.0
1453861548	3.0
9085988608	3.0
0553807609	4.0
0525950761	2.0
159780472X	3.0
0891418830	4.0
1426707622	4.0
0307740986	2.0
0615461344	4.0
0615791050	5.0
045123619X	5.0
0312540302	4.0
B00HQJXTBK	4.0
1469298759	5.0
B004NNV2FM	5.0
0062073575	5.0
030794672X	5.0
B00IRJ0XW6	4.0
1466219661	3.0
B00C84F740	3.0
0425211894	5.0
0399155651	3.0
1439189587	5.0
0989435113	5.0
1400034477	5.0
0515143561	5.0
0765309297	1.0
0425268780	5.0
B00H0D5NTI	5.0
0805094571	2.0
0060566272	3.0
030788743X	4.0
1460999428	5.0
0399157824	5.0
0821736612	5.0
1495260879	5.0
1463526792	3.0
1439189579	4.0
1416509054	3.0
B00G5J536G	5.0
1937929957	4.0
0394739310	5.0
1594732639	5.0
B009R2U9BW	4.0
0345537149	5.0
B00A0C9T5U	2.0
0399144986	4.0
B00B8SAI3M	2.0
0393240118	3.0
1578590477	5.0
0425219364	5.0
0984104518	5.0
1423397193	5.0
0060291702	4.0
0937912190	4.0
0764208381	5.0
B005O58STG	5.000000000000001
0759253455	5.0
B00F3672O8	4.0
1416546979	5.0
0441010555	3.0
B009P4M0ZK	4.0
0425264394	4.0
0843950854	5.0
0515148806	5.0
B00ASP90SK	5.0
B0097K1IAK	5.0
0857663453	4.0
1493680552	5.0
078974712X	4.0
0399156542	5.0
B005G47Y9A	5.0
044102033X	2.7609384908053265
0061733636	5.0
B00BVR3JFY	4.0
0765336405	5.0
1492791199	5.0
1617060518	5.0
0812992857	4.0
B0080YK7FQ	3.0
B008A6OYEO	4.0
B008UYOHJI	5.0
B007YU6EVI	4.0
B00CSZ57QM	3.0
0143142410	3.0
0615705596	3.0
B00ENOPHVQ	4.0
0440245834	4.0
1597801615	2.0
0985022426	5.0
B00CUJ3UTM	4.0
0765320088	4.0
0786018755	5.0
B008UYPKLM	4.0
0785261788	4.0
0312611609	4.0
1478177292	5.0
0765334240	5.0
0615484875	3.0
0615926118	4.0
B00DNJIH9G	5.0
B00C9VY0MW	4.0
0312325169	4.0
0316069418	5.0
0982918011	3.0
0440245842	3.0
0933999992	5.0
1574888234	5.0
0451412729	5.0
B00EZE88SS	5.0
0425256855	4.0
1439133948	5.0
B009S064Z8	5.0
0445408553	3.0
B00GZCK7IW	4.0
1597898686	4.0
143917752X	4.0
0451411862	3.0
1416591591	5.0
0764226649	5.0
0982611919	4.0
0451227778	2.0
1478238232	2.9999999999999996
1590134850	3.0
039308440X	2.9999999999999996
B009KFHOWS	2.9999999999999996
0984807160	4.0
0060391626	5.0
0143122010	5.0
0765332019	2.0
1494285991	5.0
0449001598	5.0
0857663828	3.0
1475109105	5.0
159080631X	5.0
0399146644	4.0
0765307006	5.0
B004W4M5JY	4.0
1481181122	1.0
1930584016	4.0
1482050781	4.0
B009S5UBM0	5.0
B005N1OU7A	5.0
1471127613	5.0
0786963751	1.0
0553237217	4.0
0312377622	4.0
0399146237	5.0
0800718798	5.0
0689116527	3.0
0786962429	5.0
051514536X	5.0
1477809783	3.0
0316185396	5.0
0316399612	4.0
B00HP5A8FU	5.0
0062279386	4.0
B008A6NUH6	2.0
B004ELAMH2	4.0
0425241327	4.0
1478343982	5.0
0061468398	4.0
1936558572	3.0
B00DB4JKXU	4.0
0553584480	5.0
B00B8ZR41E	5.000000000000001
0985280786	4.0
0307917371	4.0
B00BS28NBW	4.0
0007267622	2.1657543245018616
B005M2ROW8	5.0
1590131398	3.0
0987915312	5.0
0345430751	2.0
0312952813	5.0
0743284542	3.0
B00CE3U510	5.0
0373696043	5.000000000000001
0857521012	3.0
0375502920	4.0
0765333309	4.0
0802119182	4.0
B00A05K4LA	5.0
B00AUJO0RU	4.0
0470568011	1.0
0451237560	1.0
B008H76YWQ	1.0
0615775373	3.0
1478157178	5.0
1481843583	5.0
1481239406	5.0
0764209272	5.0
1594263493	5.0
0425212807	4.0
0984890459	2.0
B00CCQYNGW	5.0
0143144219	5.0
B00EJXUDVU	4.650973006905209
0061468363	1.0
1475258887	5.0
0060838086	5.0
144214842X	5.0
0312864256	4.0
B00HO12CRC	3.0
0399151613	4.0
1477808825	5.0
1453804994	5.0
082495629X	5.0
B005FZ09Q0	4.0
0062088149	4.0
B00D73HK32	2.0
1495326780	4.0
0062088157	5.0
0307390780	5.0
0451224671	5.0
0393038912	1.0
0800733592	4.0
0446580287	4.0
0743498801	3.0
1599954109	4.0
1937929167	4.0
1596912316	4.0
0983740208	4.0
1481983512	4.0
0062197258	5.0
0141044322	3.0
B009OGL5GE	5.0
1456506226	3.0
0985225513	3.0
0374275637	5.0
0142427799	5.0
0141044330	5.0
0765317699	5.0
0470500883	3.0
1616146281	4.0
0345505514	5.0
B0082UJQTQ	5.0
B00B687AX0	1.0
0765315033	2.0
B005JKEREG	2.0
1455508667	4.0
0307408973	5.0
0765315025	4.0
0307406318	4.0
1478269960	5.0
1490348557	5.0
0316007587	2.0
0786034750	5.0
155166903X	4.0
1481999079	2.0
160619223X	4.0
0312613016	4.0
B00DNIA254	1.0
0843961198	4.0
1591026415	4.0
0399160132	5.0
0984247599	4.0
0451223772	3.0
0345524659	4.0
1481872060	4.0
0684832194	1.0
0451233581	4.0
0764205765	4.0
1597803472	4.0
B0099NYLFY	4.0
0943396557	5.0
B002KE52Y8	3.0
B00APOQOQU	5.0
160381874X	5.0
096463600X	4.0
0749006331	3.0
006178480X	4.0
1621051188	4.0
0316021822	1.0
0399149325	4.0
0385340559	5.0
0061348171	1.0
193269546X	4.0
0984247580	3.0
0988367912	5.0
0743566572	4.0
0451464397	3.0
B00EAEFYU8	5.0
0756406811	3.0
0960068880	5.0
1602860483	4.0
0385340567	2.4211514392991242
1618071092	5.0
1484875990	2.0
0441014011	5.0
0446400882	3.0
0316228532	5.0
1492869163	5.0
0316021830	5.0
B005GL93LA	5.0
0553807528	2.0
030793313X	2.0
B007SANLBA	3.0
1621250911	5.0
0515139327	2.0
0553592963	5.0
0786017325	5.0
1478163143	5.0
0345522176	3.0
B008A9MTCU	5.0
192704443X	2.0
158234356X	4.0
B00B5R2ORE	3.0000000000000004
0062060554	5.0
1463671237	4.0
0980076323	5.0
0615605818	4.0
1616960655	4.0
1480080659	5.0
B00E1252JC	5.000000000000001
076531410X	3.0
1599550946	5.0
1451685033	4.0
0739322974	4.0
0452284635	2.0
0373785747	5.0
B00GK58FNI	5.0
0312552475	5.0
1466225157	5.0
1938426622	2.0
0446405345	3.0
1621050688	4.0
1466956070	4.0
B004U362DC	5.0
1483905136	5.0
0989293548	4.0
0446563072	5.0
0373229267	5.000000000000001
0330450972	3.0
0060725656	3.0
1456331183	4.0
B008RTTHDW	4.0
0446405337	4.0
0061965804	5.0
0989158918	5.0
0312552459	4.0
B00CFT4NXY	3.0
B007ZIXQ2E	4.0
045123829X	4.0
1597190381	4.0
042514223X	2.0
B00EVVJJ56	4.0
0765317680	4.0
098823601X	4.0
0385513534	4.0
0062124269	4.0
B00BPGDP5K	4.650973006905209
0615495036	3.0
1935178237	4.0
0356500276	2.0
030727828X	2.0
B00BACDMDO	5.0
038700436X	3.0
1616148918	5.0
1483995038	5.0
038536315X	5.0
0062021397	5.0
B00E5G85GG	4.0
B00FA5PKJQ	4.0
0446531081	5.0
0345503821	4.0
0985442212	5.0
1937178382	4.0
0615925529	5.0
0385194005	2.0
1478310057	4.0
B00JMV997S	5.000000000000001
0446612774	5.0
1477637141	5.0
0345476158	3.0
1470035359	4.0
0002247399	2.5817204301075267
0596008422	3.0
149108149X	5.0
1478208570	4.0
0345503813	4.0
B00DGXKBBQ	4.0
146621404X	5.0
B005F5Q86U	5.0
0312316739	4.0
0061230944	5.0
0787102784	3.0
0765370263	2.0
144970347X	1.0
0312580797	5.0
146646982X	5.0
0345325818	3.0
0441012817	4.0
1489539042	5.0
0061724602	2.0
B00AKI4ISM	5.0
0985164816	5.0
0765306905	5.0
1597805041	3.0
0786963719	4.278928912974179
1463606656	4.0
0811712222	4.0
193769853X	3.0
B00CWUKGSM	5.0
042514352X	1.0
1492753203	5.0
0946719217	5.0
0307718921	3.0
0316132942	1.0
B00A8NGUCQ	4.0
B009JWEOY8	5.0
044658083X	3.0
0451463900	3.0
0515142115	4.0
0804118752	4.0
0765334151	4.0
0448089645	3.0
1569476004	3.0
0765333295	5.0
0878392661	5.0
0765336324	3.0
0956121217	5.0
B006HTH344	5.0
0312851405	5.0
0857663542	5.0
B00CAD2T9K	5.0
0786963735	1.0
1416569715	4.0
0399157700	5.0
B008A89P82	4.0
1466241683	4.0
B007REZ1HO	5.0
1489509658	5.0
0425220478	2.0
0991920708	4.0
0765367076	4.0
0812555384	4.0
0307749649	5.0
0373693133	5.000000000000001
0451221850	4.0
039306123X	4.0
0446554995	4.0
B00CLDQ8XW	5.0
B00I9H35U8	5.0
0345537270	4.0
0445085339	4.0
0060545690	4.0
0756405491	4.0
B009SF9K5E	4.0
0446564311	3.0
0751550213	3.0
1598699105	1.0
0316175668	5.0
1441403868	4.0
1451639198	4.0
1460943147	4.0
B0055DDCQG	3.0
0765321262	3.0
0061231428	5.0
0765325624	3.0
141652102X	3.0
1439258376	4.0
0765311054	5.0
1892503018	4.0
1416509399	1.0
B005NDOGB8	4.0
0446405329	3.0
1456530704	5.0
029273963X	4.0
038573381X	3.0
0399158618	4.0
0385334222	4.0
0891414142	5.0
1620070693	4.0
0399156429	5.0
B00BI4Q61O	4.0
1585427691	5.000000000000001
146810148X	5.0
0800719816	5.0
1590136551	3.0
0765311046	5.0
0764210319	4.0
B0048EKJ14	5.0
0988594900	4.0
146626568X	4.0
0061231401	5.0
0486408787	5.0
0446564370	3.0
0553592947	4.0
B00K7O6PYY	5.000000000000001
1940026032	5.0
0399157743	5.0
1499282508	4.0
1595825614	2.0
0312370288	4.0
B0077J5FNY	3.0
1448646936	5.0
1482719436	4.0
0312353723	4.0
1440402116	4.0
0385344007	5.0
0765306913	5.0
0843949783	2.0
0465051626	5.0
1935396382	3.0
1940026016	5.000000000000001
0394461894	4.0
0553592955	5.0
045121997X	4.0
B007GGAAL0	3.0
0958666431	5.0
0345331222	5.0
B003XIIZX0	4.0
1937009157	4.0
1402210876	4.0
B00CD70JWW	3.0000000000000004
0984431144	5.0
1444756451	3.0
0765330180	2.0
0312857691	3.0
0525953183	4.0
0804119201	4.0
0756407125	3.0
B005VFXLIW	5.0
1585425907	3.0
0451238788	3.0
0142003239	4.0
0062248774	4.5009927200529445
B00BV2WC0M	3.0
1426713126	4.0
0393323315	4.0
1616951257	3.0
0988843307	4.0
B004NNVCMU	5.0
0399157662	4.0
0312599803	5.0
B00BV2WC0W	3.0
0446400580	4.0
0060594667	5.0
B005H8KZWS	5.0
0985166614	2.0
0312367996	4.0
1490320059	4.0
B00850MGKO	5.0
0345523822	3.0
0060560428	4.0
0765325616	5.0
0399160825	2.0
0759204691	5.0
B00AB1NJV0	4.650973006905209
1118312473	3.0
1937009149	3.0
B00A9RSIHG	4.0
0671319760	1.0
0316166316	5.0
B00ICCX5QY	4.0
0758280343	5.0
0743527992	5.0
0312544391	3.0
0515149616	5.0
B008KYG72S	5.0
0316018953	5.0
0061784796	4.136636636636637
0316013269	3.0
1481810790	4.0
0312262515	5.0
0316043915	3.0
1938135504	5.0
1477699805	4.0
0983945209	3.0
0786927143	5.0
0316006963	3.0
0446554979	3.0
0765330148	5.0
0553588958	2.0
1467941832	4.0
0316036374	2.0
0553593072	3.0
0765320347	3.0
098239022X	4.0
B00CTSO14W	4.0
0316003441	2.0
B005CXVVIK	3.0
B00DKABEJS	3.0000000000000004
076531276X	5.0
1477614982	5.0
0988440008	5.0
B00CEOKUR8	5.0
0984431128	5.0
1937009173	4.0
0765330156	5.0
098976091X	4.0
B00EEEMF7O	4.0
031259898X	2.0
B00BPYF1PO	4.0
1479132438	5.0
B008XLJ5TA	4.0
0312938640	5.0
0316003476	3.0
B00BGBIFF4	3.0
0345533666	4.0
0446554952	5.0
0786963646	5.0
0007391595	5.0
1481026704	1.0
0312205511	4.0
1439133816	2.0
0812531035	4.0
0765312751	5.0
1490381422	5.000000000000001
0800720741	4.999999999999999
0399159878	4.0
0446403636	4.0
B00D3LWXUS	5.0
031600345X	3.0
B00D8J8Z16	4.0
1491268360	1.0
B0082DTZPS	4.0
0671559621	4.0
031602175X	3.0
B008EWZ95W	4.0
0425205304	5.0
1612182437	1.0
0606006877	3.0
0987593110	4.0
B00BZPJRQW	5.0
B006LAOIWY	4.0
1476717710	4.0
B00AVBNBHM	3.0
B00CVFBLKU	5.0
0451412435	5.0
1477533028	5.0
B0091F11EE	3.0
1468157817	2.0
0899428363	5.0
0553807595	5.0
0312364083	3.0
1590202465	4.0
0671003755	4.0
1478285052	4.0
0765323818	4.0
B00KP3JFJ4	5.000000000000001
0399161775	4.0
1460933834	4.0
1451660278	5.000000000000001
0425158578	1.0
1477663436	4.0
0451462289	4.557645134914146
B00HCNXAGO	4.0
1612185924	5.0
B00AKQ72NC	4.0
B00C5W7ZFY	3.0000000000000004
B00FQQ02ME	2.0
0978970772	4.0
0842352929	2.0
B00DQDGBTW	5.0
B00C912PJ2	5.0
1482757664	3.0
0786011149	5.0
076536302X	5.0
1621050165	4.0
1558173986	5.0
0312333773	4.0
0345534557	5.0
1492283924	4.0
0307275566	4.0
0891415092	5.0
147007589X	5.0
0615654835	5.0
0615749623	3.0
1470063859	2.0
0985888210	5.0
B00CSSBP60	5.0
0061628018	5.0
0978573234	5.0
1419955349	4.0
0441016782	4.0
0316152196	5.0
0312580800	3.499007279947054
0007423632	4.0
0316021733	2.0
1937009122	4.0
0451412877	4.0
0765327376	4.0
098848711X	5.0
0990390918	4.0
B00BNPM8YC	4.0
1482393182	5.0
1442359781	4.0
0979607043	3.0
0451201450	5.0
1480041920	4.0
0330517783	5.0
0061733199	2.0
1494300044	5.0
0974071196	4.0
0764206702	5.0
0312857675	4.0
059610197X	4.0
0781405084	5.0
0615188702	2.0
1439193479	5.0
1482016990	5.0
B00E1BZ874	5.0
0978573218	4.0
1478153768	4.0
1410436349	3.0
B0071C3VZ6	4.0
0451203607	4.0
0451224523	4.0
1463534922	5.0
B00HVVE9IA	3.0000000000000004
0007303017	5.0
0989293505	5.0
B00C9FLD28	4.0
0446539740	4.0
1118356454	3.0
0345545249	3.0
0061351202	5.0
1492149470	5.0
1481153684	4.0
162105103X	4.0
