0316105848	4.0
0835605973	5.0
0141441585	3.0
0679640509	Infinity
0743230027	4.0
0143119419	5.0
159052764X	2.0
0060591854	1.0
030726923X	2.5
0061161705	5.0
0312243359	5.0
0446678090	5.0
0761517855	2.5
0671016776	1.0
0679730540	1.0
0312356056	3.0
0345449924	5.0
0061547565	3.0
0399154965	5.0
0671621009	4.0
1591025362	5.0
014303832X	4.0
0891418660	4.0
0471193771	4.0
0060955449	4.0
1475105436	3.0
0061132381	4.0
0671510991	5.0
0312614926	4.0
0345449932	5.0
076156375X	5.0
0882898841	5.0
0452261678	4.0
0452281245	4.0
0345513347	5.0
037543318X	3.0
0973110910	5.0
0767906276	1.0
0345477170	4.0
0451529596	5.0
0446532452	3.0
0679767819	3.0
0890512078	2.0
0099503093	2.0
0802716938	5.0
157322314X	4.0
0891417311	5.0
0671211536	5.0
0142003816	4.0
0740721135	5.0
0439136350	4.0
1439192561	1.0
0312141378	5.0
0099448572	4.0
0091802105	3.0
1410440478	5.0
030795062X	4.0
0531056333	4.0
0140245642	3.0
1930865465	5.0
0966378601	1.0
0142003840	1.0
0553298046	4.0
0307237699	3.5
1400044006	2.0
0786134828	Infinity
0230614035	4.0
0141304340	5.0
0786863331	1.5
0805432639	2.0
0743214803	4.0
0199279349	4.0
0345446860	3.0
031242292X	4.0
0195088476	5.0
0465038158	4.0
0312655479	5.0
0230338194	5.0
0312291027	5.0
0141007540	1.0
0786863323	3.0
0060763418	4.0
1935071092	2.0
0553380141	4.0
0375414827	5.0
0867194731	3.0
0802130631	5.0
055310652X	4.0
0971170940	3.0
0441004067	4.0
0395248302	5.0
1555834310	5.0
0312383630	3.0
0441010725	4.0
0743230051	4.0
0553384503	5.0
0345492730	4.0
0596000820	3.0
0307396266	2.0
073949015X	3.0
0571175201	5.0
0061662577	5.0
0140196188	5.0
0061228575	5.0
0691142165	5.0
3869300426	3.0
1427797668	4.0
0842322973	1.0
080509346X	4.0
0446528382	3.0
0307279464	5.0
0143036556	1.0
0679746048	4.0
0446515051	2.0
0807854646	5.0
0465002129	4.0
1584790830	3.0
0099416158	4.0
0743254058	1.0
0786427523	5.0
0345452704	5.0
034542333X	5.0
1594670870	3.0
0142002585	5.0
1608323609	5.0
0553279718	3.0
0802143997	5.0
1586170341	4.0
0194700593	4.0
1586487876	4.0
0192802089	3.0
0201409291	3.0
0151012784	5.0
0307279480	4.0
1935071068	NaN
044651506X	3.0
0842050337	3.0
0440229170	4.0
0811875555	5.0
0395899680	5.0
1586482173	5.0
061834697X	5.0
1583672125	5.0
1401324177	5.0
0805079122	5.0
1882376331	4.0
0345490169	4.0
0701176830	5.0
0688163785	3.0
007148499X	2.0
0151006903	4.0
081170498X	5.0
0060762152	4.0
006207203X	5.0
0805038647	3.0
1616269766	3.0
1568525796	4.0
0060392622	2.0
0385720408	3.0
0786705205	4.0
0805079114	5.0
0061452645	2.0
0451169522	4.0
0307377903	1.0
0385511876	5.0
0465015425	5.0
0465024378	4.0
1574881485	4.0
0842332340	2.0
0374184216	5.0
0060194863	5.0
0375702709	5.0
0767919505	5.0
0743246470	4.5
0345494504	1.0
0060721545	5.0
0743292332	1.0
0385495315	4.0
0867163631	5.0
0700616055	3.0
0738203408	5.0
0156711427	5.0
1595230513	2.0
0307267482	4.0
0374125023	5.0
047018549X	4.0
0684842696	3.0
1851687505	4.0
0684867974	5.0
0306811804	2.0
1595550062	2.5
0984022317	5.0
1560259795	5.0
0452285658	5.0
0688035477	1.0
1588517055	5.0
0385129912	3.0
1932595031	4.0
0143036580	-Infinity
0374185522	2.0
0679643583	2.0
1586484796	4.0
0767903196	5.0
0312863551	1.0
0963960733	5.0
0879388013	Infinity
0553104845	5.0
0307277674	-Infinity
0805077383	5.0
0684870673	3.0
0140255087	5.0
0465091288	5.0
0312263767	5.0
1439172072	Infinity
0805094725	1.0
1585422762	5.0
1591454042	3.0
0330319922	4.0
0281059276	2.0
0786709588	4.0
014118213X	5.0
0307395839	5.0
1569802769	2.0
038533401X	4.0
158322601X	4.0
0805082727	5.0
1556527993	4.0
074322423X	4.0
0671212095	5.0
044653191X	4.5
0670031747	3.0
0553104829	3.0
0743597923	5.0
0300120869	5.0
0199542880	5.0
0553111116	4.0
0345455819	5.0
1932033335	5.0
0446530603	2.0
192963112X	4.0
0743550404	5.0
1594032025	1.0
1592863760	5.0
0385511981	5.0
0307382508	5.0
1587431211	1.0
0670018716	3.0
0471119776	4.0
006270219X	3.0
051513225X	3.0
0671510053	2.0
0803257813	4.0
0061256684	5.0
0060530928	5.0
1455163511	1.0
0066211719	5.0
0385519877	5.0
0978803701	4.0
0465002218	5.0
0141044594	4.0
0375501819	3.0
0049470256	1.0
0618551050	5.0
1579547699	4.0
0374525153	4.0
0141013451	4.0
0895260751	2.0
0641590571	3.0
1590200764	5.0
0385474466	5.0
006074698X	5.0
0061562343	2.0
0380704404	5.0
1594868166	5.0
0671230700	4.0
0224081411	1.0
1932033319	4.0
0380815265	4.0
0515123366	1.0
0192840312	4.0
0895260743	2.0
0143058754	5.0
097880371X	2.0
141330057X	3.0
031255513X	5.0
1880656183	5.0
0805065377	5.0
386521584X	5.0
038551722X	3.0
0764209019	1.0
1401201172	2.0
0143034790	1.0
0192802046	5.0
0385523904	5.0
1568581963	4.0
0316117048	2.0
0345476700	2.0
0425176444	4.0
0743227328	5.0
1585741760	5.0
1478212276	2.0
0767904443	4.0
0195040546	1.0
0553565079	4.0
0312185863	5.0
0765307294	5.0
0971822409	5.0
0375403256	4.0
0297846752	4.0
0805076026	5.0
067976657X	3.0
1940534224	4.0
1568584180	4.0
0785266003	1.0
0316235024	5.0
0140296468	4.0
0345410963	3.0
0393059626	5.0
1596981903	2.0
0060541644	1.0
0316212377	5.0
0743203399	4.0
0826516440	5.0
1593790104	1.0
0142800082	5.0
0965035751	3.0
1586481789	3.0
0452295831	5.0
0143112066	4.0
0451455614	5.0
0230341721	5.0
1400053781	8.0
014028009X	5.0
0316168688	4.0
1401310443	4.0
0375408908	4.0
0470229683	5.0
0812819268	4.0
0385507879	4.0
158648043X	3.0
1586480448	3.0
0307269183	2.0
0452270545	5.0
185984393X	3.0
0131467506	4.0
0192835793	5.0
1414310552	5.0
0307451569	4.0
0399105972	3.0
0671506889	5.0
0345458931	5.0
0865475822	5.0
1559706287	5.0
0099529734	4.0
1884519016	2.0
0375508430	Infinity
1491231580	5.0
0671021273	3.0
0143038281	5.0
006019524X	4.0
0823030806	3.0
0375507108	5.0
0879979798	5.0
0142800031	5.0
0553213881	5.0
0006479758	3.0
0140431403	5.0
0764129163	5.0
0471183423	5.0
0312169787	5.0
0300080301	4.0
1591024005	5.0
0060006765	4.0
0465001769	5.0
0743244745	4.0
0785130527	3.0
0821769278	4.0
184176115X	3.0
0801858305	1.0
1573223077	2.0
0446526568	4.0
0486292576	5.0
0140390464	2.0
0312156480	5.0
0399148248	4.0
1402761147	5.0
0071591583	5.0
0307378438	2.0
0060736798	5.0
B003VTYJBS	4.0
0440236363	3.0
140121097X	5.0
0375705899	3.0
0553270443	4.0
030738604X	5.0
0425062341	3.0
0615611834	5.0
0805066624	4.0
0394703871	4.0
0679640401	5.0
0802138527	5.0
0805078614	5.0
0143115987	4.0
1572437561	3.0
0451222229	1.0
0099478374	5.0
0192719580	5.0
0743273265	4.0
0465084087	4.0
1594202745	2.0
0975469118	1.0
0465068855	4.0
0131497340	2.0
0521629519	4.0
0792269365	4.0
1401301312	5.0
0393040178	NaN
0307275817	3.0
081269192X	3.0
0071592997	5.0
0156005514	NaN
061530222X	1.0
0140436227	5.0
0981576990	5.0
0452272424	5.0
0195368630	4.0
044653126X	3.0
0879234768	4.0
1594202524	4.0
031231258X	3.0
0470168803	3.0
0340837950	3.0
1586488457	3.0
0764132709	4.0
0192834401	3.0
1416549021	4.0
1579219659	4.0
1592332994	3.0
0425209067	5.0
0671506110	5.0
0870212567	3.0
0446520594	1.0
0060137290	5.0
0375423028	4.0
1574412698	4.0
0140274065	2.0
034551212X	4.0
0671867806	4.0
074342767X	3.0
0804802327	4.0
0684809966	1.0
015201800X	5.0
0307275833	3.0
0195317009	1.0
1904859461	5.0
143912566X	1.0
0312315600	4.0
044657922X	3.0
0446531251	3.0
0061732842	3.0
0743270878	3.0
1887424660	5.0
1930754655	5.0
0938045199	1.0
0470039205	5.0
0060987103	4.0
0739313843	4.0
1596430966	3.0
160282956X	5.0
0671657771	4.0
055380202X	4.0
0895261294	2.0
0679749004	3.0
0425033767	5.0
0312368100	4.0
0821758551	4.0
055327418X	3.0
0141181656	3.0
0785261044	5.0
0809069237	4.0
1569714401	3.0
0345453263	3.0
0743299698	5.0
0375411690	3.0
0976705702	5.0
0060515163	3.0
1594202575	4.0
0393077489	5.0
0743202708	5.0
0743212983	4.0
1571742018	1.0
0517446499	4.0
0446301582	5.0
0449912558	3.0
0060088613	3.0
0375435050	4.0
0304351997	3.0
0712606947	4.0
0142000000	4.0
1586484052	4.0
0670033324	3.0
0971680752	1.0
0618319409	5.0
0312943423	4.0
0307885151	3.0
156512166X	5.0
0375423079	2.0
1582406197	5.0
0060776846	5.0
1401300057	4.0
0374144060	5.0
0785261028	-0.0
0785263683	1.5
0297850687	5.0
0805076824	3.0
0684809931	4.0
1566631254	4.0
0316926051	5.0
0785809015	3.0
0143057367	3.0
0553255886	4.0
039306235X	5.0
0393062368	5.0
1848325851	4.0
0895261251	5.0
0312347294	5.0
0743202759	4.0
0892550147	5.0
0307408027	2.0
0375757716	5.0
1586486683	5.0
1560258527	5.0
0465002013	5.0
0515031607	2.0
1557500088	4.0
0919396518	5.0
0618257470	4.0
0756755123	5.0
0671707744	5.0
0393061027	5.0
1930928645	5.0
0062008110	5.0
0330294911	5.0
0316525405	5.0
0316926078	5.0
0060889578	3.0
0143118285	5.0
0761136193	5.0
0829427201	3.0
0307955575	4.0
1575604795	5.0
0805072403	4.0
0395759242	5.0
0446577448	5.0
0452280907	3.0
0767906314	5.0
1590200845	4.0
0671681494	3.0
0802119522	4.0
014118776X	5.0
0312606354	4.0
0060576170	5.0
0743226712	5.0
0060594810	3.0
0062242717	4.0
0764953885	5.0
0691070148	3.0
1608460975	5.0
0671786539	5.0
0345405617	4.0
0143036475	5.0
0895295504	1.0
0345330129	3.0
1565848071	1.0
0394716280	4.0
0374105235	5.0
1595230610	NaN
0064472531	5.0
0671216244	4.0
0679737898	5.0
0061143197	5.0
0306819627	3.0
0061431605	2.0
0312360231	5.0
0140433139	5.0
0739450808	2.0
1416598065	5.0
1586487965	5.0
0307741907	1.0
0763653519	2.0
0374182396	3.0
0143118242	5.0
0786014067	3.0
1400062888	5.0
0345446100	5.0
0696207087	4.0
0930289528	5.0
0399152296	3.0
0141004312	4.0
1586483595	5.0
0393974871	3.0
1595230637	3.0
0060977728	5.0
0316003751	2.0
1416541195	4.0
0060742690	3.0
0030565812	5.0
0142800821	5.0
0399152288	5.0
0062063006	4.0
1586483587	5.0
159240118X	4.0
0739304038	-0.5
0743217810	5.0
1400047242	5.0
0300075863	5.0
1400048575	4.5
0316003743	2.0
0393061051	5.0
0465011012	5.0
0060915412	1.0
1612931065	4.0
0385260938	4.0
1893956385	5.0
030726422X	1.0
1590770293	2.0
1568600593	5.0
006016848X	4.0
0745313280	4.0
B000ETQQ1O	4.0
0765307162	1.0
0805069631	2.0
0786868163	3.0
0060193328	5.0
0374177724	5.0
0393060578	5.0
0416240402	4.0
0143035983	2.0
0306811782	4.0
034540565X	4.0
1880510588	4.0
0425127214	3.0
0007114494	4.0
0743400526	4.0
1560255560	4.0
1591298741	5.0
0140170413	5.0
0345405633	4.0
1573922722	4.0
0691007608	4.0
145550324X	5.0
0140432639	5.0
0618367012	4.0
0312424752	3.0
0867161019	4.0
1403969434	4.0
0452287472	4.0
0143114751	4.0
0787657557	5.0
1591298733	5.0
0375422625	4.0
0312308531	3.0
0670020982	3.0
0743200187	2.0
0330335030	5.0
0307389251	5.0
0517201690	5.0
0805069666	4.0
0060549416	5.0
0517578131	1.0
1602643938	1.0
0142003018	4.0
0375421300	4.0
0922915946	4.0
0141034262	5.0
0895260883	1.0
014043268X	4.0
0824524357	2.0
0099743612	3.0
0307712508	5.0
0316693251	4.0
147781728X	5.0
0061015733	Infinity
0451947673	1.0
0143142801	3.0
0061009059	NaN
0151012768	2.0
0061806773	3.0
0399900578	4.0
0393072592	3.0
0786869445	5.0
0310266300	5.0
0425221652	2.0
0195383427	5.0
0375507248	5.0
0061015725	-Infinity
0451213262	2.0
0399145001	1.0
0060193395	1.0
0345258312	4.0
1592863612	5.0
0786869429	5.0
0684811324	5.0
0684853159	5.0
0618013245	5.0
0060083816	3.0
0812972732	2.0
0393050319	5.0
0226320669	4.0
1594032106	5.0
140009741X	4.0
1400097428	2.0
0099526786	Infinity
0679412166	3.0
0195124731	5.0
0618134298	4.0
0781806739	5.0
0809061201	5.0
0061562424	3.0
0380812916	3.0
1594200882	5.0
0312422164	3.0
0380978490	2.0
030794834X	5.0
0679643613	4.0
0393068471	5.0
0375508546	3.0
0465014933	2.0
0307743683	5.0
1597804401	5.0
1590072677	3.0
080419257X	4.0
0465047831	5.0
0679640576	4.0
0300093764	3.0
1859843824	5.0
0312273037	4.0
067944288X	3.0
0060760508	1.0
0861661419	4.0
1581345615	1.0
0140390316	5.0
0316779059	4.0
0330376446	4.0
0811717267	4.0
0345349571	5.0
0553383191	5.0
0736061819	4.0
0140621806	5.0
0140156143	1.0
0312341156	5.0
0802713831	5.0
0446675776	5.0
0743269098	2.0
0895260816	Infinity
0674076087	1.0
0316831220	4.0
1250006694	4.0
0471491195	3.0
0446610410	5.0
0060005556	5.0
0375412026	4.0
0547203888	1.0
0230573746	5.0
0060584696	5.0
014104571X	5.0
0316038393	2.0
044020352X	3.0
1401302734	3.0
0802139981	4.0
0471123005	4.0
1853671606	4.0
0345407490	5.0
0743205022	4.0
1595550755	1.0
0688169783	4.0
1439191050	5.0
1591840120	3.0
0312378459	5.0
0385739834	4.0
023034187X	5.0
1568584032	5.0
0151707553	5.0
0842373624	2.0
0091795273	4.5
0393081451	5.0
0151010986	5.0
1401322344	2.0
0465014909	-Infinity
1596986018	3.0
1585420042	5.0
157954956X	4.0
0446691801	4.0
0060098902	5.0
043935806X	5.0
093286337X	5.0
0307377245	4.0
0312263678	3.0
0345466632	5.0
141659762X	5.0
0142000868	4.0
0345526880	4.0
006001203X	NaN
0446532231	4.5
0743287150	3.0
0300113994	3.0
1578261678	5.0
1932360123	5.0
0345333950	5.0
0345481402	2.0
0470567988	2.0
0745312748	4.0
0671015206	4.0
0521710057	4.0
0062227289	5.0
0613094905	3.0
0304361887	4.0
0786868821	5.0
1580631479	3.0
0385499078	5.0
1572305916	5.0
0714840009	4.0
0679751238	3.0
0679442499	3.0
0316346624	3.0
1859843662	4.0
0471423521	4.0
0393081818	5.0
0762413271	4.0
1590512383	5.0
1401207596	5.0
0465057918	3.0
0743272927	5.0
0029089263	4.0
0440236096	4.0
0879751983	5.0
0375507752	5.0
037540709X	3.0
0316056561	5.0
0684843749	2.0
0882898612	5.0
014311610X	5.0
0195170342	5.0
0156198207	5.0
140130169X	3.0
0452283671	4.0
0736924019	1.0
0805067809	5.0
0307387992	4.0
0375413774	4.0
0060577304	5.0
039486056X	5.0
0060957409	5.0
0201354632	4.0
0345528603	2.0
0425189031	5.0
0002178559	1.0
0312972091	5.0
1563896648	4.0
0061547751	3.0
0062183591	3.0
039915258X	3.0
0718009584	1.0
1583671846	4.0
0809057387	5.0
1588512886	5.0
0786247738	5.0
0345466683	4.0
0340979496	4.0
0802778119	4.0
0060530677	3.0
141659857X	3.0
1594030863	1.0
0452283655	5.0
0141007338	5.0
0486418022	3.0
0471264814	2.0
1449355730	3.0
0312909675	4.0
0345412885	Infinity
0679752552	3.0
0812971086	5.0
1566630274	5.0
0812975448	5.0
081297543X	5.0
189355497X	2.0
0312084447	3.0
0399153896	1.0
0671536079	5.0
080214151X	5.0
0230102719	2.0
0385662211	1.0
0340822775	5.0
0761525262	5.0
0394827996	5.0
1400046432	5.0
0137021143	4.0
0060528370	4.5
0553099957	5.0
0452269350	5.0
0385495536	3.0
0671020641	3.0
0800792327	4.0
0330419129	4.5
0140188320	5.0
1576754758	4.0
0345440935	3.0
0805069593	4.0
0618726349	5.0
0345479173	4.0
0380805715	4.0
0252723252	4.0
034530280X	4.0
0786915749	5.0
B007II00XE	3.0
0743259998	3.0
1593760477	5.0
0440236959	4.0
0745630065	4.0
1592287328	2.0
1932994106	4.0
155750587X	4.0
0312857063	4.0
0811724336	4.0
0451459792	3.0
0195205502	4.0
0684867761	4.0
0061939897	5.0
0618680004	5.0
0299201007	5.0
0802139256	5.0
0470462086	4.0
0809142511	5.0
1591297249	5.0
0670032328	3.0
1851684670	5.0
1588519430	5.0
0060567104	5.0
0739476475	1.0
0060392452	5.0
0745330533	1.0
1590170571	3.0
0020519109	4.0
0380791412	5.0
0553382950	2.0
0385513801	4.0
006107327X	5.0
0805069550	4.0
0842300988	1.0
0151012121	4.0
0312570694	5.0
0307382281	5.0
0375502882	3.0
0895260476	-Infinity
078689072X	5.0
0805069569	4.0
0393319385	4.0
0140269444	4.0
0786148829	3.0
0061733636	5.0
1400051878	5.0
0743269357	1.0
0451450523	5.0
1480125563	3.0
1455549657	1.0
0446522856	4.0
0143143743	5.0
0316702757	4.0
0801843871	3.0
0156225913	4.0
0805069577	3.0
0241951615	5.0
0684829495	5.0
0143116177	3.0
1401307884	4.0
0736041729	1.0
1842121502	3.0
0375410627	4.0
1422103323	3.0
0743270312	2.0
0805069585	4.0
1586481045	4.0
0306815176	2.0
0143116169	5.0
0152058664	2.0
0674016939	4.0
0316776963	3.0
0226320553	1.0
0812590554	3.0
0805069518	4.0
0375718990	4.0
080506950X	4.0
0700612343	5.0
0375508260	1.0
1586482483	3.0
0316154695	3.0
0141011459	5.0
0813339391	4.0
0486275469	5.0
0743561740	4.0
0944031595	4.0
1565849485	5.0
006056718X	2.0
0785297820	1.0
1439173168	1.0
0192806629	5.0
1416913629	2.0
078624819X	5.666666666666667
0805069526	4.0
1586481142	4.0
074325077X	3.0
0007228023	5.0
0140433864	5.0
1603093001	5.0
0609608738	5.0
0470137533	5.0
0399146652	4.0
0393049647	5.0
0805069534	3.0
0151008116	4.0
0306811677	5.0
0230603904	5.0
0465002870	4.0
031228358X	2.0
0385484011	4.0
1586482467	5.0
1400041511	5.0
0425208761	4.0
0486415880	5.0
0060663766	5.0
074758639X	5.0
0913966975	5.0
0151005079	4.0
0805082506	4.0
0451229983	4.0
0679749861	5.0
0316507490	5.0
0470121181	4.0
0895260522	2.0
0521810396	5.0
072071351X	5.0
0345421825	1.0
0312851820	5.0
1894963490	5.0
1561634239	4.0
0671665707	4.0
0446677469	3.0
0156030470	4.0
0156010860	4.0
0814471293	2.0
0809556766	5.0
0765329271	1.0
0760323550	4.0
0380723336	3.0
1846860423	3.0
1560255692	4.0
0345428447	5.0
0140433899	5.0
0674011295	5.0
0195308913	4.0
0743294327	4.0
0316715999	4.0
0195146603	1.0
0895260514	Infinity
0385336497	3.0
0143112643	4.0
1401309658	5.0
189355418X	4.0
0451216652	4.0
0393967972	5.0
0140431225	5.0
0316051632	5.0
014043254X	3.0
0802714161	4.0
0312154909	4.0
0006388515	5.0
0140512004	4.0
0767914007	4.0
1451684932	4.0
0446677485	5.0
0375422307	5.0
0345449347	4.0
0385315546	NaN
1596914521	4.0
0143112635	5.0
1439105006	1.0
0140170987	5.0
0140431217	4.0
0312424442	3.0
1582406987	3.0
0141188936	-1.0
0140433880	4.0
0393075966	5.0
0446547212	1.0
144237134X	5.0
0890876533	2.0
0671886746	5.0
0374131430	4.0
1617590304	1.0
1586483730	3.0
0938817345	5.0
1849016364	5.0
0140138862	5.0
0300116985	4.0
0312864256	3.0
158851594X	5.0
1401309682	3.0
0380758067	4.0
014311882X	5.0
0307387135	5.0
0307460282	3.0
0195179579	5.0
0452284945	-0.05
0439903548	5.0
1616491027	4.0
0767902874	5.0
0385340540	4.0
0375434305	4.0
0877736316	3.0
1401940544	5.0
0805079718	4.0
0674006712	2.5
0393038912	3.6666666666666665
0374143420	5.0
0143114484	2.0
0312284055	3.0
1400165059	1.0
0802811213	1.0
0865710953	5.0
0684853914	4.0
0380820447	1.0
0375411089	5.0
0393058522	5.0
0375434313	5.0
0099451956	3.0
0060008725	4.0
1586483714	4.0
0142000957	5.0
0394572300	5.0
0312272057	4.0
0375411070	4.0
0345476107	3.0
1400053552	Infinity
0307346609	4.0
0743265858	3.0
0743243609	5.0
0375758119	3.0
0553374591	5.0
0393305643	5.0
0231130112	5.0
0750926112	3.0
0486295834	5.0
037542234X	5.0
0141439580	5.0
0439023483	4.0
0140390219	5.0
0140296271	5.0
0374272107	1.0
0805055711	4.0
0521641837	5.0
0060955597	2.0
0385506724	5.0
0553128183	5.0
1593079141	5.0
0195369882	4.0
0307387178	4.0
0316739111	4.0
0446577081	4.0
0684827603	5.0
0375422374	4.0
1586481983	5.0
1564585026	5.0
0552132888	3.0
0066213711	4.0
0345453433	5.0
039471475X	5.0
034546673X	4.0
0451527534	5.0
0399153829	5.0
0062204602	5.0
0743452887	1.0
0425205673	5.0
1594202508	4.0
0788789643	2.0
1597802166	5.0
055329024X	1.0
0385340567	4.0
0415927129	3.0
0441054900	4.0
0060558288	5.0
0307378217	5.0
0313323658	4.0
0395907284	5.0
1568586566	5.0
0679642811	4.0
0805074007	8.0
1400034523	3.0
0973714735	5.0
0670019283	3.0
0306806983	5.0
0679446958	1.0
0307338231	2.0
0140244867	5.0
014039012X	5.0
0609610007	5.0
0525948139	4.0
0060977108	4.0
0312425031	4.0
0385506805	2.0
0891417214	4.0
0310208165	1.0
0891418547	5.0
0061856436	5.0
0966662415	1.0
0060185163	5.0
0310247772	4.0
0895261081	5.0
0471385026	3.0
0814457878	4.0
0425223590	4.0
0312326998	5.0
1887128727	5.0
0679751114	5.0
1583224890	4.0
0786157836	1.0
037550785X	5.0
0007431201	4.0
0385492529	3.0
0742526992	4.0
0865479453	1.0
014303538X	4.0
0316011541	3.0
1556618190	1.0
0758207689	4.0
0140447571	2.0
0394600746	1.0
1559705477	5.0
0743223861	4.0
0393309851	5.0
1596980990	2.0
0451212924	4.0
0786703326	4.0
0553297090	2.0
0307338266	1.0
0385332866	4.0
0446583979	5.0
0895261065	3.0
1582434034	5.0
0802142931	5.0
0679764437	1.0
1930865597	5.0
0312321287	4.0
0385510098	4.0
0140390170	5.0
0671759159	4.0
1897093829	5.0
1840460571	5.0
074325547X	4.0
0312015119	5.0
1561631892	4.0
0805062882	5.0
0345476131	4.0
0316358509	3.0
0385065299	5.0
1582345325	4.0
1439176191	4.0
0425201376	5.0
0375414967	5.0
1441756027	5.0
0385523343	4.0
0451165209	4.5
030727828X	5.0
0375424148	5.0
0140280537	5.0
0345457862	4.0
0895262371	1.0
0316358517	4.0
0224042963	4.0
0425243184	4.0
0312428111	5.0
0670437654	4.0
0375424156	5.0
0441005241	3.0
0743288335	5.0
0375414959	4.0
0142001538	3.0
030728364X	5.0
0385058985	5.0
0142800651	4.666666666666667
0306813254	4.0
0671207148	5.0
0451231201	3.0
0684859149	3.0
0307351262	5.0
0316358525	2.0
0300160402	3.0
0802713505	3.0
0099457156	3.0
0446389617	1.0
0553269828	3.0
0764576208	5.0
067976268X	5.0
0345457889	4.0
0375757597	1.0
0440215269	5.0
0743289684	5.0
0761135480	2.0
0061252727	2.0
0828012652	5.0
0449909174	3.0
0547053525	4.0
0385092881	4.0
0393334872	5.0
0446546925	5.0
1579545866	4.0
0801038367	1.0
0606002952	1.0
1596980133	Infinity
0780648838	3.0
1441110526	4.0
0805464360	2.0
1932300333	5.0
0060723890	1.0
0425104397	5.0
0312263937	5.0
1846144841	2.0
0385066511	5.0
0201021153	5.0
0375753125	5.0
0805069488	3.0
0842028765	3.0
1560258756	5.0
0757305601	5.0
0684800500	4.0
0974537632	2.3333333333333335
0872864839	5.0
0304353507	4.0
0547518269	4.0
0739319728	NaN
1574881582	3.0
0517593483	1.0
0451215125	5.0
0671027379	2.0
014303796X	3.0
0684810794	2.0
0140432485	5.0
0316358568	4.0
0929712404	3.0
0451204476	5.0
0805069496	4.0
0061161640	5.0
0743246543	4.0
1933113839	1.0
0375504761	3.0
0786868767	2.5
0805431446	2.0
0451233832	4.0
006105111X	1.0
0061712612	5.0
1586485563	2.0
0070542007	4.0
0974537616	-1.0
0451215109	5.0
0307275175	5.0
0446579807	3.25
1574241389	1.0
1593761015	5.0
0802117171	2.0
0743204735	4.333333333333333
1594031444	Infinity
0099533243	3.0
0767926145	5.0
0345485920	4.0
0930462033	1.0
0312208286	5.0
0811726827	4.0
0471644889	4.0
0679402535	4.0
1591297109	5.0
0195167716	4.0
0971394237	4.0
1605984744	3.0
0670286303	4.0
0143059335	2.0
0465013368	4.0
0671866397	4.0
075093204X	2.0
050005116X	5.0
0312272839	4.0
0809071703	4.0
0802130127	3.0
1400041716	5.0
1591024811	5.0
1595825606	4.0
1401907083	5.0
080411966X	4.0
0971394253	-Infinity
0691139296	3.0
1585670359	4.0
0851706738	3.0
0743271521	2.3333333333333335
158008270X	4.0
1580082718	4.0
0385344007	2.0
1400050642	3.0
0140185399	5.0
0143035371	5.0
0805069461	4.0
0142002003	5.0
0805090037	5.0
0060938382	4.0
0345331222	4.0
1470155117	5.0
0742551172	5.0
0380813173	5.0
0631236163	5.0
0609808184	3.5
0307275132	3.0
0684819066	5.0
0140168796	4.0
0028604199	3.0
039914787X	4.0
0140440046	5.0
1401352340	1.0
1404186735	4.0
044101058X	3.0
0230738605	5.0
0684857340	5.0
006073132X	5.0
0345428544	5.0
1569719594	4.0
1586485636	5.0
0066209544	4.0
0385313667	5.0
0785958304	3.0
0312340486	1.5
0553274325	5.0
0393049566	3.0
1400066921	5.0
0060514558	1.0
0142003239	4.0
0307389006	4.0
1932360824	5.0
0470098287	5.0
0895260662	2.0
0312425848	4.0
1616142405	5.0
0451409655	4.0
067001883X	5.0
0062314254	5.0
0465009387	5.0
0393058492	4.0
0743202120	Infinity
0316067954	1.0
0143034871	3.0
0060558121	5.0
0805069429	3.0
1416549714	1.0
0975283413	1.0
1589793269	4.0
0141802766	4.0
0760716080	2.0
0761536604	4.0
0679401288	4.0
0688050336	1.0
1594933731	5.0
1596432594	5.0
0520237730	5.0
0156030357	5.0
156592262X	4.0
0062019503	4.0
0743260031	4.0
0521603676	5.0
1581826621	4.0
0684846659	2.0
0393061221	5.0
0007107927	4.0
0571224644	5.0
081184529X	5.0
1439142734	4.0
0739314009	1.5
0399150609	5.0
3936709017	3.0
015600710X	5.0
0743294238	4.5
0809227843	4.0
0805058729	5.0
0814706711	3.0
1585743828	4.0
0345428560	4.0
0375415351	4.0
1594488959	3.0
1594862958	3.0
1551681919	3.0
0674013131	3.5
0306812851	4.0
0743296885	3.0
0345295943	4.0
0823078949	5.0
006075401X	3.0
1563058073	4.0
0297846876	3.0
0385015836	4.0
1859843603	1.0
047121888X	3.0
0446358576	5.0
0399103422	5.0
0140284125	4.0
1579546277	4.0
0879758406	4.0
0691117888	3.0
158574607X	5.0
0691155240	1.0
0440236274	4.0
0143113283	4.0
0147509734	5.0
0743454529	5.0
0895260603	5.0
0739495585	4.0
0143034812	4.0
0446358584	5.0
0821257455	5.0
0743417593	5.0
0440212294	4.0
0789312042	3.0
1458717100	2.0
0872865371	5.0
015603297X	3.0
0674025938	4.0
0786166835	1.0
0887347487	3.0
097794400X	4.0
1931672024	5.0
0070534489	4.0
0316097756	1.0
0099297701	3.0
0399158596	5.0
0441014100	5.0
0618341501	2.0
0143038397	3.0
0140431950	5.0
0870492322	4.0
0982589964	5.0
0307277739	4.0
1414317085	1.0
0425201392	5.0
1595230033	8.0
0449911578	5.0
0684836491	2.0
0199753938	4.0
0896382583	1.0
0099481685	5.0
159102479X	4.0
0802777686	1.0
0553246259	4.0
0865715068	5.0
1596980923	1.0
1595230025	2.0
0670022098	4.0
0374528373	NaN
0802142923	5.0
0195135210	4.0
0891419047	5.0
0385481969	3.0
0805449574	2.0
0805076530	5.0
0195314638	3.0
0891419039	4.0
0312626681	-Infinity
0801859530	5.0
1893554244	5.0
0810996510	5.0
0958240140	5.0
1588515893	5.0
0802717144	4.0
0060008806	4.0
1590072871	4.0
0060097833	4.0
1598530097	4.0
054742485X	3.0
0802136230	5.0
0805076522	5.0
0470638699	3.0
0380005239	5.0
1588518930	5.0
0140288503	5.0
0613998057	3.0
1404104828	3.0
0375726489	5.0
0399147012	2.0
0142437263	Infinity
1576751511	4.0
0345457927	4.0
156656686X	1.0
0316015032	5.0
073932683X	3.0
0380713055	5.0
0700612254	4.0
0385479662	5.0
0399157298	5.0
157673854X	1.0
0553268465	4.0
1586487388	4.0
159523005X	1.0
0312587465	3.0
0060852550	5.0
0872864332	4.0
1891105116	5.0
0345515501	1.0
1582437874	5.0
0385513208	3.0
145161747X	2.0
0609610368	5.0
0385510187	5.0
086547186X	5.0
0609804138	5.0
0805093079	4.0
1581824807	1.0
1596090804	4.0
1595550445	5.0
0809071878	3.0
1844158667	4.0
0060199202	4.0
0385492677	3.0
0764536095	1.0
0060724226	5.0
0140186301	4.5
0385242719	5.0
0192833677	5.0
0312326637	5.0
0679640967	3.0
1567511767	5.0
0470050101	5.0
0143038788	-Infinity
0143037455	3.0
1560259361	5.0
0762779187	4.0
1582403600	3.0
0684859068	4.0
080213940X	5.0
0195067142	5.0
1555534074	4.0
0679739394	5.0
0394528360	5.0
0802141722	4.0
0743230493	4.0
0143037471	2.0
0060784776	3.0
0140434135	5.0
0452296749	3.0
1402727585	5.0
0061684384	4.0
0786157933	5.0
1586488791	4.0
0689876475	3.0
0312856830	5.0
0805082379	4.0
0547750315	2.0
0805069399	4.0
0307270688	1.0
0385531087	5.0
0060775858	5.0
0312974043	2.0
0393065146	4.0
0471483850	5.0
0099740915	4.0
0075536498	5.0
0313362165	1.0
0802118542	5.0
0060924721	4.0
0788749730	4.0
0739332414	NaN
0307339262	3.0
0811703258	5.0
0393088693	5.0
0385503865	5.0
0060525096	3.0
0785263314	1.0
1595584684	5.0
0931674948	5.0
0805082395	4.0
0764541498	4.0
1580085717	3.0
1570715106	5.0
0425182673	4.0
1592406599	5.0
0312622104	5.0
0142001686	5.0
0156002108	5.0
0517885670	5.0
1841450278	3.0
0743266471	4.0
0316358401	4.0
1580174485	4.0
0805082387	4.0
0399154507	4.0
0060510862	5.0
0615613969	3.0
0141191538	4.0
0141043601	5.0
1594481520	2.0
0312900600	4.0
1559707968	3.0
0141040580	5.0
0130325996	2.0
0939650444	4.0
0891417745	4.0
0786867345	5.0
0060544236	3.0
1586483056	4.0
0385265425	3.0
0316358428	3.0
1608191664	5.0
0985928425	5.0
0807609951	4.0
1427205574	3.0
0231146361	5.0
0312362323	5.0
0696218364	2.0
0060582510	0.5
0151012326	5.0
0895260271	3.0
0865711232	5.0
0316016748	3.0
0060590114	2.0
0345457145	4.0
031615928X	2.0
0805068031	5.0
067166154X	5.0
0312286910	3.0
0805069364	4.0
0241143144	5.0
0684847914	5.0
0345388852	4.0
0393064646	3.0
1883536162	3.0
0895260263	Infinity
0805069372	3.0
0060761288	0.5
0803257309	4.0
157954908X	2.0
0345335511	3.0
0316358444	3.0
0142003425	5.0
0380732033	4.0
0486224848	5.0
0446580503	3.0
0312422504	5.0
0930289218	5.0
1585745642	5.0
0452285216	4.6
0471457582	3.0
0140444335	4.0
0802143504	5.0
0140432353	5.0
0306808609	4.0
054723824X	4.0
0743225996	1.0
0312269579	2.0
0316099007	4.0
0805069380	4.0
0143117297	4.0
0060544244	2.5
1428166181	NaN
0316358452	2.0
0802117236	3.0
0470824948	5.0
158816635X	5.0
0758210752	1.0
0312383223	4.0
0385313632	2.0
074323667X	3.0
0743235355	4.0
0785268189	1.0
0521898102	3.0
1558592288	5.0
1891105159	4.0
0743211383	4.0
0061766720	4.0
0684832879	4.0
0060975407	4.0
160239802X	5.0
1932033726	4.0
1439192960	3.0
0060984341	3.0
1560977191	4.0
0345428609	4.0
0976726904	1.0
0815410727	4.0
1586486993	2.0
0451408829	2.0
0671867369	5.0
0316358479	4.0
0375728074	2.0
0060738057	2.0
0385520344	5.0
1400079195	2.0
0140258558	3.0
0385482485	2.5
0399153268	3.0
1442363479	1.0
0788748467	2.0
0767905385	NaN
0375410864	5.0
0316358487	4.0
0316240079	5.0
0452278902	5.0
1401901689	3.0
0375503994	5.0
0345457129	3.0
0465067093	4.0
0743291476	5.0
0525947752	5.0
006207993X	5.0
1586481282	4.0
0060652950	4.0
0253210038	5.0
0316358495	4.0
159257534X	5.0
0684808293	5.0
0446607320	3.0
0061992704	5.0
141652049X	2.0
1938793188	1.0
0307730093	2.0
1569242739	5.0
0684813637	5.0
0395389496	5.0
0140177396	5.0
0671721658	3.0
0312308876	5.0
0312306210	5.0
0451223179	3.0
069108677X	2.0
0061469041	2.0
0837184436	4.0
0060892579	5.0
0674075900	4.0
0316003360	1.0
1433672146	1.0
0679772871	5.0
0781769604	5.0
1844670767	5.0
0061429856	3.0
0380727501	2.0
0140182748	5.0
0895260301	2.0
0745327540	4.0
1565841735	4.0
1574888498	4.0
0803277873	3.0
0345291417	3.0
0345428641	4.0
0195143329	5.0
1596985887	3.0
1481047949	5.0
0256036454	5.0
0670032603	4.0
0071391401	3.0
0140291172	5.0
0312421133	4.0
0679723005	5.0
1933495138	3.0
0965917924	5.0
0805091203	4.0
0060789662	4.0
0805087192	4.0
1844676013	5.0
0143124404	4.0
0451207955	2.0
0071410228	5.0
0767902289	4.0
0767924479	1.0
0156031566	5.0
0312321899	3.0
0441715923	5.0
1596985003	2.0
0141439750	5.0
039568093X	5.0
0393072231	4.285714285714286
143325123X	2.0
0306820331	3.0
0375404120	3.0
0739456741	5.0
0345406443	4.0
0316519294	3.0
0061668214	5.0
0307383415	5.0
1439172498	4.0
0345336771	4.0
0763630233	3.0
080508715X	4.0
0743264738	5.0
0062003054	2.0
0060595833	5.0
1586482661	4.0
0312446470	4.0
0141000589	4.0
1583332693	4.0
0757003338	2.0
1586489291	5.0
0375701907	5.0
081221725X	4.0
0752847120	3.0
0143034316	5.0
1401341136	2.0
042518756X	5.0
0446613185	4.0
0140109277	3.0
0060825820	4.0
006112429X	5.0
1416592229	2.0
140006354X	5.0
0140127925	5.0
1401903339	3.0
0743271092	5.0
0575071184	5.0
0762437421	5.0
1441768564	5.0
0760710619	5.0
0471193267	5.0
0521556325	4.0
0812969472	3.0
146765101X	5.0
0800719050	5.0
0060957573	4.0
0812971787	5.0
0439353793	4.0
0060828048	2.0
0975599542	3.0
0143114255	5.0
0060792450	2.0
042519955X	5.0
0671748734	5.0
0684811073	5.0
0972018409	2.0
0764552953	5.0
0321929500	2.0
0520219783	5.0
1591845505	1.0
157270358X	3.0
0679642633	3.0
0393065073	5.0
0385503024	1.0
0141001828	5.0
0609808443	4.0
0684814110	4.0
1596985011	1.0
0195052161	4.0
1905299834	5.0
B00A7DDSEK	2.0
0060598999	5.0
0195098358	3.0
0771029780	5.0
0805056866	5.0
0140277722	4.0
0345532031	4.0
0345338588	4.0
0974998605	2.0
0805077790	2.0
0803259158	5.0
0140173897	3.0
1844541037	2.0
1588511391	5.0
0141439777	5.0
0143144006	3.0
0811718247	4.0
1852421398	3.0
0061433012	5.0
1566637953	1.0
0449911683	5.0
0684824396	4.0
0375414339	NaN
0393020185	4.0
039914739X	1.0
076032199X	3.0
0671456547	5.0
1857989465	4.0
0670033030	3.0
0821228897	4.0
006052510X	4.0
1554511585	3.0
1416575731	4.0
0142002917	4.0
037550883X	2.0
031230935X	5.0
0060937998	5.0
0230619207	5.0
155853265X	4.0
0071632956	3.0
0521010683	5.0
0316204315	3.0
0375753966	4.0
0060598964	4.0
0140099484	4.0
0156006510	4.0
1568583273	2.0
9992267429	4.0
0330352121	1.0
1560255846	5.0
1439155089	1.0
1595230165	3.3333333333333335
0743229576	5.0
0066212626	4.0
0452289564	4.0
0140449159	5.0
076455168X	3.0
0553714430	Infinity
0307394913	5.0
0312365497	4.0
0743421949	4.0
B006WEB7VY	4.0
0141001836	4.0
0375831002	5.0
1401217109	4.0
0679640886	5.0
037550754X	3.0
067964086X	3.0
1594862435	3.0
0340613920	4.0
1596985062	1.0
0307263436	3.0
0375402314	3.0
1588514455	5.0
0975599518	1.0
0805073396	3.5
0140264450	5.0
1586483900	4.0
0520208234	4.0
0425192997	4.0
0679640878	3.0
0446671096	1.0
0060082216	5.0
0743230388	5.0
185367611X	3.0
0670024872	3.0
0517294095	4.0
0316043397	4.0
0393318540	4.0
0312851227	4.0
0060763957	1.0
0142001740	4.0
0306813041	4.0
0385489129	4.0
0374123543	3.0
0141191430	5.0
0804722773	5.0
055313079X	4.0
0307386562	3.0
0312876513	4.0
0060516054	4.0
0765312182	5.0
0060977337	3.0
0141026154	5.0
0307475255	5.0
015601226X	3.0
0143117351	3.0
0465041213	2.0
1300136812	4.0
1560006250	4.0
0451412168	3.0
144233729X	5.0
0936070048	5.0
0380788306	4.0
0521838347	4.5
0446525804	5.0
0553588249	5.0
0143036009	4.0
141656683X	5.0
0061241806	5.0
0743271718	3.0
1597800449	3.0
0735201633	4.0
1857594541	5.0
0316044695	4.0
0765300176	4.0
0307742857	3.0
0307476561	4.0
0679417370	5.0
0836207785	1.0
1403963681	5.0
1594036063	1.0
0743287231	4.0
0061808164	5.0
0316023744	1.0
0312658850	5.0
0486419223	5.0
030733936X	3.0
0312144776	3.0
0312864590	1.0
0849947391	5.0
068817471X	4.0
0684862581	3.0
0395901324	4.0
0060853972	5.0
0226646777	5.0
0679750460	5.0
0762781343	4.0
0446697524	3.0
0312868944	3.0
0142004804	5.0
1401233325	3.0
0307716570	1.0
0312355297	3.0
0743200551	3.0
0847825043	4.0
0345447832	5.0
1846033772	3.0
0060817410	3.0
0142004839	4.0
0385133685	5.0
0691131171	3.0
0740723227	5.0
1841580457	4.0
155583793X	5.0
0156671409	3.0
1400034337	4.0
014311557X	1.0
0062255657	5.0
0896086348	5.0
160530641X	4.0
006113029X	4.0
0140435387	5.0
0140440720	4.0
0962936022	4.0
1433506548	2.0
0312423926	3.0
0452284015	5.0
0971304564	5.0
0345470230	2.0
0395859999	5.0
0739304488	5.0
0805069232	4.0
0674024397	5.0
0312269463	3.0
0330418386	2.0
1932158561	5.0
0891417850	5.0
0060740450	2.0
0745319890	4.0
044669133X	1.0
014043223X	5.0
0805091181	3.0
031231521X	3.0
0952614766	1.0
0140242058	4.0
019500146X	1.0
0785261486	1.0
1400045002	4.0
0805069240	4.0
0385177259	5.0
006135323X	5.0
0140432256	5.0
1564772705	5.0
0316358312	4.0
0743281101	4.0
0140281630	5.0
0890511934	2.0
0515131229	4.0
0393059170	3.0
0393064522	4.0
1400108268	5.0
0521539773	5.0
0805069259	4.0
0316017922	5.0
0446385050	5.0
0306816172	4.0
0060931965	3.0
0691121796	4.0
0803232128	4.0
0316358320	4.0
0882709224	2.0
0062012614	3.0
0349101752	3.0
1469984202	4.0
0060722304	2.0
1586483145	2.0
0805075933	5.0
0312429266	4.0
0316358339	3.0
1591841917	5.0
1580512135	3.0
0671039105	3.0
0385500858	Infinity
0310200059	4.0
0195014766	4.0
0982417179	5.0
1581826478	4.0
0151176507	5.0
0385066309	5.0
0307278441	5.0
0743277031	3.0
0760776385	4.0
0743572203	1.0
0300123647	3.0
0704371669	5.0
0312628196	4.0
0316358347	3.0
0553586491	3.0
0300097662	1.0
1560978392	3.0
0060738170	5.0
0312245475	5.0
0060089555	3.0
0061721786	4.0
0743241924	2.5
0451167228	5.0
1931859965	5.0
0143038664	2.0
1586483129	4.0
0393064581	5.0
1586488813	5.0
0805037667	5.0
0316358371	4.0
074532309X	5.0
0895260344	5.0
0735613753	5.0
0375421726	1.0
0310205719	5.0
031600023X	4.333333333333333
0307291448	1.0
0700608796	5.0
0312283709	5.0
1840468661	5.0
0982417128	5.0
067175145X	2.5
0807830984	4.0
0688038867	5.0
0805069224	3.0
0736041850	4.0
1439192812	5.0
0756620619	4.0
1410419592	5.0
0375708383	5.0
0842373195	2.0
0060191252	3.0
1568360207	4.0
0300092059	4.0
0670889768	4.0
1592333028	4.0
0140434836	3.0
0300161034	2.0
0786869011	4.0
037540404X	4.0
1876175478	5.0
0385608136	5.0
0340899751	4.0
0743272234	5.0
0615147143	3.0
0140251847	4.0
0060731583	5.0
0300166710	4.0
0316358398	4.0
1596987731	3.0
0312306326	2.0
0452288312	5.0
0465038514	3.0
0140144560	5.0
0312272103	4.0
0895260425	1.0
0765300982	2.0
155455036X	4.0
0743202376	2.0
0062067753	3.0
079226794X	3.0
0199759898	4.0
157322829X	4.0
0375404031	4.0
0739474464	4.0
0156032791	4.0
0897335147	4.0
080903719X	4.0
0393035158	Infinity
0670885371	4.0
1844677494	5.0
0596802447	2.0
1477800832	4.0
037550284X	4.0
0671044494	5.0
0143113879	4.0
1579549985	5.0
0316777730	2.0
1596431016	4.0
0071593012	5.0
0312421265	5.0
0007230206	5.0
0375431101	4.0
0765309386	3.0
0312421273	4.5
1854794884	3.0
0898156122	4.0
0895260409	3.0
006136827X	5.0
0316183091	1.0
0316341517	4.0
0345448359	3.0
0671799320	5.0
1562790218	2.5
0312424302	4.0
B00BM8RK48	5.0
0806670614	5.0
0141439629	4.0
1566638348	3.0
0330487256	3.0
0060890096	5.0
1416558454	5.0
0345448375	4.0
006075995X	NaN
1413726755	5.0
0061340715	3.0
0446679763	4.0
0940322889	4.0
0938045555	4.0
0345533429	5.0
038549503X	5.0
0060090588	4.0
0385527160	4.0
0767901053	5.0
0970009828	1.0
006101351X	5.0
0743260244	3.0
0805090673	5.0
0813134161	5.0
0060195576	4.0
0609807013	5.0
1567511945	5.0
0671769561	5.0
034545247X	4.0
0563384778	4.0
0813337925	4.0
1565073010	3.0
0060845503	5.0
0060559284	2.0
0465045669	5.0
B00HHTPCW8	5.0
0399533656	4.0
0393045358	5.0
0307452557	2.0
1439101140	3.0
0826476201	5.0
0394585755	1.0
000779021X	5.0
0765341476	5.0
0861711769	5.0
0812971892	5.0
074325001X	2.0
0307277968	5.0
080213775X	4.0
030727795X	5.0
1442346272	4.0
0060007761	5.0
0385336179	5.0
1576875040	5.0
0821257242	5.0
1844673960	5.0
1593373996	5.0
1591024579	5.0
0743486331	2.0
0385504489	3.0
1594030804	2.0
0307473457	5.0
0062505858	4.0
0809098954	4.0
0809599783	4.0
0674034651	4.0
0684052369	5.0
0756605954	3.0
0764113909	5.0
0767900561	5.0
0670081493	5.0
0345440463	1.0
0452287081	-Infinity
0310209307	1.0
0312285485	3.6666666666666665
0963420526	5.0
0684869128	4.0
0743474333	5.0
0446178926	3.0
0385516401	5.0
0312265867	5.0
0026009102	1.0
0061582484	5.0
0802139515	4.0
0812930991	-Infinity
0743228154	5.0
0060084766	4.0
0375507639	4.0
0300089236	5.0
067002225X	3.0
037542489X	5.0
0674013751	3.0
1439184305	1.0
1550223615	5.0
0767904974	1.0
0394555090	5.0
1401210627	4.0
0060732075	-2.0
0393020088	3.0
0380727420	4.0
0446584967	5.0
1451695993	4.0
0141439688	5.0
0916103730	5.0
1591843634	5.0
0299174905	4.0
0805098542	2.0
1603580352	4.0
0312265840	5.0
1400044545	2.5
140006676X	2.0
0399152601	4.0
1439101167	5.0
1569714029	5.0
0750919752	5.0
0804115982	3.0
0987823914	5.0
0385516436	3.0
0553213555	3.0
1404310339	5.0
1840461225	4.0
0380807149	5.0
1579546072	2.0
0061173932	5.0
074325337X	4.0
0393040054	5.0
0375423125	4.0
0465016146	3.0
0765317761	4.0
0306815575	5.0
0141040343	5.0
029764680X	5.0
0312425392	4.0
0938045288	1.0
0060933887	3.0
0307456625	5.0
1568584334	5.0
0375708278	5.0
0060953497	3.0
0805083499	4.0
1585670618	3.0
0967571294	1.0
0394758439	3.0
0804113106	3.0
0060957867	3.0
0385660065	4.0
0375725601	4.0
4770019831	5.0
0312315716	4.0
1400080762	3.0
0141441321	5.0
0767920376	5.0
0465090974	5.0
1859844510	1.0
0786714352	5.0
002542730X	5.0
0743266676	4.0
0312924828	5.0
1590770706	4.0
1843310279	5.0
0140277447	4.0
0789718235	4.0
0312979975	5.0
0743254686	4.0
0736057714	5.0
0312931115	3.0
0805087877	1.0
0140444173	5.0
0446386898	5.0
0330492691	2.0
1560972998	5.0
0891760261	4.0
0143121944	4.0
0786866624	3.0
0060843829	5.0
0975345540	1.0
0895260093	2.0
0141040378	4.0
0451148398	1.0
0375403973	4.0
0375414614	4.0
0345500695	3.0
0316010790	5.0
0553382551	4.0
0670031488	5.0
0807050202	5.0
0316602051	2.0
0743203925	4.0
0743223527	5.0
1400095832	4.0
1559702028	4.0
0099427869	2.0
0060817518	3.0
0670034517	3.0
0812692942	5.0
0805083456	5.0
0143119605	4.5
0452284503	2.0
0300105924	3.0
1566565960	5.0
0199742677	5.0
0757306454	1.0
0375411569	Infinity
0091883768	3.0
0679729771	5.0
0671531638	3.0
0670034525	3.0
0316001821	3.0
0345487133	4.5
1439190135	5.0
0307454894	2.0
0061228753	4.0
1591026040	5.0
0743203941	5.0
0140012486	5.0
0671037021	1.0
1455523429	5.0
0974028401	1.0
0233966978	3.0
1932234004	1.0
023060532X	5.0
0752866427	4.0
0451188462	4.0
1451688857	4.0
0684848139	1.0
0674012968	3.0
0786183616	-3.0
047097611X	4.0
1250039606	5.0
0521606144	1.0
0385418485	4.0
1435243862	5.0
1594519188	5.0
0307740994	2.0
0674557751	5.0
0470128216	3.0
0618858679	5.0
0812977610	3.0
0060191538	1.0
0812532155	4.0
1617750786	1.0
0375406190	4.0
0307740986	5.0
0446520659	5.0
0143114808	4.5
0380710455	3.0
0060929782	5.0
0345437764	3.0
0875969194	3.0
0553584391	5.0
1932234063	2.0
0316024597	4.0
0911910352	5.0
0307379051	5.0
0517162377	5.0
0895260034	4.5
1423374827	1.0
0385263481	4.0
0684832666	5.0
0345346890	4.0
0060784156	2.0
0802714587	4.0
0071341455	4.0
014062029X	5.0
0895260026	1.0
0895261359	4.0
0761107711	4.0
0446539252	4.0
1439120250	4.0
0385324987	3.0
0262691825	4.0
1903386500	1.0
0316208590	5.0
0465002358	5.0
0743201310	1.0
067145711X	4.0
0930289455	4.0
0787968056	3.0
0764157019	3.0
0743222245	-Infinity
0465038352	5.0
0446527289	4.0
0061173975	3.0
0385333005	3.0
0891418873	5.0
0099406136	Infinity
0330439693	3.0
1844675327	5.0
0380790564	2.0
0142002364	2.0
0399152199	5.0
0670889040	3.0
0743270762	4.0
0316279722	2.0
0061430625	4.0
078510271X	5.0
067978148X	2.0
0345353129	4.0
0375509038	3.0
023252078X	5.0
1480009652	4.0
0743412400	4.0
0375432957	5.0
0385533888	3.0
0714836346	5.0
0446578843	2.0
0446532681	4.0
1416533125	5.0
193258630X	5.0
0385264763	5.0
0060096195	1.0
1586483242	4.0
1400060346	4.0
0823015807	1.0
0393066622	5.0
1400082587	4.0
0195306686	4.0
0446578851	4.0
0743273818	4.0
0321701771	3.0
1416553282	5.0
0465041965	3.0
0762105798	5.0
0316278424	2.0
0976974037	2.0
0312601816	4.0
0143035010	3.0
0140432159	5.0
0142003697	NaN
1598130056	3.0
0099450259	-Infinity
0439203074	5.0
0809094703	5.0
0743236009	4.0
0061988448	2.0
0345374827	5.0
0971880107	1.0
026205065X	4.0
0345418611	4.0
0743240987	4.0
0375705201	3.0
0307463729	5.0
0393337618	5.0
1591296455	5.0
1613771959	4.0
0399148841	1.0
0307473996	4.0
0446530867	1.0
1582342806	3.0
0393060454	5.0
0061173002	4.0
0307265439	5.0
0679722378	4.0
0007337701	5.0
0312857586	4.0
1570756783	5.0
0192804456	4.0
074356619X	1.0
0449006832	5.0
1416535748	5.0
0099512688	5.0
0805079319	2.0
0140430350	3.0
0060972564	3.0
0743284577	4.5
0312156278	5.0
0143035835	4.0
0739339656	5.0
0307277453	4.0
044617792X	4.0
0446177938	5.0
1560256532	5.0
0688158927	4.0
0786719125	5.0
0143034502	3.0
0786867175	4.0
0740703579	2.0
1400041996	4.0
1416534407	5.0
031260369X	3.0
0743578198	5.0
1932280839	4.0
0007240198	5.0
080508827X	3.0
1843546299	5.0
0060746734	2.5
1588515591	5.0
0801493137	4.0
014103453X	5.0
0970312598	5.0
1851688528	5.0
0553100203	4.0
1456754416	3.0
1416593322	3.0
1585742880	3.0
0395779278	3.0
0312186967	3.0
0821601369	2.0
078710339X	2.0
0307459659	5.0
0061011479	4.0
0500286620	5.0
0020291922	5.0
1423346858	5.0
055338080X	5.0
0312087012	2.0
0140168222	4.0
0060779683	1.0
0760722404	5.0
1559391391	4.0
1250041104	3.0
006273170X	5.0
0806526289	4.0
1476731497	4.0
0345481038	NaN
067187120X	2.0
0811839753	5.0
0375433430	3.0
0743273893	2.0
0345444914	3.0
1573244619	2.0
1403969590	4.0
0449006840	4.0
1594932743	3.0
0312609809	2.0
0452283191	3.0
0060959576	4.0
0143038915	4.0
0781443067	1.0
0393316734	5.0
0805089578	4.0
0843953519	5.0
0345418638	3.0
031264065X	4.0
1596985216	2.0
034545250X	2.0
0465013953	4.0
0393067017	5.0
1847285414	4.0
081099447X	5.0
030737730X	2.0
157826085X	3.0
0374292795	4.0
031600538X	5.0
0140369260	4.0
0345476581	4.0
0060515597	1.0
0879239921	3.0
0439139597	5.0
0671041908	2.0
1607745100	4.0
1598879294	5.0
0312324723	5.0
0060935537	4.0
1416561765	3.0
0691119953	5.0
0688155022	4.0
1405108487	5.0
1451624050	1.0
0674003209	5.0
1401352081	-Infinity
1439140634	5.0
0500251959	5.0
0060175400	NaN
0743285026	5.0
1416551506	4.0
190546021X	4.0
0751536822	4.0
1439168199	1.0
0195181409	4.5
0143116649	5.0
1871592208	4.0
0785263195	1.0
0099448793	3.0
031226660X	-Infinity
0547085702	5.0
0345418670	3.0
0152017682	5.0
0802132189	4.0
0609808672	4.0
0449912302	5.0
0385304471	5.0
0739451634	2.0
0811837904	3.0
0312427999	5.0
1573221937	3.0
0765308738	5.0
0307377326	5.0
1593072937	5.0
0439895294	5.0
0765315025	2.0
0440111323	5.0
0807845477	3.0
0939571234	4.0
0345405374	5.0
0465030491	1.0
0471265721	4.0
1576832899	5.0
0446610771	4.0
1855327163	4.0
0060737875	5.0
0385513496	Infinity
0312357621	3.0
0312203039	5.0
0393060411	3.0
068483569X	5.0
0345421418	2.0
034542140X	4.0
0938045253	1.0
0195304950	5.0
0805073132	4.0
0061707805	4.0
1594860009	1.0
0399149325	2.0
0891418059	4.0
0375432183	0.3333333333333333
0440155797	5.0
0140183884	2.0
0375507310	5.0
0895260905	1.0
0307275639	3.5
0140291806	4.0
0345514408	5.0
1442336587	1.0
0767909054	5.0
0486404730	5.0
0393059421	5.0
0061095982	4.0
1594630569	4.0
0393061728	5.0
0446394599	4.0
088317314X	4.0
0316005363	5.0
0807003085	5.0
0425260003	5.0
080611147X	4.0
0060014342	3.0
0761516638	2.0
1414311354	1.0
1598875884	3.0
034551016X	4.0
0804115656	3.0
0141008970	4.0
0891416374	4.0
0385513569	3.0
0743206045	5.0
0805069070	4.0
0618624279	2.0
1844672387	1.0
B0072ZREXM	1.0
0300085079	4.0
0452283337	4.0
0316037702	4.0
0141301155	5.0
0062049739	5.0
1403971080	5.0
0805069089	3.0
0316834033	4.0
0743448383	4.0
0312424191	3.0
0679640851	4.0
0671644238	1.0
0684862352	3.0
1888054859	1.0
0061245178	5.0
0385333706	5.0
0307378705	3.0
0451217381	2.0
0385517955	5.0
0684830795	4.0
0805069097	4.0
0980076315	5.0
0691020019	5.0
1555219756	4.0
0345343638	4.0
0743254562	1.0
0060518499	5.0
0525953957	3.0
1586486497	4.0
1568584229	5.0
0006863353	4.0
0232522464	4.0
1844671003	5.0
1844673669	5.0
0765304368	4.0
0143119737	5.0
0691150788	1.0
0060520744	4.0
0812973364	3.0
0399143998	2.0
1559708921	3.0
0312241259	3.0
0805096663	3.0
1566631025	5.0
159228342X	3.0
1586420631	4.0
0609609459	2.0
0451528565	5.0
0061147710	4.0
0061122416	3.0
1401602975	3.0
073560505X	3.0
0521712319	5.0
0761530975	5.0
0802142516	4.0
0895260190	4.0
081173403X	3.0
0743400399	5.0
0393057658	5.0
0312428596	5.0
0060677015	4.0
0307236013	5.0
0385468474	4.0
0696217120	3.0
0742525228	5.0
1568583796	5.0
0802142508	4.0
0028641515	5.0
0307353451	5.0
1405077697	4.0
0060838582	5.0
0805069054	3.0
0884861775	1.0
1603740384	1.0
B006LFQA52	4.0
0446526940	5.0
1859841392	5.0
0375501290	5.0
0061076058	4.0
141656795X	2.0
0312853238	2.0
0316010669	3.25
0142002402	4.0
0553242377	5.0
0547572174	2.0
0786714417	5.0
0684864975	1.0
0805069062	4.0
0802713998	3.0
0140445331	5.0
0060581778	4.0
0895260166	1.0
0345258452	3.0
0195093364	4.0
B008N04QYA	3.0
0195139216	4.0
1586485113	5.0
0099556316	3.0
0307718921	5.0
0394447530	4.0
0895260158	5.0
0446529117	4.0
0691133557	5.0
039306476X	5.0
0399152024	5.0
0743235444	5.0
064179164X	2.0
0393088774	5.0
0979585295	3.0
068987474X	4.0
0743236742	1.0
006083417X	1.0
0440029147	3.0
0143038826	5.0
0385514840	4.0
0312193033	4.0
0812932153	3.0
0393051447	5.0
0425245330	5.0
0312933037	5.0
0029081025	1.0
0786710934	4.0
1598878964	4.0
034541389X	4.0
0525950842	2.0
0521875161	5.0
0300030797	3.0
1554531403	1.0
0060916575	2.5
0385729324	5.0
0060521260	5.0
0590673106	5.0
0061744654	3.0
0465005330	4.0
0883682796	3.0
0198782519	5.0
0380802112	5.0
0802120342	3.0
0060579412	-2.0
044656740X	3.6666666666666665
1586486403	4.0
0375509151	4.0
0307267148	4.0
0345543971	5.0
0060593717	3.0
1569710686	4.0
0679456791	3.0
0691146837	3.0
0785109498	4.0
0307739821	2.0
0140180923	4.0
0895261448	2.0
0745327257	4.0
0863161391	5.0
0451180429	5.0
0140293442	4.0
0195311914	3.0
0307236897	3.0
1439178305	2.0
0312243022	5.0
0810921464	5.0
0805080252	5.0
0471267368	4.0
0375422811	5.0
044653143X	3.0
1844675424	4.0
0743596870	Infinity
1891799096	3.0
047146502X	1.0
0143038869	4.0
0380975122	2.0
0374139784	3.0
0786867892	4.0
0553586270	4.0
0807826243	4.0
0525946780	4.0
0743270665	4.5
1586482025	3.0
0060762055	3.5
1568583745	5.0
0743222172	4.0
B005LB9HCU	2.0
0471267376	4.0
0684824906	5.0
0670018368	3.0
0745320619	5.0
034553199X	4.0
1864501731	3.0
0307409589	1.0
0815411715	4.0
0938077872	3.0
0719564476	5.0
0312430043	5.0
0399155023	1.0
0743240863	2.0
1569710767	4.0
0553502689	2.5
0395776082	4.0
1932033238	4.0
0446578924	5.0
1560253592	2.0
0807858633	4.0
0300030819	5.0
0312641893	5.0
0451202341	5.0
0062072099	4.0
0553502697	5.0
0312848714	5.0
0143112341	5.0
0525954481	5.0
0006551807	5.0
0684810271	4.0
0786266511	2.0
068482793X	1.0
1853260533	4.0
0393059332	1.0
0385511841	NaN
0743235495	5.0
0345440633	4.0
0786868384	5.0
0932863515	5.0
0312848706	5.0
1573220582	5.0
0817947523	5.0
0399145672	4.0
0553100351	5.0
1602836876	5.0
0312349289	3.0
0966469119	4.0
0316955108	3.0
0141439807	3.0
0192825232	4.0
1586484753	4.0
0440235332	4.0
1590592751	3.0
0099445549	4.0
0802142494	5.0
0060575913	4.0
0140430210	4.0
0393308197	5.0
0810945355	5.0
0451191137	4.0
0099478420	3.0
0691129428	3.0
0812553292	4.0
097878510X	1.0
0399155066	5.0
145161036X	5.0
0375506160	5.0
0385425473	1.0
0465021492	5.0
0385507771	5.0
0679769781	5.0
155876206X	5.0
0375422889	5.0
014303880X	4.0
0940322668	4.0
1416594787	4.0
0316036374	5.0
0679756450	4.0
0465089038	4.0
0061246514	4.0
0809097044	3.0
0380806436	4.0
0007124015	5.0
0230613616	4.0
0140284583	5.0
1400097681	4.0
0805077456	5.0
1480010804	5.0
0140060286	5.0
1568586027	5.0
1559702818	3.0
0446552305	3.0
0865715408	5.0
0060194480	3.0
0393071014	4.0
0743411854	4.0
B007AL01HY	5.0
0743536452	3.0
1567184995	1.0
0375421572	5.0
0399148760	1.0
0786707224	4.0
0312312814	2.0
0812971639	2.0
0743284437	4.5
0802137946	5.0
0452287677	4.5
1118141067	5.0
1566566479	5.0
0393051412	4.0
044022330X	4.0
067435091X	4.0
0060929839	4.0
0375421580	4.0
0142500577	5.0
0060584009	5.0
0736056238	5.0
1602399727	4.0
0393050939	5.0
1893554694	1.0
0609801945	3.0
0938045326	1.0
0151005346	4.0
030735346X	5.0
0618009361	4.0
0316005274	3.0
0553296981	5.0
141659650X	5.0
089141813X	3.0
0399146148	2.0
074342736X	4.0
0805069801	4.0
0671003755	3.0
1401210821	5.0
1582402000	5.0
0785260838	3.0
0312266529	2.0
0684825341	1.0
1560254831	5.0
0393020282	4.0
0393050947	5.0
0812974719	2.0
0300104669	1.0
0830815155	1.0
0060936975	4.0
1565847318	5.0
0060520841	7.0
0007444117	4.0
140510838X	5.0
1566636736	4.0
0805052143	3.0
1416551638	4.0
0446525537	3.0
0451452011	3.0
1402208960	2.0
0307353486	2.0
0738200999	5.0
0425239586	4.0
0307263517	5.0
1591025656	3.0
0375508791	4.0
0316035904	3.0
030436634X	5.0
0060737980	2.0
0151446474	5.0
0761121323	2.0
0743228340	3.0
0446364800	4.0
0399147462	1.0
1400033632	5.0
0679764003	5.0
0938045369	1.0
0195304837	5.0
0007225520	4.0
1592401880	2.0
140507762X	3.0
067172794X	4.0
1930485042	5.0
0618104690	Infinity
0875421180	5.0
006661998X	5.0
0309085497	5.0
0676974112	5.0
0670034495	3.0
0307742555	4.0
052594902X	4.0
159555050X	5.0
1840727160	5.0
1416552987	4.0
1400042577	4.0
0345803485	1.5
0374103704	4.0
0809016494	3.0
0761459537	3.0
0767902548	4.0
1401302505	3.0
0385497059	4.0
0851158242	3.0
0821758292	3.0
0060736682	2.0
0803260075	4.0
0425202283	5.0
0879308842	5.0
068485290X	3.0
0743250281	5.0
0143116711	5.0
1401302513	5.0
1403370605	5.0
1596913711	4.0
0742531155	3.0
140121083X	5.0
1594513120	5.0
0345324498	4.0
0152063684	5.0
006621274X	4.0
1401210848	5.0
1416948643	2.0
0471694797	5.0
0689866259	1.0
0793542057	2.0
156025355X	5.0
