0316204366	2.0
0764201913	3.0
0373126271	5.0
1422176754	4.0
1591840104	5.0
0470051418	3.0
0688179088	3.0
047007499X	4.0
159240507X	4.0
0143118579	3.0
B008LFI92M	5.0
0399207589	5.0
0615144551	5.0
B00DYOOJZG	5.0
0307956393	3.0
0316069434	4.0
B005CQBC5Y	5.0
0979600049	5.0
0761563512	5.0
0321213351	5.0
0618700811	5.0
0134106717	5.0
B00G3I2WIQ	2.0
0571253423	4.0
B00HZNZJRY	4.0
0060086513	4.0
0778327566	4.0
1927476062	4.0
0061721832	5.0
1422103358	2.0
1414334575	3.0
0758208650	5.0
0316346624	3.0
1583145826	5.0
B00BEOYH0U	3.0
0345528840	2.0
0143038788	3.0
0373802498	3.0
0062021281	5.0
0071373691	4.0
0425211002	3.0
0743225929	4.0
0671042858	2.0
0393081818	5.0
1469000431	5.0
0984081194	4.0
B00938UPUU	5.0
B00GOGAJ1E	5.0
1118486803	4.0
0553590448	5.0
0385323816	3.0
1481922726	5.0
1482032503	3.0
0373278578	5.0
0884629201	5.0
1596380071	4.0
0865478015	4.0
0062219685	5.0
1118273044	5.0
1620878070	4.0
0425212564	3.0
0071373683	4.0
076790625X	5.0
0439136350	5.0
0380012863	4.0
B00GCMGWMA	5.0
B00GS17K08	4.0
0470632011	4.0
014311526X	4.0
0470247886	3.0
0471787000	4.0
B007YX9X18	4.0
158314143X	5.0
0802405762	3.0
0312658966	4.0
B004DCB65O	4.0
0446523569	5.0
1418537888	3.0
B00AVKKUKE	5.0
0687062594	2.0
0385537859	3.5
1416541446	4.0
0471249483	1.0
0764209841	5.0
1476757097	5.0
0689846819	5.0
0979043603	5.0
0553576798	5.0
0071361251	2.0
0195161211	5.0
1451640218	5.0
1591024080	3.0
B00B07B99S	2.0
031623480X	5.0
0821779370	3.0
1908910488	5.0
0140278796	5.0
B00HBJ5TMM	4.0
0062333771	5.0
1422143619	4.0
0071373462	5.0
0130668397	5.0
0425213471	4.0
0451222849	5.0
0374100969	4.0
0316779245	5.0
1591840767	4.0
0767928059	4.0
0091883768	5.0
1451674473	3.0
0609610570	3.0
B008L2PZAO	4.0
B007R5LP4G	5.0
0373278381	5.0
0470891742	3.0
1492874248	5.0
1455521248	3.0
0373694776	4.0
0310211883	5.0
0399152334	4.0
0615636497	4.0
B00H0LKQPG	5.0
1479109584	5.0
1426201141	4.0
0425182673	2.0
0743224876	5.0
0345491637	4.0
1609282817	5.0
0446676950	3.0
0446600660	2.0
0316020575	5.0
0375726764	4.0
0195388542	4.0
0373131437	4.0
0451217055	4.0
0671530771	2.0
0821779354	3.0
1605500631	4.0
0061245089	4.0
0373769113	5.0
1933285222	4.0
0399144706	4.0
0312349513	5.0
0615821898	5.0
1467980757	4.0
0099439875	5.0
0312611692	4.0
1401323049	2.0
0471738239	4.0
B00JVURTYU	3.0
1880685043	4.0
0140436111	1.0
0803718756	5.0
0935632840	2.0
0806651288	3.0
B0052ZAV9S	5.0
0060199032	4.0
0809045990	3.0
B00BCFWJ7E	5.0
B00IDWDWJ8	4.0
0471449733	4.0
B00IXAZPX6	4.0
B0062CAY7Y	4.0
1608191664	5.0
B005PIYHQA	4.0
044640103X	4.0
0345479173	3.0
0934688605	5.0
031269945X	5.0
0471412694	4.0
0814404138	4.0
0312150687	3.0
0743224892	2.0
0446528382	4.0
0764210467	4.0
0300197187	5.0
0316230022	4.0
0060840978	3.0
0312383010	1.0
0451461606	4.0
1609365925	3.0
0451460758	4.0
B00GXDQKZW	5.0
1891279017	4.0
0743291255	5.0
B0061YAUG8	4.0
031615928X	2.0
B005E03J72	4.0
0471717533	3.0
156414836X	4.0
0321558146	3.0
B00JCYNMUU	5.0
0671027034	5.0
1585712523	5.0
0812977874	4.0
0989157768	4.0
B00AR49H2Q	3.0
1490911081	4.0
1400082315	4.0
0812975219	5.0
0470372257	4.0
0373126212	5.0
0615835619	5.0
0373802099	3.0
0615936113	4.0
0131743961	3.0
0143170090	5.0
0689838581	5.0
0618829253	5.0
1583141863	5.0
0465054803	2.0
1583140530	4.0
0786868414	4.0
1609280202	3.0
B00GO3H88Y	5.0
0471379085	1.0
1433526905	5.0
0849947219	5.0
1423414357	2.0
0991105419	5.0
B00EXOFDVU	5.0
039304839X	5.0
0310607051	5.0
0470825804	4.0
1601420099	5.0
0385502745	5.0
B0088DJ7LE	5.0
0373885822	4.0
0071458271	5.0
B00EP0COT6	4.0
0471455164	3.0
0787983667	4.0
1118205731	5.0
0385344325	4.0
1480220329	5.0
0345470362	5.0
013714234X	5.0
0547745524	5.0
0578033267	1.0
1586482173	4.0
0070647623	3.0
0743583264	5.0
1582461589	4.0
0071387676	3.0
006056539X	5.0
B00FA5OCFE	3.0
1493539493	4.0
098766252X	5.0
1558747524	4.0
0609810464	4.0
B0067AHU1E	4.0
1118106172	4.0
0471414824	4.0
0471681954	5.0
0743235355	4.0
1931741506	5.0
0785260463	4.0
0307713318	5.0
044656401X	4.0
B00GVFQ2LY	2.0
1442457023	5.0
0061939234	4.0
0312343604	3.0
0979433703	4.0
1573244678	4.0
0321525655	5.0
0749439394	1.0
0446579939	4.0
0373207395	4.0
0441013813	4.0
B00BWGCDVU	3.0
0934380597	5.0
0385510306	1.0
0739315293	4.0
1594481342	4.0
0434020362	5.0
0425220168	5.0
1616144831	5.0
1594203385	2.0
0261103288	5.0
B00CFOC822	4.0
0062304828	5.0
0471059684	5.0
B005OC68XW	1.0
067166283X	5.0
0071459588	3.0
1451607253	5.0
077832298X	4.0
0140143459	5.0
1569550603	4.0
0979311055	5.0
1605984876	5.0
0373778678	5.0
B003RWS5Q4	4.0
014101640X	2.0
006098872X	5.0
1455549657	3.0
1921441984	5.0
0143143743	5.0
B00HXOF6S2	5.0
0131479024	4.0
0470686022	4.0
0470038667	4.0
0525952098	5.0
0307453375	5.0
0231138709	4.0
B00GP3HP18	3.0
0470372265	4.0
0793585414	5.0
0547394608	4.0
0373831803	5.0
0385523882	4.0
1422103323	2.0
0373885628	4.0
1591399270	5.0
0307341518	2.0
0374138583	5.0
0615634249	4.0
0060099682	3.0
0312209045	4.0
1586480197	4.0
B00GY34GUM	4.0
0470049316	5.0
0099450259	3.0
0345376218	4.0
1931741786	3.0
0802458815	5.0
1575667851	5.0
0310228344	5.0
1591396190	4.0
0142001198	5.0
B00DOJ93PC	5.0
0452298261	5.0
0373830181	5.0
0099443244	3.0
0399155392	2.0
1484093666	5.0
0138138109	3.0
0330319922	1.0
1470006103	2.0
0143170104	5.0
0671688626	5.0
1490436588	5.0
0393060691	4.0
147931014X	5.0
0451236491	2.0
1934992178	5.0
0091933684	5.0
0071632514	2.0
0132695243	5.0
0385320086	4.0
B00HFUAODQ	5.0
1250029880	2.0
0983729840	2.0
0985167815	2.0
1470107163	5.0
1479225703	3.0
0470586958	2.0
158479531X	5.0
0201483289	5.0
1620876345	2.0
0849900417	5.0
0811825558	3.0
0785810749	3.0
1576737330	3.0
1453887660	3.0
B00JII99PW	4.0
0071426841	3.0
0471738735	3.0
0374104573	5.0
1491015489	5.0
0985034181	2.0
1587202433	3.0
B00HCYTU2Q	5.0
0913573035	1.0
0316211230	4.0
1432763660	5.0
0471792160	5.0
1556527543	1.0
0451407598	5.0
0071413316	3.0
0312860994	3.0
0373802927	4.0
1939962323	5.0
157851746X	3.0
0307473740	5.0
1593371063	5.0
0385739761	4.0
0385142633	4.0
0814413382	4.0
1585422541	2.0
0812979680	5.0
B00E5JAIP4	4.0
B00HSW51H0	2.0
0764202677	5.0
0060505915	5.0
B00E9MCRLA	5.0
0887306675	5.0
B009Z00FOC	2.0
0061256684	5.0
0470398566	4.0
0801897548	4.0
0452288657	3.0
0307989828	4.0
1449305172	4.0
0307907333	4.0
0671682296	3.0
0310214378	5.0
B00H0OKQ76	4.0
0060207507	5.0
0316017507	5.0
0099505967	5.0
B00C9LOYQY	4.0
1891984993	3.0
1589832523	2.0
0132332906	2.0
0307459659	5.0
1401312802	5.0
0316097497	5.0
0385350775	3.0
0814471293	4.0
1492123595	3.0
0060542098	5.0
0312307349	5.0
1433512319	4.0
0373860404	4.0
0972783210	5.0
0393062430	5.0
0071392319	5.0
1582342849	5.0
0446527017	4.0
0062065246	3.0
1594483124	2.0
0060898925	4.0
0373802900	5.0
B00CNLJGT0	5.0
0060898917	5.0
0671891049	3.0
0471933317	3.0
1483987094	4.0
0446531995	3.0
0062294776	5.0
0316224553	5.0
0307917371	2.0
B00IE4R20U	4.0
0060833459	4.0
0061358134	3.0
0471323632	2.0
013236011X	3.0
0071446435	5.0
1401309658	2.5
145872459X	3.0
1484893786	4.0
1422102505	4.0
0143034545	2.0
1416509887	4.0
0955985307	3.0
0345416449	1.0
0553573705	5.0
0814407501	5.0
0943405017	5.0
0310213274	5.0
0446531960	4.0
0761122745	5.0
1610391527	2.0
B007XZWKN0	4.0
B0062B00K6	5.0
B007YJEIAS	1.0
0316080845	5.0
0814408834	4.0
0857521012	4.0
0062294784	4.0
0844257796	1.0
1857883330	3.0
0141034599	4.0
0983797579	4.0
1558746986	3.0
031257357X	5.0
0006162649	5.0
0143112635	3.0
0071795618	3.0
0814414036	4.0
1479282316	3.0
1414317301	4.0
0143142941	5.0
0684832135	5.0
0399157573	2.0
0971132224	2.0
0141188936	5.0
0393049221	1.0
1439140219	3.0
0425264203	5.0
1484043596	5.0
B00DJK31TK	5.0
B00I52PPT6	4.0
0071401946	5.0
B0083PN2QI	4.0
0615609570	5.0
1400068819	3.0
1583143025	3.0
0060628391	5.0
0394716523	4.0
0805368442	1.0
0374292795	5.0
0062517716	4.0
B0083D6BAY	5.0
0802133290	1.0
0553588192	4.0
0231153686	3.0
B003XRE800	1.0
0785260943	4.0
1456414143	5.0
1605292885	3.0
1939962382	5.0
0767914864	4.0
1439138311	5.0
1479226874	5.0
1559275782	3.0
1484861388	5.0
0373278055	4.0
1479277789	5.0
0441015999	4.0
0794419208	5.0
1495419509	5.0
0786303611	4.0
0596006748	5.0
0373802307	4.0
1591842239	5.0
0071410678	4.0
0192123149	5.0
031021923X	4.0
0062107313	1.0
1499150555	5.0
0312300506	5.0
0811835758	2.0
1495252671	5.0
B00B0WFHKU	5.0
0307345971	4.0
0802094295	3.0
0812973712	4.0
0956284078	3.0
0778324214	3.0
1481960873	2.0
1453740473	5.0
0373830122	5.0
073949547X	4.0
0373078846	5.0
1455517380	4.0
B005RR2UI6	4.0
0399157387	5.0
1413309127	5.0
1841121495	3.0
1599985691	5.0
B0094OGM9G	4.0
B00HGLBQ0Y	5.0
0751541184	5.0
1583146520	5.0
1605920533	1.0
0316075841	3.0
0061969559	4.0
0749455063	3.0
0976876051	4.0
B005GVY46E	5.0
0373778821	5.0
0470500867	4.0
1576836827	3.0
0071462090	3.0
0465010237	5.0
0470127317	3.0
1481279270	3.0
0385498241	3.0
0399159312	4.0
0062073923	5.0
B004AYD518	4.0
159145008X	4.0
0814401570	3.0
0312263112	4.0
0439023483	5.0
0470181672	4.0
1591844622	3.0
0385524382	5.0
0563521171	1.0
0375714596	4.0
0425216594	4.0
B009518P5W	5.0
0743246926	5.0
0425220613	4.0
B00HBA3YE6	2.0
0449209105	4.0
0452267560	4.0
0340839368	4.0
007141858X	5.0
0470481064	3.0
B0045OUSPY	5.0
0691019347	2.0
1416547037	5.0
0814406807	2.0
0373831005	5.0
B005O64DX0	5.0
0385528752	5.0
0451461088	3.0
0743463552	4.0
B00B0LP5F8	4.0
0804831297	4.0
0307461572	4.0
043920352X	5.0
0099727404	3.0
0071591583	2.0
1442362855	4.0
0062049666	4.0
0307272591	3.0
B008CIQDDK	5.0
047146256X	1.0
B00DSVUIT6	4.0
B0075XY8OO	5.0
0446538302	2.0
0802846122	3.0
0060957549	4.0
0465043550	4.0
B00BN1YNS0	5.0
0471304972	5.0
B00D7WKQRA	4.0
1782640703	4.0
0263873080	4.0
B00I513YAY	5.0
1118137531	3.0
0062120999	5.0
147917890X	5.0
037550317X	5.0
B00CP6NXOW	5.0
0060568062	5.0
B00B9R924S	5.0
156584520X	1.0
1481091034	5.0
0307463745	4.0
047143051X	5.0
B00H5GMYBA	5.0
0307590615	4.0
0679640401	2.0
159523103X	5.0
0307450422	3.0
0307275639	5.0
0440246369	4.0
0991064704	4.0
0393045250	1.0
0373126921	5.0
1599180294	3.0
0060794410	5.0
0872205525	3.0
0778315568	2.0
1414339399	4.0
1452857237	3.0
0425261336	5.0
B00JTJ2F2O	5.0
1610390040	4.0
B003PPDAOA	5.0
1401301304	4.0
0794430406	5.0
0374190666	5.0
0967916208	4.0
0446394599	4.0
1591842409	5.0
031232474X	4.0
B00C93JQOM	5.0
1564148513	3.0
0553576801	5.0
0062073729	5.0
1452651612	4.0
1573223085	5.0
1118407741	5.0
0471415138	1.0
0470393750	4.0
B009CG1SWC	5.0
0446618470	4.0
1475031904	5.0
B0091SND4W	4.0
0373127006	5.0
0143143646	3.0
0955993512	4.0
0373689004	5.0
B00GKP6SG4	5.0
B0049H96KK	5.0
0471592242	5.0
0471463086	3.0
0515141658	3.0
0875962823	3.0
B009A21KSK	5.0
0471248479	2.0
0345504968	4.0
0307582884	5.0
0684844931	3.0
0133065308	5.0
031023008X	4.0
0312336306	5.0
B00JLW04KO	5.0
0761169253	3.0
B00IQOFTDA	4.0
1593640080	5.0
0310314690	4.0
B00CATSONE	3.0
0137067089	2.0
B00FQ0P21G	4.0
0471745936	3.0
0471423610	4.0
0689831870	2.0
B00FEZ20WW	2.0
1422115011	4.0
0316013994	2.0
0989450252	3.0
B007NXKUYI	4.0
1439181594	5.0
0471789763	5.0
0062073869	4.0
0140540563	5.0
0827606974	5.0
0446695548	4.0
1400065275	5.0
0374288909	5.0
1492765805	4.0
0061147788	2.0
0062082353	2.0
0765352664	4.0
1403367248	3.0
B008ELI4E6	4.0
0316778494	4.0
B009ZKFG4Q	3.0
B00DD6B1GU	5.0
0062265423	3.0
0778324184	4.0
030738652X	1.0
0373270976	5.0
1478723289	4.0
0786893931	4.0
0007136838	5.0
006075088X	5.0
0765352656	4.0
0071714014	4.0
193210092X	4.0
0739421042	5.0
014219672X	5.0
B008LQKVWW	4.0
0316044695	4.0
0735200300	5.0
1480127833	2.0
0809229897	4.0
1583145931	5.0
1583143750	5.0
1482513617	5.0
0525948376	2.0
0373895356	3.0
0330450972	5.0
0071476881	2.0
0687649692	4.0
0471225347	2.0
0875522017	3.0
1594487154	2.0
006056301X	1.0
1562614789	4.0
B00AND5YIM	5.0
031026295X	1.0
B00CJ1DKL4	3.0
031602046X	5.0
0060725648	5.0
0330444085	2.0
0307444724	3.0
1619353210	5.0
1466398167	5.0
0964695227	3.0
B00CLRWA9Y	4.0
B006GXOS9O	5.0
0979777704	5.0
0425259765	5.0
0962067164	2.0
B004ASNDCA	4.0
0310230071	5.0
0375505857	3.0
0007111509	4.0
0060152656	1.0
0373802587	5.0
162482076X	4.0
0807573108	5.0
0195320417	4.0
9350294389	4.0
0814432115	4.0
0393057658	3.0
0060740647	5.0
1422162672	4.0
0071808213	4.0
007148664X	4.0
B00LKNP4T8	5.0
1439170428	5.0
0470192739	2.0
0132203049	4.0
0061438294	3.0
B009XTVB6G	4.0
B00BZAUBF8	5.0
0967400139	5.0
081442015X	5.0
0312281935	5.0
0451461398	4.0
042521575X	4.0
0373830203	5.0
0131913646	5.0
0446559857	4.0
0553589377	4.0
B00I9JLGWU	4.0
B006MSQOL8	5.0
0849321425	5.0
0553589385	4.0
1467936707	5.0
0809572559	4.0
0307591549	4.0
162241845X	1.0
0451412591	4.0
0310242029	4.0
1422184234	3.0
0688109918	5.0
060960922X	4.0
1583141537	5.0
0060574593	2.0
044658150X	5.0
1491232986	5.0
0373831781	5.0
1118163990	4.0
0373127073	5.0
1591840872	3.0
0071600639	4.0
0743201639	5.0
0375703772	5.0
0316010669	3.0
0441016154	5.0
0062124293	4.0
B00537STB2	4.0
0764152327	3.0
1591842808	3.0
0671019716	5.0
B004OR1GTY	5.0
0980112702	4.0
0470243368	2.0
1620403315	5.0
0307719820	2.0
B00DH3ANTK	5.0
0735201447	4.0
B00JK5NADU	3.0
0312868065	5.0
0071494936	4.0
0061723754	5.0
0060581778	5.0
0470008741	4.0
0307749436	4.0
1492215406	4.0
B00KUPUURS	3.0
0374201749	3.0
030726999X	5.0
0989206467	5.0
006124189X	5.0
1412710030	1.0
0142001104	4.0
0373713843	4.0
0316154970	3.0
0441015093	4.0
0787971545	4.0
1616087080	5.0
0345542606	5.0
0934380260	5.0
0814414052	4.0
0425212866	4.0
0785214259	5.0
0735201455	4.0
0849918804	3.0
1591022800	4.0
0786311916	4.0
B008LOLWUY	3.0
0061242993	4.0
1586487523	2.0
1419954865	4.0
0060889578	5.0
044654146X	5.0
0061002860	5.0
0071354638	4.0
0061771392	3.0
006135323X	5.0
0470073942	4.0
0307886239	5.0
0061771155	3.0
0983797587	4.0
B004V49BLU	4.0
0374513252	4.0
0393088774	4.0
0312874766	3.0
0821780654	3.0
0765325446	2.0
1449316484	5.0
0399157700	5.0
0743201205	3.0
1894063600	1.0
0615428894	4.0
0316017922	4.0
1414348460	4.0
0142000280	5.0
1463603169	1.0
0201715945	2.0
0805072675	4.0
B00ADPFWNC	4.0
0345460685	4.0
1250016843	4.0
0062114867	3.0
0071770135	4.0
B0099WU1HC	4.0
1618580051	1.0
B00K891J76	4.0
1573220183	4.0
1400158710	3.0
1414336241	4.0
0373278616	5.0
1497592380	4.0
0470922222	3.0
0312423713	5.0
B00CR0YPZC	5.0
0970601905	4.0
0312376863	5.0
0060536993	4.0
0451461509	4.0
0553589989	3.0
0446554995	5.0
0349101752	4.0
0307128164	5.0
0471443069	2.0
0061995037	2.0
1455810975	1.0
1591396913	4.0
0814408400	5.0
0615972535	5.0
1499291019	5.0
0446670642	4.0
0486280861	3.0
0811859126	5.0
098829544X	1.0
006172372X	5.0
1442359919	4.0
0307458997	5.0
1492311677	3.0
0451201191	5.0
0071369929	3.0
1400049660	4.0
0937147346	3.0
0385510411	5.0
B005GI9EXU	4.0
0137047681	2.0
1940887259	5.0
0470529725	3.0
0061031127	4.0
B006NU4CJ6	5.0
1553377524	5.0
0140434240	5.0
0131345508	3.0
0895260115	5.0
0679767088	5.0
B008L0PNKI	4.0
0758200846	5.0
0891096582	4.0
B006SMPT8M	3.0
1494748584	5.0
0785271007	3.0
0987921738	4.0
0385740360	3.0
B00E6IY6BQ	5.0
0812932366	4.0
0793533929	5.0
B00829N0ZI	3.0
0956492517	3.0
0471023299	3.0
0425233553	4.0
1583140859	5.0
0140057072	5.0
B0076LKO7U	3.0
B006L8KL40	5.0
0060742445	5.0
0765348527	4.0
B00EN6LQYQ	4.0
0743226747	4.0
0553588206	4.0
B0030MIFDE	3.0
1843175657	5.0
1583147497	5.0
0099911701	5.0
0939484757	5.0
0321348109	4.0
1422118924	1.0
0802717705	5.0
1466498781	3.0
0061558958	4.0
0983201609	3.0
0451218663	4.0
042521396X	4.0
0634013130	5.0
B00EUMAAKE	4.0
0060988606	3.0
0471215511	2.0
1451665474	4.0
B007GDUVNA	2.0
0446573051	4.0
0060765313	4.0
0738212482	5.0
0451407601	5.0
B0051GTAP4	4.0
1477584196	3.0
1482066874	5.0
0765348519	4.0
1907523324	4.0
0812931017	5.0
1481814761	4.0
1940026016	4.0
1484147650	4.0
0764206281	5.0
B00BUKRAUC	5.0
0446603422	5.0
0312872380	4.0
1414358466	3.0
156849095X	5.0
0684845598	3.0
0812212762	2.0
145164308X	5.0
1596916656	4.0
0764203894	5.0
0380805790	5.0
1583147349	5.0
1572707208	4.0
0316189677	5.0
0758603762	3.0
B00L0QZ828	4.0
0671035975	5.0
B00ECNT9AS	4.0
0062074024	5.0
0470226234	2.0
006073132X	4.0
0310273021	5.0
0062010972	4.0
0137147783	4.0
1118004353	4.0
006200753X	5.0
B00EBNV5M4	4.0
0316099988	3.0
0385302312	5.0
B00531RECI	5.0
0425129632	5.0
0425266761	1.0
0988231069	5.0
0312695276	1.0
0316178314	4.0
B00DR4XGUM	5.0
1591842190	5.0
1422146642	5.0
1118569873	4.0
0983031800	3.0
B0073SJELI	4.0
B00BTMGBD8	5.0
0441014739	4.0
0800733851	5.0
0071437886	4.0
1422102823	4.0
0399156577	4.0
0060921080	1.0
B00F2Y2FI4	4.0
0441014976	4.0
B005AK18U6	5.0
0739374532	4.0
0373226543	5.0
031027303X	5.0
0071363092	4.0
0061999245	5.0
0375728228	5.0
0743544269	4.0
B00836QAXO	4.0
1448609070	3.0
0470138971	3.0
1859846009	5.0
0451460936	3.0
0071378332	2.0
0805069666	5.0
1939962439	5.0
0425218422	5.0
0671319760	5.0
1595551190	5.0
044021596X	5.0
0451216954	4.0
0471383627	5.0
0070246440	4.0
081440782X	4.0
077832365X	4.0
0385509308	3.0
1590300394	4.0
B00HJCPDVI	5.0
0143112783	5.0
0615694918	4.0
0273704745	5.0
0373534442	5.0
0141034262	1.0
1416996745	4.0
0471659509	3.0
0374528535	5.0
0939093022	5.0
0321644751	3.0
0137007787	3.0
1481810790	4.0
1476755590	5.0
1476710201	3.0
0938077368	3.0
1578569818	3.0
0887306101	5.0
0316244295	5.0
B00CTAQBA2	5.0
0471392162	4.0
014303880X	5.0
0425197220	5.0
1442344202	3.0
0470187700	1.0
0670746045	5.0
B006794HOI	3.0
1564145190	4.0
1616084448	3.0
1484070003	5.0
0307354199	3.0
0441015832	5.0
0810995824	5.0
0471794473	5.0
1583146210	5.0
0307263177	5.0
0373132077	5.0
1477589031	5.0
1482724510	3.0
0470224088	4.0
0446552305	3.0
0345533437	4.0
B00A1ENUM0	4.0
037373252X	5.0
B00ED7989A	4.0
B007PW331E	5.0
0471650919	4.0
1492997897	4.0
0373745613	5.0
0143124986	3.0
014311493X	5.0
1402206194	3.0
0385323069	5.0
0764204920	4.0
1592406904	4.0
0373768931	5.0
1939962404	5.0
B00HHGRE22	5.0
B00FXYEA8G	2.0
1451616929	5.0
0800733819	5.0
0983747318	5.0
0132157578	2.0
0525428283	5.0
098187715X	2.0
0814473571	4.0
0373277725	4.0
1594485208	5.0
1623200172	4.0
0814472478	4.0
0140280197	5.0
0978850807	4.0
0060742054	5.0
0451459520	5.0
1905264429	5.0
0984789383	3.0
1482678225	3.0
0470195592	3.0
8129115301	4.0
0441014771	4.0
0060628464	4.0
1250015545	5.0
0060248122	5.0
0714843377	3.0
1586481444	3.0
0470481595	5.0
006194100X	5.0
0066620538	3.0
1575667576	5.0
1478105429	5.0
1578512050	4.0
B009WD8UGM	2.0
159184259X	3.0
111811034X	3.0
B00JPKW84M	5.0
0764205676	5.0
0385516207	4.0
0471484857	4.0
0425214494	2.0
0199730806	5.0
B00CLRRAE4	4.0
0062516507	4.0
0470152621	5.0
0470043504	3.0
1564147711	5.0
0310241278	5.0
B007IODQHK	5.0
1422143309	3.0
1481033247	3.0
1433513188	5.0
0735200912	4.0
0425240541	4.0
1903517036	3.0
0553296981	5.0
B00BV0A5SK	4.0
0758216416	4.0
0312204280	4.0
0071381562	5.0
0312863063	5.0
1250028272	4.0
B00EJ27LV6	5.0
0471297224	4.0
193996248X	5.0
B00AD9WJKW	4.0
0231164688	4.0
013228751X	4.0
148205633X	5.0
B007I87NW0	5.0
0071448934	4.0
0470524529	4.0
0932551513	3.0
1591842344	4.0
0385516223	5.0
B00C2RVPWQ	5.0
0674107454	2.0
0765317583	5.0
1442359374	5.0
1583144218	5.0
0816018952	3.0
0881888796	5.0
0373862040	4.0
0802844499	4.0
0684872560	4.0
037383022X	5.0
0132489627	2.0
0142428760	5.0
0470267623	2.0
1602643776	4.0
145646471X	5.0
007174875X	2.0
1583146628	5.0
0694519316	4.0
0470408545	4.0
0356500217	4.0
1492241253	4.0
143271385X	5.0
055352626X	3.0
0471267619	4.0
0441014569	3.0
1591842336	2.0
0441015662	5.0
0071395970	4.0
1565848403	1.0
1450543332	4.0
1451641516	4.0
149231207X	4.0
0307959473	2.0
1476726620	1.0
B00EVL9HH6	5.0
0553384694	3.0
0451214773	4.0
0670025526	5.0
1105089231	1.0
0753510995	4.0
1482601907	4.0
1556230796	3.0
1578051541	3.0
B00HDZOQ8M	5.0
0373763611	5.0
B00EPK5RWW	2.0
1419955349	5.0
0060007737	5.0
0471745995	4.0
B008EF2KZG	4.0
0345372328	5.0
046509838X	4.0
B003L780CE	3.0
1481194186	4.0
1939416019	4.0
1497518091	5.0
0071418474	4.0
1479388920	4.0
0373831366	5.0
B003ZDO4SI	4.0
0802122078	1.0
1591840376	3.0
1583141154	5.0
014028852X	2.0
B008VKXOIQ	5.0
006185929X	5.0
1590591046	5.0
074329730X	3.0
0385512058	3.0
1456512609	4.0
0805098577	3.0
B006CQLGXG	5.0
0307730107	5.0
0606235434	4.0
047006773X	5.0
0470674512	5.0
0470521457	2.0
B005620I2M	3.0
0718024249	5.0
0312336853	1.0
B00H5T6CI8	4.0
1583140298	5.0
0374216789	5.0
013011510X	5.0
0399159010	5.0
1583141146	5.0
1591841216	3.0
0471780936	3.0
085720873X	5.0
159102787X	4.0
1591398622	5.0
0751522775	5.0
0307704076	4.0
0778325474	3.0
1455557714	5.0
1422187101	2.0
B007CXG6YW	4.0
0821781022	4.0
0440153255	2.0
0446583405	4.0
1479129429	5.0
039922033X	5.0
0899669387	4.0
0446549541	1.0
0071628592	5.0
B0057QO8Q4	4.0
1492772909	4.0
B00E5PJOYY	5.0
0393318877	5.0
B00GKBIRVM	3.0
0385738757	5.0
1442361867	5.0
B002TG4P36	4.0
149228856X	5.0
0062073605	4.0
0821781030	5.0
009950569X	5.0
0312347731	3.0
0373294212	4.0
0451222350	3.0
1494240173	5.0
