0987462040	5.0
0764221760	5.0
1456584014	4.0
1601421370	5.0
0768442281	1.0
0739469339	5.0
1482066300	5.0
1611099331	4.0
B00GALGRJG	5.0
0141040343	5.0
1400318459	4.0
125001252X	5.0
0373970803	4.0
0985900253	2.0
0983718024	5.0
0800795431	5.0
0736939954	3.0
0801022509	5.0
0615644295	4.0
B00FG9VLEO	4.0
1469937174	1.0
0374532281	5.0
0316056103	4.0
B00B0FJBQI	4.0
0307595609	1.0
0763616672	5.0
0340895934	4.0
0763639311	5.0
0060255234	5.0
1615190988	3.0
0330449605	5.0
1886864020	5.0
014044503X	5.0
1491297123	5.0
1493625284	4.0
1617392448	5.0
B00627MN1Y	5.0
0764208314	5.0
0553384767	5.0
0765320703	4.0
1937844889	5.0
0692000399	5.0
1612156096	5.0
0764208322	5.0
B00DUFCJ10	3.0
1622534042	5.0
0385660065	5.0
0977005046	4.0
0062244876	4.0
1583335277	5.0
0812469674	5.0
1466367741	4.0
1932815295	5.0
1481804006	4.0
1622660188	4.0
1611099315	4.0
1470187728	3.0
B00CMV4N7Q	5.0
0373873697	5.0
0002007770	4.666666666666667
B00G9GWN9K	4.0
1456795856	5.0
1411665899	3.0
1442354755	5.0
174334211X	4.0
1455527831	5.0
B00H31AXEM	5.0
B00F85DT8C	2.0
1607745046	4.0
1601420250	5.0
0670024783	5.0
B007E3ESWC	5.0
1468170546	5.0
1455509361	2.0
1400320798	4.0
0987462075	1.0
098902329X	5.0
0007183518	5.0
1463783175	3.0
061572647X	5.0
B0084B050M	5.0
075731774X	4.0
B0090JL6NC	5.0
1928660800	3.0
1466375132	4.0
1470897512	4.0
1414326971	4.0
0061374229	1.5
1499611552	5.0
147512547X	3.0
0307718417	3.0
0985030240	5.0
B00DSCZIOK	5.0
B0088FS8BM	5.0
0743597222	4.0
1426758855	5.0
0061544485	4.0
0142001430	5.0
0811873390	4.0
B00J0CWVRY	4.0
B00BQMEPV6	5.0
1937387828	5.0
1892391856	2.0
1469237164	4.0
0307165485	5.0
0385537859	5.0
0985789956	3.0
B00JQJ8EC2	4.0
B005HAY8EM	5.0
1567692591	3.0
1423622022	5.0
0316220884	2.0
162040169X	1.0
1611160995	4.0
1406337609	2.0
0060799846	5.0
1493595741	5.0
0143115006	5.0
0451465849	4.0
0385746857	4.0
0764208519	4.0
1609611942	5.0
1452854343	4.0
0439903467	4.0
0761137998	5.0
0142400017	4.0
0451217071	5.0
0671476726	5.0
0670011231	4.0
076420789X	5.0
0615762522	3.0
1434701921	5.0
B0092UD3GM	4.0
0800722264	5.0
0553381466	3.0
B00ATSO3LU	3.0
1616639431	5.0
0373266154	4.0
0316024961	5.0
1439192316	5.0
125000098X	5.0
146792928X	4.0
1478394412	5.0
0307454894	5.0
0062073788	4.0
0449815978	3.0
B007BQNLSY	5.0
B006NY4UPS	5.0
0439531640	4.0
1477817506	2.0
1494904489	5.0
0544022181	4.5
1453885986	5.0
0764207873	5.0
0578071959	5.0
147003655X	4.0
0316055433	3.0
0739458213	4.5
1595549005	5.0
0980001714	4.0
1433668521	3.0
142313477X	4.0
0156027607	3.0
B00AYKAB6O	5.0
1623954401	5.0
0718019164	2.0
0800734211	5.0
1557884536	4.0
1423144341	2.0
1250010764	5.0
0061345725	2.0
0763665665	5.0
0932052584	5.0
1607998262	5.0
076840309X	4.0
B007RELMWM	3.0
0151262276	5.0
0316036919	4.0
0749080973	5.0
0739455192	5.0
0615821898	5.0
0307588270	5.0
0987214934	3.0
0071444912	4.0
1617520861	5.0
1939337690	1.0
1478220570	4.0
1617395544	5.0
B0095ZIBIY	4.0
0441010512	3.0
0553591916	5.0
B00EAC91YA	5.0
1401301037	5.0
0814707394	4.0
0615461344	5.0
098382522X	3.0
1466354267	5.0
0970273517	5.0
0307476073	5.0
043938950X	5.0
0099464462	2.0
1892525127	4.0
0375870415	5.0
0441017150	3.0
B00FCRLDWA	5.0
1440563438	5.0
1483983366	5.0
0689849222	3.0
B008ZXDZTC	5.0
1601422059	5.0
B005NB295K	5.0
0764210467	5.0
1401301045	4.0
0316230022	2.0
0307279464	5.0
0976926180	3.0
0061544450	4.0
1434764885	5.0
0553591924	5.0
B00EVSB3N0	4.0
143470212X	5.0
B0094A5JM6	5.0
1476707693	3.0
B0092XHPWM	4.0
0764210475	5.0
0800719980	5.0
B004DNWIHI	5.0
B006LAAUHG	4.0
161663619X	5.0
B004XT6L8E	4.0
B0006XBQFY	3.0
0764207075	5.0
0375870423	5.0
1611735270	3.0
B007MF76FI	5.0
0226424383	4.0
1490437029	5.0
1601541449	5.0
0929371828	4.0
0230342256	2.0
1467744123	5.0
1414337205	5.0
0345528204	4.0
0373210116	4.0
1434764656	4.0
1607743949	4.0
0143170090	5.0
0141345713	5.0
162378087X	5.0
0316013684	2.0
054537099X	4.0
B004FEFAHK	5.0
0786010614	5.0
0764210440	5.0
0967407486	5.0
B00IV0OEI0	3.0
9652296066	4.0
B00BFQ7C0E	5.0
0061997102	4.0
0764206192	5.0
0380815532	5.0
1433524724	5.0
1481178350	5.0
0830841091	5.0
B009CZL6CU	5.0
0615493386	4.0
1470171570	5.0
0316011274	4.0
1442423692	5.0
1416953582	4.0
B002AJ7X2C	1.0
0957226721	3.0
0553108913	5.0
0060568437	5.0
0545265355	5.0
0380815524	5.0
0764208381	5.0
0764210459	4.0
1402202733	2.0
0764210696	5.0
0842362398	5.0
0981608744	4.0
1608993612	5.0
1495413799	5.0
1453772642	5.0
0380725908	4.0
156947981X	4.0
0985777338	4.0
0312187777	2.0
0988234807	4.5
1607068184	4.0
1477587136	5.0
0983887918	4.0
1602902143	5.0
B0095JXIR4	5.0
0615917860	5.0
1250014522	4.0
B00GNNDI5W	5.0
1616630477	5.0
1466324384	1.0
B009887EU4	5.0
0452297648	4.0
0307379094	5.0
0985131802	4.0
1416953566	4.0
1481040138	5.0
0718178122	5.0
1480238279	3.0
B009H93ZBQ	5.0
1595547908	3.0
0061030155	5.0
0615801439	3.0
0553251139	3.0
1434765938	4.0
1400074975	5.0
B007TR1UYM	5.0
B009SF5H9W	4.0
0764210432	5.0
1937178420	5.0
1612250769	5.0
1608681602	5.0
140007472X	4.0
B007XUL91O	5.0
0439443822	5.0
006207119X	4.0
1414325665	5.0
0736937986	4.0
0786015039	3.0
0800758471	4.0
0007334877	4.0
1592407870	5.0
0312365802	3.0
1594483779	5.0
1493718509	4.0
1468149547	5.0
1442362383	4.0
B003RWS5Q4	3.0
B008NTM13E	3.0
0615744923	5.0
1455524115	4.0
0399155686	3.0
0061985791	4.0
1466386916	2.0
B00L3K9WWI	5.0
1414325460	5.0
0061007129	5.0
0984672680	5.0
088419387X	5.0
146812689X	4.0
0764209663	3.0
1481177060	5.0
148262642X	4.0
1478379405	5.0
B00DVMHY1W	4.0
0007149824	2.0
0764208330	5.0
0982902921	5.0
0609605836	5.0
1440565651	3.0
0984489827	4.0
193738764X	4.0
1463525435	5.0
0800734297	5.0
0399156526	3.0
B00A8OJRZW	4.0
034549038X	4.0
0345494997	4.0
1401224792	5.0
1400315158	5.0
B00D192118	3.0
177041116X	3.0
0756981808	5.0
0764209426	5.0
0007491298	4.0
0385733976	4.0
0765334003	4.0
0763644900	5.0
0978535308	5.0
0062073168	4.0
B00I1RHZS4	2.0
B00I0D1YW2	4.0
1935661906	4.0
0802458815	5.0
1567692958	5.0
0786447672	5.0
193561827X	2.0
0989237133	4.0
0575081384	5.0
0758225652	5.0
0800734602	5.0
1584796650	4.0
1490904387	5.0
0615147496	3.0
0743294378	5.0
0375866566	5.0
B005Q22CEY	5.0
0800733517	5.0
0064440346	5.0
0764205951	4.0
0307714845	5.0
0374346674	5.0
0230755062	4.5
0310331234	4.0
162639055X	2.0
1416571736	5.0
0375822739	3.0
0375422722	3.0
0307474844	5.0
0061715867	4.0
1438212097	5.0
0984757708	5.0
1490449647	5.0
0060721510	2.0
B00B1I5GA4	5.0
B004C053NS	5.0
0800718372	5.0
099184260X	3.0
093766071X	4.0
B004M8S7WO	4.0
1493741721	5.0
1593764200	5.0
1617395277	5.0
0762445440	5.0
1554516420	5.0
0316098329	5.0
162686067X	5.0
0891126414	5.0
1250003482	5.0
0151008116	4.5
0307929582	4.0
0142410705	2.0
B00B0IBVLS	5.0
1494740176	4.0
1477635556	5.0
1625530390	3.0
0988715430	4.0
1617393061	4.0
0800720415	5.0
B007GU0Y3A	4.0
0061928127	2.0
1107622778	4.0
0385338600	5.0
1477818243	5.0
0060822120	5.0
1611940451	3.0
B006P5CH1O	5.0
0985131829	5.0
0972354166	3.0
1594485763	3.0
031237657X	5.0
0615370993	5.0
0736915281	5.0
1556527772	5.0
0465050743	3.0
1480567981	5.0
1463620551	3.0
B00HZ06GE2	5.0
1250016797	5.0
193068150X	3.0
B00FV4IT7Q	4.0
B00D06YH5U	4.0
0804841470	5.0
193738716X	5.0
0764211145	5.0
0812994868	5.0
0310936136	5.0
1585367990	5.0
1582349010	5.0
B00DC7R5J2	4.0
0375828249	3.0
B008G7F75M	4.0
1938749030	4.0
B00HAS4AA6	4.0
059044350X	4.0
0985381132	4.0
1595548726	4.0
1609615751	5.0
080073176X	5.0
0062248472	5.0
185487487X	4.0
1467946184	3.0
B00IWTYWGY	5.0
1481845535	3.0
031605609X	4.0
B005R55ERM	5.0
1480529699	5.0
0345505336	5.0
B0073VC9Y4	5.0
1414336063	4.0
1598879251	3.5
1609363132	4.0
1615663584	5.0
0451194799	4.0
1455576506	5.0
1933523654	5.0
0062065246	5.0
B00K1S9GQK	5.0
1478343982	3.0
B00ET7Q4LE	5.0
1416974849	3.0
0984860800	4.0
1936593106	4.0
1401230970	5.0
0062068520	4.0
1475043740	3.0
0800721977	3.0
1434768015	5.0
1618431188	4.0
052595239X	5.0
015206396X	2.0
1937668908	5.0
159052702X	3.0
B00C999F7O	4.0
0811837319	5.0
0768441455	5.0
B00BUA5E78	4.0
1592983073	4.5
0983912432	5.0
1463706049	5.0
0060293233	3.0
0764210483	5.0
1584795336	5.0
0671244094	5.0
0679406832	5.0
0764207083	5.0
1433524767	5.0
B004FV5C4Y	3.0
0763617261	3.0
1477417370	5.0
0373510101	3.0
1463553943	3.0
006087418X	3.0
0545424941	5.0
014009766X	3.0
0764537563	2.0
1416534830	2.0
B00A6RRIWU	5.0
0615730027	5.0
0615775373	5.0
0142411841	3.0
0764207091	5.0
0060759836	4.0
1436367344	5.0
0989758303	5.0
B0083PN2QI	5.0
0385528787	4.0
0988408694	5.0
0800733355	4.666666666666667
0765321742	3.0
B008CMNPIM	5.0
0062024175	5.0
0743467728	5.0
0310284201	5.0
0768441234	5.0
B008J6RN0C	5.0
148487661X	4.0
B0095WWGN8	5.0
0982720890	4.0
1467904589	5.0
B004XQV74A	3.0
0231153201	3.0
0399159347	4.0
0786891459	5.0
0981613500	3.0
1580892809	5.0
1494492806	3.0
1401937152	1.0
1480175773	3.0
B005REXCKE	4.0
1939457033	2.0
B007YUR4JY	1.0
0857208675	5.0
1442417315	5.0
1491513551	5.0
0988047217	3.0
0375434305	5.0
0060010800	5.0
1580054846	4.0
1402277857	5.0
1607066874	5.0
159555503X	4.0
0800733592	5.0
0991092120	5.0
1558000550	5.0
0143034901	5.0
B00FWWSIMI	3.0
0751536822	5.0
0800734661	4.0
1602828741	2.0
1461068932	5.0
1470110148	5.0
B00GPULOIG	5.0
0615649130	4.0
0764207954	4.0
0800795180	4.0
B007CIMWZO	5.0
0802813879	5.0
0385340990	5.0
0307712842	4.0
B0091T62FS	5.0
1449589790	5.0
0399161643	5.0
0517706245	5.0
1482595796	5.0
0976876051	4.0
1469227886	5.0
0307346609	5.0
0764209906	5.0
1611099285	4.0
0764207962	5.0
0991039955	3.0
0061930059	5.0
141431163X	5.0
0764208810	5.0
B008ZHE2NQ	2.0
1469241943	4.0
1492747890	5.0
1460985966	3.0
0764207970	5.0
0800721357	4.0
0545543622	5.0
1423117115	3.0
1599214946	5.0
1489589686	4.0
0380811960	4.0
006079156X	5.0
0887768881	4.0
0891122710	5.0
0061118443	4.0
0439023483	4.5
0743579631	4.0
014241557X	4.0
0446609781	3.0
0989023273	5.0
0312169787	5.0
0615654509	3.0
0800719255	5.0
B009HSBFYQ	5.0
B00AWHG6E0	5.0
1936034867	5.0
1462705561	3.0
0764211196	4.0
1423119568	5.0
1401233856	3.0
1939889014	5.0
1416598863	3.0
147780885X	4.0
1782500502	2.0
0061118451	3.0
0316041440	5.0
9769548634	5.0
B004XDWXFA	5.0
043920352X	5.0
B003H05Y24	5.0
B00AR0T8DI	4.0
0985956240	3.0
1490314598	3.0
1439102392	5.0
0988936402	4.0
0312370830	5.0
098522553X	5.0
0800720482	5.0
1401940587	4.0
1595142606	4.0
B00CFV2GJU	5.0
1580891748	5.0
B00ANFOCAG	5.0
1935265431	5.0
B00E7KTERY	4.0
B004WXEVOW	3.0
1932815252	5.0
1250006317	5.0
143476513X	4.0
1461146674	5.0
B00AEAVJSI	3.0
0307457060	4.0
1556439555	5.0
1481091034	4.0
B00KD32M7S	5.0
0399159126	5.0
1482090392	5.0
0451233344	5.0
0743566572	3.0
B00CKZ3D3E	4.0
0800720458	4.0
B00HL7F3ES	4.0
0310335655	3.0
0951899813	5.0
0375831002	5.0
0373772467	2.0
0688170412	5.0
1780870450	4.0
B007Z4UO5U	5.0
B007H7QTG8	4.0
1479256447	5.0
B00AE9YHJC	5.0
0385343833	5.0
1940262070	3.0
B00JG8A458	4.0
0060760419	3.0
006111846X	2.0
0441014003	2.0
1466496916	4.0
B0096FQY0U	4.0
1440487200	5.0
148391058X	5.0
0825420164	5.0
1601421311	3.0
B00B72JQTG	5.0
1439102767	5.0
1250012899	4.0
0800730801	5.0
0800722183	3.0
0764208667	5.0
0525953728	5.0
145162607X	5.0
0615603629	3.0
0764204076	4.5
082543310X	5.0
0142001740	4.0
1401340911	4.0
0062217135	4.0
0345504968	3.0
1416989846	5.0
0385743203	4.0
0307276902	1.0
1455512427	5.0
0060751967	3.0
0768442176	1.0
1599901684	5.0
1497439000	5.0
B007TBYQ9O	4.0
067144901X	4.0
0736949879	5.0
0385523386	5.0
0142402516	1.0
0758229208	4.0
0764211609	5.0
B00CGZCFZU	4.0
146353356X	4.0
0345515633	5.0
1480239682	5.0
0141009829	4.0
B00E5RJAX2	5.0
0764204084	5.0
B00CA9DF24	5.0
0765362430	4.0
0800721098	4.0
054774501X	5.0
0061774022	5.0
0606106766	5.0
B009LYM3ZQ	5.0
0984817301	4.0
1442421762	4.0
1629270016	3.0
0737303948	5.0
031236394X	5.0
1439152802	5.0
0615553028	3.0
0395519373	4.0
0768423627	1.0
1622660064	5.0
0310334098	5.0
076420887X	4.0
0061099341	5.0
1495922480	4.0
1482658143	5.0
0764208888	5.0
0743554434	5.0
1401945708	4.0
141437934X	5.0
0764207563	5.0
162634051X	3.0
1460959914	4.0
0983511268	5.0
0811839141	5.0
0812973348	2.0
1414379358	3.0
0991036603	5.0
014219672X	5.0
0307719871	5.0
0451218469	3.0
0316044695	5.0
1481965379	4.0
0060280778	1.0
1606049941	5.0
1596693541	5.0
149297613X	5.0
0451217373	5.0
144040075X	4.0
B00BNVVP2W	5.0
0978496310	5.0
0316134074	3.0
0312288352	5.0
1555664466	4.0
1622660242	4.0
0739445286	5.0
0060987103	2.0
0615856810	4.0
0984755179	5.0
B0044KM3HA	5.0
0316222704	5.0
0062091093	4.0
0143142356	4.5
0451202945	5.0
0805096663	5.0
0307886263	4.0
B00F7EBTUY	4.0
0983752001	2.0
0060233346	5.0
0803476647	3.0
0986881147	4.0
0451222962	5.0
B003AOA4IQ	4.0
1470102234	4.0
0800734599	5.0
0984528199	4.0
1937702081	3.0
0312590563	2.0
1619630621	5.0
076421070X	5.0
0451218043	3.0
1937007588	5.0
148239507X	5.0
1440401683	2.0
038536315X	5.0
1416989412	5.0
039916443X	5.0
1433678209	4.0
1455581895	5.0
047076905X	4.0
0143142372	5.0
147671424X	3.0
0449012751	5.0
B0057AEMU2	4.0
1453722661	4.0
1482627213	5.0
0689834705	5.0
030758836X	4.5
1939529328	3.0
B0054R6T6I	5.0
1492291560	3.0
0451219368	5.0
0800733258	5.0
1770493131	2.0
0988225115	3.0
1909815012	2.0
B00DJC4AF2	5.0
1476706433	4.0
0758209827	5.0
0446612774	1.0
B008H3T5Z8	5.0
0957096003	4.0
0307914208	5.0
1622662687	3.0
1478295856	3.0
0764207512	5.0
0451211634	3.6666666666666665
0002247399	5.0
073935650X	4.0
0982589409	2.0
141971144X	5.0
B00A9VPKY6	5.0
1441766073	5.0
0739474812	5.0
146091810X	4.0
0451218027	4.0
0439925576	5.0
1470035375	5.0
0833524658	5.0
B00C5TOQ7M	5.0
1402281005	2.0
1493580175	4.0
B00A354CWY	4.0
1494853515	4.0
031073701X	5.0
1493560336	3.0
0743289684	5.0
0764208861	5.0
B00KEFZQ14	4.0
B009ZL7INW	1.0
1481178202	5.0
1416989439	2.0
1478188693	4.0
0451413431	5.0
0441008534	2.0
0312363923	5.0
1456320092	4.0
1477663096	5.0
1933515147	3.0
0312274823	4.0
1499162677	5.0
1463650132	5.0
B004C05482	5.0
0671042556	5.0
B009EEOWOS	5.0
1423161629	5.0
1470033313	4.0
1594744769	5.0
1423139933	5.0
0061734896	2.0
0099443635	5.0
0764206095	3.0
0739431234	5.0
0307458768	4.0
0985432845	5.0
1482926474	5.0
0739327364	5.0
1606416529	3.0
1469248387	5.0
0310318653	2.5
0515131679	4.0
0446506699	4.0
0375830995	4.5
B0094O489M	3.0
0849922070	3.5
1612186009	1.0
1477413391	3.0
0345531701	5.0
1434799840	5.0
1442439920	5.0
B007AARG8W	2.0
B00IFVYJN0	3.0
0984723528	5.0
098472351X	4.0
1926676386	5.0
1481161792	4.0
1880226480	3.0
1935597760	1.0
1481262262	4.0
0804165742	5.0
B00I9JMFE8	4.0
B004V49BLU	5.0
0375821813	4.0
0764211684	5.0
B00466HRVY	1.0
1439153264	4.0
0764210114	5.0
0143124943	5.0
0060740221	5.0
1400108268	5.0
1494263807	3.0
1616632992	4.0
1481096494	4.0
B00EHZ4B86	5.0
0871130432	4.0
B00K62P15Q	4.0
1495474801	4.0
B004ALYAD8	5.0
0800720814	4.0
1401341861	5.0
0977329623	5.0
161109898X	5.0
B00H2WZZY0	4.0
0323074294	1.0
B006Z499M0	4.0
160907839X	3.0
0937611018	5.0
1599957299	5.0
0803739753	4.0
0143036661	5.0
B00FCKGFMU	1.0
0062103733	4.5
1414371225	5.0
B003TZLM3M	5.0
B008L7A234	1.0
0310241804	5.0
0976544474	5.0
0751550213	4.0
0307458997	5.0
0316175668	5.0
1606844415	5.0
0987803735	4.0
B005CRQ4U6	4.0
1937945030	5.0
1495469883	4.0
0664239471	3.0
0757317626	4.0
0983651795	5.0
0761139893	5.0
0863276482	1.0
1469283174	5.0
B00ASPED6E	4.0
0764209566	5.0
098419651X	5.0
0545178177	4.0
0385349947	5.0
0764206052	2.0
031230434X	4.0
0547577699	5.0
1583391673	5.0
1597973858	5.0
1479255815	4.0
145554731X	4.0
B00EGPIZS4	4.0
0615803733	4.0
B004NSV8EC	4.0
0307281620	4.0
B007MJDWFM	5.0
0140167773	2.0
1475296576	5.0
1250041198	1.0
0143038419	4.0
0312201656	5.0
075731760X	4.0
B00D5SJDAM	3.0
1453885684	3.0
1626524351	5.0
1612250645	4.0
0062135317	5.0
B00F8O4P2C	4.0
0679805273	5.0
1469298651	4.0
044653143X	5.0
0988191253	4.0
1855758822	5.0
0060519134	4.0
0439866286	3.0
1607741849	5.0
0099911701	2.0
1896213731	5.0
0764204092	4.0
B00A2E7WJ6	2.0
0373442556	4.75
0143118234	5.0
1423180364	5.0
0060752017	3.0
0977996026	4.0
B004WLOGYE	3.0
0312360258	2.0
0310727618	4.0
0451219996	5.0
0446573051	4.0
1440402116	5.0
0786868724	5.0
0062103768	5.0
030681854X	1.0
1582348898	5.0
0857896326	5.0
1940026016	3.0
0060521228	4.0
0374264260	5.0
1480032557	5.0
1483940780	5.0
0373675895	5.0
1414119828	5.0
B00G79LCT6	5.0
1451617194	4.0
B008R0IZF2	5.0
162029169X	5.0
0982380402	5.0
0399157689	4.0
0800733878	5.0
0525426035	4.0
144245041X	4.0
B006NQBNGU	4.0
0989776018	5.0
0307718093	5.0
080071931X	5.0
0615784801	4.0
0781410487	5.0
0060755784	4.0
0345541235	3.0
1481888064	4.0
0987484516	3.0
1935711253	4.0
0975363506	3.0
0615731260	5.0
B00FJBJ6NM	3.0
0374515263	4.0
0263211053	5.0
098949120X	4.0
0441011675	4.0
0441014941	3.0
0307747409	5.0
0743572750	3.0
B00B9U567C	5.0
1449725953	5.0
0764203665	5.0
1462405053	5.0
1892061422	4.0
0983213836	5.0
014131088X	5.0
0061458031	5.0
1439153663	5.0
0312306326	5.0
B008UAQPRO	3.0
076145277X	5.0
1455515485	2.0
193475563X	5.0
1401945279	4.0
0987484532	3.0
B00GNB998E	5.0
0764204963	5.0
0441012795	1.0
1938212215	3.0
0988198002	4.0
B00K8HWYOA	4.0
0764208098	5.0
1595542493	3.0
0764209183	4.0
1463721285	5.0
0807101508	3.0
0764203649	5.0
0736951059	5.0
1492354252	4.0
0800732510	5.0
0399157654	5.0
1470052563	5.0
0891126767	5.0
0812980549	5.0
1479370118	5.0
098200270X	5.0
1616630280	5.0
0615949258	5.0
0307265773	4.0
0451216954	4.0
0312537409	2.0
1469236877	5.0
1489588876	5.0
1595146504	5.0
B00I0FBO2A	5.0
0312380968	5.0
078140374X	5.0
030720989X	5.0
B008AWLN24	5.0
0316065781	4.0
080075896X	5.0
0547232802	5.0
B006KH7BKE	4.0
0316013269	3.0
1400106656	4.0
1595544496	2.0
184728924X	3.0
1475203462	4.0
0800719530	5.0
0307712508	5.0
1770696954	5.0
030728090X	5.0
1434700178	4.0
1476710201	5.0
1609089464	5.0
0547928521	5.0
0143142801	4.0
1937786196	4.0
068982663X	5.0
0991677196	4.0
1770694528	4.0
0981279007	3.0
1453867996	4.0
1615664300	5.0
1595142568	2.0
0399159894	4.0
1105613968	4.0
0062135953	5.0
1401680089	5.0
1416979182	2.0
1477818375	5.0
0140060286	5.0
0786838922	2.0
B00DBE8QDU	4.0
1565125363	2.0
0785269894	5.0
140193501X	4.0
055277572X	5.0
1617779741	5.0
1770694552	5.0
098441813X	4.0
1575420368	5.0
B007P7HTSW	4.0
076421120X	5.0
0983492700	5.0
0615776116	5.0
0764209140	5.0
0989782913	5.0
1456363476	5.0
0062092995	4.0
1484021479	5.0
0142428167	5.0
0373775458	3.0
1451648979	4.0
B005EM30II	3.0
0345533666	4.0
0985294809	5.0
1475261799	5.0
1481026704	3.0
B006SLYXLM	5.0
0739359339	4.0
1935661981	4.0
098834095X	4.0
0736930175	5.0
0316027650	5.0
1481949535	5.0
1455503053	4.0
1250040159	5.0
1461113261	5.0
0800719522	5.0
1480545813	4.0
1475283334	4.0
B00570IAX2	4.0
B007RXVBEW	5.0
0373718241	5.0
148415715X	5.0
1494341638	2.0
B007JCTY40	5.0
1476753164	4.0
1939889103	5.0
076840374X	3.0
0983589720	5.0
1607997126	5.0
1937844013	3.0
1416550518	3.0
0785229183	4.0
B00AFHI39I	2.0
1617521647	4.0
0399161309	5.0
0615556035	3.0
0312365160	5.0
0312422156	5.0
0764208942	5.0
1934606375	4.0
0316056863	5.0
0764208950	5.0
0441015891	3.0
1433678896	5.0
0764201085	5.0
0373266189	4.0
B008HRMAPG	5.0
0615492886	5.0
098196480X	4.0
1617392960	3.0
080073369X	5.0
1484081730	5.0
B00CB2BCCK	5.0
1935391313	4.0
1480039810	3.0
B00ET9VIZE	3.0
0547807686	5.0
1934755036	5.0
B007PFY69E	5.0
0671003755	5.0
B00ALTVJ8C	5.0
0062026488	4.0
0312368674	5.0
1848991169	4.0
0307352145	5.0
080750615X	5.0
0747542880	4.0
0307976815	4.0
0957544324	3.0
0385679505	1.0
1480504246	4.0
1620401398	5.0
0761121102	5.0
B00FRSX700	4.0
1434767000	4.0
1466463929	4.0
0307884945	5.0
0310344298	2.0
B00EIKSXP2	3.0
0375861173	4.0
148267579X	4.0
0800734548	5.0
0984977279	4.0
0062049577	5.0
0312334877	5.0
0007444117	3.0
1606047817	5.0
0142301507	3.0
0307408841	5.0
1601421621	5.0
0800721225	5.0
1908603607	4.0
0307444902	5.0
037371422X	5.0
0824948564	5.0
0307929612	5.0
1477816348	3.0
031604461X	5.0
1442475110	5.0
0615492622	2.0
0143116533	1.0
1402215231	4.0
0099496941	5.0
0385736770	5.0
1401923097	5.0
0385343914	5.0
1250030951	4.0
162266020X	2.0
0765316242	3.0
0141039280	5.0
0385341970	5.0
1933515937	3.0
0988478404	3.0
0800720385	4.0
B00BT1T1ZY	5.0
1591453488	5.0
1608826619	4.0
1428511091	4.0
1935712713	4.0
B005D7F8A2	5.0
0143113496	5.0
B002SVQD0A	5.0
1434764397	3.0
030739395X	5.0
0142415227	3.0
0547393091	3.0
0764206729	5.0
0671536141	4.0
162411024X	3.0
1470052555	5.0
1455577790	3.0
1491210591	5.0
0983311633	4.0
006018860X	5.0
0982774508	5.0
0547571593	5.0
0312380755	5.0
162626001X	3.0
1482389916	5.0
0985835931	4.0
0786862882	4.0
0991686004	2.0
B00JBSBFV0	2.0
080073341X	5.0
0984528105	4.0
0747598002	5.0
B006MYOY3W	4.0
1440563926	2.0
0312367546	2.0
1449590845	5.0
1463604815	4.0
0988518988	5.0
0615608329	5.0
B00GBFJ1IA	3.0
B002EZZJSM	4.0
1467937762	5.0
034553302X	5.0
0800732324	5.0
B00GTQ2CKK	4.0
0345543084	4.0
0803739397	5.0
1481163493	3.0
0764206702	4.5
B009PAQE60	4.0
B008HW917Q	3.0
0664237991	4.0
B00DOBWBFY	2.0
085720873X	3.0
1455839906	4.0
0306822245	4.0
B007ZRYPWU	3.0
0399160477	3.0
1416585672	5.0
1629550019	5.0
1404104828	5.0
1617398039	5.0
148413933X	4.0
1611943647	2.0
1615668292	4.0
073949774X	5.0
0143115626	5.0
0991760425	4.0
0979748593	5.0
081184434X	5.0
1477518703	4.0
0985621214	4.0
B006RBH51S	5.0
006254506X	5.0
0788750097	5.0
0689808186	5.0
0143121073	5.0
0441015220	2.0
B0054TR7GM	4.0
B0088Q23F8	3.0
0060738871	5.0
0007559569	5.0
0553573411	3.0
B00II99IVW	5.0
1626523924	4.0
1601422520	5.0
1616265868	5.0
