1565540247	1.0
0891416013	4.0
0671479903	3.0000000000000004
0143111930	4.0
0316204366	1.0
1414311354	1.0
0816638071	5.0
0312134916	5.0
0143123114	3.0
0312579977	4.0
0871404273	2.0
054733608X	5.0
0674809300	5.0
0375705201	5.0
0143118692	2.0
006000942X	3.0000000000000004
0230342086	3.0
1400062551	3.0000000000000004
1591141338	5.0
006073132X	5.0
0684823454	5.0
0446519251	5.0
067166834X	4.0
0767916883	2.0
0226537579	4.999999999999999
0300108834	2.0
030759419X	4.0
073556339X	3.0
1612192750	5.0
0376010363	3.0000000000000004
0803281927	5.0
0141040475	5.0
0385476841	4.0
0742551849	4.999999999999999
0684827123	4.0
054774501X	1.0
0770437354	5.0
0413560708	3.0000000000000004
0984087168	1.0
0307271102	4.999999999999999
0375725601	5.0
1595554599	1.0
089526272X	5.0
0375504338	5.0
0982477767	1.0
0618127380	4.0
0061139122	5.0
0595092381	4.0
141884327X	4.0
0061472808	4.601967799642218
0500510776	4.0
0002007770	5.0
0761530924	3.0
0143120980	1.0
0312428324	5.0
0060004401	4.0
0143035282	5.0
1580060218	1.0
1574230581	3.0000000000000004
B00BCO2LK0	1.0
0195078942	4.798331015299026
1400041635	5.0
0770429629	3.0
0143034758	5.0
0679437096	5.0
0743277023	4.0
014219672X	4.0
0446573019	2.0
1565126262	4.0
1860642225	3.0000000000000004
0394528360	5.0
0060921072	5.0
0195117972	5.0
0140441697	4.0
0061132284	2.0
1907773177	3.0
0812976843	4.0
0452011469	4.0
0307407926	2.0
0345339029	5.0
155571708X	4.0
0876854374	5.0
0684869888	5.0
0395877539	4.0
0316039772	2.0
006165731X	4.0
0451228812	2.0
0307463125	5.0
0061986461	4.0
1402268378	5.0
0743225708	4.0
1400106656	3.0000000000000004
1595544496	5.0
B00AG6T35Q	2.0
081392104X	4.999999999999999
1439148848	4.999999999999999
0671721216	3.0
0316023744	3.0000000000000004
0375414967	5.0
0684868547	4.999999999999999
0805079769	3.0
1410458792	5.0
0615419178	4.0
0802778119	5.0
156980267X	3.0000000000000004
037543190X	4.4724104549854795
1567310133	5.0
1555917186	4.0
0794836755	5.0
0099524139	3.0
0674011295	3.0000000000000004
0684818868	2.0
0226751295	5.0
0306822083	4.0
1423154045	5.0
0880801441	5.0
0140446176	5.0
0684807610	4.0
1556524552	5.0
0375406425	5.0
0807847232	5.0
0156028727	4.0
1414315473	4.0
0375414959	4.0
0385503865	3.0
0195088476	5.0
0142428280	3.0000000000000004
0393964582	3.0
006223059X	4.0
0307986330	2.0
0141184590	3.0000000000000004
0449219771	5.0
0099526409	4.999999999999999
0316055433	4.0
0521726867	3.0
0195078225	5.000000000000001
0671654241	3.0
1491049669	3.0000000000000004
0226038599	1.0
0312604238	4.0
0195312953	2.0
019509381X	4.485739750445633
0439742021	5.0
0826193838	5.0
0345523504	4.999999999999999
0029088801	5.0
0399152326	4.0
1400034337	3.0000000000000004
0812984250	5.0
1461123860	4.0
014311557X	4.0
B004JKNQ5I	5.0
0803281269	4.0
1933512865	3.51123595505618
1594488835	3.0
0195176006	4.999999999999999
0876851898	5.0
0252036743	3.0
161188053X	1.0
1451651104	5.0
0664235042	4.999999999999999
0446672106	5.0
1592403778	4.0
1616950080	1.0
1452657319	5.0
0966075188	4.999999999999999
0674443020	5.0
045123023X	2.0
0679776737	4.0
0679450882	5.0
0805034544	4.0
0465008887	3.0000000000000004
006194100X	5.0
076116703X	5.0
0936070463	5.0
B00907YWNK	3.0
0739334581	2.0
0141884819	5.0
0316118087	3.0
0912697814	5.0
0691142165	5.0
0195038630	4.763911620294598
039306235X	4.067580803134183
0749008156	3.0000000000000004
0195162471	4.389165095148294
061547585X	4.0
B004FN2BJQ	3.0000000000000004
0399161309	3.0
0393049825	3.0000000000000004
006059876X	4.0
0374283168	4.0
0374131430	5.0
1846033675	4.0
0803277938	4.0
1860649831	5.0
1594744769	4.0
0385503490	5.0
1433513188	4.0
1565071999	1.0
0316091073	2.0
1598804855	5.0
0465002374	3.0000000000000004
B009XGD2DY	3.0000000000000004
1442355549	5.0
B004YKYCAG	3.0
0060964316	5.0
0679311831	3.0000000000000004
0684811073	4.0
1608199371	4.0
080419257X	5.0
0800730755	5.0
0195179579	4.0
030681028X	5.0
0307943232	1.0
039332494X	4.999999999999999
1402269676	4.999999999999999
1118120280	2.0
1477817522	4.0
0133316033	4.0
0316012823	3.0000000000000004
0307454290	2.0
1935597760	5.0
006251606X	5.0
0679640576	4.0
1590585496	4.0
0743567218	1.0
1442346272	1.0
1402770294	5.0
0195039149	4.771569563833173
1605980846	3.0000000000000004
0470083069	2.0
0142002100	3.0
1581345615	5.0
0684837234	5.0
0143143700	4.0
0316206849	1.0
0735524289	4.0
0316017922	5.0
030726646X	1.0
014024980X	3.0000000000000004
0310275865	5.0
0060957913	3.0
0786185821	5.0
158008219X	5.0
014118776X	5.0
038553292X	5.0
1400032199	4.486990950226245
1595230270	5.0
0307475999	5.0
0830839356	3.0
0465015808	3.0000000000000004
0674006380	5.0
084477264X	4.0
0743226712	2.8497920997921002
0060850523	3.0000000000000004
031218008X	4.0
0375713255	5.0
B0000CMDXI	5.0
0060722304	4.0
1616283998	1.0
039332902X	4.0
0547745524	3.0
0735588996	2.0
1416588698	2.0
015626224X	5.0
0739320386	4.999999999999999
0451231899	4.0
B00EHMFBLA	1.0
0020306652	5.0
0395599687	5.0
0700603115	4.0
0307959473	4.621118012422361
0805074600	2.0
0060655186	3.0000000000000004
0385410956	5.0
1741046904	3.0
1439102724	5.0
0806141522	4.999999999999999
0679721754	4.0
0762752637	2.0
0553386751	5.0
0314168915	4.0
030726369X	5.0
0385518269	5.0
0385495579	1.0
0801039657	4.999999999999999
0061967556	4.0
0742515168	4.0
0700603301	5.0
0195167716	4.0
0307887995	4.0
0679772545	4.0
0375501533	5.0
B00DE1QXP8	2.9999999999999996
0060531126	3.5665280665280665
0060936428	4.0
0471327166	4.0
0743297431	3.0
0195377273	3.0000000000000004
0434020362	4.0
1493682857	4.0
0061733636	4.0
0195181212	4.999999999999999
0060825405	5.0
0674090012	4.0
B0027VSZIY	5.0
0674777700	3.0000000000000004
0671577875	3.0
1591140951	5.0
0143118242	5.0
0060924209	5.0
0141012633	5.0
0195168933	3.0
B002SN9H24	4.0
1594771170	2.0
0785212167	4.0
0393311333	4.0
0465083323	3.0000000000000004
0199765294	2.0
0316074314	4.545
0060838744	5.0
0385518048	4.0
0609610627	5.0
1939011515	5.0
0809024799	4.999999999999999
1479237140	2.0
0967324971	4.0
0807818070	4.999999999999999
1455839906	4.0
0760331464	5.0
087685191X	3.0000000000000004
B006CR80YI	5.0
1494987554	4.0
097006294X	5.0
0394705130	5.0
0813925479	4.0
0805098542	1.0
0385515693	4.0
019518131X	4.999999999999999
0143116177	3.0
0310234492	5.0
080907821X	4.0
0307291448	5.0
B008BVXZXO	2.0
0801870569	4.585187843981815
0195305221	5.0
0465014917	3.0000000000000004
0300095694	4.0
0314194835	5.0
0300115474	3.0
1883789664	3.0
0307701220	4.0
0785822534	2.0
1594483787	5.0
B0039GL38K	5.0
0805073396	2.0
0143118102	4.999999999999999
0312430043	5.0
B00C10MB36	4.0
098822660X	2.0
0486266095	5.0
0553078755	3.0000000000000004
