1475190816	4.0
0385528701	3.0
0143142437	4.0
0312359314	2.9999999999999996
0571239498	4.0
0226771016	5.0
044657967X	5.0
0060515198	4.0
0547577532	5.0
1463749392	2.0
0345504968	5.0
0061779725	3.0
1480563730	5.0
B00EBZMKXA	5.0
0761169253	5.0
1611099587	4.0
0982820526	5.0
0310330718	3.0
0312577206	4.0
0979181518	5.0
1612184340	4.0
0316210919	4.0
1581808453	5.0
044617842X	4.0
1571744517	5.0
B00EEG63SE	2.0
B004T3AXEW	4.0
1623651085	4.0
0316196991	4.0
0936070048	5.0
B006JABFA4	5.0
0679602372	4.0
1468120360	5.0
0671023179	3.0
0743275071	3.0
0553385763	5.0
0306818507	4.0
0002007770	4.0
0312552475	4.0
0451234634	4.0
147519644X	4.0
0061779741	2.0
0143143670	4.0
0446603856	4.0
0143117467	2.0
0345536592	5.0
0152052372	5.0
156478214X	3.0
149612622X	4.0
1936661098	5.0
0307742857	4.0
1582345856	3.0
1933622717	5.0
1420106791	5.0
0520260481	4.0
1594487154	4.0
0312359594	3.0
0062183591	5.0
0985420545	4.0
0345476131	4.0
0765317680	2.202108963093146
1596061200	2.0
0143142356	3.426056338028169
1410440478	2.9999999999999996
0385537859	4.495833333333333
0553804693	5.0
0307477401	2.9999999999999996
1451640218	5.0
B004E9U5YE	5.0
0312655460	5.0
0061147958	5.0
1455525839	2.5815772669220944
0062064835	4.0
030727828X	2.0
141659518X	4.0
0805062890	5.0
1439102430	3.0
0393339297	4.0
1569474540	5.0
0393057658	4.0
0765316218	4.0
0374104093	2.670929830625648
1118585682	5.0
1594868840	5.0
1416586571	3.0
B001BZW5CO	2.0
0345487133	4.0
030758836X	2.9999999999999996
B005NIXW22	5.0
1611099633	4.0
0670024856	2.9999999999999996
0312655479	5.0
B00EHMG35I	5.0
0385517912	2.9999999999999996
1880985691	4.0
0316055433	2.0
0062049801	5.0
0374298637	4.0
0140291873	1.0
1468006002	5.0
0307749584	5.0
0451188462	5.0
0007327064	5.0
0399162496	5.0
1463788525	5.0
1401323278	5.0
1250018021	4.0
0743234413	5.0
0385335814	2.0
B003UBTWDM	4.0
B00BFQEFZ4	4.0
1476725160	5.0
1612185339	4.0
1600783791	3.0
0340822775	5.0
B00H1XZU0Y	5.0
0061560855	1.0
1594487197	5.0
1493560336	4.0
1250020565	2.0
1612184367	5.0
081293217X	4.0
0446531421	4.0
1609280229	5.0
0985420502	4.0
0143121332	5.0
022609281X	5.0
0767906454	5.0
0988672596	3.0
030726999X	3.443882709807887
1615641114	5.0
B0028AEAC4	2.0
0307476073	5.0
0606002952	4.0
0312540302	3.0
B008LYMI0W	4.676616915422886
1480140899	5.0
1843607476	5.0
0553593099	3.0000000000000004
030794672X	2.9999999999999996
B009JWEOY8	5.0
0316068985	5.0
0425211894	4.0
0143123629	5.0
0385352093	5.0
0345539788	5.0
1477809473	4.0
0743598768	5.0
0399155651	4.0
1611940516	4.0
0446530220	4.0
0307943232	3.0
1491070021	5.0
1569479755	2.0
0553566032	4.0
B00AF62F20	5.0
0547553293	5.0
1250033772	4.0
0743281101	2.0
0778329240	4.0
0399157824	4.0
0312424914	5.0
0446691437	4.0
1400067030	4.0
B0053TYVOY	4.0
B00AF62F1G	5.0
0316017922	4.0
0312358091	5.0
1416577572	2.872173058013766
B002LLCI4C	4.0
1455885002	4.0
0441008224	5.0
0307749649	4.0
0399157816	4.0
1848567391	5.0
0061432717	5.0
0446554995	4.076763485477179
0345289072	5.0
0312538103	5.0
0316036315	4.0
1581809921	4.0
B00AF62F02	5.0
0140289011	4.0
0061125350	4.0
1582345341	5.0
B00B9KUZK0	4.0
0471654655	3.0
0099908506	4.0
1845766571	5.0
1937128148	4.0
0544077792	5.0
B005GF314G	5.0
159562015X	2.0
0743572203	5.0
0471686174	5.0
0316404179	5.0
184856600X	5.0
B00C9AO91U	5.0
0307700003	5.0
1401341764	4.0
B007C6Z24O	5.0
0765311054	1.3951020408163266
0385349947	2.0
1416532161	3.0
1565126068	4.0
0441007155	5.0
0373276699	5.0
1595145303	5.0
0985129603	5.0
B006L892WM	5.0
B00567KLLK	4.0
019977529X	4.0
B004NSV8EC	4.0
0385521685	5.0
1451699425	4.0
0345807154	5.0
1606995502	5.0
0312339216	3.0
0385349963	5.0
0545103681	5.0
075093204X	5.0
0062220969	5.0
0307741907	2.0
0312558155	5.0
0062064320	5.0
0765311046	2.0
0671661876	3.0
146101123X	4.0
1250036607	5.0
0984042393	3.0
0061231401	4.0
B00EHMFCPK	5.0
0553286447	5.0
1416565159	5.0
1936488299	1.0
1585428450	4.0
B005Z1C29G	4.0
0553348973	1.0
006191648X	3.0
0393319296	2.0
0553589776	4.0
0521514193	3.0
074327041X	4.0
B00BL3P3T8	5.0
0373778341	4.0
1594633177	5.0
034541005X	5.0
B00EHMFCQE	5.0
B00AHRE74G	5.0
0060194995	5.0
0375707050	3.0
0399154582	2.9999999999999996
0451213092	4.0
1481814761	2.0
0679728740	4.0
1940026016	5.0
B00GU1J8YM	4.0
0446402389	2.9999999999999996
0316014508	2.0
0316008079	4.421985815602837
B006Q56PR0	5.0
0099450259	5.0
0972002693	4.0
0465026214	5.0
0007550197	4.0
1469228920	3.0
1466291206	4.0
1405163151	2.0
1300335610	4.0
0307279855	4.0
B00AF62EZI	5.0
0399157328	5.0
1616950064	5.0
0399157565	5.0
1490904387	5.0
0446576972	2.872173058013766
0743294378	2.6666666666666665
B00847O20A	4.0
0061992704	3.0
B00AF62EZS	4.0
0316025283	5.0
1484989953	4.0
0375405380	5.0
006073132X	2.0
B00B0IMH20	5.0
0385339712	4.0
1471128636	5.0
1599632306	2.0
0316097446	3.265957446808511
159184424X	4.0
0399155015	4.0
0446576980	3.9916666666666663
B00DP1QJ1A	5.0
0307913090	4.0
0316404152	5.0
B00G3DC7RW	1.0
1453887660	4.0
B00KAFX90I	5.0
0060883510	5.0
031613399X	4.0
0761145974	5.0
1482396807	2.0
0975991477	4.0
0312377444	3.0
148020725X	4.0
0307358666	4.0
B007PVCVFY	5.0
0312643721	4.0
0061999245	5.0
0307473740	5.0
B00B5KP11M	5.0
0441009158	5.0
0307277224	5.0
0615449867	4.0
0812979680	4.0
0743250885	1.0
B00AF62EWQ	5.0
045146513X	4.0
B00AF62EX0	5.0
0553379887	5.0
0670018716	5.0
B00AF62EW6	2.0
0345416899	3.0
0375506098	4.0
0765333236	3.0
0312202296	4.0
0312605536	2.0
1400043921	1.0
0345538080	4.0
0061435031	5.0
0743486285	2.0
1608681629	5.0
0312628110	4.0
0307474933	5.0
0399149864	2.0
0743527992	5.0
0312544391	1.0
145288126X	4.0
B00ANW13U6	5.0
174334273X	5.0
1611099099	4.0
0099505967	2.3333333333333335
0758267002	5.0
0674027868	5.0
0870334336	4.0
0765332310	1.0
0312375433	4.0
1442369884	3.0
0142429112	5.0
0446554979	2.482628714943491
1477809317	5.0
0316133728	1.0
1414319703	3.0
0312628102	5.0
031238534X	5.0
0307474925	4.0
148116418X	5.0
0399156267	2.0
B00BMFEWQA	5.0
0316018724	1.0
0441014984	5.0
0316099783	4.0
1935597167	4.0
0553275852	5.0
0817437126	5.0
1401309658	3.0
1617031836	1.0
1493761978	5.0
031093852X	5.0
0615795870	4.0
0983765502	5.0
0399156259	4.0
0985044381	5.0
1573220418	5.0
0553808036	5.0
0743294114	3.0
0684831058	5.0
0091920329	2.0
B004HILQ8Q	5.0
0761122745	5.0
0385349408	5.0
0399158316	1.0
0307278867	3.0
0767914007	5.0
030739560X	4.0
037571409X	5.0
1250006724	2.0
0446554952	5.0
0399519904	5.0
0062201050	5.0
0345497627	2.0
0307595110	5.0
0307744434	5.0
0451237560	3.0000000000000004
014242935X	3.0
0141188936	4.0
0451228731	4.0
B00E8AGZTI	4.0
0758266383	4.0
0739334581	5.0
031227534X	5.0
0399149546	2.431354780244676
0814473830	5.0
0425198480	4.0
1439183368	5.0
B005ECTZIC	5.0
0399159223	5.0
1479236667	5.0
0399157050	2.0
0399158138	2.9999999999999996
039915812X	1.0
0345485041	1.0
0786891459	5.0
0679643613	5.0
1930448074	4.0
0739495585	4.0
1477808701	4.0
B00C8X572I	1.0
B006298622	4.0
014311882X	5.0
145382667X	5.0
0857208675	4.0
0547792778	5.0
039915714X	4.0
080419257X	4.578014184397163
0544217624	5.0
0575077859	5.0
1400031524	4.0
0399157042	4.0
009928264X	4.0
0983573123	4.0
0425191729	3.0
0062107313	4.0
0399159339	2.7041420118343202
0399161775	4.0
0881889792	5.0
0141001828	4.0
B008XKUS9C	4.0
0553442341	5.0
1416550402	2.0
0446580287	4.285081240768094
0802135226	5.0
0143034901	4.0
0316168688	3.0
0307744647	4.0
0965437280	5.0
0765317583	3.0
0007444117	2.0
B004DEQKYY	5.0
0399160795	5.0
0446580295	2.6889023650697395
0307408841	4.0
0142427799	5.0
0099451956	4.0
0765317699	5.0
076536302X	5.0
0874744911	5.0
B008DVVLYW	5.0
0142000957	4.0
0316044989	5.0
0061147931	5.0
0143116878	5.0
0394445937	5.0
0547271204	5.0
0399149759	2.9999999999999996
1594746125	5.0
0765318539	5.0
0345409973	4.0
0970312512	4.0
0984016007	1.0
0099525372	3.0
0425269051	5.0
1616366257	5.0
B00892B03M	4.0
0307743659	5.0
1250005000	5.0
0307947076	2.3706505295007565
0007386648	5.0
1591026415	5.0
0399159266	2.0
006202423X	5.0
1605043370	4.0
1593155840	4.0
1477818421	5.0
0425240517	5.0
0891061983	2.0
B00GQOG166	5.0
0615335195	5.0
0312614578	4.0
043920352X	5.0
B00DG8ZY8G	5.0
0307272591	4.0
B0086IDA28	4.0
0316218952	3.0
0553589091	4.0
0330517783	4.0
0869143433	5.0
0802135269	4.0
0345504992	4.0
034553302X	2.9999999999999996
0060573775	1.0
0230744184	5.0
0553245015	5.0
0061702560	5.0
B00CBXWJ4Y	4.0
1455839906	4.0
034550691X	4.0
1477818448	5.0
0441020933	3.0
B004LB4FBE	4.0
0375831002	5.0
1482016990	4.0
0393081575	5.0
0345504984	5.0
1880985055	3.0
0805090703	5.0
031601429X	1.0
0451226704	4.0
1401301304	5.0
0374268061	5.0
0316216798	5.0
0195320158	5.0
0061133973	4.0
0446538523	4.0
0140119906	5.0
0765322706	3.0
0449909336	5.0
0340863684	4.0
0062196243	3.0000000000000004
009950569X	4.0
0316097543	1.0
0312203063	5.0
0070362408	5.0
0142196819	4.0
