0679421777	5.0
0385528701	4.266876599094667
0307275132	1.0
1439102767	5.0
0307358887	5.0
1408173352	5.0
0615879179	5.0
0393060349	4.0
0470084693	2.0
1250020832	5.0
0452298016	1.0
1891423088	5.0
0142001740	3.7716623280029746
1494400626	3.0
0316001635	2.0
148056902X	4.0
0143170104	5.0
0375422722	5.0
0330449605	5.0
0307265439	1.0
B002V09184	4.0
B0084AXZRI	4.0
0452275490	5.0
0385660065	4.937989255564083
0553384090	4.0
037541486X	4.0
0743597281	4.0
1439152802	4.0
0006551807	5.000000000000001
0356502465	4.999999999999999
0060559349	3.0
0316098329	2.4488572499063315
0743238524	4.0
0002007770	4.505911129229515
0595191819	1.0
0143124544	5.0
0743554434	4.8890279143206135
0843941561	4.0
0141027592	1.0
1933494050	5.0
0767905172	1.0
1591843820	2.0
0091800951	5.0
0312351623	3.0
0743270878	4.0
1594741751	5.0
0439136350	4.999999999999999
0061374229	2.446784505453178
080509329X	2.0
B00IZGQ1HM	5.0
0007147295	3.0000000000000004
1907016414	5.0
0060987103	3.0000000000000004
0141034262	5.0
0307395987	1.0
1940051002	4.0
0062278290	4.0
1416534628	1.0
0062069284	4.0
0060972777	3.0
0345505336	4.0
0767912764	2.0
0679009396	5.0
0385339518	4.999999999999999
0340979496	1.4441722086104305
0061122416	2.6730048205677557
0991677196	3.0000000000000004
1905264887	5.0
B008BM9IO8	1.0
0061429252	2.0
0399154094	3.0000000000000004
0142401595	5.0
0470284897	2.9999999999999996
0263877957	4.0
B005C5YZ86	1.0
0143142372	5.0
0449012751	4.999999999999999
0316159417	5.0
030758836X	4.0
1481026372	4.999999999999999
0060563486	4.0
B00E0VDEDK	5.0
0399155848	5.0
1463518293	3.0
1594486409	4.0
0310259347	1.0
0451159497	5.0
0312360401	3.0000000000000004
0099526409	5.0
0316055433	4.0
B005HF2V6E	3.0
098924475X	2.0
0857521012	4.0
0352345209	5.000000000000001
043902353X	5.0
0061573132	4.0
0739474812	4.562770562770563
0312358334	5.0
039915308X	4.0
0739359339	4.0
1891423029	5.0
0307744434	4.0
0312853238	4.0
0141188936	5.0
0142002887	4.0
1612182186	2.0
0812976886	3.0000000000000004
074326875X	5.0
0307957934	3.0
B008P2NA9I	4.999999999999999
0060997028	1.0
0743266102	5.0
0452288096	4.0
030747335X	4.0
0738211087	1.0
0989305309	5.0
006085880X	2.0
1573442755	3.0000000000000004
0312422156	3.5972863741339487
0312576986	2.0
1469259273	4.999999999999999
0743569628	4.0
1891423002	5.0
0099464462	4.483722641162404
0399159347	3.997125256673512
0312319142	2.0
0099443635	4.588148148148147
1416585850	5.0
0786891459	5.0
0425229866	5.0
0842322973	5.0
0880707755	4.0
0743454529	2.0
1908530391	4.999999999999999
1416551735	5.0
0385336608	4.999999999999999
0385340540	5.0
0842364390	2.0
1891423010	5.0
1601402317	3.0
0375406182	3.0
0006514006	5.0
0198326769	4.595099772669865
0786017295	2.9999999999999996
0812971779	5.0
0060175400	3.0
0143034901	4.893127575960893
0307914801	5.0
B004TRUYZG	2.0
0241143144	5.0
068987474X	4.0
0143170090	5.0
0316168688	2.0
0895260263	1.0
0316206849	5.0
B0099HZSNY	4.999999999999999
0385340990	4.365873779733261
0007444117	4.0
0452274583	3.0000000000000004
0307712842	5.0
B007NBCCA0	1.0
B00EZRUPLI	5.0
0142000957	2.0
0986631051	3.0
1903931843	5.0
1469227886	4.0
0345532015	3.0
0345534557	2.0
B004BDOK6M	5.0
1594746125	5.0
1440721726	3.0000000000000004
0141039280	4.0
0767926765	2.0
0736919244	5.0
1573221937	1.0
1442341955	3.0000000000000004
1400031664	1.0
0385510012	2.0
0061963070	2.0
0753512343	5.0
0979585503	5.0
0312427085	3.0
190776190X	5.0
0143112287	5.0
1414313454	4.0
0446579009	4.0
0553382152	3.0
0352341394	5.0
0316243922	4.999999999999999
0099460297	4.0
0312429827	3.0000000000000004
0312169787	4.0
0060887184	5.0
031230434X	4.478073946689595
0060878061	4.0
0007201796	4.999999999999999
0375412824	2.0
0317532634	1.0
1400113245	1.0
0718178122	4.506439742410303
0091779251	5.0
039592720X	4.0
043920352X	5.0
0143038419	1.0
0312370830	4.167664670658683
0307713547	3.0000000000000004
0743243307	1.0
0765310872	1.0
0842305068	5.0
0061707805	1.0
0061144835	5.0
0142428094	3.0000000000000004
0312342985	3.0
B00AN1UP2O	5.0
0345803485	1.3660653117150034
1439172773	4.0
0989305325	5.0
0151010196	5.0
0007441290	3.0000000000000004
B005RFFU4E	5.0
1414311613	5.0
0778314340	3.0
0307273571	3.0
0399159010	1.0
0099911701	2.0
0007271166	4.999999999999999
0821280147	2.0
0375831002	4.516521739130435
0674008065	1.0
0736424563	5.0
1845208048	5.0
0375410627	5.0
0446585025	4.0
B00EF78WL8	4.0
0312283709	4.0
1935071823	5.0
0743599357	4.0
0452289459	1.0
0060098902	3.0
B00408A6AC	2.9999999999999996
073932506X	5.000000000000001
043935806X	5.0
0007442920	4.0
0975599518	1.0
0880014814	5.0
1444729721	5.0
0312305338	4.0
0151014892	5.0
1926997964	2.0
0375703373	4.0
