1400204208	5.0
1449719961	5.0
0849901081	3.2900390624999996
1601421370	5.0
0764209639	3.0
0785229221	4.480916030534351
159554920X	4.0
1400317134	3.5297372060857533
1433684829	5.0
0764206133	3.0
078522968X	3.665997993981946
0307729311	5.0
0764211714	5.0
1414326963	4.0
1400204453	5.0
1426751176	5.0
1576836541	5.0
1414363915	5.000000000000001
0970001614	5.0
0849948169	3.9618320610687023
1595553711	4.0
1595541969	2.0
1440512264	3.331932773109244
1936746107	5.0
0849901073	3.9415305245055894
1615219234	4.0
0307457729	1.0
1414333277	5.0
0849947073	3.0
1414334125	5.0
0849920604	4.4491413474240415
0470947802	4.0
1589826957	5.0
0764208314	5.0
031032789X	5.0
0764207466	5.0
1591454824	4.0
0764207474	5.0
0310328764	5.0
1595549218	3.4705882352941178
0764210874	3.7336561743341403
0764208322	5.0
1418550663	3.0
0890516227	5.0
1601423799	5.0
159555260X	5.0
1416961143	2.0
1440308535	4.0
1609367022	4.0
1401600646	5.000000000000001
0964729229	5.0
1586421654	3.0
0307730301	5.0
0307730786	4.660377358490566
0310742943	5.0
1589976851	5.0
1400204666	5.0
0316815837	4.0
1590525213	4.0
0849948150	4.621335504885994
1449739113	5.0
1433684845	4.0
141433589X	4.4984567901234565
0446578258	5.0
0615841457	5.0
1416587659	5.0
0890515581	4.999999999999999
0801066107	5.0
0761140735	4.0
0310331935	5.0
1595548114	4.0
1595549684	4.700492610837438
0307730999	4.683333333333334
1400317150	3.6843082636954505
1601420250	4.0
0849947057	5.0
1404189580	4.718923933209647
1400320798	3.9696969696969697
0671737430	4.425
159669341X	5.0
0310338581	5.0
1578565073	4.466765140324963
0312385854	5.0
1602601658	5.0
1589976843	5.0
076421084X	4.0
089112392X	5.0
158997574X	5.0
0141040378	4.491883116883117
1595548106	4.0
1595550658	3.3061772605192483
0805448152	4.0
0764207695	4.0
1595551506	5.0
0310273978	4.0
0890516448	3.0
1400317142	5.0
1400316057	4.573170731707316
078523179X	3.5670529801324506
1616265825	5.0
0982926901	4.0
B00BOCVNAY	5.0
1404189572	5.0
1400203570	5.0
1401684947	4.703992210321323
0310338336	3.0
0310315476	4.0
074595586X	5.0
1414335881	3.794233289646133
0310730538	5.0
1939219116	5.0
0802403581	5.0
160006387X	5.0
1414311435	5.0
1418537888	4.324932493249325
0764208985	5.0
0764209833	4.378121284185493
0800720083	4.0
0764208500	3.112529249095937
0764205234	4.0
0763647128	5.0
0890516499	4.563186813186814
1404189769	3.138383410918324
0800720075	5.0
1414320140	4.0
140168713X	4.0
B00AQ1908Q	5.0
1433671700	5.0
1595549021	4.0
0890516251	5.0
0310742994	5.0
0849964695	4.0
0849948126	4.155712178331421
0849947278	4.999999999999999
1595552669	3.545670225385528
0446691097	5.0
0784733635	5.0
0785221700	5.0
0849946182	3.9530646051905034
0764208519	5.0
0849947030	4.0
1433535610	5.0
B00BGXAADC	5.0
0664234291	5.0
0758229526	4.0
0770435009	4.0
0764207423	5.0
0764205005	5.0
1414311427	4.0
084994810X	4.273174733388023
0849948118	4.0
1400317169	5.000000000000001
0307729761	3.0
1400073804	4.378650553877139
1400318254	5.0
1401688489	3.963147410358566
1595549013	4.0
1400203155	4.3453401943967975
1595551565	4.0
1414353073	5.0
1418534390	3.0
1601424442	5.0
0446582719	4.0
1414334532	4.0
0373877854	5.0
1400071607	5.000000000000001
0307444821	4.597355769230769
1426110456	3.0
0764207873	4.57422969187675
1934429619	5.0
1400311403	5.0
0764207881	4.57422969187675
0890516235	4.999999999999999
B007O3IKTY	5.0
0310275946	5.0
0825443091	5.0
1607746336	5.0
0578113031	5.0
0764203282	4.0
1605294845	5.0
1439191697	5.0
1595549242	3.7024673439767786
1400318041	4.512445095168375
0849946166	5.0
1601421389	4.674772036474164
1595550224	3.854131534569983
1595547061	4.515297906602254
0310318955	4.0
1601420056	3.444444444444444
141854874X	5.0
0310262887	5.0
1414334788	4.341445955619184
1400072948	4.413561392791692
0307729737	5.0
1414335636	5.0
0764209825	5.0
0785229213	5.0
1414363087	5.0
1404189777	4.0
0307729982	4.0
1615210210	4.0
1400318033	5.0
0794418821	5.0
1601425759	5.0
1401931464	5.0
0310272440	5.0
1401684904	4.0
0849947006	5.0
031072600X	5.0
1595550291	4.0
0785214127	4.299295774647888
0899578918	5.0
0763661635	5.0
1595542671	3.0
084994855X	5.0
1400070333	5.0
098921060X	4.0
1418548731	4.576652601969058
1400316200	3.5939982347749333
0972304649	5.0
1414348118	5.0
0849948320	5.000000000000001
1595553797	5.0
1414359489	5.0
0061251348	4.0
0849946387	4.0
052911769X	5.0
1601422059	5.0
0736945792	5.0
1400203988	5.0
034911580X	5.0
0307729958	5.0
1595550283	4.423604757548033
141433964X	5.0
1400202892	4.3979591836734695
0785228780	4.0
0310293707	4.535987748851455
0983785007	5.0
0983548625	5.0
0985605014	5.0
1400316669	4.369035532994924
0849947227	5.000000000000001
0764209256	4.0
0764210475	3.0
0310293944	4.0
0764207075	5.0
160142423X	5.0
0310330432	4.0
0849946379	5.0
1433531623	5.0
1400203732	3.0
1414337205	4.761605035405193
0764203916	4.392228293867638
1595551360	2.9999999999999996
0307932796	3.959251837007348
0307730913	5.0
1602601488	5.0
1400316456	5.0
1595542884	4.5279034690799405
1400317304	4.0
1401685196	3.1958041958041954
0857210181	5.0
0764208128	5.0
1451633106	4.0
0849947219	4.0
0785231951	4.054579093432007
159554903X	5.0
1404189742	4.0
0310333717	5.0
1615210245	4.400916380297823
0240819233	5.0
1601424213	4.530559167750326
1595553533	4.0
1601424698	4.0
1601422032	4.999999999999999
1595550267	4.0
1595552685	3.0
0802407293	5.0
0802436889	4.0
0849948304	5.0
0849947456	5.0
1601420099	5.0
0785213066	4.0
0800715357	3.0
0310283922	5.0
141433768X	5.0
1400316448	5.0
0800719956	4.0
0892217111	5.0
1414368178	4.0
0307729931	4.0
1596681616	2.0
1404189734	4.561573178594455
159555484X	5.0
1414348347	3.7517899761336517
038534564X	5.0
1426772009	5.0
0802408133	5.0
0307958701	4.0
159185413X	5.0
0307457788	3.457446808510638
1416587241	4.0
1595551107	5.0
0764210696	4.0
1400320941	5.0
1414333064	2.5394402035623407
1608197166	4.0
1400203554	4.0
1595547916	4.539984767707541
0740748475	5.0
1615216855	4.0
0764206168	5.0
076420615X	4.0
1400073413	5.0
1595544887	4.0
1414326521	5.0
0764206176	4.0
0849946107	5.0
0985929553	5.0
089296829X	4.0
080079477X	5.0
0310326370	3.5359877488514555
0764210424	5.0
0849921287	4.0
1595553592	3.9722222222222228
0842328092	5.0
0307729915	4.653218059558117
B008T3UYBK	5.0
1595554440	4.0
1595547908	5.0
1609200365	5.0
031071687X	5.0
1400074975	5.0
1595542698	4.999999999999999
1576737802	4.0
0764208365	4.0
1400073405	4.5070643642072215
0764209698	4.0
1400316472	4.0062893081761
1404187731	4.0
0781404460	5.0
0764206184	4.0
0764207032	5.0
1414325665	3.0
1595549099	3.0
0307458857	4.016962220508868
1595552014	4.0
0310278368	5.0
089051609X	5.0
0849947421	5.0
0310278384	5.0
1414334133	4.0
0785263713	5.0
1400202442	4.631385520029402
1595546804	3.47723704866562
0764206389	4.486049926578561
0764209655	5.0
1589976819	5.0
1400203538	3.5079710144927536
0842364110	4.0
1400316022	4.002171552660152
0345518446	5.0
0764209663	5.0
B00A6GGF48	5.0
0743477146	2.0
0764208330	5.0
1609200136	5.0
0830843078	4.0
1400202450	3.575418994413408
0890516073	5.0
078522873X	3.701311806256307
0982902921	5.0
1601422075	4.0
0310259630	5.0
0310278376	5.0
1601424256	4.573033707865169
160142339X	4.0
1400308887	4.4873547505126465
1400202434	3.2816764132553606
1595552243	4.001834862385321
0849920191	4.0
0890516081	4.0
140031514X	3.0
1400315158	5.0
0800719913	5.0
1602602301	4.0
076420856X	3.0
0764208101	5.0
1400318432	4.0
149150093X	4.0
1580628443	5.0
1400316499	4.487785657998423
1414348304	5.0
1414327862	3.0
1118479416	5.0
1433671514	3.0000000000000004
0764207490	4.0
1414324359	3.0
1615072411	5.0
1595555749	3.0
1613751613	3.0
159555355X	4.0
0307458830	4.499621498864497
0830857052	5.0
1494216884	5.0
1414363478	5.0
1426741936	4.0
1400202701	4.508914100486224
0802458815	5.0
1596683074	4.0
0802406378	5.0
0764205714	4.0
0989237133	5.0
0890515913	5.0
1595552197	3.711060948081264
0800734602	4.0
0986537713	5.0
1414364563	4.0
089221709X	4.440654843110504
1401677827	2.0
1402263287	5.0
0764205951	5.0
0307714845	5.000000000000001
B00596749U	1.0
0307730093	4.0
1400069068	5.0
1589977130	5.0
1589976282	5.0
1595553037	4.0
0849944007	4.514978601997147
193556238X	4.0
1590529030	5.0
1567690785	5.0
1433523493	5.0
B009JU6SM6	5.0
1590521560	4.0
0800732898	3.0
0764205722	4.0
1433676990	3.0
1600060986	5.0
044656351X	5.0
1589267109	5.0
0385351836	4.0
1414333838	5.0
0849900417	5.0
1449733697	4.0
1414331622	5.0
0849946417	4.305751765893037
1601420846	3.478425435276306
0880708697	5.0
0825429870	5.0
140168520X	4.0
0446531952	5.0
1595554599	5.0
1590529286	5.0
1414339143	4.576652601969058
1595553029	3.63317191283293
0849946654	4.521148036253776
1589976274	4.0
1609361164	3.0
1414338015	5.0
0892217081	5.0
1595551085	4.0
1595547819	4.0
1400316855	3.668615984405458
006444144X	5.0
0989237117	5.0
1595545875	4.0
1590520203	4.612579084480834
0899578896	4.0
0764210041	4.0
0849920019	3.477272727272727
159555324X	4.0
0316066737	3.0
B009YWM3WI	5.0
0890515905	4.0
B00B0XIC74	5.0
1595554343	4.0
B006P5CH1O	5.0
1595551077	4.0
1595553495	2.6799999999999997
1595542116	1.0
111861125X	4.0
1400202914	4.0
0764202677	4.0
1400315999	3.6443089430894307
0891094660	5.0
1589976290	4.0
0764209078	4.0
0789749858	5.0
1595551069	3.942156862745098
1589977386	4.999999999999999
0307987647	4.0
1414389426	5.0
0764227947	4.014128728414442
159555307X	4.0
1449392458	4.0
0785209093	2.9577142857142857
0890515956	5.000000000000001
1449721680	5.0
1595553088	4.441690962099125
0764203738	4.0
0310214378	5.0
1414348282	5.0
1609366409	4.0
1595548726	4.527950310559007
1595547878	3.0
1595547886	4.328097731239093
0764210025	4.0
0982880235	5.0
1414324065	4.0
1433681919	4.0
0764209280	4.440329218106996
1600066232	4.0
0739438069	5.0
1595546790	3.1977806788511747
1578564484	5.0
1456512315	5.0
1414336063	4.436285097192225
1434768007	5.0
1477809317	5.0
1414339577	5.0
1414319703	5.0
0310722365	5.0
1414366930	5.0
1595555013	5.0
0385346050	5.0
159554870X	3.7021466905187834
1595548718	4.0
0849901707	5.0
0890517908	5.0
0984765522	4.0
0764209299	4.0
0764211129	3.0
0785268480	4.0
1455504289	5.0
B00H0P5LS4	5.0
0446584207	5.0
0062020617	4.483282674772037
0807044695	5.0
1615215484	5.0
0825427894	4.0
0307730069	4.0
0849920000	3.519083969465649
1418543748	5.0
1414364741	5.0
1595553061	3.0
0805448748	5.0
1401677800	4.0
1600060919	5.0
159052702X	4.0
1404190066	5.0
0892217049	3.8499298737727905
0851516513	5.0
0310320321	5.0
1400073596	5.0
0307986330	5.0
1400316413	4.0
0373877056	5.0
140007200X	3.8194378275369223
1592983073	4.0
0310335817	4.0
0307458784	3.0
0849920698	4.583499667332004
0764209027	5.0
0849945992	3.0
0307730271	5.0
1595545441	4.476415094339623
0764209264	4.464012251148545
0741216000	4.0
0310333873	5.0
0764207083	4.379255319148935
0307732215	4.533234859675036
1595553053	4.0
1404190074	5.0
1400275032	5.0
0470888008	5.0
1601422806	3.9968253968253964
1400073103	3.596391263057929
1595545425	5.0
1400073588	5.0
1933027762	3.0
1589974905	5.0
0764212435	5.0
0849922402	5.0
030772929X	4.204840103716508
1461114233	3.0
0800719883	4.0
0373444346	2.9999999999999996
1935265059	5.0
0470259264	5.0
1401604021	2.0
0785227946	3.2798913043478266
1401685439	4.0
0764209272	4.43646408839779
0310332796	4.0
1604890290	3.0
080240216X	5.0
1401603998	4.0
1418543969	4.579166666666666
080073467X	4.0
0764208829	4.46826863832409
0849917026	2.0
0764205552	5.0
1400074029	3.651066758430832
1595548769	4.44250363901019
0800795156	3.0
1595548777	4.0
0310324793	5.0
0849944880	5.0
0739462784	5.0
1938206029	5.0
1615669485	4.0
1414323611	5.0
0800719050	4.0
0745960588	2.0
0987901117	4.0
1589973399	4.0
0310336783	4.624375624375625
0785289593	5.0
141438324X	5.0
1400200911	5.0
0801012880	5.0
0307731596	5.0
140031707X	4.561994609164421
B009ISIBJM	5.0
1556523548	4.0
0874868971	5.0
0307730026	4.0
0849908574	4.485215053763441
1401685617	5.0
1400073154	4.0
0764207954	4.491899852724596
0800795180	5.0
1400074487	4.0
1418549010	5.0
1400315921	4.0
0307729249	5.0
1595548505	4.0
1426701896	4.0
082542674X	5.0
0800721586	3.0
1595548750	5.0
0310259274	4.0
1404190023	5.0
0800721349	5.0
1615215492	3.0
1404190031	5.0
1400202078	4.720994475138121
1414335830	5.0
0764209906	5.0
140020206X	4.2900631820792645
143352306X	5.0
0310327849	4.0
0764207962	5.0
1494745208	5.0
159554545X	2.0
0764208810	4.0
0764205544	5.0
0307729265	5.0
1595547894	4.0
1601421516	4.49388379204893
140031593X	4.0
1611941377	4.0
0310325838	5.0
0784736979	5.0
0316206989	4.0
0670036781	4.0
1118611284	4.0
0800721322	4.4856278366111955
0764211196	4.0
1434764281	5.0
0307730697	4.999999999999999
1595550887	5.0
B005IIRB1K	5.0
0307730212	3.579524680073127
0764204432	5.0
0310283140	5.0
0764207946	4.3199577613516364
1118099206	5.0
0849918324	5.0
1491501146	5.0
0310253519	5.0
B00A29R22I	4.5008237232289945
0310294037	5.0
0800719263	4.0
0310333229	4.0
142670058X	5.0
0785232435	5.0
0976950626	4.0
160142132X	4.587073608617595
084994709X	4.5480631276901
0310240018	5.0
1401684963	4.0
0849943744	5.0
1611090695	4.0
158997624X	4.0
0764205978	5.0
0307457060	4.497630331753555
0785228195	4.0
1600060757	4.409254807692308
0849919622	3.5619834710743805
1481091034	5.0
0764205730	4.0
1470038358	5.0
1414363494	5.0
0470178086	5.0
1595552804	4.0
082300676X	1.0
B00ARIC1BQ	5.0
0307730670	5.0
160260777X	5.0
1595545042	3.506666666666667
0884198898	5.0
0451211596	5.0
1601425902	5.0
1595551719	4.0
0307590615	4.0
1601423721	4.0
1400074290	3.2767978290366355
0385529848	5.0
1414339399	5.0
1401928463	4.0
0825436737	5.0
1595547207	4.0
1938206010	5.0
0307730441	5.0
1595549633	4.57422969187675
0984144307	5.0
140020092X	4.999999999999999
0849948177	4.0
1414319576	5.0
0830756051	5.0
0764211188	5.0
1595550852	3.0
1589977343	5.0
1578563763	4.562647754137115
1595551700	2.7336561743341403
1595543090	4.3939745075318655
1590523172	5.0
006227306X	5.0
1449718752	3.0
1414337981	5.0
0310422930	4.0
0980123410	4.0
0310723086	5.0
0764207334	3.3445322793148886
1449762239	5.0
1595548009	5.0
1939219035	5.0
1595550569	3.6889332003988033
1595548017	4.0
1576733300	4.0
1600062237	5.0
0891099409	5.0
082543310X	5.0
0718014626	5.0
0785231897	3.5515853044791146
0849947197	4.533136966126657
0842356223	3.0
0849942985	5.0
1118422236	2.0
0307582884	5.0
0989267229	4.0
1449790704	3.0
1401679692	5.0
0781408733	5.0
0890516332	5.0
0849901197	2.9999999999999996
1401679218	5.0
1400204313	4.5251396648044695
0849948282	4.0
030745892X	3.4336661911554924
1414334486	4.0
076420842X	4.0
1433677164	5.0
0849920728	5.0
1414372736	5.0
1567691196	5.0
0785226087	4.0
084992071X	4.735919234856536
1600066607	5.0
1576734854	3.9430656934306567
0764204084	5.0
1414349971	4.361297539149888
078523165X	3.5729112610275044
1414301553	5.0
0310740649	5.0
0307729443	4.445910290237467
1596449381	4.748815165876778
1400315069	5.0
1595548246	4.0
1601423438	5.0
0615442536	4.0
1595552731	1.0
0307731758	4.0
1433668696	4.0
0849964784	4.0
1414348649	4.679435483870967
1595550313	3.3758949880668254
1595554912	5.0
1433521989	5.0
1576835324	5.0
0307731510	5.0
1414379366	2.4355062413314843
1414301316	5.0
1400308798	4.516717325227964
1414309058	5.0
1401601634	4.0
0307457818	3.0
0849948274	5.0
1590525574	4.0
0890516308	5.0
0307444988	3.0
076420887X	4.0
0849919703	4.0
0764207318	5.0
0764207555	4.0
1400317029	4.693788276465441
0764208888	4.0
0764205137	3.7747875354107654
1449730892	4.0
0373877927	4.0
141437934X	5.0
0764207563	4.0
1440505861	4.5027027027027025
0310329981	5.0
1600060277	5.0
1418546496	4.0
1401679234	5.0
0849948266	4.176142131979695
0738213527	5.0
0849947170	3.403846153846154
0307730409	5.0
1601420390	4.999999999999999
1452105006	5.0
140007309X	4.0
0307731979	4.0
0764208659	3.9402859545836844
B00AD6NBBQ	3.0
0764207326	3.8458732330141356
0764209744	2.0
1595552715	5.0
1595546286	3.0
1418550760	4.229805013927576
0764207571	5.0
1612184685	4.0
0800733290	5.0
1576835340	5.0
0849964563	5.0
1400202361	3.0
1576835103	5.0
0890515476	5.0
0307730883	5.0
1440215782	4.0
1414315910	5.0
1466497084	5.0
0983520801	5.0
1400204127	5.0
1118697057	4.0
0310336694	3.5813953488372094
0849947162	4.656471631205673
0307444724	3.502297090352221
0979456304	5.0
0764206206	5.0
0307444961	4.58298877731837
0764208624	4.0
1404189408	4.093108504398828
0764226061	5.0
1404189645	4.420833333333333
1433679302	5.0
1401688357	5.0
0373486715	4.0
0307338282	5.0
1600391907	4.0
1595553630	4.270456503014643
1601423225	5.0
1595551697	4.0
0849900069	5.0
1400204372	4.495388669301713
1601423462	4.320039880358923
1414326807	4.46358543417367
0802468373	5.0
1400322634	5.0
0849947391	5.0
0768438098	4.0
1589976746	5.0
0307731715	3.2187845303867406
1414335776	4.0
1595544917	4.510466988727859
1416950338	4.0
1414338805	4.0
0307444732	4.500691562932227
0764206214	5.0
1414367341	2.0
0764206222	5.0
0764210955	5.0
1400320682	5.0
1439192677	4.999999999999999
1601424566	4.0
0310335124	5.0
0849901146	3.3697868396663577
1400318130	3.9805825242718447
1601425414	5.0
0849948479	5.0
0310292131	5.0
0736919171	5.0
030773191X	5.0
1426733895	4.0
1410442519	4.5008237232289945
0988171007	5.0
143476432X	4.0
0764206427	4.2306525037936265
1414345542	3.0
0373875797	5.0
0764207512	4.3563336766220395
1595552529	2.9999999999999996
0764207520	4.582417582417582
1400319498	4.485215053763441
0983468516	5.0
1595548033	4.0
0891091742	5.0
1414359942	5.0
1414349904	5.0
1601423446	5.0
1595550348	3.8357570573139435
0849947138	4.668408551068884
1576834689	5.0
1616951966	3.0
0578105306	5.0
1400203007	3.0
0985662123	4.0
B001TKQVPS	5.0
1601421281	5.0
0195281802	5.0
0307731936	4.0
1609360338	2.0
1935909029	2.0
1596693584	3.0
0764205102	4.035060975609755
0892216980	5.0
B005FIN9YG	5.0
1933615559	5.0
098542480X	5.0
0764208861	4.0
1433532492	5.0
0978556747	5.0
1440305366	5.0
B00EFATPDO	4.0
030795627X	5.0
1576834697	5.0
1596448458	4.0
0310320747	4.0
0982483244	5.0
1582979987	4.5696721311475414
0307446549	4.481183777858969
0890516170	5.0
1595551263	2.0
0802449824	4.50200267022697
B007LC6UOK	5.0
B00FSOTXD8	4.0
076420825X	5.0
0764209116	4.395375722543353
0373444958	4.0
B007BUPJF8	5.0
1401685285	3.3474285714285714
1400073979	4.675247524752476
1400071542	3.0
0310330548	4.0
0764206095	4.0
0802411681	4.0
0849901359	2.3074792243767313
078522887X	3.9405255878284926
1401685048	5.0
0849946263	4.3951271186440675
1432720864	5.0
160142325X	5.0
1576838684	4.0
0061998532	4.0
1449772668	4.0
0307446557	4.5520259319286875
1596693967	5.0
0849918804	4.4605263157894735
0849922070	4.545486476993325
1400318726	5.0
1400313279	4.0
B00BZGONS8	5.0
157673420X	4.675560298826041
031231521X	5.0
1400202779	5.0
0801016568	4.0
0849946018	4.490291262135922
159555341X	4.406623235613464
0764208047	4.385625
1404189831	5.0
1400316553	3.9387947269303205
1595541691	5.0
0849905702	4.680150517403575
0764209132	3.0
0984394605	5.0
0310700140	4.0
1576837343	5.0
031609739X	3.0
0849946255	4.4125192406362235
1932273565	5.0
1601425694	5.0
0849948436	4.777540867093105
0307458776	4.0
0890516189	4.999999999999999
0300166311	4.0
1400203856	4.0
0785244913	5.0
0849946492	4.435047951176984
1400203619	3.0
1414348460	5.0
1400074800	4.0
1590523318	4.0
1615215816	4.0
098438152X	5.0
078523182X	4.730654125694741
B00ASAUQ0G	5.0
0307458741	5.0
0971804060	3.0
1400316340	5.0
084994841X	4.5251396648044695
1615211217	4.418457648546144
1400315492	4.999999999999999
0880708263	2.0
0849948428	4.999999999999999
160006664X	3.0000000000000004
0849901138	4.0
1401687008	5.0
0310266238	5.0
0890516391	5.0
031026622X	4.0
1595552324	4.5456702253855275
0849946484	4.752812819638596
1601423489	4.0
1595551476	3.344672336168084
0764210327	2.9999999999999996
0800720814	4.503134796238244
1414334060	5.0
0849946247	4.999999999999999
1595553657	4.0
0307730808	4.359203980099502
0310318874	3.0000000000000004
0307702359	4.0
1401678300	4.0
0310257778	5.0
1414339755	4.0
1457514508	5.0
140418984X	4.0
1595541667	5.0
1449786804	4.0
0764208268	5.0
1414331800	5.0
1400316332	4.282575370464998
0800720822	5.0
B00IL7OE9W	4.0
1595549153	5.0
0849946476	3.63440600048391
0307458997	4.728300363342754
031608607X	5.0
1595554572	5.0
0062088513	4.0
076420954X	5.0
0764208233	4.047373841400618
0764210300	5.0
084994645X	3.971692977681002
B002361KK8	4.0
0764209566	4.0
1600066631	4.999999999999999
0764208470	2.85
1576839974	5.0
1414334281	5.0
1401925758	5.0
1595553231	4.497248968363136
0062273205	3.0
0718019423	2.9999999999999996
1491521775	4.0
1595542582	5.0
0764209574	4.0
B007U7JSUO	5.0
0764207393	5.0
0764210319	4.7535101404056155
1595553223	5.0
0890511772	5.0
1578567343	5.0
0849946212	4.773604590505998
061579775X	5.0
0800794893	4.999999999999999
1433671409	3.0000000000000004
1589976932	5.0
0800795539	4.0
076420601X	5.0
0764209779	4.0
0764206028	4.0
1414305966	4.0
1401688535	4.0
1401686354	4.0
0307732177	5.0
1480568880	5.0
0764208454	4.046589018302829
0764204092	4.395375722543353
1603424490	5.0
1615215611	4.0
0849946441	4.358537806710066
0890516197	5.0
0718020685	5.0
0310319986	4.0
0310293650	5.0
1400203643	3.5
1561795976	5.0
1414371667	5.0
1400317215	5.0
0764209787	5.0
0764208217	5.0
140020254X	4.0
1400203406	4.666666666666667
1400073987	4.605999423132392
1401686370	4.0
1433527073	4.0
0310327377	4.0
0974383201	5.0
1400317223	4.0
0310266289	3.4640122511485454
1616260858	4.0
0764209795	4.0
0764206281	3.658951667801225
0802404928	5.0
0849921392	4.197084917617237
1595551026	5.0
1414358466	5.0
1595549196	4.0
1602474826	5.0
1595553207	5.0
162029169X	4.503134796238244
0470949554	5.0
0800733878	4.49479940564636
1595542027	4.0
1404186735	5.0
0984431144	5.0
1400074304	4.492039423805914
B0083E6LBM	4.0
1433538881	5.0
1615666931	5.0
1400321069	5.0
1557999007	5.0
0824948149	4.0
0781408172	5.0
1595546871	5.0
1118076877	4.0
0892968540	4.0
159555338X	4.0
0310328195	4.0
0316065986	2.0
1595540091	3.2364066193853422
0849921244	4.528877887788778
0764205609	4.0
0781445345	3.0
0982633602	4.0
0764201484	4.0
0307747409	5.000000000000001
1400314763	4.0
1595543104	5.0
1595542019	2.9999999999999996
193509663X	5.0
1404187812	3.0
076421103X	5.0
0307459349	4.45284947610529
161521531X	4.0
1595546863	3.4257703081232487
0785227601	4.0
0764201492	4.0
1400071275	3.0
1595552057	4.0
1414366841	5.0
0800733851	4.491472868217055
1400316731	4.400916380297823
140031321X	5.0
0764204963	5.0
0785228942	3.0
0849947618	5.0
1433671166	4.0
1400202809	3.485875706214689
0764208098	4.640971488912355
1595554467	3.0000000000000004
0739475312	4.999999999999999
0307458229	3.345917471466198
0307731049	5.0
0310334888	5.0
1935265385	5.0
0307589730	4.521316379955124
1590527194	5.0
0849946522	3.0
0978924681	5.0
158297702X	3.8606557377049175
078521321X	4.357254290171607
0764204971	4.0
0764210181	4.0
1491500999	5.0
1404187839	4.456683653469228
1400074754	4.523952095808384
1491521678	4.0
1414100574	5.0
1595551190	5.0
1400313457	3.023041474654378
0981856608	5.0
0849946514	4.753737214791504
0849946999	4.407930472569256
031032906X	5.0
0781408164	5.0
1595542000	5.0
0307459322	2.0
1400204801	5.0
1414362463	5.0
030744645X	3.349794238683127
0805962867	5.0
1414361378	5.0
1400314577	4.0
0736955445	5.0
0385532725	3.0
1400203716	4.770848440899202
1595547517	3.0
1595545336	3.5156017830609216
140020285X	3.0
0849932343	4.0
1595544496	3.306760847628658
1595545344	4.587378640776699
0307459535	4.313745019920319
0849946506	3.8143939393939394
0786218223	5.0
1595547762	4.0
1401685765	4.0
1938499220	5.0
1600066593	5.0
0764208071	4.999999999999999
1602605629	4.0
030773210X	5.0
0849946980	4.0741258741258735
0307457117	4.327118644067797
1414337272	5.0
140168551X	4.0
0849943477	5.0
140160434X	4.321819713563606
147780966X	5.0
1400073480	4.471264367816093
1118518470	5.0
1617950769	5.0
1595547509	4.0
0307730190	3.6864583333333334
B00IHMFJEK	5.0
0824948580	5.0
031028418X	5.0
0764210157	4.0
1601422946	5.000000000000001
0764209175	5.0
1595543392	3.986373165618449
0842332502	4.0
0764210394	4.0
0800719786	4.0
1580089607	5.0
0310328160	2.0
0849946972	4.069312465064281
0307731278	5.0
1935273809	5.0
0802432522	5.0
1400202841	4.0
140031870X	5.0
1414364865	4.0
1400318718	4.0
1400203937	4.519083969465649
0764204920	5.0
0307446441	5.0
1404187804	3.727820372398685
1414348142	4.0
1414331738	4.0
1426752725	5.0
0310328179	4.0
1401685781	3.0
1601421826	4.0
0307459519	4.0
1414366809	2.9999999999999996
0785227814	3.0
0892969210	5.0
078523215X	3.0
0979748518	4.0
1617950734	5.0
1589269241	5.0
0764212540	5.0
1578568943	5.0
030773014X	4.0
1440565236	5.0
1400202833	4.0
0764202758	4.0
0310253497	4.0
1414339437	5.0
0310332680	3.0
0446505587	2.0
1605501166	1.9907773386034258
1433513986	5.0
0529101157	5.0
084991910X	3.912988650693569
1400074312	4.0
1601420749	4.0
1414348150	5.0
1937918734	4.0
1400316529	5.0
B003N8G4UQ	3.0000000000000004
0849900999	2.9298969072164947
0764209159	5.0
0825427517	5.0
0307731251	3.0
1414353731	4.0
0764212311	4.0272
0307731499	5.0
0982134010	3.0
0446567183	2.0
0983589720	4.0
1401933904	5.0
1589976312	5.0
0849910994	3.8500000000000005
140168680X	5.0
1400073294	4.0
0785229183	5.000000000000001
1414319479	3.5343839541547277
0764207857	4.0
0849919568	5.0
0805954643	1.0
0764208942	5.0
1934770663	3.0
1595549978	4.0
0764208950	5.0
0307459179	5.0
0800721241	5.0
0764201085	4.0
0849920558	4.0
1595548890	5.0
1414319487	3.0
1449733506	5.0
031033554X	5.0
1418541664	3.0
1400203082	4.131506849315069
1414335970	2.9999999999999996
0310332060	5.0
031032551X	4.0
1616263466	5.0
0764209809	5.0
0849964709	4.029957203994294
0785229191	4.0
0446568260	5.0
1400073286	4.0
1414345534	4.471532846715329
0764205684	4.0
0764207865	4.57422969187675
0764205692	5.0
0307352145	5.0
0890516502	5.0
1401684882	5.0
1595548882	5.0
B00A5MRFHY	3.0
031024210X	5.0
B006KDUPH4	1.0
0849909783	5.0
0310258057	4.0
0307730387	4.359154929577465
0880706317	5.0
185985916X	5.0
1400073030	5.0
140020304X	4.495833333333333
0764206745	4.0
1400073278	4.0
0764207830	4.314183123877918
0892216948	2.9570917759237187
1595548874	4.0
1595549722	3.0
1595542094	5.0
1601421621	4.0
1470019949	5.0
0849920779	3.7852586817859675
1600069487	4.0
1400072174	5.0
0446582115	5.0
1938708415	4.0
1414317085	5.0
1400204151	5.0
0800795059	5.0
0800732111	1.0
0764207849	4.677419354838709
1400074592	4.455072463768116
0770436315	2.0
0764203487	3.0
1414368852	3.0
1414364490	5.0
1449718140	2.0
1595549706	3.0
0310900948	5.0
140031299X	5.000000000000001
0764204335	4.325176470588235
1595548866	4.0
0849900956	3.218181818181818
078523103X	5.0
0979748542	5.0
1401686842	5.0
1595547770	4.0
1601422725	4.0
1400322561	5.0
1414320477	4.0
1579216641	5.0
1591452392	3.976958525345622
0310332079	5.0
1414339089	5.0
1596441046	4.351239669421488
0307730123	4.0
1600069495	5.0
1451637691	5.0
0800733673	5.0
161194015X	4.0
0764206729	4.0
1484966473	5.0
140160451X	5.000000000000001
1418534099	3.0
0764204785	5.0
0764207814	2.0
084992183X	4.506666666666667
0764203215	3.0
1449741339	5.0
160142034X	4.524637681159421
078523120X	3.1950159374094476
0310276977	4.0
1595548211	4.0
0849948088	4.038167938931298
084994807X	4.674586776859504
0985415509	5.0
1601421680	4.379133409350057
B0057ZA0FI	3.0
1401679250	5.0
076420890X	4.0
141436119X	5.0
0800733665	5.0
1887542582	5.0
1400314720	5.0
1617773115	5.0
1414364474	2.9999999999999996
1770362517	5.0
0307458059	5.0
1439137315	4.0
160142471X	5.0
1601421214	5.0
1600610641	5.0
1601424965	5.0
1601421451	4.638
0307730107	5.0
0310319056	4.0
0310293065	5.0
0890515697	5.0
1402797672	5.0
1414376693	5.0
0062094505	3.0
0718024249	4.509404388714734
0373444060	5.0
1418542938	4.554973821989528
0764205617	4.0
0849920736	4.470262793914246
0764206702	3.883783783783784
1595547347	4.0
1449731783	5.0
0849900921	3.8710232158211526
1433514451	4.0
098514680X	1.0
1400205042	5.0
0825425743	4.0
0307457176	4.534023668639054
0805449795	4.0
0310272157	5.0
0310319064	4.07197549770291
1595552928	4.0
0486401588	5.0
0982474903	1.0
0316185094	1.0
1401685943	5.0
1401680259	5.0
1404104828	5.0
1603742182	5.0
0062200348	4.0
0849964512	5.0
1401604536	4.0
084996475X	5.0
B001BS78WS	5.0
0785221689	4.56551724137931
159052537X	5.0
1414364458	4.0
140020416X	5.0
0764205625	4.486049926578561
0310494478	5.0
0310290813	4.0
0825435765	4.0
0764206710	3.982916412446614
1418528412	4.0
1595545395	4.512445095168375
1414375107	5.0
0307730328	3.6793248945147683
0345527836	5.0
1601422520	3.6195866141732282
