0316929190	4.0
1579654347	5.0
0967089735	5.0
0307280721	3.0
0813916984	5.0
0399152431	5.0
0393058263	4.0
0842333916	4.0
0525953728	5.0
0679759409	1.0
0553502689	5.0
1480563730	5.0
157120086X	5.0
B002UKOLLM	3.0
B006ITXEVO	3.0
0471784621	5.0
0802119042	2.9999999999999996
0316069434	2.0
0399156585	4.0
141654786X	5.0
1571202250	5.0
0767904656	3.0
1466397292	1.0
0143105930	3.0
0763625949	5.0
073932229X	1.0
0375500898	5.0
0718158970	4.0
B00E5P0W4U	3.0
1612540414	3.0
1439152802	3.0
0738209945	2.0
0385302320	5.0
B0034G66YG	3.0
006058081X	5.0
0425252035	5.0
0060927623	5.0
0452279755	4.0
0307452360	5.0
0887071562	5.0
0061558230	4.0
0986842222	2.0
0399159843	3.0
1561452165	5.0
0879512369	5.0
0679600507	5.0
0307377296	4.0
0684849267	4.0
1574329057	5.0
B000CQK05C	5.0
0875423248	3.0
0743446291	2.0
1613430442	2.0
0765324083	4.0
0465041914	2.0
0767915410	4.0
0143034758	5.0
0881505811	5.0
0394528360	4.887198986058302
0763613827	5.0
0977261107	5.0
0671741241	5.0
0470528060	4.0
0935907076	2.0
0439136350	5.0
0684808528	5.0
0345482182	2.0
0199239185	3.0
0765324091	2.0
0307377040	5.0
0399165274	4.0
B00HVLQERY	2.0
B005COO1X6	3.0
0330444085	5.0
0141034262	5.0
0307594033	1.0
0830745661	1.0
1451501013	2.0
0316013269	2.0
0811824497	5.0
1884592333	5.0
0855329173	5.0
0061707872	4.0
0312965680	5.0
1592406017	5.0
1479132411	2.9999999999999996
033044123X	5.0
0671447548	4.0
0316023744	5.0
1936608642	3.0
0143115006	2.0
037543190X	5.0
0871401622	3.0
0062049143	1.0
0061284742	2.0
1592171575	5.0
1455134767	1.0
0394499735	3.0
1939065070	1.0
0684853744	4.0
0802116000	1.0
0307743926	4.0
0312060270	3.0
082542982X	5.0
1481927663	1.0
013702018X	1.0
0385359594	4.0
0061802050	2.0
030758836X	1.0
0449912558	4.0
0316735949	1.0
1574327348	5.0
B00IDGU05S	3.0
0446530999	3.0
0671688014	3.0
091488123X	5.0
1607057468	5.0
0060188243	5.0
0307394999	2.0
0316055433	3.0
0375405445	4.0
0974470619	5.0
0307749584	1.0
1933064250	5.0
1876175699	1.0
0262540428	5.0
1416585273	4.0
0312119151	5.0
0141034599	3.0
0062548743	5.0
0895262479	5.0
0143038915	4.0
1890132276	2.0
0739359339	5.0
0842355707	5.0
0399157212	2.0
0060817089	4.0
0451403878	5.0
0192880519	5.0
0375414819	3.0
1451674333	2.0
1478220570	3.0
1937458490	2.0
0330426575	4.0
0385420536	5.0
0763612588	5.0
0895261499	5.0
1935096818	5.0
1440538921	5.0
1880158353	5.0
0743245911	5.0
0465003109	4.0
0071753575	3.0
0099464462	2.0
1605294705	4.0
0684865238	2.0
157120167X	5.0
0801013186	3.0
0451418433	5.0
093766054X	5.0
0399153357	5.0
0393045358	2.0
0374505845	3.0
0393064778	5.0
0028610105	4.55490160014714
0895862255	2.0
0395869323	5.0
1560231858	3.0
0871139456	5.0
0877849919	5.0
0743225732	3.0
044630557X	4.0
1439153027	5.0
1574329367	5.0
1451641974	5.0
0618226168	5.0
1564772020	5.0
0061094048	3.0
0316017922	1.0
0789450739	5.0
0007447868	4.0
0374215146	5.000000000000001
1480441945	5.0
0330412701	4.0
1933909757	1.0
0684810549	5.0
0805056866	5.0
157432859X	4.0
0529064634	1.0
0425213706	2.0
0609808672	4.0
038553292X	5.0
1935961144	2.0
1933515015	4.0
068984509X	4.0
1433502399	5.0
0312291191	5.0
074327511X	4.0
0743226836	3.0
0684856999	4.0
0415235243	1.0
060961066X	3.0
0801064694	5.0
0375713255	5.0
0143144006	5.0
039308163X	3.0
B00H146VT2	3.0
0375866507	1.0
0151446474	4.0
0375414339	5.0
0399132414	2.0
0805074600	4.0
0316496596	5.0
0312354584	4.0
0671456547	5.000000000000001
0142004421	2.0
0345410092	1.0
0140431403	3.0
0099533243	2.0
0316014516	5.0
0848728254	1.0
0892729406	5.0
0801984963	5.0
1416537619	3.0
1591852919	5.0
0060825413	2.0
0671536818	5.0
0375509038	3.0
157120296X	5.0
0750922923	4.0
0671534513	4.773475138623763
1447259297	4.0
0375500464	1.0
0061091847	2.0
1557880557	3.0
046508138X	2.0
0764141295	2.0
037540256X	3.0
1449925030	3.0
0756404738	5.0
160809006X	3.0
0805069569	5.0
B00DIBOF72	2.0
0060925531	2.0
1845978315	1.0
1451620691	2.0
1452102120	5.0
0679444904	3.0
0395855128	4.0
1564776425	5.0
1586404571	3.0
0553268929	4.0
B0093MU7QS	3.0
0345504992	4.0
0471078646	5.0
0399145761	4.0
0486296148	5.0
1599183579	2.0
0066213711	4.0
0983741735	3.0
1455549657	2.0
0061043532	2.0
1940026032	1.0
0099429799	4.0
0553714430	3.0
1454703539	5.0
085720873X	4.0
0981943675	4.0
0395707528	2.0
0805098542	2.0
0715327135	5.0
1934709476	4.0
1564777987	5.0
B00DNPQP5I	2.0
0740719254	3.0
0743228375	3.0
0434291838	4.0
044657788X	3.0
0691120560	1.0
0142003344	2.0
0446573051	5.0
0399154221	5.0
0517193345	1.0
0801011418	5.0
0140119906	2.0
1940026016	3.0
0446353957	3.0
0385512198	4.0
0596006772	5.0
0061558265	3.0
1400034183	5.0
0345432401	2.0
0739304038	1.0
1586481843	5.0
0394485289	2.0
1574329146	5.0
0316228532	2.0
0679756868	5.0
044100945X	1.0
