1591846560	5.0
0525467262	5.0
1590171462	3.0
0316204366	4.0
0671683063	4.999999999999999
0618509283	1.0
1594031401	4.0
0762105801	5.0
0761139850	4.0
0385536577	4.0
1596142448	4.0
0195056213	5.0
0141011459	3.0
006073132X	2.0
1591454042	5.0
0199325154	3.0000000000000004
1557094489	1.0
037542198X	5.0
1416524614	1.0
0750923156	2.0
0761535829	3.0
0991349741	4.0
0892216441	3.0
0817949127	5.0
0316037702	1.0
1400106567	5.000000000000001
1421501201	4.0
1118345878	4.0
0962889873	5.0
1939578094	1.0
0764221981	5.0
0470049472	3.0
0345804376	1.0
0071414088	2.0
0746029438	5.0
0060277270	5.0
0316098329	4.0
0316346624	1.0
0062082353	4.0
1482504359	3.0
0375758992	4.0
0517548232	5.0
080212996X	1.0
0571245951	5.0
1586172247	5.0
055338466X	1.0
1402280882	4.999999999999999
0553383108	5.0
B003WEA02O	3.0
0061431346	4.0
1940095123	3.0
0330250817	3.0
1460962877	1.0
0060524006	5.0
0973253800	1.0
0307453693	5.0
0399148701	1.0
0312604211	5.0
0140390162	5.0
1442365501	5.0
1933580097	5.0
038534905X	2.0
1928660126	5.0
0781737265	3.0
1586852884	3.0
1594713863	3.0000000000000004
1575664666	3.0
0060987103	3.0000000000000004
1439173249	5.0
B00IC6ZXM4	3.0
0446579769	1.0
0446578673	4.465151515151515
0395779278	1.0
1594485410	2.0
0316013269	3.0
0743482913	5.0
0890516499	5.0
1940051002	3.0
1608196119	2.0
033044123X	2.0
0156030470	2.0
1851686908	5.0
0486288056	5.0
0465008437	4.0
B00FOH5PAY	1.0
1410458792	3.0
1596987766	5.0
0061015733	4.0
0786134828	4.91393103448276
190449272X	5.0
0307386120	4.0
B00H8UTBNC	4.0
0140431357	4.0
0471331201	5.0
0987915339	5.0
0060677015	4.444655581947743
0825429838	5.0
0500251517	5.0
1602393095	2.0
0892811706	1.0
082542982X	5.0
0878424687	4.0
0195141830	1.0
0739314009	5.0
B0052T2EN0	2.0
030758836X	4.0
0060537639	1.0
0375423745	1.0
0802403565	5.0
1416589961	3.0
B0050UQA40	3.0
0007430671	4.380893300248139
1495204499	2.0
0465017339	5.0
0141339195	1.0
1439188963	1.0
0307480593	5.0
1442369183	5.0
0061540463	5.0
1584795336	3.0
095724990X	3.0
0345522893	4.0
0786183616	5.0
0061252298	5.0
0385472625	5.0
0452287677	1.0
0745953220	5.0
1477847014	4.0
0465030785	1.0
0375501290	4.0
0306817500	2.0
0865715653	1.0
0785229213	4.0
0316010669	1.0
0060696451	2.0
0974633666	5.0
1586179098	4.0
1414326815	4.0
0743260244	1.0
B004GKNOJE	4.0
0446179981	5.0
0399255370	2.0
000224053X	2.0
0375714790	5.0
1477805303	3.0
0785264868	5.0
0307388212	2.0
0895264641	5.0
0152045694	3.0000000000000004
1594486549	5.0
0316253014	3.0
080281025X	5.0
1879737434	1.0
1586177796	4.0
030735346X	5.0
0812977645	5.0
B005H783DW	2.0
0312857055	3.0
0439139597	5.0
0819816043	5.0
0609809547	5.0
0486408914	1.0
0743224892	5.0
0195315804	1.0
0374332657	4.0
0310263638	5.0
0385523785	5.0
098987110X	4.0
0941196038	3.0
0375407707	5.0
0143036556	1.0
184884333X	3.0000000000000004
1400097924	2.0
0984568204	5.0
1416551050	5.0
0195289552	1.0
0529064847	2.0
1561486779	1.0
1594488983	1.0
B009CCBCU4	3.0
0061840254	3.0
0465003451	4.999999999999999
1612787134	4.999999999999999
159698001X	5.0
1596980028	5.0
0199546371	2.0
0310270162	1.0
0415267633	3.0
0140448942	5.0
1442367636	5.0
0768420997	2.0
0975922971	3.0
B00C5QP5V6	3.0
1418549010	3.0
0618680004	1.0
0060783710	2.0
0723244049	4.763543003851091
0451193288	2.0
0060761288	4.0
0061335290	5.0
082942122X	5.0
0529064634	4.0
080105317X	5.0
B004TS5KB8	2.0
0066620422	1.0
1590523687	5.0
0307353486	5.0
1469984202	5.0
1587314517	5.0
0385474288	2.0
0800663144	3.0
0141023384	4.0
1612183751	5.0
0966190858	5.0
B00HS6920S	4.0
0985703024	5.0
0446549177	5.0
1481254960	5.0
158816635X	5.0
0875520928	1.0
0316042781	3.0
0310279216	1.0
B002ROKQU6	3.0
B008CEVE56	2.0
0931608066	5.0
1848843798	3.0000000000000004
1416504141	4.0
0061916471	2.0
159184472X	4.0
0785231455	4.0
0385349947	2.0
1594486352	3.0
0756616212	5.0
B00CHNTQWG	3.0
0310576113	1.0
0743436733	4.0
0060738170	1.0
1590582217	2.0
145266787X	1.0
B00069WGHA	3.0
0723234795	5.0
1587316358	4.999999999999999
0061826960	2.0
038551705X	1.0
0451167228	5.0
0060921293	5.0
0691154635	3.0
0955237777	1.0
1441761683	1.0
0310910927	5.0
1887263306	3.0
083083446X	5.0
0767915747	1.0
0525953655	1.0
0801031141	5.0
0801858690	2.0
1586178822	5.0
159403141X	5.0
1932714278	4.0
0830833188	4.0
0142196029	1.0
B00HVKCMQC	4.0
0898708478	5.0
1586176641	3.0
0399159010	5.0
0989531902	3.0000000000000004
0060872985	2.0
0061702560	2.0
0967518822	3.0
0316381357	1.0
0812972333	2.0
0465022529	2.0
0895260905	4.762059841237533
B00AHRE74G	3.0
0786460741	1.0
0684868148	2.0
1414339399	5.0
0399153934	1.0
0738214663	3.0000000000000004
0679736484	5.0
1440177252	1.0
1414364458	2.0
0062224670	5.0
0976459302	5.0
1574865919	4.0
0805073396	1.0
0553418637	5.0
1557788642	3.0
0385507968	5.0
1891767054	2.0
