077832091X	4.0
0393321835	5.0
1846146755	5.0
0340765445	5.0
0316770620	5.0
0767908473	5.0
1423622057	4.0
078684907X	3.0
0807548081	4.0
0679728228	1.0
0449214222	4.0
1451634811	3.0
0439597420	4.0
0674809300	5.0
0062073737	5.0
0446670111	5.0
0764210866	1.0
006440188X	2.0
1609071220	5.0
080278819X	4.0
0312243359	5.0
0142407089	5.0
1479321737	4.0
B009YIZXHY	2.0
1599900459	1.0
0345375599	4.0
1480563730	3.0
014311638X	5.0
0156007819	1.0
0879757043	2.0
0345524470	4.0
1432770861	4.0
0545386985	3.0
0312979770	3.0
B0085ZJE72	4.0
1582345643	5.0
0062073745	4.0
015100692X	4.0
0142301930	5.0
0439597412	4.0
0345375580	3.0
0486233375	5.0
0192833677	4.0
0060084332	3.0
0345435737	3.0
0142411108	3.0
1400080533	5.0
0307957233	5.0
1400008336	5.0
0143115057	5.0
006075186X	4.0
0879758341	2.0
031255561X	1.0
0345450922	5.0
0060277270	5.0
160010181X	3.0
0385736800	4.0
1596439246	5.0
087923573X	5.0
037543318X	3.0
1569707820	5.0
000766141X	5.0
0385477058	5.0
0545399823	5.0
1554530288	4.0
0439597404	4.0
0545040450	4.0
098556170X	4.0
0988784807	3.0
0345435729	2.0
014034893X	5.0
141690896X	4.0
1416978860	5.0
1620151863	4.0
1416563687	3.5
0394528360	5.0
1599559420	3.0
0688128963	5.0
0140434135	4.0
0345375564	3.0
0439136350	4.0
0590433172	5.0
0609603620	1.0
0671794248	5.0
0380012863	3.0
0446364401	3.0
0312979746	4.0
0060530421	5.0
1439192561	4.0
0142415502	4.0
0689864493	4.0
0374173958	3.0
1596430842	5.0
0099448572	5.0
0140246967	5.0
074359830X	5.0
0590447319	4.0
0842379428	5.0
1423622022	5.0
0064408094	3.0
1599555069	5.0
0385347804	4.0
1939392004	4.0
0140348921	5.0
B0051AOIT8	4.0
0060675187	3.0
B004UJ3644	3.0
0312974043	4.0
0385503857	5.0
0062117432	5.0
0689854218	3.0
1416949003	5.0
0140058893	5.0
0679408371	5.0
0684838575	2.0
0394499735	4.0
0060795484	5.0
0545039479	5.0
0805095225	5.0
1594487294	4.0
0060540222	3.0
0778315150	2.0
0025853503	5.0
B00ENSM9Z4	4.0
0786851368	4.0
0312270933	5.0
0312655452	4.0
0679640924	5.0
0060899220	4.0
0141303484	4.0
0141007540	3.0
1559707984	4.0
0316055433	3.0
1442369183	5.0
0743400291	3.0
0061992259	4.5
0062071130	5.0
0446672351	2.0
0140049975	5.0
0061148709	2.0
B004UJH7CG	2.0
1937856216	5.0
0060562005	5.0
B00AYKAB6O	4.0
0977717003	5.0
0802130631	1.0
1480089133	5.0
0060510862	4.0
0316017175	3.0
0064408086	3.0
0140502343	5.0
0805062793	5.0
1455502758	5.0
0140424385	5.0
B004TPEEQS	2.0
006097415X	3.0
0439551234	5.0
0375414819	5.0
0803737254	5.0
0394719484	4.0
0545386969	4.0
0399247637	3.0
0449704335	5.0
0385420536	1.0
0521297931	5.0
0061228575	2.0
0752426923	5.0
0789478293	5.0
0385489099	2.0
0786813962	4.0
0333718291	5.0
B008LO9Z1M	4.0
0983842817	5.0
0374525102	4.0
0991457935	5.0
0670086398	5.0
0385750250	3.0
1462111955	4.0
B00JD4IS4Y	4.0
1427797668	2.0
0385521227	5.0
0345370740	3.0
0375831983	3.0
0316002569	4.0
0064473546	3.0
014031072X	5.0
0764210467	4.0
0140367624	2.0
0307279464	5.0
0374384673	5.0
0760774293	5.0
0061544450	4.0
1451668201	3.0
0143036556	4.0
0679746048	5.0
1404883142	4.0
0545221307	2.0
0465016316	4.0
1414301278	5.0
006447352X	4.0
1594200076	4.0
0764210475	4.0
0316080853	5.0
0380817926	5.0
0062071165	5.0
1554532876	3.0
0142407496	1.0
081332985X	4.0
0385335881	4.0
009953682X	4.0
078688861X	5.0
0374525560	5.0
0786888628	4.0
0520223357	5.0
0141345713	5.0
0790761394	4.0
0316127256	4.0
0345425529	5.0
0064405842	5.0
0140374396	4.0
0979663660	5.0
0375409440	5.0
0142003425	5.0
0099452243	5.0
B00L19CQPG	5.0
0590642510	4.0
0452285216	5.0
1442435658	4.0
0884483371	4.0
0441019579	5.0
B007D8SJNW	2.0
0140431020	4.0
0439700906	4.0
0545265355	5.0
0151002517	5.0
0385264585	4.0
0385731515	4.0
0590396560	5.0
1402202733	4.0
0060655186	3.0
0765302462	3.0
1250035856	5.0
1419667394	5.0
0743235355	3.0
0399245030	5.0
0060929588	5.0
0385475721	5.0
0843948302	5.0
1442436557	5.0
0312349394	4.0
0528876872	4.0
0879755725	5.0
0545536723	4.0
067187098X	3.0
0451211936	4.0
0987232533	5.0
0141325291	4.0
B004TPUM5U	5.0
0545229227	5.0
0451456076	4.0
0718178122	5.0
1401309801	4.0
1416950052	3.0
0439405572	5.0
0140565957	4.0
0312421672	3.0
0231073372	5.0
006207119X	3.0
1442436573	5.0
0261103288	4.0
0439405580	4.0
0375413901	5.0
0140386335	5.0
0948390611	5.0
0559774648	3.0
0151301182	5.0
0099489937	4.0
0763631604	5.0
B00HHDF788	4.0
0743292332	4.0
0545476992	3.0
0375814108	3.0
B006WW0212	4.0
0152024689	5.0
0307476014	5.0
1600775411	3.0
0099472252	5.0
1930097220	5.0
0679750533	5.0
0689849249	3.0
B00ESNNWYQ	3.0
068980654X	5.0
0152164502	5.0
1400034299	5.0
0756981808	3.5
0060296364	3.0
0743291476	4.0
0743457544	4.0
098184183X	5.0
0307268322	2.0
0226848728	4.0
161206034X	4.0
1449924999	5.0
0743493729	2.0
0618154019	4.0
0805093427	3.0
0307277674	2.5
B0055673VS	5.0
0545123267	5.0
003061368X	5.0
0141345659	5.0
0312205406	4.0
0375833641	3.0
0140053204	3.0
0805094725	5.0
0547558694	5.0
0385339712	4.0
0330319922	4.0
0345298063	5.0
B008HYPD58	3.0
0380813041	5.0
0689707266	4.0
1416971777	5.0
B00G04S19C	5.0
0689861745	3.0
0312614144	5.0
0967407419	2.0
031613399X	4.0
0380727501	5.0
0062015079	5.0
0385339720	4.0
0345337662	4.0
1574888498	2.0
1554515572	4.0
0060559349	1.0
0679428828	3.0
0758202792	5.0
1582347492	4.0
0140501983	4.0
0399252622	4.0
0451203534	4.0
0743597923	1.0
0312420277	4.0
0544105176	5.0
1423157192	5.0
0060273224	4.0
0140390839	5.0
0140434941	5.0
0757000266	5.0
B00E6YQIKM	4.0
0140386882	2.0
B00658N2GA	4.0
1874509328	5.0
000616174X	3.0
0345373707	3.0
0789745259	5.0
0452152984	5.0
0689859406	3.0
0545169178	4.0
B004UK15TQ	2.0
0374205183	1.0
067400163X	3.0
0689710887	5.0
0671510053	2.0
0141011203	5.0
1442369671	2.0
1571316515	3.0
B00GR5N2Q6	5.0
067002547X	5.0
0062108050	4.0
0571215882	4.0
0199538794	3.0
1404866183	5.0
0275946738	4.0
0486227588	4.0
0763660981	5.0
1402287216	4.0
1402286368	4.0
1476712980	5.0
0553297996	5.0
0375846905	4.0
B008IL48BK	5.0
1250039029	4.0
0765342472	3.0
1578564484	5.0
1582348391	4.0
1613725841	3.0
0312981597	4.0
0385730721	2.0
068483233X	4.0
0671230700	5.0
0553297988	2.0
1623804086	4.0
039915180X	3.0
159990750X	4.0
0563534664	5.0
1400031516	3.0
0439603730	5.0
0805080538	5.0
B00C4BA6A2	2.0
0761459022	3.0
0060293233	5.0
0440407028	5.0
0060721936	5.0
0375405445	2.0
0641934173	5.0
0316133973	4.0
0252062108	4.0
0615719015	4.0
014017821X	5.0
0805031154	4.0
0143113720	5.0
1405258217	3.0
0006162649	3.0
0340573481	5.0
0547959109	3.0
0789743035	4.0
0140434968	5.0
0345384466	5.0
0747592403	5.0
1442419954	5.0
1423171020	4.0
0971822409	5.0
0140109277	3.0
006112429X	4.0
0307346005	2.0
0547610831	5.0
0763655996	5.0
0310278422	2.0
0262134721	3.0
0306821206	4.0
0316155756	3.0
0316041254	3.0
B00IOVI88S	4.0
0552999458	4.0
0764209914	5.0
0618872655	5.0
0821771167	5.0
1402290829	5.0
1442419504	5.0
0300106947	4.0
0142403563	5.0
1609073363	5.0
0399159347	4.0
0380771292	4.0
0156167689	5.0
0800719050	5.0
0307589676	2.0
0786703881	4.0
0374332657	5.0
1442420960	5.0
B004RZGV20	1.0
1616951540	5.0
1565118936	4.0
0399157158	4.0
1400031524	2.0
1609071190	5.0
1489535012	4.0
0441012485	4.0
0989045013	4.0
0821924060	5.0
038079439X	3.0
0471209813	5.0
0195134427	5.0
0060010800	4.0
0805057706	5.0
0140157379	5.0
1599987619	2.0
0375508414	5.0
0763632074	3.0
1614290768	3.0
1590131509	4.0
0415290627	5.0
0345532023	1.0
014028009X	5.0
0060929081	3.0
0983832110	4.0
1442419520	5.0
1906821658	4.0
0141439769	5.0
0312427743	4.0
0988698404	5.0
0751541184	3.5
B0091T62FS	3.5
0552771406	4.0
0060734108	3.0
031628663X	5.0
B00CWSI0P0	3.0
0684846179	3.0
0399105972	5.0
0786863870	4.0
0758273541	5.0
0345420748	1.0
1478197471	4.0
1416563725	3.0
0399159312	4.0
0140368140	5.0
0375414339	4.0
1841482293	5.0
B009WIY354	5.0
0671456547	5.0
0394481917	5.0
0679452516	3.0
1462110274	4.0
0758273533	5.0
0345370260	4.0
0446699411	2.0
0812970497	4.0
0231104081	5.0
1573223077	4.0
0140390464	5.0
1468101935	5.0
0812885198	1.0
1481072544	3.0
0099727404	2.0
B007HHVEX6	2.0
0060187662	5.0
006009334X	4.0
0765309408	5.0
0070506728	5.0
0142405795	4.0
0141182571	5.0
0374351384	3.0
0312649614	4.0
067400387X	4.0
0859530124	5.0
0763647519	3.0
0575086246	3.0
0380708841	5.0
1561457086	5.0
0857520792	3.0
0060282983	5.0
0770436404	5.0
0099255197	3.0
0689854145	4.0
0375844791	5.0
1584850167	5.0
B00B1XVBI0	4.0
0758269005	3.0
0060001054	4.0
0451199863	4.0
0689854153	5.0
1554537711	4.0
1494987554	5.0
0451233344	2.0
0375831002	5.0
148198151X	4.0
0062014552	5.0
1475154771	4.5
0671023489	5.0
0393319601	4.0
1932386947	4.0
1416971750	5.0
0394569350	2.0
0356500535	4.0
0671874551	3.0
0375402314	5.0
0689854161	5.0
0375971424	5.0
0306806908	5.0
1554537703	5.0
0553290495	2.0
0545128072	4.0
1599909774	4.0
0062073729	4.0
0805073396	5.0
0440422256	5.0
B00CTLAF62	4.0
0688042686	3.0
0060809752	4.0
0525423567	5.0
0439700892	4.0
0345346912	4.0
0571239498	5.0
0312576463	5.0
0992186331	5.0
0801821584	5.0
043970040X	4.0
0545128285	4.0
145162607X	4.0
1479234087	3.0
1478222204	3.0
0142001740	5.0
0140436227	5.0
1565844114	3.0
0316232955	5.0
0345504968	3.5
0448095246	4.0
0671600443	2.0
0307582884	5.0
0517147254	5.0
B006RIN5CO	3.0
0061960306	5.0
1554537819	4.0
0374123543	3.0
0061253820	1.0
0061120057	4.0
1569247870	5.0
0310267161	5.0
037584516X	4.0
0061767980	4.0
0984040501	3.0
0689831870	5.0
0988494418	3.0
B00FVHTP7G	5.0
015202607X	4.0
0375845178	5.0
1585711152	5.0
0007119267	5.0
1482694271	5.0
0192834401	3.0
0307476103	4.0
0142420174	4.0
0345377648	4.0
1842550217	4.0
031612558X	2.5
038574126X	5.0
0060964049	4.0
0470600322	5.0
0060137290	3.0
0439856280	4.0
0553385763	2.5
0195172418	4.0
0316011304	2.0
0345387007	3.0
074342767X	2.0
B0090MXTVG	4.0
0743554434	4.0
0805048359	4.0
1599555166	4.0
0064400425	3.0
015201800X	5.0
067187456X	4.0
0375422188	4.0
037542217X	5.0
014038801X	2.0
0441006787	4.0
0340687517	4.0
0375845151	3.0
0679422714	2.0
044100895X	4.0
0486270661	3.0
B004VP3KHK	4.0
0307742857	5.0
0521637600	4.0
0590396838	4.0
0679743758	2.0
0099282917	4.0
0312316933	5.0
1922200042	3.0
0152008691	4.0
0679644199	5.0
0330484966	1.0
1597480444	5.0
0140298479	4.5
1585710288	5.0
014029628X	5.0
0316134074	5.0
0440174643	5.0
0064472981	3.0
B00BFNYG1A	4.0
0700608761	5.0
0060289597	4.0
0803732961	4.0
0140344438	5.0
0060082070	3.0
0767913981	4.0
0439241006	4.0
1481233505	2.0
0547247982	4.0
087004124X	5.0
0375845143	4.0
1416989404	5.0
0142004812	3.0
0613092872	3.0
0312270828	5.0
0316254770	5.0
0304352853	3.0
1573226963	4.0
1612528872	3.0
1477847030	5.0
0316011770	3.0
0375411690	5.0
0060853972	5.0
0747590923	5.0
0062084305	4.0
0064472922	3.0
0802116000	5.0
1416990402	5.0
0152017178	4.0
0007120699	3.0
1400320682	5.0
B000OR2WTG	5.0
0811801802	5.0
1601425414	5.0
0449912558	2.0
1564587185	5.0
0895264307	2.0
1471128245	3.0
0062073680	3.0
0615741932	2.0
1442402849	1.0
B00C2DWLWI	4.0
0679409793	4.0
0991728106	4.0
0380796376	4.0
0140079459	5.0
073935650X	4.0
0316182540	5.0
0545415675	4.0
1480124508	4.0
0345443020	3.0
0689851049	4.0
0887766099	4.0
0425133516	4.0
0060566728	5.0
0062255657	4.0
0896086348	5.0
0739474812	4.0
1416927573	3.0
0142428949	5.0
0340770708	3.0
155709263X	3.0
0307460185	4.0
1402285841	5.0
0297850687	5.0
061810450X	3.0
076434238X	4.0
0312429223	5.0
0064472949	3.0
0793198992	5.0
0312373961	3.0
1416905790	3.0
B00AIQVI66	3.0
0060826355	5.0
0441008534	4.5
0763628131	4.0
0786937661	4.0
0312979487	4.0
8184000871	5.0
067177543X	5.0
1402212895	4.0
0786808012	2.0
0061002852	3.0
0671742515	4.0
0385346875	5.0
030726999X	5.0
1442950463	4.0
0439738199	4.0
0374299625	3.0
0736426841	1.0
0988427648	5.0
1573448184	5.0
0062073699	3.0
0547074239	2.0
1606416529	5.0
0345472403	5.0
0399235795	4.0
1493679864	4.0
0818405147	2.0
0062008110	4.5
0439918480	3.0
0060724501	3.0
1859843395	3.0
0307594009	5.0
0679601406	3.0
0987775367	3.0
0061002860	5.0
0615590624	4.0
B00EJ7AAH8	4.0
0345397673	3.0
0425174727	4.0
0374299633	2.0
1480115231	5.0
0140281630	5.0
0395759242	3.0
0385740344	4.0
1416934715	3.0
1845134818	5.0
0761453113	4.0
1442465182	2.0
006089055X	5.0
0321700759	5.0
0805087923	5.0
0061345660	1.0
0312429258	4.0
1402285817	4.0
0609807900	5.0
0789482657	5.0
1416940154	4.0
1593106815	3.0
0385346859	5.0
1593691033	4.0
0306807645	5.0
0142410306	3.0
014118776X	3.0
1628552077	4.0
1599903229	4.0
0545068959	2.0
0743552660	4.0
0062224077	5.0
0060536993	5.0
1469984202	5.0
0029166764	5.0
0061892351	4.0
0385730551	3.0
0312360290	4.0
B009VTIGWU	4.0
1416940162	1.0
0140546049	5.0
0486280861	2.0
015204566X	2.0
0060523204	4.0
0140109870	4.0
1609073711	5.0
7119016628	5.0
0142409332	4.0
0373210493	5.0
0195014766	5.0
1432752480	4.0
0451201191	5.0
034542218X	2.0
0062272586	3.0
0996066608	4.0
0060838728	5.0
0586090398	5.0
0800730844	5.0
0064404455	5.0
068485368X	5.0
0763639230	5.0
0781810361	4.0
1482060094	3.0
0064472531	5.0
0983924902	3.0
0689829531	5.0
1416940138	3.0
1475177194	4.0
0062517082	3.0
B0090W7XWC	5.0
0786031824	4.0
0743236572	2.0
1416940146	3.0
0307947513	5.0
1559210249	4.5
1627780300	5.0
0060778636	4.0
1599904985	3.0
1462111807	4.0
0307477479	5.0
0930289528	1.0
0688133827	5.0
B005OMWXZE	5.0
0441011306	5.0
0679723277	4.0
1462114059	5.0
1590170679	4.0
0099429799	5.0
014240053X	3.0
1423164911	4.0
0385342063	5.0
0373696442	4.0
1492102512	4.0
1401235573	4.0
0451230515	1.0
0374532184	5.0
0374370117	5.0
0307291448	4.0
1492792195	4.0
1595144358	4.0
0312862334	3.0
034554241X	2.0
0486290727	4.0
1442405961	2.0
0241145414	4.0
0763625051	1.0
0312360258	3.0
0142800821	4.0
B0099VXL2U	3.0
0553288733	2.0
0448095254	4.0
0451459245	2.0
067175145X	1.0
0486433935	4.0
048629868X	3.0
0590421441	5.0
B00930CIVC	3.0
0060548924	1.0
1405005823	3.0
1937945014	3.0
0439227143	2.0
0007442920	3.0
B00KKQ9X0C	4.0
0805059830	4.0
0143112589	4.0
0439228905	5.0
0439796598	4.0
0140366709	4.0
0345360788	5.0
0670020958	5.0
0061003778	5.0
1462113613	4.0
1596438924	5.0
0553213172	4.0
0374266425	2.0
0062074024	3.0
0553225146	3.0
1484858484	4.0
0373776586	5.0
0385423098	5.0
0805094601	5.0
0060935499	5.0
B0090CBS5K	3.0
0140260781	3.0
034538475X	2.0
1573920533	2.0
0545445124	3.0
1439167850	4.0
0380722178	5.0
0553213180	3.0
0140865241	3.0
1402714521	5.0
1607056321	4.0
000616823X	5.0
1482790084	3.0
1935597361	4.0
0743583884	4.0
0307474712	3.0
0143113895	5.0
0446525367	4.0
1585710709	2.0
034543191X	5.0
0061061204	4.0
1423171179	3.0
0739454854	5.0
0312385188	4.0
037586427X	3.0
1609078551	4.0
0099448831	5.0
0618367012	1.0
1939173655	5.0
0743476131	4.0
B00DY8HAH6	2.0
0440406498	5.0
0812977149	5.0
0545091683	4.0
0060508078	3.0
0142500747	5.0
0141010223	5.0
0142404152	5.0
067940581X	4.0
0451456211	5.0
0764210181	4.0
1574889230	5.0
0307594068	4.0
B00C8X8Q5S	2.0
0345339703	3.5
0062120050	3.0
1484836251	2.0
0399149864	5.0
0545493234	5.0
0141034262	1.0
1416971688	3.0
1613723555	1.0
0395971284	4.0
1596435860	5.0
0064407446	3.0
0142417483	5.0
0002310899	3.0
0312421273	5.0
0345441788	3.0
0143034693	5.0
0452278961	4.0
0441003613	4.0
0439108381	4.0
0140431357	5.0
1479521701	5.0
0385738579	5.0
0553158279	5.0
0060293152	4.0
1562790218	5.0
0375868674	3.0
1573448133	4.0
0802736041	3.0
0141439629	3.0
1935954008	5.0
0061003751	3.0
0307710319	3.0
0394588398	5.0
1623429110	4.0
0979572185	2.0
1596915749	4.0
0140430032	5.0
0545156254	4.0
0451192249	4.0
0061015725	4.0
1606840797	4.0
0230611699	4.0
0142419206	3.0
0141307048	4.0
1416997857	4.0
0152062521	3.0
0140094296	1.0
0062082957	4.0
0141439602	5.0
0375423508	4.0
1442360925	5.0
1554514797	4.0
0061125288	5.0
0872860744	2.0
1595142576	5.0
0142419214	3.0
1477604928	4.0
0545169097	4.0
1609284674	4.0
031218137X	5.0
0316027650	1.0
0396091601	3.0
1566390818	3.0
1250040159	3.0
0142409413	4.0
0312642962	5.0
0061479934	5.0
0099526786	5.0
0761354727	3.0
0813134161	5.0
0345310020	5.0
1416960910	4.0
0099283360	1.0
0739331191	4.0
0545222184	5.0
0778314529	3.0
006085880X	5.0
0765318695	5.0
0345452003	4.0
0345439031	3.0
0375713344	5.0
0375845100	3.0
0060845503	5.0
1451651562	5.0
B00A93ZG1G	3.0
1462113699	4.0
0142403202	3.0
0988425904	4.0
1586482769	3.0
1580085695	5.0
1461105633	3.0
0545004055	2.0
1613720874	4.0
0307743683	4.0
B004UHYPZK	3.0
0446547565	5.0
1606840304	3.0
0441005837	3.0
039609161X	5.0
0871134691	5.0
0761451889	5.0
1466434139	4.0
0380003260	5.0
0393314693	4.0
0345439023	5.0
098790230X	4.0
1402273371	5.0
1554514789	4.0
0810940728	3.0
0312230796	3.0
1400033829	5.0
1592400361	5.0
1250000955	4.0
0446547573	3.0
0843955430	5.0
1623803535	4.0
0553384031	5.0
0340770732	4.0
0689843372	5.0
0809093251	5.0
1741799988	5.0
0375829075	4.0
0307743675	5.0
0385736762	5.0
0380775514	5.0
B00AZDI342	4.0
031218087X	5.0
0060757345	4.0
038532720X	5.0
1423116399	1.0
0307950654	3.0
1400072174	5.0
0803734735	5.0
031604461X	1.0
0375801537	4.0
0099496941	4.0
0664223133	3.0
0307276651	5.0
0316001929	1.0
0140621806	5.0
0307278832	5.0
0545403308	4.0
0393315568	2.0
0375841199	4.0
0553213113	3.0
0060915803	3.0
1584855304	5.0
0393316890	2.0
1462110185	4.0
1462114539	5.0
1416912045	5.0
0062094963	3.0
1455507210	4.0
0446675776	5.0
0802170374	5.0
1933372613	5.0
0060930187	5.0
0345484088	3.0
0451194004	5.0
0451525264	5.0
B004TRND72	5.0
0747264600	1.0
1479269670	4.0
1482715643	4.0
0684869128	5.0
0764211080	5.0
0142414379	1.0
0553383124	5.0
0670014230	3.0
0310286786	4.0
0316930938	3.0
B00I15VL86	4.0
0547385463	4.0
0811878317	3.0
0761456295	5.0
0440484839	5.0
0006171044	3.0
0983311633	4.0
1599908557	5.0
0812930991	5.0
0515138312	5.0
0425179648	5.0
0027858405	3.0
1569717516	5.0
0811200914	5.0
0873481445	5.0
1416989382	4.0
0451201205	4.0
0375829067	4.0
0345451120	2.0
0545519837	4.0
0747598002	5.0
1479372552	3.0
161795277X	5.0
0849911818	1.0
0061998168	5.0
0764341448	3.0
0345444884	2.0
0345504992	4.0
1250003164	4.0
0545206952	5.0
1611941237	4.0
0545222168	5.0
0743205049	5.0
0141439688	3.3333333333333335
0385739834	5.0
1416915516	2.0
0470453761	3.0
006054063X	5.0
1935439391	5.0
0061366919	4.0
0060764902	5.0
1565660633	5.0
0399162410	4.0
0316025062	1.0
0140378278	3.0
B00AXOP7MY	5.0
0151707553	5.0
0749950684	2.0
0006514219	5.0
0486235025	5.0
0970299605	5.0
0545519845	4.0
1609078519	5.0
0824835921	3.0
0451462092	4.0
0553095986	3.0
9350296020	4.0
0743599357	1.0
1594745234	3.0
0778314596	2.0
0486225216	5.0
0763644102	5.0
043935806X	5.0
0375828192	4.0
0062073605	3.0
0142429406	3.0
1441894691	4.0
0142407631	4.0
0399141960	4.0
0989527417	4.0
0345528921	3.0
0307975983	4.0
0446521582	4.0
0140446389	5.0
0330491393	5.0
0007155018	5.0
0448095122	1.0
0802734588	4.0
014240067X	4.0
0141040343	4.666666666666667
0060779195	5.0
B00HPYKTKK	4.0
0140383956	5.0
1479264857	3.0
0307729311	5.0
0545005426	5.0
0307456625	5.0
0140367004	4.0
042506784X	5.0
1628552131	5.0
1419700251	5.0
1595540873	4.0
0316033464	5.0
1451657706	5.0
0440405823	5.0
0465049060	5.0
B00CIMQCCI	4.0
0151001006	5.0
0803739699	5.0
0140437428	1.0
B0044KM2L2	4.0
1940096006	4.0
0062073508	5.0
0385660065	5.0
0140383948	5.0
0062073982	4.0
0812469674	5.0
1554514827	3.0
0310742943	3.0
0141182806	1.0
1590389220	4.0
147782314X	4.0
0099728605	3.0
1495468895	4.0
0448060035	4.0
1595540865	4.0
0671042858	5.0
1481002449	3.0
0151006725	5.0
034538072X	4.5
B0093O7S86	4.0
0140367462	4.0
0545430992	4.0
014311610X	5.0
0141439491	5.0
1595540857	4.0
0316101699	3.0
0671026313	4.0
0671004549	3.0
B00DEK1THQ	3.0
0141040378	4.0
0060764945	5.0
0547722028	4.333333333333333
1582346704	2.0
0380815923	2.0
0671026321	4.0
0345528603	3.0
0452273404	5.0
0307246353	5.0
0743227093	3.0
0312561296	2.0
B006ITK0AW	4.0
1600108687	4.0
0312421818	5.0
0142422010	2.0
0439632501	5.0
1616202467	5.0
B009RBQLLU	5.0
0606328084	4.0
0399233687	3.0
0140367438	4.0
0767900308	5.0
0061229628	3.0
0399153446	3.0
1607186217	4.0
144245413X	5.0
0425263908	1.0
0590383884	4.0
1402205635	3.0
1894786866	4.0
1250020115	4.0
0689869932	4.0
0060747153	3.0
0312602758	3.0
193781503X	5.0
0141181532	5.0
B00EOTO68K	4.0
1859843239	4.0
0553280511	5.0
0895262258	3.0
0313397430	4.0
0452284988	1.0
0985029439	4.0
0062073540	5.0
0399162380	4.0
1613777604	4.0
0316001821	4.0
0307596907	5.0
0312380348	3.0
0863159567	3.0
0062077902	4.0
0143118765	5.0
068480106X	5.0
0385260326	5.0
189478684X	5.0
1480563900	4.0
1569245584	5.0
0449815978	4.0
0380731770	4.0
1619491435	4.0
0140012486	5.0
0802777252	4.0
1462114334	5.0
1494904489	4.0
0060277475	5.0
0671042815	5.0
0544022181	4.0
1462112153	5.0
0143038109	2.0
0140165614	4.0
1594488398	5.0
0062073559	5.0
0968601405	4.0
0140183485	4.0
0141301066	5.0
0399166734	4.0
0142300853	3.0
0441007333	4.0
1499526199	4.0
1401351964	3.5
0590459511	4.0
1462114342	5.0
0312421850	4.0
0615574092	4.0
B00BD49WNS	5.0
0800734459	4.0
0316881791	4.0
0300066635	4.0
0307740994	2.0
0805094598	5.0
0451822196	4.0
0689849095	3.0
0440229774	3.0
0312286252	4.0
0547053649	3.0
0785822380	3.0
0545436249	4.0
0811849090	4.0
0689828179	4.0
039923456X	4.0
0060914289	4.0
1400054095	2.0
0375406190	5.0
1426707622	4.0
0345428811	3.0
0142419222	3.0
0399157840	2.0
0743272501	5.0
0674885252	4.0
0375756752	5.0
1410422445	2.0
1609077164	5.0
0140188320	5.0
074346270X	5.0
082341423X	5.0
0974930369	4.0
0312862873	5.0
0805098925	5.0
1885865309	5.0
0152003924	2.0
0718133021	5.0
0385500521	1.0
0439779863	5.0
0446602280	5.0
0385739222	3.0
0099244721	3.0
0394491130	5.0
0061553166	3.0
B000JML04E	4.0
1442403829	5.0
1416980083	4.0
0142419230	4.0
0395883970	5.0
0395510600	5.0
0061003832	4.0
1569479879	3.0
0823099016	4.0
0544056779	4.0
0060566272	5.0
030788743X	5.0
0062073583	5.0
0316096199	5.0
1455513229	3.0
1599902028	3.0
0700611878	5.0
1250033896	5.0
0345528204	4.0
0545310261	2.0
1491510706	4.0
0143170090	4.0
0545493250	4.0
1628552182	4.0
B00DY7GNY8	4.0
0761358560	4.0
0786807067	3.0
0618680004	5.0
0615377548	5.0
0394431952	5.0
0142437905	4.0
0345434234	4.0
055337849X	5.0
B007XCDR6C	4.0
1454905093	4.0
B0084ADAQO	4.0
0761463275	4.0
1416995587	5.0
0060754753	5.0
B003XCM0CI	5.0
0805421300	3.0
1451695160	5.0
1605983799	4.0
1939173019	3.0
1423101456	4.0
0786812400	5.0
0394716175	5.0
0312424922	5.0
0140432108	4.0
0786807075	4.0
0141309814	4.0
0375421815	5.0
1939108004	5.0
0743499220	4.0
0142417076	3.0
0345517563	5.0
1906033269	3.0
0141023384	5.0
0674035194	5.0
0765311585	4.0
0439846765	5.0
0060241497	2.0
0060392452	4.5
0743222245	4.0
0385312520	4.0
0062012983	4.0
0375502874	2.0
0060298790	5.0
0330439693	4.0
1455523003	4.0
0316200638	5.0
0060891564	4.0
B00GJD2IUM	4.0
0590395882	3.0
0385729456	4.0
0590554093	4.0
0425253252	5.0
0060577363	3.0
0385338708	5.0
0375700757	4.0
0674007514	4.0
1780284934	5.0
039592720X	5.0
0439943922	4.0
0330513613	5.0
081186023X	4.0
1596437650	5.0
0807529907	3.0
0749314265	5.0
0803717849	4.0
0345413369	5.0
0061733636	3.0
0375841962	5.0
1416984488	5.0
0807548200	4.0
0060748095	5.0
1595143378	4.0
1569476322	5.0
1480125563	3.0
1599559293	5.0
0064406970	5.0
0517187213	5.0
1609078071	5.0
0152010289	5.0
0451522753	4.0
0873379144	5.0
0060298774	4.0
0316033499	5.0
1554537045	5.0
0764209655	4.0
0374117551	5.0
1897299370	5.0
0618239774	4.0
0316222445	4.0
0385508484	4.0
0060539097	5.0
0764209663	4.0
0060930314	4.0
0156001411	5.0
055323370X	5.0
1402256361	5.0
048645147X	4.0
0446562068	4.0
0451217454	4.5
006177894X	5.0
0345413350	5.0
0099463555	5.0
0374323038	4.0
0060298782	4.0
0809037726	2.0
0446672505	4.0
0007172826	2.0
1455831735	4.0
0316871125	2.0
0553229699	5.0
0061779814	5.0
0099450259	5.0
B00C3O6T2Y	4.0
1442449616	5.0
0674016939	4.0
0142418897	4.0
0441014836	5.0
1606840258	4.0
026205065X	4.0
0385516169	4.0
1490904387	5.0
0545299888	2.0
0615693903	4.0
0375508260	2.0
0345484118	3.0
0138138109	4.0
0374346674	3.0
1402281714	4.0
0142406430	4.0
1599906457	5.0
0763656690	5.0
1847240917	4.0
0143170104	4.5
0679801146	4.0
0307473996	5.0
0307474844	5.0
B004M5HK0M	4.0
0307265439	5.0
0002318075	3.0
0517599392	5.0
B00CVLI2X8	4.0
0767905504	4.0
B00IHNY3FK	3.0
0802853498	5.0
080901548X	5.0
0374461554	5.0
0140430350	5.0
1599906449	5.0
0739339656	1.0
0192838679	5.0
006017143X	5.0
0060541814	4.0
0942018176	5.0
0151008116	3.3333333333333335
0140281118	4.0
0345413377	3.0
023113102X	3.0
0060540974	1.0
0312674465	5.0
1554515327	5.0
0099757915	5.0
0064430995	5.0
0743251628	2.0
1595146857	4.0
0140386645	5.0
0399142282	2.0
0982611935	4.0
0738722782	1.0
0060781939	3.0
0394467442	5.0
0942018168	5.0
0062081934	4.0
0606238409	3.0
1594746400	3.0
0451184963	5.0
1462113966	5.0
0142426059	5.0
0316049344	4.0
0345373944	4.0
0590396285	4.0
1402279892	5.0
0615681913	5.0
0375714197	4.0
1582349010	4.0
0590432869	3.0
0375417206	3.0
0061953385	5.0
014241977X	5.0
0399146237	2.0
0786807083	2.5
0764342827	3.0
1482610582	2.0
0141324910	3.0
0674016971	5.0
080073176X	2.0
1841483737	4.0
0061998699	4.0
0316097497	3.0
0142429112	1.0
068811718X	5.0
0394751051	5.0
0307700879	5.0
0399147551	5.0
0345313860	5.0
1416914919	5.0
0385341830	4.0
0807063193	4.0
0689871333	4.0
0590877437	2.0
159474551X	4.0
0688155464	5.0
1475192886	4.0
0786807091	5.0
145162137X	4.0
015206396X	5.0
0425093247	4.0
0140283331	3.0
0449219771	5.0
1551525143	4.0
0689871325	4.0
1939108039	4.0
0764167251	5.0
0132180235	1.0
0991095006	3.0
1442440759	2.5
0451201167	4.0
1480285080	3.0
0689711522	4.0
0547328184	5.0
0061231134	4.0
0143038915	5.0
0060195460	5.0
0141439971	3.0
006087418X	5.0
1416980067	4.0
0689871317	4.0
1606411098	5.0
015204616X	4.0
0307744434	3.5
0140433880	4.0
0141188936	5.0
0743412834	3.0
1462113923	4.0
006000438X	5.0
0345485416	3.0
0439064864	5.0
0857868713	5.0
0152167889	3.0
0062118455	5.0
B00HTBUE4K	3.0
0441005969	5.0
0062024175	1.0
0441014437	5.0
0700616306	5.0
1848190255	3.0
0385324057	4.0
0671201581	3.0
0345464109	4.0
0440435749	5.0
0099468387	5.0
0984389911	3.0
1627981454	4.0
0142402478	3.0
0312206100	3.0
0439139597	4.666666666666667
1416961313	2.0
014242207X	2.0
0452259967	5.0
0671014757	4.0
1453876146	5.0
1585423459	2.0
B00CIAD6UQ	5.0
0545464382	5.0
055299703X	5.0
037581471X	4.0
059043280X	4.0
B008BVMUVW	5.0
0641596081	5.0
0743440013	5.0
0761119396	5.0
0062001043	2.0
0451235797	5.0
0800794052	5.0
037582233X	5.0
0671014765	5.0
0393038912	5.0
0060175400	5.0
0802135226	5.0
1937909557	4.0
0143034901	5.0
0385531737	2.0
0385341849	4.0
1555838448	5.0
1602828741	4.0
0439922275	2.0
0989433404	4.0
1481983512	4.0
1597480738	5.0
B00BR70BZO	3.0
0385340990	3.0
0553269224	3.0
0152017682	5.0
0545397367	3.0
1599901609	4.0
0545438519	3.0
0312241356	5.0
0370332288	5.0
0529064634	2.0
0385338686	4.0
1416572449	2.0
0375411070	4.0
1558614761	4.0
0385006896	5.0
0879759844	2.0
0676974058	5.0
0545609682	5.0
1573221937	3.0
0099448785	5.0
0590554115	5.0
0142300306	4.0
0062073923	4.0
0590554107	5.0
B00AG0W9HQ	3.0
B00K7UZB0W	3.0
0345441435	3.0
0374521409	5.0
0060771747	4.0
B004TRNKE8	2.0
0740704818	4.0
0465030491	4.0
0141439580	3.5
0679801111	3.0
006211848X	5.0
0439023483	4.0
0547519737	5.0
0545040639	4.0
0679439382	4.0
1616950021	5.0
0761451714	4.0
0374177236	5.0
0141321008	5.0
0345423607	3.0
0140296271	2.0
0140177191	5.0
0195159543	3.0
0061478776	4.0
0345443683	3.0
0446357170	5.0
0316041440	3.0
0425206548	5.0
043920352X	5.0
0439023491	4.0
0064400301	4.0
0152060073	5.0
0312858868	4.0
146211220X	4.5
0060541830	3.0
1401940587	5.0
0786852976	5.0
0553269216	2.0
0718143604	3.0
0316603406	4.0
1402266928	3.0
0345484142	3.0
1492104264	5.0
1484959833	4.0
0425098540	3.0
0062062824	4.0
1250006317	5.0
0316074314	1.0
0060185252	4.0
1416958568	5.0
0385234104	5.0
1462111335	5.0
1627780092	4.0
0385336063	5.0
1937254550	5.0
0671014773	3.0
0425098532	5.0
B008GOJM3S	5.0
0857662937	4.0
0345484177	3.0
1401309267	3.5
006440823X	5.0
0785812075	5.0
014312420X	5.0
0778314472	4.0
0449911888	5.0
1627780084	4.0
140228652X	4.0
0870215353	4.0
193832708X	4.0
1439102767	4.0
0679446958	5.0
0375825339	5.0
0060920203	3.0
0312278586	5.0
043906628X	3.0
B00AE6VCSO	5.0
0972831029	4.0
B00CM2030Q	4.0
0545207193	5.0
B00HSKMN5K	4.0
0385752148	2.0
0152022724	4.0
0804116989	1.0
0061625019	4.0
1623700000	4.0
1593174322	4.0
0141301163	4.0
067977338X	3.0
0007489447	5.0
0306802139	4.0
031609918X	3.0
051513628X	5.0
0982589468	1.0
B00CEPGSLY	4.0
0375726802	4.0
0385523386	4.0
0300126964	4.0
0971338965	5.0
0142402516	5.0
0972831037	5.0
0062073869	4.0
0385182449	5.0
1432790587	4.0
0064408183	5.0
0451199871	4.0
031215125X	5.0
019283908X	3.0
0312380054	5.0
055358099X	5.0
0689821867	4.0
0306814145	5.0
1453688609	3.0
0140447571	5.0
1937178315	4.0
0810932970	5.0
0385732562	5.0
0500051569	5.0
0972831002	4.0
1402763131	4.0
0061950726	4.0
0241950449	5.0
0156188767	5.0
0547634552	5.0
1592401821	5.0
0988778238	3.0
0375814663	5.0
0700608990	5.0
1609077903	5.0
145162803X	3.0
0007136838	5.0
0684828006	4.0
0316207780	2.0
0345318234	3.0
0312658656	4.0
0441004385	5.0
0840389086	2.0
014219672X	4.5
0316043125	2.0
0375726829	4.0
0002318652	4.0
155110752X	4.0
0679735909	5.0
0545218292	4.0
0545443520	4.0
0743254562	2.0
0679764437	5.0
0764209744	5.0
0743218027	1.0
0060000155	3.0
1582347913	5.0
B0088TREA4	5.0
1250002834	2.0
0375814671	4.0
0957291205	3.0
0448095459	4.0
0142501468	4.0
0306806541	5.0
0306807874	5.0
B00CC68G7Y	4.0
0142500135	3.0
0380713802	4.0
0811844307	5.0
0439680999	5.0
1435237072	4.0
0439436583	3.0
0380700972	5.0
0345455681	5.0
0545055857	5.0
1405000325	3.0
0062027913	5.0
0684849364	3.0
1556437080	3.0
0743412362	2.0
0062073893	3.0
0393029182	2.0
B00IKGXWYC	3.0
0060233346	4.8
0226038130	3.0
0399257764	3.0
067988291X	5.0
0439587530	5.0
1599902958	5.0
0679421203	5.0
0439436575	3.0
1462113397	5.0
0763627410	5.0
1477848126	4.0
0395175135	5.0
0871137879	5.0
B0054R6T6S	5.0
B00CFAZHGU	4.0
140168968X	5.0
0425130266	3.0
0140620303	4.5
030758836X	1.0
0140120831	5.0
0099287145	4.0
014311316X	3.0
030728364X	5.0
0545429609	4.0
1558532714	5.0
1596430745	5.0
0439436567	4.0
0007171684	5.0
1467705918	4.0
0062021362	3.0
0312368372	4.0
0002247399	2.0
0395971853	4.0
B0070J2HD2	3.0
0671027344	4.7894736842105265
1477540105	3.0
0988413213	4.0
0684837382	3.0
0152055665	5.0
0525243909	2.0
038549341X	4.0
0062062794	4.0
0786866942	4.0
0670031399	5.0
0399218777	2.0
0440215269	2.0
031073701X	4.0
0140380736	4.0
039471380X	5.0
B006AC5FCU	4.0
1484132327	4.0
0451187482	1.0
0143118862	5.0
0099507390	4.0
0345325818	5.0
0689505698	5.0
1576752453	5.0
0393088758	5.0
1609450949	5.0
0141304278	3.0
1416974512	4.0
1623700078	4.0
162370006X	4.0
0786963719	4.0
B0089HD3QY	3.0
0452295386	5.0
B00FKDHZF0	5.0
B004TP7JMO	4.0
0152053069	4.0
1599904799	4.0
1593156073	4.0
1416974520	4.0
1402279361	4.0
B00B7VCPNG	3.0
0142417173	3.0
006102001X	2.0
0192833707	1.0
0297810804	5.0
006092988X	3.0
0062059939	4.0
0671551345	3.0
0316098256	2.0
0983290407	4.0
1932273565	4.0
B006BIRN32	4.0
0230613675	3.0
060960550X	4.0
060617110X	3.0
0671551361	1.0
068987474X	2.0
044809505X	5.0
0142411884	4.0
068805823X	5.0
B00BE2Y7CK	4.0
0399154671	3.0
B0087HBUWU	5.0
1857885953	5.0
0452297540	5.0
0803738897	4.0
0534385419	5.0
0141326085	2.0
0671551353	3.0
0142414905	4.0
1161415858	3.0
0307456323	5.0
0985068302	5.0
0679882901	5.0
0689804458	3.0
0061962783	5.0
B008BJJT86	4.0
160907839X	5.0
0937295043	2.0
0307245306	4.0
0964587602	1.0
0385340095	5.0
1582347999	2.0
1607186187	3.0
0345379640	3.0
0805097945	5.0
0439023513	4.0
0099288850	5.0
0446579807	4.0
1593761015	4.0
073936474X	5.0
0307596850	2.0
0099461269	4.0
0804722188	5.0
0385339909	3.0
1623700035	3.0
1891105035	5.0
0062192345	4.0
0345379632	2.0
0312278152	5.0
0060975768	2.0
0899668631	5.0
1401303382	3.0
0345427653	4.0
0345423291	5.0
0310210062	3.0
0060563079	5.0
0385729332	4.0
0895947366	1.0
1623955432	5.0
0152012559	5.0
0393321126	5.0
0385517068	3.0
1612182925	5.0
0743294602	4.0
0345379624	4.0
0385327900	4.0
0192753924	3.0
0340839937	5.0
0756616344	5.0
067155137X	4.0
0671551388	3.0
0312243022	5.0
0446601241	5.0
0671017136	5.0
0142501085	4.0
0374194114	5.0
0393319296	5.0
0099911701	4.0
0971394253	2.0
0152025898	4.0
0020427859	5.0
0933405014	1.0
0671017128	3.0
1479251208	5.0
0060194995	5.0
0671017144	3.0
0520042727	5.0
0310727618	2.0
0199211426	5.0
0099591537	5.0
0985164808	4.0
1609450914	5.0
0140282777	5.0
0312278594	3.0
006039384X	4.0
0738714577	5.0
054522490X	1.0
1402279337	3.0
188643333X	5.0
1940026016	4.0
B00AAQVTYU	5.0
0613065425	5.0
0345803922	3.0
1492928984	3.0
0985052708	3.0
067002600X	5.0
1613724608	4.0
1476732027	4.0
0679441700	5.0
0140281495	5.0
0140440046	1.0
1561456977	4.0
0441010113	4.0
0670014028	5.0
0439806119	5.0
0061430951	3.0
0671894404	5.0
0544074114	4.0
0451460928	4.0
0802720730	5.0
0451466233	4.0
0743411870	3.0
0060809248	5.0
0140361243	5.0
0927015250	5.0
1606843656	4.0
0061996181	4.0
0983290482	4.0
0316955132	3.0
0870211927	5.0
B006GOXIWG	4.0
1623420571	2.0
0307747409	5.0
0312641893	5.0
0547225490	5.0
0743411889	3.0
0307913090	5.0
1456578235	5.0
0152012001	4.0
0385335482	5.0
0811870243	3.0
1573221880	3.0
0439192749	4.0
0307389006	4.0
1490986375	4.0
1455515485	3.0
0425146189	5.0
031608090X	5.0
0374280878	5.0
1426713126	4.0
1619210576	3.0
0786266511	1.0
0985348720	3.0
1416958401	5.0
1477805044	3.0
0020446500	3.0
0060927623	3.0
0465023258	4.0
0062314254	5.0
1612351204	5.0
1419705261	4.0
0285634704	2.0
0140239502	3.0
0688003125	1.0
0425129616	4.0
0743202120	4.0
0141321598	5.0
1554539412	5.0
0151001820	4.0
0141439807	5.0
0140271694	2.0
1442358424	4.0
1477477780	5.0
0060575913	5.0
1599905256	4.0
0345485572	3.0
061577637X	4.0
0192805649	4.0
0140361235	5.0
0763634972	4.0
0395660807	5.0
1477805060	4.0
014004020X	5.0
0894803204	5.0
0679744479	5.0
0156030357	4.0
014143984X	5.0
1595550925	5.0
030728090X	3.0
038532653X	5.0
146211380X	4.5
0307279936	5.0
0316201561	5.0
0805093958	5.0
0152050310	4.0
0064473589	5.0
0785243038	1.0
0143113623	5.0
0671035770	5.0
0152019901	5.0
0486266826	5.0
0345386744	3.0
0671023306	4.0
0982961340	4.0
0446617687	3.0
0140371494	4.0
0802135781	4.0
0375406425	5.0
0446519723	4.0
1481056557	4.0
0007124015	5.0
0345396545	3.0
0140284583	2.0
0394747909	5.0
0140621199	5.0
0545068258	4.0
0140060286	5.0
1493789945	4.0
067121781X	5.0
0809088541	2.0
067401880X	5.0
0805080651	2.0
148231780X	5.0
B004TQ8GP2	2.0
1404880380	3.0
0394404386	5.0
B00BYK0OE2	5.0
0743411854	3.0
B00AGZJ33Y	4.0
0380811812	1.0
0141312629	4.0
1573449253	4.0
0375415351	5.0
0374371717	5.0
B0071FAZJS	4.0
1609280075	1.0
0385739680	2.0
0385498799	2.0
0307595110	3.0
044101366X	5.0
0312205511	5.0
0989869016	4.0
0099685000	1.0
0307272095	4.0
1490537260	5.0
1573449245	4.0
0738735531	5.0
1454704225	4.0
0684855593	5.0
0345484207	3.0
0152050302	2.0
0064473597	5.0
076791676X	2.0
0439612551	5.0
0061996165	4.0
0743411862	3.0
0142500577	3.0
0385340419	4.0
0679722645	3.0
0763655074	2.0
0399103422	5.0
0671038850	5.0
0060558199	5.0
0606006877	5.0
0393049949	5.0
B005ME39HU	4.0
0060294671	5.0
0142301523	3.0
0439279895	3.0
0142300675	3.0
0060926716	5.0
0671011367	3.0
0440228654	5.0
0743454529	5.0
0062224735	4.0
0743496728	5.0
0345394712	2.0
0439861365	3.0
0064408108	3.0
0321344758	5.0
0375704639	5.0
1587900157	5.0
0671003755	5.0
0981239668	1.0
0345391691	4.0
0742533360	1.0
0140065172	4.0
0061067121	3.0
0991037405	4.0
0064409406	4.0
0060092572	4.0
0143106961	5.0
0689854226	3.0
0061470902	3.0
0062024035	4.0
0007444117	4.0
0441014100	4.0
0545373239	5.0
0441013252	3.0
0375402497	2.5
1563899388	3.0
0061189537	5.0
0061067156	4.0
0786806540	5.0
0064409414	3.5
0520218590	5.0
1481260537	4.0
0141308168	4.0
0446525537	3.0
1442411902	3.0
0060725133	2.0
055352626X	4.0
0399256938	3.0
0761451625	4.0
0590462946	5.0
0275954013	4.0
0307263517	4.0
0786805692	3.0
0060294655	5.0
1479106135	4.0
0425187012	5.0
0615756395	5.0
160907520X	5.0
0151446474	5.0
1936564270	2.0
054794215X	4.0
0590430505	3.0
1609075218	5.0
1844670228	4.0
0142418978	3.0
006207380X	5.0
1610391225	5.0
0545050561	5.0
1594486344	5.0
0521856027	5.0
0970501609	5.0
0373742517	4.0
0385394233	4.0
146211122X	4.0
0062073818	3.0
0312376006	5.0
0881333735	5.0
1451660227	4.0
0061734055	5.0
0547398530	3.0
0991686004	2.0
0062024027	3.0
1877579351	3.0
0312428510	3.0
0739380338	4.0
0062073826	4.0
0140449280	1.0
0312367546	5.0
0099754916	5.0
0375761225	4.0
1623750369	3.0
1495266990	2.0
0061734047	5.0
0312376014	4.0
0062071645	4.0
1848310544	3.0
0345803485	2.5
0156421178	5.0
099103743X	4.0
0380005239	5.0
0345379187	5.0
1595144919	3.0
014132113X	4.0
0007257546	4.5
0140288503	3.0
1402286422	3.0
0399159495	2.0
0062023144	4.0
045123345X	5.0
0810988933	5.0
1591398622	5.0
0312322682	3.0
1461053315	3.0
B0087HI44W	4.0
0679882898	5.0
067988288X	5.0
0674023323	5.0
0061067199	3.0
0373774524	4.0
0142437263	5.0
0440411254	5.0
1492263060	4.0
0143113208	5.0
0306813300	2.0
0441016308	4.0
1573449636	5.0
014240652X	2.0
0553268473	4.0
160928402X	4.0
0064409457	3.0
1594200203	2.0
0606216952	5.0
1576738566	5.0
0970501617	5.0
0062196243	5.0
0307264882	5.0
0373218974	4.0
014100195X	5.0
1402293186	4.0
1600109977	5.0
1442346493	4.0
1554515815	3.0
0142500534	5.0
