0300122233	NaN
1580911935	NaN
B00DND1ST8	3.0
B00ES1C7KI	NaN
B00HFTI5FG	4.0
B00CI97C8Y	NaN
B00K1295RG	3.0
1492775754	4.0
1490989064	NaN
0143118579	NaN
147019886X	NaN
1480563730	NaN
0330449605	NaN
1118378326	NaN
0307946592	NaN
B00JWECPYO	1.0
B00GB8C94A	3.0
0060837381	NaN
089804801X	NaN
B00DJQYAQW	3.0
0062085743	NaN
B00EA96WZO	NaN
B00CQR31WO	3.0
B00KC86PCM	NaN
1613646003	NaN
1491250259	1.0
1442420588	NaN
076531312X	NaN
0192834991	NaN
B00B3OEWK6	4.0
0942639804	NaN
1613726236	4.0
0141192429	NaN
0061958328	NaN
1493755544	2.0
B00JOQEVKQ	3.0
B00HEZJD5C	NaN
B00FXW51EK	2.0
B00D2KJSV2	4.0
B00EUDOHKC	NaN
0312658540	NaN
B00AUVNSF8	3.0
1577315936	NaN
B007JCPFGG	5.0
0980031109	NaN
0263899403	NaN
B004MDLV22	4.0
1453776176	4.0
0373255632	NaN
1452072345	NaN
B00BFXEQII	2.0
0807137227	NaN
0099740915	NaN
0684837242	NaN
B00GTXGJWK	3.0
B00AMPAF3A	4.0
1630420034	NaN
B00IJ10AYI	2.0
B00KI9GZF2	4.0
0142000329	NaN
1616551909	NaN
0060899220	NaN
B00GBLQMEA	4.0
1847562779	NaN
1908192550	NaN
0316055433	NaN
B00FIX6F30	4.0
1609288122	1.0
B00GZ0T3IY	3.0
B00D7EJMTQ	3.0
1481929380	4.0
0553807854	NaN
1937551954	3.0
1627982043	2.0
B009W3QEHO	5.0
0966110579	NaN
0062731025	NaN
0061245089	NaN
0140424385	NaN
1491041706	NaN
1612711367	4.0
1480162310	3.0
0749080973	NaN
0399142533	NaN
1935192671	3.0
0615821650	NaN
B00CF225RW	NaN
B005F5PBNQ	3.0
B00EL0Z924	1.0
B00EXE9VRC	2.0
B0088NGZWI	1.0
0670063282	NaN
0316037672	NaN
1581808720	NaN
192503156X	4.0
B00GS3BOIA	NaN
1932300228	4.0
B004H1TLL2	NaN
0399152393	NaN
1845976169	NaN
1452608342	NaN
B00BX8IR94	4.0
B003IGDDFM	4.0
B00HV6MSEW	4.0
B00971EN8I	4.0
0060652926	NaN
B00H3R6TVC	3.0
0984206337	NaN
B00G5SP6UU	2.0
1475067453	NaN
1499121458	NaN
1481162527	NaN
0615599583	NaN
B00GQ9IKCE	2.0
B00JXRDUYE	NaN
0062302426	NaN
0316013684	NaN
B00JUTQHWC	NaN
0062302418	NaN
006230240X	NaN
1565129237	NaN
0062237241	NaN
B00FDYV54S	1.0
0151012784	NaN
0991280717	4.0
1414336365	NaN
B00J90NPBS	1.0
0060557559	NaN
B007IE0BXC	3.0
0452285216	NaN
B0060M7S2K	2.0
1613725302	5.0
B00HXJSBM0	1.0
1626490775	4.0
0979882877	NaN
0545265355	NaN
0471121207	NaN
B00G757PB4	NaN
0425245462	NaN
0684847930	NaN
B00HSOHSCO	4.0
0758204078	3.0
0741444186	NaN
B00GHNPTV4	NaN
0843948302	NaN
0061766720	NaN
B00F3H6S1A	1.0
B00J90EIIC	1.0
B00E4UIYB4	3.0
B00I0UWJEW	4.0
B00AMROT58	NaN
0756663202	NaN
1602728364	3.0
0192818481	NaN
0060734922	NaN
1937551520	3.0
B00AVRFI22	3.0
B004Y73BRE	4.0
B0091CAT7W	NaN
B007XUL91O	NaN
0345439732	NaN
0199594406	NaN
B00AMNMHTW	NaN
1463784910	NaN
B00EANAGO8	2.0
B00DR5J02E	3.0
B00AHU033W	4.0
B0094AEQK2	3.0
B009P81GHY	NaN
0765357593	NaN
B00739N5OE	NaN
1481087207	NaN
0316240079	NaN
145153857X	NaN
1612173071	NaN
B00GEA51KY	4.0
147919591X	1.0
1599988097	NaN
0143111949	NaN
0385343035	NaN
B00BKR6GFU	3.0
B00E9XZ34C	NaN
B009VSVWHW	4.0
B00971BLY2	NaN
0373861680	NaN
B007SJVTRY	1.0
B00AKD62RC	3.0
1614956421	1.0
1627980768	2.0
0988153009	3.0
081185518X	NaN
0132354977	NaN
0060974990	NaN
1426405413	NaN
0983502900	NaN
0316020729	NaN
B0051ORV7K	NaN
0521447712	NaN
1470107163	NaN
B00E80LK8O	NaN
0262013495	NaN
B0076WJSSK	NaN
B008TIQ1NK	5.0
B00AFKUAFK	NaN
B008YYKQ1M	3.0
1593764200	NaN
B009MA8QDM	2.0
1439132879	NaN
1933958952	NaN
0312364121	NaN
B00LGX4JKW	4.0
B00DJE8MB8	NaN
B00IDMUUS4	3.0
1250023084	NaN
B00L9KO2ZY	NaN
1452665885	NaN
B0073999SU	NaN
B00I5HXXV8	1.0
0062269348	NaN
B00L73W2J6	NaN
0989389308	2.0
B00E1C8QUE	2.0
0578041790	NaN
1490573488	NaN
0451212479	NaN
B00EX5PBGG	4.0
1615814612	4.0
B00G3QVUM2	4.0
0060530928	NaN
0812994868	NaN
1477650938	NaN
0060973617	NaN
1250023076	NaN
1492803545	3.0
1613723679	2.0
1479105554	NaN
0471410071	NaN
0345523962	NaN
0972852956	NaN
B00B4QJKAK	1.0
0385519885	NaN
0765321556	NaN
1593093608	NaN
B009JY57FG	1.0
B005B0YVRM	4.0
B009K5DIOQ	3.0
0143036998	NaN
B00E3A6CE6	NaN
0857202936	NaN
1449563570	NaN
B00GP0S2AO	3.0
B00CKRW4FA	2.0
0972852948	NaN
0143124862	NaN
B004RQD3XO	3.0
0758212550	NaN
B00DHP7TSG	2.0
B00GYI8K4U	3.0
B009CA6P3A	4.0
0857154354	2.0
0199560234	NaN
0425176444	NaN
1608209121	4.0
0312330340	NaN
0399162925	NaN
1463718497	4.0
1623807131	4.0
B001DBEQE6	2.0
0615918220	NaN
014044257X	NaN
0373860870	NaN
1615819029	5.0
B00DOPMQ1E	2.0
B00EGGIEVQ	3.0
B00ADSEL5E	4.0
0848733649	NaN
B00DSOG0QS	NaN
1600430279	NaN
160601465X	3.0
1495942031	NaN
143825346X	NaN
0345498127	NaN
B00B2KTSUA	4.0
0786891459	NaN
0307719219	NaN
B00BQMKC5O	NaN
0553175513	NaN
1608205584	1.0
0895949903	NaN
B006K4W21A	NaN
B005D75Z8C	NaN
1401310435	NaN
B001DOHZ5A	3.0
1605045985	3.0
0061843407	NaN
0060734574	NaN
0805090770	NaN
1490381368	4.0
0671872346	NaN
B00FDSL792	NaN
1453875042	4.0
1599987619	2.0
0375508414	NaN
156512569X	NaN
1579654762	NaN
B00KQX5EU2	1.0
1453855459	NaN
0062024396	NaN
1608207315	2.0
0425255700	NaN
0758274882	3.0
B009U09ZH0	NaN
B00005WMD2	NaN
1556434073	NaN
B00FJC1PVC	2.0
1452868565	NaN
0800720016	NaN
B003TLMIOI	3.0
B009POGM04	4.0
161109903X	NaN
1595828753	NaN
B007X09GNM	2.0
0307452417	NaN
1608207781	2.0
B00GQHCBI0	4.0
0736919244	NaN
1598695428	NaN
0373862172	NaN
0399159312	NaN
B004CYEXFS	2.0
B004UN4B7G	3.0
1623804981	5.0
B00HCHHP8Y	3.0
B00D7NV2NG	4.0
B00HA5SBC2	2.0
0446579009	NaN
1615813780	3.0
0615466435	NaN
B008XT8606	5.0
B00DKOEE6E	3.0
B00KUEAQ9G	NaN
B00CJU2OOY	4.0
B00GZX5UO2	NaN
B00JYIQX6E	NaN
0761123695	NaN
B00JD1PL92	2.0
B004RQD43S	5.0
1627982582	3.0
1615819096	4.0
B009TBG5NM	3.0
0743277600	NaN
0345294912	NaN
B00GOGXV5A	NaN
B00CNID0J0	3.0
B00AMOODZM	3.0
0199368511	NaN
0062317458	NaN
0451410343	NaN
0312357877	NaN
1615810293	5.0
0802716180	NaN
1402240104	NaN
161194001X	NaN
0307265625	NaN
0615967655	NaN
B00AFDH6KO	NaN
B00HSOHSQU	3.0
B00B0T0DBG	4.0
B003H05ZSM	3.0
093918303X	NaN
1470004380	NaN
B005S0V67I	NaN
1400064473	NaN
0142180351	NaN
0375831002	NaN
B00FUAUJFG	1.0
B00JZO5CFK	3.0
B00EFB7Y90	3.0
B00CI3WCBM	3.0
B005J8YPG8	4.0
1613720572	3.0
1483955230	4.0
0132825244	NaN
B00EDDBT9G	1.0
0399157182	NaN
1564772047	NaN
B00CTLAF62	3.0
1615816836	4.0
B00H69W4ZC	1.0
B007SMAEPO	NaN
B00KO11WLG	3.0
1478360577	3.0
1481205072	4.0
0345495934	NaN
0312576463	NaN
145162607X	NaN
1594485186	NaN
B00G3EAJTE	4.0
B00EBZMKXA	NaN
B005EN6A9S	4.0
0615724167	NaN
B007G263MO	NaN
B00EBBQXZ0	NaN
0061672475	NaN
B00I6MCR3W	3.0
1623800080	4.0
0615782043	NaN
1416936092	NaN
0060776811	NaN
B00E4OH4LG	1.0
B00CO1JPIG	3.0
0393066304	NaN
034542252X	NaN
B00ALHB7DQ	3.0
B000VWM0KU	3.0
0312550057	NaN
0345424719	NaN
162798321X	1.0
B004G0936W	4.0
B00BX2B5QW	NaN
B00CKZH1DC	4.0
1455521175	NaN
B00J07D4Q6	NaN
0310519594	NaN
0762782226	NaN
0316044695	NaN
0941241009	NaN
B00G05WZPW	NaN
1453713700	NaN
B00AGGKUTY	5.0
149230123X	NaN
0679644199	NaN
0142181498	NaN
1627980199	5.0
B00D67P978	4.0
0060278420	NaN
B00EOWVX56	3.0
148238745X	4.0
1416573151	NaN
B00BJFNI0E	NaN
1439134553	NaN
0143124099	NaN
1482652897	NaN
B00BB8YG0A	4.0
B00FB2APCK	4.0
B00DMUUE3I	4.0
B004TH0G4K	3.0
B00H2WPBF8	NaN
1573443360	1.0
B00CAB1RF4	3.0
1479364533	1.0
B00AGFRFYI	3.0
1616203218	NaN
0300098588	NaN
0393065030	NaN
0373862032	NaN
148023964X	4.0
0380808080	NaN
B0039PH74A	4.0
042521575X	NaN
0557758815	NaN
B00HS4G640	NaN
B005MKK0U8	2.0
B00F5MO7FW	4.0
1613726171	5.0
1623801389	5.0
0007410956	NaN
B00I7UTS3A	3.0
0316091049	NaN
B007OCHLAE	NaN
0345527682	NaN
B00JAAQ0EG	1.0
1416540261	NaN
B00A7LJNS2	1.0
1608208958	4.0
0062257838	NaN
0143125389	NaN
1782991034	NaN
B00K989DHO	NaN
0007263686	NaN
193556000X	5.0
0061256927	NaN
0554376040	NaN
0310214696	NaN
155963703X	NaN
1478380101	4.0
1439297703	NaN
1480054542	NaN
1495307352	NaN
0307408027	NaN
B00DTLOO22	3.0
B00653XLN4	2.0
B00ADSELFE	1.0
1623806232	3.0
B00AGFRFTI	4.0
0671577727	NaN
B00BPIEDPY	2.0
0515131679	NaN
1492388645	1.0
1615817395	2.0
B00E818O82	3.0
B00J12MGEG	NaN
0976684322	NaN
B00JVSP3YA	1.0
0307594009	NaN
B00H8I2GKY	3.0
0156027712	NaN
0758206194	NaN
098318870X	NaN
B00GY4VF2I	1.0
1627985484	4.0
B00CGOWIL2	3.0
B00HQ0HJMY	NaN
0143124943	NaN
0451405455	NaN
B00HV33EGG	1.0
B00IK499SC	NaN
B00H0GNYQ4	NaN
156512958X	NaN
B00EBN532W	1.0
042525092X	NaN
014118776X	NaN
0984852964	NaN
0099453452	NaN
0674008707	NaN
1469984202	NaN
B00E93QH1K	3.0
B00DUJV9OO	3.0
1451655479	NaN
1475066228	NaN
B00908HZ8S	4.0
1484834518	NaN
1456306561	NaN
0061965642	NaN
0915035278	NaN
B00FVGS0NW	NaN
0988218003	NaN
0758212887	NaN
0307716511	NaN
1615810773	4.0
B00BGIUFRI	1.0
B009XGIHES	NaN
0804139024	NaN
0399157522	NaN
1470181290	3.0
1599982870	4.0
1613724373	4.0
B00CXWLIHM	1.0
0061054887	NaN
147927013X	NaN
0957327064	4.0
B00CEF014E	NaN
B009BIOK3K	2.0
B00AO72K4S	3.0
0615532799	NaN
B007AWQZ6O	2.0
1615815171	4.0
0345527267	NaN
0385349963	NaN
B00G9F9C36	NaN
0982513208	2.0
B00EAR08PQ	NaN
0061672432	NaN
B00KMEOCXU	4.0
1402259522	NaN
0307477479	NaN
B00AYH4QZO	4.0
B007HHQG98	NaN
1450783643	NaN
0060838744	NaN
0486296024	NaN
B005Z1CGBU	4.0
0385342063	NaN
B00K08STYG	1.0
B006PIYPCA	3.0
149120446X	5.0
B00DQ6PEA6	5.0
B00CWV34XA	1.0
1483942716	3.0
B00HPBPRS2	NaN
B0046ZSN1S	NaN
073820594X	NaN
1584792914	NaN
B00KKQ9X0C	2.0
B00E6RNLM2	3.0
B00GXEYRMY	NaN
0983374732	1.0
0143112589	NaN
042524122X	NaN
0307354164	NaN
1603700110	2.0
1455876712	NaN
B00B1INX6I	4.0
014311560X	NaN
B0030MQJVY	2.0
B007R6POYM	1.0
1466495138	NaN
0486445151	NaN
B00FXI5MS4	NaN
B00BTIEB5M	1.0
B00LCA8612	3.0
B00E4TD08C	3.0
B008N5OI7A	4.0
B0046A9Q7S	4.0
0006281052	NaN
B00D4MUTB6	2.0
0399157433	NaN
1626491488	1.0
B00B1Z02NS	2.0
000723242X	NaN
B009O8NW9K	3.0
B009R8DHRE	4.0
0465002528	NaN
B00CQOP5HG	4.0
1941450008	2.0
1439153663	NaN
0312583206	NaN
B004M8S530	NaN
0425265676	NaN
0307474712	NaN
0441014739	NaN
1862077185	NaN
1489559396	NaN
1439244421	4.0
1451606931	NaN
0986842222	NaN
145151705X	NaN
0345486676	NaN
B0070FDJPG	2.0
0140285601	NaN
B00DG9E0YE	4.0
1616141786	NaN
B00EDMB61S	2.0
B002HJV45C	4.0
1439133611	NaN
061839110X	NaN
B001ISKNH8	NaN
B00HSO4TKS	3.0
B00J7N31MK	NaN
1616147083	NaN
0373774354	NaN
B00KIR5SAM	4.0
096272095X	NaN
0143113879	NaN
B00IN8HWPC	3.0
B00B60C3PS	4.0
B00GQ0O54A	NaN
B00HHCTPW8	NaN
0911203931	NaN
1623806151	1.0
0859537285	NaN
0982719345	NaN
1440086729	NaN
1615819118	1.0
0615419178	NaN
1601623534	NaN
B00A2ZUPVC	3.0
0062217844	NaN
1615813829	2.0
099145703X	3.0
B007YUP5OK	NaN
B00DOC2XHO	2.0
0982555091	NaN
1497535255	3.0
B004HZXHOA	4.0
B00BJXRMMG	2.0
B004JN0FEA	NaN
075821460X	NaN
1452664862	NaN
0971769729	NaN
B00ITUOM98	3.0
B00HGM67BG	NaN
0143124986	NaN
0151001634	NaN
1627981527	1.0
0060890096	NaN
0385349408	NaN
0988624524	NaN
B00HRC5Y7I	2.0
B005GQU32I	NaN
160737417X	4.0
1609362187	NaN
006075995X	NaN
B00DXOV0T0	1.0
0306813947	NaN
B005PG5JD2	NaN
B00A279DSG	NaN
0425252345	NaN
1402757190	NaN
1479150096	NaN
978160820X	4.0
1450713890	NaN
1573244724	NaN
B00EIJ8FLK	3.0
B00FNRSR0U	NaN
193413533X	4.0
1439175896	NaN
162380132X	5.0
1613727038	3.0
B00GTVCXK4	4.0
0971577838	NaN
1613726198	4.0
0373862067	NaN
B00E3UW03S	3.0
0393020053	NaN
B00BZHNSEM	2.0
B004UHYPZK	4.0
B00AFS4NO6	NaN
B005URACBA	4.0
014011341X	NaN
1496138953	3.0
0062231294	NaN
0312342020	NaN
B0053Y7DXK	4.0
B00FU9GL4A	NaN
B00JOV928C	1.0
B00IK9X5T6	1.0
0446547573	NaN
B00HSCBC3M	NaN
1623803535	5.0
1623804868	4.0
0679443746	NaN
1934531146	4.0
B0038AUZ4A	1.0
B00CLMKI0W	3.0
1419969331	3.0
B00H0QU0SY	4.0
B00GH9OZ0E	NaN
1627980229	3.0
014027541X	NaN
1479395226	NaN
0735620520	NaN
B00J7GYWNY	4.0
1484952014	NaN
0099496941	NaN
1623802695	2.0
B007IP3VM4	3.0
1468198149	4.0
0982145578	NaN
097878359X	NaN
1594746125	NaN
0767927613	NaN
0446392251	NaN
B00DUL4LQA	NaN
B00EUJJ35K	NaN
1484802039	NaN
0425262103	4.0
1492298352	4.0
B00H130UTK	1.0
B00DV8TZ5O	3.0
0062351893	NaN
0684871440	NaN
0307743659	NaN
1453848665	1.0
1623807085	4.0
0061806382	NaN
B00C1N4ADW	NaN
0578126842	NaN
0971577889	NaN
B0085123L0	NaN
1477818529	NaN
B00JUEF96W	NaN
0140433937	NaN
0446556084	NaN
B00FUAUZBY	NaN
1477818537	NaN
B00AUYNCF6	4.0
1439172773	NaN
038552403X	NaN
0307461440	NaN
1484096800	4.0
1482027402	4.0
1456496964	NaN
1627980261	4.0
B000JQV21Q	NaN
061588699X	1.0
0060936770	NaN
1595783938	3.0
1618451995	5.0
0984562206	NaN
1576469441	NaN
0425251896	NaN
0373862091	NaN
0778313271	NaN
0825422469	NaN
B00A14SV9C	NaN
1400098351	NaN
B007Q4LHVO	NaN
0375869034	NaN
1451639031	NaN
0060985089	NaN
1451667981	NaN
B00CMB9OV6	NaN
B00HCPI490	NaN
1840183268	NaN
B00BN3042M	1.0
0062089099	NaN
0446532231	NaN
0061995541	NaN
1400067324	NaN
1444727338	NaN
1596323272	4.0
014043657X	NaN
0758253206	NaN
B009G9T87W	4.0
1492886491	NaN
B004MPRAG6	1.0
B00FJ1E9IY	3.0
B00K4Z948K	3.887229660144181
B00J3AJYMS	1.0
B00I3QB7YQ	1.0
B00C3FKZFU	1.0
0151001006	NaN
0307352897	NaN
1612184340	NaN
B00J8YLV52	NaN
0743292502	NaN
B0087IOAGM	3.0
1568583478	NaN
B00DSENBN8	3.0
1623930006	NaN
B00DH4KV3C	NaN
B00IO4JNA2	2.0
1627986618	4.0
B00GK6UPPS	NaN
1490560726	NaN
B00CVUYIKK	2.0
B00IFSS8WG	1.0
0143120611	NaN
0615501974	NaN
B00CQUQ1HI	NaN
1615810811	2.0
145550825X	NaN
B00749W4E0	3.0
073948804X	NaN
0385537859	NaN
0451233964	NaN
1492750654	1.0
031623480X	NaN
B0091O1Q7M	5.0
160928173X	5.0
1613726015	4.0
B00ATBWVIY	4.0
B006I2RN9U	5.0
B00AYXCS3A	4.0
0312428472	NaN
0451413571	NaN
125000098X	NaN
0066212383	NaN
0743287126	NaN
1623806968	4.0
0060009292	NaN
B00L4EHNX8	1.0
1480563900	NaN
B00DOAY018	3.0
1470005867	1.0
B00FA9D7BK	NaN
B00C1VKJZ2	4.0
0140012486	NaN
B00JD1PNTA	1.0
B00G07B4GQ	3.0
147003655X	NaN
0062049801	NaN
144992784X	NaN
B00JI7SGD4	NaN
B00AYOSV6C	3.0
1612183026	NaN
0007327064	NaN
0911203273	NaN
0373861036	NaN
0615810756	NaN
0828321531	NaN
1453767428	NaN
0451413563	NaN
1401302599	NaN
B008OA5OWW	NaN
1468193856	NaN
1623803454	4.0
B00IC9JR0A	NaN
B00FX3J8B6	3.0
009182852X	NaN
0060837551	NaN
0393051587	NaN
B00BCTIOYW	2.0
0345528670	NaN
0099244721	NaN
B00E5FXZ0S	NaN
1608199371	NaN
0385534779	NaN
0385263481	NaN
B00FMJYE6A	1.0
074349749X	NaN
031603438X	NaN
B00H0QLDEY	4.0
B00KGKCIQI	NaN
0316185361	NaN
1494899469	3.0
B00B8U421O	4.0
0140434798	NaN
1623806585	4.0
B00HELTIK6	4.0
0316154601	NaN
B004SPEF1I	5.0
1402244347	NaN
0151011206	NaN
1491510706	NaN
B00IND9DJA	4.0
B00IA0UICC	NaN
B00BCAIFAY	3.0
B00HX70BQQ	NaN
0802120644	NaN
149095287X	NaN
1623806135	4.0
1556520743	NaN
0544114396	NaN
B00JYG8CA6	2.0
B00891DC8Y	4.0
0425242188	NaN
B00JJOXBS6	3.0
1627980911	3.0
013714234X	NaN
1609288394	3.0
0062101676	NaN
B00CCUVR7G	4.0
B00JU7W5B6	4.0
1468047744	4.0
B00EVQZHEI	1.0
0061965766	NaN
B00H7PBQYK	NaN
B00I8R0ZXY	NaN
044652901X	NaN
0140258795	NaN
0316404179	NaN
1470127482	NaN
0806517727	NaN
B00DW47I8I	2.0
B00BTFHQS4	2.0
B005FBTYHO	2.0
B00AFXCWTO	3.0
B00E5I9DL0	3.0
1623807867	3.0
0985901926	NaN
0451419707	NaN
1935192809	5.0
0471169803	NaN
1626490511	2.0
B00HDOFHKE	NaN
1611249562	4.0
0373440049	NaN
B008M2E4IM	NaN
1627980970	4.0
B00KLSYEC6	4.0
140134089X	NaN
B00B9ZJY7K	NaN
146108900X	NaN
1442362383	NaN
B00K5ZBJ50	NaN
1627986251	3.0
1491206306	NaN
B005OMBH7Y	NaN
1416599002	NaN
097012063X	NaN
B0054LX3C2	5.0
1484917529	NaN
0802715885	NaN
1601623593	NaN
B007Z4D9MA	NaN
0979311047	4.0
B004K6MK8U	3.0
B004ZRF7S4	4.0
B00HT650JO	NaN
B00JYEEE9G	NaN
1613722087	4.0
B00G8UF35S	2.0
B00ILV8XV8	NaN
0380010003	NaN
1937551792	3.0
0151012113	NaN
1781845433	3.0
B006OIRYTC	4.0
160820409X	4.0
0758235453	NaN
B00IKBQNZM	NaN
0425217248	NaN
1608206289	4.0
1490904387	NaN
B001ET66ZE	1.0
1481879103	NaN
B00D8PVTNG	3.0
039457186X	NaN
B00BUAQAVC	NaN
B0086WQ72O	3.0
0988178532	NaN
0230755062	NaN
1608197123	NaN
0312938543	NaN
160928125X	4.0
1608199770	NaN
0307474844	NaN
0932081142	NaN
1416543031	NaN
B00E8VBRL8	2.0
1451637764	NaN
0981737285	2.0
B00ICTUO7U	2.0
0307932508	NaN
B005R4K75W	NaN
B009CVYQG2	NaN
0062120395	NaN
162778005X	2.0
B00BX39QXU	4.0
B00AIR9Q46	5.0
1936612054	NaN
0316098329	NaN
0987240021	NaN
0615528988	NaN
0307268934	NaN
B007PZICEO	2.0
0982365101	3.0
1605043192	4.0
B00E8FOLUI	3.0
0425206580	NaN
1627987150	4.0
1492299553	NaN
B00IWSZMNC	NaN
0596000588	NaN
1626490015	3.0
B00BPL27E0	3.0
B004RYVHMU	NaN
B00HRMDF38	NaN
0739461028	NaN
1480567981	NaN
0316098795	NaN
1623800781	2.0
0609607839	NaN
1416567038	NaN
1475006314	NaN
0758210590	4.0
1613726945	4.0
B004K6MNXC	NaN
1492782637	NaN
B005Z1CGIS	4.0
1434812162	NaN
B00B39MTZG	2.0
0142429112	NaN
B009RSF3WQ	2.0
B00JUCHUMK	3.0
0989037606	NaN
B00JDJ9N0W	4.0
B0057AFBLQ	3.0
1461135923	NaN
1493634143	NaN
1613771509	NaN
1441508147	1.0
1401309658	NaN
1484096762	4.0
B00FKNQF92	4.0
1613726961	4.0
0316051632	NaN
0486449211	NaN
1592402429	NaN
B00K5VCUAW	NaN
1499186509	NaN
0857521012	NaN
1493759663	NaN
0595490417	NaN
B00BG4IDAS	3.0
0439399300	NaN
B00K13470U	4.0
1495461424	3.0
0062068539	NaN
1466437588	NaN
B007BK45N0	3.0
B003100TZC	2.0
0307744434	NaN
031607439X	NaN
B00JY2PKZU	NaN
B004OR1KM2	1.0
B0089U04GS	2.0
B00ENRNF6C	3.0
1623802547	3.0
B00IA1QLKY	3.0
B00FOI9EA0	NaN
0989854906	2.0
0060777044	NaN
1627981454	2.0
0439139597	NaN
B00H0R70SG	4.0
0312600135	NaN
B00DG8K9JA	1.0
0399151613	NaN
0743297474	NaN
097626370X	NaN
0691138206	NaN
0375434305	NaN
0805079718	NaN
B00BNADHV0	4.0
B00486U5DY	NaN
B00BLSR1KM	1.0
B00GYZIF3E	NaN
1937909557	4.0
1623804744	1.0
B00GZP4QPY	NaN
B00B871BZ2	5.0
1432825038	NaN
0741453711	NaN
B00IM4RLQC	1.0
0375814701	NaN
0375434313	NaN
1628301732	NaN
B00HSOWDLU	2.0
0062245538	NaN
B00DZV2NHE	3.0
B00DK19DUO	NaN
B004W8DA30	4.0
1461064589	NaN
1493756591	NaN
0312427999	NaN
0765315033	NaN
1478291877	1.0
1495296482	NaN
1442370491	NaN
B00BFUIUF6	1.0
B00FRLSC7K	NaN
0312537921	NaN
B009SGPAQQ	NaN
B00K7UZB0W	4.0
B00IHTAL1Y	1.0
B00695QPTA	NaN
B007Q2CBPC	4.0
B00ERYFC5I	1.0
B00EORVJL4	2.0
B00AM986QE	4.0
1451639511	NaN
1484184009	3.0
1559707321	NaN
0345522478	NaN
0374175063	NaN
B00AHGKIOU	4.0
0976263742	NaN
1470033917	1.0
B00AL3IOLI	4.0
B007Q2VJGE	2.0
B00BEBZWEI	5.0
1589302370	NaN
B009ZOZLA6	NaN
B00BFBZEK4	4.0
0393060411	NaN
0977240606	NaN
1442362855	NaN
0385492510	NaN
0981737242	1.0
B0055UZPTG	2.0
B004CJ8110	4.0
B00KFKXUE8	1.0
B0095SQ714	NaN
0373534701	NaN
B00BA6JZ9U	NaN
1608208443	2.0
B00CHYPGZ6	4.0
1623803853	3.0
B005Q13HO4	3.0
1595829415	NaN
B00C53B0Q8	2.0
1781845492	2.0
B00IZSCI86	NaN
1451669380	NaN
0399159126	NaN
1455508233	NaN
B004LB4FBE	NaN
B0071FNXWY	4.0
B00E8NJHLS	3.0
1439133085	NaN
1613722516	2.0
1479256447	NaN
B00GO9C9KU	NaN
0976263734	NaN
038079456X	NaN
0062089064	NaN
B00EL20B7A	1.0
B001JYTR32	NaN
B009OMHGPM	3.0
0393065235	NaN
B0088YXECQ	3.0
B00D4KN2ZI	3.0
1596328835	4.0
1482732858	4.0
1608202127	2.0
B00H0U4M98	4.0
B00HSKMN5K	3.0
B00KP2KBC0	2.7744593202883627
1455520063	NaN
039308700X	NaN
1250002842	NaN
1627981292	3.0
0140284095	NaN
B00G66GFQU	4.0
B00BW7BA6I	1.0
0984692304	NaN
0385523386	NaN
0425250741	NaN
B006JAH0C6	NaN
B005S5O5CQ	3.0
B00I2SWQOK	NaN
B00JVANDI6	1.0
0761123008	NaN
0988707489	NaN
1623000254	4.0
B00ANYKKLM	4.0
1622422333	3.0
1615814051	5.0
B00C6ZTNC8	1.0
0062264338	NaN
145550923X	NaN
B00KCS1EUA	1.0
B006E4IOVI	NaN
B00BAKBD9G	4.0
B00CMJDQYY	3.0
B00H0V069M	NaN
0143122916	NaN
B00GLHKMCC	3.0
1936719061	NaN
147825999X	NaN
B0051GX97E	NaN
B006IUG01E	1.0
0449205878	NaN
1250002834	NaN
B00ATQQ26Q	NaN
B008BJ94TU	NaN
1623804647	4.0
0739445286	NaN
B00DZ3SXQW	3.0
B009CDWSW4	3.0
B009HA6COM	2.0
B00G3BJYES	NaN
148027111X	NaN
B007ZSFMD0	4.0
0373831986	NaN
0989117316	2.0
0615347347	NaN
B00IKGXWYC	3.0
B00GCX3FWO	NaN
1627983031	1.0
B008KSBTRM	NaN
B00AJS80UK	3.0
147671424X	NaN
B00HEPB3C8	3.0
B00KPIJ3RI	3.0
0345503821	NaN
0517605171	NaN
030758836X	NaN
B00DRFN4QC	1.0
B00EXVXA40	3.0
1602641145	NaN
B00DFIE80W	NaN
0312360401	NaN
0373861389	NaN
B00L8BXPZC	2.0
B00FMHPXFS	NaN
B007U1QKDI	2.0
B0084PVC9G	NaN
0393079422	NaN
0545509890	4.0
B00EZC3XJO	2.0
0989256502	NaN
B00G89PNCW	3.0
097166093X	NaN
B003TU271I	1.0
0060934875	NaN
B00FVH16HS	NaN
0345503813	NaN
043902353X	NaN
B009MTO9UW	4.0
B00GU9P6WW	3.0
1455520047	NaN
B00C5TOQ7M	NaN
0226476510	NaN
0984692320	NaN
148113941X	NaN
0553593404	NaN
1609287142	4.0
0373862253	NaN
B00663HCTM	2.0
0316196134	NaN
0615777783	NaN
B0092V0XCS	3.0
1889057118	NaN
0316132942	NaN
B007XVV6PW	5.0
B00FV2EG8E	NaN
B00ERYF956	1.0
0425212866	NaN
0451238273	NaN
0316196126	NaN
B008VTUAJS	NaN
1608202992	1.0
B00DQVMWXS	4.0
B00KUWR48E	NaN
B00IMNII42	NaN
0312194390	NaN
0140264078	NaN
B00E2YJYSY	4.0
0983103100	NaN
0939144166	NaN
B00L5IWGY4	4.0
1623809517	4.0
B00AEB5ECE	4.0
B009XFWQCI	3.0
0671027379	NaN
B0092E41NC	3.0
1613725434	5.0
B00CD03Y6M	NaN
193090004X	NaN
B00C9QOSZG	NaN
1480275107	4.0
1475972350	NaN
B003A7I26Y	NaN
B003TO5GMQ	3.0
0307337332	NaN
B00GHMIWJG	2.0
B006V07EES	NaN
039306123X	NaN
B00IMEYM2S	3.0
1457514508	NaN
B00HI9KDM6	3.0
1492136530	2.0
1470185830	NaN
0143034480	NaN
B00BW01QW8	1.0
B00H8XYNY6	4.0
B0031MA3H4	NaN
0307956644	NaN
B00309SCVC	3.0
0316175668	NaN
B00D6WVPOO	2.0
B00LAK1BDY	3.0
0380753022	NaN
B00GQJOSC0	NaN
B00BBR0E9S	NaN
1611249201	1.0
B00CUIK2G2	3.0
B004AE3N7O	3.0
1595551050	NaN
B00GOPWKSU	NaN
B00H37PFS0	NaN
1626490872	3.0
0451450647	NaN
1463559313	NaN
0061013706	NaN
B00CO9FW4E	3.0
B00H2OPLAQ	NaN
1476755604	NaN
B008FV8S00	4.0
045141411X	NaN
B003T9US5Q	4.0
0758246846	NaN
0099911701	NaN
B00HTY1D7Y	NaN
B00CS1HN4U	3.0
B00II0Z49G	4.0
0983346119	NaN
B00DCKVR5C	4.0
B00C4RPNT0	1.0
161581843X	3.0
B004P8JMQ6	4.0
B00ACU1U1G	NaN
0674048180	NaN
B00BE6PP7W	3.0
1605973602	NaN
1616550546	NaN
1491225157	NaN
B00F942VQI	4.0
1940026016	NaN
1615810978	3.0
1433672960	NaN
1492928984	2.0
0981956866	NaN
B00J1V124M	1.0
B00GZFLSV4	2.0
1461099935	4.0
1613724608	2.0
B00H8Y08C6	NaN
B0085W26CK	1.0
B00HLME45W	1.0
B00HCH21CE	3.0
B00K02UWIS	1.0
B00GF1DNNY	4.0
0547744986	NaN
B00GZX5MRW	NaN
B00IY2A9SY	1.0
0425256960	NaN
B0095JUAE8	4.0
1623802814	2.0
0316074225	NaN
0375751467	NaN
0980106648	NaN
B00IDHIGBM	NaN
0316404152	NaN
B006M3Y9ME	1.0
1615810595	4.0
B007B6QRPS	4.0
0143112341	NaN
0393039765	NaN
0980106613	NaN
B00E6H70Z6	2.0
0812977386	NaN
044669603X	NaN
0205632645	NaN
B00JAWNQ9Q	NaN
B00GXKW52M	3.0
0375728228	NaN
B004BA56ZE	4.0
B004FN2CWW	1.0
B00D1XKU6C	3.0
B00DC2Z7B0	3.0
1609283139	4.0
B00H2UG9X8	3.0
1477805060	NaN
0316018953	NaN
B008E760NC	NaN
B007L3WSOA	4.0
B00ED3OPTW	2.0
B00A22UVQO	5.0
B00K31ABUA	2.0
1476755590	NaN
030737839X	NaN
B00HI9DL0W	4.0
1439149380	NaN
1623806399	3.0
1935639072	NaN
B004D9FX8S	2.0
B00ADQGHKI	3.0
B00E9ZVT3E	3.0
0330258648	NaN
1402265557	NaN
068982663X	NaN
B00HB9PLPW	3.0
0991677196	NaN
0143113623	NaN
B00H6UB17I	NaN
1627982620	4.0
1596980907	NaN
1611249163	4.0
B00FAPU0UK	NaN
0980106605	NaN
148230810X	NaN
B003SE7K4O	4.0
B00JR09942	NaN
0802715354	NaN
B00CRMGXFU	1.0
0060755334	NaN
B00G49NGGG	3.0
1841196509	NaN
B00I0LXFSA	3.0
0525953132	NaN
0140060286	NaN
B0066T25E8	1.0
1416573852	NaN
0553808036	NaN
B00FMRSS3W	3.0
B00J1XES8M	NaN
B005GMY8BO	NaN
0143118072	NaN
B008M2E4RS	NaN
B0086Y9MM4	3.0
1607377454	3.0
B00IAG5RQS	1.0
1613725507	3.0
161581938X	4.0
0345533666	NaN
162380941X	3.0
0345450450	NaN
1416520554	NaN
B00F7ZCN1M	2.0
1615810579	4.0
098199069X	NaN
1623808588	2.0
006194100X	NaN
B006U0L4K4	3.0
0385015836	NaN
B00FQ7O648	4.0
B00DRBGHO2	2.0
1484966430	3.0
1608208745	4.0
0307378764	NaN
B00A2B8TF0	2.0
0140261494	NaN
1475211678	NaN
B00BTGSI94	3.0
0615383769	NaN
0743454529	NaN
0425214249	NaN
1935192175	1.0
B00J75GWFG	3.0
0865476810	NaN
1450799027	NaN
B009D4T3XO	3.0
B00I93N930	1.0
0307352145	NaN
B00GENANEU	4.0
B00G4RY2ES	4.0
0385338112	NaN
1477813047	NaN
B00I92F2VS	3.0
B009DAG1PQ	1.0
B008T8PDR0	4.0
1401301614	NaN
B00HI6L7MO	3.0
1492717924	NaN
0316206849	NaN
0465020143	NaN
0987703986	NaN
1493559842	NaN
B00J53HWHC	1.0
0983621691	NaN
1620042142	3.0
0061934771	NaN
B00JRGJL4Y	1.0
0141039280	NaN
1615390383	NaN
1478328231	NaN
0985386517	4.0
B00CNW3UQ4	3.0
B00BI3JDR4	1.0
0674032268	NaN
B00BSDZMT2	NaN
B00DH7JTIW	3.0
B00ARMQ7TY	NaN
1596912898	NaN
1601621507	NaN
0553109537	NaN
0984911014	NaN
0470182407	NaN
B00CTQTULI	1.0
149431598X	NaN
1937252272	3.0
0316152196	NaN
B00AIWQ8D8	NaN
0393089134	NaN
0062299018	NaN
B00JCZT6EU	NaN
0062024027	NaN
0385341792	NaN
B00HGX2AR0	1.0
1463604815	NaN
B00466HSLI	3.0
B00FQ82UPO	2.0
1937252264	3.0
B00JBNXQ2G	NaN
B0098ED8PS	4.0
1623800226	3.0
B008MZVU5E	NaN
B008UCCCGA	2.7744593202883627
B00HBTG2AK	3.0
1596061707	NaN
1455839906	NaN
1627980024	2.0
B007Q2MKF8	1.0
B00CNDJ6PM	3.0
B00GTWME16	NaN
1879194783	4.0
1494253240	NaN
039915728X	NaN
B00HJTZJCE	4.0
B004YXB5RG	NaN
B00AN9GGV0	NaN
009950569X	NaN
B00492CQ2K	NaN
B00DG9R4MY	3.0
B00KPBLGUM	NaN
0671023373	NaN
B00IBYWYOW	3.0
B000R93D4Y	3.0
B00HJETE70	NaN
0312381859	NaN
