006201451X	4.748580697485806
0373803362	4.0
0316094625	4.0
1478190892	5.0
1455548987	3.1398176291793316
1402285515	4.0
1423153286	5.0
0545382130	3.0000000000000004
193705330X	4.0
0987941097	3.0000000000000004
0312668325	5.0
1620610833	5.0
1469998556	4.0
1477688684	4.449927431059506
B005C7CWFM	3.0
B009NFH6OG	5.0
0373210302	4.013507429085997
B00CLG0TES	4.0
0062014536	4.999999999999999
0765328666	4.218592964824121
1470010151	5.0
061565844X	3.0
1442430389	3.0
0451234626	4.0
1442452161	5.0
1483920607	3.0
0062026518	4.0
1416994084	4.0
1468194992	4.0
0316091138	3.6788685524126454
0373210752	3.0000000000000004
1442430354	4.05641899084522
0373802498	4.0
1416918310	5.0
1416991824	3.0000000000000004
B0090RVAIA	5.0
0142181129	4.0
B00GVRVESS	4.0
0446576085	3.0
0060737573	5.0
031619008X	3.0
1475235941	5.0
B00B0JG626	4.0
1476718784	3.0
0446571628	5.0
0307341542	4.0
044657161X	4.0
0373210760	4.0
0062082221	5.0
031618246X	4.0378284724227544
1620151863	4.0
0987726218	5.0
0312609582	5.0
1599559420	4.0
0312644388	4.0
0061797022	3.391952309985097
0446571636	4.0
1616263644	4.0
162061085X	4.0
0374349053	3.0
034552750X	4.0
0446568473	3.0
1481090801	4.0
B006LRKASI	4.0
0385730284	5.0
B005GYEF4M	4.0
0316122386	4.123132735808793
006213308X	3.0
038573462X	3.0
1423111443	3.0
B007MDK40E	4.0
0141346159	4.2891954022988505
1452110700	3.0
1479359084	5.0
0857071955	3.9566433566433568
0062080067	3.0
0062117432	5.0
1419701789	3.0
038574224X	3.476923076923077
0399257888	2.0
0385730292	4.0
031073293X	5.0
0399246770	2.0
0803737238	2.0
1908844019	4.0
0738731870	4.0
1480124419	4.0
0385743114	4.0
0062105450	3.537313432835821
1449578225	4.0
0061245097	5.0
0763647594	4.73960612691466
0385736843	4.0
0988812517	5.0
0980245389	4.0
0316219436	4.0
0062071130	4.183826619439275
1616146885	4.0
1442440198	4.0
0061797057	3.0
1442480610	3.1820895522388057
1477448535	3.0
006195702X	5.0
B005FSGUHE	4.0
0316017175	4.0
0803737262	4.4986326344576115
0756407508	4.0
0373210728	3.0
0061245089	5.0
037321071X	4.0
1419701762	3.5855513307984794
006208576X	4.0
1455599271	4.0
0316091162	4.0
0439416604	3.0
0310727588	4.0
0545386969	4.0
1482018403	3.0
0312656742	4.0150295222759
0316212822	4.0
0756406684	4.0
0385741774	4.0
1595143173	4.392179413456009
1402244126	3.0
0062006061	4.0
0062008242	4.020558659217877
1407124366	3.0
006199622X	4.523809523809525
0763653446	4.0
1416994475	5.0
0399257462	5.0
0982827334	4.0
0545424925	5.000000000000001
1600606628	4.0
1595143181	4.656464709556527
0374384673	4.999999999999999
146109111X	1.0
1469201615	3.7868083776180064
161614680X	2.0
0316125067	4.494293239683933
0545221307	4.0
B00E1V5VU8	4.0
B00B73H3K4	4.0
0062071165	4.0
1442423668	5.0
0373210396	3.0
0062008269	4.505454545454545
1455574856	2.0
0767922719	5.0
0802736149	5.0
0141345713	5.000000000000001
0375869212	4.565693430656934
0316127256	4.0
0316185574	3.4444444444444438
0007491263	4.0
1479103438	5.0
1442423218	2.7610278372591006
1416589430	4.0
0988105411	4.558278145695364
0373210361	4.661375661375661
0547482477	3.0000000000000004
0316014540	3.0
1416950079	5.0
0557522935	3.0000000000000004
B00HTJBDMO	5.0
0615650929	3.0
0439895979	3.9652109548482604
1606841297	4.0
1597480169	4.0
0547577389	3.0000000000000004
0062079905	4.0
0803737211	3.0
0985804602	4.0
1416589422	5.0
0985207035	3.0
0312594410	4.0
0373210337	4.0569351907934585
0738726451	4.0
1250042151	5.0
0061547913	2.9999999999999996
0062062247	1.0
0425269841	5.0
006221635X	4.541324102120294
1442416947	4.0
1439168857	3.0
0062047809	3.0
006207203X	4.50126405249852
0985834064	2.9999999999999996
0373210345	3.96580483736447
1478332573	4.0
0441013813	5.0
0062072064	4.476961843052555
0312424701	4.0
0802734375	2.789035087719298
1416589449	5.0
006207119X	3.0000000000000004
0373210353	2.9550982226379796
1250002990	3.7416289592760186
0385741359	2.556131260794473
160684038X	3.991243432574431
0802736106	5.0
0316094609	4.0
1416975306	2.0
1442416971	4.506729475100943
1402265042	2.52851711026616
0545123283	4.549618320610687
0983736707	5.0
0983650322	4.0
0142419044	4.0
0805092560	2.9974025974025977
1482570939	3.0
0425224511	2.0
1423114574	2.6
B0051PKVS0	3.0
0451238117	5.0
1468161660	5.0
0515134899	3.0
0425269868	4.0
042526985X	4.0
0142411558	4.0
0763653861	3.0
061858532X	3.0
1616267127	3.0
0545433819	4.0
0373210329	5.0
1402237847	2.0
1933718757	4.558441558441558
1599559064	2.0
0061996203	4.538759689922481
1423155084	4.587537091988131
1416994068	4.8336538461538465
014241591X	3.987588652482269
1442426675	4.0
0991798708	5.0
0575081384	3.0
0545123267	4.318413021363173
073872341X	3.0
0345533739	4.0
0307931889	5.0
0375866566	4.350667603654252
0141345659	5.0
1442450304	4.0
162061135X	4.0
140225346X	4.0
1442439513	4.0
0375833641	5.0
0451228863	4.0
0142420980	4.552874067573498
0778313719	4.0
0385751605	5.0
0425246817	4.0
0765330067	3.0
1595545409	4.271314178049929
0375864393	4.0
1466394579	4.494202898550724
1451661649	2.0
1561455784	3.0
0062089641	4.0
031613399X	4.388937664618086
1477615717	3.0
0373777787	4.0
006210182X	3.0
1599908409	3.0
0316053619	4.0
0778315916	2.0
0375868763	4.434710400664313
0142410705	4.0
1940431042	5.0
0545060826	4.0
0989206408	3.0
1939392500	4.999999999999999
0062120166	3.0
0765334437	3.0
1569476179	3.0
0140386882	3.0
0345531566	5.0
0547435606	4.0
1419704036	1.0
0765325977	5.0
1461058481	5.0
0545169178	4.075883575883576
1620610078	4.346754966887417
0062015052	4.0
148014178X	5.0
0545284139	4.328687572590011
0547550766	4.0
1250003008	4.0
161752025X	4.0
0060530928	4.0
1442457392	3.5285171102661597
0062235591	3.0000000000000004
1606842633	4.0
0062108050	3.0
1423128206	4.0
1484904788	5.0
0061978841	3.399355877616747
0803736819	5.0
0545208874	5.0
1620610000	3.2262806236080177
0345546601	4.0
0062211196	3.0000000000000004
0142421871	4.850893088273363
B009LTC8Z6	4.0
B005WJQMA6	3.0
1455576506	4.391952309985097
0385361661	4.0
1595546782	4.0
0062294776	4.522343594836148
1250005647	3.450726978998385
0983129797	4.0
0764209051	5.0
0590449044	2.0
1402264119	2.0
1402243693	3.4902624894157497
B0060EHJX6	1.0
0425274462	4.524950099800399
1440556652	2.0
0545208858	5.0
0615840841	2.0
159514353X	4.0
0062292129	2.0
0142406252	5.0
0316133973	5.0
0062294784	4.0
034554661X	4.0
1490420185	5.0
1466394595	5.0
1476756546	4.0
1405258217	4.52569995821145
0547959109	2.0
0142417394	4.0
0545424941	4.999999999999999
1442419954	3.740619902120718
1620610027	4.0
0613460510	4.0
080509296X	4.46718903036239
0061734780	5.0
0802733905	4.0
B00FKERXXS	5.0
0615582206	4.43308395677473
0062118692	3.5189873417721516
0738721646	3.459752321981424
0312625200	2.0
1937007014	5.0
098871583X	3.0
0062128027	3.4857142857142858
0142417718	3.0
0803732414	3.0
146765101X	5.0
1423183096	4.999999999999999
1595143963	4.0
0373771177	4.0
1620401045	2.0
0553386786	4.0
B007Y7094O	5.0
0441015999	4.0
1402261039	4.092240117130307
B00GB2RI6A	4.0
141699176X	4.0
0545427630	3.0
B007QMHPYE	3.0
0375865640	4.0
0374332649	2.9999999999999996
0761462651	4.0
0316084778	4.0
0439903793	4.0
1402277857	4.0
1442403152	4.494323144104803
052595368X	2.9794238683127574
0425265951	5.0
0375854517	4.0
0062049690	4.0
1461154014	4.0
144235948X	3.0094517958412097
B00HMUD4K4	5.0
0061583227	5.0
0385737734	2.0
1402264550	4.0
0142415561	5.0
1416994815	3.0
1466440961	4.0
1481948997	4.0
160684086X	3.8200609962724497
0312568894	3.664580963215776
0143117742	5.0
0142427551	4.663372093023256
0142501557	3.7827529021558868
B00CWSI0P0	3.0
0307718387	5.0
1606841734	1.0
042526596X	5.0
0547760620	2.0
0062026100	2.0
0312647026	4.0
0425208907	2.0
0142420905	3.7215430589513723
055338631X	4.0
080272373X	2.4882408278457198
159514398X	5.0
1596435720	3.0
0615477593	5.0
1469902109	4.0
0061799289	4.443719412724307
1401312632	4.0
1491231580	4.0
B006T88RNE	4.0
0743254554	4.0
1606840851	4.0
1402241453	5.0
006224535X	3.077519379844961
014241557X	5.0
0316213276	2.0
1442472138	3.0
0385732066	4.0
1475061323	5.0
1455599220	3.0
1442420529	4.508058517232829
1451658036	3.187551187551188
161218149X	4.0
0765328100	5.0
B00GU50XFQ	4.0
B00DL011JU	3.0
0062027891	4.0
1455599204	4.0
0373657102	4.0
1442453443	4.0
1620610094	4.512670565302145
1622660757	5.0
1470180642	3.0
0345546679	5.0
0758274858	3.791157894736842
031619493X	3.0
1595141758	4.450381679389313
1466371080	2.449096098953378
0761377522	4.550072568940493
0374351384	5.0
0375868704	4.0
0312649614	5.0
160684170X	3.3947521865889216
0761388656	4.0666666666666655
1611940028	3.0
1479244236	4.0
0983562105	4.0
0553386778	5.0
0062117386	5.0
B006VD56J0	4.0
141699484X	4.0
1402277822	5.0
0563486376	4.0
1606840835	4.0
0375831002	5.0
1442440597	3.0
0062014552	3.5855303494788475
0061876763	5.0
0062117378	4.791889824024484
0446527874	4.0
1493547542	5.0
1416971750	5.0
1937053385	5.0
0062026542	4.0
0062027875	3.0395726157499015
B0097GFP0I	4.0
125001851X	3.0
144219541X	5.0
0142417793	5.000000000000001
014242093X	4.0
006113189X	5.0
0802723705	3.0
0778314235	3.0
145165801X	4.602735042735043
0758269498	4.0
075826948X	3.0
0061992763	3.0
1599908441	4.484020492803123
B00GU45KXM	4.0
0763655597	5.0
1448208548	3.0
0983732205	3.0
0373210418	2.9999999999999996
037321040X	4.0
0062060783	4.0
0062024205	1.954627949183303
0062195263	4.029354207436399
1597480436	4.0
0307582884	4.0
1456428810	5.0
0061978086	3.983177570093458
1475070373	5.0
B00L9RXDTI	4.0
0373210426	2.9661846496106783
1423147952	3.52972972972973
1401340903	3.0
0062048651	4.31872399445215
0545221269	4.0
076365261X	2.0
0425247341	4.0
0385743459	3.0
038574126X	4.0
0765327228	3.5299145299145303
1442432659	3.88917089678511
1402238622	2.544703230653644
0062278789	5.0
0778328791	1.0
0345527631	3.0
1423147944	4.6782407407407405
142310921X	2.5642118076688982
0802727956	4.0
0310724392	5.0
0312614802	5.0
1439199094	4.0
1423121317	4.731843575418995
1484038487	4.0
B00AO00VBE	5.0
0451234995	5.0
0062105760	4.0
1408835193	4.8479678876066234
0385741286	4.0
1484921275	4.0
1477561218	4.0
0062085611	4.13157894736842
0373210884	4.0
1482017229	5.0
0802723101	5.0
1939769280	2.0
1423121325	4.022277790406911
1442430001	5.0
0312551371	3.95668202764977
B00GU45M80	4.0
1908844310	2.0
1597480444	3.0000000000000004
0763652601	5.0
1402273436	4.0
0553583808	3.0
1620612925	4.0
0399256687	4.043936731107205
0312624670	5.0
0062091093	3.0
1492972851	5.0
1442429070	5.0
1476717516	4.0
0375863400	5.0
0307716546	4.0
0316254770	5.0
B008X7JUH6	5.0
0991841174	2.0
0316209724	3.4853228962818
0061766690	4.609574468085107
037321085X	3.0
1423157311	4.638814016172506
0802723527	3.2211336599020295
1416989412	4.238346948582412
055338483X	5.0
1937053407	5.0
0553384848	5.0
0312605919	5.0
140031836X	4.0
0988688603	4.0
1616951508	4.0
0142417807	5.0
0374364753	3.812388326384753
145550372X	5.0
1455521124	5.0
1434764338	5.0
0547223994	3.0000000000000004
0375835318	4.0
0385730187	3.0
1402789572	1.0
1442488697	3.0
073935650X	4.524404529480672
0385733208	4.0
0547496389	2.9999999999999996
1480198854	5.0
B0090RV3JG	5.0
1442421592	4.0
0316209740	4.0
006197806X	4.476332241738613
0345527682	2.0
0738730408	3.533692722371967
0142412147	4.999999999999999
0547224850	4.0
1599559102	5.0
142312135X	4.0
1596438002	4.0
1423134672	4.0
1463695403	4.0
1490568530	3.0
0312649916	5.0
0310726131	4.0
0545151465	4.633136094674556
1416989439	3.66465621230398
1416960597	4.0
0374302081	3.6161087866108788
0425245144	3.0
1442421142	3.5326460481099655
0547624573	2.9999999999999996
B005MT01D0	5.0
0062071041	4.073078210420618
1456527738	2.0
0142424935	4.476018099547511
1442433132	4.075517661388551
1423157370	4.370689655172414
1594744769	4.0
1423139933	4.0
B0077RTCO4	4.0
0778329216	4.0
0312622848	4.0
B007MNX5UU	2.0
0316090530	4.476190476190476
1599905868	4.0
0373210027	3.0
0615550169	2.9999999999999996
0765325438	4.0
0609807919	5.0
1402268467	5.0
0345531701	3.0
1939769213	2.0
0989206475	5.0
0812976665	3.0000000000000004
0545140315	4.520399666944213
1250002672	5.0
0373210477	4.0
0802728405	4.0
0765325446	4.0
0375857109	4.521968365553603
1596437103	4.325625
1423160517	4.551664504971898
1467919373	3.0
0345531736	4.0
0609807900	4.36180904522613
0374373663	3.693101225016118
1463584997	3.141491395793499
0061974587	4.0
1453687122	3.0
1442303093	4.0
1595143068	5.0
1477424261	4.298076923076923
1406332933	5.0
0446540595	4.0
0373210485	4.0
0062008137	4.0
1599903229	5.0
0802723187	4.0
B00LEZ9E4I	5.0
0425238814	5.0
1402260520	3.5101321585903085
B004ZZQ9MO	2.0
1605424498	5.0
B00DP3Y3NY	4.0
0399164227	5.0
149290919X	5.0
0373210493	4.588612802369591
1402798067	4.0
0062082191	4.0
0307716511	4.0
1423100034	3.9044776119402984
0345532600	4.0
098290505X	3.0
1477419721	4.0
0061783188	5.0
1940584000	4.526960784313726
0062071076	4.0
0062104896	4.0
0385739370	4.5612733365246525
0778329259	5.0
037377611X	4.0
1442421177	4.481605351170569
144240373X	4.475908706677938
0312569041	5.0
1470088002	4.0
014242059X	3.0000000000000004
0615599877	4.0
0330453866	3.4446344591705857
1620612941	3.0
1442409053	4.333392257380236
145164342X	3.0
1599904985	3.497678737233055
1442422017	3.950816104461371
0312569033	3.6997722095671977
0545333024	2.0
0373210434	4.0341951626355295
0062073281	4.0
1463579128	3.86616791354946
0316068675	3.5735167669819434
1423149769	4.0
1402268432	3.7480743090167645
1401686354	3.492086860507913
144240907X	4.527991218441274
0385342063	5.0
1466276584	3.0
1416995269	2.0
006202065X	5.0
0849946441	3.0
1595144358	4.408602150537635
0061720437	3.4626865671641793
0741478366	4.0
B006O5RK8K	3.0
0385346433	4.0
006209419X	5.0
0007442920	4.841121495327103
1423100050	3.0
B00BCFYO8G	4.0
1609075935	3.0000000000000004
0373210450	3.3630440448266876
1595146547	4.0
B00IGINRFI	5.0
0765331268	5.0
B007SDHL0Y	4.0
0804170703	3.0
144245041X	4.5449385052034055
0615692931	4.0
1477588388	4.725645076355977
1492135496	4.545380212591986
0802721826	4.6296670030272455
080272096X	4.0
0312642970	4.7908611599297
0310733332	4.0
1466337524	5.0
1419701916	4.0
B005LPE5JG	3.0
1406330337	3.0000000000000004
0373776586	5.0
0373777434	4.0
0805094601	4.261937244201911
0374372837	2.9923264736658535
0738725951	4.0
0545334748	4.0
0765331276	5.0
0062026089	4.230411449016099
1416995617	4.0
0451194861	4.0
0743583884	4.0
B00KVOTDRQ	5.0
0425251063	3.0
140226402X	3.6868730920191886
0062193856	4.0
0738725943	5.0
0765331284	5.0
1595547932	3.0
0545259088	4.00418410041841
0312595689	4.0
1423164830	5.0
0061999008	5.0
1611091039	4.0
0547482507	4.474694589877836
1250032970	3.0
B00IQ8HSGW	5.0
B008BP0BQE	5.0
1605425877	3.0
0615809057	4.0
0803735669	3.0
1606841696	3.6127265065318155
1423146166	4.0
0985607130	5.0
1402268408	3.7455757886637593
1406330345	5.0
0061990655	3.215839860748477
0563486295	4.0
1606840363	4.0
0892968559	4.0
1442457031	4.0
1599906341	3.0
0563486287	3.0000000000000004
0142421960	3.0
0439846803	5.0
0547482515	3.0000000000000004
1470068982	4.244338498212158
1402262272	4.411849479583667
1452102643	3.0
1476741182	5.0
0375867333	3.4626865671641793
0007230206	2.0
006178320X	5.0
0547581327	4.0
0061375802	3.0
1416994793	4.476923076923077
1442407603	3.0
147781728X	4.439926062846581
148265864X	3.0
0374399050	3.0
0985011599	3.0
0062135961	3.0000000000000004
1402264461	3.0
0307710319	4.0
0062135953	4.0
1453728406	4.0
1402218176	2.0
0425267814	4.0
0061976792	4.0
1466202629	4.0
1442450444	4.0
1606840312	4.0
1423170288	4.4297385620915035
1599901099	5.0
8393552915	3.0
0307931544	4.0
0375869530	3.8339910549855296
0758294379	4.0
1595146938	4.0
0060565071	1.0
0439846838	4.0
0425241696	4.0
1482088800	4.0
0152063846	2.0
0385740417	4.0
1476764298	3.0
B00AEF30QC	4.0
0786847654	5.0
0312650108	5.0
0375868208	4.0
0312642962	4.49953632148377
0976180480	3.0
1453220232	4.0
0316056197	4.0
0373776551	1.0
014241347X	4.531543624161073
0312575653	4.0
0385738919	5.0
1423108760	3.5326460481099655
0544002229	4.0
1442488638	3.8756957328385897
1461105633	4.0
1427201412	5.0
1466324600	3.0
1250007119	4.029354207436399
1612045995	4.0
1423175123	4.0
0571280536	3.3918128654970765
1417808268	4.4565681194757705
0062026488	4.255537547271746
1402273371	4.0
0670012475	5.0
0062235656	5.000000000000001
0312624697	4.0
0985133503	5.0
0425214478	3.0
006226768X	1.7973470891672807
1442488662	4.0
1476730946	4.773545416492256
0307408841	1.0
1423116399	4.0
014242899X	4.122367545998671
0803734735	4.03304347826087
0062135929	2.0
0142418722	5.0
1477686789	5.0
B0064GU2AM	2.9999999999999996
054760842X	5.0
1595548866	3.0
1463567626	5.0
0374380864	1.0
0758276931	4.0
1442352965	3.4180451127819547
B006G2XOMW	3.0
0312605935	4.0
0142421901	4.518031060805475
1402260490	3.4760180995475114
0547393091	3.4683663833805474
0763656526	3.482902418682235
0615381383	5.0
0062003313	4.148671565856416
0385737637	3.0
0316084220	4.614132762312634
0385734123	5.0
0062026429	3.0
0062259652	4.0
1490302484	4.0
0142425036	5.0
1599909405	2.0
0758269382	3.0
0062187546	4.0
0983930805	4.0
0062060759	3.8759074216414726
0316212059	3.0
0578048094	1.0
0061724491	3.0
0062066064	3.028050827139775
0758276915	4.4467408585055646
1423121309	4.72100153295861
0747598002	5.0
1440563926	4.0
0307346501	4.0
1606840746	3.0000000000000004
0312656262	1.0
0316018775	3.0
1406330396	5.0
0738722871	5.0
1442401915	3.0000000000000004
0062117262	4.0
0805080813	3.0
0062048686	5.0
0451163311	5.0
0761375260	3.0000000000000004
0385738986	3.0
1442474459	5.0
0670015539	5.0
0399162410	4.272214386459802
0316025062	5.0
B00AXOP7MY	4.0
0373772106	4.0
1616262346	3.0
0307346528	5.0
1419705849	3.0
0062280678	5.0
0061990698	4.0
098603732X	4.0
0385734158	4.0
0670014680	4.0
0142800384	4.0
0062003321	4.549344978165939
1442445939	4.0
0142427225	1.0
0316084239	4.247603833865815
0142429406	4.0
0061921262	4.0
1599907232	3.63953488372093
0989527417	3.0000000000000004
031286504X	4.0
1937053024	4.0
0802721893	2.496103896103896
0307975983	4.0
0758269374	4.320413436692506
1439195870	4.0
0373210531	3.6834890965732088
1416999531	4.0
1622660161	5.0
0802723454	3.0
147518400X	4.0
0451232682	2.9546279491833034
0316077046	3.5142857142857142
0142425990	4.543186180422265
0316056588	3.0
1463536984	5.0
0061779849	3.0000000000000004
B00AMO4GSQ	5.0
0763639311	4.277959756668226
1599903725	4.086372360844529
0373796730	4.0
B00785ZFUK	3.1381978993919297
0375829822	5.0
0983157278	3.9563602599814307
0451234871	5.0
0061668095	4.0
0062107828	4.0
1595549218	4.0
0441020704	4.0
1595142924	4.0
0984035044	5.0
1470173328	4.0
0451234863	3.6112359550561797
0061926531	2.0
1250001404	3.7531422825540464
B00E8901R6	5.0
1439195862	5.0
1416575405	3.0
0763637122	4.0
0316102555	3.0
0345524241	3.0
0373210515	4.009046741497738
0778313174	4.0
B00DPAFPQG	5.0
0670072818	4.631578947368421
141654383X	3.0000000000000004
0615543332	5.0
0385742010	3.9724111866969007
0738727571	4.0
0385742495	3.0
0802723462	4.633857005450466
0373210523	4.439747868001484
1484901967	5.0
B00JCY64S2	4.0
037321099X	4.522343594836148
0345510089	3.5937961595273267
054784803X	3.0
038532801X	2.0
1439167397	3.0
0062048503	3.559521170472179
1479124591	3.0000000000000004
0374379912	3.354140127388535
0316194689	3.0
0758234937	3.0
045123572X	4.0
0142422010	4.570326742392371
0810997150	4.0
0062229036	4.0
0983157227	4.999999999999999
1937044637	4.0
B004QGY35W	4.0
1475244207	3.0000000000000004
1408803402	4.0
1599929082	3.0000000000000004
0061799491	3.4437194127243074
1479138754	4.0
1402240406	3.4760180995475114
0615797237	4.0
1406337609	4.045135406218655
0385742037	4.0
0375851798	4.0
0141339624	4.0
1419700219	4.0
1423123689	4.0
0758266960	4.0
1479165913	4.0
0142422037	3.0000000000000004
0316024961	5.0
0310728215	3.0
1439192316	5.0
0316085944	2.9831775700934577
0062077902	3.495655322230268
141696133X	3.0
0983157200	4.533462657613968
1442344911	3.8998946259220224
1455502529	4.0
0062217070	4.523764258555133
0425263924	3.0
0786809604	5.0
158246393X	4.0
0525423265	3.508833922261484
0544022181	4.0
0553385607	5.0
0670786152	5.0
0061923036	4.6149068322981375
1475222440	5.0
037584631X	4.0
0425246582	5.0
B00CO7GIFI	3.0
B004S81POK	3.0
0316126535	4.267799724391363
0425263916	3.379939209726444
0061284408	3.0000000000000004
0425256383	3.0
0062085530	4.37908777969019
031620501X	4.0
B0071LLL2M	3.0
0525423257	4.0
0805094598	4.166475972540047
0544022165	2.974313551815766
1439190593	4.0
1442423889	4.0
0385743378	4.0
1402270240	3.0000000000000004
0142422053	3.817938420348059
0615559719	3.0
B00EJR4V0U	4.0
B00IECLA3C	5.0
0385740204	1.0
0374312370	4.0
0062265970	5.0
0802735037	5.0
1596437200	5.0
1933718552	4.0
0805095411	5.0
1423137876	4.0
193630502X	3.0
1479284866	4.0
0375870415	4.037827352085354
1416983104	5.0
1599903342	3.0000000000000004
1442421258	3.21882951653944
1466219661	5.0
0316175560	3.985151342090234
0061553166	4.0
0451462939	5.0
0345539788	5.0
1439183813	4.0
1453812954	5.0
014242370X	4.0
0399257209	4.0
0374302103	2.5603053435114504
006209534X	4.0
1402256337	4.0
0544056779	4.0
B005VDE8LI	5.0
1469922754	4.0
030788743X	4.0
0060009268	4.0
0061935085	3.829581993569132
0062294059	4.0
0061827622	4.0
006196266X	2.0
0062064649	3.0
0385738382	2.4958333333333336
0316033057	4.0
1936593254	4.0
0062265946	4.0
1416983120	4.0
0727880799	5.0
0761463275	5.000000000000001
0738736430	3.0
1416995587	4.0
1442445688	3.6024601621470507
0385741561	3.623149394347241
1461071798	3.0
0062085573	3.7261373773416593
1606843230	4.3647749510763205
0060850523	3.0000000000000004
1416967990	4.0
1939108004	5.0
147674355X	3.379939209726444
1620612402	3.0
161963144X	5.0
0758267436	3.0
0385740220	3.8551824817518248
0451414047	5.0
0373210132	4.0
0373210574	5.0
0545310288	3.0
0756406005	4.0
0374361746	4.0
1595547916	4.0
0451237013	4.124789207419899
0061668060	4.0
0345537181	4.0
014132855X	4.450381679389313
1939173035	4.0
0312583516	3.0
0545381886	4.0
0373210582	5.0
0990013812	5.0
006212126X	4.0
1250012570	3.9253731343283587
0062304828	5.0
1416984488	4.533333333333333
0373777582	4.0
0312370156	4.0
0312583524	3.0
140226612X	4.0
031612611X	2.615813953488372
1606415964	5.0
0738726672	5.0
037321054X	3.5623946037099494
1595143394	4.0
0307359034	3.0
B006UIU11Y	5.0
0061985791	3.9655172413793096
0988301318	4.0
0615566413	4.0
0373876912	4.0
0763643823	4.0
1594745919	4.0
1475278837	3.0000000000000004
1250001412	4.0
1595144234	3.531862745098039
039925725X	3.727457627118644
0061575399	4.0
1442402555	3.0
148120646X	5.0
1482311461	4.0
0374323038	5.0
1466384964	5.0
0316245534	5.0
1416986200	2.0
0061668036	3.0000000000000004
0778312739	3.0
0375870008	5.0
1466254440	4.0
1250035651	4.0
0061779814	4.0
0758258925	4.0
0062001817	3.7851622874806807
006172162X	3.0
B007KMX1RK	3.0
1402271905	4.3703405198468674
0316036064	4.511330049261083
1595145990	4.0
B007TF9FCI	4.0
1442406828	3.604075691411936
145368493X	1.0
1478340045	4.0
1442442913	5.0
0802720854	4.481605351170569
0142426040	4.516981544173856
0545230535	4.447289156626506
1456888587	3.4409748667174407
1442422068	1.0
1414340125	4.0
0061963135	3.0
B00C14KSH8	3.0
0441019285	4.0
B00K7RPZFQ	5.0
0451237102	3.0
140883233X	3.882140709561034
0802798225	4.396420285051376
0307932508	3.0
1442409096	3.0
073872582X	4.0
0857072285	4.4539219888555515
0758267053	5.0
1423148495	3.3769633507853407
0615582052	5.0
1475009860	3.0
1595144668	4.0
1599906449	4.0
037321006X	4.0
0061926183	4.0
1442402008	5.0
0316098329	3.0
B00C5R83E6	4.0
0989674444	5.0
B00HBRNRXM	4.0
1607102560	4.0
0375866337	3.0
0062117181	4.431288507902491
0802720870	4.4773139745916515
1423102282	4.0
0743251628	5.0
0373210086	4.0082437275985665
0547626142	4.403521379805965
0062114905	2.0
0373777558	4.0
0062005022	5.0
0142417114	5.0
1492767891	2.0
1617980218	2.344674556213018
0670016780	3.451184834123222
0062007203	3.0
0982913168	4.0
1419704281	3.9240780911062907
1596435569	4.0
0373607989	4.0
1467901202	4.0
1935618040	3.0
1402279892	4.395534290271132
0802723098	3.8019973947025614
0007245815	4.0
0310723442	5.0
014241977X	4.292657704239917
1470112701	3.0
038574160X	3.700834879406308
0142422959	4.365089940039973
1482352915	4.0
031605609X	3.0
0763653128	4.0
1599904233	3.0
1616265558	4.0
0307932540	3.260188087774295
0761387994	4.0
0451233182	4.0
0545240778	4.707719505008839
1596436840	3.0
1595145958	4.0
1466388900	3.0
0062130145	4.0
1442459395	3.9706048615036744
1620612429	4.0
1423140575	5.0
0987779400	3.5187096774193547
B0076790LA	4.717700626067159
0142410977	5.0
0615701949	4.0
0758272839	3.5102880658436213
159990554X	4.0
015206396X	3.9644658413571756
0373210035	3.3614964270701972
0545230500	4.0
0385738463	5.0
0142418471	4.514285714285714
0062230921	4.0
0778313530	4.0
1466358289	5.0
0765332450	4.731857951621205
1442440759	3.9768563162970105
0451239725	3.0
0758272820	4.364485981308411
0803734417	4.0
0373210043	4.0
0061358363	4.0
0738719196	3.0000000000000004
0316198684	4.729059429106225
1939455073	3.0
0307744434	4.49789029535865
0141188936	4.0
0062238426	4.0
0606262520	4.40438008616563
0758272812	4.524019391802557
1442402040	5.0
0061575429	4.0
0765332469	5.0
0373210051	4.0
0425241343	4.0
1452663874	4.0
0062024175	3.0
0312428812	4.0
140632132X	4.0
0758273339	4.0
B0082477KC	3.0
0062207296	4.0
1416990674	4.4898697539797405
1470124327	4.0
014242207X	3.5319148936170213
144240339X	5.0
1854249681	4.0
0373802307	4.0
0062001043	4.0
1442485256	2.8536036036036037
1416986189	3.0
1416991530	4.0
0062107798	4.084419551934826
006207086X	3.0
0060874163	4.0
1469958724	5.0
0062003259	4.095828367103695
0062197258	4.0
0316081051	5.0
143366870X	4.0
B007RMZYL4	4.0
1463692463	5.0
0312323859	4.0
0805090983	4.0
0618683070	3.0
0446697893	4.0
1423131630	4.0
0439922283	4.0
B00HWI04XQ	5.0
0370332288	4.0
0141348550	3.0
0763654078	4.0
0152065709	5.0
B0092QBP8Y	3.0837343599615012
1442485280	4.007923033389927
0062115391	4.0
1442341955	4.092572463768116
0345523318	4.283023150249659
0547608322	4.2167694896242285
0805090991	4.0
0062187457	4.0
0670784826	4.0
B00IIUBPHG	5.0
0062102907	4.4941009910335055
0439023483	5.0
0545040639	3.0
1483906078	5.0
1442452366	2.900181488203267
193630550X	4.0
0152063110	5.0
0062026798	4.218999579655317
054529018X	2.0
075826707X	4.0
0062092693	3.0
031608106X	5.0
0062004999	3.9632768361581916
1423168976	4.0
1423118235	5.0
0373366418	5.0
1423119568	4.0
0062127373	3.966895690193629
0316133329	5.0
0062024140	4.0
0345523342	4.0
0986915505	3.0
1622530152	4.0
0984035095	5.0
0439023491	4.0
0373210906	4.0
0446538302	5.0
1936305984	4.593109105824446
0062002325	4.263363754889179
1451641818	5.0
031612351X	4.491418247515808
0062293605	2.5201401050788093
1616146214	5.0
0802728383	4.0
0761460675	5.0
1451641850	4.0
1250006317	4.171926910299002
0399256865	4.0
1477426914	4.0
0062026771	3.689795918367347
0062002368	4.063894523326573
0385735359	5.0
1620611198	5.0
0743566572	3.9340866290018837
1937254550	4.0
0763654035	3.4772344013490724
0758269242	3.0
1250006325	4.373521126760563
B00BATNREQ	3.0
1475005873	5.0
0316125725	5.0
1597802166	4.0
1423118251	4.208816705336427
0545296706	2.5467497773820122
1936305968	4.0
0061701246	4.276422764227642
1442421622	4.0
1937053148	4.405247813411079
0425263991	4.0
1469905213	4.0
0373210655	5.0
006087421X	4.0
0061914657	4.0
0060874228	4.0
0312621353	4.69325912183055
0547279779	4.0
0061869767	4.0
1400080428	5.0
0989267229	4.0
0061985848	3.764705882352941
0007489447	5.0
1599901684	2.9267840593141803
1460922638	4.0
1595145087	4.0
0061985864	4.0
0385739184	4.063829787234043
0142402516	3.7782240071396695
0983803714	4.0
0062060554	4.0
1849831289	3.0
0062279874	5.0
1442421762	4.02245088868101
1481142658	4.800723182000803
0545327865	5.0
1490458700	4.0
0385740166	3.916095199677289
1475210752	4.0
0373210671	4.0
0765329646	3.8421471172962223
0615553028	3.0
1419703870	4.391952309985097
0062198505	4.487544483985765
0373210639	5.0
0062023586	3.9641622131405216
1453688609	2.0
0373207026	5.0
0553385526	5.0
0761374086	4.0
0544022491	4.409246125558183
1616147652	2.615813953488372
0385742371	3.683706616515644
0061799319	4.0
1616145471	5.0
1442421797	4.170731707317073
1466297689	3.0000000000000004
0061869740	4.0
0061659258	5.0
014219672X	4.1803278688524586
0399254234	4.999999999999999
0061985880	5.0
0385736932	4.0
1940534410	5.0
0061935107	4.0749211356466875
0553385518	5.0
0743254562	5.0
1442434600	3.0000000000000004
0764210734	5.0
1442439068	4.0
0544022483	4.0
0062059998	4.507692307692308
061566069X	3.0
1442403918	4.434706397896582
0778313077	4.36219512195122
1478259531	4.0
1596437367	5.0
0061706302	4.0
0545055857	4.0
0061869724	5.0
B007UXV21G	5.0
0062027913	5.0
006179936X	5.0
0062273280	4.0
1595553630	5.0
0062093029	5.0
0375872132	3.0
0451416732	5.0
0985008628	5.0
0983752001	3.0
0062036866	3.0000000000000004
0385741049	5.0
0399257764	4.0
0061962767	4.0
0373210620	4.0
0985180412	5.0
0802734413	4.0
0312590563	4.04204288939052
0618686959	4.0
1619630621	4.624605678233438
B00ES1IWVQ	5.0
0316035963	5.0
1908844132	3.0
0061914681	3.4882408278457198
0312943636	4.0
0755206827	4.0
1492291560	2.0
1442422211	4.0
1453606793	4.0
B00IMGB8XM	5.0
1419701657	4.0
0062221213	3.0000000000000004
0310724198	1.0
1402284764	5.0
159514191X	3.703056768558952
0373803427	4.0
1416990658	4.5178729689807975
0525423389	2.0
0739354574	5.0
1490530185	5.0
0670013994	4.713224368499256
006200395X	4.0
0763660094	4.0
1433669730	4.0
0671027344	5.0
1416913181	3.0000000000000004
0061659282	4.0
0547859260	2.9453551912568305
0615524990	5.0
0062059963	4.0
1595145060	3.0000000000000004
0061962740	3.408653846153846
0062081055	2.5012987012987016
1493515330	5.0
0062062794	3.6836734693877546
0385344406	3.0
1439188157	3.0
0810984172	4.567765567765568
0312667574	3.0
0312853238	3.0000000000000004
0062025724	3.538011695906433
0062233653	4.4212271973466
144242351X	5.0
1423143388	4.0
0425247562	4.0
1423166000	5.0
0373211104	4.522343594836148
1606843125	2.5099099099099105
1936850168	5.0
0756406323	4.0
0061441686	4.0
0545298393	4.0
0547824106	5.0
006219237X	2.0
1442420049	4.0
0316205184	2.537313432835821
1599905647	5.0
0373210264	3.7962018140589566
0062273248	3.651963746223565
B006KLYIAG	4.0
0615617867	3.0
0061284394	3.0
0758246854	4.0
1599904780	5.0
0316185485	3.6108719052744886
0062059939	3.492585269401878
B005UPRT9A	4.0
1595144145	3.648578811369509
1402271875	4.002710027100271
0062083260	3.5387216773757184
0373211120	5.0
0062011995	4.34887073522345
0525425926	5.0
0062114875	4.021596244131455
1480167002	5.0
0061547859	4.0
1402281218	3.956605593056895
0803738897	4.428697962798937
0061668125	4.553571428571428
0374322287	4.0
1466355018	3.0
0141326085	4.0
1616202513	3.0
1442422246	3.5230769230769226
0062273264	3.0
1442443162	4.316176470588235
0982500556	4.0
0373210248	4.074412234649624
0061449156	4.0
1402266065	5.0
1468185527	3.0
1250009073	5.0
0545208890	5.0
0062103733	4.754584942084942
0800719840	5.0
0385730306	4.0
0142414913	4.0
1439178321	3.9514563106796117
0451219945	3.0
0439023513	4.0
0374316414	2.0
0373210698	4.267465069860279
0061659223	4.0
0425253384	5.0
0062118811	5.0
0989104400	3.0
1416975888	4.542511967175747
0061431834	5.000000000000001
0375859551	4.489971346704871
0061020001	3.0
146646321X	4.0
0545326982	5.0
0141348291	4.0
1442365560	4.0
0316220361	2.3841860465116276
0802723381	5.0
0373210221	3.0
1595144579	4.0
1401310915	4.0
006166152X	4.0
0141331860	4.02928870292887
0385738293	5.0
0141337168	4.0
1439167656	4.0
0062135317	3.6717752234993615
1423399269	4.0
1593638647	5.0
0062085484	4.299054499096993
0899572200	4.0
1477648690	4.0
B003NSC5YK	4.0
0985148314	3.0
0062006169	4.0
0061953407	4.444444444444445
1442413336	5.0
1469915049	4.0
014241493X	3.6353887399463805
1479251208	3.0
1440565511	3.0
0385739168	3.0
0545255635	3.0
0439813786	5.0
0062103768	3.0000000000000004
B005ZEWITC	1.0
054522490X	4.316182572614108
B00H3TWIGK	4.0
0670013900	4.0
0062217100	5.0
0545042143	3.0
0141331879	4.0
1599906945	5.0
0062004042	4.603262020758314
1402265107	3.67008547008547
038567824X	2.0
0451237455	4.0
0307267989	4.0
0545537460	5.0
0985589981	5.0
0670013188	5.0
0062020528	3.0
0312674325	4.0
B008PVQ0AK	4.0
080754535X	1.6106194690265487
1595143203	5.0
1595143688	4.523076923076923
0545197732	4.0
0385738773	3.2948509485094846
0061996181	4.222769490571348
0061963259	4.0
142011137X	3.0
0142420840	5.0
1414333951	5.0
1439189862	5.0
0062125958	3.0
0802720749	4.0
1440429634	4.0
0062004034	4.0
1482004992	4.0
0312641893	4.632885085574572
0547225490	4.0
0307913090	3.5138269402319358
0373211082	4.0
0062072099	4.592027141645462
0738732486	3.0
0142423904	3.7729124236252547
1439198322	4.0
0345531450	5.0
1459400623	3.0
B00DMTXQHA	4.0
0399252983	5.0
0142419400	4.6183296184607325
1606841440	3.9173897952099965
1606840592	5.0
0312648065	5.0
B00EK8K8A0	3.0000000000000004
0451229851	3.0
1599903083	4.0
0385741960	3.0
0142421715	4.219494230297078
0373211058	3.0
1606841459	4.457869634340223
1469982781	3.0
144243984X	4.283105022831051
0385738315	3.480769230769231
149225360X	5.0
1402251386	4.0
0982800282	5.0
0803737610	4.0
0984662103	5.0
1462110339	4.0
1402277598	4.0
0984799133	3.0
0061726826	4.543672014260251
B005MMNZYE	5.0
0316199680	4.0
0375869751	2.9999999999999996
1402244681	3.0
1595145826	4.0
1620610116	4.305060785976816
0316201561	2.0
0373718497	4.0
1468002104	3.0
0805092625	3.0
1937329151	3.0
006172680X	4.165582067968185
0756407168	4.0
0142423912	3.7216905901116424
0142419435	4.0
0061726834	4.598232221775813
B007OVSNDO	5.0
1442413271	3.305274971941639
0062128191	4.0
0375868437	3.594186046511628
B009K54CPU	2.0
0061691763	4.0
1620610132	5.0
0142420891	4.544489795918366
1599904349	3.1092579163645158
0316234478	5.0
1442429607	4.0
0061956996	4.0
0062006207	4.792430278884463
0425257800	5.0
0805082832	3.0
B00418459O	2.0
0062092995	4.537313432835821
0786838930	4.0
0374314721	5.0
006212241X	3.526027397260274
1619212706	5.0
0385740654	3.34092202618099
0062009702	3.297421203438396
1606841416	5.0
0385739680	4.224329896907217
0670013196	4.0
0062004018	4.135231316725979
0316036358	2.0
1490537260	4.0
1455503053	4.0
1423121929	3.0
0425266745	4.100160808637721
1250003326	3.765595854922281
0061996165	4.319451249387556
0152058265	5.0
0763655074	4.0
0060281359	3.0
0316182885	4.047963800904977
0670012254	3.942965779467681
B005ME39HU	2.0
1451683391	4.0
0316035939	4.0
0312674724	4.0
0803735804	3.0
0062224735	3.9428571428571435
1470042940	5.0
0738727059	5.0
1921656522	3.0
1606842722	2.0
0142418943	3.0000000000000004
0316213101	2.0
0316035920	4.0
0758266928	4.501298701298702
1401684882	2.6615384615384614
0449809978	4.0
0615512445	3.2741846323935873
0373775881	5.0
1442441798	3.0
0316125873	3.0
B009YLVXH0	4.0
0373777604	5.0
1597803324	4.0
076532959X	4.0
0062024035	4.029908972691808
B005Z1CUK2	4.0
1250005140	3.2059440559440557
0007444117	1.0
1442439459	4.0
1401684890	2.0
031294361X	4.0
0547371489	3.0
1416978461	2.0
0062105485	5.0
1490474005	5.0
0982729790	3.4151394422310757
0553385593	5.0
1250030951	3.617663817663818
0399256938	3.0
0062081896	4.0
1463684959	4.0
0062118781	4.318981200727714
0988585944	4.0
1599908360	4.0
0062090364	4.0
014241543X	5.0
1423165993	4.0
0738727040	4.0
0761462759	3.5155832591273373
1847530478	4.0
0062060988	5.0
0446196118	4.0
0312571097	5.0
1620612380	4.482790697674418
0141310073	4.0
1596912898	4.0
0743294297	3.0
0983593183	5.0
1599905280	4.236664622930717
0310728185	4.0448833034111304
0802721621	2.470817120622568
B006MWFKKK	4.0
014241980X	4.0
0545654572	5.0
0763654175	3.0
0738713708	5.0
0312380984	5.0
B005X8INKS	3.0000000000000004
0062024027	4.88579323048584
0143122177	4.0
0316122793	3.0
1466447648	4.0
0062199773	5.000000000000001
1599905272	5.0
006222560X	3.547528517110266
148485828X	2.0
1442440023	5.0
1453860959	4.0
0671619314	2.0
B004UWU9IM	4.0
0738735949	5.0
B004JF6DLM	4.0
1595144919	3.5238933601609648
0449014509	5.0
0802722989	3.3574766355140184
0316197084	3.947327652982185
1402277946	4.716084716657127
B0087HI44W	3.0
0062012010	4.193536404160476
0316185094	3.0
1402251351	3.0
0451225856	3.0
0983593175	5.0
0385738757	4.428684003152088
1490368078	4.0
0312355106	4.0
0744590779	4.0
1477436820	4.298076923076923
0316051586	4.01141924959217
1416968237	4.505709624796085
1442443995	5.0
0316125849	4.248382923673997
1451626339	4.0
1442346493	3.0000000000000004
0765329581	4.068250898038132
0147508436	5.0
