B00C7HG9KY	3.0
1434766411	4.999999999999999
B00CNVVJ68	5.000000000000001
0991732782	4.0
1480536466	5.0
1630350273	4.930742496050551
1476730091	5.0
1482596709	4.776854479124442
0989163377	5.0
078140424X	4.999999999999999
B00JQKMOQI	4.999999999999999
B00JOPR0ZK	5.0
1499638361	5.0
B00HLX9Z3C	4.244932792831236
163035015X	5.0
B00DSDPTTI	5.0
0989246531	5.0
1471133524	5.0
1630350044	4.874739392573393
1630350168	4.980055048067337
B00KH11JG6	5.0
B00L9S5OF8	5.0
B00DVQSLR4	5.0
1492908495	5.0
1490943846	5.0
1495480534	5.0
B00LTFG8EC	5.0
B00HKMYCQY	4.999999999999999
B00JWET7TU	5.000000000000001
0615827837	4.81185767673622
0143124544	5.0
099173274X	5.0
1630350060	4.900513966480447
148391366X	5.0
B00F76QSH6	4.0
B00IUY0NJ6	5.0
1402294484	5.0
0989246515	5.0
149929798X	4.53660797034291
B00HKMUFU6	5.0
1492828211	5.0
1477805052	5.0
1630350184	4.871273873981078
1939962439	5.0
1939962315	5.0
1495489345	5.0
1630350192	4.883529004605594
148956621X	4.999999999999999
B001J539IK	5.0
B005EUCBTY	5.0
0451216954	5.0
0615849601	4.937294452970838
B007HBZ2UI	5.0
1476755108	5.0
1476730601	4.0
B00LP3ULFU	5.0
1482747634	5.0
B00HGTI24Y	4.0
B00HMP4JEO	5.0
0425263908	4.363884673748103
0615859763	4.837809511332375
1476712980	4.702360391479562
1455578363	5.0
0062017683	3.0
1476755590	5.0
193815021X	5.0
1476754144	3.9932756964457257
B00HNWEA9K	5.0
B00LBFELPI	5.0
1483912922	5.0
0425269205	1.0
0989269833	4.999999999999999
B00HL08W48	4.0
1492192112	5.0
1630350125	4.973156087190149
1455576506	3.0
1490906134	5.0
1495960234	4.605885444035733
B00BR2BOUU	5.0
1482914794	4.999999999999999
B00HZZ6818	5.0
0312674635	5.0
1495472418	5.0
1476776040	5.0
1496085574	4.999999999999999
147675652X	5.0
0451219368	5.0
B00J915BYG	5.0
148120811X	4.730675021361435
061579615X	4.920780104316274
1476751404	5.0
B00KI4KIC8	5.0
0425263924	2.0
1477817506	5.0
1492731552	5.0
1499504039	5.0
1479372749	5.0
B00KY7X0OC	4.999999999999999
0425272966	5.0
1483966763	3.0
B00ASP8XNS	4.999999999999999
1476763623	4.0
0425267040	5.0
1463709676	3.0
0062294784	5.000000000000001
0615827500	4.863564504721887
1496177029	5.0
1484049225	5.0
B00KZ6LWWO	4.999999999999999
1455578347	5.0
B00KWCOFCK	5.0
B00KRQCHYO	4.999999999999999
0615885144	5.0
B00H3I2172	5.0
0615860788	4.9309183164198975
B00JM1HMAO	5.000000000000001
1250058236	5.0
0373718241	4.0
148261376X	4.870308363183308
B00LZKMXBI	4.805551912568307
B009K54QQK	4.0
B00I2CPY4U	5.0
0557175216	4.0
1455578312	5.0
061576567X	5.0
1492827436	5.0
1492343846	4.999999999999999
1631420038	4.999999999999999
1939962382	5.0
B00CC6X8HC	5.0
B00JD49EZG	4.999999999999999
B00GUS99WG	5.0
1439157995	5.0
1495960390	4.374652584769317
B00EJRMCPG	5.0
0615827446	4.878102551854644
B00IA7X40S	5.0
1480145424	5.0
1499163096	5.000000000000001
1489516948	5.0
149033274X	4.811000901713256
1483913481	5.0
B00JVAPRVW	5.0
1491269871	3.0
1493635158	5.0
1499192630	5.0
0451229681	5.0
0615910521	4.9379902804882745
1492760994	4.999999999999999
B00L2FG1Y6	4.999999999999999
B00FC09WPC	4.0
144235948X	5.000000000000001
0062302426	5.0
1493511459	5.000000000000001
1492127132	5.0
1476755094	5.0
1940887038	5.0
0988367955	5.0
B00L4LFONW	4.0
B00H8BP5BS	5.0
0062302418	4.0
0991105419	5.0
B00G3C2KT8	5.0
006230240X	5.0
B00EB323E8	5.0
B00GEEB15Y	4.999999999999999
0991379659	5.0
1491253002	5.0
B00JFD4A6S	4.0
006201773X	3.0
0615789684	5.0
1476756503	4.512907939600584
1496088018	5.0
143271385X	3.0
B00DNPQSPK	5.0
B00G2DM304	5.0
1630350222	4.97061657032755
1495335038	5.0
1476761779	5.0
1484842812	5.0
1476735271	5.0
B00KD3W8TK	5.0
1499608225	5.0
0062351893	5.0
B00EQC7HJK	5.0
1416975888	5.000000000000001
B00LAPCIL8	5.0
1500263923	5.0
0425266451	5.0
B00LS7LA7G	5.0
1481999842	5.0
B00GEZRGHU	5.0
B00HCMBQVQ	5.0
149539090X	5.0
B00IIYY510	5.0
0615861326	4.85466824373307
0615511600	5.0
B00ICP63XI	5.0
1500417483	4.999999999999999
1494376644	2.0
1482376180	5.0
B00F1RE1M0	5.0
1499219202	4.53660797034291
0615694403	4.825741945722902
1471133567	3.0
1491006919	5.0
1630350087	4.977526991081211
1492951641	5.0
0692221506	5.0
1476764468	5.0
1495979237	5.0
1628780096	5.0
B00IWH3HTY	5.0
B00JGSH3PM	5.0
0988348268	5.0
B00G3A9SQ8	5.0
1492886181	5.000000000000001
B00LPRYKKS	5.000000000000001
B009K5GSOI	4.0
1476755604	5.0
B009K5F4DY	4.0
B00BD5OJP8	5.0
B00J47H8H8	5.0
149619408X	4.999999999999999
0988301318	5.0
1630350095	4.807685964044202
1623420121	3.0
1490984798	5.0
1499145284	5.0
B00K31DCD8	4.999999999999999
B00I3PF41E	5.0
1476735247	5.0
1495271684	5.0
B00LF56Y3Q	4.999999999999999
B00HT73RHK	5.0
1494751534	4.0
B00L7DRQME	4.8692836425761845
0615885438	4.999999999999999
149043013X	5.0
B00LRM150O	4.999999999999999
098924654X	5.0
0988707470	4.999999999999999
B00J1TBTN8	4.0
149960369X	5.0
061574642X	4.999999999999999
0615860826	4.851380870650648
0615826814	4.999999999999999
B00G0ZMWOG	5.0
1480008907	4.0
0778314235	5.0
193815018X	5.0
061589285X	5.000000000000001
B00DGYKVWE	5.0
B005STUMHE	5.0
1482628961	4.88605824770475
B00FBK17PQ	5.0
0615883001	5.0
1480568511	5.0
1482574721	5.0
