0380708892	5.0
0060530464	4.0
0525467262	5.0
1590171462	3.0
0316204366	4.0
0452283442	2.0
1594031401	4.0
0761139850	4.0
0385536577	4.0
0195056213	5.0
0199325154	3.0
0750923156	2.0
0892216441	3.0
0817949127	5.0
0316037702	1.0
0877843899	4.0
0060932309	4.0
1421501201	4.0
1118345878	4.0
0978642384	5.0
0470049472	3.0
0071414088	2.0
0746029438	5.0
091847731X	3.0
0060277270	4.999999999999999
0375756450	3.0
0375758992	4.0
087923573X	5.0
0849916437	5.0
0517548232	5.0
080212996X	1.0
0571245951	5.0
0140447571	4.0
055338466X	1.0
0553383108	5.0
B003WEA02O	3.0
0061431346	4.0
0898700264	4.0
1595550429	5.0
1940095123	3.0
0595360726	5.0
0307453693	5.0
0195183428	3.0
0385249373	1.0
0140390162	5.0
1442365501	5.0
1933580097	5.0
1577360796	4.0
1570763895	1.0
0140432078	4.0
0781737265	3.0
0316024740	4.0
0140012788	3.0000000000000004
1442349042	3.0000000000000004
0060987103	3.0
B00IC6ZXM4	3.0
0446579769	1.0
1442361476	2.0
0142001430	3.0000000000000004
0446578673	4.656017039403621
1940051002	3.0
084230021X	3.0
B00E25IWPO	3.0000000000000004
1851686908	5.0
0486288056	4.999999999999999
0465008437	4.0
0340979496	5.0
0786134828	4.796439368491772
0307386120	4.0
1586170732	5.0
0684807610	5.0
0060677015	4.0
0882820958	3.0
0739332414	3.0000000000000004
048641910X	5.0
0878424687	4.0
0195141830	1.0
0892765356	1.0
1400318130	5.0
0802403565	5.0
0061118184	1.0
0140276165	1.0
1416589961	3.0000000000000004
0385524684	1.0
B0050UQA40	3.0
0007430671	4.661341853035144
0465017339	5.0
0385240864	3.0
078522615X	4.0
076617476X	5.0
0743269748	5.0
095724990X	3.0
0830813608	4.0
0800787625	5.0
0745953220	5.0
0465030785	1.0
0385418485	4.0
0375501290	4.0
B0032UYGE6	3.0
0316926051	4.0
1414326815	4.0
B004GKNOJE	4.0
0471135763	5.0
000224053X	2.0
1592762697	4.0
0345325818	5.0
0785264868	5.0
0895264641	5.0
0307592294	3.0
067165716X	2.0
0007157150	5.0
0152045694	3.0
0060652934	5.0
0316253014	3.0
1550226657	4.0
0060652942	4.0
0812977645	4.908542106851795
B005H783DW	2.0
0316545120	3.0
0312857055	3.0
B004NSV1ZS	4.0
0879737018	5.0
0385523785	5.0
1400097924	2.0
0984568204	5.0
1416551050	5.0
0195289552	1.0
0805050876	5.0
0156027712	5.0
1451645570	4.0
0486255344	3.0
0465003451	5.0
0199546371	2.0
0140448942	5.0
1442367636	5.0
0768420997	2.0
0975922971	3.0
0802831621	4.0
0486460363	5.0
0618680004	1.874704491725768
0802714595	4.0
0385513992	2.0
0060761288	4.0
0312364520	4.0
B004TS5KB8	2.0
0829416455	3.0
1590523687	5.0
1587314517	5.0
0800663144	3.0
0141023384	4.0
0849904633	4.0
0895554666	4.0
0385501706	4.0
0060916575	4.0
0195014766	3.0
1481254960	5.0
0310279216	1.0
B008CEVE56	2.0
1928832431	5.0
0061916471	2.0
0486414051	4.0
0385349947	2.0
0756616212	5.0
1423114558	5.0
B005YPPAPG	1.0
0060738170	1.0
0895261448	4.0
B00069WGHA	3.0
0140444270	4.0
0061826960	2.0
0842345523	4.0
038551705X	1.0
0060652969	5.0
0691154635	3.0
0955237777	1.0
1441761683	1.0
1550225480	2.0
083083446X	5.0
0936728035	5.0
159403141X	5.0
0830833188	4.0
1932714278	4.0
0142196029	1.0
0140445358	5.0
1423326857	3.0
0967518822	3.0
0316381357	1.0
0345416600	5.0
B00BBFP1LG	2.0
0895554755	4.0
0195165993	3.0
B00AHRE74G	3.0
0786460741	1.0
1118490312	5.0
0738214663	3.0
0679736484	5.0
1402246439	3.0000000000000004
0785262636	5.0
0781439647	4.0
0156870118	5.0
1574865919	4.0
0895553538	4.0
0060652950	5.0
0060506083	5.0
0062073168	5.0
1891767054	2.0
0879738294	4.0
1591846560	5.0
0307275132	4.0
0312113420	4.0
031026345X	2.0
0345348656	5.0
B005YPPB4Q	1.0
0762105801	5.0
0452274044	2.0
0750934964	4.0
0141011459	3.0
006073132X	2.0
0877939322	4.0
0684823454	4.0
1557094489	1.0
037542198X	5.0
1416524614	1.0
0761535829	3.0
141654786X	3.0000000000000004
1400106567	5.0
0307913090	2.0
0307458016	2.0
0345804376	1.0
0316098329	4.0
1449330274	3.0000000000000004
1482504359	3.0
1586172247	5.0
1402280882	5.0
1590523946	3.0
1460962877	1.0
0140434941	4.0
0060524006	5.0
0465002870	4.0
0973253800	1.0
1592574378	5.0
0375761233	5.0
0830817743	4.0
0898708680	4.0
0399148701	1.0
0312604211	5.0
0061061433	4.0
B004TRHPZ8	1.0
0385499841	3.0
0451184963	2.0
1469215950	2.0
1586852884	3.0
1594713863	3.0
1575664666	3.0
0002726874	5.0
1439173249	5.0
0395779278	1.0
1594485410	2.0
0486273482	3.0
0316013269	3.0
0743482913	5.0
0312262752	4.0
030728090X	5.0
1608196119	2.0
080329199X	3.0
0156030470	2.0
0385015364	4.506155950752395
0805077227	5.0
B00FOH5PAY	1.0
1596987766	5.0
190449272X	5.0
0984816925	1.0
0140431357	4.0
0898709628	5.0
0825429838	5.0
0500251517	5.0
0842369082	5.0
0898707447	4.0
1602393095	2.0
0892811706	1.0
082542982X	5.0
B0052T2EN0	2.0
B00HOMFRCI	3.0000000000000004
0060537639	1.0
0375423745	1.0
0143058754	5.0
0060534249	2.0
1495204499	2.0
0141339195	1.0
1439188963	1.0
0393327965	2.0
0061540463	5.0
1584795336	3.0
0345522893	4.0
006018793X	4.0
015676248X	5.0
0385316518	2.0
0061252298	5.0
0140434968	5.0
0865715653	1.0
0060696451	2.0
0849901847	3.0
0974633666	5.0
0814658806	4.0
0307951154	1.0
0156904365	5.0
0375714790	5.0
0307388212	2.0
0140294295	4.0
080281025X	5.0
0439139597	5.0
0609809547	5.0
0486408914	1.0
0195315804	1.0
0060652381	4.506155950752395
0374332657	4.0
0132361329	4.0
0151329168	5.0
0941196038	3.0
0375407707	5.0
184884333X	3.0
0099514230	5.0
0310205050	5.0
0931888212	5.0
015603297X	4.0
0529064847	2.0
0307932907	3.0
1594488983	1.0
B009CCBCU4	3.0
0061840254	3.0
0007156618	3.0000000000000004
031024210X	5.0
0890512388	5.0
0310941482	5.0
0415267633	3.0
0764206508	4.0
0385036434	2.0
B00C5QP5V6	3.0
1418549010	3.0
0061969672	4.508116883116883
0060783710	2.0
0723244049	4.663078579117331
0300078005	4.0
0061335290	5.0
082942122X	5.0
0066620422	1.0
0898713617	5.0
0140259198	2.0
0140390448	3.0
0385474288	2.0
0060653205	5.0
0140058508	5.0
1612183751	5.0
0985703024	5.0
0310209307	5.0
069112678X	1.0
0875520928	1.0
0316042781	3.0
0060898631	5.0
0765300966	5.0
1598562908	5.0
B002ROKQU6	3.0
0060724277	3.0000000000000004
0964261022	4.0
1848843798	3.0
1416504141	4.0
159184472X	4.0
1594486352	3.0
B00CHNTQWG	3.0
1590582217	2.0
1587316358	4.0
0156913216	2.0
0736921966	5.0
0060921293	5.0
0310910927	5.0
1887263306	3.0
0767915747	1.0
0525953655	1.0
0801031141	5.0
0801858690	2.0
1586178822	5.0
B00HVKCMQC	4.0
0898708478	5.0
0224619101	5.0
085720873X	4.0
0989531902	3.0
0330519999	4.0
0061702560	2.0
B009ZOZOCG	2.0
0521370329	4.0
0847827615	4.0
009917961X	2.0
0812972333	2.0
0465022529	2.0
0895260905	4.0
0684868148	2.0
0743250281	3.0
0062224670	5.0
157673854X	4.0
0976459302	5.0
1557788642	3.0
