0545170931	4.0
0446555118	5.0
0307263940	2.0
1932158839	5.0
1453833250	5.0
1932234225	4.0
000649885X	5.0
0451231104	5.0
0802117643	4.0
0399154965	5.0
1612962114	4.0
0307946592	5.0
145081946X	1.0
1932158847	5.0
0345396065	5.0
0967834392	5.0
0061567159	4.0
0312570813	5.0
1478722088	5.0
0452297613	4.0
147872207X	5.0
0553110616	5.0
B0094EYU0Y	4.0
0312675089	4.0
0140367217	4.0
0743281632	4.0
1439123128	2.0
0982720904	5.0
0446576077	3.0
1442430354	3.0
0002007770	4.5
0071633057	1.0
0449211177	5.0
1932557660	4.0
1484180747	5.0
1432766368	5.0
0679767819	5.0
0988394901	5.0
1590208609	3.0
0345482514	4.0
1481922726	4.0
1492120464	5.0
1897512678	4.0
B00DGFXDLO	5.0
1600763405	5.0
0399150587	3.0
0141192429	4.0
1608090574	5.0
0307704254	2.0
0345502639	5.0
B0061JQMM4	4.0
0439136350	4.0
1490523103	4.0
0061558222	5.0
0671003461	5.0
038552871X	3.0
067101675X	2.0
0425233499	4.0
0312675062	3.0
1439192561	5.0
143275128X	5.0
0899193528	4.0
0060185074	2.0
143920991X	5.0
0099448572	4.0
0425206718	5.0
1495260259	5.0
030795062X	3.0
1410440478	5.0
1451628587	2.0
0595436293	5.0
0345502620	5.0
034552666X	5.0
0451460170	4.0
0140081674	4.0
B008190NEU	5.0
0679755802	4.0
B00CICE3YM	4.0
0452283892	4.0
0142415995	2.0
1603181008	5.0
B00A81H31U	2.0
0595407706	5.0
1439154279	5.0
0312655452	5.0
0310318963	5.0
0805088938	4.0
0758227132	3.0
0778327140	5.0
B00DHLH4CG	4.0
0439531640	4.0
037300222X	5.0
0988812517	5.0
0394758269	4.0
1455501441	5.0
0679882812	5.0
1481908456	5.0
1439178232	2.0
0615993540	5.0
1470151367	5.0
0778328481	5.0
B004RPXUN8	2.0
0615703585	4.0
0312642172	5.0
111856331X	5.0
0263907546	4.0
0099453924	4.0
0316734950	5.0
0671695320	5.0
0060562498	4.0
0988661004	5.0
0394758250	4.0
0385420536	5.0
0899578918	5.0
1937593363	5.0
0340712511	5.0
0143120492	1.0
0679776702	2.0
0385521227	4.0
0553593099	5.0
0394758285	4.0
1594711976	5.0
0061929883	5.0
0061544450	3.0
146109111X	5.0
1469201615	3.0
0679746048	4.0
0743571266	5.0
1478725192	5.0
0989859924	5.0
0143119494	5.0
0312938810	4.0
0380814897	4.0
0778327167	5.0
1936305267	4.0
0394758277	3.0
1432775243	5.0
0060508116	4.0
0689838581	5.0
0451240006	4.0
0141345713	5.0
1616268484	5.0
0330545000	5.0
0060721588	5.0
0394563158	4.0
0451230671	3.0
0765334038	5.0
0899578934	5.0
1401303242	2.0
0312979339	2.0
0743427718	3.0
0060508108	2.0
0425258769	5.0
0307908259	5.0
0425126064	3.0
0307279480	4.0
044651506X	5.0
031218008X	5.0
0553588540	3.0
0151002517	5.0
1416553010	5.0
0345437977	4.0
1939337259	5.0
1250030161	3.0
0978515870	5.0
0899578926	5.0
0060730552	3.0
0061230871	5.0
0425250806	4.0
0316210684	4.0
0316608432	3.0
1414380453	5.0
0446579920	3.0
0385475721	5.0
0312353812	4.0
0060508175	5.0
1439147914	5.0
1603800433	4.0
0979558840	5.0
0060080841	4.0
0446579939	3.5
B008UI4UXM	4.0
0091779251	4.0
0385475713	4.0
B007W5Y3AE	5.0
0451169522	5.0
0991368002	5.0
1852427167	4.0
0060931418	4.0
1934572055	5.0
1852427159	4.0
0312942028	3.0
098253552X	3.0
0525948627	3.0
0618341234	4.0
0099472287	5.0
1451620691	4.0
1596985518	5.0
0981003753	5.0
0446604658	4.5
0743411323	5.0
0312282990	3.0
0151010196	4.0
159705805X	5.0
1442402326	5.0
1468065343	4.0
149619408X	4.0
030737792X	4.0
0983522006	4.0
B00DXNCP04	3.0
0312353839	4.0
0373443765	5.0
0140437614	3.0
0446509205	4.0
B008XAX376	5.0
0425207196	4.0
0310278376	5.0
061858532X	5.0
0689849249	3.0
1477805931	5.0
1939865646	5.0
1606191624	5.0
1577315987	5.0
0373443781	5.0
0786018518	5.0
0060264306	5.0
0803261837	5.0
0312420366	4.0
0385343035	3.0
1451608128	4.0
0979126339	5.0
0316014508	3.0
0143001027	4.0
1416566384	2.0
0374230595	5.0
0312982011	5.0
1400073332	4.0
0312425945	4.0
0312945078	1.0
1466325429	2.0
031294506X	4.0
1935597256	5.0
B00K2O73L8	4.0
0761106251	5.0
038533401X	4.0
0060512229	4.0
1401923399	5.0
0385751605	4.0
B005YER9L0	3.0
0986751340	5.0
0738732362	4.0
1416556109	5.0
0373777787	4.5
044653191X	1.0
0307750922	5.0
B005M3IN72	4.0
0743597923	4.5
0758200137	4.0
0743299841	3.0
0515120294	5.0
B00CLU6OZW	5.0
B005341WX2	4.0
1612002099	4.0
0060584750	4.0
1451512716	5.0
0062018558	5.0
0446343455	4.0
1432794353	5.0
0471270504	4.0
0857890425	4.0
0312945086	1.0
0802120350	5.0
0061240273	2.0
0515146897	4.0
0375868771	4.0
0545169178	3.0
0312619812	5.0
0979203082	5.0
0983969701	4.0
0060885831	5.0
0671510053	3.0
1936695480	5.0
0007147295	3.0
1909223581	5.0
1612132006	5.0
B00GI9969I	1.0
1599799189	5.0
0316039772	5.0
158234924X	4.0
067974567X	3.0
0380794772	5.0
0140157344	5.0
0425242404	5.0
0060972777	4.0
0986751316	5.0
0446615390	5.0
0151012881	4.0
1492123595	4.0
1935589679	1.0
0978526538	5.0
1414319703	5.0
0399154094	1.0
0312424671	5.0
0340712538	4.0
1631680021	5.0
0312341016	4.0
0978526546	4.0
1484835263	5.0
031255513X	1.0
1400031516	5.0
1475926685	5.0
0312946384	5.0
B00H7FNEF4	4.0
0385526180	5.0
1937317099	5.0
145583985X	4.0
0802143032	5.0
0595006396	3.0
148023365X	5.0
0671009591	5.0
1467708879	3.0
1935597272	4.0
1497598443	5.0
037377205X	4.0
0375705023	4.0
B00486U7TQ	5.0
0375501851	4.0
0345471016	3.5
0061536091	5.0
0345497627	4.333333333333333
0786011858	4.0
031205436X	5.0
0312185863	3.0
0393028542	3.0
1470009668	4.0
B00IRHB912	5.0
140009559X	4.0
1935756257	1.0
0451237315	4.0
0373261845	4.0
0552999458	4.0
1612183646	2.0
0375408924	5.0
0345381769	2.0
0060083999	5.0
0778327957	5.0
159789530X	5.0
158243123X	5.0
1416593128	3.0
1481924524	5.0
0060527331	3.0
0312289510	1.0
0374332657	5.0
1432771671	5.0
0451412559	5.0
1439153701	5.0
0571206042	5.0
B006HMDJN0	3.0
1477455221	5.0
0062004794	5.0
0312555121	3.0
1451648286	4.5
0060010800	4.0
1480078069	3.0
1494746522	5.0
0312950489	4.5
0061474142	2.0
0984990178	5.0
0062049690	3.0
0525951490	5.0
014028009X	4.0
0985687312	5.0
1491243570	5.0
0316168688	3.0
097419123X	5.0
0671024302	5.0
1933618000	4.0
0142413380	5.0
0982144350	5.0
0307464873	5.0
0425213021	3.0
B00E4OH43Y	4.0
0316706000	4.0
1608199924	3.5
B006DJXDCE	1.0
037377334X	2.0
0778327973	4.0
0385313187	5.0
0192835793	5.0
0897934857	4.0
1477807756	5.0
0062019805	4.0
0345458931	4.0
1419663062	5.0
0156028352	4.0
0142417750	5.0
0385532814	2.0
0985258659	4.0
0849921996	5.0
1402206658	4.0
0425226328	5.0
1250035058	5.0
B00GNFLDKM	2.0
0316154067	4.0
006079156X	3.0
0802135447	2.0
0307961257	5.0
1606840851	3.0
0060562536	4.0
B007G0IO00	5.0
0765352680	5.0
1497476755	1.0
0312169787	5.0
B00B7VP6GE	3.0
0440236355	4.0
0974191221	5.0
0061905909	4.0
0312591829	5.0
0736919228	5.0
0595416721	5.0
0545027896	4.0
0440203430	5.0
0316043877	5.0
0312586469	2.0
1410438201	5.0
0143112015	5.0
0060874376	5.0
0312948131	3.0
0871132591	3.0
0984716513	5.0
0778326675	4.0
0195181212	5.0
1936695421	5.0
0553108344	5.0
0812973992	5.0
034543059X	4.0
0756401356	5.0
0553589091	5.0
0061728969	5.0
0547572557	4.0
1434768651	5.0
037307770X	5.0
0451224876	5.0
0345476794	4.5
0061714305	2.0
0060874368	5.0
019283620X	3.0
0671024345	3.0
0978026233	5.0
0062004786	5.0
000721278X	5.0
0451232496	5.0
0586040102	3.0
1612183662	5.0
0345505719	3.0
1608196852	3.0
0756402697	5.0
0307590615	5.0
0425241971	4.0
0006498000	5.0
006056251X	4.0
042521740X	4.0
1610390040	3.0
0553383256	4.0
0060873027	3.0
0670015652	5.0
0671737619	2.0
0385342500	4.0
0142417793	4.0
1602607559	5.0
0061558265	5.0
0399157182	5.0
B00HTSC0WW	3.0
1448976847	5.0
0547572573	4.0
0446618470	5.0
0312382456	5.0
1781165998	3.0
0380728265	4.0
0374525862	4.0
0061007226	5.0
0800730801	3.0
0553110721	5.0
076135686X	5.0
1595552502	5.0
1401679218	5.0
1401340903	3.0
B00CJV1DVS	3.0
0061857521	3.0
0340837950	2.0
B00AVKL9KO	4.0
006199104X	5.0
1250020026	5.0
B0084U9KWW	4.0
1452668388	3.0
0345533054	5.0
1442445513	5.0
B00AH0OJ5A	5.0
0312569912	5.0
037570924X	5.0
1935171410	5.0
0062232509	3.0
B004SBPSJ0	5.0
0671023179	4.0
1583225501	2.0
0140314601	4.0
0312382472	3.0
0345424719	3.0
1601420137	5.0
B003F3PM9S	5.0
1455521175	5.0
1481136194	3.0
1478723289	5.0
0395877326	4.0
0778329631	2.0
0002226618	4.0
1596913916	2.0
006056542X	5.0
080073436X	5.0
1481118315	5.0
1250021340	1.0
0060006927	4.0
0709091664	3.0
1432711962	4.0
0307592200	5.0
0778328317	5.0
0679644199	5.0
0312967411	4.0
0062047779	4.0
0385537794	5.0
0330334611	4.0
006208478X	4.0
0987930044	5.0
0425262936	5.0
160714056X	2.0
067974066X	4.0
1623650925	5.0
0099447126	3.0
0553589113	5.0
0425033767	3.0
098848370X	5.0
0312368100	5.0
0060562382	5.0
0821758551	5.0
1938243935	5.0
147525895X	5.0
0060929294	5.0
1400033462	5.0
1921578726	5.0
0312625510	5.0
0375411690	5.0
1590516850	3.0
1594201242	5.0
1582437319	5.0
1578569125	5.0
0099288230	1.0
0373605188	4.0
0758287518	5.0
1481255797	5.0
0061057541	5.0
0825436680	5.0
1452898014	5.0
0987930028	5.0
0545054745	5.0
0385342454	3.0
0061004138	5.0
0312943423	5.0
1483940136	3.0
B008KPH7O4	5.0
0140079459	4.0
0312368127	4.5
0547496389	4.0
0316196711	2.0
1578569117	5.0
0977147436	5.0
0312655347	1.0
0547224850	4.0
0758241305	3.0
1603181105	5.0
B008I59G0Y	1.0
1935142097	5.0
0393315088	4.0
145580603X	4.0
0151004218	3.0
1449428495	5.0
0778315053	5.0
0806531290	5.0
0393312801	4.0
1932586296	5.0
0441008534	5.0
0987930001	5.0
0450053792	5.0
1611099854	4.0
0679752617	5.0
0399157964	5.0
0736917411	5.0
0517204770	5.0
0425219275	2.0
0446578754	3.0
0764209116	4.0
0788159933	5.0
030726999X	4.0
B00JDYC5OI	5.0
1594744769	5.0
0765312581	5.0
0380790254	5.0
1401685048	5.0
0451230531	5.0
B00CXTMZWC	5.0
0340823364	5.0
0875162606	5.0
143915676X	2.0
0312573804	5.0
0062008110	4.0
000712774X	3.0
1939337399	5.0
0446363251	5.0
0316078425	4.0
0547367546	3.0
B00ANFPSS6	4.0
0345330153	3.0
0307955575	4.0
0982649444	5.0
1845134818	4.0
1416565116	4.0
0385491034	3.0
0761511571	5.0
0140417087	4.0
074343787X	5.0
0061229776	3.0
0425212602	3.0
0446573094	5.0
0345367421	4.0
067002130X	5.0
0316127388	5.0
1594143099	5.0
0452264898	3.0
1466266732	4.0
023011444X	3.0
1570756163	5.0
045123491X	4.0
1938442024	5.0
0956371167	5.0
0615299857	5.0
1439159823	2.0
1416558829	5.0
B00GQEYWVW	3.0
0786706686	3.0
0689852789	3.0
1475181221	5.0
1596062495	1.0
0375724834	5.0
0399154019	5.0
059530253X	5.0
098360455X	5.0
1611880610	5.0
0345367413	2.0
0312947852	5.0
0345330129	4.0
0761106332	5.0
0671536818	5.0
0395353009	2.0
0380816520	4.0
0316069515	5.0
0486242110	3.0
075822043X	5.0
0062284576	5.0
1935142038	5.0
0441019242	5.0
0425245527	4.0
1416534571	5.0
098476559X	5.0
1402236425	1.0
0425223310	5.0
0151014434	4.0
1416538933	3.0
0312569033	4.0
0385491077	4.0
0340823356	5.0
0740760696	1.0
1475271093	5.0
0984421955	5.0
B005C54XNS	3.0
0765332175	5.0
0345330145	4.0
1606191748	5.0
0446573051	4.0
0312947860	5.0
160832172X	5.0
1402220065	5.0
031605755X	4.0
0982555032	5.0
146643936X	5.0
0340953616	5.0
0007442920	5.0
0764200739	5.0
0989195708	5.0
B005RGXNW4	5.0
1590581857	5.0
B00AHRWA0Y	5.0
0312205767	4.0
0312534396	2.0
162634017X	5.0
0957300905	4.0
0374266425	3.0
1416509593	5.0
0736921400	5.0
146629471X	5.0
1606191640	5.0
B00EAEDY6E	2.0
1400314763	5.0
0743572750	4.0
0316018767	2.0
0821766996	5.0
0140293248	4.0
1444756699	5.0
3950280405	5.0
1475145578	5.0
0140239731	5.0
0007183054	5.0
0156033674	4.0
1439153663	5.0
B007133JY8	5.0
0765324512	5.0
0802119492	5.0
0307741095	5.0
0062077562	4.0
0451229606	5.0
0062068601	4.0
0736921419	5.0
1440461163	5.0
061587231X	5.0
0812970993	3.0
034542655X	5.0
1604742755	5.0
0316018740	4.0
0718111982	3.0
1606191667	5.0
1455520640	5.0
0800732510	5.0
B00D477B7Q	5.0
B00IX6AGU2	5.0
0373776594	3.0
045122650X	5.0
0857662872	4.0
1494946068	4.0
1590529359	5.0
0312427808	4.0
0312969120	4.0
0141034262	5.0
0307594033	5.0
0062068628	4.0
0307395987	4.0
006206861X	3.0
0786026863	2.0
1595545336	5.0
1938231147	5.0
0764209167	4.0
0736928073	5.0
0307712508	4.0
4770029047	3.0
1442483784	2.0
B00H1B6ADC	4.0
0805092862	4.0
1463541848	3.0
0373286414	5.0
0316198587	4.0
0767916565	5.0
0061009059	3.5
1456546864	5.0
148116418X	5.0
0451235487	3.0
0062135961	3.0
0316018724	1.0
077831278X	4.0
0062068636	3.0
0307947912	4.0
1414315473	5.0
1496085574	4.0
1590806662	5.0
0736689389	5.0
0061015725	4.0
0451213262	4.0
0312271212	4.0
0375421327	5.0
0142003077	3.0
0062068644	3.0
0684853159	3.0
1477809686	5.0
B00BPG6MFK	4.0
0446572594	5.0
1482586525	5.0
1105199665	5.0
1482585200	5.0
0062068652	4.0
0026309106	5.0
1451684819	3.0
0983887977	4.5
1400044944	4.0
0307278867	4.0
0312252943	5.0
0307932885	4.5
0812979362	5.0
1497345510	4.0
009956064X	5.0
0060817089	4.5
0316027650	3.5
0375507264	3.0
1470077892	4.0
0399158308	1.0
0578065452	3.0
0373240228	5.0
B007ATP9X2	5.0
0399158383	5.0
1456507214	5.0
0312576986	3.5
0312422156	5.0
0380812924	4.0
0399158375	5.0
0778326500	5.0
0671779370	1.0
0312876130	5.0
1423108760	3.0
1612183522	5.0
1401918751	5.0
0373797427	3.5
B0092RXYLO	5.0
B007A577SQ	3.0
1883011140	4.0
0765322722	5.0
0547792778	5.0
031255219X	4.0
1492297070	3.0
0385130171	5.0
160820412X	5.0
1934755036	4.0
0843963050	5.0
0451235436	3.0
0446547573	5.0
0843955430	5.0
1466463929	4.0
0062122614	3.0
0152166696	1.0
0765322730	5.0
0974320668	4.0
1611730244	5.0
0140390316	3.0
0062049577	5.0
1934451061	2.0
0385736762	4.0
014312546X	5.0
0307408841	5.0
0312365179	4.0
0849920779	5.0
0345349571	5.0
037371422X	5.0
0803734735	2.0
0143116533	3.0
0615282911	5.0
0140621806	5.0
1401310338	5.0
0061582026	4.0
1781162999	5.0
0553213113	1.0
1626340137	4.0
0385341970	5.0
1400031664	3.0
0307743667	2.0
0764204335	5.0
0349108706	2.0
0312368216	5.0
1416527397	3.0
1558323759	5.0
0451155750	3.0
0373797435	5.0
0143113496	4.333333333333333
0141302690	3.0
0307743659	3.0
0307947076	4.0
0307266850	3.0
1420101765	3.0
0451231023	5.0
0380776820	5.0
B008UL4DT0	5.0
140004233X	2.0
0312380755	3.5
0312374062	4.5
0547393083	5.0
1463413262	5.0
1480074616	5.0
1616087315	5.0
0312962576	5.0
1933523131	5.0
0061094560	5.0
0743243307	3.0
0312088620	4.0
1479143707	4.0
0446582786	4.0
0141441542	2.0
0316018775	4.0
034553302X	4.0
0307386171	3.5
0246107901	4.0
0375433392	5.0
1469982994	5.0
1565124669	4.0
0399162410	4.0
178116293X	5.0
1583141391	5.0
0091795273	5.0
B004EEONNI	3.0
0399150439	4.0
0446582794	3.0
1250019990	3.0
0312926022	3.0
B00C1009YE	4.0
1402264402	2.0
1616952776	3.0
0316018783	5.0
0765329336	5.0
043935806X	5.0
1419656864	5.0
146100635X	2.0
0143121073	4.0
0312365144	4.0
0345487559	4.0
0345466632	3.0
0316097543	1.0
1250019982	3.0
1601420102	4.0
1565123344	3.0
0385507968	5.0
0451166604	3.0
1414314744	4.0
1478335017	5.0
0312587481	4.5
1455501654	3.0
0763629502	2.0
014024364X	5.0
0553588346	5.0
1257802631	5.0
1401931693	5.0
1461195977	5.0
0553110845	5.0
0521710057	5.0
0373696906	5.0
0062227289	4.0
1612183018	4.0
1590172329	2.0
0226771008	5.0
0553384767	5.0
0312943563	3.0
0451199510	5.0
055356871X	5.0
0316695068	4.0
1623651085	5.0
0857689657	5.0
1495480534	5.0
B007QY62QE	5.0
0441020739	4.0
044661159X	3.0
0671042858	4.0
0140185224	4.0
0981965423	5.0
1565126807	5.0
0765326264	5.0
1440172420	5.0
1936305097	3.0
0399161481	5.0
1466366680	5.0
0226771024	5.0
1595540857	3.0
0312929293	4.0
1612185657	5.0
0060577304	5.0
1935142178	5.0
0679751254	5.0
1250023637	5.0
0064403823	5.0
1478255293	5.0
0061357901	3.0
0312199783	3.0
0345530918	5.0
1593154828	4.0
0345468457	2.0
B009JUQ5OM	5.0
B008XWXHT8	4.0
0615833411	4.0
039914496X	4.0
0385537859	4.5
B00H11TB2Y	4.0
0451233964	4.5
0062002732	3.0
0373605293	3.0
0061836923	3.0
B00D4HVF78	3.0
031238470X	3.0
0615797237	5.0
039913297X	3.0
0312384718	3.0
0340979496	5.0
0061205648	5.0
0764576348	5.0
B00GF4T98E	5.0
098501962X	5.0
0615763855	5.0
B00JBV41Y0	4.0
0441019765	4.0
0765318636	5.0
0316024961	4.0
0553592416	3.0
1476718970	5.0
1941098096	5.0
0099710013	5.0
1453875700	5.0
0786021993	4.0
0743260937	5.0
1455521248	5.0
0425261743	2.0
0062008064	5.0
0446905186	3.0
0140183485	4.0
1463774494	5.0
1400068673	3.0
0786005866	5.0
0843957441	3.0
0553592424	3.0
1480043176	5.0
1477849793	4.0
1908961457	5.0
0140132708	3.0
0373210965	2.0
1492994707	5.0
0761354174	4.0
161188053X	5.0
0345476026	4.0
0061430218	4.5
0743260929	5.0
0425246116	4.0
0316036919	5.0
0312349513	4.0
0778317110	4.0
0778326055	5.0
0671688359	5.0
1451686668	5.0
0385743378	1.0
0307739538	4.0
0983368414	4.0
1466456612	4.0
0451458443	3.0
045121658X	3.0
0375400400	3.0
B00HYJFAGY	4.0
0330419129	5.0
1410422445	4.0
1420130846	3.0
1933718552	3.0
031025065X	5.0
1616147911	5.0
0099464462	5.0
0373778481	2.0
1612183085	5.0
1598246690	5.0
0825424909	5.0
0061962201	2.0
0872165868	5.0
0451221958	4.0
0890878382	5.0
B009JUZQVK	4.0
B00AKOIUG2	4.0
0975379356	5.0
031219532X	5.0
0307908488	3.0
1250033896	4.0
0385496842	4.0
0020315910	4.0
0345483200	4.0
0060570733	5.0
0727880799	5.0
1401687369	5.0
1481976303	5.0
045123393X	4.0
B00BZEQ62G	5.0
0312375891	5.0
0312583974	5.0
082178076X	2.0
0786706317	5.0
0399155635	5.0
0375719350	4.0
0615729118	5.0
1416556761	3.0
0615661807	5.0
1450259987	5.0
1416587004	4.0
0739476475	5.0
0060392452	3.0
1118083210	5.0
037543075X	5.0
1495437701	5.0
0061161535	4.0
B0087HI5DC	5.0
1416590692	2.0
0140258795	4.0
0385344139	5.0
0785261796	5.0
1932855572	5.0
0099526832	5.0
1426774494	5.0
0312582668	5.0
0470267267	4.0
0375700757	5.0
0345427998	4.0
0553808087	5.0
0743573641	4.0
0061915017	5.0
0761455647	5.0
0345413369	3.0
0440206251	3.0
1903402700	4.0
0615625320	3.0
0140088911	4.0
0439899273	2.0
1451617291	2.0
0812992857	4.0
B009LEKPFQ	4.0
1442362383	5.0
1449569153	5.0
0345532740	3.0
1604947373	5.0
0824836340	5.0
0312611617	5.0
1590526902	4.0
B00DENC0R6	5.0
0679724494	4.0
031253972X	5.0
0312968892	5.0
1599304090	5.0
1401341780	4.0
037344351X	5.0
0373605234	5.0
0385494238	3.0
0785261788	5.0
0345413350	4.0
0441091989	5.0
0802120679	5.0
0007172826	3.0
038552580X	5.0
0385733976	2.0
1489526285	3.0
0307987205	4.0
0316036064	5.0
0316776963	3.0
0446553972	1.0
0140188282	4.0
0345476972	4.0
1458201627	5.0
0786891297	5.0
0615460534	5.0
1938701283	5.0
0230755062	5.0
1612186076	5.0
0451135431	4.0
0192806629	3.0
0983346151	4.0
0307474844	4.0
1597896020	5.0
0786711647	5.0
0553583581	5.0
0007438885	2.0
1603184279	5.0
1602602050	5.0
0007228023	5.0
067169071X	4.0
1482096528	4.0
0425240037	1.0
0006511252	4.0
0375411925	5.0
0345476999	5.0
0451213580	4.0
B00KP4P5QU	4.0
0316098329	4.0
160154345X	5.0
1439121982	3.0
0743294394	3.0
0307358666	4.0
006017143X	4.0
1468141740	4.0
0671023616	5.0
0727868144	4.0
0151008116	3.0
1401912478	5.0
006114360X	5.0
0061143618	5.0
0061474312	4.0
1416572848	5.0
B007AW2C8Y	5.0
0345496574	5.0
0615377130	5.0
014305760X	4.0
0606238409	5.0
0312385293	3.0
0060529709	4.0
1416599061	3.0
B00I7JK0FG	5.0
0310276446	5.0
080509010X	4.0
B005N1OU7A	5.0
0615793673	4.0
031609966X	4.0
B00G04BOAA	5.0
0553808133	5.0
0140285539	4.0
0156013908	4.0
1416560874	3.0
0451417143	5.0
0871131420	4.0
0062314114	3.0
1414336063	5.0
0061128899	4.0
0061236829	2.0
0547892624	5.0
0307277887	4.0
1483665836	5.0
1435709403	5.0
1476709157	5.0
0345439104	4.0
034549654X	5.0
0195397932	5.0
0345496558	5.0
0758200323	5.0
0984604405	4.0
0143123300	5.0
0595686443	2.0
0061128880	3.0
0373210035	5.0
015206396X	5.0
0545230500	4.0
0007267622	3.0
1416551948	4.0
1590529219	5.0
0451229924	3.0
1416509887	3.0
0787107301	4.0
0758226969	5.0
1461084539	5.0
0553272438	5.0
0743214277	5.0
0812981324	5.0
0310250684	5.0
0375821821	4.0
0393322157	4.0
0449208672	4.0
B0060PEOR4	4.0
0615310729	5.0
0982773714	5.0
0470913029	4.0
1484042018	5.0
0375415475	4.0
1416549633	5.0
1590529227	5.0
0857687824	4.0
0385348452	5.0
B00D5G560U	4.0
0141188936	5.0
B0075RI2U6	2.0
0439064864	5.0
B00HG1T1Z6	3.0
0316058254	3.0
B00HT9VMDE	3.0
0425207463	3.0
1843864398	5.0
B00EV5AM08	3.0
0684868199	3.0
0312378114	5.0
080073310X	5.0
0800733118	5.0
0312428812	4.0
0061561223	2.0
0778324206	5.0
0786701463	3.0
0446547204	3.0
0307387135	4.0
0385319924	5.0
0312378106	5.0
1416509879	3.0
0062088149	3.0
0312856644	4.0
0061655511	3.0
0857660705	3.0
0786032553	5.0
0345369076	3.0
1595140220	2.0
0385514395	2.0
037582233X	5.0
095805438X	5.0
0544264975	4.0
0755344561	4.0
0441003303	2.0
1926681193	5.0
0143034901	4.0
0373243839	5.0
0452281881	4.0
0825436923	5.0
0062197258	5.0
1593306474	5.0
0375411089	3.0
0062003259	3.0
0061718947	4.0
0451164962	4.0
1432825038	5.0
1597776068	3.0
0312587538	5.0
0312534884	4.0
1558322531	5.0
0312323859	4.0
0800722434	5.0
B00BHIUK6S	3.0
0316156493	4.0
1555837107	3.0
0345427157	5.0
1551662884	4.0
0312272057	4.0
0375411070	4.0
0440245095	5.0
159052747X	5.0
1400044618	4.0
0307346609	5.0
189330289X	5.0
0825436931	5.0
0871133261	3.0
0394757645	4.0
0979593360	5.0
0425243966	3.0
1616147121	5.0
0671023691	2.0
0141439580	3.0
0312947054	3.0
0439023483	4.857142857142857
0825425409	5.0
1451614217	5.0
0307378209	3.0
1416505474	3.0
0786891254	5.0
0778325571	5.0
0743234707	5.0
0553582216	5.0
0983564973	5.0
0307387178	4.0
0316041440	5.0
0439023491	5.0
043920352X	5.0
0307393852	3.0
0441017975	5.0
0312241763	3.0
037571894X	3.0
0394757661	3.0
161109044X	5.0
B00BA6JZ9U	5.0
0553582224	5.0
1400030021	5.0
0061348171	5.0
0758287917	2.0
B00C3341BG	5.0
1495362817	4.0
009917961X	5.0
051513953X	4.0
0743566572	5.0
1478247525	5.0
014118146X	4.0
1448694426	5.0
0064434974	5.0
1552785084	2.0
0553587927	4.0
1477809732	2.0
0553386522	4.0
B005CB8C5W	5.0
B00AGA4UGY	3.0
0385340567	4.0
0425216322	4.0
0060920076	4.0
0671223321	5.0
039475767X	4.0
0312427565	5.0
0385338252	2.5
0425203026	4.0
0312375069	4.0
1481925628	5.0
0060781580	4.0
0451524497	4.0
1439102767	4.571428571428571
1439172633	3.0
0615830226	4.0
0881845566	5.0
0060733071	4.0
B00B1WRETG	4.0
1936653389	2.0
0451460006	5.0
0060185147	4.0
0984419810	4.0
1611090407	5.0
B005F0YSZS	5.0
039308700X	5.0
0988723506	4.0
0312978324	4.0
0312267460	3.0
0060504285	5.0
0375719296	4.0
0099494140	4.0
1612184227	5.0
0385732554	5.0
0062060554	5.0
0140434275	5.0
0316052094	2.0
1419954466	3.0
0312565313	4.0
0451415418	5.0
031236394X	3.0
0062198505	2.0
149377767X	3.0
149913391X	5.0
0385732562	5.0
1476783284	5.0
0743238095	2.0
0425227944	4.0
0307465209	5.0
0316002623	4.0
0440242886	5.0
0670025992	5.0
0307389812	3.0
014219672X	5.0
1609280954	3.0
1493548670	5.0
0140184031	5.0
0061456756	3.0
0140284087	3.0
0446566578	4.0
0812976843	5.0
0976340801	2.0
1590526880	4.0
1439207623	3.0
0061132225	5.0
1603182683	5.0
1455599182	4.0
1439262470	5.0
0955265029	3.0
0356500276	4.0
0312363907	5.0
1590526899	5.0
1603181369	5.0
038536315X	4.5
0263877957	4.0
0446531081	5.0
B00HG1T1GA	4.0
0385501129	2.0
0375414959	2.0
0140120831	5.0
1467968986	4.0
030728364X	4.5
0988314908	4.0
1590526864	4.0
B00HG1T1JM	4.0
B00CIH2XLW	4.0
0451211634	1.0
0671026011	5.0
1433669730	5.0
0307351262	4.0
0671027344	4.0
0099457156	2.0
043902353X	4.0
0547859260	5.0
0743202961	4.0
0374126879	2.0
1590526872	4.0
1611099641	4.0
0983676429	5.0
0142427861	4.0
B00C126RFM	2.0
0140861580	3.0
0307887103	5.0
0505523434	5.0
B004MDLU32	5.0
0375414932	4.0
0061684228	5.0
1453650091	5.0
0345496620	4.0
0385494327	3.0
0736923411	5.0
0060851988	2.0
0380974215	5.0
0316017701	3.0
B00HRIDFVY	5.0
B0055PMJMW	5.0
0099490625	4.0
0739327364	2.0
0062227327	5.0
044658083X	5.0
0446580848	5.0
0062195409	5.0
1438215649	5.0
0062273248	5.0
0743202988	4.0
1937698556	5.0
1606962973	4.0
0060931736	4.0
0330482165	5.0
0375821813	4.0
0307267571	4.0
088730866X	3.0
0802126065	5.0
1461072514	4.0
1480075698	3.0
098326631X	5.0
1859643299	4.0
0989180417	5.0
0452285569	2.0
1419684671	5.0
0061452319	3.0
1416547924	4.0
0316013323	5.0
B008LZ872E	1.0
0375410546	3.0
0595490980	5.0
1411621913	5.0
0385320027	3.0
034551548X	5.0
0312577184	5.0
0141326085	5.0
0425209210	4.0
0345387651	4.0
0802126057	5.0
B008S22KEG	5.0
1451641087	4.5
1250035724	5.0
042523553X	4.0
1573920398	5.0
141654223X	2.0
039306123X	3.0
074344874X	3.0
0307245306	5.0
0743448758	3.0
014006110X	5.0
1432743775	5.0
0060008032	3.0
0439023513	4.25
0060088877	4.0
0316154741	5.0
1439197059	4.0
1467964565	3.0
0373210213	3.0
0452286875	5.0
1926997859	5.0
0399155589	5.0
1416546618	5.0
0989450201	5.0
0615168671	5.0
0061996556	2.0
1594144125	5.0
0375859551	4.0
1432790935	5.0
B008OM26DU	4.0
0316040924	4.0
0141348291	5.0
0307453278	5.0
1932173919	5.0
0451237382	2.0
039915423X	3.0
1595959025	5.0
0393313964	3.0
B0042RUNZE	5.0
0316013315	5.0
1940517001	4.0
0143038419	5.0
0312980663	4.0
0312201656	5.0
1612175392	3.0
0060524715	5.0
0373303122	2.0
0399134654	4.0
B00BAXT2UU	3.0
0345539478	5.0
0312749511	4.0
0099494175	4.0
0061052477	3.0
1401303390	5.0
0060731303	3.5
1416978933	5.0
045141411X	1.0
1416599126	5.0
0553348973	3.0
0393319296	5.0
1857765664	4.0
0440107601	4.0
1466415177	3.0
0099911701	5.0
0345433068	3.0
0373440375	4.0
B00699917E	1.0
1592404456	2.0
1463630778	4.0
1573221473	5.0
0060194995	5.0
0446355453	5.0
161218071X	5.0
0520228731	3.0
0989180468	5.0
0385344007	2.0
0971068496	1.0
0307465233	5.0
1611062306	5.0
0375409513	4.0
0553593803	5.0
0452274893	2.0
0849921392	5.0
0958666431	5.0
0143115855	5.0
0983266387	5.0
0486461874	5.0
1464200696	5.0
141654531X	2.0
0743294254	2.0
1404186735	5.0
0061130400	5.0
0385497431	5.0
0312948468	5.0
0373605412	5.0
0060923288	5.0
034911563X	5.0
0425240142	4.0
1611097835	4.0
0979996023	5.0
0547572638	4.0
0316156507	4.0
0385338988	5.0
1475180586	5.0
B006O2G9OE	5.0
0373443366	5.0
0316074225	4.0
1416580557	5.0
0061450545	4.0
1425746845	4.0
0312420145	2.0
0307913090	5.0
0345379144	4.0
1620865548	5.0
0553562738	5.0
0743294270	5.0
0062314254	4.5
044021355X	4.0
174275306X	4.0
1595542493	4.0
034541215X	4.0
1885478658	5.0
0425228479	3.0
0984161872	5.0
0446527793	3.0
B00D1CF7OS	5.0
1433503743	5.0
0989180492	5.0
0451459946	1.0
0060883529	5.0
0307275167	4.0
0142004596	4.0
0307263118	3.0
0062305301	4.0
0099468646	4.0
B005S1XTEA	3.0
0399154140	2.0
0399155481	5.0
1603183043	5.0
0393325997	5.0
1492746843	5.0
0060090375	5.0
042519504X	5.0
014004020X	5.0
0316018953	3.0
B00DUFEG9I	5.0
0553572997	4.0
B00HL2MGPM	5.0
B00D1FNNMI	5.0
0312262515	5.0
B00EN1ZJ5S	3.0
1419959301	4.0
0312364423	5.0
0316006963	5.0
1414361122	5.0
0060090367	2.0
0425233820	3.0
0984161805	5.0
0875165516	5.0
1606190598	5.0
1571109544	5.0
0802719716	4.0
0140074481	3.0
0982539614	5.0
0451229800	5.0
0316074268	5.0
1401911099	4.0
1467961434	5.0
0140621199	5.0
1490425500	5.0
0141012692	3.0
1414361114	5.0
B00HZXT6ZK	4.0
006113967X	3.0
0676975852	5.0
1400074568	5.0
0982539630	5.0
0312992599	4.0
1401685781	5.0
0345511891	5.0
1476712883	4.0
0451192036	4.0
0393323366	4.0
1434843890	2.0
B005UD4VWA	5.0
0985257407	5.0
0984789383	4.0
1601420749	5.0
0312242913	4.0
0758266022	5.0
0425239152	2.0
0307267512	5.0
0060195339	4.0
0425266745	5.0
B003OYIGFU	5.0
0307390896	4.0
0679722645	4.0
0765306468	5.0
0743277759	4.0
1479119806	5.0
042523603X	5.0
1400040361	5.0
0312943601	4.0
039333841X	4.0
0553573489	3.0
0743454529	4.0
0147509734	5.0
0451223691	5.0
0345506502	1.0
0976607905	5.0
0761453822	4.0
B00CD7QO5S	5.0
0982580703	5.0
0425180840	5.0
009928264X	4.0
0312993099	4.0
1456329367	5.0
0758269196	5.0
1400040353	5.0
0778326756	5.0
1484081501	4.0
0312964528	4.0
1449014801	5.0
0679722661	5.0
080500534X	5.0
1450298621	5.0
0786032448	3.0
0451233026	5.0
0615596517	5.0
B007S1KNP6	5.0
0451221052	2.0
1477584609	5.0
0373776764	3.0
0060734469	4.0
0778313468	5.0
0425251691	5.0
0345534557	4.5
0385528213	5.0
0060090383	5.0
0425242757	4.0
B004EYUH9C	5.0
0307276414	2.0
1936608758	5.0
1935597183	5.0
0061628018	3.0
1400044731	4.0
0075536668	1.0
0374528373	3.0
159691288X	4.0
1423116186	2.0
0969276818	4.0
0440237556	4.0
0060923245	4.0
0786032464	5.0
096138591X	3.0
1852424338	4.0
B00DCFQI4W	5.0
1484173228	5.0
1611090326	5.0
B00EY172MA	5.0
0385338147	4.0
1482524058	5.0
1482389916	5.0
B00K4EGGVY	4.0
1432758756	5.0
0743277724	4.0
0446618128	4.0
0679722610	3.0
1440149267	5.0
0989042901	4.0
0310319056	5.0
0988348268	4.0
044640053X	3.0
1451588496	5.0
0192837672	3.0
038533947X	4.0
006168984X	5.0
0679722629	4.0
0440217970	2.0
0786024860	4.0
0060573775	4.0
0670015784	5.0
0451231295	5.0
193281535X	3.0
0345533283	5.0
0425224074	4.0
1410436349	4.0
0786024879	5.0
0446612804	5.0
0671558366	5.0
0985621214	5.0
1451673515	5.0
1568586442	5.0
0441016790	4.0
055334949X	2.0
0060525266	4.0
0615498116	3.0
1887276513	5.0
1482684578	5.0
0857686364	5.0
B007JBG9HG	5.0
B005Y16IWO	5.0
0345515501	3.0
0062195379	5.0
145161747X	5.0
1846682363	4.0
1494931451	4.0
0739332449	5.0
1932993886	5.0
0982795246	5.0
0615477526	5.0
0394448588	3.0
0143118579	5.0
1426756860	5.0
0373772521	3.0
0330449605	4.0
1432770861	5.0
0857686356	5.0
0765320703	5.0
1250024749	5.0
1550228307	4.0
1432706284	5.0
0312351607	5.0
0977005046	5.0
031237917X	5.0
1451642466	2.0
0345468694	3.0
B00I7X5ML4	5.0
1848565267	4.0
1432825674	4.0
0312315953	4.0
0140152989	3.0
0451414691	5.0
1609760999	5.0
0060096780	5.0
0671691392	3.0
0141027592	3.0
1476718784	3.0
1595551751	5.0
0307341542	5.0
0679601392	4.0
0312359586	3.0
0312385854	5.0
0312315961	3.0
1436394058	5.0
0399160388	3.0
0451128559	3.0
0345375564	5.0
B002VWKEYC	5.0
0615203639	5.0
0061684309	4.0
0446563188	5.0
146352210X	5.0
1401323243	2.0
1582435251	5.0
0316002925	1.0
0060082194	4.0
0758273495	4.0
0061143480	5.0
0312856830	1.0
B00AVKKUKE	4.0
1496055497	5.0
0983431140	5.0
1489523863	3.0
0425238717	4.0
0385503857	4.0
0307390500	5.0
0099740915	5.0
0786020415	5.0
0142800562	4.0
0345528875	3.0
0140058893	4.0
0312852487	5.0
0060795484	5.0
0310269024	5.0
1461032369	5.0
0615274838	3.0
0025853503	5.0
1401688489	5.0
0062184687	3.0
0345535154	4.0
145369983X	3.0
0061572934	3.0
0062309897	5.0
039915583X	3.0
1477817506	5.0
1479115428	4.0
0763648442	4.0
0316055433	3.0
002028361X	2.0
143431071X	5.0
0080068472	3.0
0957406711	5.0
0985652209	5.0
1616330597	5.0
0446600660	4.0
B008AK8TQY	5.0
0099451751	5.0
0299205649	4.0
B00CFAGTV2	3.0
0345515579	5.0
0767901843	4.0
006113452X	3.0
0764227238	5.0
0871132095	3.0
B00HDQFG76	4.0
0062208357	5.0
0399142533	4.0
B00GUXKM0O	2.0
0380781891	5.0
030727859X	4.0
0195038630	5.0
1466338342	5.0
0451165594	4.0
B006UMKPDE	5.0
0786867345	4.0
0786022183	5.0
034543448X	4.0
B00EG5PTPQ	5.0
0099581876	3.0
0345515595	5.0
0446618861	3.0
0440244323	2.0
031238324X	4.0
B00FYURUQS	4.0
0312591330	5.0
0471273953	5.0
0062306812	3.0
0199549885	3.0
0425179060	5.0
0778316041	5.0
0061998885	5.0
0375501347	4.0
0425210316	5.0
149293402X	4.0
0778328031	5.0
1940832004	5.0
B009WJWD2S	4.0
0553383620	4.0
0615618820	4.0
0895295849	4.0
0312383282	3.5
0452295491	3.0
1934572489	5.0
1481161660	3.0
0983952450	4.0
B00IBMME08	4.0
0307715310	4.0
0312622945	5.0
0141441178	4.0
0553591703	5.0
0345434471	4.0
1590585151	5.0
0743222008	4.0
0345438825	5.0
0871132966	4.0
0606290850	3.0
0375713808	5.0
B0060QBS8G	5.0
B0079Q0HU6	5.0
B00JLHHYWA	5.0
0615953948	4.0
0985297026	5.0
0393332128	4.0
1440419922	4.0
0061998850	4.0
0375407243	4.0
0385334583	5.0
0007205236	3.0
0871132907	4.0
1401309801	4.0
1425953514	5.0
0385497520	4.0
0515142034	5.0
0425256529	4.0
0671868691	3.0
0446505293	5.0
0061128708	5.0
055359172X	3.0
0152165843	5.0
0764209418	5.0
B00492CJVS	5.0
0060872985	4.0
1590589564	5.0
0983952493	4.0
1468161660	5.0
0345416600	5.0
1250031044	5.0
0452278902	4.5
0446178144	5.0
0679750533	4.0
0434291838	5.0
1439180962	2.0
0307595870	3.0
0345494997	3.0
0316066141	5.0
0983952477	4.0
B00AP5YR18	4.0
0374214913	4.0
0743291476	5.0
0615483305	4.0
0061998869	4.0
006207993X	3.0
1449924999	3.0
1599794691	5.0
0553590413	5.0
0307388298	2.0
0425221989	2.0
0399157565	1.0
0312169345	5.0
1480279455	5.0
0451235150	5.0
0061992704	4.0
0312205406	3.0
1616952490	4.0
0684813637	5.0
B00ATRCPSE	1.0
0140053204	5.0
0765311771	5.0
0786003820	5.0
0312364105	5.0
0671721658	5.0
0679734589	3.0
0316014044	5.0
0312947240	1.0
0743423739	5.0
0615496717	5.0
0843955945	4.0
0393324559	4.0
B00AFMOZ40	3.0
0982147015	5.0
1852424494	3.0
1468141996	5.0
1555838294	3.0
B006DJSRIO	3.0
B00FXAG6MS	3.0
0316003360	5.0
0340980710	4.0
0310330157	5.0
0425206335	4.0
0786022124	5.0
0061138037	5.0
0307394956	2.0
0345461258	5.0
1582404135	4.0
0345542223	4.0
1603184481	5.0
0679736301	4.0
143438361X	5.0
0451196716	5.0
0091954053	4.0
0307886840	5.0
1621831299	5.0
B00AMHDUMQ	5.0
055309582X	3.0
1573221775	5.0
1481135309	5.0
0786022132	5.0
0345511972	5.0
0345499840	2.0
B00J9QQB22	4.0
0679441859	3.0
0140430571	3.0
0142410713	5.0
0393315630	4.0
1608447480	5.0
0312306261	3.0
1938749030	5.0
0140071075	5.0
097991678X	4.0
0062240501	4.0
0140071083	4.5
0062278290	4.0
0805093834	3.0
0553050931	5.0
006075981X	5.0
0505526115	3.0
1569479666	2.0
160318094X	5.0
0515146471	3.0
0141439750	2.0
B00G2UXCK2	2.0
0312594488	5.0
0441100252	3.0
0989050807	5.0
0071668993	5.0
B00DI9D5O8	5.0
1938135636	5.0
0061668214	3.0
006149416X	5.0
0140177361	3.0
0380782308	5.0
052595239X	1.0
0345533313	5.0
1250026563	3.0
0802473156	5.0
0553384198	5.0
B00JHPKHK2	4.0
0399250484	3.0
0758294492	5.0
1482710455	5.0
0976280906	5.0
0062223194	3.0
0312446470	4.0
1492367249	5.0
0451459628	5.0
0679735895	3.0
0979874416	5.0
1453874186	4.0
1477417370	4.0
031257357X	4.0
0515124206	4.0
B007JE3OK8	4.0
0451236475	5.0
0812217268	3.0
0307393674	5.0
081221725X	4.0
0312421176	3.0
1594744424	1.0
1595544585	5.0
0345486501	4.0
0373244045	4.0
0425264203	5.0
006112429X	5.0
145210803X	5.0
0525951059	3.0
0060734558	5.0
0310332796	5.0
0060759836	4.0
0778324435	5.0
1604890290	5.0
0786019336	2.0
0307276740	3.0
0800733355	5.0
0989050858	5.0
1455599255	4.0
030737887X	4.0
1603180060	5.0
0399159347	4.0
0553588192	5.0
0393057445	3.0
0312421192	5.0
0140272011	5.0
0312868855	3.5
0451528646	4.0
0976678780	5.0
0373079915	5.0
0800719050	3.0
0805447237	5.0
0984946446	4.5
B0066HBLUO	4.0
0316955094	3.0
0061687324	5.0
0988115131	5.0
0446606081	5.0
1455599247	3.0
0060759852	4.0
031226772X	4.0
0786715847	5.0
0385537255	4.0
0380797437	3.0
1416583300	5.0
0399159339	5.0
067943822X	1.0
0425263770	4.0
156512569X	5.0
1416550402	5.0
0061143464	5.0
0440160073	3.0
0375854517	5.0
0345532023	2.0
1481958313	5.0
1616950684	3.0
144235948X	5.0
1771230479	5.0
0142415561	3.0
B007U83BSI	5.0
0345406451	5.0
0934558000	5.0
0099458322	3.0
0061687308	5.0
030738649X	3.0
0345532015	4.0
0307718387	2.0
0385349580	5.0
0786020350	2.0
1936782952	5.0
1603181385	5.0
1600342752	5.0
0340920246	4.5
0982253842	5.0
006114343X	1.0
1476735271	5.0
0979874467	5.0
0553386751	4.0
0743579631	4.0
0451414705	5.0
0688026192	3.0
1455599220	3.0
0670038717	4.0
0060540753	4.0
0812970497	5.0
0451225716	4.0
0312377452	5.0
159921606X	5.0
0062027891	5.0
1455599204	4.0
0812993144	1.0
037583365X	2.0
031261456X	5.0
0312370830	4.5
0141182571	4.0
0312614586	5.0
0307276716	5.0
0979916704	5.0
0765327260	5.0
0871132109	2.0
1555837794	4.0
055338676X	3.0
0980104912	5.0
143279034X	5.0
1476735247	5.0
1599792966	5.0
0802136346	5.0
0375831002	4.75
B008RN322U	5.0
0345524438	2.0
1449532438	3.0
149755750X	4.0
0743296362	5.0
0980044812	5.0
1555837786	3.0
0141194529	4.0
B006MO28CQ	5.0
0671536230	4.0
0385258305	4.0
0802720684	4.0
0451225740	5.0
1479210005	4.0
0060082216	4.0
0312383304	4.0
0143143646	3.5
0399151346	4.0
1442135646	3.0
1938231503	5.0
1556438125	3.0
0525953728	5.0
1612184456	5.0
0142001740	5.0
0586068899	4.0
1559707879	4.0
0312379293	4.0
055313079X	3.0
1462848001	5.0
067102535X	3.0
1421527723	5.0
0062049984	5.0
0060567643	5.0
0312372655	4.0
0061672475	5.0
0615305733	5.0
0307475255	4.0
1401323103	5.0
1589825535	5.0
0778328791	5.0
0316608971	4.0
0312383320	4.0
0061582417	5.0
0385341571	3.0
0984117555	5.0
0446533424	5.0
1578569559	5.0
1597800449	5.0
006102063X	3.0
0316044695	5.0
140007309X	5.0
0307742857	4.0
1596917032	3.0
B005HR6HTY	5.0
0140298479	4.0
1468077899	4.0
1612183115	5.0
006056458X	3.0
006088732X	4.0
0446528099	3.0
1592866220	5.0
0985558245	5.0
0425224260	5.0
0345802896	4.0
0060556935	3.0
0385343329	3.0
091676687X	4.0
0547247982	3.0
0143142356	5.0
0758207867	5.0
0440243955	5.0
0316925195	5.0
087113327X	3.0
0385323719	3.0
0142004812	2.0
0061147958	5.0
0786019301	5.0
0557095883	5.0
044503128X	4.0
0932870961	3.0
055338483X	5.0
0312373945	4.0
1597813788	4.0
0143142372	5.0
1416544607	4.0
1420843818	5.0
006222140X	5.0
1484074173	2.0
0061662216	3.0
0307716570	2.0
0061658197	2.0
0345487052	4.0
0547223994	5.0
0307262995	4.0
0739401483	5.0
0615129285	5.0
1586630997	4.0
0316182540	4.0
073935650X	4.0
0345527682	3.0
0452260892	4.0
078601931X	4.0
0307463214	4.0
B00GEHN4I8	5.0
0553806882	5.0
B00A354CWY	3.0
0452263921	4.0
1939865360	5.0
1416544623	5.0
0440243947	5.0
0140435387	3.0
0451210530	5.0
0060761350	4.0
0373772637	4.0
1416960597	4.0
0451413431	3.0
1432744429	5.0
B0097EVXBK	4.0
000224053X	1.0
0312531710	4.0
0312947410	4.0
0971304564	5.0
0316077569	5.0
0312539681	3.0
B00KAQYZWS	2.0
0878391584	5.0
044022179X	5.0
1441492240	5.0
0060580674	1.0
1932158561	5.0
0425259714	4.0
0060740450	5.0
0984198970	5.0
0849922070	5.0
B00GWZL682	5.0
0345384369	4.0
0618381864	4.0
0345531701	4.0
1478314605	5.0
097718661X	5.0
1452110212	5.0
0486431703	5.0
009172578X	2.0
1250002672	2.0
0985733217	5.0
1400108268	3.0
0446671746	5.0
0671028472	4.0
0312628129	5.0
1612183182	5.0
0141441038	3.0
0060803681	3.0
0099453452	4.0
1482086662	5.0
0312277067	2.0
1462046886	4.0
0312539673	4.0
1469984202	3.0
1482084007	4.0
0937611018	5.0
0061374199	4.0
0061284173	5.0
B00EN0NCHG	5.0
0373776195	4.0
B00ET594CC	5.0
1468024523	4.0
0061082082	5.0
0345451910	4.0
1584859792	5.0
0727869817	5.0
1595544526	5.0
0312277059	4.0
0971304599	5.0
1602377219	5.0
0060089539	4.0
0312955006	5.0
B00HUZP63E	3.0
0140259775	5.0
0375868275	5.0
1580176941	1.0
1419660411	5.0
0451230981	3.0
0984198938	5.0
1440531994	5.0
0061054895	3.0
0192833510	3.0
0060089547	5.0
1842122924	5.0
0961959533	3.0
0843959339	5.0
0679733086	4.0
044669570X	4.0
1470091666	5.0
0984067655	5.0
0553287893	5.0
0765326736	4.0
1603740554	4.0
0345530446	5.0
0140185151	5.0
0312349491	5.0
0373776160	3.0
1439245274	5.0
1589822471	5.0
0312283709	5.0
0395929733	3.0
0451220722	4.0
0679733094	3.0
1595542795	5.0
0312349483	4.5
B007Q7FG68	5.0
145375735X	5.0
1432825739	5.0
0446528056	3.0
0451232704	4.5
1478322209	4.0
0800731697	5.0
0679733140	3.0
0452263034	3.0
0982905424	5.0
0143123238	5.0
1477661875	5.0
1935661914	4.0
1482940027	4.0
1466497793	5.0
0373777418	4.0
0982905416	5.0
0967479606	2.0
0985521708	2.0
1461073553	5.0
1595543104	5.0
B00B6AH2E0	5.0
1402768257	4.0
0140865241	4.0
1451606923	5.0
0802119034	5.0
0743583884	4.0
0312306326	1.0
0373769822	3.0
0312595689	4.0
0425219763	4.0
0786012633	5.0
0765306298	5.0
0679733159	4.0
006211946X	5.0
0979362903	5.0
1934937487	5.0
1595072195	5.0
0767902343	5.0
0385298293	3.0
0452256763	3.0
1611942985	5.0
0330020889	3.0
0739338625	4.0
0316777730	4.0
0515099546	4.0
0966614925	5.0
B006KH7BKE	5.0
1432734164	4.0
0312421273	4.0
B008LYMHL2	5.0
1439152780	5.0
0971869480	5.0
1468172352	5.0
1597775916	5.0
0446514284	4.0
0062025198	5.0
1883206421	2.0
0230769152	1.0
0965046990	5.0
0451228707	5.0
0446359637	4.0
1250040132	5.0
0471548065	5.0
0679733108	4.0
0743570537	5.0
1400021812	1.0
0451155335	2.0
1490931430	4.0
B00FCWAGNC	4.0
1414316348	5.0
B00F4BE0UG	5.0
1482083582	5.0
0984867104	5.0
0991257502	5.0
097367363X	4.0
0399156135	4.0
0441017800	3.0
0141439602	3.0
0984927220	5.0
0595440096	5.0
0380016974	1.0
0812982533	3.0
0060890096	4.0
B00FFLB6MU	4.0
0983440743	5.0
0679733116	3.0
0743226356	5.0
0380733285	5.0
1554533074	5.0
1601541198	5.0
0062201050	5.0
0786022051	4.0
0451228731	3.0
B00DVR2DEK	5.0
006101351X	4.0
1451533969	5.0
0373718241	3.0
1476753164	5.0
0898218462	5.0
B003Z0CUJG	5.0
0989000478	5.0
1416550518	5.0
1432826220	4.0
0312388276	5.0
1933353082	5.0
1611098092	4.0
0399159223	4.0
1926712439	5.0
1582403589	5.0
0345533461	3.0
1401904599	5.0
1412035910	4.0
0062121758	2.0
006083482X	5.0
1480039810	4.5
1470017741	5.0
0312342020	3.0
0385504470	4.0
1592234240	5.0
1492162698	5.0
0446582344	5.0
1450237916	4.0
0340770732	3.0
075828540X	4.0
0446525766	3.0
1611098068	4.0
0394741188	3.0
0061956317	5.0
0440215110	4.0
0143145444	3.0
1586489380	4.0
045123894X	4.0
0671894226	5.0
1461130174	3.0
031604461X	5.0
0192835203	3.0
0983440700	5.0
080213338X	3.0
0310333172	5.0
0061340758	2.0
1439101124	2.0
0436204959	4.0
147933605X	1.0
1438909853	5.0
1603183205	5.0
1416912045	5.0
0984681922	5.0
1467938815	5.0
0312610041	3.0
0312360738	5.0
0451194004	3.0
1782020136	1.0
076531293X	5.0
0671025333	2.0
0385737637	4.0
B006THX6PY	5.0
0375752501	4.0
0312265867	4.0
0811878317	3.0
0451234537	5.0
0671025341	3.0
0307273555	5.0
1416541608	3.0
1438243588	5.0
0061667897	3.0
1937085066	5.0
0399147292	3.0
0451221230	5.0
0765312948	5.0
0679733973	5.0
0440339235	4.0
1579905722	1.0
161695230X	4.0
1477807411	5.0
0446572985	3.5
0671046209	4.0
0385340222	2.0
B006HW44RK	5.0
0441012175	5.0
006198390X	4.0
1416542949	1.0
B00JBUFYUG	3.0
B004K1F9FQ	4.0
0684849534	4.0
0345504992	4.0
1932735410	1.0
0399147268	5.0
0142800376	3.5
0007441290	3.0
1477665412	4.0
0825435757	5.0
0615132979	5.0
0375834869	4.0
1612182690	5.0
0156029987	4.0
1608325660	4.0
1442358238	5.0
0812971000	4.0
0805098542	5.0
0312265840	4.0
097621640X	5.0
0345504984	3.0
1938404270	5.0
0811857433	5.0
0765312921	5.0
0399153934	1.0
1413300855	5.0
0062280678	5.0
0143115626	5.0
1612184405	4.0
0312265859	4.0
193643802X	5.0
0679776214	3.0
0142429406	3.0
0307360814	5.0
031286504X	4.0
0803262000	5.0
034089668X	4.0
0786019298	3.0
0982439008	5.0
0375700307	2.0
031253275X	3.0
B00CMB9OV6	4.0
125001252X	5.0
B00B0164US	5.0
0441013198	5.0
0312945744	4.0
0393079996	5.0
1444727338	5.0
0802118739	2.0
1400098068	5.0
0989163377	5.0
0425200361	4.0
0375700315	3.0
0316069434	5.0
1874061831	2.0
0151001006	1.0
0385660065	4.5
0062105655	4.0
0375725601	5.0
1849030286	5.0
1600592538	4.0
1419951076	3.0
1845963474	5.0
0373775822	4.0
0525425888	4.0
0007285973	5.0
0684854848	5.0
0312538057	5.0
1453630732	4.0
0812973224	4.0
B007Z5Y3ZQ	5.0
0679732500	5.0
0312347308	5.0
0060774746	4.0
0966240812	4.0
0156155516	3.0
0399154701	4.0
0440218691	2.0
0761527400	3.0
0140298363	4.0
1938243609	5.0
0385339143	5.0
0060955228	3.0
0060004878	4.0
0679732519	4.0
0802486711	5.0
0312421818	5.0
0679748091	3.0
0984014101	5.0
0982294603	5.0
1420125060	5.0
0843961910	5.0
0765308843	5.0
1596064714	5.0
0425263908	3.0
1401310192	4.0
0373442610	5.0
1595547088	5.0
0312975597	4.0
0980224667	5.0
031623480X	5.0
0595302831	5.0
0445031174	3.0
0385721579	5.0
B009JN63Z0	5.0
0375700358	4.0
0373266154	5.0
0671793578	3.0
067179356X	3.0
0307596907	5.0
0316001821	3.0
0345500679	1.0
0971394741	5.0
0307454894	4.5
1932586393	5.0
0312383886	2.0
0451219244	3.0
0385376111	2.0
0140012486	4.0
0425263924	1.0
1583450084	5.0
0451188454	5.0
0316069485	5.0
0062117661	5.0
044101626X	5.0
1932234004	5.0
1594488398	5.0
0553385607	5.0
0739458213	5.0
0142428604	5.0
0141301066	4.0
0312340710	5.0
0151014361	5.0
0828321531	5.0
033026012X	4.0
1595547061	5.0
0345534093	3.0
0307888789	5.0
1449980481	5.0
0425263916	4.0
0758229542	5.0
1414332122	4.0
0615361161	2.0
1612186548	5.0
0785229213	5.0
0578136392	5.0
0307740994	4.0
1616148810	5.0
0312850093	5.0
0671026364	3.0
B00KF0URBM	5.0
0380000601	4.0
160819275X	3.0
0199536716	3.0
0547572298	5.0
0451411374	5.0
0312340702	4.0
1590513207	5.0
0895299178	1.0
1478231688	4.0
149365117X	4.0
B00BB11I0S	4.0
B005A7U328	5.0
0143114808	4.0
0451231740	4.5
0982439091	5.0
0571225373	5.0
1606480529	5.0
B00APC4A2W	4.0
1932234063	3.0
0316024597	4.0
0980224624	5.0
1118846087	5.0
0615499953	4.0
1467943932	4.0
141652553X	3.0
0099244721	2.0
0981978304	5.0
0451462939	5.0
1603181601	5.0
0140285903	3.0
0738700037	5.0
1477848835	5.0
076793055X	5.0
1453639195	5.0
0758220367	3.0
0980224632	5.0
030788743X	5.0
B003ODIYJE	4.0
0316096199	5.0
B005SVVFL4	4.0
1581825048	2.0
0345528204	5.0
0141012250	5.0
0143170090	4.333333333333333
0316608211	4.0
0486243338	4.0
0425259862	4.0
0307269868	4.0
0446401269	1.0
0758220375	4.0
0061537934	5.0
0316691097	5.0
0985176946	5.0
0156034336	5.0
037541150X	5.0
0316066346	5.0
1938756010	3.0
B00IDF6MEM	5.0
193873338X	5.0
1416525521	2.0
147674355X	3.5
1451652089	5.0
0807825085	5.0
0451228138	4.0
045122812X	5.0
0007167040	5.0
0061965766	3.0
1565233395	5.0
B00E34UHZM	3.0
0099282194	3.0
0557240670	5.0
B005TWZNG0	5.0
0399155228	5.0
B00C1289WG	5.0
039915521X	5.0
038073267X	2.0
B00FGX6C5S	5.0
1416525513	4.0
140005270X	5.0
1937593169	5.0
0434020362	5.0
1599630168	5.0
0375412816	5.0
0446532681	5.0
0983887926	2.0
1933251662	5.0
1440536090	4.5
0553078658	2.0
1611098858	5.0
0425231496	5.0
031612611X	4.0
0446557951	5.0
0385476833	5.0
0316033499	5.0
0983370311	5.0
0316099295	5.0
0385323697	4.0
0373770960	2.0
B00FE0PM8Q	5.0
1742841732	5.0
0385288727	5.0
0310257697	5.0
1590804627	5.0
1432727397	5.0
0140187464	5.0
1442344989	4.0
1939501075	1.0
0812976363	4.0
1460955463	5.0
1482547929	4.0
0061914185	3.0
0062209841	5.0
1432765620	5.0
0099450259	4.0
0312209282	4.0
0374504849	4.0
0316069418	4.666666666666667
0760343594	2.0
0399155147	5.0
0380818507	1.0
B008G093ZO	3.0
B009FRSVL4	4.0
0981548709	5.0
0373752253	4.0
0143170104	4.25
0375822739	3.0
0985726733	5.0
076420002X	5.0
0307473996	5.0
0061137391	4.0
B00ICSFDKE	5.0
0307265439	5.0
0425238199	4.0
0802798225	2.0
0307932508	3.0
2221087526	4.0
0061319295	4.0
1452562792	5.0
0143105930	3.0
0609602195	5.0
074356619X	3.0
000741577X	4.0
0061689378	5.0
0062106066	5.0
0985726741	5.0
0061926183	5.0
0739339656	3.0
0192838679	4.0
1595547819	4.0
0976642530	5.0
1612182933	5.0
0440236525	3.0
1939927323	4.0
0060391626	3.0
B00CGKP6EW	3.0
0345543793	4.0
0140109005	3.0
0316007994	4.0
0441000681	2.0
0425244881	4.0
0373777558	5.0
0060781939	5.0
1938786688	4.0
0140430326	5.0
067977260X	4.0
0425235947	3.0
1606351869	4.0
0778313980	5.0
0451184963	3.0
1625530382	5.0
1455121924	5.0
0316097462	3.0
0143114840	4.0
1416544399	5.0
0385660804	4.0
1451636881	2.0
0061174300	3.0
044667964X	3.0
0985726709	5.0
035620099X	5.0
0062025066	5.0
1597772992	5.0
B00E5RIF8I	4.0
078710339X	5.0
0618334661	3.0
084395177X	5.0
0618084754	5.0
0399139931	5.0
0578020629	5.0
0140010750	3.0
0316097497	4.0
0142429112	5.0
1469248581	5.0
1596912367	5.0
0307932540	3.0
0786016094	4.0
0156029022	3.5
0312384386	3.0
0312559755	5.0
0345494377	2.0
0441102670	3.0
014143998X	3.0
1250027659	5.0
0061689335	2.0
0615320554	5.0
0316224553	5.0
1935171178	5.0
0882822217	2.0
1909223794	5.0
0425229254	4.0
0988273632	5.0
B005M2ROW8	4.0
0071446435	4.0
0786861827	5.0
0140283331	4.0
0142418471	5.0
0684855216	4.0
1580054412	5.0
0330266357	4.0
0345378369	5.0
1439184232	4.0
0989468100	5.0
0316224588	5.0
B00EXZQAHK	3.0
0312952813	5.0
0670023094	4.0
0802119166	5.0
0449014460	5.0
1482552442	5.0
0876855451	3.0
0141439971	4.0
1442497602	2.0
1935171194	5.0
0985726717	5.0
1479245712	4.0
0060900075	4.0
0515147540	5.0
0307744434	4.0
B00C67YUZ6	5.0
1456492411	5.0
0312362153	4.0
0446541532	5.0
0615775373	4.0
0060572965	4.0
045121577X	4.5
B004NNVKC2	4.0
0857868713	4.0
0976585502	4.0
193863313X	5.0
0786863668	3.0
1460943503	5.0
1897562322	5.0
1604444800	3.0
0061655988	5.0
140632132X	4.0
0749009802	5.0
1603183337	5.0
0374292795	4.0
031600538X	3.0
0099448769	4.0
B008SV1ZVQ	5.0
0099468387	4.0
1470124327	5.0
0451224663	3.0
1439138311	3.5
0547628382	5.0
0671793543	3.0
0312547730	5.0
0062110969	3.0
0985728515	5.0
0307718123	3.0
0061448761	3.0
0609601709	5.0
1495419509	5.0
1854249681	5.0
0595370942	5.0
057803395X	5.0
B00IK4CTZC	4.0
0786016965	4.0
0812971531	4.0
0449131904	4.0
1489502793	5.0
0671793535	4.0
1432791036	5.0
0060175400	3.0
0385362307	5.0
B00FV95TO2	4.0
1596914971	5.0
1463683510	5.0
0099448793	5.0
0061655961	1.0
0385340990	4.0
0446580295	5.0
0980155665	5.0
1402253613	3.0
1451624085	5.0
0142001805	5.0
0099435489	5.0
0142416665	4.0
0061340634	4.5
0385349343	5.0
0615652530	5.0
174179899X	5.0
0312369670	5.0
1573221937	2.0
0099448785	4.0
0451234006	4.0
0761458387	5.0
1442408626	3.0
1629290386	5.0
0671793551	3.0
0374400113	3.0
054757231X	4.0
B00I486F9K	5.0
0099436744	3.0
0062248634	5.0
0312271190	4.0
0307272583	4.0
0515149330	2.0
1603182047	5.0
1450563090	5.0
0385315147	4.0
0312203039	5.0
147780885X	5.0
1402263899	3.0
0373775717	5.0
0727869027	2.0
184668739X	5.0
0679732535	3.0
1451521014	5.0
0425086569	3.0
1493781987	5.0
0843953578	4.0
0425132048	5.0
0800733533	3.0
1416596410	5.0
0679740171	2.0
0609610627	5.0
044023655X	5.0
1416593381	5.0
0399158278	4.0
0805447490	5.0
0312569947	5.0
0425247031	4.0
0425228797	5.0
0615454224	5.0
0061999164	5.0
1413784569	5.0
1608607976	5.0
0679732543	5.0
0547942079	3.0
0679740163	4.0
0091953855	3.0
0393061728	3.0
1449402275	5.0
0345452593	2.0
159659134X	5.0
0307377369	3.0
0385537476	4.0
B007RZ2N7Y	5.0
1480176672	5.0
0547942087	2.0
0451236629	5.0
0440234808	5.0
1438967446	5.0
1475104464	5.0
1250037956	5.0
B00EVAV73E	5.0
0615693105	5.0
1582434484	5.0
014102724X	3.0
0399143955	3.0
1573221090	4.0
0062274171	5.0
0394759893	4.0
0451151224	5.0
039915289X	5.0
0060577681	2.0
B00B0J815Q	4.0
0800759478	5.0
0425237788	5.0
1603183507	5.0
B007WZML7G	4.0
0440234816	5.0
0316069310	5.0
1291348212	5.0
0451451538	4.0
054774501X	2.0
0099534932	5.0
0671017519	5.0
0786705531	3.0
0425262758	2.0
0316196991	5.0
0765329646	3.0
1467943207	5.0
1402263864	4.0
0062082353	5.0
0886777100	5.0
0441016359	5.0
0743291565	4.0
0061950726	5.0
0307452360	5.0
0778326381	5.0
B008SEHGFC	3.0
0743254562	5.0
0060518499	5.0
0615647235	5.0
1598588648	5.0
1604587202	5.0
0547745001	3.0
0778326373	5.0
0061629863	5.0
0807001384	2.0
0061965804	1.0
0151014213	5.0
1579904580	5.0
1439183724	1.0
0615246257	5.0
1573446637	5.0
0764221841	5.0
1592323812	3.0
0345538552	4.0
044024370X	3.0
0395075378	5.0
0743269640	4.0
0307272508	5.0
1612182070	3.0
0375872132	3.0
0345526570	5.0
0061122416	4.0
0061284742	4.5
1438959850	5.0
1627986545	2.0
0316069353	5.0
B0000CK1NU	4.0
0307272516	5.0
B004QTOJ0I	5.0
0312369689	5.0
0425227510	1.0
B00B9JQOSS	3.0
1491230592	5.0
030758836X	4.0
0345803507	4.0
0452297907	4.0
1416580948	4.0
0393321975	4.0
1611097452	5.0
0394747003	3.0
0553589377	4.0
0765308703	3.0
1582343128	4.0
0307378748	2.0
0060838582	4.0
1938961781	5.0
0553589385	4.0
0345306678	4.0
1481980718	5.0
0061703257	4.0
0393321983	5.0
B0070TRG7E	4.0
B00AVNAWSG	4.0
1439102309	2.0
0451413202	2.0
0985662123	5.0
0099481243	4.0
0312853238	4.0
1250020204	5.0
B006NZKDNA	5.0
006117758X	4.0
144242351X	5.0
1401921787	5.0
0446572802	5.0
0778328112	5.0
B00FB3MWOI	4.0
0973813237	5.0
0062004808	5.0
0983940304	5.0
0099507390	5.0
0985164816	4.0
0060927240	3.0
0399153365	1.0
0988191237	5.0
1490330348	5.0
0983511209	5.0
0385509472	2.0
0727881744	5.0
098189352X	5.0
0981893538	5.0
1463647190	5.0
1593156073	3.0
0765326523	4.0
0385509480	4.0
0985164824	4.0
1416580956	4.0
0615581927	5.0
1463778325	5.0
0980183545	5.0
0062021346	3.0
0452270073	4.0
1480191558	4.0
B005LPGG0C	3.0
006092988X	5.0
B00EFDZ288	5.0
0060514957	4.0
B004EPYUOE	5.0
0312851405	5.0
1476716080	4.0
1402210450	5.0
060617110X	2.0
0385336810	4.333333333333333
0451460421	5.0
0983129770	5.0
0751513229	4.0
1595544704	5.0
0679761799	4.0
0989104427	5.0
0385535783	3.0
0547229895	5.0
1400315492	5.0
1442422246	4.0
0307337332	5.0
0525421556	5.0
0451229339	2.0
0446554995	3.0
0345531965	4.0
0316219347	5.0
0399132414	3.0
1605425109	4.0
0980183561	5.0
0345500733	2.0
0446564311	2.0
006220422X	5.0
038574059X	5.0
0451458125	3.0
1494863197	2.0
0618049347	4.0
0979079519	3.0
0060799315	3.0
0989104400	5.0
0805446982	5.0
0143118498	3.0
031230434X	5.0
0380001209	4.0
031612091X	4.0
0345427637	3.0
0060169494	4.0
1401310915	1.0
0385335555	3.0
1482376180	4.0
0785341021	5.0
031613290X	5.0
1612182925	4.0
0812977793	2.0
B0076DH7X2	3.0
1423399269	5.0
0385343183	5.0
0140062866	4.0
0340839937	5.0
0679781382	4.0
0312372450	5.0
0312243022	5.0
0553268929	5.0
1936608391	5.0
0441015905	3.0
0224050184	4.0
1452819432	5.0
B009JF15FQ	4.0
1471113396	4.0
0425221369	3.0
1419682458	4.0
0553591614	5.0
0312373791	5.0
0393322432	3.0
0441018181	5.0
0312430035	4.0
B0077J5FNY	5.0
0984775250	5.0
0307388913	4.0
0385517084	4.0
0307388921	3.0
B00D0AGZQK	5.0
0778800547	5.0
B00IZMQ6D0	4.0
0312578083	1.0
0060514930	5.0
0446603422	4.0
0393322440	5.0
0982893116	5.0
0307390497	4.0
0679441700	5.0
0399157689	5.0
0393060349	2.0
0394560620	3.0
0547046847	5.0
0060755784	2.0
0312949308	2.0
0060831170	3.0
1475250401	5.0
1416593403	5.0
1482553899	5.0
0316955132	4.0
0062271105	3.0
1612181511	5.0
015204759X	2.0
0975976052	5.0
1932859322	5.0
1904738257	1.0
1481891243	2.0
0345438329	5.0
0140157654	4.0
0553502697	5.0
0316955124	4.0
0385335482	2.0
1402253583	2.0
1402268637	3.0
0964109972	3.0
1480107336	5.0
0312651236	5.0
0393039765	5.0
1481032585	2.0
0764202782	5.0
0743238524	4.0
1477818367	5.0
0061733148	5.0
0316166308	4.5
006072160X	5.0
1477111514	5.0
0307390470	4.0
0985025107	5.0
B00HJE3DTU	5.0
0307589730	5.0
0316117366	2.0
0552775541	5.0
159789639X	5.0
0764524569	5.0
0452264138	3.0
0399145672	4.0
1925047199	5.0
0451412818	5.0
0316166316	3.0
1432761102	5.0
1450041922	5.0
0425243680	2.0
0778325849	5.0
076533237X	5.0
030727070X	2.0
143917217X	3.0
1402277598	3.0
0764202766	4.0
0385318928	4.0
0982272251	3.0
0425244946	3.0
0752861751	2.0
1482648601	5.0
014143984X	4.0
0766100804	5.0
030728090X	4.0
0307279936	4.0
0679732489	5.0
006172680X	5.0
0446554979	4.0
0525421610	2.0
1579127819	4.0
1555838138	4.0
0385026145	5.0
0979066158	5.0
B005CXVVIK	5.0
0061246506	5.0
B00I55OT6I	4.0
0763632791	4.0
1460935136	5.0
0679732497	4.0
0373777647	3.0
0385511809	3.0
B00A1ENUM0	4.0
1416585834	4.5
0743296419	2.0
0312554184	4.0
1480264024	5.0
1937387003	5.0
1432704575	5.0
B00D50BFGK	5.0
0312938640	5.0
0789313707	5.0
0440244226	3.0
1401906958	5.0
1477451129	5.0
192703647X	3.0
0345533666	4.666666666666667
0062009702	5.0
0446554952	5.0
0778316939	3.0
1477805095	5.0
0739359339	5.0
161218152X	5.0
0312934270	4.0
0451226313	5.0
006194100X	4.0
1466397314	5.0
0312567472	4.0
1419687360	5.0
014280018X	3.0
1603182128	5.0
0061993999	5.0
0345476697	5.0
0987593110	3.0
0316767727	4.0
0595426832	5.0
031029326X	5.0
0140271287	4.0
0312995288	4.0
0553296981	4.0
0743496728	5.0
0061056480	5.0
0373074336	4.0
0062281305	5.0
0679456805	3.0
0553588079	5.0
0312364083	4.0
B00ALTVJ8C	4.0
B00BR3AT9G	3.0
0590437151	5.0
0805440739	4.0
1935171259	5.0
0006514006	5.0
0393013995	5.0
0375500812	3.0
1580089801	5.0
0679733787	4.0
0312567456	5.0
0062110837	5.0
0743496744	2.0
0373777604	5.0
0679732470	4.0
0060092572	4.0
1612185924	5.0
0761458247	5.0
0973187255	5.0
0345446828	5.0
1603183434	5.0
0007444117	4.0
0385519729	5.0
0061584444	3.0
B00ILVDZC0	4.0
0373777612	2.0
1936127504	5.0
0316018589	5.0
0553385593	4.0
0307275566	5.0
0973187263	5.0
0451235223	4.0
1612185932	1.0
1477849475	5.0
1463752601	5.0
0141039280	5.0
B00DRFQRIO	4.0
1432711695	5.0
0151446474	4.0
0446537519	5.0
0553574302	5.0
0595493688	5.0
0140275657	3.0
1479366935	4.0
0877958335	4.0
1844095010	5.0
1250029570	5.0
0385515308	5.0
0007386648	5.0
0441017630	5.0
0825420075	4.0
1450200850	5.0
0671001132	4.0
0615547117	5.0
0393089134	4.5
074328447X	5.0
0785344098	5.0
B003U8AG12	5.0
B0073OGHJO	5.0
0349103232	4.0
0385084889	3.0
0099453193	4.0
0375856846	5.0
1612184669	5.0
190198222X	3.0
0312275420	4.0
1433668807	5.0
1590513185	4.0
0373271573	3.0
0375702024	5.0
0688097499	5.0
0985251727	4.0
1592864309	5.0
148187652X	5.0
0312369727	5.0
0330517783	5.0
0060798904	4.0
0451411552	5.0
0345803485	2.0
0957394969	5.0
1603742174	5.0
0800732324	5.0
0446572756	2.0
0451211243	5.0
0345543084	5.0
1595144919	2.0
0441016316	2.0
0060541741	5.0
1480186120	4.0
0060091290	4.0
1481953184	4.0
0615417175	5.0
0452289459	4.0
0743295153	5.0
0140274375	4.0
0812519329	3.0
0743463897	2.0
0062307525	2.0
0345803493	4.333333333333333
0440218810	4.0
0253208637	4.0
0061133973	4.0
0749324961	4.0
0452282829	4.0
1935171232	5.0
