1401220347	5.0
0312385846	2.0
0060852550	3.0
1925047520	4.0
0345502671	4.0
1455548987	4.0
0739336800	4.0
0515128554	4.0
1936596148	3.0
0545052424	5.0
034071820X	5.0
0439597420	4.0
0061474096	4.0
1619215004	3.0
0679892648	3.0
0060762993	5.0
1590514343	2.0
034581360X	4.0
1476704589	3.0
0310257476	5.0
0983632944	5.0
0756407923	5.0
0060281766	3.0
0765328666	4.0
0141306963	3.0
0515141542	4.0
0515127213	2.0
0547437005	4.0
1605042994	5.0
0765320703	4.0
1483918777	3.0
0316058513	5.0
1612184588	5.0
0439597412	3.0
0062026518	5.0
0345502655	3.0
0425226743	5.0
0142411108	4.0
0440414539	3.0
0761104844	3.0
0385721307	3.0
0060277270	4.5
B00697TCAW	4.0
160010181X	5.0
1442430354	2.0
087923573X	4.0
037543318X	5.0
1934030732	4.0
0312552599	5.0
039923389X	4.0
0449211177	4.6
000766141X	5.0
0141306947	4.0
1466388218	5.0
0061558230	5.0
1896944523	1.0
0340923245	4.0
0062049607	4.0
1477483780	4.0
0439597404	3.0
0345482514	4.0
0590135066	4.0
0307341542	5.0
0545305500	3.0
B00BQWHLRG	4.0
0316857025	4.0
0515136190	3.0
0987941070	4.0
0060737581	4.0
0141192429	4.0
0375701427	3.0
0385341695	4.0
0762773863	5.0
0142003816	3.0
0312621205	5.0
0439136350	5.0
0312429541	3.0
1568989970	4.0
1499611552	4.0
B00GRIKMXO	3.0
0380974738	4.0
B00GS17K08	4.0
B00BJK5XR0	3.0
0340895969	4.0
1596923660	4.0
0613690923	3.0
B00H3QARCU	4.0
1416905898	4.0
158040443X	1.0
0307341569	5.0
1439192561	4.0
0967059844	3.0
1410440478	5.0
0374136521	5.0
0142405701	3.0
0439576520	4.0
0756989337	5.0
1479359084	5.0
0060775858	5.0
0385503857	4.5
0440506727	3.0
0099740915	3.0
1611099544	3.0
0142415995	3.0
0141304340	3.0
0140058893	5.0
044657516X	5.0
0821773836	5.0
0976797321	5.0
0545039479	5.0
1401210104	4.0
0307592308	4.0
1416989536	5.0
0380720876	2.0
039508170X	4.0
B004TQ36K2	3.0
0765330954	4.0
014044615X	4.5
0061245097	4.0
0142500275	3.0
0821780573	3.0
0439531640	4.5
0316055433	3.0
0805093494	3.0
0631234799	5.0
0440220734	4.0
0062071130	3.0
0425192008	5.0
0786891432	4.0
0778328481	5.0
0345524055	5.0
0425212122	4.0
1401200761	4.0
1609289447	2.0
0345548485	2.0
0451217292	5.0
0061245089	4.5
0451168615	3.5
0312856865	5.0
0987818066	3.0
1463571917	4.0
0375414819	1.0
0373778295	3.0
1468309900	4.0
0099453924	5.0
0806509023	4.0
0060562498	5.0
0307282694	5.0
1590513444	3.0
073949015X	5.0
0425262820	4.0
1595143173	3.0
1583333479	4.0
0425192024	5.0
0547450052	4.0
0345517768	5.0
0439700930	3.0
0316014559	5.0
0385731965	3.0
1582349606	4.0
081297218X	3.0
0061490180	5.0
0394758285	4.0
0983256853	5.0
B00DTTEDM0	4.0
0545424925	3.0
0615281168	1.0
0060392665	2.0
0670032549	5.0
0380809060	5.0
146109111X	3.0
038533320X	4.0
0399155414	4.0
0471273953	5.0
0373296142	4.0
0307716619	4.0
0778315193	3.0
1477807292	5.0
0452296366	5.0
0140189416	1.0
0316153990	3.0
0312938810	5.0
0515131792	5.0
0385335881	5.0
0982609906	2.0
0425196402	5.0
0439732549	3.0
0060508116	4.0
067002189X	4.0
0312938837	5.0
0689838581	3.0
1481924060	3.0
0452295491	3.0
0758247613	2.0
1586488724	3.0
0312542704	3.0
B00GXUXOG8	5.0
0312364520	5.0
1597890448	3.0
B00EXOFDVU	5.0
0374316945	3.0
0099452243	3.0
0312938829	5.0
0449702146	3.0
0060508108	2.0
B00AAFHIC8	4.0
0547482477	4.0
0141441178	4.0
0553255754	3.0
1497400775	4.0
0312552505	5.0
0452285216	3.0
0143034359	4.0
0345438825	1.0
0345437977	4.0
0263902730	4.0
0312957572	4.0
0316099007	3.0
061834697X	5.0
0345481259	4.0
015603106X	5.0
0670020990	5.0
0373210337	4.0
0451169514	3.0
0385475721	4.0
0399153284	5.0
0425269841	2.0
0152022007	3.0
B00B8SAFFI	5.0
147839708X	3.0
0307578070	3.0
0060545526	4.0
1250014522	5.0
0452297648	4.0
0425243214	3.0
1593074492	4.0
0007205236	4.0
1616201320	4.0
0192818481	4.0
006207203X	3.0
0062116509	2.0
0060080841	4.0
0425212548	3.0
1593078854	3.0
0446579939	3.0
0718178122	5.0
0373210345	4.0
0545169119	3.0
0441013813	4.0
0062072064	5.0
0143036114	5.0
140120919X	5.0
0451169522	5.0
0982875835	4.0
042521916X	4.0
0805092595	4.0
0440223814	4.0
0261103288	2.5
1461100933	4.0
0671720414	4.0
0141331976	2.0
0312282990	5.0
0375702709	2.0
1841955485	1.0
0151013667	3.0
8132051017	4.0
160312134X	5.0
0440234948	5.0
030737792X	4.0
0743292332	3.0
0545123283	5.0
0983650322	1.0
1612184197	5.0
0805044078	4.0
1496123727	5.0
074347628X	5.0
0007149824	4.0
1468161660	4.5
0141331984	4.0
0452278902	5.0
0152003746	3.0
0671038184	1.0
0554310120	1.0
B00DNMRWFI	5.0
0440234956	5.0
0689817215	4.0
1582974365	4.0
0312106122	4.0
0374214913	4.0
0062283146	4.0
0446402389	5.0
0811871150	3.0
0451230647	5.0
1600100120	4.0
1495426858	5.0
0425265498	5.0
014241591X	3.0
0805093427	4.0
0192836277	2.0
1442426675	1.0
0307277674	4.5
0849913985	5.0
0230700101	4.0
0312355637	5.0
0894803123	5.0
0545123267	5.0
0385535910	5.0
0141345659	3.0
0061992704	4.0
1585743526	5.0
0061976229	2.0
0451228863	1.0
0373296541	3.0
0545169151	3.0
0060254920	5.0
0062293478	3.0
159378998X	5.0
0375410848	5.0
1416571736	3.0
0061140325	4.0
0375706771	2.0
0571153046	5.0
B00HBJJO8W	4.0
B00BG3ELWS	4.0
0060843292	3.0
1490559175	5.0
0061957933	5.0
0375834958	5.0
0786883448	4.0
0345510623	4.0
038573428X	3.0
0062019430	5.0
160010231X	5.0
0062089641	3.0
9380658796	5.0
031613399X	5.0
0380727501	5.0
1460974425	5.0
0545284155	5.0
0785122540	5.0
0310238382	4.0
1402245831	4.0
1590513908	3.0
1477808671	3.0
0743597923	3.5
0064407985	3.0
0142410705	5.0
0823098478	4.0
0312369816	5.0
037550186X	4.0
0061928127	4.0
0553264613	4.0
B00A8PD6C6	4.0
0451196716	5.0
0373895917	1.0
0307886840	5.0
0805092528	4.0
0345455819	5.0
0525954112	5.0
1401210090	4.0
0471270504	4.0
0385337515	5.0
0140386882	3.0
0060935359	4.0
0345506200	4.0
1250028779	5.0
0380782332	5.0
0142301485	2.0
0385473117	2.0
1477658432	3.0
0689859406	4.0
0375868771	4.0
1620610078	5.0
0440409659	3.0
0141049871	3.0
0545284139	5.0
0060530928	5.0
0446573302	5.0
0316101966	2.0
1481060953	4.0
0140071075	5.0
0312983301	2.0
1479313238	4.0
0446358657	3.0
B003X976CA	4.0
067102342X	2.0
0385538154	4.0
0307711773	5.0
1574216732	5.0
0446583103	5.0
1600102379	5.0
0061894591	4.0
0440226953	3.0
0141439750	4.0
0064472132	4.0
0385361661	4.0
0064471284	3.0
0613171373	5.0
0099244926	3.0
B00DG8ZYA4	5.0
0062004352	5.0
0688135633	4.0
1494388588	5.0
1423114027	4.0
0312424671	2.0
0340712538	4.0
0439163099	3.0
0439656230	5.0
0027136701	3.0
0062294776	4.0
1250005647	3.0
0590213113	3.0
0439050006	5.0
0802473156	3.0
0380895366	2.0
0553583395	3.0
0451462807	5.0
0451412907	4.0
1401202012	4.0
1440556652	3.0
B00C4BA6A2	1.0
1611099080	5.0
0451415183	5.0
0152049428	4.0
1490436529	5.0
0316154431	3.0
0641934173	2.0
B00BGQ6M0E	5.0
0142406252	3.0
0316133973	5.0
1574216716	5.0
1467708879	3.0
0375890246	2.0
0375501851	5.0
0425266869	4.0
0316807222	3.0
0140434968	4.0
0689815433	4.0
0810970686	4.0
1423171020	5.0
0800788036	4.0
0971904774	4.0
006149190X	4.0
0060897848	2.0
0767903595	5.0
B00FJYT102	5.0
0451237315	5.0
0425264203	5.0
0613460510	4.0
0060734558	5.0
0375500510	2.0
B00CE1P4CC	4.0
0385528787	4.0
0552999458	4.0
0956239277	4.0
0670059218	5.0
1612183646	5.0
0451240901	5.0
0316235024	3.0
0553527231	3.0
0061583251	4.0
0399159347	4.5
0380724065	5.0
1451629516	3.0
055359267X	2.0
1250017270	5.0
0373776861	5.0
0812971787	3.0
158017308X	5.0
0062019821	4.0
0778326624	5.0
0060735414	4.0
0374332657	5.0
0060809779	3.0
0764552953	1.0
0758238797	3.0
0385341636	5.0
1612185835	5.0
0380724073	5.0
0821774689	4.0
1594486433	5.0
0385734212	3.0
0785117598	4.0
0061843407	4.0
0613262808	2.0
052595368X	4.0
0345353730	5.0
1416593101	4.0
0312357435	3.0
0980878993	3.0
0345532023	5.0
0062049690	3.0
B006JPBOYQ	4.0
0802122140	4.0
144235948X	2.0
0972018417	5.0
0345520041	4.0
1401310443	5.0
0307388670	3.0
0142415561	4.0
045122793X	5.0
0061725471	5.0
B006G9T1YA	1.0
1587672286	5.0
0545093341	4.0
068983585X	4.0
0061969559	4.0
1424131642	3.0
0142427551	4.0
0142501557	5.0
0805087117	4.0
0394743253	1.0
0439286069	2.0
0345420748	3.0
0142420905	3.0
B005P8CFB4	4.0
0062318322	5.0
0809297647	3.0
141697170X	5.0
0395069629	3.0
1439205140	3.0
0425227650	2.0
1416905871	5.0
014241557X	5.0
0142800031	2.0
146379438X	2.0
0140244824	1.0
0385732066	2.0
B00DMCPHPQ	5.0
0312169787	4.0
0373296983	5.0
0451233328	5.0
1451606834	5.0
006218850X	4.0
1451658036	3.0
0373274718	5.0
1605309095	5.0
0757300987	5.0
0805098208	5.0
0062267140	2.0
0440228735	4.0
054724889X	3.0
1460985990	1.0
1594744041	4.0
0385341679	4.0
0613175336	5.0
1490401822	5.0
037583365X	2.0
1620610094	4.0
0061583219	5.0
B005CO2R46	2.0
0312370830	5.0
1466249684	1.0
0307591972	3.0
B001JQLT4U	5.0
1595141758	4.0
081740001X	4.0
1491043032	4.0
0553106163	3.0
0312546610	5.0
0689824750	3.0
0670021067	5.0
1586174347	3.0
0786848693	5.0
0553386778	3.0
1475096852	4.0
1401209971	4.0
B006OUZBR2	2.0
1490490639	5.0
0679775471	2.0
0312591845	5.0
1426211589	5.0
0375831002	5.0
0060525134	2.0
0061234001	4.0
0451167805	5.0
0062117378	5.0
1476705852	5.0
0062026542	5.0
0375401466	2.0
0671737619	2.0
0670015652	4.0
B00DG261BG	5.0
0385341652	5.0
0312181426	4.0
0689878591	4.0
0140119906	4.0
0060755075	5.0
0399157182	5.0
0515114499	5.0
1599908441	5.0
B009FX22WC	4.0
0446618470	5.0
045141912X	5.0
0312382456	5.0
0440229219	3.0
0385342438	3.0
0571239498	4.0
0312187459	5.0
B00701DQSU	5.0
043970040X	4.0
0307943194	5.0
0545128285	3.5
0061020680	4.0
0590433083	1.0
0060521872	2.0
0425250997	5.0
0778325253	3.0
0142001740	3.0
0380812525	3.0
0375724885	1.0
0345504968	4.5
0307582884	4.0
0557445019	4.0
0142414727	4.0
B003P2VJWI	5.0
0141191430	5.0
067144901X	5.0
0553106236	3.0
0061031321	2.0
0615680046	5.0
0143120514	4.0
0312369492	4.5
0143142321	3.0
0545221269	4.0
0586047956	3.0
0307704114	4.0
0345521080	4.0
0446198064	5.0
B002UNN7AK	2.0
0553106244	3.0
0425224201	4.0
037570924X	5.0
038076654X	3.0
140121813X	5.0
0449227421	3.0
0380766558	5.0
0062232509	3.0
0307976092	4.0
1615190635	3.0
031612558X	4.0
1439152802	5.0
0778328791	4.0
0312382472	3.0
0811866793	5.0
1482658143	5.0
B007MB5GV8	5.0
1616145234	3.0
1484038487	5.0
034549590X	3.0
0316159360	3.0
1619352389	4.0
0380717581	5.0
0312372663	3.0
0440228352	4.0
B00AYPGA8M	1.0
0439267617	4.0
0316002860	1.0
0439049962	5.0
B000P07OHM	5.0
0385333951	1.0
0671739719	5.0
1497564093	5.0
0395647223	3.0
0060280778	4.0
0330320459	3.0
0553569910	4.0
0316134074	4.0
0142300942	4.0
0380729148	4.0
038072913X	3.0
0307976076	4.0
1250010691	5.0
1563895676	2.0
0345802896	2.0
0553593617	3.0
0778326152	2.0
0316013943	2.0
0375713301	4.0
0590485318	3.0
0451463315	4.0
0425033767	4.0
0425269566	3.0
0385535562	4.0
0440243955	5.0
0395706734	3.0
0152046976	3.0
0385491026	5.0
1416947183	4.0
1892951622	4.0
037321085X	4.0
0380731886	3.0
0316011770	5.0
0451218043	3.0
0316032212	5.0
0393081508	3.0
0385322860	5.0
0060853972	5.0
1416989412	4.0
0553384848	4.0
076360013X	4.0
0375834486	2.0
0307273601	4.0
0143142372	4.0
037379570X	2.0
0385741294	4.0
0804164851	3.0
0399132635	4.0
0547759266	4.0
0307716570	2.0
0380808080	3.0
0451219368	5.0
0375835318	3.0
0385342454	3.0
0425257126	4.0
1483966763	4.0
0743267206	3.0
0062069187	5.0
1442488697	1.0
073935650X	5.0
0316182540	5.0
1594488274	3.0
0151015333	4.0
0143117785	4.0
0374161860	3.0
0062255657	5.0
0340770708	2.0
0547738919	4.0
0785116842	5.0
0060764864	4.0
045146379X	5.0
0991841190	4.0
0140375147	3.0
0553806882	5.0
1400033489	3.0
0440243947	5.0
0316056634	3.0
1463695403	4.0
0446694479	2.0
0312649916	4.0
0441016154	5.0
0811857824	5.0
B008RKEGD2	4.0
006173506X	4.0
0312358342	3.0
0767932684	4.0
1482088495	4.0
1608190463	4.0
0307387437	4.0
0385325908	3.0
1580404367	5.0
1481872435	4.0
0316077569	2.0
0312606362	3.0
0060850892	5.0
0312347294	4.0
0786808012	4.0
030726999X	4.0
1594744769	3.0
1495307352	3.0
1401340997	4.0
0316601950	4.0
0064472574	3.0
162105084X	5.0
0140364013	4.0
0439406501	2.0
0373210027	2.0
0380731045	4.0
0785113797	4.0
031231521X	5.0
0062008110	3.0
071563318X	4.0
0152023887	4.0
0547746997	5.0
0312932391	4.0
006135323X	5.0
1463511175	5.0
0804165742	4.0
0142003514	4.0
078512358X	5.0
0553813145	2.0
031293761X	1.0
0756407435	2.0
B004MPRE9E	5.0
0985588039	5.0
0312360282	4.0
0385491034	4.0
0425256235	5.0
0312992432	4.0
0385342020	4.0
0385325959	4.0
0609807900	5.0
0374373663	5.0
7119016636	5.0
1477571086	1.0
1595143068	4.0
1406332933	3.0
0060739479	3.0
B00EBN532W	1.0
0373210485	3.0
074343787X	5.0
161109898X	3.0
0062008137	5.0
0062224077	5.0
1416928065	5.0
0316034010	4.0
1469984202	5.0
0312360290	3.0
0061711527	4.0
0802120512	3.0
1455810975	5.0
0307269973	2.5
0380804514	4.0
0778315096	4.0
0373210493	5.0
0312992424	5.0
1463684347	1.0
1423100034	4.0
0307278441	4.0
0553271091	5.0
0399154019	4.0
0060838728	5.0
0064471691	3.0
0848822838	5.0
1250001315	4.0
0312992416	5.0
1600100473	4.0
145554731X	4.0
0312955006	4.0
0307281620	5.0
0061431605	5.0
0140167773	3.0
0062107909	5.0
158297425X	5.0
0330453866	5.0
0688161499	5.0
0767930886	5.0
0761504834	3.0
0452275962	3.0
1442409053	3.5
1402236425	1.0
0696225816	1.0
0307477479	2.0
0425253163	4.0
0843959339	4.0
054506631X	3.0
0060531258	4.0
159307784X	4.0
0374205094	4.0
0140376410	3.0
144240907X	3.0
0385342063	4.0
0446198072	5.0
0380799006	2.0
0689802072	3.5
0385052154	5.0
1844165981	2.0
0312283709	1.0
0061720437	2.0
0312360258	4.0
0142800821	4.0
0061783196	4.0
0399155317	5.0
0821777696	4.0
1884956025	5.0
0385532458	5.0
0316296198	4.0
0547194897	3.5
0982555024	2.0
0060548924	5.0
043949687X	3.0
0679641041	2.0
B00GKPM2LE	4.0
0007442920	4.0
1423100050	3.0
0061974552	4.0
0151014892	4.0
0307280721	3.5
0738723789	3.0
0307876705	5.0
014311560X	3.0
0385734166	4.0
1492135496	4.0
0312642970	5.0
1476730091	2.0
0425162443	4.0
B0052XOTKM	2.0
0985928026	4.0
0061689246	5.0
0312150601	3.0
0805094601	5.0
0385608136	5.0
0060094923	4.0
0689803745	4.0
0439673631	5.0
0689842090	1.0
0307990745	4.0
0385326742	2.0
030793067X	5.0
0785119019	4.0
0399156100	4.0
0060392827	4.0
0553582135	4.0
1434861473	2.0
0316693200	4.0
1439153663	5.0
0743583884	5.0
0743400526	2.0
0689306474	4.0
0312170238	3.0
0671000853	4.0
0143124544	5.0
0553582143	3.0
0545259088	5.0
1440461163	5.0
0554357216	5.0
0064472078	3.0
0307589978	5.0
006222543X	5.0
0385338724	5.0
0979312604	3.0
0060094907	4.0
0141322209	3.0
0399157891	4.0
B00H6UARAK	4.0
1599906341	1.0
0613509927	5.0
1938383362	5.0
1439133611	1.0
0425246957	4.0
0345339703	4.0
1477818111	4.0
1416534997	5.0
0670060178	2.0
0399168540	5.0
0062019775	5.0
1401228305	4.0
0062065114	2.0
B00JL6JMR6	5.0
0743270487	3.0
030724332X	5.0
0425255840	5.0
006178320X	4.0
0984673040	5.0
034538430X	2.0
0312421273	1.0
0316693251	3.0
1421513900	5.0
0316027669	5.0
0385333099	4.0
1455549002	4.0
0515136530	5.0
1611941660	2.0
147781728X	5.0
0312546343	5.0
0064407454	3.0
0810946475	2.0
1480086681	5.0
0307237907	5.0
B00AFYBXEI	4.0
0743496930	1.0
1416568239	3.0
0062135961	3.0
006206777X	5.0
0385729626	4.0
0670061441	4.0
1560235977	4.0
0763616087	3.0
1402244428	4.0
0374281521	5.0
1480213985	4.0
1401203469	1.0
0441017800	3.0
0375869530	5.0
0307744566	4.0
0446572594	4.0
0595440096	4.0
0060890096	3.0
0007288409	4.0
0778324303	1.0
0679732268	4.0
159307963X	5.0
0007288417	4.0
0152063846	4.0
B004Q9TD7W	4.0
0553584375	4.0
0316027650	5.0
0061479934	3.0
006101351X	3.0
0345505425	5.0
0739331191	3.0
0064408337	3.0
0525476938	5.0
0571207022	5.0
0743427149	3.0
0312422156	4.0
082651412X	5.0
0399159223	4.0
0425255808	5.0
0976251604	5.0
0142180211	4.0
0545175305	5.0
B0089LOGZC	5.0
1442488638	2.0
1427201412	4.0
B004W4M51C	5.0
0307743683	5.0
0316666009	4.0
0425231844	4.0
1482025272	3.0
0312379315	5.0
1494812118	4.0
0142424129	5.0
1466480033	5.0
059048141X	4.0
1417808268	4.0
0515145068	5.0
0062026488	5.0
000779021X	3.0
0393081427	5.0
0590228544	4.0
B00BVDRHN8	4.0
0446582344	4.0
0385336179	5.0
0060505885	5.0
1892951533	4.0
0984673059	5.0
039915616X	4.0
0307931900	5.0
0140390316	1.0
0307743675	5.0
0062049577	5.0
0143145444	4.0
B00E257X9A	5.0
045123894X	5.0
0441015670	5.0
031218087X	2.0
0803734735	2.0
031604461X	4.0
0743225082	5.0
0064407470	3.0
0375404414	1.0
054760842X	4.0
0575097469	5.0
0307743667	4.5
0764204335	5.0
0380776847	5.0
1493766260	3.0
0804137722	5.0
0345331826	4.0
B00CPDVGLC	5.0
1416527397	5.0
0425157466	1.0
B007RMXPA6	5.0
0451155750	5.0
0451525264	3.0
0670026611	5.0
B00JJXV3OQ	4.0
0141302690	3.0
0307464970	5.0
0007173687	4.0
0307743659	5.0
0553386638	3.0
B00HDZOQ8M	4.0
1481909282	4.0
0307379418	4.0
0307266850	3.0
1401206123	4.0
0026009102	5.0
B005LRB984	5.0
0307273555	2.0
0547198485	4.0
0425257193	5.0
0545175348	5.0
0425246043	3.5
B00570QXV8	4.0
0689825951	4.0
0451223896	5.0
0062060759	4.0
0439049989	5.0
1482568276	5.0
0061468436	3.0
1611090571	1.0
0821772341	2.0
1569717516	5.0
0142300497	3.0
0061094560	3.0
1401230695	5.0
0099466295	5.0
0743243307	1.0
0307590526	5.0
0312656262	1.0
0192892231	5.0
149594123X	5.0
1608195651	5.0
B005UY43EA	4.0
1406330396	4.0
1477809600	5.0
0142800376	3.0
0141439688	3.0
0316147869	3.0
0375834869	5.0
0062004662	4.0
0061366919	2.0
1469982994	4.0
0060764902	4.0
B009YNXP9W	4.0
0156029987	1.0
0399162410	5.0
1417664037	5.0
0312303726	5.0
0060882077	5.0
1492318833	4.0
0345504984	4.0
0545175364	5.0
1937254674	2.0
1250007518	5.0
0440227984	3.0
0440938848	4.0
0595376304	3.0
0743597176	2.0
0446697591	1.0
030747691X	5.0
B007P6EHZQ	5.0
1477807438	4.0
044101786X	4.0
148122249X	5.0
043935806X	4.823529411764706
0375828192	5.0
B005Z1CSM2	3.0
031286504X	5.0
0312369506	5.0
0451527887	5.0
1400042356	4.0
1616890487	5.0
0373210531	3.0
0061146315	5.0
156389792X	5.0
0141040343	4.333333333333333
0671745077	5.0
0451462548	4.0
0142425990	1.0
0441013198	5.0
0738714267	4.0
0743289331	5.0
0060815361	2.0
0385339151	5.0
0307456625	5.0
0345534034	4.0
0399149392	4.0
0061146307	4.5
0062331159	3.0
0375708278	4.0
0763639311	4.0
0064410145	3.5
0345339258	3.0
045052468X	4.0
0060255234	4.0
0064410129	4.0
0345342445	5.0
0785128530	4.0
0316690619	5.0
0758266529	2.0
B007K3D502	5.0
0380844001	5.0
0316113697	5.0
0143038583	5.0
0615345077	3.0
0061582573	4.0
0451234863	5.0
0385660065	3.0
0375725601	4.5
1497322081	3.0
0060985070	5.0
1421513897	5.0
0312348649	2.0
0060198125	5.0
0515151556	5.0
0061148512	5.0
0373210515	5.0
0061146331	4.0
0316067261	3.0
0060094354	5.0
0689817487	4.0
0385517831	3.0
0380731339	2.0
B00DPAFPQG	5.0
023076651X	5.0
1401206263	4.0
0812973224	3.5
0345443586	2.0
0670024783	5.0
0449704165	3.0
0578000512	3.0
1936493047	5.0
0312979975	5.0
042519485X	4.0
0060774746	4.0
0399154701	3.0
037321099X	3.0
0802130836	1.0
1491286008	3.0
0425267083	1.0
1401340806	4.0
054784803X	2.0
0141040378	4.0
0060764945	5.0
0062048503	2.0
0312424094	4.0
1592239676	5.0
0061357901	2.0
0385537433	3.0
0345536223	3.0
055783676X	4.0
0142422010	5.0
0316113670	5.0
0439632501	3.0
0449210065	5.0
0425256375	5.0
039480001X	5.0
1494734222	4.0
0517186780	5.0
B00CO7GIDU	4.0
0373802234	5.0
1475244207	1.0
0385537859	5.0
0439329493	4.0
0385322747	4.0
0689869932	4.0
193781503X	3.0
0446604801	4.0
0312561288	5.0
0375851798	4.0
0141339624	4.0
014250047X	3.0
0340979496	1.0
1573225517	3.0
0545055741	4.0
0312890524	4.0
0425256367	5.0
184767786X	4.0
0451229487	5.0
0670034525	5.0
0316024961	5.0
0385722435	3.0
0307274810	4.0
034552425X	5.0
0307596907	3.0
0316001821	2.0
0060288124	3.0
0307474003	4.0
0763606804	3.0
0099710013	5.0
0307454894	3.0
1596062991	5.0
0385376111	1.0
0399155600	3.0
0425239810	3.0
098282050X	5.0
B00H9NLT1K	2.0
0060277475	3.0
0739458213	5.0
0140183485	3.0
0425267040	4.0
0064410161	4.0
0578032147	4.0
1932416242	2.0
038533916X	5.0
0152465030	4.0
0425225682	4.0
0345534093	3.0
1435243862	5.0
0451417909	5.0
0805094598	4.0
0316036919	4.5
0451822196	4.0
0152023984	5.0
0064410153	4.0
142011879X	2.0
0743437314	3.0
0989671704	4.0
0689828179	3.0
0981460275	5.0
0062084232	2.0
1479307270	5.0
1467964409	4.0
1410422445	3.0
B007HQH67U	5.0
0140188320	2.0
0060096160	3.0
0385533462	5.0
0375728287	4.0
0099464462	5.0
0060837551	5.0
0316693294	4.0
0064473783	3.0
1609805372	4.0
0440241057	4.0
1885865309	3.0
0451418433	5.0
1118846087	5.0
0316115002	3.0
0590988492	3.0
0099244721	4.0
0553591924	5.0
0451462939	5.0
0385263481	4.0
0345539788	4.0
0399153470	2.0
014242370X	2.0
0374302103	4.0
030788743X	5.0
0312599064	4.0
0312857063	5.0
0373771843	5.0
1575423987	5.0
0140306013	5.0
0679420266	3.0
1491510706	5.0
0143170090	4.0
0142417068	2.0
0618680004	4.0
0385324987	3.0
0802139256	4.0
0307269868	3.0
0451468279	4.0
0425268330	5.0
1480441945	4.0
0761463275	4.5
1401213863	4.0
0385502745	5.0
1423101456	4.0
B009WD94WG	3.0
1595144293	4.0
0451237080	4.0
0399155635	5.0
0061778915	4.0
031601477X	3.0
0930289455	5.0
0545055768	4.0
1439188238	2.0
1596528583	5.0
0743267117	4.0
0141023384	4.0
0375424091	3.0
0007167040	3.0
0060392452	5.0
1480114480	4.0
0061965766	3.0
0515147907	5.0
1401340881	4.0
0373210132	2.0
1606840177	1.0
1416590692	3.0
0099406136	2.0
0689833903	3.0
0020519109	5.0
0385311214	4.0
0515135968	5.0
0345416872	3.0
0451237013	4.0
0689839693	4.0
0312945795	5.0
014132855X	5.0
0425241270	1.0
1419707264	4.0
0380780755	5.0
0380807939	4.5
0061438596	4.0
0393322572	4.0
0375412824	3.0
0425018091	5.0
0439135249	4.0
1439202680	4.0
0451419707	5.0
1596916206	4.0
0061148520	4.0
0452260116	3.0
0743573641	4.0
030733855X	4.0
0749314265	4.0
0061915017	3.0
9380619707	4.0
1401202322	5.0
1250012570	5.0
0451468287	4.0
0385344155	4.0
0618721940	2.0
0439139600	5.0
0451419715	5.0
1611098858	5.0
030728283X	5.0
0241951615	4.0
0590897993	4.0
0316080683	5.0
039916765X	2.0
1551667231	3.0
0425256782	3.0
1440561052	1.0
0439650755	5.0
0547076347	5.0
076791841X	4.0
1907211756	3.0
0385294166	2.0
1419701924	5.0
0547195621	4.0
0553347756	5.0
0312278233	5.0
0738734284	3.0
0515136824	5.0
0452273447	4.0
0099450259	5.0
006056668X	5.0
159448354X	2.0
0064409945	4.0
0316776963	3.0
0316176486	1.0
0800788222	4.0
0679721037	5.0
1494297523	5.0
0802720854	3.0
0545104742	4.0
0142426040	5.0
0230755062	4.0
1595141146	4.0
0143170104	4.0
0375822739	4.0
0743418166	5.0
0380756285	4.0
042524220X	4.0
1478391626	4.0
1423113381	4.0
0312651325	5.0
0439804078	5.0
0307265439	2.0
1484815408	5.0
0451237102	5.0
140883233X	5.0
1250029880	5.0
1453887660	4.0
1442409096	2.0
0385327943	2.0
0615515673	5.0
014240425X	5.0
0679737863	4.0
0399143165	3.0
B004U34BZS	1.0
0316098329	5.0
1596916753	3.0
B00C5R83E6	5.0
0349112231	5.0
0385326653	3.0
B00F650E3M	3.0
1441812660	3.0
0060541814	3.0
031603603X	4.0
1594205159	4.0
0151008116	5.0
0060391626	5.0
1401204872	5.0
006114360X	5.0
0062236679	5.0
0061143618	5.0
B00EPF5LSW	5.0
0380899531	5.0
0152012397	3.5
0062076108	3.5
0373210086	4.0
0385338600	5.0
0307711595	4.0
B00H6Q2WCK	4.0
0399143130	3.0
0061583073	4.0
0140386645	5.0
0060781939	5.0
B007NFGSC4	1.0
014305760X	5.0
0606238409	4.0
0140249435	3.0
1617980218	3.0
0307576531	3.0
068981125X	4.0
0552771236	4.0
0062076116	5.0
0064431835	5.0
0316058297	5.0
0375703055	1.0
0064408655	4.0
B00FZFFRJO	1.0
0684871726	4.0
0375417206	4.0
0141324910	4.0
0553808133	5.0
0142422959	4.0
1416560874	4.0
0380771411	5.0
0425251128	5.0
0671664859	5.0
0156030470	4.0
1569717494	5.0
0879238631	5.0
0142429112	3.5
0765329271	3.0
1598879251	2.0
0375703063	3.0
0778313522	4.0
0345313860	5.0
0140282033	5.0
0439098637	2.0
0141310340	4.0
0064408663	4.0
0515146234	4.0
1401203140	5.0
0380385880	5.0
0307456153	4.0
0061732389	3.0
0590877437	3.0
039304923X	4.0
0452009138	4.0
1475043740	5.0
0061555819	5.0
0007245823	4.0
0142410977	5.0
0689801491	3.0
015206396X	5.0
0758284802	1.0
0141501596	5.0
0786861827	4.0
1493761978	4.0
0373892209	4.0
0064408639	4.0
0140283331	5.0
0740785354	3.0
0142418471	4.0
0547974957	5.0
1476746532	2.0
0758258992	5.0
0811802493	4.0
0751544493	4.0
0399254609	3.0
0812981324	4.0
0310213274	5.0
0307379159	3.0
0316899984	3.0
0552550299	4.0
0373210043	3.0
0985872586	3.0
0142004030	4.0
0061059056	5.0
0064408647	4.0
0805076263	5.0
076792861X	3.0
0373766882	2.0
0143121103	5.0
1479245712	5.0
0515143189	5.0
0515147540	5.0
0307744434	4.666666666666667
0140433880	5.0
0606262520	5.0
0671765469	5.0
0375870407	4.0
0425253317	5.0
0307266303	5.0
0439064864	5.0
B004WTUJAG	4.0
0679643745	5.0
0142406023	4.0
0060572140	2.0
0764100939	4.0
1484864883	2.0
0060094893	4.0
1439177929	3.0
0749009802	5.0
0152025286	5.0
0785119523	5.0
1439164614	3.0
014038572X	3.0
031286860X	4.0
0060515597	5.0
1470124327	4.0
0374168717	2.0
0439139597	5.0
0987329448	5.0
014242207X	5.0
1439138311	4.0
1250021529	5.0
1594863105	5.0
0061735051	3.0
B00BRQ5MFE	3.0
0641500815	2.0
0786805315	2.0
0142300330	4.0
0547069677	5.0
B007BF1XKS	2.0
1582345910	3.0
0373802307	5.0
0505526727	1.0
1442485256	2.0
0312367465	5.0
0312614780	5.0
037582233X	4.5
0544264975	4.0
0441003303	2.0
0801894212	3.0
0060175400	4.0
0060874163	3.0
0143034901	4.0
0751536822	4.0
0743227115	5.0
0152062688	5.0
0380762595	4.0
1593078226	5.0
0312890532	3.0
0812963946	5.0
0385340990	5.0
1442486597	5.0
0440221900	4.0
0786014776	5.0
1599901609	4.0
140222513X	2.0
B005MMJFOS	5.0
0991841158	4.0
0470503912	4.0
0141348550	3.0
0142001805	4.0
0984484612	4.0
0385338686	3.0
0152065709	4.0
1937007243	4.0
1492184373	4.0
1595581367	5.0
1922168963	1.0
0307346609	4.5
1492976423	5.0
1442341955	4.0
0440949424	3.0
1476761779	5.0
0671023691	2.0
0374400113	5.0
0307588114	4.0
0399150749	3.0
0373772211	3.0
0141439580	2.0
0439023483	4.0
0312947054	5.0
0316176044	1.0
1582971420	5.0
0439172144	2.0
0515149330	4.0
0141321008	4.0
0679756973	5.0
1416505474	5.0
0064462188	4.0
0553582216	5.0
1451616880	4.0
0380007789	5.0
0590386077	4.0
0805096272	5.0
043920352X	5.0
0439023491	5.0
1250005493	5.0
B004CJ810Q	3.0
1495416046	5.0
0375836942	3.0
1401940587	4.0
1939392756	2.0
0316603406	4.0
078795599X	5.0
0385736681	5.0
0553582224	5.0
0007559461	5.0
037348397X	5.0
1936719010	5.0
0671721046	4.0
1416596410	4.0
0375857826	3.0
0060559144	5.0
1594486247	5.0
0805042458	5.0
1401302629	3.0
B00G8UL474	5.0
B004TRQCFW	2.0
1416936300	4.0
009917961X	4.0
0743566572	2.0
0451464397	4.9
0765342650	3.0
0689866364	4.0
1478132744	4.0
0307275639	2.0
0547942079	2.0
0380786974	3.0
006440823X	3.0
0767914880	5.0
0312947062	5.0
B0081SO14Y	4.0
1595549633	5.0
0385338252	1.0
0982949529	2.0
1937041174	4.0
0007154615	5.0
B00CYKHQW4	5.0
0802137423	4.0
0316228532	1.0
0060781580	4.0
0785125396	5.0
0142404241	4.0
006224860X	3.0
B00A73LZ6I	5.0
1439102767	5.0
0141340762	5.0
1400306590	4.0
037571927X	4.0
0439791456	5.0
0515141658	1.0
0989013146	5.0
1593108818	4.0
1590513134	4.0
0141301163	3.0
1400080428	2.0
B004S822SS	3.0
0312266596	4.0
0007489447	3.0
0553105140	4.0
0451151224	4.0
051513628X	5.0
0061470856	4.0
0761169253	5.0
0385523386	5.0
0545460069	3.0
0385732554	3.5
0439756685	5.0
1416983082	4.0
0062060554	4.0
0141009829	5.0
0385182449	5.0
054774501X	5.0
0141301155	5.0
1849831289	5.0
098901312X	5.0
0316734896	4.0
0307718999	3.0
1250038820	5.0
0439376149	5.0
1421536439	3.0
1494289105	5.0
0553253042	5.0
1467943207	4.0
0356502465	4.0
B0024CEY2C	5.0
1477805842	5.0
0316204269	2.0
1600100619	5.0
0689821867	2.0
0062198505	2.0
B00G8PG7VM	3.0
0060855924	4.0
1416983090	4.0
0062023586	2.0
0380753006	4.0
0689832990	4.0
0385732562	4.0
0061950726	5.0
0440237068	5.0
044023705X	5.0
1461138612	5.0
1492214981	3.0
1480219851	4.0
0985008687	2.0
B0050211UQ	4.0
0316003956	5.0
0064472752	4.0
0399155929	5.0
148188669X	2.0
B00CJIAEQG	5.0
B007MB5514	3.0
0451179811	4.0
B00AQIGNPC	4.0
0307389812	2.0
0316043125	5.0
014219672X	4.0
0307719871	4.0
044655894X	5.0
0446563072	4.0
0446558958	5.0
0061985880	3.0
043979143X	5.0
0785115315	4.0
0061020400	5.0
0679735909	4.0
0385340486	2.0
1442434600	2.0
0515140791	5.0
1456331183	5.0
1609113039	5.0
0141305967	4.0
006213051X	4.5
0807001384	2.0
0142300705	3.0
0062059998	5.0
0739445286	5.0
0786851481	5.0
0451163494	4.0
0451242327	4.0
0142406902	2.0
088419793X	5.0
0312942311	5.0
0385513534	3.0
0545055857	4.0
1616146745	2.0
0060266686	4.0
0312425074	3.0
0345528735	5.0
1442350458	5.0
B0061SNX1I	4.0
0062124269	5.0
0609609459	3.0
098500861X	2.0
0553592521	3.0
0451528565	3.0
0375872132	3.0
0985008628	3.0
0786804262	3.0
0356500276	4.5
0399208534	4.0
0061122416	3.0
1480001899	3.0
147828580X	4.0
0689821875	4.0
0425233383	4.5
1619630621	5.0
B00H146WCS	4.0
0441016367	4.0
B00A8NGHE2	4.0
0142000205	4.0
0224042963	3.0
0312942303	5.0
0449012751	4.0
033051248X	5.0
1477805869	4.0
0345503821	2.0
030758836X	4.333333333333333
0140620303	4.0
0439376106	5.0
0385501129	4.0
149376215X	4.0
0345803507	5.0
0140120831	5.0
030728364X	4.833333333333333
0765326574	5.0
1484816064	5.0
0671207148	5.0
0062021362	5.0
0060838582	4.0
0062207393	4.0
0061869708	3.5
0002247399	5.0
0064408191	3.0
0143037145	2.5
0061703257	5.0
031294232X	5.0
0671027344	2.0
055359253X	4.0
1426205627	5.0
0099457156	1.0
0062059963	4.0
0061962740	3.0
0763655082	1.0
0385344406	5.0
0452285933	4.0
0985008660	1.0
038073298X	3.0
0099481243	5.0
0312853238	4.5
0142427861	3.0
0765316315	4.0
1250020204	5.0
0345503805	4.0
006019491X	3.0
0140380736	4.0
0676978584	2.0
B00LQUHVF0	5.0
0345540875	5.0
0553104241	3.0
1402274963	4.0
1563898985	5.0
0373211104	5.0
0399157727	5.0
006074815X	4.0
B00APEXMJM	3.0
0821780670	2.0
B004DNWQ98	4.0
0547824106	3.0
0140266259	2.0
0525468633	3.0
0307409120	5.0
0375719202	4.0
0689836015	5.0
098466078X	5.0
1482568519	4.0
0805096620	2.0
B004P8JMNY	5.0
1484823664	4.0
0312303467	5.0
1467909351	3.0
0062227327	4.0
0345527461	4.0
0545052394	5.0
1500167886	5.0
0316806870	3.0
1451607172	5.0
0062273248	4.0
0345531949	5.0
0671690566	4.0
0062021354	4.0
0061284394	2.0
037570504X	4.0
006092988X	4.5
1479101389	5.0
0062059939	4.0
0547076649	5.0
0060569662	4.0
0375821813	3.0
0811867803	3.0
0230613675	4.0
0385336810	4.0
060617110X	4.0
0345531973	3.0
0440241162	3.0
0615429505	5.0
0743236742	5.0
0670021547	4.0
B00JMEPS8E	5.0
037329736X	2.0
0452297540	5.0
0307271633	4.0
0689318782	3.0
1419682016	4.0
1451637829	2.0
0141326085	4.0
0062273264	5.0
0307455475	5.0
0425233367	5.0
0307749649	4.0
160684007X	3.0
0544146247	5.0
0373210248	5.0
1440721726	2.0
0345531965	1.0
0060277300	4.0
0307245306	3.0
1477848940	4.0
0743255496	3.0
0758242034	3.0
1419951378	5.0
0345379640	3.0
0440918146	5.0
0743435451	1.0
0312621728	5.0
0060008032	3.0
0312428170	4.0
0439023513	4.0
0060088877	5.0
1401213510	5.0
1612182917	4.0
9381626685	2.0
0765358549	5.0
073936474X	4.0
0989104400	4.0
1933615990	3.0
0099461269	1.0
006169049X	5.0
0345530667	4.0
0425241394	3.0
0375859551	3.0
0380719185	4.0
1416555560	5.0
0312374623	5.0
0307243176	3.0
1476718202	2.0
0373892071	3.0
0143118498	3.0
1475277407	4.0
0141348291	2.0
0590306731	3.0
044922502X	4.0
0385729332	3.0
0425251195	5.0
B0083JC1AW	3.0
0451172817	5.0
0141331860	4.0
0743508726	4.0
0316013315	4.0
0446558931	4.0
1499535392	5.0
0143038419	3.0
0141306009	3.0
0439087589	3.0
0374349754	1.0
0312429045	4.0
0345500717	4.0
0140293442	5.0
1481042440	4.0
1442481412	4.0
0060731303	5.0
0375826688	3.8
1608198111	4.0
044653143X	3.0
0446601241	4.0
0399528458	5.0
0062077880	4.0
0451226259	5.0
B006JMNQDG	4.0
0812981847	3.0
1469984016	1.0
0373892055	4.0
1600104614	5.0
0971394253	5.0
0156004801	4.0
0672335743	5.0
B000O82BZK	5.0
014241493X	4.5
038000383X	5.0
0671017144	3.0
0439813786	5.0
0310727618	5.0
161620253X	3.0
1619211335	3.0
0671690140	1.0
B004UWPPU4	1.0
034553199X	4.0
1250043395	4.0
1499646704	3.0
1940026016	1.0
0618916520	5.0
0440229014	3.0
B00EBW1ZQG	4.0
0062019457	5.0
0141331879	3.0
0446527327	3.0
0985052708	5.0
1935448005	3.0
1477805028	3.0
006440630X	3.0
0449230031	3.0
0465015611	5.0
0307461661	5.0
1849058040	1.0
0439806119	3.5
1432713027	3.0
0006476155	3.0
0451419006	5.0
0451223292	4.0
0345508769	5.0
031232619X	4.0
015201246X	3.0
B00AKSL3TO	4.0
0399154167	4.0
0064406326	2.0
0061092177	5.0
0425251276	5.0
006176826X	3.0
0553277839	2.0
0979692989	3.0
0679885552	4.0
0312641893	4.0
B0057070EM	3.0
0316200204	3.0
1938404009	2.0
0307379205	2.0
0689811128	5.0
0451202341	3.0
0062072099	5.0
014131088X	3.0
0307917452	5.0
0385335482	5.0
0062019554	5.0
1600103774	5.0
0006551807	2.0
0813125421	4.0
006180259X	4.0
1480107336	4.0
0385529139	3.0
0345533631	3.0
0393039765	4.5
0142419400	3.0
1400316731	3.0
0312423667	1.0
0020446500	3.0
0767930614	5.0
1400069165	3.0
0062314254	3.0
1250002028	5.0
0425240169	4.5
B00H12XMLO	4.0
0312848706	2.0
0553294385	4.0
0547904770	1.0
0156031221	4.0
0425171078	5.0
0446573256	5.0
B00B8SAFEY	5.0
0307948196	5.0
0802798128	4.0
0557364639	3.0
0590438069	4.0
1481035614	4.0
0440407591	4.0
0312546599	5.0
B00CQYAWAG	4.0
0615694918	1.0
0099478420	5.0
0060090375	5.0
0061726826	5.0
0141802766	3.0
1463774826	2.0
B007B0U3JA	4.0
038079487X	2.0
B005OJF0ZC	3.0
0060296410	4.0
0373892101	2.0
0307595129	3.0
030728090X	4.0
1620610116	4.0
0440407125	5.0
038532653X	4.0
0373776780	5.0
0312364423	5.0
0373210183	3.0
0307284042	4.0
0440223784	4.0
0553208845	4.0
0060090367	2.0
0793593654	4.0
0385341717	5.0
075640715X	5.0
0544045602	2.0
0991677196	4.0
0064407691	4.0
0380733021	3.0
0553593072	3.0
B00CC68FF2	2.0
0679756450	4.0
1401204589	1.0
0062326201	4.0
0590483803	3.0
8183860699	5.0
0060755334	5.0
0007124015	5.0
045141506X	4.0
0142406120	4.0
0142420891	4.5
031604086X	5.0
0385511809	4.0
0451160444	5.0
0440236606	3.0
0061957844	5.0
0060925000	5.0
147920711X	3.0
0446359408	4.0
0441013686	4.0
0740764780	5.0
0312560850	5.0
1416585834	4.0
142010375X	5.0
0345511891	5.0
1595821651	5.0
0547341261	4.0
0812522567	4.0
0141009055	5.0
0399536108	1.0
0345533666	4.0
0380757478	4.0
1250003334	1.0
0307595595	4.0
0739359339	4.0
B00GQPNUFK	4.0
0061247820	3.0
0316187208	5.0
161218152X	4.0
1470086115	5.0
1250003326	3.0
0425228029	5.0
0425240134	5.0
1569716056	4.0
0375801766	5.0
1410419835	5.0
0393050939	4.0
0312428936	3.0
1612182437	4.0
0385326599	2.0
0375813756	5.0
B00EIKU6I4	4.0
0142300675	3.0
0099493691	2.0
1567188095	5.0
0743454529	3.0
0062224735	5.0
0743496728	5.0
1611090369	4.0
0312949383	5.0
1481960741	4.0
0385342608	4.0
074322616X	2.0
0515150657	4.5
0671003755	5.0
0060267046	2.0
160672259X	1.0
0446600415	3.0
0006514006	1.0
0758215339	5.0
B00BE2NUPA	5.0
0451225406	4.0
1441477314	5.0
1611090342	4.0
0316212288	5.0
0316206849	3.0
159474503X	2.0
0738857424	4.0
1493640984	2.0
0786889284	3.0
0007444117	2.5
0142301507	2.0
0615596517	5.0
0380892847	4.0
B008B11K04	3.0
0345534557	4.0
0446525537	1.0
0060090383	5.0
0684870363	1.0
1250030951	5.0
1612185932	3.0
0141039280	5.0
1452891664	3.0
1475043805	5.0
0142406988	5.0
0525478086	5.0
B00AP5NNWC	5.0
0425187012	5.0
B00JE2OT6Q	5.0
0761121323	5.0
0151446474	4.0
0553574302	5.0
014241543X	5.0
0345526945	5.0
1935597183	5.0
0440414717	5.0
0061628018	4.0
0380005255	5.0
0075536668	2.0
159691288X	4.0
1611099137	4.0
0141310073	3.0
068982002X	3.0
1416521836	5.0
0385327005	4.0
0451161351	4.0
0983593183	3.0
0547223250	3.0
161218331X	5.0
0007386648	5.0
0515136379	5.0
0060734000	3.0
0758284780	3.0
014241980X	3.0
1482524058	4.0
0312626681	4.0
1574214276	5.0
0515151548	5.0
0060977493	4.0
B00HQH9X26	4.0
0698119150	3.0
0991686004	3.0
1401209882	4.0
0743255992	3.0
0441016766	3.0
081186524X	4.0
0785118764	5.0
0307907619	3.0
0739380338	5.0
0582461359	4.0
0425188361	4.5
044640053X	3.0
0060734019	4.0
0340897767	5.0
0590603639	3.0
0345803485	1.0
0983891842	4.0
0689821387	4.0
1476759529	5.0
0440227739	3.0
1563895811	5.0
1479318868	5.0
0983593167	3.0
0449014509	4.0
0618164723	3.0
0451231295	5.0
0810988933	4.0
1401205011	4.0
0439242193	4.0
0060541741	5.0
0671319728	5.0
0380794470	5.0
1401222811	1.0
B00GFEVQV2	4.0
0983593175	4.0
0310718368	3.0
1449337937	5.0
B0067MSQEC	2.0
039915728X	3.0
0345803493	5.0
0788750097	5.0
0985270454	3.0
0451466683	5.0
0316051586	4.0
0812972562	4.0
0684862719	2.0
0671023373	5.0
0801090881	5.0
0375505245	5.0
0060579080	5.0
0451198646	5.0
B00LWBR25M	5.0
0375703373	4.0
