1477125345	4.0
1622660161	5.0
031253275X	5.0
0983478260	5.0
0312532768	5.0
1940015111	5.0
B00B2G8GFM	5.0
1482582309	5.0
0983632952	5.0
1475119836	5.0
1620151871	4.0
0061007226	4.0
B00CWL2C4C	5.0
B008S6K9BS	5.0
1477673296	5.0
1612183123	5.0
0446532355	5.0
161218359X	5.0
B00B8CKHRK	5.0
0451173139	5.0
B00AK4SVM0	5.0
B00EBZMKXA	4.0
1620070650	5.0
0684815273	5.0
0061935123	5.0
B00928OZ02	5.0
B007WZML7G	5.0
B0086YLKBK	5.0
0425145786	5.0
0312642075	5.0
0821774727	2.0
1450590497	4.0
0307594882	5.0
0671735144	4.0
1475057385	5.0
0671003364	4.999999999999999
1467930598	5.0
0060837381	4.0
B00AFXSCZM	5.0
1440303088	5.0
055358183X	4.999999999999999
1421513897	5.0
061568596X	5.0
B009S9LG7K	5.0
161890390X	5.0
0553382373	4.0
0140390030	5.0
037543318X	4.0
B00D0RRAJ4	5.0
0446531243	5.0
1570764867	5.0
1612183581	5.0
1460981634	5.0
0449006360	4.999999999999999
1480219851	5.0
B00BF41BLW	4.0
1936413124	5.0
1461052149	5.0
147780594X	4.0
0983157251	5.0
1463610068	4.0
B00873W5ZA	5.0
0671737791	4.999999999999999
0670024783	5.0
B0040JI3P6	5.0
0143122916	5.0
0515136190	4.0
1463632096	5.0
B00HG2XJ4Y	5.0
0061935107	5.0
1937178323	5.0
1936413116	5.0
B009NVQZAG	5.0
B00GNFKEXY	5.0
0615946429	5.0
B00B4MHICQ	5.0
1484131673	5.0
042519387X	4.999999999999999
B007YX9X18	5.0
B00C43FKHY	5.0
0984004858	4.0
1611099536	4.0
1439192561	5.0
B00DCCPHAQ	5.0
1478312696	5.0
0988997479	4.0
1608206521	5.0
0983157227	5.0
0312624670	5.0
0385537859	4.0
B00D3NIAEY	5.0
0553587064	5.0
B00DX0F3XS	5.0
069620780X	4.0
031259044X	5.0
1484087100	5.0
1477679995	5.0
B009YLODRW	5.0
0805096663	4.0
1624300057	5.0
B00IKZUG4M	5.0
B009P4RXRK	5.0
1406337609	5.0
0061087068	3.0000000000000004
B003NHRDIY	5.0
1479249793	5.0
1451606796	5.0
B00HE60MPG	4.0
1592408680	4.0
B005DUR1ZY	5.0
0380455676	5.0
1481004719	5.0
0374520380	4.0
0393081508	5.0
038536315X	5.0
0345503708	5.0
0764225081	3.0
039916443X	5.0
0615294987	5.0
0553587072	5.0
0060784113	5.0
1463509332	4.0
0988688603	5.0
1936413132	5.0
1612185592	5.0
030758836X	4.0
014311669X	4.0
B003V4B6CI	5.0
0983157200	5.0
0060256532	5.0
0451411137	2.7567804024496936
0316210986	5.0
0670024856	4.0
0385376111	5.0
B008KWVWL6	4.0
0345490665	4.999999999999999
B00D3LOYA0	5.0
1466939214	5.0
0385342578	5.0
1937044858	5.0
1490468439	5.0
1595540547	5.0
B009I3SO9E	5.0
B009N7OVTW	5.0
B00HLNRWBE	5.0
0739354574	5.0
1463756976	5.0
0451211634	4.0
031232118X	4.0
0615650430	5.0
0715329278	5.0
1596680296	5.0
0515131660	3.0
B00H8XIAZ4	5.0
B00B6B7RQC	5.0
B00IR008PM	5.0
0873515560	4.0
0060555610	4.0
0743234413	5.0
0451411129	3.051034482758621
0741406616	5.0
0989405028	5.0
146634444X	5.0
098382004X	5.0
0833524658	5.0
1481815571	5.0
0743486927	4.0
0929915690	5.0
B00D8GKEUY	5.0
1463695403	5.0
B00EAV2R4W	5.0
0451210654	3.0
0880708077	4.0
B00I44WXH2	5.0
0988491001	5.0
0061259357	5.0
0987214934	5.0
B008N78ABI	5.0
1623781264	5.0
0307268284	5.0
0821777149	2.0
0859654796	4.0
1936850168	5.0
B005J1L41Y	5.0
1622668960	5.0
0975965328	5.0
0898703166	5.0
B00GO3HIYI	5.0
097587005X	5.0
043938950X	5.0
B00528HXSM	5.0
1470077140	5.0
0060837551	5.0
1432766627	5.0
1939173353	5.0
0060593636	5.0
B00IYY0Q76	5.0
1440563438	5.0
031269945X	5.0
1484823664	4.0
0425194566	4.0
0671870955	3.0
B006Q6HCM6	5.0
147813223X	5.0
B0088MF82M	5.0
0312303467	5.0
0987214918	5.0
0385742614	5.0
042523200X	5.0
1468184415	5.0
0671637797	4.999999999999999
1452110581	4.0
B008TSWYNQ	5.0
B00B0GUEU4	5.0
B007TRWUCS	4.0
0446534943	5.0
0312428391	4.0
0373773900	5.0
1932717269	5.0
0307360318	4.0
0061935085	5.0
B00JSZFW1K	5.0
1843607247	4.0
B0094B6VEK	5.0
1467938378	5.0
1455574856	5.0
0988847620	5.0
B00DAIILMS	5.0
B00FRSVPYK	5.0
1461072514	5.0
0989673510	4.0
1623420040	5.0
0143170090	5.0
1781081573	5.0
0615889158	4.0
B00GXUXOG8	5.0
1880666197	5.0
0061974587	5.0
0761463275	5.0
1484823761	4.0
0140282610	5.0
B00B6JFKNG	5.0
1604680466	5.0
1497400775	5.0
1469984202	4.0
1466266732	5.0
B0080K3PHC	5.0
1492933171	5.0
1619352532	5.0
1494900092	5.0
0446527165	4.0
B00EAY2WEO	5.0
0373210574	5.0
193959006X	5.0
0452283485	5.0
0425213765	5.0
0967469716	5.0
1416975888	5.0
B00JGYASWG	4.0
0875421849	5.0
0451216393	5.0
147782331X	5.0
0802120105	4.0
1467927147	4.0
B00ABWN11C	5.0
1449415814	5.0
1250014522	5.0
0515122416	4.999999999999999
0991763491	4.0
162007057X	4.0
1466415150	5.0
1479342114	5.0
B00ASP90SK	5.0
0312583753	5.0
B00DEVFTKI	5.0
1490365389	5.0
1413474136	4.0
B006MG3GUC	5.0
0983632901	5.0
1482602571	4.0
0385739141	5.0
0451419707	5.0
0762439378	5.0
1611940834	5.0
1481170414	5.0
148128679X	5.0
B00839LXWY	5.0
0449006352	4.999999999999999
1592286674	5.0
0615739458	5.0
0987384937	5.0
1592334695	5.0
B00HG7GHY8	5.0
B00IJPOQV2	5.0
1937629287	5.0
0380811065	4.0
1608198367	5.0
0830833188	4.0
0983632936	5.0
0451226259	5.0
1481985337	5.0
0615824404	5.0
1467930571	5.0
1480151815	5.0
0971453284	4.0
1492899461	5.0
B008XRI3BA	5.0
B006J8QAOW	5.0
B00B6GT4H2	5.0
1250033586	4.0
0991789741	5.0
0380815575	4.999999999999999
0385739168	5.0
0671670557	5.0
0525953086	4.0
B008YWMLE4	5.0
0061783196	5.0
1842931156	4.0
0873418328	4.0
B00DNMRWFI	5.0
1481981080	5.0
1479124540	5.0
1442344989	5.0
1491726156	4.0
0982555024	5.0
1482772051	4.0
1494366878	5.0
B008PGM9OQ	5.0
1477600299	4.0
1608206939	5.0
0060509473	2.0
1494978059	4.0
0375859349	5.0
0823400913	5.0
0743223292	4.0
148025777X	5.0
0312591063	5.0
1782010289	5.0
0989102300	5.0
B009LT8DVE	5.0
B009FRSVL4	5.0
1463768591	5.0
0394514734	4.0
0743276949	4.0
B0052XOTKM	5.0
1937044033	5.0
B00ASBB4O2	5.0
0449002462	4.999999999999999
0983797870	5.0
B004KAAOS4	5.0
1406330337	5.0
0985334576	4.0
0987384902	5.0
0143170104	5.0
1477807578	5.0
0380815583	4.999999999999999
1572247037	5.0
159448791X	4.0
1620072270	5.0
1933417447	5.0
0743572750	5.0
B009R89AF2	5.0
1477809511	4.0
0060799242	2.0
0615815995	5.0
0060846208	5.0
0449002470	4.999999999999999
074356619X	5.0
1480029858	5.0
B008GFNWEC	5.0
0380727501	5.0
1475009860	5.0
147752374X	5.0
1438965842	4.0
B004U34BZS	5.0
1477697969	5.0
0380820846	4.999999999999999
1939627109	5.0
B00GQBH9BU	5.0
1937044378	5.0
0736922504	4.0
0743597923	4.5
0061735329	5.0
B00B2EU7ZQ	5.0
0981676804	5.0
1559391200	4.0
0375833862	5.0
1938404599	5.0
0446527793	5.0
1572420022	5.0
0375830111	4.0
1939201160	5.0
B00HL0ODYQ	5.0
B007NFGSC4	5.0
1481960121	5.0
B00GM4WW1I	5.0
0316211222	5.0
1572420006	5.0
0985656220	5.0
145160680X	5.0
1490336869	4.0
1623420431	4.0
B00I6NKC4C	5.0
1499690940	5.0
B007HBKNG6	5.0
0060514574	4.0
0140364749	5.0
1613181280	4.0
0615719287	5.0
1482061694	5.0
1479330094	5.0
0316101966	5.0
B005GH98B4	5.0
0451219821	5.0
1499257171	5.0
1470112701	5.0
0671744224	4.999999999999999
0671670069	4.0
B0076Z6ONE	4.0
1490486879	5.0
0307712508	5.0
1889140163	5.0
1620610116	5.0
1466223677	5.0
0671744216	4.999999999999999
1483982750	5.0
1580511430	5.0
0988891646	5.0
0345505336	5.0
0345521307	5.0
0446529672	5.0
0578022923	5.0
147781728X	5.0
0671601296	4.999999999999999
1469248581	5.0
B00H9MJL48	5.0
0547892624	5.0
B00AO9HI8O	5.0
1930448279	5.0
1572246146	4.0
0380819627	5.0
1939045002	5.0
B004UJJJQS	4.0
006077407X	5.0
1478126434	5.0
1620612429	5.0
0671744208	4.0
1481822640	5.0
1475004494	5.0
B00B8ZR41E	5.0
B008R5185G	5.0
0671011332	4.999999999999999
4770031106	5.0
1583671056	5.0
B00A9MKHOI	5.0
B00CMXCWW2	5.0
0375828109	4.0
1477582983	5.0
B004CFAS06	5.0
1432748106	5.0
1490552413	5.0
087659013X	5.0
1479207128	5.0
006117100X	4.0
1935429744	5.0
1938506022	5.0
1480285080	4.0
1460939700	4.0
0978924622	5.0
1462003907	5.0
1466404345	5.0
1482088800	5.0
0345533666	5.0
0991936809	5.0
1620074796	5.0
006201983X	3.0
061566329X	5.0
1939203139	5.0
162266888X	5.0
1620610396	5.0
0307744434	5.0
0399157573	5.0
B005NIOT5G	5.0
098587791X	5.0
0141188936	5.0
0061020052	5.0
1250040159	5.0
1938404300	5.0
B00GWP09YO	5.0
0062316869	5.0
1471710297	5.0
0778326977	4.0
0373775466	3.0
0316209198	5.0
1477848150	5.0
0985538554	5.0
0671737848	4.0
1620075156	4.0
B00C3JDUJ4	5.0
1482082632	5.0
B00BTKA352	5.0
067173783X	4.999999999999999
0312575653	5.0
140632132X	5.0
0688143059	4.0
0805088318	5.0
0590635557	5.0
1936185741	4.0
B00HZ05DWI	5.0
1589802241	5.0
1595142517	5.0
0399159347	4.5
0615579280	5.0
0671871005	4.999999999999999
B00DMQ0BNK	4.0
0307743683	4.0
1466324600	5.0
1479140872	5.0
B005D75Z8C	5.0
1909490016	5.0
B008PZ6TAC	5.0
0553588079	5.0
1595142525	5.0
1478351322	5.0
0007281447	5.0
B009GPRSP0	5.0
1937044661	5.0
0312624697	5.0
044630557X	5.0
0385338112	4.486786018755328
1491234512	5.0
0451213866	2.0
B008XKUS9C	5.0
1442346272	5.0
B0083ODXSG	5.0
0881506877	5.0
B00BZ1OB8U	5.0
1475093780	5.0
1484164210	5.0
144235948X	5.0
0356500209	5.0
B00J1RXXQG	5.0
0985865334	5.0
0316206849	4.0
0062049577	5.0
0307743675	4.0
0817014578	5.0
0007444117	4.0
1463692463	4.0
1595716858	4.0
0312624689	5.0
B006G9T1YA	5.0
B00DDF7UB6	4.0
1469237334	4.0
0061969559	5.0
0715329510	5.0
B009XE38HQ	5.0
0380800829	4.0
0982717105	4.0
1477556389	5.0
1623420954	5.0
044922452X	4.0
1475005555	5.0
0760338078	5.0
0983820015	5.0
0141039280	5.0
B00CLJLZFC	5.0
1469241943	4.0
0316194727	4.0
0671737821	4.0
1605920525	5.0
1599986426	5.0
1597489417	5.0
0060002050	1.0
0671702505	4.999999999999999
0099525372	5.0
0615737897	5.0
0062200577	5.0
1479384674	5.0
0439023483	5.0
0061174149	5.0
044845257X	5.0
B006V1MRTO	5.0
147000870X	5.0
0310286786	5.0
184923888X	5.0
B00HMDE3AG	5.0
0310728185	5.0
B00AA5CKPI	5.0
1490302484	4.0
0989853616	5.0
B008RMAZSA	5.0
0451236718	5.0
1612962173	5.0
1937254453	4.0
0373774621	5.0
1490962077	5.0
0615652670	5.0
0985023058	5.0
B00F6I5U5Q	5.0
1477490795	5.0
B005U8GQT6	5.0
1477527761	5.0
B005CO2R46	5.0
B00BHJCHP4	5.0
148115320X	5.0
1250011914	5.0
0515140775	2.0
0987779486	5.0
098357331X	5.0
1597488984	5.0
0345803485	1.4651162790697678
1611099358	4.0
0615702767	5.0
0099255197	5.0
B00DD7VCPE	5.0
1612183549	5.0
0985739401	5.0
0821774735	2.0
B0077ROL90	4.0
0399159126	4.0
1936185725	5.0
0743566572	5.0
B006Q1V2XQ	4.0
B00E79V8SS	5.0
0805098542	5.0
0375831002	5.0
067168972X	4.0
B00GPKHN22	5.0
1489547894	5.0
1477662391	5.0
0307021408	5.0
1611941342	5.0
B00DOPEQJY	5.0
1482505657	5.0
0929915852	5.0
1484164881	5.0
1416505458	3.0
1481063936	5.0
0671737619	4.999999999999999
B00AB2DGE4	5.0
0312590989	5.0
B008DQKJJ0	5.0
0385338252	5.0
B00BMQN08U	4.0
1937053148	5.0
0983934150	5.0
B00HG4U4O0	4.0
0553571591	4.999999999999999
