0143120409	4.0
0312598378	4.0
0224079948	5.0
0141441585	5.0
031259836X	4.0
0802143938	5.0
0805029745	5.0
B00EOER0G0	5.0
159071041X	4.0
0312425155	5.0
0977389871	5.0
038081045X	4.0
1118446569	5.0
0679730540	5.0
0671775952	4.0
0375507957	5.0
0385524358	4.0
0201489392	5.0
0140254560	5.0
0312323131	3.0
B0044UHUK0	5.0
0375402896	3.0
B0019DRVFE	2.0
1420111949	1.0
1552100677	4.0
0385537654	4.0
0446198188	5.0
0674022947	5.0
0446614890	5.0
0142000760	4.0
0061132381	5.0
0060084332	3.0
0140102264	5.0
0061148717	3.0
0805076964	3.0
037541486X	5.0
0307957233	5.0
1611090776	4.0
0140072748	5.0
1401302785	5.0
0199558302	5.0
1557833575	1.0
0345483847	5.0
1250038944	5.0
0486232085	5.0
0553156861	5.0
037543318X	3.5
0973110910	5.0
1934030732	4.0
0002007770	4.5
0375405917	4.0
0007190042	4.0
0765305518	4.0
0385536356	5.0
0143035282	5.0
0062049607	5.0
0684849267	4.5
0307266192	5.0
014311767X	3.0
1416573488	3.0
1623150469	4.0
0393010430	5.0
0141192429	5.0
0061958328	5.0
0099579995	5.0
0307704254	3.5
0142003816	3.0
0930852923	5.0
0439136350	4.0
0393239772	3.0
0140714820	5.0
1451673167	5.0
055381852X	3.0
0071601414	5.0
0316024740	5.0
031238100X	5.0
019966921X	4.0
0062276026	4.0
1612182380	4.0
080507919X	5.0
0312675062	5.0
1439192561	5.0
0060509422	4.0
0312867972	5.0
B0057ZY518	5.0
0434022373	5.0
0471557323	4.0
0060185074	5.0
0132905337	3.0
0395640512	5.0
1615931376	4.0
0452281229	5.0
1456503057	3.0
1565123514	5.0
0307291146	5.0
0446348325	5.0
1451640218	5.0
0743288203	5.0
0312323158	5.0
0743289536	5.0
0152019243	5.0
0312655460	5.0
0140436383	5.0
074322907X	5.0
1557046646	4.0
1481062344	5.0
0143115006	4.5
0451465849	4.0
0945707118	5.0
0553052209	4.0
0312323174	5.0
160078562X	4.0
0394499735	5.0
1594201358	5.0
0440101344	5.0
0312428235	5.0
014043769X	4.0
0812975650	5.0
0439206766	5.0
0425179494	4.0
0547506147	4.0
1118094956	1.0
0312060270	4.0
0553242474	4.0
0312655452	4.0
0307957276	5.0
0345446860	4.0
0060509406	5.0
0061245097	5.0
0312655479	4.5
1482390973	5.0
055306908X	5.0
0763600067	5.0
0979846781	5.0
B0031Y6TIO	5.0
0141007540	3.0
0425214311	4.0
0345458842	5.0
0983495653	5.0
1442369183	4.0
0743289552	5.0
0394758269	5.0
0312266898	5.0
0316734942	5.0
0312428243	4.0
0553583719	4.0
0060190434	5.0
0874770882	5.0
014311896X	5.0
0310262887	4.0
0684873796	4.0
0140502343	5.0
0061245089	5.0
156389551X	5.0
1626361134	4.0
1594204403	5.0
1400044014	5.0
0753515016	5.0
0679454683	5.0
0831790687	5.0
0756633400	5.0
0306807718	5.0
0316734950	5.0
1605440086	5.0
0394758250	5.0
0071414290	4.0
0330426575	3.0
0385420536	5.0
0061228575	5.0
0684856409	5.0
0345530748	4.0
0786718579	5.0
158238133X	5.0
0374283168	4.0
0735821534	5.0
0307476073	5.0
0316545120	4.666666666666667
0812571991	4.0
030738246X	4.0
0446528382	2.0
1439154244	5.0
0394758285	5.0
031298166X	5.0
1416958819	5.0
0307356175	5.0
0061544450	5.0
0399155414	4.0
0759298157	5.0
0470497394	2.0
1558324151	4.0
0553287346	4.0
0712666729	5.0
1434647439	5.0
0553525832	5.0
1586487884	4.0
0374371334	5.0
B0032JSIZK	5.0
0553804758	5.0
055380474X	4.0
0099416158	5.0
1608196097	4.0
0739314157	5.0
055310344X	4.0
046501982X	3.5
0099285045	5.0
0786888628	5.0
0671796046	5.0
0465019838	3.0
1118083466	5.0
0152009019	5.0
006055973X	5.0
0312377843	5.0
0307339629	4.0
0141345713	5.0
0684832461	5.0
0062135252	4.0
0802143997	5.0
0060220732	5.0
0330545000	4.0
0826219500	5.0
006199975X	5.0
0062123270	5.0
0192802089	5.0
156025405X	5.0
007140225X	5.0
1605984884	5.0
0312675038	3.0
0937381659	1.0
0679432485	4.0
0671554506	5.0
0060088745	5.0
0446530689	4.0
0316006939	5.0
0446195979	3.0
0547254725	3.0
0312352557	5.0
0385344325	5.0
0330263064	3.0
B009R0XH8G	4.0
0316381209	4.0
0199976279	5.0
1416553010	4.0
0380711508	5.0
061834697X	5.0
0375504877	5.0
0778320553	4.5
B003I84MRS	5.0
0553804731	4.0
1439163162	5.0
1607180758	5.0
0929712986	5.0
1582381305	4.0
0399160817	5.0
0374139644	4.0
0701176830	5.0
0312353812	4.0
0393096696	5.0
0061240257	5.0
0452009421	5.0
0812973089	5.0
0451166493	5.0
0312044194	5.0
007148499X	5.0
0441007155	3.0
0778324923	5.0
0192818481	5.0
0425241033	4.0
0061093904	4.0
0375500464	5.0
0425233421	5.0
0897328493	5.0
0718178122	4.0
0091779251	3.0
0674387325	5.0
0007229682	4.0
0802118151	5.0
0385475713	5.0
0786888652	5.0
0306815389	4.0
0451169522	5.0
0399151095	2.0
0451530586	5.0
1466464445	5.0
0261103288	5.0
1605983543	5.0
0374184216	4.0
0553581929	4.0
0312282990	5.0
0385517181	5.0
1594483779	3.0
1402785925	4.0
1401303277	5.0
0446519480	2.0
0151010196	5.0
1483975754	5.0
0307278107	5.0
0399155449	4.0
0061228591	4.666666666666667
0679722068	5.0
1586670697	5.0
0786865105	5.0
0743400682	4.0
1495379930	5.0
0316012793	4.0
0955647614	3.0
0307351300	3.0
0140433252	5.0
1400068037	5.0
0452276721	5.0
0312353839	5.0
0140437614	5.0
0805211241	5.0
077831295X	4.0
0691143420	5.0
0553581937	4.0
0307267482	4.0
0374125023	5.0
0674062108	5.0
0140445226	5.0
0425194256	4.0
0452285658	5.0
0060264306	5.0
0399155430	5.0
0812969839	3.0
0689852894	5.0
0345410084	4.0
0385129912	5.0
0345483871	5.0
0817440593	5.0
1594204497	5.0
0525950923	3.0
0446402389	5.0
0199316899	4.0
0873494296	5.0
0805093427	3.0
0316929190	5.0
1416566384	5.0
0307277674	4.0
0316155306	5.0
0316018872	4.0
0199782520	5.0
0393058387	5.0
0141321687	5.0
1878825003	5.0
0883687496	5.0
0399155384	3.0
1596430095	5.0
1451645163	5.0
0547775245	3.5
1585422762	5.0
0307887715	4.0
0060254920	5.0
1902881532	3.0
0142800902	4.0
0140184929	5.0
1421404540	4.0
0316832642	5.0
0060512229	3.0
038533401X	4.0
0385120648	5.0
0553386387	5.0
0062089633	5.0
0316499552	4.0
0806531436	5.0
1878125028	3.0
0802717454	5.0
0743273206	5.0
0195167767	5.0
0980092035	5.0
1416556109	5.0
0375832785	5.0
0399159738	5.0
0312673345	2.0
0307750930	5.0
1416571752	5.0
044653191X	5.0
0307750922	4.0
0140501983	5.0
1603420800	5.0
0743250532	4.0
0547195958	5.0
0743597923	5.0
0465004814	5.0
0064440133	5.0
0140159940	5.0
0689840810	5.0
0060584750	5.0
0465011160	5.0
1432704893	4.0
0684831090	5.0
0385334001	3.0
0143034758	5.0
0316018864	3.0
0385336667	4.0
000616174X	5.0
1569802742	5.0
0743262506	4.0
0465037771	5.0
0195162064	4.0
158017700X	5.0
0679448004	5.0
0817439560	5.0
1416556125	5.0
0385347316	5.0
0939217244	5.0
0756617413	5.0
0061256684	5.0
0385336675	4.0
0060530928	3.0
0802119379	3.0
0312329385	4.0
054773946X	5.0
1455163511	5.0
0691017794	5.0
B00570MHZ4	5.0
0330491636	4.0
1118338731	4.0
1609111001	5.0
0984210911	4.0
1616952040	4.0
1400097339	5.0
1476712980	5.0
0143122231	5.0
0380794772	5.0
014016930X	4.0
0060915331	5.0
0763660507	5.0
B003CYKQSM	5.0
0547237391	5.0
006205905X	5.0
0307473716	4.0
0385532830	5.0
0810992434	5.0
0452296293	2.0
0399154086	4.0
0307461734	5.0
0399160760	5.0
0380794764	3.0
0224081411	5.0
039915180X	3.0
0743261232	4.0
0345472357	5.0
0307700666	5.0
0061986488	5.0
141330057X	5.0
0547428065	5.0
1400031516	5.0
0312946384	3.0
1891661272	4.0
0307744205	5.0
1451633157	5.0
1554072611	5.0
0981706711	5.0
0425201910	5.0
B005L2O9WC	4.0
1582433887	5.0
0446580090	5.0
0451158717	5.0
0743269187	5.0
0312641745	4.0
0312997922	5.0
1906210047	5.0
0803621825	5.0
0143112872	5.0
0312328044	5.0
0307275000	4.0
0312427719	5.0
081744050X	3.0
0425030717	5.0
0142302376	5.0
1608870286	5.0
0316039748	3.0
0152002391	5.0
0330491601	5.0
0679735429	5.0
0375757902	5.0
0812982886	5.0
0316027774	5.0
0375508473	4.0
0735812683	5.0
0143118188	5.0
0316614351	5.0
0385306849	5.0
1451626851	4.0
0739334581	4.5
0300169280	2.0
0765310848	5.0
0765328135	5.0
044619820X	4.0
0446523488	3.0
1568581904	4.0
0399149546	4.0
0470089628	4.0
0385527454	5.0
1421400111	4.0
0684831902	5.0
0061727679	5.0
0593064461	5.0
0743467728	3.0
0881924989	5.0
0810916746	5.0
0872234282	5.0
0307378403	5.0
0312319142	4.5
0312105754	4.0
0786891459	3.0
0765328143	5.0
0670023272	4.0
1586484826	5.0
0307719219	3.0
0385337132	4.0
0316154059	5.0
0374332657	4.0
0945707037	5.0
0393067246	5.0
030702024X	5.0
0345458915	4.5
0743203399	4.0
1616951540	4.5
0393059642	5.0
1400031524	5.0
0374175268	5.0
0062004794	5.0
1616081090	5.0
0385337140	5.0
0425188442	5.0
0133121070	5.0
067157714X	5.0
0345480821	4.0
0517183404	5.0
0945707045	5.0
006009026X	4.0
0985401400	5.0
031216842X	3.0
0312377045	4.0
0374239789	5.0
0817441816	4.0
0765330474	5.0
0140449590	5.0
0192837508	5.0
0671695347	5.0
0446617199	5.0
0890515980	1.0
0316601012	5.0
0385538138	5.0
0399160795	4.0
0771026277	5.0
0143038273	5.0
1400064430	3.5
B00II626VO	5.0
067416055X	5.0
1844167208	4.0
0517880342	5.0
1593931247	5.0
030759064X	4.0
089966945X	5.0
0684806975	5.0
1608196895	4.0
0195090888	4.0
0465081851	5.0
0547271204	5.0
0425215679	5.0
0684834197	4.0
1580131697	5.0
0451210220	4.0
0595421261	5.0
0765330482	5.0
0345458931	4.0
0385340761	4.5
0789483297	3.0
0140502424	5.0
0061727660	4.0
0394536495	5.0
0765318776	5.0
0307378411	5.0
0743476646	5.0
1596912537	4.0
0143038281	4.0
1590589076	5.0
0307452891	4.0
0375725466	5.0
1401216226	4.0
1416568182	4.0
0307961257	4.0
0451188713	3.0
0812975707	5.0
0312658567	4.0
1476703221	4.0
0811732959	5.0
0345451473	3.0
0765316196	4.0
0140431403	5.0
0385524382	5.0
1935098071	5.0
0061434795	5.0
0763622222	5.0
0465001769	5.0
0452298059	3.0
0140440356	5.0
143920070X	5.0
038533849X	4.0
0345441265	4.0
B007KMIDV4	4.0
B00CR32QCS	5.0
1410438201	4.5
0385528752	5.0
1400031567	5.0
1413304087	5.0
0312929870	5.0
0982144342	5.0
006204964X	3.0
0312426453	4.0
0195181212	5.0
0306821265	3.0
1599212943	5.0
0812973992	5.0
0330434209	5.0
1400042216	5.0
0312366337	5.0
0061997196	4.0
0374180652	5.0
0985401443	5.0
030738604X	5.0
0330309773	4.0
0976261308	4.0
1452106703	5.0
0674724747	4.0
0375405836	5.0
0451412508	5.0
0452298040	5.0
0739357204	5.0
0312427786	4.0
0670037885	4.0
0312319169	4.5
0385535066	4.0
0375404511	4.0
0345324390	5.0
0812983343	5.0
0307590615	5.0
0745661874	4.0
0091799759	3.0
159523103X	5.0
0802138527	5.0
0006498000	5.0
0684827875	5.0
0805078614	5.0
0451167805	5.0
0152009868	5.0
0307717496	5.0
0099478374	4.0
0864427530	5.0
0375401466	5.0
0060760419	5.0
0300115474	4.0
1586489690	2.0
0312591837	1.0
1481026674	5.0
0140119906	5.0
0395353939	5.0
0465068855	4.0
0307021521	5.0
B004LLIJMU	5.0
0470930675	5.0
1904738923	3.0
0977147428	1.0
159233296X	4.0
0981576982	3.0
0345456327	5.0
0061007226	4.0
0743219597	5.0
034532739X	2.0
0446561916	4.0
0743219589	4.0
145162607X	5.0
076273633X	4.0
0449224384	5.0
0143035185	5.0
1935178032	4.0
0345522397	3.0
031245287X	5.0
0802117767	5.0
0743418700	4.0
0140430903	4.0
006039322X	4.0
1931082332	5.0
0307338487	4.0
0143120514	5.0
039527804X	5.0
0899974759	4.0
0971369496	5.0
0449125629	5.0
0060268654	5.0
0007119267	5.0
0060760443	4.0
0316781401	5.0
0061726192	5.0
0345533054	3.0
1605980595	5.0
0156005506	4.0
0307275825	4.0
0140172270	5.0
1935359193	5.0
1423103920	3.0
0060508876	5.0
0439217318	5.0
0671023179	3.0
0375756450	5.0
092923975X	4.0
0061726168	3.0
0618253963	5.0
9997519329	5.0
0743289471	5.0
1455521175	3.0
1402202229	3.0
0002226618	5.0
0143116479	5.0
031608915X	5.0
1602392463	5.0
0486272842	5.0
0312561180	5.0
1932714006	4.0
0143144529	5.0
1557837821	4.0
0312315600	4.0
0061143170	5.0
1250021340	4.0
0786888598	4.0
032147404X	3.0
0099282917	4.0
0316058858	5.0
1582342474	3.0
1416590927	5.0
0674062264	5.0
014029628X	4.0
0140437525	5.0
0553109731	5.0
1935178067	5.0
1583226850	4.0
0192854054	3.0
0465003397	4.0
1453780955	5.0
0143116487	4.5
0156034042	5.0
0310286700	5.0
0375826866	5.0
0385418132	5.0
1442365714	5.0
0306817837	4.0
140003213X	5.0
0439206634	5.0
0395067995	5.0
0321043693	4.0
0307477401	4.666666666666667
1595230696	5.0
0486452271	5.0
1477847030	4.0
0064400026	5.0
0470387815	5.0
0316032212	4.0
0980036909	5.0
0394847008	5.0
0971369453	4.0
1416914242	4.0
0743202708	5.0
0897215044	5.0
0061706558	5.0
159523067X	5.0
031615976X	4.0
0300018460	5.0
0345528506	4.0
0312187475	3.0
0060256656	5.0
068483183X	5.0
0307388751	4.0
014044954X	4.0
0446546305	4.0
B00EN0ZJWW	5.0
0553346156	1.0
1469255561	5.0
0792451074	5.0
0007467478	4.0
0307885151	5.0
0451207386	2.0
0143124072	4.5
147818518X	5.0
0945707010	4.0
1590513797	4.0
047179032X	5.0
0399162496	4.0
0345374568	5.0
1582406197	5.0
0976620219	4.0
0739474812	4.0
0399153535	4.0
0676976158	4.0
0470497254	5.0
0297850687	5.0
031242969X	4.0
0061535680	4.0
0316159794	4.0
0143112082	5.0
076033174X	5.0
0307387437	5.0
034548617X	5.0
0007263686	5.0
0691013551	5.0
1611530490	4.0
0312979487	3.0
0060556579	5.0
0764820079	5.0
B0006QVWGE	5.0
0836218833	5.0
039306235X	5.0
0554376040	5.0
0618966145	5.0
1416599347	5.0
0399157964	4.0
1451610572	4.0
0316127353	5.0
0922356807	5.0
0446578754	5.0
0446577421	5.0
0525948775	5.0
030726999X	4.0
0307272702	4.0
1594744769	2.0
0739326279	3.0
1594742111	3.0
0375757716	5.0
0345308239	5.0
0805093354	3.0
1611800579	5.0
1623651379	5.0
0451230531	3.5
0393311503	5.0
0679411682	5.0
0062554468	5.0
1888363681	5.0
0805211381	4.0
0674026578	5.0
0062251678	5.0
0307338401	5.0
1581826028	4.0
0571238572	4.0
0393061027	5.0
0789489295	5.0
0525948791	5.0
0143036432	5.0
1560447303	5.0
0062008110	5.0
1594204306	5.0
071563318X	4.0
1595821465	4.0
0307455262	3.0
0316525405	5.0
0425174727	4.0
0758206194	3.0
0743248996	4.0
0312325029	5.0
0812978846	5.0
0394415353	5.0
014101587X	5.0
0312335288	5.0
1250003520	5.0
0143037730	5.0
043923820X	5.0
0802120520	3.0
0060012781	4.0
0064400034	5.0
0812976215	4.0
0374317917	5.0
0985874600	3.0
0316074071	5.0
0312326327	4.0
0425173402	4.0
1616890851	5.0
1416907149	5.0
1400032199	5.0
0062224077	3.0
0802829554	5.0
0743226712	5.0
0767921992	4.0
009946019X	4.0
0696213818	2.0
0452264898	4.0
0345464818	5.0
1426207212	4.0
1451655479	1.0
014018869X	5.0
0060928786	5.0
0375711503	5.0
0061125350	5.0
0140546049	5.0
0393074315	5.0
0446527165	3.0
0802829546	5.0
0688040748	5.0
0764112260	5.0
1442359919	4.0
0062242717	4.0
1556439091	5.0
0060938102	5.0
0451201191	5.0
0689852789	5.0
1400061547	5.0
0553586009	4.0
0143124927	5.0
0394800303	5.0
0060838728	4.0
0394508246	5.0
0199546215	4.0
1400068185	3.0
0316127310	5.0
0230115713	5.0
1929154119	5.0
1594204365	4.0
0559272219	4.0
1627790527	4.0
1118829425	4.0
0971727953	5.0
0307741915	5.0
0375724842	3.0
1597800864	3.0
0393926338	5.0
0306821931	5.0
0764567594	4.0
031238114X	4.0
0671370855	5.0
014242059X	5.0
0061803782	5.0
0140167773	5.0
1570627193	5.0
0061431605	4.0
0674050266	5.0
1416598065	1.0
0767930886	4.0
1594204357	5.0
0062284576	4.0
1578069610	4.0
1400044197	3.0
0060825405	4.0
1416586059	5.0
0316545031	5.0
0395855128	4.0
006103049X	5.0
0809488507	5.0
1932714073	5.0
0615321364	4.0
0060520590	5.0
015012628X	5.0
2848019425	4.0
1415873623	5.0
0674000803	4.0
0061999849	5.0
0545102022	5.0
0448428725	5.0
0060548932	2.0
0754805468	2.0
0805091599	4.0
0451230515	1.0
B004WP2JDK	5.0
157293039X	5.0
0394742885	5.0
0142800821	4.5
0470923350	2.0
0307338460	3.0
015230214X	5.0
0399152288	3.5
039914465X	1.0
1579623190	5.0
1451655428	4.0
0743205839	4.0
0345807294	4.0
0140051996	5.0
0739304038	3.0
068486214X	5.0
0738713007	5.0
0515087122	4.0
0801865603	4.0
0375500650	5.0
0984295119	2.0
0140366709	4.0
0062064223	3.0
0345360788	4.5
1402243553	4.0
0385734166	5.0
0670020958	5.0
0679781218	4.0
006016848X	5.0
1594035210	5.0
0802719988	5.0
0553213172	5.0
0805069631	4.0
0671035975	5.0
0345345150	5.0
039308017X	5.0
0590457837	5.0
B0084B08HM	5.0
1600781993	5.0
0767916522	5.0
0345472489	4.0
0307594084	4.5
1893956393	5.0
0345404335	5.0
0312330448	5.0
0312355769	5.0
0700615504	5.0
0547368917	5.0
0399156585	5.0
0446311774	5.0
0465013686	5.0
1570916438	5.0
0801450330	5.0
0316018767	4.0
0061990639	4.0
0714834491	5.0
0312337086	2.0
0140293248	2.0
0765307154	4.0
0393051633	5.0
0984352120	5.0
0061097624	3.0
0965308715	5.0
0395720273	5.0
1560255560	5.0
0143035959	2.0
0452266564	2.5
0764135740	5.0
1551666979	4.0
0761509208	5.0
0300190867	4.5
0912177152	3.0
1605984000	4.0
0307377296	5.0
0140548750	5.0
0844259659	2.0
0226473716	4.0
0385336543	5.0
014018371X	5.0
034542655X	5.0
0007388160	5.0
0873382102	5.0
0312380720	4.0
080509590X	5.0
0307389251	5.0
0679722033	5.0
1569802629	5.0
0141800356	5.0
0143121022	3.0
0770435629	4.0
1402748728	5.0
0399239782	5.0
0670019925	5.0
1934572993	5.0
B00CJNQA9G	5.0
034546222X	4.0
0813124328	2.0
0060821140	5.0
1586483668	4.0
045122650X	4.0
1598007149	5.0
1439173249	5.0
0312313918	5.0
0143057324	1.0
0312334850	5.0
0679428526	5.0
014043268X	5.0
0307594033	5.0
074323748X	3.0
0743271335	5.0
1580890148	5.0
0812981669	5.0
0312533020	4.0
1848876076	3.0
0307712508	5.0
190541708X	5.0
0143034693	3.0
0312619766	5.0
0547595964	3.0
0061015733	4.0
0061009059	4.0
061883933X	5.0
0140431357	5.0
0312352697	5.0
0880801441	5.0
0316511684	5.0
0786869445	5.0
0312343795	4.0
0061003751	5.0
140003292X	5.0
0399158324	5.0
0345464834	4.0
1402219024	4.0
044657693X	4.0
0140430032	5.0
0802135544	5.0
0061015725	4.0
0143034669	4.0
0889842760	5.0
0452267854	4.0
1494708310	2.0
1451667485	4.0
0446576956	5.0
0670020931	4.0
1413301797	4.0
0312945175	3.5
0393062309	5.0
0425181901	5.0
0312033567	5.0
0446572594	4.0
0385347235	5.0
0307264254	5.0
0156029588	3.0
0307594017	5.0
0061097632	2.0
1590200888	5.0
0062237446	3.0
0393048004	4.0
0761458050	3.0
1598580159	5.0
0465075096	4.0
1449405827	2.0
1401352138	5.0
0671025708	4.0
1416549994	4.0
0307932885	5.0
0399155279	4.0
1591840198	5.0
0375408819	5.0
0553584375	2.0
0395423317	5.0
0061990612	4.0
009956064X	4.0
0307461831	5.0
0812979354	5.0
0446508861	4.0
0425221636	5.0
B006DKD47M	5.0
0553213164	5.0
1250015545	5.0
0307951154	5.0
0817458948	5.0
1933648112	5.0
0449703800	5.0
0439672376	5.0
0312334893	5.0
0312312628	4.0
0307386155	5.0
0671697862	5.0
0812978064	5.0
0312365160	3.0
073946289X	4.0
1422142698	4.0
1616203145	4.0
0345408772	5.0
078671378X	5.0
0451235428	5.0
0743219627	4.0
0380978490	5.0
0345298349	3.0
0399237178	5.0
0345440013	3.0
1400043638	4.5
0805075488	4.0
0060554827	3.0
031238078X	3.0
0307743683	5.0
0425243826	3.0
1600786804	5.0
0547792778	3.0
080419257X	5.0
0316122599	4.0
0312426526	4.0
0819564516	4.0
1475015585	5.0
0316739030	4.0
1456862936	5.0
0399163719	4.0
0446540943	5.0
0064440087	5.0
0515099198	5.0
0575000546	5.0
0007281447	5.0
0765316013	5.0
161039142X	4.0
0743219619	4.0
0778326519	4.0
1480504246	4.5
0679640576	4.0
1400067618	5.0
0345350588	3.0
0738730467	4.0
0307346943	5.0
0140566570	3.0
0470524529	3.0
0395673461	5.0
1449405878	3.0
0805098100	5.0
0982515022	5.0
0307743675	4.0
0240520289	5.0
0062049577	5.0
0321580095	4.0
0312334877	4.0
1439128650	5.0
0778322165	5.0
0307408841	4.75
031218087X	4.0
0345349571	5.0
0307950654	5.0
0312022824	4.0
0374277931	2.0
0670023175	5.0
0099496941	5.0
0486431398	5.0
0439095433	5.0
1586421387	5.0
1400052580	5.0
038553292X	5.0
1400030331	4.5
0140621806	5.0
0316001929	5.0
1439255954	5.0
0316086851	5.0
B003IGDD48	4.0
039915700X	4.0
0982515014	5.0
0575097469	5.0
0385341970	5.0
0060857951	4.0
0316010863	5.0
0307743667	4.0
1400031664	5.0
0141182873	5.0
1932961186	5.0
0199843287	5.0
0152018883	5.0
0399137424	5.0
0811855201	5.0
1400044979	5.0
0345339304	5.0
0451155750	5.0
0385339666	4.0
1933426071	5.0
0786719060	3.0
0312379765	5.0
0316729655	5.0
0061988367	5.0
0743270088	4.0
1401302726	5.0
B004PLNIPE	4.0
0486261301	5.0
0345450264	5.0
0983992207	5.0
0307743659	5.0
0062060740	4.0
0060761857	4.0
0142424188	5.0
068485628X	5.0
0385536496	4.0
0393047571	5.0
B005C5TCR0	5.0
0312374062	4.0
0717801918	4.0
1402244835	5.0
0393317765	5.0
0316038393	3.0
0553385771	4.0
0064433749	5.0
0452289238	4.0
0201626209	3.0
1586487175	5.0
0143035940	4.0
0465031455	4.0
0786934980	3.0
0316122556	5.0
0374179549	5.0
0553384449	5.0
0061958549	5.0
0140433937	5.0
1582343896	5.0
0684835339	5.0
0385535155	3.0
1582975906	5.0
0060575735	5.0
0316355763	5.0
0606235434	5.0
0061120405	5.0
0141441542	5.0
0312301995	3.0
1442345381	5.0
1608195651	5.0
0399145087	4.0
1907746048	5.0
0156658992	5.0
0399151761	5.0
0743254899	4.0
0140022643	4.0
0375758275	4.0
0297850717	5.0
0425205568	5.0
0307386171	4.5
1594487456	5.0
0316147869	3.0
0375811745	3.0
0062197339	3.0
0375433392	4.0
0132779889	2.0
1455517062	5.0
1582434220	5.0
0811732851	5.0
1400041031	5.0
0823029735	5.0
1416933395	4.0
1477817239	3.0
0091795273	5.0
1933633913	5.0
0399150439	5.0
0070546231	5.0
0770422373	5.0
0143113445	5.0
1596986034	1.0
0345453328	5.0
0465014917	5.0
1569479380	5.0
0765329336	4.0
0307405788	4.0
0140433910	5.0
0786701749	2.0
1616086009	5.0
0743254880	4.0
0345499522	5.0
1594202621	4.0
0151009996	4.0
034552540X	4.0
0393058204	5.0
1586481843	5.0
0525954600	4.5
0385507968	5.0
044100105X	5.0
0756615712	4.0
0230761607	3.0
0307714292	4.0
0140445056	5.0
0525467262	5.0
1439121168	4.0
0762451564	5.0
0143105493	5.0
0307262855	5.0
0547577532	2.0
0446532231	5.0
0916638006	5.0
0399140565	3.0
0061834300	5.0
069200100X	5.0
B00HEWJTF4	5.0
0195035755	5.0
0151012164	5.0
1400047714	5.0
0321524764	5.0
042506784X	5.0
0140047573	4.0
030758805X	3.0
037550334X	3.0
1566565529	5.0
0380820498	5.0
0316204595	5.0
0195307585	5.0
0312599455	5.0
0062227289	5.0
014044503X	5.0
0452281032	5.0
0375503374	5.0
193806710X	5.0
0446313033	5.0
1565847725	5.0
0345340264	4.0
1591844932	5.0
0451229045	4.0
1400042011	5.0
0979020514	5.0
0671004573	3.0
0752891898	3.0
0743292502	2.0
0395453569	5.0
0062073982	5.0
0143116142	5.0
0321635299	2.0
0399156909	5.0
0764519727	5.0
0684818795	5.0
0307339467	5.0
0425166392	1.0
0316346624	5.0
0141182806	5.0
0446583847	4.0
0873512022	5.0
0393081818	3.5
0553109839	4.0
0061132179	5.0
0525952977	4.0
0140185224	5.0
0743267524	5.0
059306917X	4.0
143919100X	4.5
0446532215	1.0
1421410583	5.0
0151013470	5.0
1250011671	5.0
059543777X	5.0
014311610X	5.0
157188176X	5.0
0195170342	4.5
0141439491	5.0
B005NKN7C0	4.0
0553231162	4.5
0316347965	3.0
0758266987	4.0
0380755777	4.0
067102678X	3.0
1439167397	4.0
0060930349	5.0
0441020720	5.0
0765340569	4.0
0698115724	5.0
1416534075	5.0
0385074077	5.0
0380812894	5.0
0060934700	4.0
0547576218	4.0
031258749X	5.0
054757620X	4.0
0982139187	3.0
0520252578	5.0
1609494202	3.0
0140132716	5.0
0399533982	5.0
0062183591	5.0
1616950544	5.0
039915258X	4.0
0142001430	3.0
0375400443	5.0
B00BQMEPV6	5.0
0060937807	5.0
039914496X	4.5
0345403959	5.0
0307948560	5.0
0385537859	4.0
0061456861	3.0
0195123190	4.0
0061836923	5.0
0802714935	5.0
0375425357	4.0
1620400375	3.0
0345466683	5.0
046087604X	5.0
0672330113	3.0
0312534906	4.0
0802778119	5.0
0761101144	5.0
0385536518	5.0
0452283655	5.0
0141007338	5.0
0394805720	5.0
0061043494	2.0
0525952969	3.0
1400067375	4.0
0195141830	5.0
0812976746	5.0
034552425X	5.0
0312534914	3.0
0316282065	5.0
0061142379	5.0
0770433073	5.0
0374146594	5.0
0465027261	5.0
0385746407	5.0
037571149X	5.0
0195181050	4.0
0988264242	5.0
0345350472	4.0
1401941028	4.0
0316057851	2.0
0151012180	5.0
0195140532	5.0
1932416242	5.0
1416585273	4.0
0425189066	3.0
0312354096	5.0
0451229010	5.0
0345528638	5.0
0399209964	5.0
0446524646	5.0
0700606416	5.0
0345528654	5.0
0425210189	3.0
0736652221	3.0
0140132708	5.0
0439458684	5.0
1416566996	5.0
0340822775	1.0
0345476026	3.0
0743299116	3.0
0062009389	4.0
1432732331	5.0
080271059X	5.0
0312611692	5.0
0140436111	5.0
0307739538	4.0
078600584X	4.0
1250024927	5.0
0060914289	5.0
0553591916	4.0
0743452909	3.0
0739466224	4.0
0140188320	5.0
0743204816	4.0
0099555352	4.5
0142401935	5.0
162365100X	5.0
0312353618	4.0
0231163924	4.0
0099464462	4.5
0060837551	5.0
0899972608	4.0
0451207645	5.0
0896087727	1.0
030794672X	5.0
0140431292	5.0
0520030680	4.5
0140448950	5.0
0441787479	5.0
0743284976	5.0
0982446608	5.0
0553591924	4.0
0061139610	5.0
1481827979	5.0
0140434305	5.0
0061287539	4.0
1400066093	4.0
0295956453	5.0
0395883970	5.0
0553812173	5.0
B0053YIETC	5.0
0140434313	5.0
0064438562	5.0
1593680260	5.0
0761453032	3.0
0060890681	5.0
0547719280	5.0
0316693286	4.0
0071771336	3.0
0684807254	4.0
0762427078	3.0
0316154601	5.0
0812992814	4.5
0465003214	5.0
1460999428	5.0
1449342418	3.0
0345527356	5.0
0763661651	5.0
0061939897	5.0
0764313126	2.0
1594204217	4.0
0374192499	4.0
0142437905	5.0
0802120644	5.0
1455504750	2.0
0307588920	4.0
0312583974	4.0
0064437248	5.0
0671779710	5.0
0679880844	5.0
0140447601	5.0
0805082581	5.0
0399155635	3.0
0670020346	5.0
0399154302	3.0
0060850523	5.0
0061173509	3.0
0240817281	5.0
0618256288	5.0
0446612049	5.0
0743234693	3.0
0240521811	4.0
0385322798	5.0
0060567104	3.0
0547745524	5.0
0805094555	1.0
0553242695	4.0
0020437501	5.0
0060392452	5.0
0399143661	5.0
0062073125	5.0
0140546162	5.0
0802829481	5.0
0590430289	5.0
0385522762	5.0
1400042909	5.0
0312338015	4.0
1566499569	5.0
0446391875	5.0
0142401978	5.0
1586486764	5.0
0743223128	3.0
0316735655	5.0
1607060221	4.0
0803294514	5.0
1402202520	5.0
1603584013	5.0
1449410243	4.0
0425018091	5.0
0062115413	5.0
0374514658	5.0
0060531126	5.0
0553591967	3.0
0786948647	3.0
0553254642	5.0
0739315293	5.0
0143113909	4.0
0061733636	3.3333333333333335
006232005X	5.0
0805074902	5.0
0312354916	3.0
0679723153	5.0
0142437913	5.0
0140434356	5.0
B000MIL6SA	1.0
015109179X	5.0
1935548034	5.0
1451617291	4.0
0140143459	5.0
1569476322	5.0
0872500225	5.0
B007K1OF1C	5.0
0345425324	5.0
0470573775	5.0
0306807572	4.0
0399155686	3.0
0143122843	5.0
0143121510	5.0
1416599002	4.0
0743257367	5.0
1414325460	5.0
0972968423	5.0
0972968415	5.0
159420425X	5.0
0425162346	5.0
0241951615	5.0
0099459051	5.0
0786165375	5.0
1844165620	4.0
097585707X	5.0
1466373830	5.0
143921770X	5.0
0385494238	4.0
0140447644	5.0
1416567445	5.0
0743423550	3.0
0553588338	3.0
0399146725	2.0
055358832X	5.0
0441091989	4.0
1920774025	5.0
0061771090	4.0
0785120149	5.0
0007172826	5.0
0345335708	5.0
0071381937	4.0
0972968407	5.0
0143117491	4.0
0786890754	2.0
0356178978	4.0
B00BEJ7AL8	5.0
159058712X	5.0
014042234X	5.0
0062073168	5.0
0307887863	4.0
0823400913	5.0
0151686564	5.0
1401307892	5.0
0425149358	4.0
1612183808	2.0
0689504764	5.0
0743294378	3.0
0306812983	5.0
0765319020	3.0
0345476972	5.0
0679446036	5.0
0977622312	5.0
0300190964	5.0
0375508260	4.0
0300117434	5.0
0307461548	5.0
1586482483	3.0
0060525312	5.0
0679643338	5.0
0141011459	5.0
0590508288	5.0
B00C0D2MAQ	5.0
0470619600	1.0
0761462007	5.0
0300109806	4.0
0143115723	5.0
0230606172	5.0
0689873956	5.0
0312550987	3.0
1484875923	5.0
0553583581	5.0
141654786X	4.0
0375508252	4.5
0399158642	5.0
0140433864	5.0
0007228023	4.5
074325077X	5.0
0345338715	5.0
0399227741	4.0
B0087X7TEM	5.0
0446529400	4.0
1451648448	5.0
0006511252	5.0
0375411925	4.25
0385522843	3.0
0345476999	4.5
0684844168	4.0
0316098329	5.0
0470923261	2.0
0684837870	5.0
1250004578	5.0
0877959382	3.0
0743294394	3.0
0966443098	5.0
1844163008	5.0
0374281602	5.0
0307358666	5.0
0425253368	4.0
0981572804	5.0
0151008116	4.0
0195078942	4.75
0156030497	4.0
0140439153	5.0
0152632247	5.0
1576751678	5.0
0805062912	4.5
B00081GZYG	5.0
081312249X	3.0
0812992873	5.0
014305760X	3.0
0743294386	4.0
0062007688	5.0
0091800951	5.0
0689834373	5.0
1556527772	5.0
1480567981	4.0
0316073032	5.0
0312562942	4.0
0306821001	2.0
1401937764	5.0
0064431835	5.0
1440453659	5.0
0470121181	3.5
0739443615	4.0
1586481126	5.0
1565232585	5.0
B00FIOMY7A	5.0
0807033308	5.0
0525953493	2.0
0306808048	5.0
143915483X	5.0
0312945272	3.0
0375417206	4.0
0312377622	4.0
0679745440	5.0
0470401818	5.0
055321456X	5.0
0871404109	5.0
0751542288	3.0
1477809783	4.0
031622104X	5.0
067154800X	5.0
0553293397	4.0
030795563X	5.0
0140436944	5.0
0140546235	5.0
0807128090	4.0
1400033918	5.0
0345335651	5.0
1413312780	4.0
0975912305	3.0
0345531345	4.0
0385339518	5.0
014303541X	5.0
0547892624	4.0
0452285399	5.0
B00CDU1H98	5.0
0439051541	5.0
0446529435	5.0
0230611567	5.0
0307277887	5.0
0446359750	5.0
1600780504	4.0
1476709157	5.0
0385341830	5.0
0312203438	5.0
1455526010	5.0
0345517067	4.0
0395964644	5.0
1626360944	4.0
1118647610	4.0
0312642822	3.0
0804114919	4.0
0520249844	5.0
145162137X	5.0
0307917371	4.0
1401213391	5.0
0399145362	3.0
0689845073	5.0
1401309658	5.0
0425093247	5.0
1596985690	5.0
0380977265	5.0
0316051632	5.0
0802122345	4.0
0393007855	4.0
1780290446	5.0
0375402179	5.0
0399158677	4.0
0471771015	5.0
0312642830	5.0
047130932X	5.0
1451684932	2.0
0670063533	4.0
0930852311	5.0
014014773X	5.0
0810833778	4.0
0307395618	3.0
1937786099	5.0
0375422307	4.0
0375415475	5.0
030717025X	5.0
1401310656	3.0
1439154856	4.0
0140440178	4.0
0871404117	4.5
073941075X	4.0
0140431217	5.0
0399149716	3.0
0312424442	5.0
0140433880	5.0
0141188936	3.0
1582406987	5.0
1439140219	5.0
0439064864	5.0
0691154023	5.0
0672333279	4.0
0399158669	4.0
1432786946	5.0
0061233781	5.0
027598527X	5.0
1582433674	5.0
0312387067	5.0
0306808080	5.0
0142427772	5.0
1413312748	2.0
0743569628	5.0
0809900025	5.0
0312944810	4.0
0143105523	5.0
0937548499	4.0
1439157073	5.0
1400065542	4.0
0967948207	5.0
140003261X	5.0
0060822503	3.0
0307590437	5.0
0805075364	4.0
0609809547	3.0
0723243050	5.0
0061791555	4.0
0300096933	4.0
1427209251	3.0
0743272196	5.0
0641500815	3.0
0375414126	5.0
0307387135	4.0
0393078140	4.0
031229249X	5.0
061561826X	5.0
0385340540	5.0
080507970X	4.5
1451674791	4.0
037582233X	4.0
0151015287	5.0
0544264975	5.0
1451640560	4.0
0195124413	5.0
0385531737	5.0
0312680279	4.0
0618452443	5.0
0091949300	5.0
1594486204	1.0
0062197258	5.0
0142437115	5.0
0061718947	4.0
0988264285	5.0
0399157387	5.0
0240521013	2.0
0312367473	5.0
0312587538	4.0
1476709181	5.0
0394757653	5.0
0375434313	5.0
0099451956	2.0
0544236041	5.0
1250036135	4.0
0937274917	5.0
059093998X	5.0
0393038947	5.0
0156013096	5.0
0983236666	3.0
0307472248	5.0
125000635X	5.0
0446573531	3.0
0825305683	5.0
014118938X	5.0
0307388441	5.0
0380820439	4.0
1425910289	5.0
0312291191	4.0
0307346609	5.0
1401301746	4.0
1616951761	5.0
0230616399	3.0
0375713255	4.833333333333333
0307597059	4.666666666666667
0394757645	5.0
1432734032	5.0
0374380503	5.0
161039156X	5.0
019283469X	5.0
0143115790	5.0
0007317735	4.0
0786891246	1.0
0316103985	5.0
0141439580	4.666666666666667
0439023483	5.0
0553382152	5.0
0199538158	5.0
0375415424	5.0
1401301754	5.0
0446582417	4.0
0684844184	5.0
0140390219	5.0
0307264556	4.0
0983045909	5.0
038542597X	4.0
B005BE0QE0	5.0
0812993373	5.0
0553386514	4.0
0399165827	5.0
0571199909	5.0
0141321008	5.0
0060920084	4.0
0679409963	5.0
0778325571	5.0
0553244388	4.0
0449001571	3.0
0743234707	3.0
0312587554	3.0
1591140048	5.0
0553107240	4.0
1568494858	5.0
0449224740	4.0
0061138290	4.0
0446609315	5.0
1447259297	4.0
0451414934	5.0
080508861X	5.0
0670026506	5.0
0060936428	5.0
0306814730	5.0
043920352X	5.0
0439023491	5.0
0743297431	5.0
0451201566	2.0
0767922468	5.0
1626363137	3.0
0843128682	5.0
0671004530	3.0
0192827510	5.0
0899093930	5.0
0140448071	5.0
0394757661	4.0
019529775X	4.0
0738713821	5.0
0306814749	2.0
1937786021	5.0
1609618602	4.0
0553386530	4.0
0486214451	5.0
0811876284	4.0
1416547045	4.0
0385340559	5.0
0140430776	5.0
1250028582	5.0
0307399125	5.0
0141180145	5.0
030727344X	5.0
0143122053	5.0
0452281849	5.0
111844714X	4.0
0786868066	5.0
1400042003	5.0
0446582433	4.0
0062204602	3.0
0805075348	5.0
0393045250	5.0
0140390243	5.0
0316341029	3.0
0553386522	4.0
0738713805	5.0
B004XJ66YS	5.0
0977655237	5.0
039475767X	5.0
1416585303	3.0
0385514379	5.0
0425252868	5.0
039915910X	5.0
0393066185	4.333333333333333
0618956743	5.0
0316228532	5.0
0812971116	5.0
0743496205	5.0
0671479903	3.0
1439102767	5.0
1439172633	5.0
0553804499	4.0
0307386791	5.0
0060920203	5.0
1400060818	5.0
030739610X	3.0
0399152431	5.0
0811806472	5.0
140271744X	5.0
0517583259	5.0
1477847219	4.0
0060185147	2.0
0439906652	5.0
1451676581	5.0
1439271399	5.0
0192834657	5.0
0385511396	5.0
0316027901	5.0
0765302152	5.0
0316735736	3.0
0385720564	3.0
B001ECQK8O	5.0
0143058061	5.0
1616951702	4.0
0805002391	5.0
0061857769	5.0
0743496213	5.0
0060974060	4.0
1621570835	5.0
0142402516	5.0
1442365528	4.0
0670058874	5.0
0316126675	4.0
0060838116	3.0
0321700902	5.0
0062060554	4.0
0140434275	5.0
0394565886	5.0
1439181594	5.0
0345549627	4.0
0451212932	4.0
0062073869	5.0
0192821334	4.0
030759596X	4.0
0395740460	5.0
1583224890	5.0
0099437597	5.0
0007431201	5.0
0307386775	4.0
B006GQ2T3S	5.0
1416597301	3.0
006058081X	5.0
0446614513	4.0
0674050037	5.0
0060545623	4.0
0062073877	2.0
0061137979	4.0
0241950449	4.0
0743238095	3.0
1451676565	5.0
B00BF41BLW	5.0
1887128751	5.0
0143037102	4.0
0192834630	5.0
0817432256	5.0
0307719871	4.0
1932565167	5.0
0679444327	5.0
0002318652	4.0
1568251203	5.0
B002WTC8R0	5.0
0809225298	5.0
0060545607	3.5
0393318796	5.0
030735122X	5.0
158115304X	5.0
0061214442	5.0
0312426399	5.0
0804137447	5.0
0618959653	4.0
0307887146	2.0
0062206494	4.0
1118124146	4.0
0192834622	5.0
0060930462	5.0
0812976843	5.0
0671759159	5.0
0451411056	4.0
0140430717	5.0
B006GTTM58	5.0
0979626501	5.0
074325547X	4.0
1438278330	5.0
1590174895	3.0
0140275177	4.0
042526050X	5.0
0805062882	4.0
0380731630	4.0
1118290518	5.0
1439176191	5.0
0553384619	5.0
1400066158	5.0
1402205511	5.0
1442350458	5.0
0062073893	5.0
0375414967	4.0
006008314X	4.0
1441756027	5.0
1447262859	3.0
014311753X	5.0
0152053042	5.0
0399208534	5.0
1934733024	5.0
0805062890	5.0
0321700945	5.0
0981942601	5.0
030727165X	5.0
031236749X	5.0
0395159903	5.0
0224042963	4.0
0071625348	5.0
0345350383	5.0
0446531081	3.0
0140504419	5.0
0385346603	3.0
0670034886	4.0
0743246535	4.0
0984067809	5.0
0060191872	1.0
0803725140	5.0
1593930364	3.0
0571199976	4.0
0547794231	5.0
1903854555	5.0
0152053034	5.0
0375503447	5.0
0553110934	2.0
0316097837	5.0
030728364X	5.0
1571882316	5.0
0142800651	5.0
0062195433	3.0
0060742844	5.0
0898799953	5.0
0805094466	5.0
0671027344	3.0
0345391780	4.0
0099457156	5.0
1432745506	5.0
1401300294	4.0
0786753668	5.0
0451412338	5.0
0670021598	5.0
0425260526	4.0
0553583603	5.0
0345447603	5.0
1585426784	5.0
0345482824	3.0
0385496931	4.0
0307463451	3.0
0385342225	5.0
0743255453	5.0
0689832540	5.0
0060987359	4.0
0743226917	5.0
0142427861	2.0
0060820810	5.0
0140861580	3.0
006019491X	3.0
0061353469	5.0
0143105558	5.0
1559705426	5.0
014310554X	3.0
0192834665	4.0
0520206576	5.0
0375414932	5.0
0767930266	5.0
0143113178	4.0
0143118862	5.0
0743266102	5.0
0470243368	5.0
1118185110	5.0
0140443150	5.0
0195222180	4.0
0765325667	5.0
0399154213	4.0
1451634781	5.0
0385513968	5.0
047004439X	4.0
0517097990	4.0
0375421904	5.0
0812967968	3.0
1439225419	5.0
0981514898	5.0
1569475148	4.0
0595175821	5.0
0547195575	4.0
1608193721	3.0
0140231706	5.0
0312266197	5.0
0446606987	5.0
0765350629	5.0
0802119786	3.0
0756405483	4.0
0780648838	5.0
0545052394	5.0
0802126073	4.0
0688085873	5.0
1439155208	3.0
1563978296	5.0
0765328704	5.0
0743292464	5.0
0805086803	5.0
1601310358	5.0
0140188444	5.0
0981969712	5.0
0330482165	3.0
0802118461	3.0
0517885565	5.0
0759254451	5.0
0375504737	5.0
0140431160	5.0
0802126065	5.0
037582538X	5.0
0738215546	5.0
0425256472	5.0
0143057588	5.0
0143112724	5.0
1600784054	4.0
0060740221	4.5
1419684671	5.0
0399152490	3.0
0394546741	3.0
0743292499	1.0
039306560X	5.0
0020519001	5.0
0060742887	3.0
0857051873	4.0
1565124901	5.0
0385513992	5.0
034551548X	5.0
1401341624	5.0
0758201508	4.0
039952536X	4.0
1596980117	4.0
0486254348	5.0
0451228480	2.0
0060544376	5.0
0062074326	4.0
0307456323	3.0
0156033364	5.0
0307749649	3.0
0099287595	5.0
0812967976	4.0
015101289X	5.0
0802126057	4.0
0312384009	4.0
0446530565	4.0
0553345893	5.0
0307278271	5.0
1590207254	5.0
0385536615	4.0
1401222455	5.0
0307409147	5.0
0802119778	5.0
0060565284	5.0
193408137X	5.0
1476712972	5.0
0061712612	5.0
1586485563	3.5
1439148937	5.0
0321267222	5.0
1455512478	4.0
0316154741	5.0
0976744260	5.0
0375707255	5.0
0930852400	5.0
0446602590	3.0
0689808828	5.0
0446579807	4.0
0143120328	4.0
0062227378	5.0
067166607X	5.0
0393065677	5.0
0312425902	4.0
1595554572	5.0
1576753344	5.0
0743204735	5.0
1560372486	3.0
0812969707	4.0
0376020598	5.0
0765311054	2.0
0140185364	5.0
0981514855	5.0
1490952942	5.0
0879100257	3.0
0375411852	5.0
1401303382	4.0
074321367X	5.0
1435457366	2.0
0140434240	5.0
0312266154	4.0
0743278135	5.0
1560256141	3.5
0060732628	5.0
0399154248	3.0
0743258584	5.0
0316013315	4.0
1400051991	5.0
0754094634	5.0
0345433084	3.0
1400050669	5.0
0061733512	5.0
0765311046	4.0
0345539478	4.0
0792752627	4.0
0883657376	5.0
1573221465	4.0
0500276641	5.0
0765325640	5.0
0375421963	4.0
0802130127	4.0
0393017133	5.0
0140057072	5.0
1400041716	5.0
0143121634	3.0
0140435549	5.0
0743258576	5.0
0684831686	5.0
0812980999	4.0
0812978676	5.0
1550742833	5.0
0971394253	5.0
0140434224	5.0
1619022265	5.0
0156004801	5.0
1250000203	5.0
0062273221	5.0
0060194995	5.0
1416909524	5.0
0425152898	5.0
1250001552	3.0
015201389X	5.0
0345510607	4.0
0399146601	5.0
0062065424	5.0
0763630624	5.0
0471727636	5.0
0802120792	3.0
0312353723	4.0
0399154221	4.0
140004832X	5.0
0143035371	3.0
1940026016	4.0
069113927X	4.0
0199592322	5.0
0613065425	5.0
0553593803	5.0
0805090037	5.0
1616202548	5.0
0440220688	3.0
1601310331	5.0
0345331222	5.0
1400041619	4.0
0470056428	5.0
1585673455	5.0
0140440046	4.0
0132932075	5.0
0688073018	4.0
0142437298	5.0
0399154183	2.0
0143122150	5.0
0425257827	5.0
0060789557	4.0
0525954015	4.0
1400062551	5.0
0345334248	5.0
006073132X	4.5
0399151907	4.0
0070543380	5.0
0425176738	5.0
0226537579	4.0
0345450477	5.0
0451204514	5.0
1416580557	5.0
0312376448	5.0
0553582372	3.0
0425129632	5.0
1602580170	5.0
0061896454	5.0
0143122134	5.0
0143034898	5.0
0380804212	4.0
0307913090	3.0
0140548963	5.0
0375704248	3.0
0374115338	3.0
0375508376	4.0
1400066921	5.0
0671682199	5.0
0307406814	4.0
0345336895	5.0
0385516290	4.0
0380978679	5.0
0807033405	4.0
1596914696	5.0
034552912X	5.0
015101292X	4.0
0553802771	5.0
0345495357	4.0
0060927623	5.0
0812977386	4.0
0307265781	5.0
074327332X	4.5
0062314254	3.0
030746296X	3.0
1623650666	3.0
0765310546	1.0
0446527793	5.0
0670025194	5.0
078670943X	5.0
0375760385	5.0
0060756659	5.0
0060883529	5.0
0425129616	4.5
0743202120	5.0
1400041627	4.0
0441014968	5.0
0307275167	4.0
0810993465	4.0
0061876844	5.0
0345478800	5.0
0143037900	5.0
0142407437	5.0
0812977378	4.0
0140364749	5.0
0394890485	5.0
0786866195	2.0
0060282282	5.0
0152002227	4.0
0143112783	5.0
0307474933	4.0
0743527992	5.0
0064430464	5.0
0789434393	5.0
0312593287	5.0
0141802766	3.0
0312423209	5.0
0451409639	5.0
068985823X	5.0
0316018953	4.0
0380713004	5.0
1606991418	5.0
0985159022	5.0
0810981483	5.0
1416942033	5.0
030737839X	5.0
0307377075	5.0
0743284887	5.0
0849913829	5.0
0385341709	5.0
0895261979	5.0
0061999660	3.0
0399151931	5.0
0312607547	5.0
0375422404	5.0
0701180021	5.0
0307474925	4.0
1616952156	3.0
0312983654	3.0
0811731332	5.0
1596980907	2.0
068816689X	4.0
1865159263	5.0
1589880951	3.0
0312425880	4.0
0975441981	4.0
0060755334	5.0
0316817155	5.0
0385265573	5.0
1935355015	5.0
0805080619	5.0
0786420278	3.0
1847481825	5.0
0723267731	5.0
1560258837	2.0
0312343558	5.0
0451160444	4.0
0375423745	4.0
1442367318	2.0
1596914653	5.0
0486292622	5.0
0394810406	5.0
1846942624	5.0
0679725733	5.0
0758201540	5.0
0307272087	4.0
0553808036	2.0
0060571993	4.0
0143037935	5.0
015600710X	5.0
0307267520	4.0
0316817147	4.0
072788252X	4.0
1595230912	5.0
0156032996	5.0
1589390393	5.0
037570731X	5.0
0375508368	3.0
0743454545	3.0
0670025151	4.0
140004166X	4.0
0399151923	5.0
0140272119	5.0
140006256X	5.0
0141009055	5.0
0312593295	4.0
0345450450	4.0
0982446624	5.0
0374324522	5.0
0312343531	4.0
0060195339	5.0
1416595619	4.0
0199539308	4.0
1906217815	4.0
031216985X	5.0
0679722645	5.0
0143116304	4.0
0399103422	5.0
1579546277	5.0
0446612871	4.0
0573612382	5.0
0307265722	5.0
0786704608	1.0
0312646267	4.0
0312291043	5.0
0142437212	5.0
1451692668	3.0
0465024963	5.0
1455509663	5.0
1118484207	4.0
0312939590	5.0
0307939650	5.0
0151015155	5.0
0307277712	5.0
0316604429	5.0
0451412451	3.0
0743454529	3.0
1621573133	3.0
0739495585	5.0
0670023396	3.0
0060525274	5.0
034548648X	3.0
0670785849	5.0
0316122351	5.0
0060937831	5.0
0399536922	4.0
0375422447	4.0
0375414002	4.0
0812993462	5.0
1607999773	5.0
020530902X	5.0
030681028X	5.0
0446612863	5.0
0330490699	4.0
0312940572	4.0
0446540706	3.0
0312301715	5.0
0815411219	3.0
0307592987	5.0
0553272543	5.0
B000B65V7U	5.0
0312544359	4.0
0760334927	5.0
030011575X	5.0
0760791287	4.0
0307387224	5.0
141845107X	4.5
1605982903	5.0
0192837621	4.0
055358362X	3.0
0465031285	3.0
0393059731	5.0
1590131622	5.0
0700615318	5.0
0978970772	5.0
1558531025	5.0
0307962881	5.0
0061470902	3.0
0670038423	3.0
1608931749	5.0
0764155504	5.0
0316112992	5.0
1556527810	4.0
1416583696	3.0
0385538499	5.0
0312319002	4.0
0385093306	4.0
0679642986	5.0
0743454502	5.0
0547863381	4.0
0778324109	5.0
0425201392	3.0
0345534557	4.0
0307387232	3.5
0147509718	5.0
1439150338	5.0
1250030951	1.0
0385525184	5.0
159420196X	5.0
055352626X	5.0
0312651627	5.0
0099481685	3.5
0452277051	5.0
1432712543	5.0
0253006112	5.0
1400044731	5.0
0425208850	5.0
0393070107	3.0
0060394358	2.0
006207380X	5.0
0312426321	4.0
1497324475	4.0
0240818644	4.0
0804114889	5.0
0375701168	5.0
031608445X	5.0
0792253140	5.0
0778321096	4.0
1555534554	5.0
0873588800	5.0
0470917369	5.0
0060525231	3.0
0981545912	5.0
0140390103	5.0
0312626681	5.0
076533271X	1.0
1586421581	5.0
0671890913	5.0
0823014037	5.0
0060563516	5.0
0374191891	5.0
0615831621	1.0
0789416573	5.0
0316203343	5.0
0935699228	5.0
1929766009	5.0
1452095299	5.0
0802717144	5.0
0446618128	4.0
0316015059	3.0
0312427654	5.0
006050871X	5.0
0312575467	5.0
0618194576	5.0
0062073826	4.5
054742485X	5.0
0446618136	5.0
0140139400	5.0
0988348268	4.0
0061827010	3.0
0195149874	5.0
0425240991	4.0
1400043425	5.0
038533947X	3.0
0300104227	4.0
0448433400	4.0
B007HQXGU6	2.0
0156421178	5.0
0674015703	5.0
0670022039	3.0
0451221001	4.0
037540158X	5.0
014132113X	5.0
0060573775	4.0
0140288503	5.0
0618164723	3.0
0374283540	4.0
0613998057	4.0
0062025317	2.0
1433514451	5.0
0195324870	4.0
1455839906	3.0
0618723412	5.0
0385339453	4.0
0312381867	4.0
0975521616	4.0
1404104828	4.0
0517183536	5.0
014010478X	5.0
0399147012	2.0
0316015032	4.0
0811214044	5.0
0312168586	3.0
0684872986	3.0
1477822801	4.0
0321501918	4.0
0618546693	4.0
0671610503	5.0
034552697X	4.0
0743289722	4.0
0446547352	2.0
0147508436	5.0
068985112X	5.0
0804100039	5.0
0316204366	5.0
0312283814	5.0
1250043042	5.0
0446530298	3.0
1425107451	5.0
0345515501	5.0
0800626818	5.0
0823032175	3.0
0062073737	5.0
0805093079	2.6666666666666665
1845761855	5.0
1551667010	5.0
1596090804	5.0
0316001635	5.0
046502968X	4.0
0399149155	4.0
0156186004	5.0
0451211979	5.0
0385743564	5.0
0061719544	4.0
1401058019	5.0
0751542539	3.0
0312979770	3.0
0316153915	2.0
0553386700	3.0
0380730235	5.0
0062073745	5.0
0385535473	5.0
0743262085	3.0
140418712X	5.0
0385242719	5.0
0192833677	5.0
1400069750	5.0
0141186178	5.0
0451205294	3.0
0978575105	5.0
0374384282	5.0
0345467345	4.0
0553591762	4.0
006075186X	5.0
0385525214	4.0
0836220854	5.0
0670021024	2.0
0451223985	5.0
0140390030	5.0
0809228696	5.0
0486444996	5.0
0140187650	5.0
1450557465	5.0
0393972771	5.0
1597775010	4.0
0321811984	4.0
0340923245	4.0
1605983950	5.0
0140083871	5.0
0195067142	5.0
0307341542	5.0
0307387747	4.0
0399151435	5.0
1401220797	4.0
0385422768	5.0
0793837871	5.0
1598530348	5.0
0345478002	5.0
1416563687	5.0
0394528360	5.0
1592993362	5.0
0811820882	5.0
0615290086	4.0
0571294197	4.0
0140434135	5.0
0399143823	5.0
031294683X	5.0
1551668351	5.0
0307269698	5.0
0307718417	4.0
0140291962	4.0
0312600763	4.0
0312979746	4.0
0345339029	5.0
0465045715	5.0
0156196255	5.0
0307341569	5.0
0385489056	1.0
055380698X	5.0
0374173958	4.0
0143142232	4.0
0881069876	5.0
1586488791	4.0
0689876475	4.0
0547750315	5.0
0753816644	5.0
046501500X	3.0
0451201736	3.0
0060766905	4.0
0842379428	5.0
0805069399	4.0
0393057526	5.0
0060542411	4.0
0307270688	5.0
0345410483	4.0
0240521226	1.0
1413307515	3.0
0345470958	5.0
0321617657	5.0
B00AAQNRY0	5.0
1599213761	5.0
140004314X	5.0
1455525839	4.0
0307390500	5.0
0062064835	4.0
0393069508	4.0
0075536498	5.0
0345527542	5.0
0142800562	3.0
0312852487	5.0
0679463127	4.0
1580403123	5.0
038534211X	5.0
0679853065	5.0
0060795484	5.0
0307589102	5.0
0615274838	4.0
0595495885	5.0
B00607KMA0	4.0
0307270696	5.0
0025853503	5.0
0060517468	4.0
0743249925	5.0
0544002318	5.0
0425200175	5.0
0451527348	5.0
0399155848	4.0
0061791784	5.0
0312379145	4.0
1586480804	4.0
0300084293	3.0
014044615X	5.0
0060899220	5.0
0470891742	5.0
0873515331	5.0
1605983918	4.0
0931674948	4.0
0670023647	4.0
1566634881	4.0
0399150153	5.0
0345457994	5.0
0394583124	5.0
0316055433	4.6
0312368488	5.0
0786714549	4.0
0312266413	3.0
0306814471	1.0
0060192615	4.0
031236847X	4.0
0307749584	3.0
0312541899	3.0
0140049975	5.0
0345414829	5.0
0399149171	5.0
0425192008	3.0
067941729X	5.0
0399154507	5.0
0140150358	5.0
030738778X	3.0
0060510862	4.0
0982270402	5.0
0316009571	4.0
0812968905	5.0
0141191538	5.0
0451168615	4.0
0842314989	5.0
0252013646	5.0
0380732874	4.0
0525949534	5.0
1937538079	5.0
0375810153	5.0
0399142533	4.0
0141040580	5.0
0300180101	5.0
0130325996	5.0
0618007016	5.0
0061791768	5.0
0425154556	5.0
0312565852	4.0
0670699497	5.0
0345443373	2.0
0312869274	3.0
1401301037	4.0
1451665164	5.0
0425141233	5.0
074327055X	3.0
0671028375	4.0
0385265425	4.0
0345434498	4.0
0312622961	4.0
071399715X	5.0
1605981397	5.0
0689714734	5.0
0307236722	4.0
0807829218	4.0
1592406572	4.0
1401213642	5.0
0385338902	5.0
0801893925	3.0
0312591330	4.0
0399155899	5.0
0380809060	5.0
0674066928	5.0
0743598768	5.0
0743497260	5.0
B005C20HV8	5.0
1608191656	5.0
0385512775	5.0
055338189X	4.0
1848325509	5.0
0060995068	5.0
0312590008	4.0
0061998885	4.0
019537410X	2.0
0778316041	5.0
0671027034	1.0
0312286910	5.0
0140189416	4.0
006165096X	5.0
0375837272	5.0
0316153990	5.0
023070932X	4.5
0374298661	4.0
0385335881	3.0
0553245945	4.0
0143122649	5.0
0316089699	4.0
0307888509	5.0
0471095702	5.0
0671805843	2.0
0553383620	5.0
0679729976	5.0
0316013684	5.0
0375756973	5.0
1612185002	2.0
0767929357	5.0
0385532393	5.0
1595230955	4.0
1608191648	5.0
0060001534	5.0
0195148274	5.0
0684868849	4.0
0345335511	5.0
1595552200	4.0
193876823X	4.0
1439192987	5.0
0385152728	5.0
1599219964	5.0
0312622945	5.0
0553252240	5.0
0395470307	5.0
0141441178	5.0
0452285216	5.0
0345517318	5.0
1579550088	3.0
0618904468	5.0
006000150X	5.0
0767905334	5.0
0143034359	4.0
0979259800	5.0
0140431020	5.0
0743293215	5.0
0307958949	5.0
1602398046	5.0
0306808609	3.0
0674066901	5.0
0143117297	4.0
1573222232	5.0
0307277232	3.0
1599215551	5.0
0805060987	5.0
0812968972	5.0
0486443604	5.0
0307279898	5.0
0679445307	4.0
0393067734	4.0
1891105159	5.0
0671692658	5.0
0985278757	4.0
1456545248	5.0
0307455572	5.0
0802122647	4.0
0307395340	5.0
0060520221	5.0
0448434083	5.0
0743246004	4.5
1450581188	5.0
0967884217	5.0
0007205236	4.0
1439192960	5.0
0778322742	5.0
0985834064	2.0
0671534513	5.0
0312383215	5.0
0307956350	3.0
1449361323	4.0
1451642474	5.0
031606744X	5.0
0547483341	5.0
0809049929	4.0
147748681X	5.0
1439199582	5.0
0143036114	5.0
0375754385	5.0
0385507380	4.0
046504879X	5.0
0312376928	4.0
0306816245	2.0
0671867369	5.0
045121191X	5.0
1451607253	5.0
0789742926	4.0
1592407870	5.0
0312674112	5.0
1490586229	5.0
0151013667	5.0
0451218558	3.0
1439177309	3.0
0385518048	5.0
039306770X	4.0
1554073421	5.0
0312316445	4.0
0801888506	5.0
1250009146	1.0
0060578424	5.0
0765304627	4.0
0060872985	3.0
0807504874	3.0
1569475202	4.0
0375410864	5.0
0671743988	5.0
0786439947	5.0
024081178X	4.0
0253337380	5.0
0316240079	4.0
1421409739	5.0
0961959649	5.0
0786016353	4.0
0375503994	5.0
0152017909	5.0
006193836X	4.0
0982875819	3.0
0307595870	4.0
0670024902	1.0
0307969622	4.0
0739317695	4.0
0316014982	5.0
034538623X	5.0
0743291476	5.0
0374263043	5.0
0525947752	5.0
1453862234	4.0
0061998869	3.0
0671028383	3.0
006207993X	5.0
0060652950	5.0
0745955495	5.0
0316059862	5.0
0375700544	4.0
0316501115	5.0
0553590413	4.0
0345379969	5.0
0307475158	4.5
1420932640	3.0
0813123585	4.0
0786447672	5.0
0451215540	2.0
0399148612	5.0
0553585991	4.0
0801889936	5.0
0307931889	5.0
0061992704	3.0
0451235150	4.0
0306811413	4.0
0684834588	4.0
0743297644	5.0
0756615208	5.0
0345538196	4.0
0060593237	4.0
0684813637	5.0
006000942X	4.5
0140053204	5.0
039915888X	5.0
0345335457	5.0
0230613926	4.5
098459213X	5.0
0375706771	4.0
1935149024	4.0
0441009239	3.0
0060196971	4.0
0762740043	3.0
0061119741	5.0
0060283025	5.0
044661095X	4.0
0385336209	4.0
0316020729	5.0
0399156224	5.0
0399153195	3.0
0837184436	5.0
0140390820	5.0
043992376X	5.0
0684833247	5.0
014018936X	4.0
0345406400	3.0
0399150927	4.0
0446195596	3.0
0307451984	5.0
0340980710	4.0
0698114175	5.0
0380727501	3.0
0895260301	1.0
0765317060	4.0
0385660626	4.0
0201622319	5.0
0679428828	5.0
0060559349	5.0
0312573537	3.0
0307266516	5.0
0393332152	5.0
0394718526	4.0
0465013333	4.0
0451211162	5.0
0547003099	5.0
0316817457	5.0
0691096112	5.0
031620384X	5.0
0670016551	4.0
0142410705	2.0
0446519839	3.0
0375404155	5.0
075820230X	5.0
0743276728	5.0
0385532431	4.0
0140390839	5.0
0803706197	5.0
0446401544	4.0
0140434941	5.0
0156767503	4.0
0465027970	5.0
069811986X	5.0
0451196716	4.0
0061928127	5.0
0142500623	5.0
0375422986	3.0
0316020702	5.0
0199737509	5.0
0449223604	4.0
0316086576	5.0
0345373707	5.0
0061725404	3.0
0140390847	5.0
0140434925	5.0
0553074075	3.0
0306818086	5.0
0470938994	5.0
0385507488	5.0
0679441859	5.0
0002311216	2.0
0140430571	5.0
0698118553	5.0
0345335465	5.0
034551064X	4.0
0425232603	4.0
0375857648	5.0
0374178720	5.0
0802121276	5.0
0674036344	5.0
0312290950	5.0
0743298934	5.0
0312573553	4.0
0195033817	4.0
0393239284	4.0
007147739X	5.0
0399156283	5.0
0670018309	4.0
0156031566	4.0
0062240501	3.0
0399159304	3.0
0316129461	5.0
0982253850	5.0
0743243811	4.0
0763622621	5.0
0345432711	4.0
1400043956	4.0
0970911718	5.0
0140298606	5.0
0452262496	5.0
067154294X	5.0
1118539273	4.0
0871316579	5.0
0141439750	5.0
1400043948	5.0
B007AWDADK	5.0
0929712455	5.0
0099244926	4.0
0393072231	5.0
0316969680	4.0
0312300948	4.0
0061900605	5.0
0060545593	4.0
1119951739	4.0
0061668214	5.0
140220096X	5.0
0140177361	5.0
1250026563	5.0
0143034308	5.0
037541438X	5.0
0743264738	5.0
0307275477	4.0
0316036242	2.0
0399148639	3.0
0140434976	5.0
0307394999	4.0
0312577931	5.0
0547569335	5.0
0345470176	3.0
0684859823	5.0
1936303159	5.0
0312446470	4.0
0374166757	4.0
0091794463	4.0
1432715100	5.0
0307391000	5.0
0915297019	5.0
0393037010	5.0
031257357X	4.0
0143113720	5.0
0307275485	4.0
0006162649	4.0
0307886816	5.0
1616201738	3.0
0307717097	4.0
1416594884	5.0
0752849786	2.0
0140434968	5.0
0972020705	5.0
0374199639	4.0
0141439734	5.0
0330451189	4.0
0143034316	5.0
031612947X	5.0
042518756X	4.0
0142429368	4.0
015202414X	5.0
140006354X	4.5
0515126896	1.0
0300089163	5.0
0312382855	2.0
0060505540	5.0
0307276740	5.0
0374100136	5.0
0976494345	5.0
0802717055	5.0
0812977092	4.0
1451617526	4.5
1454904461	5.0
0967174805	5.0
0345478991	4.0
0465011535	5.0
0935998004	5.0
0763623113	5.0
0684849682	5.0
1479236667	5.0
0399159347	4.0
0978692802	5.0
0061003263	5.0
0123859360	5.0
0312868855	5.0
0517218135	5.0
0976678780	5.0
0062091565	5.0
0439353793	5.0
1118271599	5.0
1886679002	5.0
0805052488	5.0
034547631X	5.0
0060792450	5.0
0525103007	5.0
007149667X	5.0
0684811073	5.0
0806905573	5.0
1594746265	4.0
0441014666	3.0
0060596341	5.0
B00D3WOE0E	5.0
0061958867	5.0
0140449124	5.0
0771041411	5.0
0307136566	5.0
0060759852	3.0
0375724591	5.0
0778324451	5.0
1451609914	4.0
0385537255	5.0
0399159339	4.0
1592285708	5.0
067943822X	5.0
1933372958	5.0
1560255803	5.0
0679451234	5.0
1596590289	3.0
0195039149	4.8
0061143464	5.0
0375854517	1.0
0307934055	5.0
B00JK122VU	5.0
0684814110	4.0
0345532023	3.5
0240521250	5.0
0340894113	5.0
144235948X	5.0
0345513746	5.0
0679463232	4.0
076362005X	5.0
0060843667	5.0
0751541184	4.0
0812970470	5.0
0316075841	4.0
0375701028	5.0
0312343221	5.0
0061233595	4.0
0978692829	5.0
0452272726	5.0
0977223493	5.0
0345532015	4.0
1469204304	3.0
0140173897	3.0
1596911697	5.0
1607142848	2.0
0385349580	5.0
0307461351	4.5
0399146008	2.0
0312373929	5.0
014312448X	4.0
0547247990	5.0
1416563725	5.0
0978692810	5.0
0399159312	4.0
0316010502	5.0
0192835319	5.0
0140368140	5.0
0520243404	5.0
0982253842	5.0
0300152817	4.0
0786440163	5.0
1439110190	5.0
0739320386	4.0
0307906868	5.0
B0084NRZ6W	3.0
031615623X	5.0
1477808612	5.0
1583332626	5.0
1455544981	5.0
0312309376	4.0
0792275683	5.0
0671456547	5.0
0982620284	5.0
0767922697	4.0
1400076005	5.0
0689859856	5.0
0743276744	4.0
0451225708	5.0
031605366X	5.0
0375701044	5.0
0743482077	3.0
1416557067	5.0
0670038717	5.0
1574324926	5.0
006225734X	4.0
0471207683	5.0
0812970497	5.0
1560255854	5.0
0192835386	5.0
0439435404	5.0
0393068137	5.0
0470570970	3.0
0671001256	5.0
0679429328	5.0
006121440X	5.0
0199226385	5.0
B007RPMBNK	3.0
0060598964	5.0
0307592820	5.0
0609606352	3.0
0143104888	5.0
0312370830	4.0
0140442529	5.0
1590515242	4.0
0802720668	5.0
091191093X	4.0
0141182571	5.0
0060110740	5.0
006065337X	2.0
1433527405	1.0
0859530124	5.0
1118164903	5.0
0375507523	5.0
006019877X	4.0
0060198788	4.0
1402710607	5.0
037550317X	4.0
0345278402	5.0
1572435399	4.0
0553259628	5.0
0811820041	5.0
0465020461	4.0
0451199863	5.0
0375508880	5.0
0393304124	5.0
0375500901	3.0
0399244638	5.0
0375831002	5.0
0700603204	4.0
0061773964	5.0
0060586974	5.0
0062073710	5.0
0446607339	4.0
045122003X	5.0
067945120X	5.0
068985983X	4.0
0307276732	4.0
0307263436	5.0
1400077303	5.0
0064442357	4.0
0684837668	4.0
0979856612	5.0
069811373X	5.0
0449909336	5.0
0375402322	5.0
0062073729	5.0
0805073396	4.5
0743219317	5.0
0762784431	2.0
0152053530	5.0
0316005126	5.0
0312313438	5.0
0143143646	4.0
0517294095	5.0
0393046710	5.0
0345447859	5.0
0312576463	5.0
0312426119	5.0
0674017226	4.0
0312312105	4.0
0061020680	5.0
1400068533	2.0
0525953728	4.5
125002353X	4.0
0679893857	5.0
0312301448	3.0
0553589563	4.0
0143118692	5.0
1400044561	5.0
0142001740	5.0
0802119948	3.0
0316812471	5.0
0140186417	5.0
0312379293	5.0
0385143087	5.0
0470638923	5.0
0470119411	4.0
1563525232	4.0
006144586X	4.0
0060587245	4.0
0545215803	5.0
006114665X	4.666666666666667
0679808353	5.0
1439190291	5.0
0879518340	3.0
055313079X	5.0
039455583X	5.0
0345524594	5.0
0670022225	5.0
0851706517	5.0
0385341598	5.0
1594204705	4.0
0345515633	4.5
1250024870	5.0
0375759999	5.0
159797496X	5.0
0786866772	5.0
0609610252	5.0
0307475255	5.0
1250018196	5.0
0465041213	5.0
0312600666	5.0
0152019790	5.0
0062094548	4.0
080271594X	4.0
0395330750	5.0
1615190635	5.0
0451218477	5.0
1439152802	5.0
0060506695	4.0
1476751447	2.0
0399152652	5.0
0007430590	5.0
0446525804	4.0
0142437875	5.0
0805094261	3.0
1937786102	5.0
0743405897	4.0
0060555661	4.0
0806511249	5.0
141043382X	4.0
0316159360	3.0
0399244670	5.0
0757303234	5.0
0375422188	4.0
0151012261	5.0
037542217X	5.0
0061241806	5.0
1438993986	5.0
015216748X	5.0
B0074ZW8A4	5.0
074325564X	1.0
0553279424	5.0
0385524013	4.0
0026890224	5.0
1402754434	4.0
0307742857	5.0
0060741724	5.0
0688123155	4.0
1402202695	4.0
0385319673	4.0
0743293975	5.0
0312622899	4.0
0140434011	5.0
1410452107	4.0
0393306577	5.0
0375411224	5.0
0199225869	5.0
0007121121	3.0
006056458X	4.0
1455550957	3.0
0982713258	5.0
1480216518	4.0
0983520801	5.0
0345802896	5.0
0060935502	5.0
1596917024	5.0
0547247982	1.0
0684836289	5.0
0312552696	5.0
0439490278	5.0
B005O3044A	5.0
1419683926	4.5
0312622007	4.0
0778326144	5.0
140132312X	5.0
0307716546	4.0
0375425233	5.0
0316023744	5.0
0312268971	4.0
1451642512	5.0
0061582409	4.0
0312329830	5.0
0743233468	2.0
0763623296	5.0
0140564349	5.0
0963897276	5.0
0316011770	5.0
0143039105	4.0
1455134767	5.0
0060196092	4.0
1401931359	5.0
009950975X	4.0
074327525X	5.0
0060853972	5.0
0812924347	5.0
0679750460	5.0
0544114426	5.0
0061989185	4.0
0312373945	3.0
0007120699	4.0
0553025171	5.0
0312266324	4.0
0767930487	5.0
0937274747	5.0
1893517004	5.0
014311994X	5.0
014312093X	4.0
024081181X	3.0
0307476537	1.0
0316126403	4.0
1554077982	1.0
0307339386	4.0
0894808311	5.0
0446524514	5.0
0345447832	4.5
0060748389	4.0
0062073680	4.0
1565129164	4.0
0312600682	3.0
0312384610	5.0
0060773340	5.0
0451520858	5.0
0027291855	5.0
0809472589	4.0
006143079X	4.0
0312337426	4.0
0670031143	5.0
0449912108	3.0
0140187723	5.0
0307593967	5.0
0143114271	4.0
031615931X	5.0
0061628344	3.0
0307268292	4.0
0425200264	4.0
1590710134	4.0
0982713223	5.0
0061160911	3.0
1107041376	4.0
0758211910	3.0
0316091049	4.0
0151879834	5.0
0345527682	3.0
0375503234	4.0
1441766073	5.0
0452260892	5.0
0062255657	4.5
0060393696	5.0
0896086348	5.0
0312358334	5.0
045146379X	5.0
0061188484	5.0
0140435387	5.0
0763628956	5.0
0140186409	5.0
0984988114	3.0
140006855X	5.0
0375810919	5.0
1560255021	5.0
0062037927	5.0
0765302780	5.0
0064440508	5.0
1451612753	4.0
0312317875	5.0
0743233492	4.0
0307749436	2.0
159474257X	3.0
0399215018	5.0
0061002852	5.0
0805094202	5.0
1481979914	5.0
1419660446	5.0
0399166432	4.0
0201001799	5.0
1569759758	4.0
042519213X	5.0
0399143793	3.0
0062073699	5.0
0312269463	5.0
0061128856	3.0
0671577727	5.0
0807128031	4.0
B00512QG32	5.0
0151013535	4.0
0671019546	3.0
0060740450	4.0
0131385569	3.0
1619493721	5.0
0849922070	5.0
1439165270	3.0
014043223X	5.0
0805091181	4.0
0345805054	3.0
019500146X	5.0
0192545094	5.0
0553502859	4.0
1594202133	4.0
0061002860	5.0
0451198387	4.0
1416590544	5.0
0758229291	5.0
0743281101	4.0
0140281630	5.0
0688138241	5.0
1882109384	5.0
0881929549	1.0
0451239377	5.0
0316017922	5.0
0743245458	5.0
0312429258	5.0
0385342020	3.0
030726646X	5.0
0060193867	4.0
0758246641	4.0
0061692034	4.0
160239153X	5.0
0375709665	5.0
0684808234	3.0
006212532X	5.0
081255731X	5.0
0743233484	3.0
0764134027	5.0
0812967739	5.0
0312316534	3.0
0060722304	5.0
0061374199	4.0
0425234452	5.0
B001997BJO	1.0
0061995037	4.0
0312429266	5.0
1416552286	5.0
0875967906	5.0
0547148119	5.0
1607144581	5.0
0711209006	5.0
1612183190	2.0
0805074600	5.0
0544077792	3.0
0307716511	4.0
0979078423	5.0
0140449973	5.0
0743280687	5.0
0743572203	5.0
0300123647	4.0
0312499140	4.0
0307394131	4.0
0743256182	4.0
0671741225	5.0
076113963X	4.0
0385022727	5.0
1885339151	5.0
0061148407	5.0
1563895285	5.0
0312955006	3.0
0312382006	5.0
0698114140	5.0
0312245475	5.0
0345404777	4.0
030726291X	4.5
145584165X	4.0
0805016759	3.0
0743203631	5.0
0786031824	3.0
0615331157	5.0
0312339216	4.0
0312945655	2.0
0316713732	4.0
1439150192	5.0
1475276303	1.0
1440531994	4.0
1400069033	5.0
0142300926	5.0
0316126489	5.0
0671019554	4.0
0801070120	4.0
0345510836	5.0
0689854943	5.0
0807129313	3.0
0061020699	5.0
0099429799	5.0
1853676942	5.0
0451220714	4.0
0312349491	5.0
0310205719	1.0
1616144742	5.0
0425202844	5.0
0399166459	4.0
031600023X	5.0
1933515171	4.0
1618620797	5.0
0679404937	5.0
1568583982	3.0
0312873468	1.0
0425072959	4.0
0375707050	5.0
0393064557	5.0
0312383355	5.0
0684176580	5.0
0399214577	5.0
0330451227	4.0
0425037738	5.0
0307262901	5.0
0553588214	5.0
0802122736	5.0
0312968302	2.0
0805069224	5.0
0439227143	5.0
1439192812	4.0
0395177138	5.0
0689865600	5.0
0767918797	4.0
0763613835	5.0
0812971825	5.0
0439671442	5.0
0553239317	5.0
0143112589	5.0
0452263034	5.0
1616080299	5.0
0345348656	3.0
0743298853	4.0
0395664128	5.0
0143123238	5.0
0394568354	4.0
0670021806	4.0
0451237692	3.5
1596912294	4.0
1572707208	5.0
054733608X	4.0
081297977X	3.0
0739465538	5.0
0811700879	5.0
0345441745	4.0
037540404X	5.0
0062074024	5.0
0061689246	5.0
0060755547	5.0
0374281947	2.0
0140430482	5.0
B00IDCJ8IW	4.0
0765311658	5.0
0393041832	5.0
0743423615	5.0
0151011877	3.0
1400076951	5.0
0740747177	5.0
0765318288	5.0
0140260781	5.0
0765309327	5.0
0613921747	5.0
0553582135	3.0
0671892452	3.0
0345441737	3.0
0060731583	2.0
1592642039	2.0
0765309335	5.0
0345460030	4.0
B0002X7W5Q	4.0
1565847172	5.0
0307474712	5.0
1593370083	5.0
0984286667	5.0
0061962155	5.0
0670030775	4.0
0817463003	5.0
1938120302	4.0
1585974625	5.0
0399251898	5.0
0143124544	4.5
0761452303	3.0
0140449078	5.0
0520209494	5.0
0385073534	5.0
0131863665	3.0
0345461371	4.0
0199759898	5.0
0345404793	4.0
110701459X	4.0
1594487820	3.0
0143116916	5.0
0615153844	3.0
0307743268	4.0
0316008958	3.0
0743260201	5.0
B007Q4DC4O	5.0
0452256763	4.0
0836226844	5.0
1477818111	5.0
0199540519	5.0
0143113879	4.0
0743270487	5.0
0981927602	5.0
0007230206	5.0
1435456319	4.0
0312373139	4.0
0399157492	4.0
075824665X	4.0
0590416022	4.0
1455507202	3.0
059544881X	5.0
0984286608	5.0
0142437085	5.0
0385336128	5.0
0399526544	3.0
0230769152	4.0
159240474X	5.0
1556525885	5.0
0399156151	4.0
0141439629	5.0
159020171X	5.0
0743570537	4.0
0618432949	5.0
0978508491	5.0
0060014091	5.0
0984286616	5.0
0451225686	5.0
0330487256	3.0
0765332566	5.0
0743264622	4.0
0380014300	5.0
0152336796	5.0
B0071ZLV6E	5.0
0517595982	5.0
0066210720	4.0
0553284789	5.0
0061362956	3.0
044650534X	4.5
0984286624	5.0
159691355X	3.0
0393065812	2.0
0743204115	5.0
0060175966	4.5
0060532181	5.0
1620958813	5.0
0141439602	5.0
0395866189	5.0
0375423508	4.0
0312425651	4.0
0595440096	5.0
0141184221	5.0
0399150838	5.0
0465002552	3.0
0470433744	4.0
0679860029	5.0
0563534311	5.0
0060548533	5.0
0306821559	5.0
0345278372	5.0
0312604254	3.0
0230108938	5.0
0553587889	4.0
1603582924	4.0
1582349584	5.0
0380733285	5.0
0878393218	5.0
0062201050	3.0
0396091601	2.0
0307460983	5.0
0380724332	5.0
1416563806	4.0
0465044387	3.0
074327220X	5.0
006101351X	4.0
0806529415	5.0
0375822801	5.0
0813134161	5.0
0679450882	5.0
0060195576	5.0
0399150897	3.0
0028637275	5.0
0060936754	5.0
006085880X	3.0
037570485X	3.0
B00B3WEUSC	1.0
0307264637	4.0
0691140898	5.0
0307406644	5.0
0765318202	3.0
006201448X	5.0
0394559487	5.0
0743225066	3.0
0143113046	5.0
1118661214	3.0
0375761411	5.0
1579622224	5.0
0470948299	5.0
0743442792	1.0
1937786153	5.0
0312187068	4.0
055380734X	5.0
0312868995	4.0
1439102473	4.0
0061020702	5.0
0441480403	5.0
0393078264	5.0
0316010405	4.5
1455578452	5.0
0809330555	5.0
0375704884	3.0
0399159215	5.0
0547055161	5.0
B003B6561I	5.0
1600105319	5.0
0441873464	5.0
0064460908	5.0
0307377660	4.0
0061160903	3.0
0446550736	5.0
0312135033	3.5
0060007761	5.0
159315237X	4.0
1400065437	5.0
1400032520	5.0
0061576611	4.0
0340770732	4.0
0805091947	5.0
0312355378	4.0
0553386697	5.0
0425197050	5.0
0399156178	3.0
1442195339	5.0
0195323343	5.0
0595311881	5.0
091031120X	1.0
0192835203	5.0
0060973722	4.0
1856177475	4.0
0061147931	5.0
0099535297	5.0
1580402658	5.0
0312355386	4.0
0446525774	2.0
0778312372	4.0
0465058973	5.0
0399150862	4.0
0141439653	5.0
1610393635	5.0
0060506725	5.0
1582404879	5.0
0312244967	3.0
1582434670	5.0
0465036724	4.0
B00GJMA7MY	4.0
1455507210	3.0
0870113798	5.0
1565848403	5.0
0812970586	5.0
0140238026	5.0
0977913163	3.0
0452287081	4.5
0307959473	5.0
0312285485	3.0
0312356641	3.0
0782143962	4.0
0590360809	5.0
0804114641	4.0
0312389566	4.0
0385516401	5.0
0345520181	4.0
1596923709	4.0
0609606220	5.0
0743267745	5.0
0825426855	5.0
0399165940	5.0
0806534850	5.0
0374334994	5.0
0812930991	5.0
0440408296	5.0
0875968341	5.0
0312352298	5.0
0671734008	5.0
144931905X	5.0
1471133567	3.0
006156284X	3.0
0803700970	5.0
039953671X	5.0
0394555090	5.0
1586489348	5.0
006198390X	4.0
1413312810	3.0
0762783001	5.0
0679408525	5.0
0812974964	5.0
1490522395	5.0
0446584967	4.0
006146841X	2.0
0399147284	5.0
0375422250	4.0
1477816356	4.0
0684871424	3.0
0399147268	3.0
0345496000	5.0
0375416854	4.0
0007441290	4.0
0141439688	5.0
0306815710	5.0
0895267896	5.0
0767925866	5.0
006054063X	5.0
0307273571	4.0
085720873X	3.0
0452281725	5.0
031236427X	2.0
0805098542	5.0
0345484053	5.0
0425064409	4.0
0060582499	4.0
0143039040	5.0
0756613523	4.0
1894963512	5.0
0810972344	4.0
0307209830	3.0
1439101167	4.0
0307277941	4.5
0143115626	4.0
0967294010	5.0
0143123246	5.0
0670059544	4.0
068485712X	5.0
0300112076	5.0
0029238374	5.0
0062073605	5.0
0374298807	5.0
0316111457	5.0
0385336195	5.0
0563370130	5.0
0671012002	5.0
031286504X	4.0
0060884266	4.0
0375507663	5.0
034580323X	5.0
0345528921	2.0
1579546072	3.0
0375505008	4.0
1616890487	5.0
1401222765	4.0
0060653191	5.0
B007FJBZYE	2.0
0441010911	5.0
0143120646	5.0
0394507630	5.0
0451210891	2.0
0306815575	5.0
0060726652	4.0
0141040343	5.0
1400033551	5.0
1552100448	5.0
0140436588	5.0
0786713038	3.0
0375702970	4.0
0345479572	3.0
1444727338	5.0
1933718153	5.0
1118173643	4.0
014043657X	5.0
0307456625	5.0
1400098068	5.0
0684865513	4.0
0879517115	4.0
0230623182	4.5
0307595609	5.0
0312600534	4.0
0385729499	5.0
1416576738	5.0
1907312471	2.0
0312383894	3.0
0316069434	5.0
0151001006	1.0
1593274297	5.0
0062073508	5.0
0385660065	5.0
1118810023	5.0
0679602453	5.0
0375725601	4.5
014144133X	5.0
0192835610	4.0
0812982142	5.0
0307275701	5.0
1250001889	3.0
0091941776	5.0
0312678355	5.0
0312315716	5.0
0141441321	5.0
0345446666	4.5
1596635533	5.0
0141188596	5.0
0385517831	3.0
0061098132	5.0
0385125747	5.0
0061170887	3.0
034547824X	4.0
0345309871	5.0
002542730X	5.0
0689704755	5.0
0451237900	3.0
0061995568	3.0
0307715159	4.0
0393327361	5.0
0486272737	5.0
0399231013	5.0
0399148027	4.0
0394507606	5.0
0446386898	4.0
1592135420	3.0
1416928340	5.0
0306814277	5.0
0141040378	5.0
1400046874	4.0
0385536100	5.0
0425257282	3.0
0805074562	4.0
0062279777	5.0
0452297834	5.0
0446600474	2.0
0312600526	4.0
0679418342	4.0
0307275728	5.0
0060085460	5.0
1616952725	5.0
0399152113	4.0
0061688983	5.0
0199693579	3.0
0399139141	5.0
0312939035	5.0
1400095832	5.0
0743223527	3.0
031600409X	5.0
0553576798	2.0
0778328201	5.0
0151014388	5.0
0449000648	3.0
031623480X	5.0
0470648651	4.0
0061688975	5.0
0553806742	4.0
0312675291	4.0
0061999091	5.0
0143119605	5.0
0375758585	5.0
034544793X	5.0
1400095824	5.0
0060245867	5.0
0061915416	4.0
006052085X	4.0
0060598689	5.0
0300137540	5.0
0393052095	5.0
0684807610	5.0
1401340822	4.0
030759386X	5.0
0062073540	5.0
0399162380	5.0
0192835653	5.0
0345487133	5.0
0316001821	4.0
0300126891	5.0
0192834320	5.0
0394874714	5.0
0307454894	4.0
068806633X	5.0
0345363310	4.0
0451219244	3.0
0743203941	3.5
1400095816	5.0
0060741872	5.0
0316069485	5.0
0812978951	5.0
050005147X	4.0
0062073559	5.0
0062049801	5.0
1594390827	5.0
0739458213	5.0
1118345606	5.0
0142428604	5.0
0743224876	5.0
1586421867	4.0
0451188462	5.0
0743223543	3.0
0891908560	5.0
0976118106	5.0
0451176464	3.0
B000JMKNU6	5.0
031268195X	3.0
1582408254	5.0
1495382028	5.0
0312632126	5.0
0385521065	4.0
0465007201	4.0
145165460X	5.0
1416567844	5.0
0826211410	3.0
0137050127	4.0
1612186548	4.0
0764132601	5.0
0307740994	5.0
0785113452	4.0
014312417X	5.0
1566636825	4.0
0143035096	5.0
0312850093	5.0
0618858679	5.0
1416533184	5.0
0812977610	3.0
0547572298	3.0
0312286252	3.0
0399550089	5.0
0025236601	5.0
143350314X	5.0
068480459X	5.0
0345352661	5.0
0195037944	5.0
0374147442	5.0
0989671704	5.0
0300043961	4.0
0345526481	5.0
0312681941	5.0
0062517392	5.0
0451167538	4.0
1581826397	4.0
0152012885	5.0
0226852180	5.0
1593930607	5.0
1250028965	4.0
0743599845	5.0
0743272501	3.0
0385343248	5.0
0312946201	5.0
0743294777	2.0
1439154481	5.0
082341423X	5.0
0446527297	2.5
0316024597	3.0
0062073575	4.333333333333333
1439157510	5.0
1466219661	4.0
0140432140	5.0
0064404781	4.0
0684843323	5.0
0307952193	5.0
0394800478	5.0
0099244721	3.5
1591292808	5.0
1468147579	5.0
0553211951	5.0
1594390878	3.0
0307269876	5.0
0525949755	4.0
0140432132	5.0
0393003043	5.0
014043478X	5.0
0440157587	4.0
0062073583	5.0
0451524950	5.0
0446545953	5.0
014062029X	5.0
0375406182	4.0
1439124604	4.5
0399231080	5.0
0375708200	5.0
0316068993	5.0
1442367636	5.0
0141012250	5.0
0199538530	5.0
0062303996	3.0
0143170090	4.5
0743235533	5.0
0764598147	5.0
0385510365	4.0
0765309289	4.0
0140433457	5.0
0553277766	5.0
0307381366	4.0
0312334087	5.0
0380816865	5.0
0306817381	5.0
0306822725	5.0
0316001015	5.0
0307272605	3.0
1605983799	3.0
0375502467	5.0
0962271330	5.0
0375826378	4.0
0062231707	5.0
067145711X	5.0
0064440419	5.0
0061778915	5.0
0399152121	4.0
1455503886	2.0
0140432108	5.0
074359679X	4.0
1476734615	5.0
0061150401	4.0
1580890288	5.0
0789749335	5.0
147674355X	3.0
1482694573	5.0
0465025048	4.0
0525948406	5.0
0375509089	5.0
1594632391	5.0
1590586247	3.0
0137025149	2.0
0446527289	4.0
037570518X	4.0
0307888754	5.0
0691121443	5.0
0395266823	4.0
0061803677	5.0
0345449711	4.0
157062089X	5.0
0099406136	3.0
0981979602	5.0
0399148930	5.0
0670032735	5.0
0823405338	5.0
0060581859	5.0
B00784Y9DU	5.0
156947981X	4.0
0439669448	4.0
0711233667	5.0
125004104X	5.0
1416558950	5.0
0425264394	4.0
0743484932	5.0
0060891564	5.0
0140436545	5.0
0425183343	5.0
0312374984	4.0
1566251087	5.0
0316123080	2.0
0966396677	5.0
1418486884	5.0
0989671798	5.0
0321525655	4.0
0375407480	5.0
0151014302	5.0
0141015357	5.0
0312607148	4.0
0743264908	3.0
0060581840	5.0
030727747X	5.0
0307277488	5.0
0553251139	5.0
1582438137	5.0
0446532681	5.0
1250012570	5.0
014043349X	5.0
0439139600	5.0
0670026077	5.0
0312374992	4.0
125000361X	5.0
0307379086	5.0
0553078658	4.0
1466443723	5.0
0316198625	3.0
157488123X	5.0
1250003628	5.0
0743202694	3.0
0316024538	5.0
0152010289	5.0
006055424X	5.0
034544972X	3.0
0316045470	5.0
0316033499	5.0
0312596855	4.0
0140247688	5.0
0743225325	4.0
0441020372	5.0
0060883960	5.0
1416558977	4.5
094267927X	5.0
0399234160	5.0
0935039066	5.0
046501870X	5.0
0722144180	5.0
0307908054	3.0
0812968743	5.0
0061825891	5.0
0395551137	5.0
0316045462	5.0
0143120654	5.0
B007V3FLTE	5.0
0140187464	5.0
0696212404	5.0
1433680459	3.0
0470401427	4.0
0345358805	4.0
0312351429	5.0
1904132936	5.0
0823099474	5.0
0899668747	5.0
0140432159	5.0
038550800X	3.0
0099450259	5.0
0143058592	5.0
1250033470	5.0
0316069418	5.0
159448354X	5.0
0385120877	5.0
0525954384	5.0
0971880107	1.0
0977065804	4.0
0778325938	4.0
0894807722	5.0
1616950064	4.0
0618254110	5.0
0316129259	5.0
0525945423	4.0
0156029049	5.0
0451201140	5.0
0393337618	4.0
0451202473	4.0
0439783151	5.0
159485064X	5.0
0395621518	3.0
0156031361	4.0
0756615445	4.0
1118794389	5.0
0143170104	4.5
0312938543	4.0
0062009842	5.0
0345549074	4.0
0375422722	5.0
0151012601	3.0
0307265439	2.5
0140434704	5.0
0002318075	5.0
039551424X	5.0
1420925342	5.0
0805094970	5.0
0880293179	5.0
0300166834	3.0
0061319295	5.0
0767906837	4.0
0393301664	5.0
0700609199	5.0
0060248025	5.0
0312380828	4.0
0140430350	5.0
0306812525	4.0
0739339656	4.5
0061139122	5.0
0192838679	5.0
0812968794	5.0
1616950048	5.0
0375422730	5.0
0465074928	5.0
0486211819	5.0
0156029030	5.0
0979086701	5.0
B0055I16D2	5.0
0553197932	5.0
019517559X	5.0
0312625022	3.0
0140501738	5.0
0062236679	5.0
0385152442	5.0
0714846554	5.0
061889425X	5.0
1416534407	4.0
1586483315	5.0
0140386645	4.0
0967684749	5.0
0345497422	5.0
0812968786	5.0
0451215753	5.0
1592853714	5.0
0765323559	3.0
0758210183	5.0
111861125X	4.0
0980232309	5.0
078671607X	4.0
0307576531	5.0
0307277461	5.0
0029227968	4.0
0449807819	5.0
0307265412	4.5
0446562416	4.0
0312625006	5.0
0812978102	5.0
1413311024	4.0
031236654X	4.0
0192839993	5.0
0618267468	5.0
0141038985	5.0
0395872766	5.0
0312376774	4.0
0891345728	5.0
0395160332	5.0
1416593322	4.0
0922915822	5.0
0399146237	4.0
0060207507	5.0
0446617326	5.0
1455897213	4.0
0743250354	4.0
0316129216	5.0
0393071154	5.0
0425103552	5.0
B004NSV4D2	3.0
0316249866	3.0
0307459659	5.0
0618573089	5.0
1468300504	5.0
0805076255	5.0
0395911702	5.0
0312194587	3.0
0684868547	5.0
0547798164	5.0
0330317547	5.0
1469248581	2.0
1597897795	4.0
0918804760	5.0
1439198896	5.0
0802120172	5.0
0547241631	4.0
0743250346	5.0
0312384386	5.0
0061468398	3.0
0688077943	5.0
0142429104	4.0
0553584480	5.0
039304923X	5.0
1600430090	5.0
006095955X	5.0
0316224553	3.0
0316545317	3.0
1416589287	5.0
1400043700	5.0
141655940X	4.0
014303586X	5.0
031613287X	5.0
0316132888	5.0
0140283331	4.5
0142418471	1.0
0449219771	5.0
0765318199	4.0
1250041120	5.0
0399156496	4.0
1570918902	5.0
0451409973	5.0
0756615429	4.0
0812979486	3.6666666666666665
0316129240	5.0
0316224588	5.0
0451201167	5.0
0312952813	4.0
1494845113	5.0
0027116905	5.0
0375832971	5.0
0345426266	3.0
1477635513	3.0
1412716071	5.0
0805030077	4.0
0060758759	5.0
0143038915	4.0
0765318180	5.0
1250006724	5.0
0805076263	5.0
1451627939	4.0
0345324536	5.0
039915647X	4.0
0375753788	5.0
0802120156	5.0
1607060752	5.0
0192830740	5.0
0812978145	5.0
1402209568	4.0
1400025079	5.0
0679643745	1.0
031264065X	4.0
045121577X	4.0
0140153195	5.0
078512716X	4.0
1250006716	4.0
0465013953	5.0
014006768X	4.0
0143117998	5.0
0446500127	4.0
061822694X	5.0
0813210836	5.0
0060572140	4.0
0060593083	2.0
0802144195	5.0
0393315436	4.0
0307958280	5.0
0879308915	5.0
0060777044	5.0
006059876X	5.0
0345524616	5.0
1580001076	5.0
0099448769	5.0
015101308X	5.0
0399151613	5.0
0064434516	5.0
044900371X	5.0
0340840161	1.0
0393020398	5.0
0807828939	4.0
055299703X	5.0
0393070654	4.0
1853269077	5.0
0060935537	5.0
0152063544	5.0
0312559712	2.0
0688100791	4.0
9187173980	5.0
045123796X	4.0
0061706515	5.0
1401352081	5.0
0691026068	5.0
1455599492	4.0
0743286359	5.0
1933372710	5.0
0792268776	5.0
0230760813	4.0
0316678104	4.0
0399146253	2.0
0544035011	5.0
0449000664	3.0
0751536822	4.5
1596914971	4.0
0375758593	5.0
1602861765	3.0
0340499656	5.0
0395841682	5.0
0062702378	5.0
0812982215	4.0
0062015680	2.0
0307712842	4.0
0761457046	5.0
0316056960	5.0
0765317699	5.0
0062234897	5.0
160125105X	4.0
1451624085	5.0
0739369466	2.0
0061340650	5.0
0006550436	4.0
0803262574	5.0
1416593349	5.0
0439095557	5.0
0312939019	5.0
0399152938	3.0
1413310583	5.0
0525474846	5.0
1596913630	3.0
0060855894	4.0
0395570352	5.0
0553278193	4.0
B00B687AX0	3.0
055310943X	3.0
0141383747	5.0
0345544242	5.0
0060518650	5.0
0936385111	5.0
1573221937	3.0
0805974962	4.0
0143038044	4.0
0307408973	5.0
0743221834	3.0
0486425606	5.0
0765315025	5.0
0465024637	4.0
0064431436	5.0
0817455124	4.0
0465030491	3.0
0399152997	5.0
1576832899	5.0
0743253469	4.0
0679439382	3.0
097908671X	5.0
1853262412	5.0
1468306693	4.0
1118611284	5.0
0374379947	3.0
038518400X	3.0
0061967556	5.0
0312613024	4.0
0060726571	3.0
0091948479	4.0
0062015664	4.0
0297863924	3.0
0312383908	5.0
1608190099	4.0
0345456939	3.0
1450022693	5.0
1400034833	5.0
1400113245	2.0
0743287649	5.0
0393060411	5.0
0425206548	5.0
0977240606	5.0
B009YAVVAU	4.0
037540256X	4.0
1118099206	5.0
1442362855	4.0
0743253450	4.0
0307272591	4.5
0470881232	5.0
0307741346	4.0
1439102392	3.0
0451215729	4.0
0739357417	4.0
0394759842	5.0
1493781987	5.0
0671761927	4.0
0374379939	3.0
0425098540	4.0
0399149325	3.0
1451612052	5.0
087191770X	5.0
0316019984	5.0
0142438006	4.0
0671721046	5.0
0385341407	4.5
0345456947	3.0
0312309155	4.0
0060559144	5.0
0743219570	5.0
0399152970	4.5
0609610627	5.0
1571451862	5.0
0312366590	5.0
0345362861	5.0
0061657700	5.0
0306820188	4.0
0062116290	5.0
0142180114	5.0
1439243654	5.0
0801899079	5.0
0451209044	5.0
0425098532	5.0
0307275639	4.0
1567512925	5.0
0547738757	5.0
0349104662	5.0
0815681755	4.0
1401928463	4.0
0544002180	4.0
0979086736	5.0
0091953855	3.0
0743219562	5.0
145552297X	5.0
0380807025	3.0
B0017HNV1U	5.0
0345452593	4.0
0316010707	4.0
0553576801	4.0
1592400663	5.0
1565124553	5.0
0385503245	5.0
1560254777	5.0
0756613655	5.0
0805087745	3.0
1439189072	5.0
030793313X	5.0
0618509283	4.5
0374178488	5.0
B00588V0H6	5.0
0312278586	4.0
0521897335	5.0
0671001167	4.0
014102724X	5.0
0413747506	5.0
1586485199	5.0
0143114093	5.0
046502629X	4.5
0814797148	3.0
014311977X	4.0
1401324665	5.0
0743206045	5.0
0451151224	4.0
081256166X	2.0
1590203275	4.0
045141456X	4.0
0451222768	5.0
0316070300	5.0
0451220102	5.0
0142401668	5.0
030740515X	5.0
0061074292	5.0
0804116970	5.0
1585670731	5.0
0441016324	5.0
0465017371	5.0
0062131834	5.0
0140435123	5.0
054774501X	3.0
0140540563	5.0
0689868936	5.0
0590972197	5.0
0451199871	4.0
0446360384	5.0
0306807815	1.0
0064451801	5.0
1594866104	5.0
0061147788	5.0
0316196991	4.0
0312384416	5.0
0618904999	5.0
0062082353	5.0
067002113X	4.0
0316204269	2.0
0316182346	5.0
0060855924	5.0
0380009994	5.0
0316035998	4.0
0743291565	3.0
0375721150	4.0
0375702873	5.0
039332723X	4.0
0345308417	5.0
0743206061	3.5
0007136838	5.0
0385022549	5.0
0312563124	3.0
074347595X	5.0
0312978766	5.0
0439756227	5.0
0316042277	5.0
1476726299	5.0
1586485172	5.0
0874779391	5.0
0312334109	5.0
0307353400	4.0
0307984761	5.0
0060518499	4.0
0312301219	4.0
0882666231	5.0
1594488487	4.0
0520260481	5.0
0321330625	4.0
0345024850	4.0
1933718285	5.0
0805075771	4.0
0753154811	4.0
1416537465	5.0
0345526546	1.0
1605982512	3.0
0151014213	4.0
1401323383	3.0
0006863353	5.0
0385333765	5.0
0765304368	5.0
0143120727	3.0
0399155988	5.0
0143119737	4.0
0515090174	4.0
0345527895	3.0
075660527X	3.0
0345413881	3.0
1440207917	5.0
0316010677	4.5
B00CGBYVTW	5.0
0765317680	4.0
0345455681	5.0
0316353299	5.0
B00546H76A	5.0
0061258474	5.0
0140441840	5.0
0805096663	4.0
1586485156	5.0
0345437845	4.0
0345413873	3.0
1477816526	5.0
031268052X	4.0
1422189902	5.0
0849900069	3.0
014044050X	5.0
0307272508	4.0
0292783760	5.0
0470118768	1.0
0345526570	4.0
0735201897	1.0
0312421958	5.0
0007111509	4.0
0312862172	5.0
0743403428	4.0
0743256328	5.0
0974904821	5.0
0966638328	5.0
0345547497	4.0
0345327594	5.0
1455576069	5.0
0061878200	4.0
0062021389	2.0
0307272516	4.0
1423110463	3.0
0307743926	4.0
0142400386	5.0
0425130266	3.5
0306807858	5.0
0618024956	5.0
0609805533	4.0
0140620303	5.0
030758836X	5.0
0743243021	5.0
0786006609	4.0
0520249267	5.0
0452297907	5.0
0789749491	5.0
0394411595	5.0
1118525531	5.0
0312347472	4.0
014303930X	4.0
0312368372	5.0
0385517912	4.5
0615601863	5.0
1400069645	4.0
0061703257	4.0
147111516X	3.0
0425184730	3.0
0393321983	5.0
0060540370	3.0
015101423X	5.0
0316095648	4.0
0312658613	4.0
0945707258	4.0
0670031399	5.0
0312383991	3.0
1118466063	3.0
0385340044	4.0
0061284769	3.0
0740746588	4.0
0312853238	4.0
080524221X	5.0
1250020204	5.0
0316010669	4.5
0312538138	5.0
0812973372	5.0
0385340052	4.0
0786714417	5.0
0306815451	2.0
006117758X	3.0
0674443020	5.0
0316007021	4.5
1401906168	1.0
0515048666	1.0
0062004808	4.0
1563898985	5.0
0689505698	5.0
0684839199	5.0
0195162471	4.0
0060199393	5.0
0345461517	5.0
0765306905	3.0
0446615471	5.0
0007274572	5.0
0613751418	5.0
1605984302	4.0
142620874X	5.0
0615593909	5.0
0812977769	5.0
0312084986	5.0
1609450930	5.0
0140505393	5.0
0399153357	5.0
0804109818	4.0
0892819596	2.0
1933251743	5.0
0742552896	4.0
1616953047	4.0
067187747X	3.0
0802714471	5.0
0345459210	5.0
0307270777	4.5
0452270073	5.0
0618062351	5.0
006092988X	5.0
030794770X	5.0
0399141383	5.0
0060514957	3.0
0312362218	5.0
0312851405	5.0
0140447970	5.0
0393088774	1.0
006206584X	5.0
0345531973	4.0
0141186690	5.0
147670404X	3.0
0399157700	5.0
0395677262	5.0
0451531388	5.0
0586062971	5.0
0547229895	4.0
111828738X	4.0
0060826568	4.0
0393051447	5.0
0312362226	5.0
1250010063	4.0
0857382209	5.0
1602391785	5.0
067987318X	5.0
006227676X	5.0
B006Z499M0	5.0
0465062792	5.0
0345531965	5.0
0553382403	5.0
0741436205	5.0
0812975111	3.0
039332902X	5.0
0688109942	5.0
0307265374	5.0
0316219347	3.0
0812977777	3.0
0451202287	4.0
0385535775	3.0
0230014801	5.0
0312362234	5.0
0060930861	5.0
193331902X	5.0
0312430000	5.0
0345461541	5.0
1605293024	3.0
1602390444	4.0
B0078XG22M	5.0
0486285073	5.0
0061744654	3.0
0465005330	4.0
0380006901	5.0
0670033944	3.5
0061856002	3.5
0061099562	5.0
0802120342	2.0
0142180815	4.0
0399148817	3.0
034543658X	2.0
0440407524	5.0
0061774472	4.0
0060975768	5.0
0452274400	5.0
1605981230	4.0
0929261046	4.0
0899668631	5.0
0978721004	5.0
0062237187	5.0
0345468104	4.0
0345427637	3.0
0345468120	5.0
0140180923	5.0
0312363508	2.0
0743277287	4.0
1608090078	4.0
0385335555	4.0
0553578693	3.0
0691095612	5.0
0470121513	4.0
031613290X	5.0
0152021027	5.0
B004S3CSHI	5.0
1465419535	5.0
0679781382	3.0
0307236897	5.0
0060566116	5.0
0312243022	3.0
0007310560	5.0
0061774464	4.0
0060529164	3.0
0553578685	4.0
0307463060	5.0
0151012458	4.0
0743596870	1.0
0446531448	3.0
0984538801	5.0
1582346240	4.0
1593936052	5.0
0743236785	5.0
0691149097	5.0
0195079043	4.0
0375755314	5.0
0807826243	4.0
0380012774	5.0
0062072188	5.0
1250033586	4.0
0770437184	5.0
014241493X	3.0
0307388913	4.0
0743446534	4.0
B004WLOGYE	4.0
0307388921	4.5
1593156014	2.0
0525953086	4.0
0553804863	3.0
0684824906	5.0
0143144723	5.0
B0053WQW70	3.0
034553199X	4.0
0307701220	5.0
0765306913	5.0
0744563623	4.0
0310435641	1.0
0060514930	4.0
0312363524	5.0
0151012474	5.0
0762782811	4.0
0060195851	5.0
0803721242	5.0
B004V02GCA	5.0
0671045547	5.0
1400165318	4.0
148493086X	5.0
0399157689	4.0
0759202060	4.0
0140558772	5.0
0981481809	5.0
0152046267	5.0
0743296435	5.0
0141439815	5.0
0679734228	5.0
0307266656	5.0
B0082RZYAY	5.0
0802716237	4.5
0151001812	5.0
B004WOXR8W	5.0
0316098663	4.0
030680834X	5.0
0451223292	5.0
0446578924	5.0
1456729543	5.0
0312330685	4.0
0345324439	5.0
0399155015	5.0
1596911190	5.0
0446530980	3.0
014037454X	5.0
0452297060	4.0
0307394867	1.0
1938473043	5.0
0345369351	5.0
0451202341	4.0
1933771364	2.0
0345438329	5.0
0316955124	5.0
0307385914	3.0
0763631485	5.0
0060777109	5.0
0471175781	4.0
0615147399	5.0
0761451692	4.0
0671733745	4.0
0399155007	5.0
0345508750	5.0
0743271157	4.0
0345497538	4.0
0385511841	3.6666666666666665
1118532783	5.0
0553277804	3.0
0316166308	4.0
0061120618	5.0
0060762098	4.0
0307390470	5.0
0553294385	4.0
0441009158	3.0
0807101508	5.0
0316117366	3.0
034552828X	4.0
1464200203	4.0
0452264138	5.0
0689820089	5.0
0345508742	5.0
0307390489	2.0
0671637177	5.0
0691117470	5.0
0312330669	3.0
0307948196	4.0
0141321598	5.0
0345438310	5.0
0345534956	4.0
0316166316	3.0
0060974400	4.0
0141439807	5.0
0547237448	5.0
0060575913	4.0
1594869154	1.0
159403673X	4.5
0679642579	5.0
0140307761	5.0
0312545266	4.0
1480177229	5.0
0684800888	5.0
0553260111	3.0
0316053716	4.0
1594485410	5.0
0618644652	4.0
0141439866	4.0
014143984X	5.0
1451660626	1.0
030728090X	3.0
0446540331	5.0
0738736899	4.0
0756615526	4.0
0156000938	4.0
1567310133	5.0
0813342627	3.0
0446527378	4.0
1402210442	4.0
0312570171	3.0
0471394327	5.0
1612181554	3.0
098239022X	5.0
0312538960	3.0
0099462095	5.0
1572436727	5.0
0765309130	5.0
158574297X	3.0
140220941X	3.0
0375507485	5.0
0375840478	5.0
0394747909	3.0
0446527386	3.0
0440141095	5.0
0060195797	4.0
014044792X	5.0
0140060286	5.0
0312586515	4.0
076531276X	5.0
1477809449	3.0
0385511809	5.0
1567310141	5.0
0743496701	4.0
0345536703	5.0
067121781X	5.0
0446530999	3.0
1581824432	2.0
0471142859	5.0
0865715408	5.0
0684827905	5.0
0553386018	4.0
031255852X	5.0
0152046283	5.0
0671740083	2.0
0806906359	5.0
1465409351	5.0
0060928514	5.0
0465020186	5.0
1416585834	5.0
0380811812	5.0
0618057021	5.0
0465071732	5.0
0062365444	5.0
0810958694	5.0
B009MYAQQS	4.0
0789313707	5.0
1605984205	5.0
0099552817	4.0
0312981457	4.0
1400083028	3.0
0743284437	4.0
0345313763	5.0
1477809457	3.0
0345533666	4.0
0151012504	5.0
0140280197	5.0
088106355X	5.0
0471423270	5.0
0679727922	3.0
0743296400	5.0
0345324412	5.0
0670020702	4.0
0399157697	4.0
006087600X	4.0
0765312751	3.0
1426212720	3.0
0688006663	5.0
0674049543	4.5
0142411965	5.0
0312380925	4.0
B00538IVUU	5.0
0312352085	1.0
0310284325	5.0
0451414624	4.0
1602399727	3.0
0393050939	4.0
0688174914	5.0
014280018X	3.0
0802122043	4.0
0140390537	5.0
0091797276	4.0
0316767727	5.0
0375507450	4.0
0312853254	1.0
1416585850	5.0
1844164039	5.0
0345428145	4.0
0312266510	4.5
1608197646	5.0
0553057006	5.0
1469226456	5.0
0618548815	4.0
059042517X	5.0
B0082ZCWLU	5.0
0310284317	5.0
039914613X	2.0
0345428129	3.0
0446613711	5.0
0553588079	4.0
0812978293	4.0
0312288778	4.0
0553588087	4.0
0307377423	3.0
0739437208	4.0
0307352145	5.0
0974941824	5.0
0375405534	5.0
0943173477	5.0
0809030713	5.0
0393013995	5.0
0195124995	5.0
0380016362	5.0
0060560053	4.0
0240817745	3.0
0061234575	4.0
0752882635	4.0
0141310014	5.0
0671686151	4.0
0375423303	5.0
B005HE8ED4	5.0
0470592419	5.0
0393049922	5.0
0765317583	4.0
0316206849	4.0
0310284341	5.0
0312599889	5.0
0385519729	4.5
0060520841	4.0
1402273142	5.0
0553109561	5.0
0812981006	5.0
0688161626	5.0
0553588095	4.5
0440378648	5.0
0307275558	1.0
0399152814	4.0
073949208X	4.0
045122891X	5.0
B00BG04GLM	4.0
1596912421	4.0
0399167064	5.0
0199891958	5.0
0399148787	3.0
0307275566	4.0
0195396901	3.0
1495313387	5.0
0141039280	5.0
0310284333	5.0
0761451625	5.0
006230755X	5.0
0312368461	4.0
0671115006	5.0
0451161343	5.0
0307263517	5.0
0140435069	5.0
0316035904	4.0
0470127686	4.0
0156006219	5.0
1476700478	1.0
0446364800	5.0
0020199856	5.0
0312659113	5.0
0312288751	5.0
031028435X	5.0
0449006905	3.0
0385529953	5.0
0451161351	4.0
1582344515	5.0
0141303786	5.0
0385515308	5.0
0007386648	5.0
0312276761	3.0
0141303778	5.0
0385515316	5.0
0143124374	5.0
1492348422	5.0
0312364024	5.0
0143112392	4.0
0735818711	5.0
0395150248	5.0
0812973402	4.0
0609809865	5.0
0743271181	4.0
019281589X	5.0
B00BL12BU4	5.0
0307390462	5.0
1610392566	4.0
0882791354	1.0
0312672977	5.0
0714843555	5.0
1580171818	5.0
1426210124	5.0
0375702024	4.0
0873387651	5.0
0547548591	4.0
0312369727	4.0
0806133597	5.0
B004TIJGCC	5.0
0330517783	3.0
0983772541	4.0
0345803485	3.0
0192815873	5.0
0312336853	4.0
145169489X	4.0
0615211569	5.0
0300191073	5.0
0553584529	4.0
0140441794	5.0
0452261910	5.0
0689854269	5.0
1401302505	5.0
0915992043	5.0
0916441822	1.0
0375835962	5.0
0195054652	4.0
0399160477	5.0
1451672683	4.0
1400044308	4.0
1439107955	5.0
0375422021	4.0
0679733752	5.0
0895873532	5.0
0199555869	5.0
0778327655	4.0
0451172027	5.0
1402754752	5.0
0553584537	4.0
0451409221	5.0
0802779824	5.0
0143116711	5.0
0374281378	5.0
0394524128	5.0
073949774X	5.0
0802122051	2.0
037575718X	5.0
0140440453	5.0
0439256356	5.0
0399257829	5.0
0307272494	5.0
0807832006	5.0
0307962431	5.0
0788750097	4.0
0061133973	4.0
0385337280	3.0
1439220204	5.0
0723247765	5.0
0380730847	2.0
1400095085	5.0
0974941840	5.0
0609804146	4.0
156025355X	5.0
0307951790	5.0
0399152849	5.0
