054410210X	3.0000000000000004
0143143646	2.24271162627327
0575081384	4.0
0765329743	2.0
B008IJW90E	2.0
0061725897	2.0
0425238865	5.0
0399157565	4.0
086571553X	5.0
0060926430	3.0
0451407377	3.0
0312169345	5.0
0765336278	5.0
1556228422	3.0
0938045288	4.0
1478190655	2.0
0071497137	3.0
0312266596	2.0
0375708278	5.0
1477817255	4.0
0765317192	2.0
1444735861	4.0
0316097446	1.0
0307887960	2.9999999999999996
0977648133	2.0
0385660065	4.0
0385346808	3.0
0340247703	5.000000000000001
0312356064	3.0000000000000004
076530368X	3.0
0345389425	1.0
1476751447	1.0
0446527785	5.0
0743275071	3.0
B009KSFAWG	1.0
0061962155	5.0
0310716411	2.0
0385343078	3.0
0060545623	5.000000000000001
1463717091	5.0
0425201317	4.0
1587153173	2.0
014044145X	5.0
B00C4CF552	4.0
0865716781	5.0
0449907481	2.0
0684843749	2.0
141430983X	1.0
0316002860	1.0
0679643559	5.0
0981985912	5.0
0316018740	3.0
0399156208	4.0
0843961600	3.0
156836427X	3.0
078521321X	5.0
157322152X	2.0
0140390847	5.0
1416563687	5.0
0399154140	5.0
0330450972	1.0
0765316994	2.0
0380012863	5.0
0671510053	1.0
0739443615	3.0
0060544880	5.0
0307474933	5.0
046508995X	5.0
0615714692	5.0
1466373547	5.0
0374173958	1.0
1475006314	2.0
0908228082	4.0
0834003465	3.0
0395322111	5.0
0553804693	4.0
0385537859	5.0
0062021257	3.0
B00H9FDZKQ	3.0
0312349424	2.0
031286129X	4.0
0765319853	1.0
0262693267	5.0
0446554979	3.0000000000000004
1455525839	4.0
0684142406	2.0
0143142801	2.0
B00EW7I7RK	5.0
0743233468	4.0
0312352573	4.0
0596000847	4.0
0316018724	1.0
0143122576	2.0
1930097751	5.0
B007CZULLY	5.0
B00993ZXTM	1.0
0345503821	4.0
0452295513	5.0
0385488866	3.0
1479399531	4.0
1432798022	2.0
0399150846	1.0
B00CMXCWW2	3.0
0452289289	4.0
006105903X	3.0
0606163891	4.0
0312655479	5.0
0765331004	5.0
1893956288	1.0
0760332398	3.0
0307292134	5.0
0641934173	2.0
0547328184	2.0
0140049975	5.0
0060512806	3.0
043902353X	5.0
1439102414	3.0
0312604254	4.0
1455519510	2.0
1603424636	3.0
0786963646	1.0
1615190201	5.0
0984805354	3.0
0399157573	3.0
0804111421	4.0
0988616114	2.9999999999999996
0786170549	4.0
0974876542	3.0
0871404125	5.000000000000001
0691125848	1.0
1477663096	5.0
0143113178	5.0
0553590375	2.0
0982618492	5.0
0802121071	3.0
0802122043	5.0
0374133182	4.0
1442361557	4.0
0615636837	3.0
0312365160	5.0
0743233492	4.0
0852295316	4.0
0399158022	3.0
073946289X	4.999999999999999
030726999X	5.0
1478293934	5.0
0515134279	5.0
0061443735	4.0
0765311259	4.0
0380766701	2.0
0345405021	4.0
0312204965	5.0
1479190217	5.0
B007US2YFY	4.0
0312376960	5.0
0307933555	4.0
0804109818	4.0
0547792778	5.0
0525948791	5.0
014303569X	2.0
1250045630	5.0
0345497600	2.0
193622013X	1.0
0989859924	5.0
0505526964	1.0
1558192506	4.0
1416563709	5.0
B0074U3LTQ	2.0
0399141383	5.0
159315237X	3.0
0446580287	3.0
0142002429	4.0
0765303612	4.79894725977913
0356502740	1.0
0062736345	3.0
0743499336	4.0
055358362X	2.0
0544263618	4.0
1880685345	4.0
1460901320	4.0
006180679X	2.0
0743292499	5.0
0765301679	5.0
1582979960	5.0
0465025951	4.0
1448632056	4.0
042513301X	4.0
0800634608	5.0
014311347X	3.0000000000000004
0983112428	4.0
0312377037	5.0
1469984202	4.0
0312424124	4.0
1451635524	3.0
0743272099	4.0
0743234693	2.0
0345535529	5.0
0275931153	4.0
0316014303	1.0
1250014409	5.0
0804113645	4.0
0743569539	1.0
B00H0GYRQA	2.0
0199535949	1.0
0812974387	2.0
1592173217	5.0
0062200577	4.0
0896087247	2.0
1602393702	1.0
0439023483	4.0
161374028X	5.0
0804139024	5.0
031624662X	4.0
B0090WS03I	2.0
0553382950	5.0
0060530383	5.0
0425225747	4.70457734128376
0609606220	5.0
B009JITLTK	4.0
0007217110	4.7566429886871875
0312362889	3.0
193988912X	5.0
1250035864	1.0
0345258002	4.0
1439102392	1.0
0316033707	2.0
0804115729	4.0
1583229108	3.0
0670022152	5.0
1557091056	5.0
0989895912	4.0
0316600806	1.0
1612386431	2.0
0312336853	5.0
1936719010	3.0
148952245X	4.0
0399155449	4.790986411183889
0385340559	5.0
1439133409	4.0
1591397782	1.0
0553380303	2.0
1455839906	2.0
0007149824	3.0
009917961X	5.0
1892112000	1.0
1484060644	3.0
1451606176	4.0
1612421172	3.0
0857662937	3.0
0373776721	1.0
0393348806	5.0
1580085792	5.0
047004604X	4.0
0765349604	4.0
0823014010	5.0
076115678X	4.0
1585090182	3.0
0743257596	4.0
042505974X	3.0
1580054943	4.0
031286504X	4.0
0375505245	5.0
0316069418	4.0
0525954287	3.0
