1466213035	1.0
0764221760	4.181229773462784
1414314744	4.0
0764201913	4.584815618221258
0739469339	4.748213794998626
B00DOENIX0	3.0000000000000004
1482066300	3.0
B0080YFCP6	5.0
0988973103	5.0
B00ILZ14GA	5.0
B00HTNGL9A	4.422632794457275
0553062441	5.0
B00EBQPTXM	5.0
B00H0UJCDY	3.0
B00HQJH26S	2.0
B003XRE5S0	4.0
0764205285	5.0
B0096DL9P2	4.299465240641711
B008JLF26O	5.0
B00BUV24DE	5.0
0764210866	4.679571173317451
0764206370	4.497215592680987
1426745974	4.677069199457259
0781404258	5.0
B00KC91VDE	5.0
B00LENEL1Q	5.0
1492175390	4.0
078140424X	5.0
B00AK3M57I	5.0
B00APOHOA0	5.0
1606412442	5.0
1484966287	5.0
1484188497	5.0
1617392448	4.080630213160333
B00K4EG3SK	5.0
0979600049	3.0
0192751034	5.0
0764207474	4.233820459290188
B003MGK8X8	5.0
0764208322	4.815606424686986
1600476899	5.0
B004N626FE	5.0
B00CLZ7K1Y	5.0
1419956760	5.0
0800757181	4.472313147845062
B009OMFE7Y	5.0
B009G8IQF8	5.0
1482032511	4.0
1494268744	4.999999999999999
1477663398	5.0
B00HD02Q3E	5.0
1480021598	4.0
1597893560	4.0
B008FX9D3Y	5.0
B00FY4OIY6	5.0
B006BDRRR4	3.0
B005TUBRW6	4.0
0373873697	4.853607060629316
0002007770	5.0
B008YQJEFY	4.0
B00EX5ZORC	3.0
B00DW7N55A	5.0
B00CDH5TU4	4.0
0451414691	5.0
0373774729	5.0
B00IGB0RSK	5.0
B00BVDAQHW	5.0
1480159344	5.0
1481817329	5.0
1468170546	2.0
B0085MBTVO	4.46061814556331
B00DGFXDLO	2.0
B003XRE5SA	5.0
B00GOIZO6W	1.0
B008H4WBIU	4.0
B00AK1HIEA	4.416726233023589
0373829302	4.0
B00CRUD8CI	2.0
B00I12P7Y8	4.0
B009X27RV6	5.0
B004FN27PO	4.0
B00FCNKTPQ	5.0
1601457596	5.0
B00AE01M5S	4.0
0882643487	3.0
0061257095	4.0
0987061291	5.0
1490523103	4.0
B00C1KDSSS	5.0
B007SXHZ8C	4.0
B009YK1UCE	4.999999999999999
B00ILXE8K6	5.0
0800732081	4.448367166813769
0515115266	3.0000000000000004
B00B9N1GSM	4.072603516732842
B0096PWTUO	4.0
B00847K87Q	4.298369565217391
B00KAQAI1A	3.0
0800733398	5.0
0803497237	2.0
B003YL4BPC	5.0
B00CH53QJ8	4.0
1475023456	5.0
B003XRE5NA	5.0
0976531011	5.0
B00DOFHHFO	5.0
B00BFHIJI2	3.0
0736938672	5.0
B00B04VJ32	4.586549062844543
0263899403	3.7222222222222223
B006WFRNKC	5.0
B00G6O7HXC	2.0
140168713X	5.0
B0082RWDUS	1.0
B00DCJJMUA	4.999999999999999
B00B07B99S	4.295164539959705
1477694919	3.0
B007Z3QVGW	4.0
0800759397	4.109139307897072
B00FV1H0T2	3.0
1475266227	5.0
B00GUTAQF4	5.0
1426710666	5.0
0984520104	3.0
B00GF4T98E	3.0000000000000004
0736938680	5.0
B00G2J7DXK	5.0
B004TQN0NU	5.0
B007QNPRUW	4.842040565457898
0821773836	5.0
0983526214	1.0
0979600006	5.0
1495383369	5.0
B00E0RCKQG	4.0
0373266154	5.0
0553805649	4.0
0786275197	4.0
0345487133	5.0
B00957XZFG	4.0
039508170X	5.0
B00CPQV81M	4.0
B00KDNKPL8	5.0
0615809529	4.0
B00ATRK1OY	5.0
B00ICSFA3O	5.0
147835061X	5.0
0987337211	5.0
B00ETQ1X0M	4.0
1475004958	5.0
B006CT0J0E	5.000000000000001
0545222206	5.0
B00ELJYU0M	5.0
0764227009	4.39750674720473
1489593586	4.0
1908192550	5.0
0764207881	4.520811099252935
147003655X	5.0
B00CZ6S7NO	3.984993178717599
0515131784	4.0
B00H9ZGPQM	5.0
B005EM2NXG	4.472031403336604
B008IW29AG	5.0
B00HY5KE9G	5.0
0800734211	5.0
B00IRLFD7Y	5.0
0736927328	5.0
B004SBO41S	4.0
1434767736	5.0
0800734459	5.0
B00F8PH9SI	5.0
1434799301	4.4643902439024385
0824932218	5.0
B00ADAXPSG	4.0
1453780874	3.0000000000000004
1481885065	5.0
0615821898	5.0
1467980757	5.0
B00GPDUTGG	4.0
0310308909	5.0
1449513778	3.8544246451223207
B00HLPNH84	4.0
B0078T6YHY	5.0
1484177797	4.0
B00JFYXGVC	5.0
0781448468	5.0
1481089854	5.0
071817707X	3.0
149238898X	4.0
B009N9EMBM	2.893325387365912
1937698424	5.0
1556611854	5.0
0486451429	4.0
B00AX1ZBKU	5.0
B00FULYIKC	4.0
0373442653	5.0
B009CU25WK	5.0
1402278373	5.0
B00APT8BDE	4.0
B008CVA6VC	4.0
1426707630	5.000000000000001
B00E86ENEQ	5.0
B00FWGX4P0	3.0000000000000004
B00EVSB3N0	4.088255733148019
0985723505	4.0
B00HG11FDC	4.0
B0051XZIFI	4.0
B00860MTUK	4.0
B0061YAUG8	5.0
B00G83M4IY	4.78778421756576
0395883970	4.0
B00B9HHPQU	5.0
076420839X	4.629881154499151
0800719980	5.0
B004XT6L8E	4.0
B00EXW70LS	5.0
0253211387	4.0
B00F9CHZFC	5.0
1611735270	4.0
B00AFWM30I	5.0
1497411408	5.0
B00IH3JRA6	5.0
149293402X	4.0
B008DJ646E	5.0
1105810666	3.0
B008GZ4HDM	4.070886075949367
0615618820	4.210644437319654
160260147X	5.0
B00BVOI0ME	4.0
1602600155	4.0
1936593254	4.0
B00H0P5L8O	2.0
1434705447	5.0
B0053ZGAW4	3.0
1935171941	4.0
B00AZUBUVS	5.0
B00KQ724WE	5.0
1466346671	4.0
1433524724	4.442680776014109
B00EGI4YS6	4.0
B00AJRLI7S	4.0
084234036X	4.545454545454545
B00961RMZK	5.0
B007PPJOGO	3.9668344684631327
B00HG5PBQA	3.0000000000000004
0345421396	5.0
B0058TTUFO	4.0
B005G5L1SE	4.0
B005ISCTW6	5.0
B00DGYPF4I	4.999999999999999
B00A0C9T5U	4.0
B00B8SAI3M	4.573392461197339
0800719956	5.0
0553108913	4.498710232158212
B007UC0YWA	4.0
147674355X	5.0
B00EHSUFD8	5.0
1583146075	4.0
1939337259	5.0
1492773522	5.0
0764208381	4.790247018739353
B009KN8BY0	5.0
B00AAFK75I	5.0
B00AP4LJIS	3.239469578783152
B00IC6B8KK	5.0
0764210696	5.0
054799219X	4.0
0843962844	5.0
1426707665	3.0000000000000004
B00D03489I	5.0
0764200860	5.0
0345386698	5.0
1449966128	1.0
1602902143	4.7166098136971915
B00HHTEEOK	3.558851674641148
1936560143	3.0000000000000004
B00GNNDI5W	4.0
0764205080	5.0
1411641663	2.9999999999999996
1461107334	5.0
B00IAW21NE	4.484502446982056
B003CT31VQ	4.310719131614654
0060080841	5.0
B008SNT430	5.000000000000001
1616267585	3.9335192933519294
1609360036	5.0
B00J5327X6	5.0
084233498X	5.0
0982523319	5.0
B009Y95U5S	5.0
B00J98RD4A	5.0
0668055731	5.0
0764210432	4.0
1414324332	5.0
0764205099	4.0
B00CHRM2R8	5.0
0801848083	4.0
0736937986	5.0
B004UJ2H0S	5.0
076844098X	2.0
B005OC68XW	4.565033783783783
B0084VVQD2	3.0
B00IDY3T9O	4.0
0800758471	4.8388040298992525
B004TPU7L4	5.0
0373828640	4.60210848495154
B003RWS5Q4	3.0
1468065343	4.396837944664032
0451522753	2.9999999999999996
1413703925	4.0
0615744923	4.037217020267868
1469932733	5.0
B005OMBH7Y	3.0
0764209418	5.0
B00AMLJZXK	5.0
0882660454	5.0
149098139X	4.999999999999999
1616267593	4.646229739252995
1414325460	5.0
1609619013	5.0
B00JAQX4HQ	4.0
B00DXNCP04	5.0
0764209663	3.0
B009YP7HEY	5.0
0615810594	5.0
B00AXCPZ9G	5.0
1481294156	5.0
B008E31IJ2	5.0
0451419944	5.0
1481087207	1.0
048640840X	5.0
0964425831	5.0
B00GP3HP18	5.000000000000001
B00IRLFH9S	4.0
061583891X	4.0
B00BKFHUBG	4.0
B00I8CV9PC	5.0
145552302X	5.0
B00D4B53UE	3.5013673655423885
0768437261	4.0
1612179851	5.0
B00GWRQ95K	5.0
B00FZVBYYU	4.0
0764209426	5.0
B00DRN6VQY	4.0
1602601461	5.0
0310326168	5.0
B00K5C0PDA	5.0
B009TKS6ZS	4.0
B00BTIDW4S	5.0
0764205072	4.0
0373484291	4.211248285322359
0736938613	5.0
0615752314	5.0
B00GYD4EMC	4.0
B004UK2DL0	5.0
B00DU1N7OC	5.0
0989501604	5.0
B00I6I33GG	4.0
B00D1WWGT2	2.0
0307277674	5.0
0140366822	5.0
0312378750	5.0
0764202448	3.976805319313437
1453736352	4.0
0800731573	5.0
B0017SV012	5.0
B00EY3WD6S	4.0
1477511520	4.598033189920098
B00ARL61PK	5.0
0764225561	1.0
B00EZE88SS	5.0
0915793857	5.0
1940041082	5.0
B00LQFOQRQ	5.0
B00ET7Q4OG	4.45048309178744
0764205951	4.730217737652683
0615742289	4.172043010752688
0991680456	5.0
B00J5HGX2I	4.0
0842333916	5.0
1617521361	5.0
B00DE3MQSE	4.0
B00GZCK7IW	5.0
B00CF5ONM4	3.0
0373752253	3.8623685413808864
0373829191	5.0
0800721527	5.0
1597898686	4.764547896150403
0842313079	3.0
061568940X	2.839907192575406
0764202219	4.0
0764226649	3.9729296527159392
1622082281	5.0
B00ATQ8ARK	5.0
178176882X	3.0
0983124906	5.0
1478329025	4.0
1927036380	4.0
0764226886	4.498609823911029
B00HWH2TXK	3.0
B0084BL4NY	4.0
1479225703	5.0
0671728067	5.0
B006DJSRIO	5.0
1478238232	5.0
1410402665	5.0
1490415416	5.0
B00JS6Q3D0	3.0
B0090TZA66	5.0
B00G2CXN7C	4.0
B00C0V4PPS	5.0
1494225492	4.0
0984951849	5.0
B00JSZSRVM	3.0
0891076190	4.0
1484893344	5.0
B00DHQDTTI	5.0
B00BP5DNTE	4.0
1480220159	5.0
1939203341	2.0
1433676974	5.0
B00817P4ZK	4.544899738448126
B009GK8ZPC	5.0
1480048240	3.9670710571923746
B00GB0VRZA	5.0
B00DTXYC72	5.0
B004TS8E52	5.0
B00CG8FVMQ	5.0
0312998813	5.0
0982582374	4.0
0385338600	5.0
B004KAAYD4	2.0
1490913076	4.3125
B00AMKUEOA	5.0
B007U12QZ4	5.0
0553285785	4.0
B005L4O9Z2	5.0
B00EGYAJPC	5.0
B006P5CH1O	4.480935597564882
1572420006	4.0
080075798X	4.0
B00BTK9K0G	5.0
B00AP84AMG	5.0
1470030675	5.0
0764202677	4.628748707342295
1434705943	5.0
1608610004	1.0
B00CI0DNSG	4.535609756097561
B00I7JK0FG	4.234636871508379
B00AHM9Q4M	5.0
B00ENWH3DI	5.0
1449550207	3.057363485934914
B00D06YH5U	3.6060365369340746
B007Q6XK08	3.6593927893738143
B00IK84ODI	4.0
147824738X	4.467611336032389
1455515108	5.0
B00FKBATNW	5.0
B00BLLT79W	4.0
1475191332	4.0
1448685575	5.0
1439259623	5.0
B00H2NIMB2	5.0
B00CIYH9LE	5.0
B009B3V1KA	1.0
B00CAARDV2	5.0
080073176X	4.185276679841897
B00BQDXU7A	4.0
1475038399	5.0
B00GM5WOKG	4.0
1470076888	5.0
B00I6HRHL4	5.0
185487487X	4.0
0781411017	5.0
B00IWTYWGY	4.211248285322359
0759947015	4.0
1478288892	2.5754414125200644
B008391QB2	3.0
B00CR0QO5G	3.0
1480529699	4.528421052631579
B00CEM61AK	5.0
1118007301	3.0
0842340238	4.0
B009GSWUNM	3.468555417185554
0062204408	2.9999999999999996
B00H7IM66Y	5.0
0982903391	5.0
B00B3OSKWW	5.0
0641590571	3.0000000000000004
B00CY4A5IM	4.0
B00KFDVTKM	4.0
0373827822	4.291234347048301
0615644783	3.0
0979962447	5.0
B00B8ZR41E	5.0
B00I52PNR0	5.0
0974626902	4.0
0764202626	5.0
B00BACJD1E	5.0
B005OC5QXK	3.9996396396396396
0768441455	4.0
1482710455	2.0
B00BLSRIAU	4.099160335865654
B0084L46FC	3.4006410256410255
142670237X	3.0
0987915312	2.0
B00EXZQAHK	4.0
1475169639	5.0
B007W4GBXC	4.0
1453899227	4.0
B008TUNX6Q	5.0
0976876078	5.0
B00HG5R4T2	4.999999999999999
0764202634	5.0
0963655825	4.0
1499732376	4.0
B00J9UM21C	3.0000000000000004
0985428732	5.0
1612178243	4.0
1939203139	4.416813639035862
160154457X	4.0
0764222228	4.0
076422378X	4.800238758456029
0983246424	2.0
0764209035	5.0
B009GW3K6O	2.6798143851508125
1595547851	4.0
0373244045	2.649135446685879
1602600090	4.446869070208729
B00HG1T1Z6	4.360797342192691
B00GD4CD4I	5.0
1478157178	5.0
1463760787	5.0
0764207091	5.0
B00JY2PKZU	4.0
0764209272	4.72010550996483
0099569353	5.0
0061083372	5.0
B008GZ4L1A	5.0
B007SYZ89E	3.423728813559322
B00ERLB74G	5.0
B008CG0JLE	5.0
B00457VKIA	2.7533718689788054
0615910742	5.0
B0083PN2QI	4.0
B00HG6U1H8	4.0
0615609570	5.0
0800733355	4.471873187705393
0988843803	3.0
0989050858	4.0
B0082XQCTK	4.589622641509433
1478293810	4.0
B00JTLAL4G	4.999999999999999
0979962412	5.0
0764225170	4.483976261127598
B00BQL3ID8	5.0
1490527516	5.0
1494317621	5.000000000000001
B00COCNNCE	4.0
1496078578	5.0
B00BK9X4US	5.0
B00ECN4PWA	5.0
B00G05BXCS	5.0
B00K61YCMK	4.0
B00CU1KA5C	5.0
B006I2RQT2	3.7909669947886506
B00IB5BSAC	3.0000000000000004
B00FM7HVU8	5.0
B00DUEKGHU	4.0
0373278055	5.0
B00HZNLYQO	4.0
B007URVZJ6	2.0
B008FI5GIA	4.38118811881188
B00AQ2RLPO	5.0
1479222038	4.0
1939813026	4.0
1492806862	4.0
1926997387	5.0
B00LEUEBU0	4.0
1603818316	5.0
1492725420	5.0
B00AK4SWUQ	5.0
B00CFL8CVG	5.0
B00H1T1NQS	4.0
0544264975	3.0000000000000004
B00DH0VFYU	4.999999999999999
0800733592	4.550465838509317
097266260X	3.0
1618431838	5.0
0615643825	1.0
0615790542	5.0
B00HDDM1V8	4.0
1414311656	4.0
0312965974	5.0
B00849YHMQ	3.991407799074686
143366870X	5.0
1595548505	5.0
B00I44R3RW	5.0
B008ECYD54	5.0
0781410983	5.0
B00H34ND9Q	5.0
B004TREWYA	2.0
B0060739N2	1.0
B005IH01JK	5.0
B00DULWA9K	4.0
1926997352	5.0
1466440961	5.0
B0091T62FS	4.121811785400177
1449589790	4.684630738522955
B00B3W62YM	4.0
1937178390	4.0
B00LDDGZL6	5.0
1419957465	3.0
B009MQM966	5.0
B00A6YW5X0	5.0
B00JHMNI38	5.0
0764209906	2.0
080073355X	5.0
B00H4MTGV6	5.0
1477671188	5.0
0062106201	5.0
B007EHUHSC	5.0
B00BAWQJTS	3.0000000000000004
0983291268	1.0
0439023483	5.0
0984951822	4.0
0451414705	5.0
0764227300	4.0
1557739137	5.0
1481820877	5.0
0977627802	5.0
B00KUEAQ9G	5.0
1926712358	4.0
B009HSBFYQ	1.0
0505527847	5.0
B00FE86JMG	3.7977632805219006
B0055E6U14	5.0
B00HEVP03A	4.466307277628032
B00BTRSOJ2	4.999999999999999
B009Y64T94	3.0
0989050882	4.0
0800733541	5.0
B00CK2PF3S	5.0
0963707272	4.0
B00GKR2136	4.403815580286169
0825443008	5.0
B004SQUIZO	4.619834710743802
9769548634	3.9251934651762683
0989677303	5.0
B009YAVVAU	5.0
B00BAKON8O	3.0
B0079OX28C	4.0
0800733304	4.866347177848775
B00AR3OKHE	5.0
1470180642	5.0
B00BORR1PK	4.999999999999999
B00D8QVXWC	5.0
155661327X	5.0
B00I4PEHKC	5.0
1449974430	4.069979942054824
B003XT5RV2	4.0
B00CE1WXS0	5.0
B004M8S850	4.0
0263873080	4.5038167938931295
1616265965	5.0
0857520792	4.458624127617148
B00BA6JZ9U	5.0
B005R3LZ90	5.0
B00DRF2602	5.0
0800733533	4.780212014134276
1421402793	5.0
0451220277	3.147833474936279
B00DRR9JQ4	5.0
1434897745	4.0
B005HKOPL8	2.8853305785123964
B00F03VV8M	5.0
0983915547	3.0
089190042X	5.0
0451232496	5.0
0446618241	5.0
B0084B1OUM	4.0
B00I6MYBSG	5.0
B00G156RF0	4.0
B00DKOF79C	5.0
B00BNRJAWI	3.0
B009F19JFM	2.9999999999999996
0615454224	5.0
0988670917	5.0
B00BFJY4IE	4.0
B00ANT60YS	5.0
082544215X	5.0
B007EUSLQY	1.0
1492956635	4.999999999999999
1449721850	5.0
0739450107	5.0
1452857237	4.0
0373731957	4.0
B00FBPL3K0	4.0
1935407686	5.0
B00J6NG1I2	5.0
B00A80PWSW	5.0
B00FGDKXO4	4.0
B00BO3R6K4	4.2528440366972475
B00825DJKI	5.0
B004C44556	2.787128712871287
B00FLPILIC	2.0
B0017HNV1U	3.0000000000000004
B0054QZNRA	5.0
1481821733	2.5620280474649406
B008Q7QRZG	3.518562636489974
1478306777	5.0
1938531035	4.509419152276295
1926712560	3.0
B00GY5WHEC	4.0
B003XVZLCU	4.0
B008NOY54M	5.0
B00HKN9312	2.0
B00IK7TY98	4.278256462240243
B00BO2AAOE	5.0
0451236629	5.0
0825420164	5.0
037382808X	5.0
B00H4M2QG8	4.0
0977147428	5.0
B009FEVC3Q	3.4236499068901303
B009UIGTVW	3.0
B005Q0X6C8	4.0
0345456327	5.0
B00DP8R3P4	5.0
0800730801	4.0
0373207247	4.0
0307395022	5.0
0764228285	4.0
B004SUP1XO	3.0
B00AMGBNT4	2.9999999999999996
0800734157	5.0
B00FG2R9KQ	5.0
0445206349	5.0
1426733887	5.0
1481117440	3.0
B00CATSONE	5.000000000000001
0764222724	4.0
B00FTK960G	4.999999999999999
B008A9MTCU	5.0
B00FEZ20WW	3.774066280904787
B004UWPNJM	3.1190550202051606
B00IM1TT24	5.0
B00JQWNS8E	4.0
0606132821	5.0
B00ICB72XW	5.0
054774501X	4.0
B00HNJ4N0E	4.0
B00D6SCXY4	3.749902190923317
1595548246	5.0
B00BIVYLZU	5.0
0764228277	4.7671056858336005
B004OL2J82	5.0
0615827292	5.0
0615553028	4.0
1927339162	3.0
0764207555	5.0
0764208403	5.0
0764205137	5.0
1452866422	4.0
B00BL70PMY	3.0
B0080ZWWFS	5.0
0061950726	5.0
141437934X	4.1084543125533735
0764207563	5.0
1476783284	1.0
1482524759	4.0
B00JJYH24A	5.0
B00AEKLY5Q	5.0
B009BTQJ2O	5.0
1482616319	5.0
1590583264	5.0
1941491006	5.0
B00B3MSD2G	3.0
080073436X	5.0
B00L4ULOKA	5.0
1897562853	4.595992243051066
B001BM2ZFO	4.0
B008SEHGFC	5.0
149297613X	2.0
0764209744	5.0
0615625622	4.064516129032258
0615647235	4.4724104549854795
147523144X	5.0
1481289101	5.0
144040075X	5.0
0923568964	4.0
1468195956	5.0
B00DRV2HJG	5.0
B00FQQ1A8Y	4.185790118415681
0739445286	4.0
B006GTTM58	1.0
B00BT4GDD4	5.0
B008QWL8B4	5.0
B00DU4UDEG	4.0
0764206443	3.0
1484144740	5.0
B00AV07RAK	4.0
B00ECZ6QT8	3.0
1595549145	5.0
1452103062	5.0
B00EPPVJM4	5.0
B00L7H0X5M	2.0
1935961446	3.0
B008F4R1AA	5.0
B00G7POGZW	5.0
0263877957	5.0
B00C6OOCIO	5.0
B00EY3CZJ8	4.0
038070952X	5.0
030758836X	3.0
B007QNPT8C	5.0
0345803507	5.0
0786214759	5.0
080073324X	4.806427343078246
1467946516	3.5152749490835027
B00DJC4AF2	3.945996275605214
1410442519	4.999999999999999
0758209827	5.0
0446612774	4.214524851918619
0764206427	4.483340498710232
1462111181	5.0
B00BGBBBB4	5.0
0957096003	3.0
1478295856	4.433155080213904
B00FGHYLD4	4.422303473491773
B00CFLG5NI	3.0
B00I5HXP9I	5.0
B006CC6ZTU	5.0
0982589409	4.0
B00GF5XK0Q	5.0
1470057395	4.0
B006SBRA1M	5.0
B00GVLPSAY	3.0000000000000004
B00GI28W5E	5.0
B00BSX4U04	5.0
1481882902	5.0
B00GPA0WPW	5.0
1475222548	5.0
0345456319	5.0
B00EWVIA64	4.0
B00AA4A70E	1.0
B009V2UKWQ	3.0
B009W1S37K	5.0
B00ARE0R6Q	4.0
0764205102	4.0
B005FIN9YG	5.0
B00GXUJ5SE	5.0
0764206435	4.525358851674641
B008R51O14	4.0
0345549449	5.0
0615603815	5.0
0981563619	1.0
B007VUIMN4	4.0
B00I1MRVC4	4.0
1939356075	4.0
B00FEXXFGO	4.0
B00FSOHZ9W	3.0000000000000004
1477663096	5.0
1936850168	5.0
1930367899	5.0
0615721745	5.0
0985164816	5.0
B00BMU99HM	3.0000000000000004
B00FSOTXD8	3.0
B0084B132Q	5.0
B00E3EH7FU	5.0
0764209116	4.621152216887885
1489594337	5.0
B00B5MT706	4.0
1463606656	5.0
0988191237	5.0
B00A0QYMFI	4.0
B0089HD3QY	5.0
1561488054	5.0
B00JL89VB6	4.0
0764209124	5.0
1434700097	2.0
1480054542	2.5115468409586055
B00GR31PUI	4.358446144791054
0615866018	4.0
1434702030	4.0
B00BMPAFUC	4.0
1492215651	4.448367166813769
B00H0KDPLO	5.0
0739431234	4.7734275340987145
1556114931	5.0
159811848X	4.0
147813223X	5.0
B009JWEOY8	4.0
1606416529	5.0
B00CSFDPUM	5.0
B003JTHMO6	5.0
0615654134	5.0
B0051EZBRM	5.0
B0097G7FUG	5.0
B00GLSR5V2	5.0
1880226480	5.0
B00GWF5ETE	5.0
0486431703	4.0
0764209132	5.0
B009QX0NV8	5.0
1414334095	5.0
B00C2TK2R8	3.0
080075963X	3.5842201834862384
B00DTBDSPG	5.0
1467976970	1.0
B0082R613I	5.0
B00DGXC42A	4.0
1577347870	4.334574468085107
0803494947	5.0
1484858786	2.2633683158420794
0982348401	3.0
0803491433	5.0
192073189X	1.0
1935217305	5.0
1466256931	3.0
0380781506	4.0
B00I4BNN4W	5.0
0800721918	5.0
B0046A9U9W	5.0
0764203800	5.0
B00B8L5CJO	5.0
B00BY8QIVW	4.377142857142857
B006H96RO6	3.275587062472308
B00BEZLFKY	3.0
B00HQOTGGW	2.0
1475066228	3.1537640149492794
1426752776	5.0
1463516401	5.0
B00BV0IM9E	5.0
1586607731	4.051397655545537
B00EKOCABE	4.0
159789298X	4.0
0615441866	4.557090239410681
B00BLCIJPY	4.0
1478313781	5.0
B0058VAORA	4.0
B00BPWNMD4	4.0
B00CTDOFD4	5.0
0987803735	4.0
0982715811	4.0
B00BU690X6	5.0
0764201832	5.0
1616267690	4.0
1602602875	4.5353535353535355
1937844978	5.0
0983651795	4.537872340425532
0985871512	5.0
1463782845	5.0
B00BNFOR1Y	3.0
1600476902	3.0
B007YUYWPS	5.0
0615511600	5.0
B008BK26KS	4.007633587786259
0892969032	5.0
B005PA95S8	4.0
1463709056	3.0
B00FNZ968O	5.0
0956151078	5.0
B00A0P7300	4.0
B00DDD8L6G	4.7104461566027584
0989074110	4.0
1492372080	5.0
0983571708	5.0
B008BDBL1A	5.0
B00FAYYWNC	4.0
B00FR1ER1U	5.0
1602602646	3.0
B00I7HLBC4	5.0
1434764966	5.0
B00HUGJQ98	5.0
1499134835	5.0
B00BJFI75A	2.9999999999999996
1616264195	4.0
B00GW6ND32	4.0
0985241330	4.0
B0050DEY54	4.0
0764210319	4.665385900434346
B006OJRKAE	3.0
B00IZD6PEO	4.32443820224719
B00GW4BX72	4.0
0764206060	4.0
B00E6IY6BQ	5.0
1932714073	5.0
1616260831	5.0
B008EV1C9U	5.0
B004QGYBNG	4.0
B00BZPLHJM	5.000000000000001
B009BYEGF6	5.0
B00EYMD9FI	4.0
1590170679	4.0
1556618395	4.390524726311815
0987741101	5.0
1490984798	2.0
B008ULBR76	5.0
B00ARFOGQ2	5.0
0615932916	4.999999999999999
B004E9U72E	4.0
0615782078	5.0
0373442556	4.567454545454546
B00699917E	5.0
0800757270	5.0
B00F9UOK7U	5.000000000000001
0983201609	5.000000000000001
B00AEIZSEG	4.0
B00ANWTOYS	4.0
B00GUZ195O	5.0
B006M95CT2	2.0
1603181989	5.0
1616267003	4.0
B00E8864D2	4.0
0425103285	5.0
1475116853	5.0
0425182169	4.0
1479353027	5.0
B00K6GZJ68	4.0
1469907682	4.0
B00IHRCSFS	4.0
1493552317	4.0
B00I782GBI	5.0
1475296592	1.0
0373486596	4.329338898613169
B0080AGLEQ	5.0
B00KE7ZRX4	5.0
1434704025	5.0
0373675895	4.32443820224719
B00B4FD2VO	4.0
B00HLUH7BM	5.0
0988218208	4.0
B008BOH6YK	4.0
1421848317	4.335120643431635
1452882088	4.160246533127889
B00BPJAGMC	3.0
1478312890	4.0
0615772269	4.0
B00F2404W8	4.0
B0081VXDZY	5.0
1481087576	5.0
B00C7HG9KY	2.520164609053498
0764203657	5.0
080073386X	4.0
B00A9HW1CY	3.0000000000000004
0764206923	5.0
B00IFTK8CS	5.0
0736952373	5.0
0781410487	5.0
B00LFOWQCU	5.0
B006T8G1F0	5.0
1453602968	4.0
0984492771	1.0
B00JYPJPW6	5.0
1481217747	4.83634431455898
B00J0DPVXE	5.0
B00DMQ8IJY	5.0
0263211053	2.8691910499139417
B00D2KTTHK	4.475444096133751
0989185974	4.0
0764205609	4.0
0764206931	5.0
B00J4RDKDY	5.0
B00BS0008S	4.0
B00AQKE0T6	4.0
0340863536	5.0
0764203665	4.496945010183299
B00F9BRVAC	4.0
B006MLL01E	3.0
B00COC89T6	5.0
0821766996	2.685747663551402
B00FVGRX9O	3.649417852522639
B00AUTNZ8A	3.0
B00G8YGVLO	2.0
0800721411	1.0
B00FJ3CMNG	5.0
B00629ZTOU	5.0
0979607000	4.0
B009PQ4AQU	5.0
B004SQX4G4	5.0
0941520021	4.0
1609360192	4.0
B0066HBGCM	4.999999999999999
B00EEPZHI2	5.0
0764200127	4.0
B00KFDVSJO	4.592560553633218
B00BCMLK36	5.0
0800733851	4.425070159027128
0842339558	5.0
1481032585	2.574699484831139
1491072083	3.0
B00GNB998E	5.0
B00EYDRI7W	4.0
B00EM36GU4	5.0
0800719794	5.0
B00ES5DVI6	5.0
0986842222	2.487229862475442
1414375557	2.0
0615812457	2.0
0805065296	4.0
B00J8X2SKA	4.321100917431193
1583457348	4.547660311958406
0967536812	5.0
1940492009	4.6800825593395246
0768436257	5.0
B00HPYKR4S	5.0
0764203649	4.071150855365474
B004PLMC5G	2.3285072391412878
0764206915	4.299671944087861
B00B1QCPNM	5.0
1939811104	4.0
B00A6057P2	4.0
1434764826	4.0
B00FSLF4NO	4.0
098200270X	5.0
B00C8X8Q5S	4.319641007939246
0991245504	5.0
1479258946	5.0
B00FINCXPE	5.0
0764202766	4.565217391304348
1616262168	5.0
1481904671	4.0
0800758978	4.0
0983991995	5.0
080075896X	4.6088531187122745
B00KW3LLA8	5.0
B00ASWKPLO	1.0
0984431101	4.0
B007B5FRQO	5.0
B006KH7BKE	4.0
0985164859	5.0
1481810790	4.474576271186441
B008J4IRNQ	5.0
B00BTIDOO6	5.0
B00537SQME	3.99236641221374
B003YL4LU2	5.0
1938135504	5.0
1463541848	5.0
B00AV8SY7C	5.0
B0084H346I	1.0
1414375530	4.0
1414361122	5.0
1467985430	5.0
1602478325	4.0
0595486258	5.0
1468172352	5.0
0764200119	5.0
1482507579	5.0
1482676060	4.547931382441978
1940492017	4.758543165467626
B00EGOE1A6	5.0
1467957186	4.0
B00HNV9Y5G	3.0
0764202774	4.0
B00FDKBUZQ	4.0
B00CICE2FM	5.0
B005OBMIZA	5.0
B00GPDALAA	5.0
1490407081	5.000000000000001
B00BD9AH82	5.0
B00HZNRULC	4.0
1477589031	4.0
145281709X	5.0
1490931430	3.9293979786143263
B00AYR0BVC	5.0
1939203031	4.317730496453901
B00FCWAGNC	4.0
0615778305	5.0
B00I13O3M4	2.9999999999999996
B00DU17TW8	2.0
B00IDEQW9I	5.0
B0080SA5S6	2.0
B00AM7C7GG	5.0
B00BUCJGF2	5.0
B00FFDU2NW	5.0
0984431128	4.0
B00BRORB32	5.0
B009PVI732	5.0
097367363X	4.0
B0068XJXJC	3.4025218234723567
B00B6XXDAE	5.0
0373768931	5.0
B00JJDXYEI	5.0
B00EC197UC	4.0
1479132438	5.0
1463646852	3.3570190641247835
1935416669	3.0
B00CE2H5SC	4.0
1938037170	4.0
B00FFLB6MU	4.504959422903517
1449786057	5.0
B00FOOGMOK	4.0
1609362187	3.9276248725790013
B00629U2BA	4.0
0802409539	4.0
0800757432	4.7148288973384025
192703647X	4.0
1466272937	5.0
0743464583	4.0
B00C7W5GXA	5.0
B0052LG1M8	5.0
1940492033	5.0
B00JI6MP4Q	5.0
1482678225	4.538789428815004
0764222589	5.0
B00GQYIL2I	4.0
B00FRLW38E	4.321100917431193
B00GK50H66	1.0
B00J2J3R8M	4.0
B008GSG64C	5.0
0800720741	4.999999999999999
0425189872	3.58028271112722
B00INYO7MC	4.0
B00849LL7A	4.0
086543171X	5.0
0312283423	5.0
B009Z0S1Z2	5.0
1482576988	5.0
0764212311	2.9999999999999996
B00CFLW85C	5.0
B00GCXQ19I	5.0
B00IKYR5SI	5.0
B0056HP0WA	5.0
B009TWI4O4	4.0
0891900144	5.0
1414368402	1.0
0764207857	4.0
0981964826	5.0
B00BPCGVRS	3.873684210526316
B00FTZ8JCM	5.0
B00FAHARDI	4.0
1478293934	4.0
B00DORNFAS	4.0
0764201085	5.0
B00CB2BZQS	5.0
B007SAKW9E	4.158034921574431
1481866559	5.0
B00DUEQD0E	3.4878048780487805
1492853976	4.0
0451223691	4.0
B00BV0A5SK	5.0
1484839552	4.0
1480197661	5.0
080073369X	5.0
0764209809	5.0
1497340926	5.0
0764227696	3.894323144104804
1477419497	5.0
0547807686	5.0
B00BQENF0Q	3.713546718396379
B00IAXP83S	5.0
0821775898	4.0
0764207865	4.0
B004HKIGU0	4.0
B00ALTVJ8C	3.931422722620266
0312368674	4.0
0007446306	5.0
0842302670	4.458681522748376
1595548882	5.0
B00HY3HN7E	5.0
1605292753	5.0
B00C6NCSF4	5.0
B006KDUPH4	1.0
1470005522	4.999999999999999
B00FRSX700	5.0
B00HQ8PJ9G	4.0
188868562X	5.0
1484144724	5.0
0983416877	5.0
0981964842	5.0
148267579X	5.0
B0057G5BQ0	1.0
B008H459W0	2.0
0800721225	3.0
1479151556	4.412926391382405
0824948564	4.0
B00CQBO38G	3.0
042513301X	5.0
1483942473	5.0
1616262389	4.0
B0035LC6I0	4.999999999999999
B00J16SQFU	5.0
1475199325	5.0
1935670484	3.0
B0085P68SU	3.0
0615658199	4.0
1935961144	5.0
0800732111	4.835002546257001
B006G66YTS	4.0
0451412656	5.0
B004EHZSES	4.102921646746347
1449719236	5.0
0764207849	5.0
B00HBCDG42	5.0
1439255954	4.0
B00B1YQMJM	5.0
0802405770	4.0
0981964834	5.0
0764204335	5.0
1105779629	5.0
B00DRFQRIO	4.0
1595548866	4.507135016465422
B00BT1T1ZY	5.0
1463620276	5.0
0399134395	3.0
0373039549	4.488025545502927
B00BFH98O6	4.999999999999999
0615481965	2.0
1937178285	4.0
B00BT0J8ZS	5.0
B00GZANY52	4.999999999999999
1434765083	4.0
B00G8GJFJC	4.0
1481993410	5.0
1433677539	5.0
1616265426	5.0
1453660410	3.4731923266109197
161374028X	5.0
0800734521	5.0
1463736150	4.527601809954751
B00BM51GZU	4.0
0345291999	5.0
B00J9YWGTQ	5.0
B00CFLGM2M	3.0
0803250010	5.0
B00JHL4F1S	4.0
B00FC9IZY2	5.0
0451234537	5.0
0983572240	5.0
0380776820	5.0
B00HP0EN7Y	4.0
1433677520	5.0
1475119488	4.0
B007IO7C6Q	5.0
B00BAT1SB0	4.0
B00H12XIBI	5.0
B00KQS1DJ8	3.593774319066148
0963888048	5.0
0470222751	3.0
B00BG2XWLK	4.0
1482389916	4.0
B0090MXP0Q	4.4202958949781195
B004JN0CXY	5.0
B008XQMDAS	4.0
098848711X	5.0
B005X8INKS	4.0
0800733428	4.7334247828075
1414364474	4.0
B009YLKRAO	5.0
B00CMZEEZS	5.0
1581351003	5.0
1495266990	1.0
B004UJL1BO	5.0
B00K8BXYV8	5.0
B00HFG3KUE	5.0
1470154005	4.0
B00BLCKAE2	5.0
1492276588	3.0
1423422465	5.0
1414364466	4.0
0989305325	5.0
0802405584	5.0
143476852X	5.0
0800732324	3.664879356568364
1480232068	5.0
1484872126	4.0
0764206702	4.717489367186493
1940427029	5.0
B003SHDUBI	5.0
B00ER9RIH8	4.999999999999999
B00A1CIISS	5.0
080410929X	4.0
0781405084	4.0
1479396753	5.0
B008X6TCNE	3.651558073654391
B00GEGHZI4	5.0
1616262346	4.492537313432836
097857320X	4.0
1494232308	4.411262798634812
1460995457	5.0
B00B51Y98W	5.0
148413933X	4.484182305630027
B00ASIP414	4.597423510466989
B0057QO8Q4	4.724444444444445
B00C1009YE	5.0
B00I1I1JI0	3.0
0800733401	5.000000000000001
1939403154	5.0
1463519311	5.0
1603742166	5.0
149366364X	2.9999999999999996
1578051991	5.0
1477518703	4.0
0764204777	4.303602811950791
1494253240	5.0
0345803493	5.0
B00439GLEI	4.0
B00CMU1IN4	5.0
B00EJSGFTY	4.0
0373294212	5.0
161638607X	4.205333333333334
B00GI0SUBW	4.0
B00II99IVW	4.0
B007A0BYFI	5.0
