1481874330	4.0
1615190619	5.0
0743298853	5.0
1846076439	4.0
B005HW43F4	5.0
0987856863	4.0
0984903429	5.0
0141040343	5.0
0739332449	4.0
1455878588	2.0
0843963581	5.0
1609618394	4.0
1482731533	4.0
1480074551	5.0
1482702096	5.0
1416560270	5.0
1492902144	5.0
0451211979	3.0
B00CV9I6L8	4.0
1469210711	5.0
B00EZV832M	5.0
0473261758	5.0
1493500937	3.0000000000000004
0982903359	3.0000000000000004
0060878134	2.0
0385302312	5.0
B00F9AJXYA	5.0
0307265439	5.0
0739332570	4.0
0312571224	4.0
0811868842	5.0
B00H49G0NG	5.0
1629290203	4.0
1453887660	5.0
0062105655	4.0
0385660065	5.0
0312606648	3.0000000000000004
0312996764	4.0
1490431446	5.0
1583335277	4.0
0446582069	4.0
B00FWYXDVM	5.0
1479110493	5.0
B007A4V33M	5.0
1938757076	5.0
0310704669	4.0
1939590213	5.0
B0083RL0VA	4.0
0393064921	3.0000000000000004
B00KJ5XXOG	5.0
B00ECC4BD4	4.0
B00GQOF03G	5.0
147782314X	4.0
1484835107	5.0
0143124544	4.0
B008I5123S	4.0
B00I66AA1Y	5.0
0743554434	5.0
0679644881	5.0
0061950726	5.0
0385510640	5.0
B003F3PM9S	3.0
0307393860	3.0000000000000004
1416954295	4.0
1782061614	5.0
B00IFR0SB6	5.0
1933929766	4.0
B006SBRCZQ	5.0
0062105760	5.0
B008GDT8JM	4.0
0307341542	4.0
0670024783	5.0
1442421797	5.0
B008HLH21E	4.0
037377768X	2.0
0375704132	4.0
B0018A2LJO	5.0
0061963739	5.0
1611099684	2.0
0767930509	5.0
B00AON8G54	4.679216867469879
0307263118	5.0
0307377849	3.0000000000000004
0606238409	4.0
1479148776	5.0
0615878776	5.0
0399157891	4.0
1493758810	4.0
1469215950	5.0
0061257095	4.0
B00JNBGM9K	5.0
1400316057	3.0
B00F52ZXUK	5.0
1935953494	5.0
B00GQFDSI4	5.0
1475081960	1.0
B00ITTEV68	4.0
0307341569	5.0
B00CKAKN3M	5.0
0307989828	4.0
B009B7W10U	5.0
0719556465	5.0
0446360619	5.0
0373892349	2.0
0988997479	5.0
1594260869	4.0
B00F0MS9LU	5.0
1476741182	5.0
1410440478	4.0
1619215683	5.0
184728924X	5.0
042524413X	5.0
B0088VHLPK	5.0
0399164456	4.0
B006W8QQDY	4.0
0307886263	5.0
0312150644	4.0
1479224251	5.0
0763660507	5.0
B008EGEOW2	3.0000000000000004
B004XJ6Y1S	5.0
0143142801	5.0
1492168823	5.0
1467985430	4.0
B00KMUH9EI	4.655086848635235
B00B2HFOO2	5.0
0061009059	4.0
B00DQBZLPY	5.0
B00LDV3YNA	5.0
1494270536	5.0
B00A3HTO02	3.0000000000000004
B00HCBENH6	5.0
0385536518	4.0
1925047296	5.0
1460902203	5.0
1781765928	5.0
0316011770	4.0
B00GZ6SERE	5.0
0743296745	4.0
1937041115	4.0
1480257176	5.0
0312203438	5.0
038536315X	5.0
1456391364	3.0000000000000004
0399158685	4.0
1494721961	5.0
B00BB1BITO	4.0
1400065755	5.0
0316024961	3.0000000000000004
0385483732	5.0
0307596907	2.0
030758836X	4.0
0007245823	5.0
0345528506	5.0
B00BUVI5DW	4.0
3952401528	5.0
B007UIA7BC	4.0
0007267622	3.0
1781761337	5.0
B009EHDRQY	5.0
0345534522	5.0
0061014176	5.0
0446546305	5.0
0230342213	3.0
1478267062	5.0
B00CVDM4VM	4.0
1609450647	5.0
1609289218	5.0
B00ERWVNJE	4.527716186252771
0316055433	4.999999999999999
B0064TN0KS	4.0
B00JZOIGZI	4.0
0061561045	3.0000000000000004
B00819F5V6	5.0
B00L0DABLY	5.0
1771150033	5.0
1616200774	5.0
1475005253	4.0
0985882719	5.0
B00FXGS5Y4	4.0
0061732370	3.0000000000000004
1619218135	5.0
0812984250	4.0
1490985352	2.0
0781445485	5.0
1490532137	4.526515151515151
0375501851	5.0
1594263485	5.0
1499192975	5.0
0553588974	3.0
B006OOSWRO	4.0
0385341253	4.0
157322281X	5.0
0226702707	4.0
B003FMV5ZE	5.0
B00JZKDCD8	5.0
0812977610	5.0
B004089H3Y	5.0
1250015545	4.0
0981563619	5.0
147939906X	4.0
1594263493	5.0
B00H2SVMZ0	5.0
0071401946	4.0
144237134X	5.0
B00HPBC0NM	4.0
B00IZO6JV2	5.0
0316211176	4.0
0977987655	4.0
B009QJMMPC	4.0
1478305681	4.0
0312422156	4.0
1595549978	4.0
1611098092	3.0000000000000004
B00C9KWJUI	4.0
B00DOI6HDY	3.0000000000000004
1594744769	5.0
031286860X	5.0
0399159347	4.50179211469534
B0058KRVIG	5.0
1500158119	5.0
1476717710	5.0
1483993833	4.0
076536445X	5.0
0451418433	4.0
0374332657	5.0
0843960906	3.0000000000000004
0140448950	1.0
1477808701	5.0
1451537077	4.0
0316216852	5.0
1937041034	3.0000000000000004
0307271064	4.0
1477800662	4.0
1612186009	3.0
1455510084	5.0
1482712989	5.0
0142800082	4.0
0761459804	4.0
1492857084	5.0
B006R5LUHO	4.0
B00DY1F9VM	5.0
0307352145	5.0
1935597760	5.0
0060890681	4.0
B007Y0P18K	4.0
B00FRSX700	5.0
0979720214	5.0
B00EWT4QNW	5.0
0718179048	5.0
1466239921	5.0
B009RTE1CI	4.679216867469879
B0078MLK6Q	5.0
0099448793	1.0
1906821658	2.0
1477848932	5.0
1609136799	4.0
0399254528	5.0
B00JFJOSHS	5.0
0374112576	4.0
1939769302	5.0
B007AGQGUA	5.0
1492340480	4.0
1491244658	5.0
0451192192	4.0
098730285X	3.0000000000000004
B00E5LXA8Y	4.0
0544114396	4.0
1442303093	5.0
1475103069	4.0
B00I7UE2RW	5.0
B00EGI4YS6	5.0
0393064891	3.0000000000000004
B00LFW9MR4	5.0
149540448X	5.0
B00G8Q6LN0	5.0
0062231707	3.0000000000000004
8862933193	2.0
1402780427	3.0000000000000004
B003R50AJG	4.0
0345535529	4.0
B00HBPXRTI	5.0
1482064898	4.5
1618070002	5.0
B00A81XLNO	5.0
B00BH07V54	4.0
B00C4QSB1S	4.0
1250026628	2.0
1440541892	4.0
0751550213	3.0
1594260060	5.0
1493648373	5.0
B00E6XXSQA	4.0
1477849165	5.0
B00AFE286A	4.0
1419667394	5.0
156947981X	3.0000000000000004
B00H30AGS6	5.0
0316206989	5.0
0553386638	5.0
0060723866	1.0
1484902882	5.0
0671692658	5.0
B00H7Z12U8	5.0
B00D4CF5X8	5.0
B0006Q1ULG	5.0
B00GR8DUGU	5.0
1936560143	4.0
B007XYIGR0	5.0
1594487685	2.0
0385536496	5.0
006218850X	4.0
1935597574	5.0
0385349947	5.0
1475148755	5.0
1897217404	5.0
0312562772	3.0
B006TJDJKE	5.0
0060843640	5.0
1940154006	5.0
1612430538	1.0
B00EJ6AJ9I	5.0
B00FZXFUNY	5.0
0718178122	4.373579945545016
1402266804	4.0
0739315293	5.0
0307273563	2.0
061595751X	5.0
1482393182	4.0
0747510431	2.0
0312430027	5.0
0060096195	5.0
B00H13ZY00	4.0
1592402860	4.0
0345539478	5.0
1416984488	5.0
0984903402	5.0
0615827373	5.0
0061231541	5.0
B0067A8KP4	4.0
B006RAWWF8	5.0
1781163111	5.0
0988761963	5.0
1416532706	5.0
1469960044	5.0
1611099595	4.0
B00IQ7T98I	4.0
B00ADRUR3U	5.0
0515144665	3.0000000000000004
0618646531	4.0
0060764902	4.0
0099911701	4.405247813411079
B0045OUST0	5.0
B00CQRUM62	5.0
1936493527	5.0
1489504168	4.655086848635235
0375831002	5.0
0307737500	5.0
0874778883	5.0
0446585025	4.0
0230746233	4.0
1480154539	4.0
B006ITYN6O	5.0
0307465357	1.0
B007AZ2CNQ	4.0
0373892713	4.0
B00ERCTCJM	4.0
B007R6S3RM	4.0
147746090X	5.0
1451616422	4.0
1451655789	5.0
1482620200	5.0
0374264260	5.0
0399157182	4.0
055334949X	1.0
0307360814	5.0
B007SYNELS	5.0
0316228532	5.0
0385617615	5.0
192504730X	5.0
