0545170931	3.0
B00GIVDDHW	4.0
0399154973	1.0
0312369360	4.0
0061946370	4.0
0807548081	4.0
0061474096	1.0
0765343800	5.0
0060762993	4.0
0307275930	5.0
0446532479	5.0
1250002966	3.0
0312332084	5.0
0373605099	5.0
034552795X	1.0
0312323115	2.0
0060938099	4.0
0446545783	5.0
0345465172	4.0
0553575260	5.0
0140255893	3.0
0373862105	4.0
0061246395	5.0
1932841113	5.0
0060084340	4.0
0374281394	4.0
0312316836	4.0
0758207557	3.0
1250013615	2.0
061548428X	4.0
1583144501	4.0
0977754421	4.0
015100692X	4.0
1585713694	5.0
0758215177	4.0
0743270975	5.0
1416938397	3.0
0061662550	4.0
0451184270	5.0
1400080533	5.0
1931561001	2.0
0767912950	4.0
1456566601	4.0
0099460238	5.0
0373830521	4.0
1583145826	4.0
0971979502	4.0
1584799226	5.0
037543318X	4.0
0002007770	4.25
0399234756	4.0
0312316801	4.0
1118115546	5.0
0312369379	4.0
1439137765	4.0
0061558230	5.0
1613646003	5.0
0736911367	5.0
0307266192	5.0
0975417908	4.0
193519223X	4.0
1573223158	4.0
1593090080	5.0
0375701427	3.6666666666666665
098296725X	4.0
0758220545	3.0
0312629176	4.0
B00JOQEVKQ	5.0
0061246379	3.0
0446532460	4.0
0425225879	2.0
0061257095	3.0
0439136350	5.0
1585713678	4.0
0812240103	5.0
1593090072	5.0
080507919X	4.0
0446568473	2.0
1439192561	3.0
0615360041	5.0
1575669153	4.0
1416589864	3.0
0970247273	4.0
1410440478	5.0
1416938338	4.0
0980031109	3.0
0307291146	4.0
0803735049	4.0
1439180571	4.0
031259044X	3.0
0307263983	5.0
0446696781	4.0
0718024982	3.0
0670022780	3.0
1444742779	5.0
0143115006	2.0
0399153675	4.0
0811866629	4.0
1601641621	4.0
0399246770	4.0
1601628668	4.0
0743285190	3.0
0385346972	4.0
1585713651	4.0
0764225081	3.0
158314806X	4.0
0060540222	5.0
0609608495	5.0
067102082X	3.0
0452295874	4.0
0380814854	5.0
0373830548	4.0
0316592382	5.0
0446198145	4.0
0060565543	4.0
0062224840	3.0
0982524811	4.0
0882894447	5.0
B007SOWDU6	1.0
0385736843	5.0
0312282907	3.5
0380817918	3.0
0758215142	3.0
0976144603	4.0
0312372981	2.0
1593093136	4.0
1585710598	5.0
0982967209	4.0
1601629974	3.0
0743229061	3.0
0307476898	3.0
0373862121	4.0
0061579114	4.0
0978732057	5.0
0758207530	3.0
0821228471	4.0
1604358998	4.0
0743277589	4.0
0061284645	4.0
076364756X	5.0
0375414819	5.0
1554532892	5.0
0982967217	4.0
073949015X	3.0
0373772998	3.0
0060088710	5.0
038072703X	2.0
0061662577	5.0
0373860315	5.0
141650351X	4.0
0385502958	4.0
158314272X	5.0
0399155422	2.0
1575669196	5.0
1580054161	4.0
0316010197	5.0
0761454586	5.0
0452287405	5.0
0061802549	2.5
1601628617	4.0
0312992335	5.0
097529802X	4.0
0743291026	4.0
1427797668	4.0
0140131671	3.0
0393320596	5.0
0595439365	5.0
059512870X	5.0
0689849222	4.0
0758211643	4.0
0345446011	4.0
1439154244	4.0
0394758285	3.6666666666666665
1593093195	4.0
0758212976	3.0
1608320588	1.0
0307279464	4.0
0804119961	2.0
0671042203	5.0
1479190217	2.0
0373860323	4.0
0976926180	4.0
146109111X	5.0
157566917X	5.0
B00IM1C7E6	4.0
1558324151	5.0
0736913165	3.0
0615204546	3.0
0689873794	5.0
160162994X	5.0
0060890436	4.0
0553525832	5.0
1601627300	4.0
1595753575	4.0
0061965502	4.0
0312992327	2.0
1440561265	3.0
0345452704	2.0
1451608152	4.0
1616202637	5.0
1400163439	5.0
1416503501	4.0
1455501476	3.5
B004JHYTV6	2.0
1583148019	5.0
1401341500	4.0
0312933150	3.0
0375409440	3.0
1401303242	5.0
1433524724	5.0
0060829710	3.0
075821166X	3.0
0547482477	5.0
0007343310	3.0
0312336489	5.0
1937546160	3.0
0615451306	4.0
0982158092	3.0
1889439290	1.0
0446195979	1.0
0970247222	2.0
031218008X	4.0
158571187X	4.0
044651506X	4.0
0060929995	2.0
0385344325	5.0
1419612239	3.0
0345347951	1.0
1588517012	4.0
1588167291	4.0
1499280017	4.0
1442199393	3.0
0142411523	5.0
0758211678	3.0
0758212933	4.0
0974518816	4.0
0385502915	5.0
0316608432	4.0
0399147845	4.0
0446579920	3.0
0778312941	5.0
B00731Z3ME	4.0
007148499X	5.0
0060755865	4.0
1607477009	4.0
0743492846	4.0
0446532436	4.0
0452297648	3.0
0778324923	4.0
0743260791	4.0
1616201320	3.0
0385335431	1.0
0425233421	4.0
0971958610	4.0
1451618387	5.0
0373860366	5.0
1930211910	4.0
1932841156	4.0
0758211619	4.0
043936843X	5.0
1416580638	4.0
0451169522	5.0
0974518808	4.0
0060931418	4.0
0743412656	5.0
0975298003	4.0
0553581929	5.0
0373210353	4.0
031236010X	4.0
0375702709	4.333333333333333
014314264X	5.0
0505527073	1.0
0967550521	5.0
0312610521	5.0
0152062920	2.0
0316094609	4.0
0345486919	4.0
0061915289	5.0
0375756531	3.0
0451208749	5.0
0977733556	3.0
0395940400	5.0
158314627X	4.0
0802714315	4.0
0743477146	5.0
0451407946	2.0
0195374525	3.0
0141331984	4.0
0553575287	5.0
0671040480	2.0
075821295X	5.0
0345508785	3.0
1416599258	4.0
0739450905	4.0
1400068053	5.0
0061240230	5.0
0525423893	4.0
0756981808	3.0
0971195382	4.0
146641989X	4.0
0679435549	5.0
1569803242	5.0
0446402389	5.0
1932450750	5.0
0316014508	3.0
0312863551	4.0
0743477138	4.0
0971958629	4.0
0545172780	3.0
0312341873	4.5
0060847557	4.0
0385501625	5.0
014241591X	5.0
0312867131	4.0
0307277674	3.5
B0062J11OM	4.0
0977679454	5.0
0446551554	4.0
1419673238	5.0
125002613X	3.0
1593092709	5.0
0451200047	3.0
014305872X	5.0
0976272024	5.0
0967767911	5.0
0307460452	5.0
0789743094	3.0
0373250304	3.0
0758222378	4.0
068481580X	4.0
0974298220	4.0
0452298016	4.0
0470225262	5.0
0739328735	5.0
0977495000	4.0
1477817131	3.0
0380817896	4.0
0446528307	5.0
0553561537	5.0
0060505931	5.0
0758238711	4.0
096770300X	4.0
0385347340	4.0
0002219417	5.0
0812519469	2.0
1596434465	5.0
0758200129	4.0
0446617121	4.0
0345541340	3.0
0062511343	3.0
0316221244	5.0
0976272016	4.0
0345440765	5.0
0060524235	5.0
031613399X	5.0
1482770571	4.0
0345464753	4.0
0553528947	4.0
0578050242	4.0
1460974425	5.0
006170363X	4.0
1844162362	4.0
0446551538	4.0
0758202792	3.0
0393060683	5.0
0553502352	2.0
0743597923	2.0
0671726099	4.0
0375423826	4.0
097657330X	4.0
0976573318	4.0
0030715342	4.0
0984502203	5.0
0345464761	5.0
0758222394	3.0
038078145X	5.0
0312282028	2.0
1937007081	5.0
0062032844	4.0
0609608509	5.0
0307473740	2.0
0684831090	4.0
1844162397	4.0
0374371407	5.0
0143034758	4.0
0312375271	5.0
1603742085	4.0
0761454616	4.0
0975867504	5.0
0965419002	4.0
0061240273	5.0
1400166551	5.0
0545169178	5.0
1905091117	4.0
0373831064	4.0
1585711926	4.0
0439925932	3.0
125001980X	3.0
0976598604	4.0
0805089373	5.0
1416990062	5.0
0671510053	4.0
0385336675	4.0
0152061509	5.0
1577315154	5.0
1932907513	3.0
0786809027	3.0
1601622554	4.0
1456481975	4.0
0312328052	3.0
0743228669	5.0
0974013609	3.0
0842319409	4.0
1593091419	4.0
0972462104	3.0
0345481283	5.0
0060929987	5.0
0451217756	4.0
1856696324	5.0
1933967005	4.0
0373860404	4.0
1414319703	5.0
0312304072	4.0
0451222288	5.0
0743228677	3.0
0399147799	3.0
0307594165	4.0
076792665X	3.5
0385361661	3.0
0385498454	5.0
1560851570	1.0
1451672721	4.0
0385474466	5.0
0375422528	3.0
0452296293	2.0
0399154094	3.0
0312424671	4.0
0142407577	5.0
0547898169	4.0
1467960225	1.0
0345503147	5.0
1933967013	5.0
0060731028	4.0
0373861702	4.0
0758259603	4.0
0440983568	3.0
1402243693	3.0
039332673X	4.0
0446572470	2.0
148488907X	4.0
006117100X	5.0
1902881591	5.0
0972269908	4.0
0446580090	3.0
0307587878	3.0
0140348107	5.0
0374281408	3.0
0954702336	5.0
0615212948	4.0
0557075157	4.0
0307275000	4.0
1588164934	3.0
0743250567	5.0
0758200102	3.5
1416577092	5.0
0452275350	4.0
0380793407	4.0
0060593652	3.0
0310292719	5.0
0767929721	4.0
1935756257	4.0
0345481291	5.0
0312938756	5.0
1606523600	4.0
0061964239	4.0
1935954148	5.0
0060789271	5.0
0385528787	4.0
0553563327	4.0
0976573377	3.0
B007PZ9G2Q	3.0
B00HSC0H42	4.0
0743467728	4.0
0373830580	3.0
0061373311	3.0
1583143270	4.0
0061583251	5.0
1593090129	5.0
0393059626	2.0
1416541926	5.0
0786891459	4.5
0142417718	4.0
0446195189	3.0
075821216X	3.5
1593091451	3.0
0595151051	5.0
0778326624	2.0
B00DW9PVTG	4.0
0393068579	5.0
0545003083	5.0
0373830599	4.0
0312948174	3.5
1909490016	1.0
0982073542	3.0
0740785168	5.0
1416540601	4.0
0765308517	4.0
1491267569	5.0
0312555113	5.0
0671016709	5.0
0446698539	4.0
0977951901	4.0
0385507860	3.5
0060010800	5.0
0312300506	5.0
0425227677	2.0
038076363X	4.0
0743228685	1.0
0375823891	5.0
1416553924	4.0
0156364654	4.0
0743449037	5.0
0758208936	4.0
0373785348	5.0
1581690363	3.0
0446614912	4.0
0312365063	5.0
0312316097	5.0
1593091435	4.0
0758212194	4.0
1416505253	4.0
0446195162	4.0
158270256X	5.0
1593090102	4.0
0758215223	4.0
0451235568	1.0
0373765738	4.0
044657242X	2.0
0060566922	5.0
0761461779	5.0
159635142X	4.0
1590525051	4.0
0763639915	5.0
0192835793	5.0
0545017602	5.0
0446572446	3.0
1400052467	5.0
0470008296	4.0
1455515191	4.0
0312647026	3.0
0741433974	4.0
B00418444A	3.0
0312365071	4.0
0061727660	4.0
158571108X	3.0
0615265472	4.0
141697170X	4.0
0765317443	3.0
0821228420	5.0
1401308147	4.0
0375725466	3.0
1416568182	3.0
1603742077	4.0
0595520944	4.0
0446579009	5.0
B006C75V86	4.0
1400008395	5.0
0151003084	5.0
0446199508	4.0
1456346601	4.0
0739425153	4.0
0240522168	4.0
1423145623	5.0
0545017610	5.0
B005Q0WQOC	3.0
0756405718	4.0
0615371698	4.0
0312533772	1.0
0062051989	4.0
B006FDJLBA	4.0
1585712396	5.0
0765319217	1.0
006218850X	5.0
0312591829	4.0
0786889187	4.0
0061728977	3.5
0545027896	5.0
0380725355	5.0
0316098981	5.0
1605940364	3.0
0446195146	4.0
0743564138	3.0
0743492056	4.0
0062190830	4.0
034553686X	4.0
0312336500	3.0
078521836X	3.0
0151003076	5.0
1470180642	5.0
0758234392	4.0
1442442328	4.0
B00CMXCUYC	1.0
1440423601	4.0
1595141758	5.0
0307265633	3.0
0375868704	5.0
0812973992	5.0
0553589091	3.6666666666666665
0061728969	3.0
0759530416	4.0
161194001X	1.0
0452298040	3.0
0971814864	5.0
0312319169	4.0
1585711047	4.0
0743564154	4.0
1593091478	3.0
0451211596	4.0
0758213484	4.0
0307590615	4.0
0985374217	2.0
0393081575	4.0
0385507836	5.0
1601627394	3.0
B008UC6G4O	4.0
B00JZO5CFK	5.0
0553581147	2.0
1601620764	3.0
0741405008	4.0
0373892837	4.0
0446527874	3.0
1934195553	3.0
0874808227	5.0
B00557TP8Q	5.0
0399157182	5.0
B00CTLAF62	4.0
1593090153	4.0
0312301898	5.0
0982777906	5.0
0312383789	3.0
0385342438	4.0
039915048X	5.0
159233296X	4.0
075822835X	3.0
1599830396	4.0
0964861704	5.0
006182593X	2.0
0595173489	4.0
0060515198	4.0
140194244X	4.0
006121468X	3.0
0615533671	2.0
0373860285	4.0
0307582884	2.5
0061978086	5.0
0758207433	4.0
0740781529	4.0
044653126X	4.0
1401340903	3.0
0743252160	3.0
0231129505	3.0
0440129613	3.0
0763649465	5.0
0345521080	5.0
1585712485	5.0
0974018309	3.0
0340837950	2.0
1585711152	4.0
006164837X	5.0
0312425287	5.0
0982777922	3.0
0871139855	3.0
0743244559	5.0
0373831714	5.0
B00H5GYTJ0	4.0
159309129X	5.0
0439744474	5.0
0062232509	3.0
031612558X	4.0
1599901455	5.0
0811821846	5.0
0671023179	3.0
0140274065	3.0
1439183503	4.0
0517548232	4.0
0778313298	3.0
1439199094	1.0
1890035408	3.0
0345424719	5.0
1455501514	3.0
B004G0936W	5.0
1585712450	4.0
0061732850	3.0
B005NKQRO0	3.0
0345517830	5.0
0345498194	4.0
0976249812	4.0
0451210980	5.0
0307949702	2.0
0345481305	4.0
1593091273	4.0
0615624308	4.0
0802415628	3.0
141651676X	4.0
0980204712	5.0
0306805863	4.0
0758228392	4.0
0739471740	4.0
0805088849	4.0
097558118X	3.0
1586088335	4.0
0758228376	4.0
B003K16Q3G	2.0
0755355865	4.0
044657922X	1.0
0446531251	5.0
0812969081	4.0
014029628X	2.0
B006T5HLXE	4.0
0812971396	5.0
0446679291	4.0
0980204704	4.0
044900094X	4.0
0794512852	5.0
0373860277	4.0
0425246035	2.0
0976029502	3.0
006208478X	3.0
1435713214	5.0
0060987103	5.0
0975581147	3.0
1591797705	4.0
0312681623	3.0
0446577464	4.0
0345545087	4.0
1432742221	4.0
0312273096	3.5
1585712426	4.0
0375713301	2.0
1583141324	4.0
0061170747	5.0
0971347255	4.0
0974764442	5.0
1565124723	5.0
0061340391	5.0
1601628781	4.0
B00AMNLWKW	4.0
161658274X	4.0
0060578718	3.0
1585712434	4.0
0765316102	5.0
1585711101	4.0
0380728222	5.0
0758216335	4.0
0316159786	3.0
0345477219	4.0
0312681631	3.0
B00FB2APCK	5.0
0373245947	3.0
0060897155	4.0
0312356137	3.5
0373830432	4.0
0758203039	5.0
1585713767	5.0
0977986411	4.0
0758208723	5.0
0375411690	4.0
0758238592	4.0
1585712442	4.0
B004G092O0	3.0
0060541431	3.0
006170654X	3.6666666666666665
0978783506	3.0
0061706558	4.333333333333333
031615976X	5.0
0470876603	4.0
0399132635	4.0
1416549064	4.0
0330483218	4.0
0974578304	3.0
0399157905	3.0
0967400139	5.0
0786891319	4.0
0373831773	4.0
0307914208	5.0
0743261909	4.0
0547196202	3.0
0778327019	2.0
0743244567	4.0
0307885151	1.0
031236508X	4.0
1401042856	4.0
0375411674	4.0
0373831781	3.0
1583143955	5.0
0758227000	4.0
140221118X	4.0
0060566728	4.5
0739474812	5.0
0545142997	1.0
0553563335	2.0
0425210065	2.0
0375410341	5.0
1416562036	4.5
B00D6T9SYG	2.0
043977733X	5.0
1558615814	5.0
0060011483	3.0
0345477235	4.0
0758207417	4.0
061810450X	4.0
0316159794	5.0
0615237541	4.0
1450100104	3.0
0316013935	4.0
0307387437	5.0
0316021555	3.0
1583143947	4.0
1583142614	4.0
0470416831	3.0
0425169367	1.0
1561456217	3.0
1469935708	3.0
1439168776	4.0
0975455443	4.0
075969401X	3.0
0975574809	4.0
0762772840	4.0
0446578754	4.0
0758209207	4.0
0982555059	5.0
0743202759	3.0
1594744769	5.0
0060594845	3.0
0099443635	2.5
0060829818	2.0
0974143502	4.0
0739466348	4.0
1400044162	3.0
1589820231	5.0
0758209215	2.0
0758211538	4.0
0143123629	5.0
0345472403	4.0
1601624387	4.0
0967878926	4.0
0375830995	1.0
189319616X	4.0
0446578762	3.0
B00E818O82	5.0
0062008110	5.0
0316014443	4.0
059531323X	4.0
1596436247	5.0
0375757724	4.0
0312341970	4.0
1844162400	4.0
0804165742	1.0
0307955575	4.0
0312959893	4.0
B00GY4VF2I	5.0
0743281586	4.0
098318870X	4.0
0373605145	5.0
061530706X	5.0
0977478610	5.0
1934178004	4.0
1551667304	1.0
1416562087	4.0
0765300583	5.0
0312360282	3.0
1583143920	3.0
0312992432	4.0
0525948759	4.0
0385346859	2.0
0547852835	4.0
B002Z13UO0	4.0
0743281594	4.0
0316199869	4.0
014118776X	5.0
1593093071	4.0
0062008137	4.0
1893196151	4.0
1468103415	3.0
1416542485	4.0
009946019X	4.0
0446573094	3.0
1585710679	3.0
B00K5RU1R0	4.0
0758203934	4.0
0312360290	3.0
1933720751	4.0
B00HCGMQ98	5.0
0763658383	5.0
0812567129	4.0
0615898092	5.0
0984956905	4.0
145254381X	5.0
0758212887	5.0
0312992424	4.0
0375504931	5.0
1463684347	4.0
0689852789	5.0
1416566465	5.0
B007LSHYTY	3.0
0446531227	5.0
0060838728	4.0
006056850X	4.0
0142402702	5.0
0762437189	5.0
0312538790	4.0
075820745X	4.0
0983651795	4.0
0345329139	5.0
0385734913	4.0
0380808900	4.0
0060762276	4.0
0140231900	5.0
0395353009	5.0
1591797799	3.0
1480230413	3.0
0312992416	4.0
0060959037	5.0
0758207476	4.0
0553574094	4.0
0615307043	5.0
034544874X	4.0
0140167773	4.0
1585711985	4.0
0755315790	4.0
142781340X	5.0
1475298994	5.0
1416566457	5.0
1890622567	4.0
0375757775	4.0
1423604784	4.0
0963284614	3.0
0395691311	5.0
0307741907	2.0
1585710660	5.0
1583146172	3.0
146830058X	4.0
0312349017	3.0
1416534571	5.0
1442409053	5.0
1880809249	5.0
0984388176	5.0
1442422017	4.0
0373860250	4.0
1604817194	2.0
0764200720	4.0
0373860218	5.0
0989997502	4.0
1883318122	4.0
1400048591	4.0
0975396609	3.0
160610618X	3.0
076420601X	2.0
0312314388	4.0
0446693537	5.0
1583146164	4.0
0763639214	5.0
0802412556	4.0
0399142002	5.0
0967878918	5.0
1933720727	4.0
0553574078	4.0
031219899X	5.0
0984090436	3.0
1416525602	4.0
0061354163	3.0
0312360258	3.0
0345490274	5.0
0679641041	1.0
1416533222	3.0
0007442920	3.0
0446693545	4.0
0312341997	4.0
0062032658	3.0
1400048575	5.0
0060919884	5.0
0373210450	3.0
0595430201	5.0
1442403772	5.0
0971769702	3.0
1583459510	3.0
1933563184	4.0
1601620055	4.0
0446500089	4.0
1847283993	3.0
0307264238	2.0
0380805790	4.0
1585710725	5.0
1250026261	4.0
0312331789	4.0
1416937730	4.0
1893196909	4.0
1495955877	5.0
1583146261	3.0
0451202597	2.0
1565129539	3.0
0758213301	4.0
045121322X	4.0
097478480X	4.0
0898217520	3.0
0984332502	4.0
0767912160	5.0
0142004332	3.5
0965568237	3.0
1585744972	5.0
0060392827	5.0
0345476840	4.0
1583146253	4.0
0312367740	4.0
031237402X	1.0
0060185716	3.0
1439153663	5.0
0307345696	3.0
0312380704	3.0
076145277X	5.0
0307336751	3.0
034543191X	5.0
080508925X	2.0
1579653715	5.0
1477603646	4.0
0060533072	4.0
1423103009	5.0
1583146237	4.0
0545259088	5.0
0971954917	4.0
1580892744	5.0
0547482507	5.0
0060525452	5.0
193755158X	5.0
0451209192	1.0
B00DG9E0YE	5.0
0974139416	4.0
0451213211	5.0
0758200021	5.0
0399144587	4.0
1455520640	2.0
0547581351	5.0
0312969155	5.0
1605294071	5.0
0345471172	4.0
0312861974	5.0
0385344171	4.0
0451523482	5.0
0758213336	1.0
0451217640	5.0
0786884207	4.0
0971769745	3.0
0312334850	1.5
0312427808	4.0
145288126X	4.0
030747383X	3.0
0141034262	4.0
0763658308	5.0
0307594033	3.0
067104222X	4.0
1439166951	3.0
B00FVYTS3A	4.0
1594160333	4.0
159309261X	4.0
0812981669	1.0
0984388109	4.0
0972885005	4.0
0307712508	3.0
0671034685	5.0
0312301928	4.0
0316693251	2.0
0307455173	3.0
0316377945	4.0
006000732X	4.0
0312171102	5.0
1438429185	4.0
0515136530	3.0
0767917898	3.0
1410458792	2.0
0143142801	5.0
1416589171	3.5
0061009059	2.5
0671042246	4.0
0618785914	2.0
1456546864	4.0
1564145190	4.0
0061989622	4.0
0743466306	4.0
0873375831	4.0
1435708679	3.0
0316018724	3.0
1401352154	5.0
0988401908	5.0
0062068636	2.0
1583146210	4.0
0761458085	5.0
0758211570	5.0
075821460X	4.0
0345476832	4.0
1606840797	5.0
0965568229	5.0
0767929829	2.0
0252073568	4.0
0451205634	4.0
1442413069	5.0
0446572594	3.0
0062068652	2.0
0425200701	4.0
1250016886	3.0
1583143173	4.0
0758223560	4.0
0345518284	3.0
0765328089	4.0
141658918X	4.0
0312384289	5.0
0312355742	4.0
0451239865	4.0
B004Q9TD7W	3.0
0812979362	4.0
006182500X	5.0
0800733800	5.0
009956064X	2.0
1453287361	2.0
0307455165	3.0
0316027650	5.0
1626490570	4.0
1456579789	1.0
0812979354	5.0
0062006428	5.0
1250015545	3.0
0451416147	1.0
0451213246	4.0
1573244724	5.0
0974655317	5.0
1444133012	5.0
1416986723	4.0
0758211597	4.0
0312309899	4.0
0696235110	4.0
0007299540	1.0
0974542326	3.0
0758200072	4.0
1575667576	5.0
0061958514	2.0
0740777432	4.0
0152062106	3.0
162380132X	5.0
006059537X	1.0
1601622635	4.0
0312422156	5.0
0152025162	4.0
0425101452	2.0
1593090005	4.0
0982667205	4.0
0761352554	4.0
1439117977	2.0
0312536968	3.0
0345430697	5.0
0345440013	4.0
0451222121	4.0
B00CBPJNGO	5.0
0451154452	5.0
0060652381	5.0
1601622643	4.0
0307743683	4.0
0060285966	5.0
1442430427	5.0
161194127X	4.0
037383179X	4.0
0312555237	3.0
0345453344	4.0
0061767581	5.0
0758238673	3.0
0965624781	1.0
0312942990	5.0
1417808268	4.0
0007281447	3.0
1600470831	4.0
0312536976	4.0
1593090013	4.0
0743266846	5.0
0758217757	4.0
0984259422	4.0
0307346943	4.5
1466463929	4.0
082641267X	4.0
0743278860	5.0
0385338317	1.0
0470565071	4.0
1589580206	5.0
0345498224	3.0
1893196968	4.0
0307408841	4.0
0595187161	4.0
0156031868	3.0
0307950654	1.6666666666666667
0060882034	5.0
0803734735	4.0
0979922070	4.0
B007DCCVCS	2.0
0312998538	4.0
0062135929	4.0
0615282911	4.0
0446568481	5.0
0316001929	2.0
B006C4AFSA	5.0
0312307284	4.0
0739425005	1.0
0312982186	5.0
0060505877	4.0
097878359X	4.0
0312555210	3.0
1601622627	5.0
0307743667	4.0
0312325924	4.0
B00DR5HZXK	4.0
0451212754	4.0
0575084162	3.0
1593092652	5.0
0979390508	4.0
0446699721	4.0
0451525264	5.0
0143113496	3.0
0765329301	2.0
0763656526	4.0
0345480910	4.0
1416551409	4.0
0061246360	1.0
1401302726	3.0
0982145543	4.0
0765320975	4.0
0141322217	4.0
0547385463	4.0
0199898359	4.0
0142424188	5.0
1585714216	3.0
0060839252	2.0
0898798485	3.0
1593090048	5.0
0446526681	5.0
0345487540	4.0
0679454810	3.0
0316341118	5.0
0547558139	4.0
1439158487	3.0
1579548261	4.0
0778313247	4.0
1933967781	4.0
0316038393	4.0
1416551417	2.0
0446572500	3.0
0345480902	4.0
0802459137	5.0
0758238630	3.0
075820003X	5.0
0739334670	5.0
1933523131	5.0
141658563X	4.0
0385499035	2.0
1593090056	4.0
0505527979	2.0
0199832579	4.0
1585711195	5.0
0743456912	3.0
0767913442	4.0
1435753291	4.0
0316147869	5.0
1439166099	3.0
0966618904	5.0
0393308839	4.0
0062197339	3.0
1893196925	5.0
0439755190	5.0
1583141391	4.0
1593092687	4.0
014250162X	4.0
080278853X	5.0
1593090021	5.0
1585712493	4.0
1416903542	3.0
0143112112	4.0
0446527998	5.0
044652798X	4.0
1583145737	4.0
0758238657	5.0
0316018783	4.0
0758200064	2.0
0743278836	3.0
0451203844	1.0
0375432078	2.0
043935806X	5.0
0465017193	5.0
0316084239	5.0
1893196917	4.0
0345487559	5.0
0143125427	4.0
0451527887	4.0
097262421X	4.0
0385313098	2.0
0778315339	3.0
0061547794	5.0
006001203X	4.0
0976908107	4.0
0975290711	3.0
0979561825	5.0
1896944302	5.0
1570764727	3.0
0307273512	3.0
0380810220	4.0
0971488711	3.0
075821975X	3.0
B006P5FQGC	3.0
0981473989	5.0
0553575023	4.0
158314255X	5.0
1475160038	3.0
0061284424	3.0
1420884298	4.0
1590172329	3.0
B00I3QB7YQ	5.0
1583142568	4.0
0385342322	5.0
0312577206	5.0
0547566875	3.0
B00HFCUKE2	3.0
0440918642	4.0
0425223477	3.0
0312369123	5.0
0758219776	4.0
0061583421	5.0
1416914161	5.0
0821759310	4.0
0061926531	5.0
1593092032	3.0
0553575015	5.0
0979561817	4.0
097529072X	4.0
0316346624	4.0
0763640751	3.0
0060545739	4.0
0375434283	4.0
1572841540	5.0
0312577214	1.0
0609610147	4.0
0758219784	4.0
0375411119	4.0
0345500229	4.0
0786851139	5.0
1565126807	3.0
0525479228	4.0
0439897505	4.0
0345505913	4.0
0446197068	5.0
0440228476	1.0
0553575007	3.0
0765326264	5.0
1440172420	2.0
1484995805	2.0
0981707041	5.0
0670024783	5.0
B00AQIQ7D0	4.0
031230157X	4.0
0312301588	5.0
0312383436	3.0
0758231423	3.0
0979295300	5.0
1937361004	4.0
0978594061	3.0
0452268060	2.0
0758219792	4.0
1416914188	4.0
0679776532	4.0
0061357901	4.0
0971488703	4.0
0446534889	3.5
098161700X	4.0
0446541176	5.0
1416537104	4.0
0800708199	5.0
0976806118	4.0
1250010314	4.0
0758227353	4.0
0061229628	2.0
0385496826	5.0
1449946119	2.0
1601641877	2.0
0743296079	5.0
1583143866	4.0
076243418X	1.0
0975516205	5.0
1582971021	4.0
1400046424	4.0
0451233964	1.0
0312291248	4.0
034546401X	5.0
0966650336	3.0
0307454401	5.0
0312336241	5.0
0312328605	4.0
1623801265	4.0
0976806126	4.0
0340979496	2.5
0312336225	5.0
1560259132	4.0
0740779141	5.0
0307961524	4.0
158571254X	4.0
0385536518	3.0
1419700219	4.0
0061193119	4.0
0312940491	4.0
0451239288	2.0
0446578444	3.5
1401928080	5.0
0307396045	5.0
0399246525	5.0
0786819863	5.0
0373861060	4.0
141846726X	4.0
0758219733	3.0
0345477340	3.0
0142422037	4.0
0316024961	3.0
0316159417	4.0
0615174388	4.0
1416586571	5.0
1439192316	4.0
0743266242	3.75
0307588017	3.0
0307474003	4.0
1593092075	5.0
0099710013	1.0
0312354088	5.0
0446615927	5.0
0446341916	2.0
031235407X	4.0
1455521248	2.0
1608206661	4.0
0758238029	3.0
1626490902	4.0
157322202X	4.0
0373861028	5.0
1600430414	4.0
0399152571	3.0
1118240510	5.0
0061284416	4.5
0446693499	5.0
0345350472	1.0
0982795025	3.0
031232118X	2.5
0446578460	4.0
0979045800	5.0
0743437322	5.0
0373861036	4.0
0618998519	5.0
0451211758	2.0
0316126535	5.0
0061284408	4.5
0425256383	1.5
0140132708	3.5
0764227475	4.0
0340822775	4.0
1891423029	1.0
0979805104	3.0
0345333926	1.0
0805094598	4.0
0316036919	5.0
1593092059	3.0
0312369107	3.0
0425227855	5.0
1250020565	4.0
0440228441	5.0
B0082FVQ6C	5.0
0762782536	5.0
0684864614	3.0
0979045819	3.0
097586243X	4.0
0615316921	4.0
0758208235	3.0
031234161X	2.0
0312324294	4.0
B00EUOC672	1.0
0743452909	2.0
B004183LTE	4.0
0802120660	4.0
0330419129	1.0
0316014796	4.0
0805086935	4.0
1451633335	4.0
0385513844	3.0
0375728287	2.0
0099464462	3.5
0312857055	3.0
B00H54X8GM	5.0
075821054X	4.0
0758210558	4.0
0739460927	4.0
0375867260	5.0
0151014744	4.0
0786889705	2.0
0312272995	5.0
051513287X	3.0
0316175560	4.0
1401941087	4.0
0312354959	3.0
1494899469	4.0
1585712523	4.0
0794526039	5.0
0758223870	3.0
0060009268	4.0
006000925X	5.0
0545000122	3.0
0316806501	4.0
1460999428	4.0
160162882X	4.0
1593092091	4.0
0373210116	4.0
0060837578	4.0
1585713813	3.0
1439167303	4.0
0061939897	5.0
0143121553	3.0
0970807597	4.0
0316726729	3.0
1601628838	4.0
0618680004	1.0
0312354967	4.0
0802119646	3.0
0312328621	4.0
193736108X	4.0
1601420099	5.0
1580082882	4.0
1893196275	3.0
0141015756	3.0
0312382189	5.0
0978501470	4.0
0385341059	4.0
0800730976	4.0
0060741449	3.0
0240817281	5.0
1613724217	5.0
0345480163	2.0
0141023384	5.0
0547745524	3.5
1439109400	4.0
1583146075	4.0
0143035452	5.0
1416587004	2.0
0385312520	5.0
0062073125	4.0
006056539X	5.0
1937361039	4.0
097220265X	4.0
0061472549	5.0
B0068O8MPC	4.0
0373767781	5.0
077832382X	5.0
0316033030	5.0
0385344139	4.0
1583146059	5.0
1585710768	3.0
0316126586	5.0
0060565373	4.0
0967457963	5.0
014132855X	5.0
0312375832	4.0
0758218478	4.0
1741040809	4.0
1449410243	4.0
0425018091	3.0
075823144X	3.0
1414333072	4.0
1118244044	4.0
0743448855	5.0
0307382281	5.0
0316008060	5.0
B00JH6HSQW	4.0
0060590319	5.0
0553808087	5.0
0743573641	1.0
097691171X	5.0
0399155694	4.0
0972201327	4.0
1585713805	5.0
1452652252	4.0
0061733636	4.0
0743572319	3.0
0345479122	3.0
0312972938	4.0
0375861998	5.0
0979802016	4.0
0312375840	4.0
0807548200	5.0
0312582676	3.3333333333333335
1595143378	4.0
1933967196	4.0
1442362383	4.0
006079528X	4.0
1627986251	4.0
1573442577	4.0
0385528086	5.0
0312611617	3.0
0143142410	2.5
0758208219	4.0
0758218494	3.0
097949317X	4.0
0062021877	2.0
0374266328	2.0
0380720248	4.0
0385333471	3.0
0985022426	4.0
0983712506	2.0
038097679X	4.0
038531387X	4.0
076791841X	3.0
1934937681	5.0
1893196232	4.0
0373860587	4.0
0975862413	4.0
140031514X	4.0
0451207653	4.0
037570910X	5.0
0764211986	2.0
0007172826	5.0
038552580X	2.0
0373892160	4.0
1416587047	3.0
B004UK2DL0	1.0
1937551792	5.0
0446534846	2.0
0151012113	4.0
1601620179	4.0
1585710849	4.0
0226320553	5.0
0316776963	1.0
097080752X	4.0
0800732669	5.0
0758226985	4.0
0979022266	5.0
1932300503	5.0
0765319020	1.0
1401352464	2.0
0740738593	4.0
0988622009	5.0
1626491372	4.0
0385504187	4.0
0451135431	3.0
B00472O6I4	3.0
0972086714	4.0
0373831285	4.0
0374360960	3.0
0434020842	5.0
0981854567	4.0
0373860609	4.0
0316073016	5.0
0981649521	4.0
0312352379	5.0
059536599X	4.0
075820471X	5.0
0849900417	4.0
0739490869	4.0
193396720X	4.0
0385344074	4.0
1453887660	5.0
0979022258	4.0
0743250788	4.0
B009ZL0L2M	5.0
1615661115	5.0
1599905116	4.0
0152057277	5.0
075821670X	4.0
037321006X	4.0
0312949693	4.0
0972086706	4.0
073933879X	4.0
0981854559	4.0
0446504106	5.0
0316098329	4.5
0307358666	4.0
0800733975	5.0
0060184752	5.0
0743499298	5.0
0380727757	5.0
0778323773	5.0
0385508565	4.0
1609077105	5.0
078522663X	1.0
1423102282	4.0
0373210086	4.0
1604622288	3.0
1455526061	2.0
1416551913	5.0
1410779130	5.0
0821779710	2.0
0738722782	4.0
1416567488	4.0
0316065412	5.0
0060172789	4.0
1934157031	3.0
0143123327	1.0
0515132020	2.0
0980223849	3.0
1480567981	4.0
0316073032	5.0
0979367476	4.0
1592402003	3.5
B00GEH65F2	5.0
0763646849	5.0
1575663694	4.0
0758216726	4.0
0982108907	4.0
0821767747	1.0
0743247183	4.0
0684869403	3.0
0525953493	4.0
0061953385	5.0
B00DAI2Z6Q	4.0
0758208278	3.0
1933967250	3.0
0800759702	4.0
1442107537	4.0
031242440X	5.0
031609966X	1.0
0743571991	5.0
0615205143	3.0
1401023525	3.0
039914840X	3.0
1601621469	4.0
1933060115	5.0
0142422959	4.0
1593091656	4.0
1432738402	5.0
0553354116	5.0
0446562009	3.0
0800719654	4.0
1593090323	4.0
0060927569	5.0
0140154078	3.0
1400033918	5.0
0984561609	4.0
0060731257	3.0
B00GUNB9RO	5.0
0547892624	4.0
0446572225	3.0
0547231849	5.0
0446388297	4.0
B005FDDFAE	4.0
1585710814	5.0
1466219173	5.0
0976238381	5.0
1593090331	4.0
0316969443	3.0
0375870865	4.0
0062311077	5.0
0684825821	4.0
0446697087	4.0
044653174X	5.0
0767914015	5.0
031236430X	4.0
015206396X	4.666666666666667
B0043M6L6S	3.0
0007267622	2.0
1401309658	4.0
0385510837	5.0
1416551948	5.0
B0026RIJHQ	3.0
0393059014	4.0
0373860617	4.0
1593090307	4.0
1478291842	4.0
0767902025	4.0
0451204670	5.0
1601830009	4.0
0451229932	3.0
161775031X	3.0
0312641508	1.0
0778325512	3.0
0553589709	3.0
1416551956	3.0
1402288794	3.0
1601621450	4.0
0312352352	5.0
076533027X	4.0
1495461424	5.0
0062110586	5.0
0977865509	4.0
159309163X	5.0
0979022274	5.0
0060833203	4.0
0307268969	5.0
0553584014	3.0
0316086371	3.0
0141188936	5.0
0758225628	3.0
0307266303	4.0
1599751801	4.0
B005KKUVX6	3.0
0758242190	4.0
0758212321	4.0
0977712001	4.0
0979746205	4.0
0307387127	2.0
0385488440	4.0
0830745181	3.0
0307879496	5.0
0758203462	4.0
B005CA39PG	5.0
1583143025	4.0
0312428812	5.0
1250019699	5.0
0312944810	4.0
0615186467	4.0
098002501X	5.0
1593090366	4.0
0982528248	4.0
0684862883	3.0
0974613606	4.0
0758219806	4.0
1596915838	4.0
144240339X	5.0
031299866X	5.0
0143117505	2.0
0307388468	3.0
0399148442	5.0
1439149445	4.0
077831488X	4.0
0743297474	4.0
1615812261	5.0
0307387135	2.0
0345369068	3.0
0684873532	4.0
0062088149	4.0
1416963960	4.333333333333333
0988047217	4.0
0375434305	5.0
0312367465	4.0
1401940544	4.0
0061478741	5.0
0312614780	5.0
1403377774	3.0
1615813586	5.0
0736911537	5.0
1593090374	5.0
0312380429	5.0
0143034901	4.5
1583143009	4.0
1440158045	5.0
0525948082	5.0
0061688401	3.0
0316736090	5.0
098168470X	4.0
0979388309	3.0
1439101493	3.0
1400054877	5.0
1583145664	4.0
1413309127	4.0
0446511277	5.0
074348620X	3.0
0375865403	5.0
0312587538	1.0
0312534884	3.0
0981588301	3.0
0375434313	5.0
0312323859	3.0
1416936343	4.0
1423104064	3.0
1453869859	4.0
1432734024	4.0
0312537913	4.0
0618683070	5.0
0394800915	5.0
1575668513	5.0
1604360100	3.0
1601629370	3.0
1433514370	3.0
077832687X	3.0
0345505999	4.0
0312272057	5.0
1453805869	4.0
0786805331	4.0
0825305683	4.0
1416537074	1.0
0312291191	5.0
0758228775	4.0
0140230270	1.0
160162140X	4.0
1583145656	4.0
0743296168	5.0
074329615X	4.0
0393058530	4.0
0967895944	3.0
0758206526	4.0
0794421741	5.0
1416936351	3.0
1593090358	4.0
159309034X	4.0
0312289723	3.0
0061756350	4.0
037383120X	4.0
037353471X	4.0
0575073160	1.0
0671689762	2.0
078600276X	4.0
0439023483	4.666666666666667
0061238619	5.0
0316042781	4.0
0373831234	4.0
B0091RV9GM	4.0
1416561331	4.0
0307264556	5.0
0525948066	4.0
141658661X	5.0
1591026415	3.0
0786891254	4.0
0061214655	4.0
0060549327	5.0
1585713007	4.0
0758212372	4.0
0449001571	4.0
0385338260	1.0
1416587950	3.0
0545436796	5.0
0312368747	5.0
0446695297	5.0
1600430481	4.0
0061726559	5.0
0803734808	4.0
0307387178	3.0
1849050236	3.0
0805089950	5.0
0439023491	4.0
0393070212	5.0
043920352X	3.0
0385343612	5.0
0684868164	5.0
B007R6KYG0	4.0
0316033820	5.0
1416540407	4.0
0743296109	5.0
0312368755	4.0
1593092113	3.0
0764228870	5.0
0060549319	5.0
0758216742	5.0
0814340156	5.0
0972028005	3.0
143912678X	4.0
0345477405	4.0
0373836945	1.0
0800732685	4.0
0393070204	2.0
1596911425	5.0
0553382179	4.0
1423151283	5.0
0758203446	5.0
0316083275	5.0
1934157066	3.0
0393058565	5.0
0764228854	4.0
075822740X	4.0
0312368763	4.0
0399159126	2.0
0989117375	4.0
B00COU1A7G	4.0
0767921151	4.0
1416585311	2.0
1601628005	5.0
1593090382	4.0
0520242343	3.0
0385338244	5.0
067168972X	4.0
1419700278	4.0
0142196932	3.0
160043049X	4.0
0446612928	5.0
0800732677	4.0
0312614799	4.0
0062119796	4.0
0812577515	3.0
045122681X	4.0
1934157074	4.0
0373785542	4.0
0307462889	3.0
0974657212	5.0
0312426232	5.0
1601629346	4.0
1423104099	5.0
0140436073	5.0
0316228532	3.5
0803731795	5.0
0375760474	5.0
1593090390	4.0
B008WDTBOI	5.0
0446699640	3.0
0758216769	5.0
1553063945	4.0
1439101434	4.0
0671479903	4.0
0060529598	5.0
1933285591	5.0
0375506519	5.0
0803211481	4.0
1600430554	4.0
1583142452	4.0
0195159217	5.0
0517583259	5.0
0316164941	5.0
0671753819	5.0
0932592007	5.0
0688163866	3.5
0609609017	4.0
0974363642	4.0
0451212940	4.0
1601629435	4.0
0595402348	4.0
B00KP2KBC0	4.0
1593093233	3.0
039308700X	4.0
0316735736	5.0
0061985848	5.0
0971580723	5.0
051513628X	4.0
1585711381	5.0
1560259213	3.0
1596436085	3.0
0670858471	5.0
0385523386	4.0
1600430562	3.0
0811868729	4.0
0385732554	2.0
0743464842	2.0
1583142444	4.0
0974694223	5.0
0062060554	4.0
0140244883	2.0
0393081702	2.0
1413309844	4.0
0525951792	1.0
0451414101	4.0
055358183X	5.0
0800794214	5.0
B00ANYKKLM	3.0
0385740166	4.0
0312951299	5.0
0061087114	3.0
1583143769	4.0
B00AJ68TVW	3.0
158348521X	5.0
1615814051	4.0
B004CLYEQ4	3.0
0615296971	4.0
0981497810	5.0
1599830175	4.0
0974363669	3.0
1593090188	5.0
159309017X	5.0
1585711365	4.0
097461369X	4.0
0679752471	3.0
0758231318	1.0
0316003956	5.0
0544027701	2.0
0061087122	3.0
141167314X	3.0
0143122916	5.0
0679444327	5.0
0312361300	4.0
1600430589	4.0
1583143750	4.0
0557082323	3.0
0679735909	4.0
1601629419	5.0
0451215192	5.0
1599830183	5.0
0982263805	3.0
0061136646	4.0
0312864329	5.0
0345476190	4.0
042520264X	4.0
0061087130	4.0
0061235369	3.0
0843957352	2.0
037383196X	4.0
0312324316	3.0
0977880486	4.0
1424198518	5.0
1416950583	2.0
0977880419	5.0
0471752681	5.0
0739449648	4.0
0373831994	3.0
0345477464	2.0
031242941X	3.0
1449985602	4.0
0307265803	3.0
1582345325	3.0
0615228828	3.0
0765319853	2.0
0865715076	3.0
0974363685	4.0
0061779768	5.0
0785218890	4.0
B003Y74HVY	3.0
0451239164	3.0
030727828X	1.0
0375424148	3.0
1585711349	4.0
038536315X	5.0
0974363677	4.0
0385511361	5.0
1601629400	5.0
1601548370	4.0
0345494814	5.0
0977412660	4.0
1480439703	3.0
B00DRFN4QC	4.0
0140231730	4.0
0971583803	4.0
0140120831	5.0
039915681X	2.0
0972594124	3.0
0307388514	2.0
0812995139	5.0
0982328680	4.0
075822060X	3.0
1439148988	3.0
0345448928	2.0
1600430538	4.0
0970084900	4.0
160043052X	4.0
0312202911	4.0
0975306693	3.0
0375757589	2.0
1419682857	4.0
0743437209	1.0
0143037145	2.0
0345391780	4.0
0375506500	5.0
0977880435	4.0
0060564784	3.0
0312422822	5.0
0374126879	5.0
0848731735	5.0
0758220626	4.0
0547417713	3.0
0812967933	4.0
B00KB4V28E	4.0
0805072225	5.0
0688163858	5.0
1585711330	3.0
0743289684	5.0
0446578592	5.0
0967054249	4.0
0811873293	5.0
015205300X	4.0
0312975228	4.0
0373830688	4.0
1623802482	4.0
1592281249	5.0
0767930266	5.0
0470189592	5.0
0688171478	5.0
061521116X	5.0
1553691369	4.0
1582434085	5.0
0373860439	4.0
1416971483	3.0
0976660105	3.0
0452289947	4.0
0380974215	4.0
0425232484	2.0
193769853X	1.0
0758217064	4.0
0140187103	4.0
0975306669	4.0
031623012X	5.0
0984553177	5.0
1449584640	4.0
0446510963	1.0
1573225851	5.0
0976234947	4.0
1933967048	4.0
1556591489	4.0
0373210264	3.0
193396703X	4.0
0979265606	4.0
0385484992	4.0
1416971491	3.0
1615817158	5.0
0451215133	4.0
1937551857	5.0
1439155208	3.0
1585711306	4.0
0140189785	5.0
0312348371	4.0
0615617867	2.0
0451239121	3.0
0312991355	4.0
0979285208	2.0
0061284394	3.75
0060892501	3.5
0803734042	4.0
0975306677	4.0
0316098256	3.0
0385509006	5.0
0684865009	5.0
0812967984	2.5
0762424923	3.0
0373860412	4.0
0345475704	4.0
0060099526	5.0
0671027379	4.0
0345518519	4.0
0439472261	5.0
1416580506	3.0
0975306650	4.0
0020519001	5.0
0812977300	3.0
0975306642	4.0
0972749810	4.0
1565124901	3.0
1411621913	5.0
0062114867	4.0
0141326085	4.0
0061161640	3.0
061512111X	2.0
0671875280	4.0
1581808836	4.0
0976234955	3.0
0802126057	3.0
1401303366	3.0
037321023X	4.0
0984698906	4.0
0060535423	5.0
0679783571	4.0
0307278271	5.0
1440721726	3.0
0020425651	5.0
1563899809	4.0
1600430503	3.0
0385511337	5.0
0132230852	4.0
0802468349	5.0
0375842713	5.0
0913391190	4.0
B0078FXAWA	4.0
0061712612	4.0
0553278746	3.0
0156011123	5.0
0439023513	3.0
0312365748	3.0
0425269779	2.0
0615777759	4.0
0316154741	4.0
1566893119	3.0
1937551873	5.0
0446576778	3.0
0981505902	5.0
0446579807	1.0
0615738141	4.0
1594031444	5.0
0446694649	3.0
1416599142	4.0
097945560X	4.0
0767926145	1.0
0375859551	4.0
0312428189	3.0
0743412761	3.0
006144295X	2.5
0312361319	4.0
0976234971	4.0
0812967992	3.5
B00AXTNY9W	4.0
0972932577	4.0
0143143859	3.0
0399154248	2.0
055358975X	2.0
073584013X	5.0
1601628943	4.0
0981514871	4.0
0143038419	3.0
076792746X	4.0
B007EW6EQ6	4.0
1599830116	3.0
0385528191	3.0
0615545866	2.0
0975306634	4.0
0061915130	5.0
0765311046	5.0
1601628951	4.0
193423091X	3.0
0987921738	4.0
0312272839	5.0
0974631507	4.0
0982022123	5.0
080248087X	4.0
0385525931	5.0
045141411X	1.0
B007BSPKYA	2.0
1416978933	3.0
0312328796	4.0
045121515X	3.0
0758229038	4.0
0312387962	3.0
1940026032	3.0
0140435549	5.0
0764209779	4.0
0974363626	3.0
1400069246	2.0
0967883261	4.0
0099911701	3.0
0373892055	3.0
0979022207	3.0
0312987293	4.0
0375758828	5.0
0759648387	4.0
1439108005	1.0
031234838X	3.0
1440509867	2.0
0743245253	4.0
031232877X	4.0
0545046513	5.0
0060194995	5.0
0312359020	3.0
1601628927	4.0
0976234998	5.0
0373861796	5.0
0373830610	4.0
0895260573	3.0
1583141936	3.0
097436360X	5.0
0385344007	3.0
0345457005	5.0
0974363618	3.0
0451216482	5.0
0764209787	3.0
0061547816	5.0
188643333X	5.0
097474980X	4.0
0743456335	3.0
0316735760	5.0
0553593803	4.0
0373830602	4.0
0345803922	5.0
0975306618	4.0
0974631523	3.0
0446533637	5.0
0545042143	3.0
097530660X	4.0
0345331222	5.0
0312365705	5.0
0440244633	3.0
0972932526	5.0
0800732782	4.0
0375758097	4.0
0060287977	4.0
1118615956	4.0
1585710962	4.0
0979493129	5.0
0978606604	4.0
0615169163	3.0
0778312984	2.0
0307461661	5.0
1934249467	4.0
0446531820	4.0
1583140719	4.0
0778323633	4.0
0307587533	4.0
0385336322	3.0
0061906220	5.0
0970880820	4.0
0470052058	5.0
1601622007	3.0
1934947008	3.0
0307949060	3.0
031232619X	3.0
0972932534	4.0
B0034KYZWW	2.0
0758200242	5.0
1416580557	4.0
B00FO6Q6R6	5.0
0061450545	3.0
0679725768	4.0
0399154167	2.0
0767927443	5.0
0807068969	5.0
1934230847	3.0
1601623305	4.0
B00EFPNV1G	4.0
0768424038	5.0
0767916751	3.5
0689822278	5.0
0758200250	5.0
0140178139	4.0
0142419400	5.0
140031321X	3.0
1585710946	4.0
0739374532	5.0
0312598955	3.0
0060594667	3.5
1478180021	5.0
0373766548	5.0
0979493145	4.0
0312368844	4.0
0758212232	4.0
0743491459	4.0
1438951515	5.0
0446527793	4.5
0977623505	4.0
0375728228	3.0
0767919831	5.0
0312305265	4.0
0977259706	4.0
0743228731	3.0
1400041627	5.0
1608325857	3.0
0060558121	5.0
1934230863	4.0
0307336522	4.0
098374842X	3.0
1583144293	4.0
0385506031	5.0
0312318561	5.0
0312368852	5.0
0812977378	5.0
0312305257	4.0
0740797646	5.0
0425212955	5.0
1606840576	3.0
1594861633	5.0
1416971440	5.0
B00IA8S9CK	5.0
0373764790	4.0
0981648363	4.0
0970625707	4.0
0316013269	1.0
0451234383	4.0
1400106656	4.0
193423088X	4.0
0060892498	3.5
006089248X	2.0
1932100083	4.0
0451216547	4.0
B003YUCBTG	4.0
0547744943	3.0
0976234904	4.0
097980471X	3.0
1585710938	4.0
0739499998	4.0
0373771096	3.0
0553593072	5.0
0399157239	1.0
0671035770	5.0
1400082196	4.0
1627982620	4.0
0974971286	4.0
1593090218	5.0
0974631590	4.0
0143035304	4.0
037386051X	5.0
159309020X	5.0
0312573685	3.5
0978789962	4.0
0143120395	3.0
0758202865	5.0
1442403470	4.0
0060755334	4.0
0976046601	3.0
0786838922	4.0
1933967110	5.0
0141012692	3.5
0767916794	3.0
0312360088	4.0
0758210493	4.0
0380790025	4.0
1413309046	4.0
0060589280	2.0
0061957844	4.0
0312573693	3.5
0758225512	4.0
0061829609	4.0
0307267520	3.0
0758222475	3.0
0978789938	4.0
074348309X	4.0
0743260015	5.0
0007189885	4.0
0786838930	4.0
1933967102	3.0
0312642717	3.5
0312982305	5.0
0977664902	3.0
0758212208	5.0
0060536799	4.0
1601621574	3.0
1604991437	5.0
0312360096	3.0
0972932518	4.0
B00AUA3UNE	5.0
0451229819	2.0
1416911790	5.0
0060734434	3.5
158571318X	3.0
0425266745	5.0
0758213530	4.0
141653167X	3.5
1250003326	1.0
0971195307	4.0
0385336357	1.0
0821768913	2.0
0446529540	5.0
0425183092	1.0
141657168X	2.0
0143116304	5.0
0743288408	4.0
0743442547	4.0
0743296036	3.0
0312428936	2.0
1583144234	4.0
0956483569	3.0
0002242052	5.0
0758212291	4.0
1583144242	5.0
1558219730	5.0
1593090242	3.0
0743454529	3.0
0743483081	4.0
1439138672	4.0
1585425516	5.0
034548648X	3.0
0316122351	5.0
0399151974	5.0
0345445961	4.0
1575668653	5.0
074322616X	5.0
0312863063	4.0
0060505656	5.0
1882792939	4.0
0764209809	4.0
0451163508	2.0
0595278140	5.0
0974971243	5.0
047012413X	5.0
1118104579	4.0
0982666586	2.0
0151015163	4.0
1439187606	1.0
0758216661	4.0
0884198324	5.0
1593090250	4.0
1585713171	4.0
B00IPK61IM	1.0
B004U6LSF6	4.0
158314420X	4.0
0312557647	3.0
075820468X	5.0
0345477561	3.0
1583144218	4.0
1603420762	4.0
0062024035	3.0
0062208284	5.0
1592401422	2.0
1442475110	3.0
0778324109	4.0
1601628161	4.0
0374527075	5.0
0345534557	3.0
0981532659	4.0
0316185906	5.0
0373895194	5.0
0978789903	4.0
0345477553	5.0
0060572493	4.0
0375862269	4.0
0765318415	5.0
0595207863	3.0
0976895900	4.0
0307263991	2.5
084392800X	5.0
B00I7C5CEC	4.0
0786818514	3.0
0307276414	1.0
1575668629	5.0
B006IEQP9W	4.0
0446696455	3.0
0312998767	3.0
006058310X	5.0
0761365672	4.0
0075536668	5.0
0967474507	5.0
0848734815	3.0
0156032937	5.0
0226071529	3.0
0312986777	3.5
0515136379	2.0
1601628145	4.0
0758213581	4.0
0767913698	5.0
0763636746	5.0
0312354231	4.0
0312626681	3.0
0971230994	3.0
0316203343	5.0
1571744843	2.0
0978760204	5.0
0312993064	4.0
0812995201	3.0
0062024027	4.0
0345513657	2.0
1601628153	3.0
0425115801	5.0
1601629486	4.0
054742485X	5.0
1442125241	4.0
1416553835	4.0
B00AMOOHB2	4.0
1599830914	4.0
038533947X	2.0
0615853846	3.0
0758200293	4.0
0451222334	4.0
0316016357	5.0
0373764731	4.0
0307265749	5.0
1601629451	3.0
1627980024	5.0
1578564506	4.0
B00AMQIBNK	4.0
0307406865	2.0
0345486471	4.0
014023828X	4.0
0345533283	3.0
0373831129	4.0
0425224074	2.0
1416552529	5.0
0800732790	4.0
1401302998	5.0
0758238894	4.0
0985621214	4.0
0345477510	4.0
0982403534	2.0
0451235657	2.0
0385499256	5.0
0451210379	4.0
0758212283	4.0
1593090277	3.0
0860683419	5.0
0446199613	4.0
1849058059	3.0
098004250X	4.0
1551439271	4.0
1453706011	2.0
1442346493	3.0
0679756868	5.0
B00HDYISJ6	5.0
0595245986	4.0
0060852550	5.0
0975285122	4.0
145043276X	3.0
0340765445	1.0
0976192705	5.0
0316099074	3.0
0805093079	3.0
0758263244	4.0
0316001635	3.0
0345528816	4.0
0553590421	3.0
0061715174	5.0
1585710172	4.0
0805073469	5.0
097710043X	5.0
0345494970	5.0
0974750131	3.0
0061719544	3.0
1600430201	4.0
0373861257	4.0
0976174022	5.0
1416599630	4.0
0975285130	4.0
0062130870	4.0
1934166529	4.0
0692000399	1.0
0375757449	5.0
097181743X	4.0
0758216025	4.0
0061733830	4.0
1451675364	5.0
0971702101	5.0
0974257222	5.0
0307476464	3.0
1605293326	3.0
0981639046	4.0
0982754701	2.0
0974767808	5.0
1615819843	4.0
0525950583	2.0
0385525214	4.0
0345468694	3.0
1599900483	3.0
1561582298	5.0
1844162710	5.0
0345446429	3.5
0525948244	3.0
0375403736	5.0
0312946856	5.0
0977376109	4.0
1414301200	4.0
0316710571	5.0
0971817413	4.0
1601629532	4.0
1416583297	1.0
0743290119	3.0
0061227617	4.0
0758217366	4.0
0141027592	1.0
0345442016	4.0
0312358253	5.0
1402270038	5.0
0812977823	3.0
0195067142	4.0
0547315813	5.0
0545178436	4.0
0977608700	4.0
0670022365	4.0
1438919018	5.0
1468085387	4.0
1416978860	5.0
0375757430	4.0
0615225888	4.0
0615290086	3.0
0385341695	4.0
1600430228	4.0
160043021X	4.0
0571294197	3.0
0972480404	4.0
0060784776	5.0
1589581024	5.0
1604940123	2.0
0615268102	4.0
0061374229	4.0
B00EANAGSE	4.0
0971817421	3.0
1593093586	4.0
1414301219	5.0
B00JHOR29C	4.0
1419691473	5.0
0446563188	2.0
146352210X	3.0
1442423641	5.0
0307341569	5.0
0312556934	3.0
0553582844	5.0
0786157933	5.0
1932841563	4.0
0385730284	5.0
1442402709	5.0
0971702128	4.0
034547757X	3.0
0385511477	4.0
0345468627	3.0
0060575328	5.0
0449911594	4.0
1452072345	4.0
0974257273	4.0
019514824X	4.0
0805086722	2.0
0966474007	5.0
0801893968	2.0
0140058893	3.5
147500382X	3.0
0758238231	3.0
068806082X	5.0
0971702144	4.0
B00EYULDXK	4.0
1469217554	5.0
0758214286	4.0
1440150885	3.0
037386129X	4.0
1573441066	4.0
0451207033	5.0
0739463829	5.0
075821863X	4.0
0767921429	5.0
0312360525	4.0
1587470411	4.0
039915583X	3.0
0975285106	4.0
0399151486	5.0
0345455339	5.0
0312989989	5.0
158571142X	4.0
0763648442	4.0
0316055433	2.0
1888018879	4.0
0312368488	5.0
B00BW92WB8	4.0
0062071130	4.0
0345494903	5.0
0307749584	4.0
1593092288	4.0
1592405266	2.0
0743470117	2.0
145166463X	2.0
0684860007	5.0
0373861273	4.0
0736927328	5.0
0446584908	3.0
1566565707	2.0
0061663417	5.0
1844162745	4.0
0786807679	5.0
0802722334	4.0
0316009571	4.0
0312987315	3.0
0345494911	4.0
0446578223	4.0
0972385002	4.0
1595827986	5.0
0451168615	4.0
031256015X	3.0
0758217331	3.0
0345501748	5.0
0615379915	4.0
0399142533	3.0
044990928X	4.0
0312326653	3.0
0099451743	3.0
0142415529	5.0
0758231628	4.0
1600604439	5.0
0446195502	4.0
1595143173	3.0
0385503806	3.0
0425192024	2.0
1585712744	4.0
037376975X	5.0
0972277188	3.0
0786868678	3.5
0061938343	5.0
1402236972	3.0
0615412165	4.0
1605296449	5.0
0312937970	4.0
006051261X	4.0
1601622082	4.0
0975509268	4.0
0758207158	4.0
B008ALVV8Q	3.0
0316129429	3.0
1470146371	4.0
055358765X	2.0
0684863197	2.0
0373285485	4.0
0060652926	5.0
1416534261	4.0
0977093662	4.0
0974767891	4.0
0375867023	4.0
1601622090	4.0
0976593300	4.0
023070932X	3.0
0316089699	5.0
1414337205	3.0
0758234783	3.0
1601622058	4.0
098209969X	4.0
0615618820	3.0
0316105422	4.0
0743202414	3.0
0316013684	5.0
1583141863	4.0
158571271X	4.0
0143038702	3.6666666666666665
054537099X	4.0
0446576476	3.0
0979792878	4.0
0767929357	4.0
0451229215	4.0
0983108900	5.0
1565129237	5.0
B00L19CQPG	5.0
0446531537	4.0
1448643503	4.0
0061441554	3.0
1601622066	4.0
0739318985	4.0
0060557559	5.0
0345517318	1.5
1585712736	5.0
0743290186	4.0
0758225822	4.0
1597775894	3.0
B005LHMPIW	3.0
1930709536	4.0
0977837777	4.0
0758207182	4.0
0316099007	5.0
097456382X	4.0
0143117297	2.0
0373861206	3.0
0758210752	5.0
0312594410	2.0
0399144331	4.0
0553294091	3.0
0978975200	4.0
1593091818	4.0
0140185003	4.0
1489583599	3.0
B00I0UWJEW	4.0
1583942505	5.0
044617811X	5.0
0547251289	5.0
0988369516	3.0
0985297026	3.0
0451211936	5.0
0007205236	5.0
0312583753	1.0
0671534513	4.0
0446577758	2.0
0307956350	2.0
156512619X	2.0
B00G1X9G1Y	4.0
0778328066	1.0
0763640565	5.0
0312277164	5.0
1439165351	2.0
0972277153	4.0
0385512724	4.0
0062217208	3.5
0307713547	4.0
0763629308	5.0
0061778702	5.0
0345481674	5.0
0974226947	3.0
0312674112	4.0
0553294075	4.0
1601623348	3.0
0380818841	5.0
1585424099	2.0
0446577766	3.0
055359172X	3.0
B003NSBP32	4.0
1893196488	4.0
0974563803	3.0
0972277129	3.0
0385518048	4.0
0679416803	4.0
0767905385	4.0
0545123283	5.0
0465017614	5.0
1439204659	4.0
0060872985	1.0
0312570465	4.0
1468161660	5.0
0312315120	4.0
0803734131	5.0
0312348037	5.0
0974226912	5.0
B005OGJM4A	4.0
0452278902	5.0
1493611232	5.0
0547394608	4.0
0060731435	4.0
0312324081	5.0
0758209797	4.0
0979792827	4.0
1601622023	4.0
0061963313	4.0
0977093603	3.0
0553102575	5.0
0345494997	4.0
1930681437	3.0
0312351666	3.0
1400034299	5.0
0525947760	4.0
0446178136	4.0
B00JIUQOLW	4.0
1934230820	4.0
0060652950	5.0
0316059862	5.0
1623808502	5.0
0312336055	5.0
0553590413	1.0
1935661906	4.0
0609605844	4.0
1575667851	4.0
0743470974	5.0
0595274501	4.0
0970590318	4.0
0758200595	5.0
097059030X	5.0
0545123267	4.0
1416958304	4.0
0976708205	3.0
0373860838	5.0
0373830181	4.0
1593090528	4.0
159309051X	5.0
1886388172	5.0
1593091850	5.0
014200202X	3.0
0141004924	3.0
0060984309	3.0
0140177396	3.0
1416535519	4.0
1583141928	4.0
0062257390	4.0
0758212577	4.0
1599830825	4.0
044658228X	4.0
0380813041	4.0
0547411634	4.0
1936070901	4.0
0062223127	2.0
0767915550	4.0
0399257047	5.0
0689851944	4.0
1593303130	4.0
0354045946	4.0
0451211170	4.0
0385351836	2.0
1886913080	4.0
0978927605	5.0
1400049202	5.0
1931336040	5.0
1599952580	4.0
0312286872	4.0
0684822598	3.0
0802854141	4.0
0978639626	4.0
0684814994	3.0
031620384X	5.0
1593091834	4.0
0970590334	4.0
0758202318	5.0
0312364121	4.0
1413312128	4.0
0758212593	4.0
0451196716	3.0
0061928127	1.0
0312252617	3.0
0805092528	4.0
0060934034	4.0
014023313X	4.0
030745195X	4.0
1591792525	5.0
B005FM7W36	5.0
0375843892	5.0
1626490252	4.0
193349512X	3.0
1586482696	5.0
1933495138	3.0
0451212479	2.0
0857685848	5.0
0972945504	5.0
038081305X	5.0
0743500598	4.0
0061974072	5.0
0875428940	4.0
193582502X	4.0
0976942615	5.0
0312306261	4.0
0312936559	4.0
0679418601	5.0
1622414330	4.0
0312944187	5.0
1606416553	5.0
0140071075	5.0
0763660981	5.0
1470076888	3.0
0062248472	5.0
B004183NM4	3.0
1420877275	4.0
0156031566	3.0
1592407900	1.5
097295001X	4.0
0373775571	2.0
1593090560	4.0
097026996X	4.0
0758211201	4.0
0345505336	5.0
0060582553	3.0
0345521307	4.0
1599830868	5.0
159983085X	4.0
0345450558	5.0
037377687X	2.0
0451214242	3.0
0595478530	5.0
1578151317	2.0
1573221716	5.0
006227032X	2.0
1931832862	3.0
1593090579	4.0
0977624706	4.0
0312340168	5.0
0805093842	5.0
0307955893	5.0
0307383415	4.0
B0083MO1DO	5.0
0758211228	5.0
0062190423	4.0
0373285477	4.0
0743264738	3.0
0553583395	2.0
0452285127	5.0
0743423720	5.0
1593090544	4.0
1413781691	4.0
0743297628	4.0
B005MKZP5S	3.0
0060515732	5.0
0758212550	5.0
0800719875	3.0
B00JTGZLFA	5.0
1400043972	2.0
0312300972	4.0
1939023106	3.0
031257357X	2.0
0553818171	3.5
1413778038	5.0
0140434968	5.0
1401310893	4.0
1583144129	5.0
076422378X	4.0
0399157581	3.0
006149190X	3.0
0062514873	5.0
0312671148	3.0
0767915569	4.0
044024434X	1.0
0385336233	5.0
0312941919	4.0
0446527483	4.0
0140238107	4.0
1416905855	3.0
1410784312	4.0
1489569251	4.0
1593155530	5.0
B00DOPMQ1E	4.0
1600430279	4.0
0966760905	4.0
1401300626	5.0
160641836X	3.0
0758238320	4.0
0061351520	4.0
0312987307	4.0
B005CX8RGE	4.0
074344289X	4.0
0312989970	5.0
1585713287	3.0
0399159347	5.0
B005SFRJ6K	3.0
0385492707	5.0
0843954698	5.0
0758214359	4.0
0615402801	4.0
0060526483	4.0
0312949022	4.0
061541706X	4.0
0976325608	4.0
0373830114	4.0
0758202385	3.0
1590072316	2.0
0857208675	2.0
0446609110	3.0
0974691356	5.0
1594486433	4.0
159309230X	3.0
075824195X	4.0
0967054222	3.0
193756567X	2.0
1604991771	5.0
1593092318	3.0
1592403514	5.0
0316084778	5.0
1439184461	4.0
1583144110	3.0
1416583300	4.5
1439163537	2.0
0373534507	5.0
0767911105	5.0
1416949437	3.0
0373831439	4.0
0451223101	4.0
0312606923	5.0
0307877094	2.0
1933372958	4.0
0736914803	5.0
0312382847	4.0
156512569X	2.0
1600430295	4.0
1434381048	5.0
0345532023	5.0
0758238347	4.0
0786703857	3.0
0821772473	3.0
0988272903	1.0
0385529651	3.0
1583141065	4.0
0451187849	5.0
B005RR2UI6	3.0
1601621647	4.0
0307271072	3.0
0375507590	5.0
0671040839	5.0
1416912177	2.0
0751541184	4.0
0966763157	4.0
0758213042	3.0
0316075841	5.0
0964763575	5.0
0312360606	5.0
0739470140	4.0
1585713260	4.0
1400067944	5.0
0345532015	4.0
031299091X	4.0
0553100874	3.0
1608207781	4.0
0764229974	5.0
0307461351	5.0
0767907078	3.0
0984321306	4.0
0689830165	5.0
0312367252	5.0
0609610430	4.0
0758217412	4.0
0061433012	5.0
0140368140	5.0
0340920246	3.0
0312318286	4.0
1585713279	4.0
031620126X	1.0
0449911683	5.0
0964763567	5.0
1401341179	3.0
1551664852	1.0
0553386751	2.0
0767921364	5.0
1583146733	4.0
1585713244	5.0
0964763591	4.0
1434799387	5.0
0743246926	2.0
0425220613	3.0
0738710547	5.0
0977624773	4.0
0470289716	2.0
0977100413	3.0
037550883X	3.0
0195169115	5.0
0142420921	4.0
0312352174	2.0
B008P92G8C	4.0
0812993144	2.0
055310084X	4.0
074145131X	4.0
1612185878	2.0
B00AR3OKHE	2.0
1477808620	2.0
0765309408	4.0
0373785763	3.0
1593091028	4.0
1416562419	5.0
0615381499	3.0
0977624781	3.0
0373830149	4.0
0758214324	4.0
1612000762	3.0
1560255846	4.0
B00AMOODZM	4.0
1585713252	3.0
1451554109	4.0
1593092350	5.0
0385492723	3.5
0615159060	4.0
0978637801	4.0
1630220833	2.0
0373776837	3.0
1402240104	1.0
1583142355	4.0
055338676X	5.0
0553386778	4.0
0060852577	5.0
0786710101	5.0
1449401198	5.0
B008QZAACO	4.0
1593092326	4.0
144244276X	4.0
0977624757	4.0
0977251519	3.0
0451233344	3.0
1453749055	5.0
0758214332	4.0
0811879542	5.0
1881524442	3.0
0375831002	5.0
0312997523	5.0
0978927613	5.0
0143116851	1.0
1250021707	3.0
B00KIZ6IPS	4.0
0684845288	5.0
1596985062	2.0
0689859848	4.0
097635540X	3.0
068483765X	1.0
031609983X	1.0
0156028794	2.0
0312531583	4.0
0758202369	4.0
0143124463	4.0
0061992763	4.0
0758214340	4.0
0385513283	4.0
0385505663	4.0
1416982884	4.0
B002DR45P4	4.0
1593091001	4.0
0977100421	3.0
1477817581	5.0
0312265972	5.0
0451213769	4.0
0977624765	4.0
1583143548	3.0
157322216X	4.0
0143143646	1.0
0061468525	4.0
1573225207	5.0
0312576463	4.0
0312426119	5.0
1583142215	4.0
0451218493	3.5
0977413705	3.0
1601629672	4.0
0979282349	4.0
1585713325	5.0
0142001740	4.0
031299284X	3.0
0553576232	3.0
0982463006	3.0
1416549498	2.0
1576880362	4.0
1600430325	4.0
0811828034	5.0
1583144862	4.0
1433677164	4.0
160264229X	4.0
1421527723	4.0
0684818426	5.0
0743255674	5.0
0765312182	2.0
0142196991	1.0
1585713333	5.0
0316603287	4.0
1585712000	4.0
1583144870	4.0
0761459774	4.0
0979123763	5.0
0976096102	4.0
0061468509	4.0
0972458603	5.0
034552893X	2.0
0743451759	5.0
0061244082	5.0
1439152802	2.0
0399256660	5.0
1600430333	4.0
0062024671	1.0
044669441X	4.0
0764223801	4.0
0385340230	2.0
0743554434	4.0
1423121317	4.0
162634051X	3.0
0979282365	4.0
0786129131	4.0
0375508961	4.0
1442445963	5.0
1609050622	5.0
1593154933	4.0
1935097164	3.0
0312992831	4.0
0316198935	2.0
1401323111	5.0
0060555653	4.0
0547519745	5.0
0451218469	5.0
B004R96TBY	2.0
0385340249	1.0
0373861117	3.0
0767909895	4.0
1463691092	3.0
0312551371	4.5
1494471280	1.0
1596917032	1.0
1433678470	1.0
0758218591	5.0
0425100650	5.0
0743292642	5.0
1585713309	4.0
0345478126	3.0
1601629664	4.0
0763652601	5.0
1416587764	4.0
0440174643	4.5
0375508953	5.0
0060564598	5.0
006088732X	4.0
0786014482	4.0
1593154941	2.0
1583144838	4.0
0977443566	4.0
0767913981	4.0
0451239393	3.0
B00EOWVX56	4.0
0446548502	3.0
0312326793	5.0
158314482X	3.0
0671028448	5.0
0976981300	5.0
0547247982	4.0
0143142356	3.0
0739480286	4.0
1416564209	4.0
1585711586	5.0
1492109568	4.0
1599213648	4.0
0316925195	2.0
0984531106	3.0
0345523288	4.0
0446693154	5.0
0060540591	4.0
0060797304	4.0
0758206542	4.0
0446525871	5.0
0312316518	5.0
0385502648	4.0
0312599137	2.0
037543190X	5.0
1932841431	5.0
1477403787	4.0
0778327493	5.0
0932870961	3.0
0373767277	4.0
0778326160	4.0
0316011770	3.0
1604359943	4.0
055338483X	4.0
1451608624	4.0
0452282209	5.0
0061239542	5.0
1416989412	4.0
0553384848	5.0
074345703X	5.0
0143142372	3.6666666666666665
0843945559	1.0
1577781074	5.0
1442423749	4.0
0393065030	2.0
0446693162	4.0
0743222784	4.0
0982301324	3.0
1565122550	5.0
1439170665	4.0
0974702587	3.0
0312333080	4.0
0805087966	5.0
1403324913	5.0
0813120454	5.0
038551462X	5.0
B00JS2FJTI	4.0
1583144811	4.0
1931561354	5.0
0967224934	3.0
0307593967	3.0
031615931X	5.0
0982301316	5.0
0451231449	5.0
0758231512	4.0
0312179405	5.0
0446541087	4.0
0374161860	5.0
0595443907	5.0
0007410956	5.0
0425133516	4.0
0758207891	4.0
B00512QG14	4.0
1608208958	5.0
0743255690	4.0
0316056634	5.0
0312649916	4.0
1600430309	4.0
0140435387	5.0
1601629621	4.0
0671028421	5.0
0312333064	5.0
B005CT2534	3.0
1442423765	4.0
075821720X	4.0
0974702560	4.0
0312868065	5.0
0312274823	2.0
160162218X	3.0
0451214056	4.0
076420162X	4.0
0446530336	5.0
0375843841	5.0
1585712868	4.0
0143122789	5.0
0800730402	4.0
0316077569	2.0
0743233492	3.0
0982690908	4.0
158571285X	3.0
0316013587	4.0
1889732265	5.0
097943050X	4.0
1423157370	4.0
0312537018	4.0
0451232712	4.0
0449215040	3.0
0399143793	1.0
1579124577	5.0
0758213700	4.0
0739448919	4.0
0061128856	4.5
1107609178	3.0
0857201360	2.5
0345384369	4.0
0345508483	4.0
0312369093	3.0
0385342047	3.0
1596435399	5.0
1578591422	5.0
0425201503	4.0
1601438761	5.0
0978924614	2.0
1583147063	5.0
1434341178	4.0
0375870547	4.0
0743410394	5.0
0195329430	4.0
1601830017	3.5
0446679674	4.0
0758210698	5.0
0066209730	5.0
0345475941	2.0
1442422491	5.0
0312547285	4.0
0515131229	5.0
B00772MY3K	4.0
0373837437	2.0
1583941363	5.0
1440423245	3.0
0316017922	5.0
097962942X	5.0
0789748355	5.0
097663130X	3.0
0972370013	5.0
146995575X	5.0
0446178063	3.0
0399134824	3.0
1595143068	4.0
0974070505	5.0
1933967269	3.0
0970465203	4.0
0375504524	5.0
0595404383	3.0
1601830041	2.0
0446530328	5.0
034545197X	4.0
0316826200	4.0
075825556X	4.0
B006KYQ1WQ	3.0
0743422384	4.0
1889732257	5.0
1402260520	5.0
B00CHTJK58	4.0
1469984202	4.0
0758246633	4.0
1440310351	5.0
0393239497	4.0
0553276328	1.0
1409243001	3.0
0385523556	3.0
0393060160	2.0
1416569979	5.0
0764208225	5.0
0373768508	3.0
0743256182	5.0
0312943008	4.0
1416939156	3.0
0974070521	4.0
0778329259	3.0
0758208324	4.0
1601627858	3.0
037377611X	4.0
014312272X	2.0
0375868275	4.0
1602860823	3.0
1456566059	3.0
0062114689	4.0
0345454197	3.0
1936559021	4.0
1475000847	4.0
1593091702	3.0
0974690902	4.0
0312945655	5.0
1585712841	4.0
038548562X	5.0
0830723730	5.0
1559210249	5.0
0984912908	3.0
0439404371	5.0
0142300926	5.0
0974702501	4.0
0981562701	4.0
0758210655	5.0
0758209665	4.0
0374192170	5.0
0972084606	5.0
0786836903	5.0
0385296479	5.0
0316068675	4.0
0345499077	5.0
0553287893	5.0
1461198518	4.0
1400316138	4.0
0060519134	5.0
1583147012	4.0
0310205719	4.0
0971843619	4.0
0061288500	5.0
0385342063	4.0
0615260373	4.0
0758208340	4.0
076531780X	4.0
1589822471	4.0
0974839205	4.0
0312283709	1.0
1573221694	5.0
0312383355	3.0
0385532458	5.0
097470251X	3.0
0743247205	4.0
0312152337	5.0
0974702528	4.0
054503342X	4.0
B004T3IUFG	5.0
1410419592	4.0
0425202852	4.0
0758234619	1.0
0446528056	5.0
0971843600	4.0
0672335972	5.0
1594868549	3.0
0803476027	4.0
0824941446	5.0
0979895219	3.0
1601623569	4.0
1592333028	4.0
0974242306	4.0
0373860714	3.0
0970499523	4.0
0807032778	2.0
0767915682	5.0
1400042704	5.0
0765331268	4.0
1929642121	5.0
1594931747	5.0
0804170703	5.0
0143123238	3.5
B009L5B874	3.0
0758291280	2.0
0743214331	5.0
0525947965	5.0
0971974985	4.0
0312286767	4.0
B005JEDRE8	4.0
0312541910	2.0
0970897006	4.0
0312150601	5.0
0061689246	5.0
0758212453	4.0
1411682335	4.0
0553273221	4.0
0767915674	3.0
0062074040	3.0
0143035509	2.0
0312426925	1.0
0778314936	1.0
0385337418	4.0
1601627939	4.0
0883782634	4.0
1554537495	5.0
0061094110	2.0
1593091745	4.0
B0051UA9KA	3.0
0803735650	4.0
0307393771	4.0
0312939744	4.0
0385333064	2.0
0743583884	4.0
031232197X	3.0
0375858830	4.0
1439158908	3.0
0981744702	4.0
0060090553	4.0
0595136842	4.0
0738863947	5.0
067179938X	5.0
0971056641	4.0
0971819157	3.0
0739454854	4.0
0758228821	5.0
0802144012	1.0
0061452955	5.0
0373830084	4.0
0684814870	4.0
0312594356	4.0
0553582143	3.0
0373285558	4.0
0152066098	2.0
0399133453	5.0
0743214358	3.0
1401322700	4.0
0064472078	4.0
1616492082	3.0
0345484010	4.0
0761462589	5.0
0743249895	5.0
0805092404	5.0
0151008221	3.0
B00DE2R5HC	5.0
0373534450	5.0
1593155484	2.0
1416542086	4.0
0393035158	1.0
B002WEPG42	4.0
1593091729	4.0
1583144048	4.0
1402207476	4.0
1451635486	2.0
0061451614	5.0
0758228813	4.0
034548665X	4.0
1620611279	5.0
1442457031	5.0
061559851X	4.0
0313381240	5.0
0385298293	2.0
0380817306	3.0
B007Q4DC4O	5.0
0385524927	4.0
0451456688	4.0
1593155476	4.0
060631640X	1.0
1416521674	5.0
0399150854	4.0
1933967374	5.0
0373860757	4.0
0978786203	5.0
0970380380	4.0
0727868446	4.0
0385495056	5.0
0061724882	4.0
0375404007	5.0
1494444410	5.0
0743571878	4.0
1592404758	4.0
034538430X	5.0
1416578048	4.0
B006MONL36	4.0
1606840339	5.0
074347743X	4.0
042513525X	4.0
0446581046	3.0
1439152780	3.0
0758259999	4.0
0373285566	4.0
0373860765	4.0
0316036137	3.0
B008NX656E	4.0
0061829838	3.0
0061350974	3.0
1250040132	4.0
0345459008	5.0
0307710319	4.5
1615813829	5.0
0972400389	4.0
099145703X	5.0
0385177216	3.0
0451155335	4.0
1439152772	4.0
0061161357	4.0
0761461248	5.0
0446582387	4.0
0345496884	4.0
0393081060	2.0
0805075062	4.0
044650534X	5.0
0373860730	5.0
B00G8U22XY	4.0
0553109359	5.0
1583146679	4.0
0970380364	3.0
1466352620	3.0
1416964053	3.0
0375423508	1.0
0595440096	5.0
1934230677	3.0
0547223080	4.0
1583145354	4.0
0060890096	3.0
0977843602	4.0
0399150838	3.0
0306821559	5.0
0452286581	5.0
0970499515	5.0
0375423516	1.0
0312604254	4.0
0345496892	4.0
1433501783	3.0
0970380372	4.0
0451223039	1.0
0152063846	3.0
1933512865	5.0
0758201796	2.0
158314532X	4.0
1935661981	1.0
034552277X	2.0
144243614X	5.0
1416578056	4.0
0062132466	4.0
1591969123	5.0
0743298829	5.0
0595248179	3.0
193396734X	3.0
086543171X	4.0
0446178098	4.0
0061624772	2.0
044617808X	4.0
0062240617	4.0
1479243086	5.0
0312866321	5.0
1416550518	5.0
0199782245	5.0
0312281919	4.0
1416938656	5.0
0979403804	5.0
1416939989	5.0
097038033X	3.0
1585712078	4.0
158571206X	5.0
0312367333	3.0
0060540672	5.0
1595142517	3.0
1608195228	3.0
160819521X	3.0
0375506365	3.0
0970711905	4.0
158005143X	4.0
1609102681	4.0
1556614446	5.0
1613720874	5.0
1601621795	3.0
1891601237	4.0
0452284821	5.0
0060760958	3.0
1583145311	4.0
0979238218	4.0
0062026488	4.0
006103097X	2.0
0985410000	4.0
096746014X	3.0
0060540664	5.0
1416990321	4.0
159309048X	4.0
0976927705	5.0
1416545182	3.5
0380727463	2.0
B004UMH05M	2.0
0689843372	4.0
0821257242	5.0
0761373039	4.0
0679443746	4.0
0395861373	2.0
B004TSCNN6	3.0
1627980229	4.0
0143145444	1.5
014242899X	3.6666666666666665
0425157474	3.0
0345326490	5.0
0689865597	4.0
031604461X	3.0
0226505308	5.0
0971702195	4.0
1583146628	4.0
0758238215	4.0
0312983034	5.0
0789742268	5.0
0312332688	5.0
1601621779	4.0
0976927721	3.0
1416912045	5.0
1881524353	5.0
1593090471	4.0
0061030961	4.0
0871403595	4.0
0312360738	4.0
031286633X	5.0
0762448210	3.0
0375841180	5.0
0985728604	5.0
0956798004	5.0
0345803221	3.0
0312949111	4.0
0373830025	4.0
0976102501	4.0
1592333907	4.0
0307272222	4.0
0979122503	4.0
0758203543	5.0
B00G3T4E5Y	4.0
0312983026	4.0
0982099606	4.0
0970380305	3.0
0786851759	5.0
0026009102	5.0
1456574485	3.0
0970312202	4.0
0061792101	5.0
0380727412	5.0
0099525062	2.0
0978611306	3.0
1602862567	5.0
0373831366	5.0
1583147934	4.0
1600430368	4.0
1450754791	4.0
0385537328	4.0
0385340222	2.0
0979253802	4.0
0758247109	5.0
0747598002	2.0
0451233212	5.0
0439837081	3.0
1583143580	4.0
1416542949	5.0
0446582301	4.0
0966044754	5.0
0061443123	3.0
0066212502	5.0
0312333102	4.0
1555836585	1.0
1600430376	4.0
0142800376	2.0
1583147926	4.0
0312949138	5.0
0971869413	5.0
0976740400	5.0
0758228864	4.0
160342718X	2.0
0395924952	5.0
0307273571	1.0
0767903641	4.0
1561588482	4.0
0967300320	5.0
0312302878	4.0
0440237300	1.0
0812971000	4.0
0062293974	4.0
1627980261	5.0
097621640X	5.0
0547330774	2.0
0312301545	5.0
1463740441	4.0
080596049X	5.0
0440224012	4.0
0425239306	3.0
0312381611	3.0
006125309X	4.0
0446582328	3.0
0758281005	4.0
1585712019	5.0
0758206607	4.0
0385516436	4.0
1442445939	5.0
1400061091	5.0
068485712X	5.0
0312364296	4.0
0739463764	5.0
0307360814	4.0
0385336195	4.0
B00LEVJ9QK	4.0
1612181376	4.0
0380723085	2.0
034089668X	4.0
0345528921	2.0
0805091920	3.0
1933926228	5.0
0374281149	4.0
031253275X	3.0
0316370711	5.0
0312532768	3.0
0758229577	5.0
B003U2RVDY	4.0
0974805165	3.0
0345493877	3.0
0141040343	4.0
1583144757	4.0
0545106125	5.0
0425248305	2.0
1416967931	3.0
1444727338	3.0
0380718332	2.0
1400066476	2.0
1400098068	2.0
0978796721	3.0
0230623182	4.0
1403394733	4.0
1601620500	4.0
1583143416	5.0
B00FVOTR8Q	4.0
0758229569	3.0
1416595031	5.0
0971201978	4.0
0800718801	3.0
0758216270	4.0
0743482387	3.0
0385660065	5.0
1402766513	3.0
0060584084	2.0
0060722282	5.0
0312359330	4.0
0393326063	5.0
0425194833	4.0
0399149384	5.0
0395838088	5.0
0312348649	3.0
1932841385	4.0
0738730734	3.0
0156013487	1.0
0758208650	4.0
0312349971	5.0
0385517831	2.5
0553272918	4.0
0345493850	5.0
1413310508	4.0
B00931GZ24	3.0
0810984253	5.0
0373831609	4.0
1585713422	4.0
1611248655	4.0
1416549153	3.5
0373860145	5.0
0976933551	4.0
0312359349	4.0
0971358257	4.0
0446386898	1.5
0451217497	4.0
0758207336	3.0
0983436614	2.0
0974805130	5.0
037386146X	4.0
1601628447	5.0
1935407244	2.0
1583141693	5.0
1493758810	4.0
1896944760	5.0
031230241X	4.0
0525947167	5.0
0446529060	3.0
0385513488	4.0
0525953833	3.0
0970851715	3.0
159309115X	4.0
0451220250	4.0
0375414614	5.0
0061804096	4.0
0312323344	3.5
0984518452	4.0
0743235517	5.0
1416950222	3.0
0743597222	5.0
0764227025	5.0
1601629745	4.0
1577947967	3.0
0425263908	3.0
0316602051	5.0
074345605X	4.0
1742208185	4.0
0786714328	4.0
0425228738	3.0
1601629753	3.0
0764227033	4.0
0312978626	5.0
0982363303	3.0
097693356X	4.0
0312303785	1.0
0965658406	4.0
0345467531	5.0
0595162029	4.0
1426309309	5.0
0553806742	5.0
1563893126	5.0
1451512155	4.0
1622341139	4.0
0743235525	4.0
0312986246	4.0
0764227017	4.0
076115406X	5.0
0393052095	5.0
1451676891	1.0
0151001049	5.0
1601629761	4.0
0975402609	4.0
0711231893	3.0
0316001821	3.6666666666666665
0312382529	5.0
1463518293	4.0
1933538562	4.0
0451219244	3.0
0385376111	2.0
0684854805	4.0
0971358206	2.0
0739488074	4.0
0425263924	4.0
1601625367	3.0
0140012486	3.0
0975402617	4.0
0385733577	3.0
0451188454	2.0
158246393X	4.0
0971943303	5.0
0767921666	4.0
031298622X	4.0
0764227009	3.0
0061170844	5.0
0312986238	4.0
0758218893	4.0
0062049801	3.5
0553385607	3.0
0385480016	5.0
1585711683	4.0
0739458213	5.0
0977181200	4.0
0979372445	4.0
0140261907	5.0
0976118106	4.0
1844162990	4.0
0439269709	4.0
0316010782	1.0
1435243862	5.0
0767924703	5.0
0785229213	5.0
0330493108	5.0
0758208626	4.0
0307740994	4.0
B0088UZN9C	4.0
0312348665	3.0
0761456562	4.0
1481247816	2.0
0525950761	3.0
1475211783	5.0
0976600749	3.0
0970819137	4.0
0743235509	4.0
0786815043	5.0
1416537546	5.0
0195037944	4.0
0971358222	3.0
0451167538	5.0
0758212739	1.0
0373861400	4.0
0440201845	5.0
0373766017	5.0
0446520659	4.0
0743537599	4.0
0061735868	3.0
141653752X	5.0
1416940057	5.0
1439228809	4.0
0312331827	4.0
1416983104	5.0
0345483669	4.0
0976600714	4.0
1841957852	4.0
1583142967	4.0
0099244721	2.0
0758207395	4.0
097669641X	4.0
0547020287	5.0
0385263481	4.0
1439183813	3.0
0307943232	3.0
0553211951	4.0
B00FQK16DO	4.0
0758219377	4.0
1453639195	4.0
0374322171	4.0
0061020397	5.0
1463774087	5.0
0440157587	4.0
0446614254	4.0
0970819110	4.0
030788743X	4.0
0061935085	5.0
0739478672	4.0
0743470311	5.0
1604739770	5.0
0345528204	4.0
045121305X	4.0
1439107238	4.0
0143170090	2.3
0758200773	5.0
0763641685	4.0
0979975751	3.0
0345456068	4.0
1470191148	5.0
0380804883	4.0
0312375417	4.0
1416983120	5.0
0758219385	4.0
1118073428	4.0
0451225090	3.0
0446401269	2.0
1742208169	4.0
0061537934	4.0
B00EMHHYL0	4.0
0345447123	5.0
0970819102	3.0
0307272605	3.0
1416558934	1.0
0743470303	4.0
0553374915	2.0
0062231707	3.0
1594483507	5.0
0061778915	4.0
0452286301	5.0
074359679X	5.0
1476734615	2.0
1416525521	3.0
0062064657	5.0
145161022X	3.0
0765360551	5.0
0312375425	3.0
097480200X	4.0
0758246994	3.0
0375509089	5.0
0380815524	3.0
0979337208	4.0
0446527289	5.0
0615141900	4.0
0976600706	4.0
0578005816	5.0
0060936045	4.0
0895263998	5.0
1583142932	4.0
0312359357	4.0
0307700003	5.0
0399156550	5.0
0230706495	3.0
1594744602	3.0
0062105620	4.0
0983887918	4.0
0060731656	3.0
1601627971	4.0
0373861451	4.0
0976789485	4.0
0373210582	4.0
1401303021	5.0
0373860129	5.0
1416592881	3.0
0385338708	3.0
0758207352	4.0
0778312712	4.0
0967563607	3.0
1402268785	4.0
0974805106	4.0
140134089X	3.0
1466378271	4.0
0061043893	5.0
097668750X	4.0
0976933500	4.0
0226743403	2.0
1627620516	4.0
0971892075	4.0
0984368248	4.0
0758208693	3.0
0312977360	5.0
0060763264	2.0
0385511647	4.0
0312631669	1.0
0316045470	5.0
0758219350	4.0
0802120202	4.0
0979975794	3.0
0060731672	2.0
0595233775	4.0
1882792386	4.0
0743407083	4.0
B0053D5KNQ	1.0
1435718895	5.0
0425194027	4.0
0976696436	3.0
0312340796	4.0
0810998033	5.0
B007QMHT5O	5.0
0199922667	4.0
034545071X	4.0
1606840169	5.0
0758207379	4.0
0312931158	3.0
0345491246	5.0
0312349122	3.0
0739353993	5.0
1442344989	3.0
1602822204	3.0
0812976363	4.0
1416986200	3.0
0062209841	5.0
1583145184	4.0
0321287134	5.0
0142003697	5.0
0778320359	4.0
0312931166	5.0
0758212720	2.0
0316069418	5.0
0312340788	4.0
0316176486	2.0
0758209169	3.0
0778312623	3.0
0870678655	5.0
1935439642	3.0
1419602276	3.0
0138138109	4.0
038550635X	5.0
0974836214	5.0
0375822739	4.0
1599160048	4.0
B007GTCUQU	4.0
0060512466	5.0
0307265439	3.0
0762777567	4.0
0974171492	4.0
0843961147	4.0
031237982X	1.0
0312379838	3.0
0307932508	4.0
0970237715	3.0
0071408193	5.0
0061930237	1.0
0545261252	5.0
1595542140	4.0
0312536216	1.0
0767905504	4.0
0316188476	5.0
1583145281	3.0
0595339220	4.0
1605850632	4.0
0061438561	2.0
0684826739	5.0
0446574457	3.0
0399148833	5.0
0446177938	3.0
0743204433	5.0
0976985527	4.0
0974171484	3.0
0060541814	2.0
097123700X	4.0
0758201222	4.0
1439187312	3.0
0375421408	5.0
0975363409	3.0
1619290014	5.0
0143121162	3.0
0062236679	4.0
0312643721	3.0
0393059448	5.0
0970170904	4.0
0375503811	4.0
1411662822	4.0
0758209193	4.0
0142417114	5.0
0061930210	1.0
0061136085	1.0
0739475665	4.0
0821773178	2.0
0976985519	4.0
1883113105	5.0
1561582840	1.0
0140249435	3.0
0312423551	4.0
1583145257	4.0
0312264844	5.0
0739461028	5.0
0345481097	3.0
0758213212	3.0
0984125841	3.0
0970170912	4.0
0970672608	5.0
014028334X	4.0
1600430074	4.0
1451636881	3.5
076363266X	5.0
0345468074	3.0
0151013969	5.0
0307700887	4.0
014241977X	5.0
1583145249	5.0
0316129216	4.0
1595981578	4.0
0307459659	4.0
0345456092	4.0
0142429112	2.0
1598879251	4.0
0312307349	5.0
0743225384	4.0
1416517065	4.0
0758235402	4.0
0671021486	3.5
097995178X	4.0
078513915X	5.0
0374532907	4.0
0971004900	4.0
0449906442	5.0
0975363417	4.0
080707070X	4.0
0975546406	3.0
1451695233	4.0
0578095351	4.0
0758209142	3.0
0615320554	4.0
0345506898	2.0
B006YCQOEE	4.0
0446699241	4.0
0312890176	4.0
0316132888	5.0
0983765502	4.0
0743229738	4.0
0310214599	2.0
0671735608	3.0
0800730429	5.0
0195327624	4.0
B00BFTV2Z2	1.0
0974636703	3.0
0812979486	5.0
0470124660	4.0
0449006840	2.0
0743271238	5.0
0385334281	5.0
0679643753	1.0
0061575437	4.0
0312321635	5.0
078601606X	4.0
0545381827	4.0
0312320302	5.0
0316084190	5.0
1400049032	4.0
0981544320	4.0
0061243582	5.0
0061443093	4.0
0062218832	5.0
0971627479	5.0
1583145214	4.0
0307744434	5.0
1599830655	4.0
0967602858	3.0
097271491X	5.0
0615518761	2.0
096760284X	4.0
1902881346	3.0
1401312837	2.0
1573453617	5.0
0767917502	4.0
0758235429	3.0
0061443069	2.5
0979951763	3.0
0451225988	3.5
1439198861	5.0
1452659370	4.0
1601640188	5.0
0060593083	5.0
149477920X	5.0
1583145206	4.0
0373786417	5.0
059522976X	4.0
1583146539	4.0
B00CQT25Q0	3.0
0061335274	4.0
1439160252	4.0
160162056X	4.0
0688143059	3.0
0974171425	3.0
1439164614	4.0
0143039385	3.0
0971237085	4.0
0972188223	5.0
0380820897	3.0
0399151613	3.0
0595480233	4.0
0307275663	5.0
0979951755	4.0
1477816429	4.0
0316070386	5.0
0984281002	5.0
0062069403	3.0
0373802307	3.0
1416986189	4.0
1565126319	2.0
1416958142	4.0
0976053454	4.0
0971237077	4.0
0965658457	4.0
B007F39X26	4.0
1593091222	3.0
0062107313	3.0
0974171417	3.0
0767915704	5.0
1456563270	4.0
0671793535	4.0
0964648431	4.0
0972458689	4.0
0385362307	5.0
044661078X	4.0
0316507873	5.0
0751536822	4.0
0544035011	2.0
1601452055	4.0
0975363484	3.0
0060875496	5.0
0971201900	4.0
1594485356	3.0
160043004X	4.0
0099448793	3.0
0764200089	3.0
0385340990	4.666666666666667
0865714088	5.0
0446580295	4.0
0986602876	3.0
1583146520	4.0
0307712842	4.0
0345444957	4.0
0446533025	5.0
0615306217	4.0
1593092520	3.0
158008558X	4.0
0141348550	5.0
0547400365	4.0
0385338686	2.3333333333333335
1456563289	3.0
0451219279	4.0
097478320X	4.0
0739451634	4.0
160309038X	4.0
034549749X	5.0
0393336360	2.0
0316544809	4.0
0778313107	4.0
0143115308	3.0
037383036X	4.0
1600430066	5.0
0061340634	3.0
1601621892	5.0
0758208707	5.0
031298314X	5.0
0988433648	5.0
0307951634	3.0
1888018208	4.0
0976543702	4.0
1118145585	5.0
0979951739	5.0
0440111323	4.0
1599900769	5.0
0974636738	4.0
1606592432	4.0
0976985500	5.0
0062271814	3.0
0061715417	1.0
0764205757	4.0
1601621868	4.0
0307352056	4.0
0971237042	3.0
0312535716	4.0
0743477723	3.0
1423119568	4.0
0297863924	5.0
1577945271	5.0
031234872X	3.0
0143116630	3.0
B0019FE8HG	2.0
0446696161	4.0
0979951712	3.0
0345523342	5.0
0974783234	5.0
1442362855	3.0
0060786809	4.0
0802498620	4.0
141970379X	5.0
0800719263	4.0
0062002325	4.5
0425086569	2.0
0810984229	5.0
0778326438	3.0
0399149325	2.0
0553584405	3.0
037571412X	2.0
1592400647	4.0
1600430015	4.0
0671036572	5.0
1601620519	4.0
0321813839	5.0
0553272837	4.0
1893554589	3.0
1593091230	4.0
1425711049	3.0
0979951704	4.0
0307352072	5.0
1478132744	5.0
0385503237	5.0
0451185455	4.5
0618710477	2.0
1600430023	5.0
0778314472	3.0
0312649886	5.0
0765320401	4.0
0738720569	5.0
1413752985	3.0
1593091249	5.0
0345522028	5.0
0970672640	4.0
0738706280	4.0
0316010707	3.0
B00EL20B7A	4.0
0007154615	5.0
1400067758	2.0
1449450792	5.0
1886104646	3.0
0425263991	5.0
0224098101	5.0
0393065235	5.0
0399154612	1.0
0312278586	5.0
1601628579	4.0
006087421X	3.0
1936070111	4.0
0451207122	2.0
0970010206	4.0
0312621353	4.0
1402762267	5.0
0981963102	4.0
0770437125	4.0
0451151224	4.0
031609918X	3.0
0446563099	5.0
0980068703	4.0
0312531567	3.0
0061052043	5.0
0061074292	4.0
0312940173	5.0
1588202615	5.0
B007R1PP46	3.0
1601620624	4.0
0399531637	5.0
0446179523	4.0
0609809938	5.0
0758217471	3.0
054774501X	3.0
0060930004	5.0
1442352663	3.0
0143114085	5.0
0977793915	3.0
0758255756	5.0
0810996162	4.0
0590205161	5.0
141432331X	2.0
0976727307	4.0
1484819535	4.0
0964757613	4.0
0373861346	5.0
1881524639	4.0
0385342659	5.0
1585713538	3.0
0446578134	3.0
0758208537	4.0
0764207555	3.0
0345492641	4.0
1408800276	4.0
1929279035	4.0
0061950726	5.0
1620151979	4.0
0544022491	3.0
B00KCS1EUA	3.0
1453661174	5.0
038541174X	5.0
0060393491	1.0
0758207212	5.0
0595187447	4.0
0758231784	4.0
0375508708	5.0
0618891307	5.0
0989293548	4.0
0805087753	4.0
0306820838	4.0
0061466557	4.0
1402778627	4.0
1929279027	4.0
0553385518	3.0
0786866500	3.0
0970010214	5.0
0060192704	3.0
0395877555	5.0
0615304664	4.0
0373861362	3.0
B00G9QP6DU	4.0
0970941811	5.0
1592869971	4.0
B00CC68G7Y	4.0
1400032385	4.0
147781650X	4.0
0758229410	4.0
0399154655	2.0
1892523019	5.0
1439183724	3.0
0758204116	5.0
141656358X	4.0
0399153322	5.0
1583145923	4.0
0385508182	5.0
0316010677	4.0
1442406194	4.0
0345455681	3.0
1601621906	3.0
0451208498	4.0
0805096663	2.0
0758213069	4.0
031268052X	5.0
0689842333	4.0
0972697853	3.0
0060840897	4.0
1612182070	1.0
0425219909	2.0
0345444132	4.0
1593091095	3.0
1585710490	4.0
0743253299	5.0
0385392907	4.0
0312590563	5.0
0684850354	4.0
0141020644	4.0
1423154045	5.0
B003XVYHHK	5.0
0312347480	4.0
1555916899	4.0
0964045435	5.0
0778329429	5.0
158648513X	4.0
0449012751	5.0
1601629885	4.0
1593095465	3.0
030758836X	3.0
0061147702	1.0
0743243021	4.0
0345803507	5.0
1439183708	3.0
0312360401	4.0
0373861389	4.0
0975320513	3.0
0151002290	4.0
0758229437	4.0
1932841229	4.0
0312347472	4.0
1413307655	5.0
0393079899	5.0
0062207393	2.0
0002247399	1.0
0758213085	4.0
0375758429	5.0
0061703257	3.0
1453862749	3.0
0451410173	5.0
006196140X	3.0
1932841210	4.0
0758231741	5.0
0970941803	5.0
0061962740	3.0
0451222741	2.0
1585713503	4.0
0060594187	4.0
160162851X	4.0
0312853238	4.0
0316010669	5.0
0758217455	4.0
B0084E2BLA	4.0
1585713511	4.0
0345466357	5.0
1440308632	3.0
081293217X	5.0
097478950X	3.0
1596448458	4.0
0099507390	5.0
0446529109	5.0
0758212615	4.0
0785263896	4.0
0758232225	4.0
0062231839	4.0
081186474X	5.0
0373766130	4.0
0061990809	2.0
0307446549	3.0
0758208596	5.0
0061556300	4.0
1401943152	3.0
1585711780	5.0
0974789542	5.0
0451209702	5.0
098196317X	3.0
0758246862	3.0
0981963188	4.0
B00F99WD0W	2.0
0758207271	4.0
193545613X	5.0
0316099112	3.0
0786016051	4.0
0789313812	5.0
1601628501	5.0
158571044X	5.0
1470183676	3.0
0977650766	5.0
0972299092	4.0
0967602831	5.0
1416537406	2.0
1599830558	2.0
0385343140	1.0
1416533044	5.0
0525950869	3.0
1585710466	4.0
0802433243	4.0
0974013250	4.0
0312329628	5.0
0743470206	4.0
0547330049	5.0
1133601952	4.0
0970010273	4.0
0312610602	5.0
160060367X	5.0
060617110X	4.0
0758232241	4.0
044619123X	1.0
0345506057	4.0
0373860897	4.0
0975258923	4.0
0743497155	5.0
0312605250	4.0
B0075QWWJE	4.0
0345481143	4.0
0375756604	3.0
1585710431	3.0
0967089352	5.0
0758213964	4.0
0932693113	4.0
0061964549	4.0
1934157309	5.0
0873376188	4.0
0312326580	4.0
0061962783	5.0
1573222348	4.0
0446553662	4.0
B00IMEYM2S	4.0
0446554995	3.0
0385336829	4.0
0811867811	5.0
0761453369	5.0
081182778X	5.0
0981963196	4.0
0099908506	1.0
1401301193	4.0
0751550213	2.5
0446564311	4.0
1416533028	4.0
034542896X	3.0
0312331983	4.0
0380811073	4.0
0970610211	4.0
1594482306	4.0
0842528253	5.0
0714531146	5.0
006203460X	4.0
0060513640	4.0
1477848991	3.0
0974789593	3.0
0821770837	1.0
043966098X	5.0
0974827428	3.0
0981963145	4.0
031230434X	5.0
0976954311	4.0
B00H13EGK4	5.0
0345469437	4.0
044669908X	4.0
0446179574	4.0
0981586902	4.0
0385334222	3.0
037386132X	4.0
0345469453	4.0
0060514906	2.0
0758208561	5.0
0141331860	5.0
1411610814	5.0
1585710415	4.0
078601993X	5.0
0399152067	5.0
0446671517	1.0
158571173X	4.0
0446179566	4.0
097771120X	4.0
0425182142	3.0
0812977793	2.0
1448675014	4.0
0385327900	5.0
054521825X	4.0
0974013218	4.0
1423399269	3.0
0312379080	5.0
0340839937	3.0
1938849051	4.0
097779394X	3.0
141655338X	4.0
0977793958	4.0
0976954303	5.0
0380811065	5.0
1585365076	4.0
0345506014	3.0
0142302082	4.0
0805446966	5.0
0758207247	4.0
0399152059	4.0
1565126297	3.0
0595001777	4.0
B0040JHQPO	4.0
0060927267	5.0
0316591122	4.0
1593740581	3.0
0982126123	4.0
0981963161	4.0
097695432X	5.0
0452297982	3.0
0440241111	3.0
1466396806	4.0
1610402332	4.0
0345423275	5.0
B0077J5FNY	5.0
0345481100	3.5
0140153349	3.0
0380811081	3.0
0307388921	5.0
076364174X	5.0
0385334206	1.0
0971227802	4.0
0373767455	4.0
034553199X	4.0
0375869387	3.0
0794420184	2.0
0446578983	4.0
1580629415	5.0
0979250072	4.0
0981963153	4.0
0440128994	4.0
0312617275	4.0
0977619982	4.0
0451417631	4.0
0446603422	4.0
0141331879	3.0
0446527327	3.0
0972299017	4.0
1601622473	5.0
1585711810	4.0
0253210909	4.0
0743297768	5.0
0399155023	1.0
0743296435	3.0
0439806119	3.5
0307385906	2.0
098277821X	4.0
0854049657	4.0
014241851X	3.0
0312303068	4.0
0976710404	4.0
1622340817	5.0
0763655465	5.0
1585711829	4.0
0446578924	5.0
1938383109	2.0
0972299009	2.0
0060916516	5.0
1452101108	3.0
0061996181	4.0
1420803948	3.0
0976444119	4.0
0446530980	2.0
B006GOXIWG	4.0
1616587458	4.0
0060815930	5.0
1423121902	5.0
0974827401	4.0
0805089470	4.0
0316053740	4.0
0964498502	3.0
0970610238	3.0
0553502697	5.0
0061458031	4.5
014131088X	5.0
097061022X	4.0
0385505167	3.0
0451134699	2.0
0316955124	2.0
0449911942	5.0
0399143041	3.0
0763631485	5.0
B00FKX5MAU	5.0
0006551807	3.0
0380819732	2.0
0553093525	4.0
1601622457	4.0
0425230368	3.0
1606840118	3.0
0393039765	2.0
0778313859	4.0
0981622151	4.0
0810124939	1.0
0525946853	5.0
141654884X	4.0
0767930614	4.0
B00HK1HADW	4.0
006072160X	3.0
0976729059	4.0
1933987154	4.0
0595308872	4.0
1426309287	4.0
0312380976	3.0
0553294385	4.0
0552775541	3.0
0061791059	4.0
0743246144	3.0
0316117366	3.0
0974518824	2.0
1250001196	5.0
0373860943	5.0
0060513659	5.0
0312306113	5.0
031227498X	4.0
0399148701	2.0
1606840126	4.0
014241722X	3.0
0373654804	4.0
0812980549	4.0
0307278670	4.0
0615229689	4.0
0446578940	5.0
1626490376	4.0
0425243680	1.0
0977650707	3.0
0307576418	5.0
1583145141	5.0
0758215754	4.0
0691143730	5.0
0982802463	3.0
0385335466	1.0
0751503827	4.0
0671756443	5.0
160239976X	2.0
0446696056	3.0
B00FOGBM0M	5.0
0061726826	5.0
080544730X	5.0
0982447507	5.0
0151013845	4.0
1600430198	5.0
0425228061	2.0
038079487X	4.0
0385340850	2.0
162649035X	4.0
0399155066	5.0
0758219296	4.0
0060512393	4.0
030728090X	1.0
B00CC68FFW	4.0
0385507771	5.0
0307279936	3.5
0842365826	5.0
0330258648	3.0
0312203799	5.0
0062225227	3.0
1416594787	5.0
1560255331	4.0
0804832420	1.0
0812978250	4.0
0967728614	4.0
0980106605	4.0
0671673688	1.0
0977650723	3.0
0312860420	3.0
1472211243	2.0
1583147780	4.0
074326049X	2.0
0373730136	4.0
0140060286	5.0
0451224590	3.0
0743496701	3.0
0976444100	4.0
1596916834	3.0
B00BYGSD58	3.0
097144899X	4.0
0375413189	4.0
0615487076	5.0
0312306164	5.0
159309065X	5.0
B00FMRSS3W	4.0
0743276809	5.0
1401341268	3.0
0743296419	3.0
0312554184	3.0
0972598170	5.0
0060722908	4.0
0399156380	2.0
0345485548	3.0
0971892024	3.0
0758220294	4.0
0312938640	5.0
1607433648	4.0
0977107108	4.0
0979970709	4.0
0373860986	4.0
0312306156	5.0
1118572831	5.0
0316037680	4.0
B008MMVHFA	3.0
0446554952	3.0
0440244242	4.0
0312567480	2.0
0060587091	4.0
0982148402	4.0
1416913963	3.0
1626490333	4.0
0743258169	4.0
0312554168	3.5
0060780770	3.0
1583146431	4.0
1455503053	2.0
B004HKIGW8	1.0
0446699128	4.0
0061996165	4.0
0152058265	5.0
081296800X	5.0
1416551603	5.0
0758202490	5.0
1432721046	4.0
0312949391	5.0
0399147489	3.0
0393316645	5.0
0971249180	4.0
158314773X	3.0
0545143152	3.0
031298765X	5.0
030735346X	5.0
0312320485	5.0
0312853254	4.0
0312674724	3.0
0974533602	3.0
0812970330	4.0
0978692926	5.0
0345449088	5.0
1475211678	4.0
0972697810	3.0
0743496728	5.0
0931761255	2.0
0758222092	4.0
0976000806	5.0
0688149944	5.0
0767910141	4.0
0743466985	3.0
031298328X	3.0
1583146407	4.0
1416991417	5.0
142312197X	4.0
0316603570	4.0
0061579092	4.0
0688132286	5.0
0679402187	2.0
B00GENANEU	5.0
0345492714	4.0
0758218842	4.0
B00J35W1ZK	4.0
155017357X	5.0
0385503385	5.0
0595199364	4.0
075821314X	3.5
0006514006	4.0
0373775881	3.0
0345504313	4.0
1600430171	4.0
0380819783	4.0
0843953497	5.0
0330441299	3.0
0316125873	5.0
0743496744	5.0
1400033616	5.0
0307271196	4.0
0765317583	2.0
1611099153	3.0
0316206849	3.3333333333333335
160162199X	4.0
0345446828	4.0
1593092407	4.0
0375507477	4.0
0743203070	4.0
0307275558	3.0
0764526340	4.0
0671517414	5.0
0345535405	2.0
0553385593	5.0
1583147713	4.0
1583144684	4.0
0141039280	2.857142857142857
1499280815	4.0
0618717196	5.0
0309084180	3.0
1593092415	4.0
1419679767	4.0
0972697829	4.0
B00CNW3UQ4	4.0
1416991433	5.0
0761459596	5.0
0345501268	5.0
0758217536	4.0
0375424652	3.0
1569479178	4.0
0140179089	5.0
0312300883	4.0
0758218869	5.0
0373830262	5.0
1434768511	2.0
0451225821	4.0
1601620659	4.0
0373860919	4.0
1583147705	4.0
0972137408	5.0
0007386648	5.0
1891636138	4.0
B004TTWLQ4	5.0
0802721621	5.0
1593091133	4.0
0446581682	3.0
B0096FLPRC	4.0
014241980X	4.0
0758213107	4.0
0743271181	5.0
1600430120	5.0
0312598564	4.0
0758202466	5.0
158314465X	3.0
0061466492	5.0
0758203799	5.0
1599903091	3.0
B0056B0NSM	4.0
1416563628	4.0
1439193002	4.0
044653093X	4.0
0446530948	4.0
141657123X	5.0
0802139744	5.0
0316227781	5.0
0345803485	2.5
0399149201	5.0
0618433600	4.0
1433805596	3.0
145169489X	2.0
0373830289	4.0
0345501241	4.0
0071421890	5.0
B004WPN4SO	3.0
0399158162	2.0
038551798X	5.0
0312995229	4.0
1593091117	5.0
0758213123	3.0
1439107955	4.0
0060091290	4.0
0758215789	4.0
0553584537	2.0
0743295153	3.0
1442450274	4.0
073949774X	5.0
042521558X	3.0
1601641567	5.0
0977107183	4.0
0399257829	5.0
0345803493	4.0
0446528609	5.0
159309244X	4.0
1118288726	5.0
0794419992	3.0
0062091255	5.0
0758214464	4.0
1416588930	3.0
0307264882	3.0
1416991476	3.0
0316125849	5.0
0745661521	3.0
0758218826	4.0
