B00JXW6GFE	4.0
1455548987	5.0
0989740617	5.0
0425250873	5.0
B00DND1ST8	3.0
0985817089	4.0
0505524813	4.0
B00D97NXWS	5.0
B00AVNSAVC	5.0
B00AAQ3PHO	4.0
0425247694	5.0
1596352825	4.0
B006XWY424	5.0
B00BTJKHEK	5.0
B00CWM4R12	5.0
1604359862	1.0
B00C5UYHMA	5.0
1482722925	5.0
B00B6LRUOG	5.0
B009U4MXPW	4.0
B00APOHOA0	5.0
1499373996	5.0
B00DH2JL6W	5.0
B00IOC6RGC	5.0
1909490091	5.0
B00G3I2WIQ	4.0
0373715994	4.0
1250048737	5.0
B00BPTTFOW	3.0
B00DJQYAQW	5.0
0714864676	5.0
B005208V1I	3.0
B00D0YXR7Q	5.0
B00EUCKK9U	5.0
0515151319	3.0
B00JKRGHQA	5.0
1939403243	4.0
B00DFQ0ZZQ	5.0
B00B02RY10	3.0
1482729555	3.0
1491287594	5.0
1451650051	5.0
1630350060	5.0
148403726X	4.0
099373703X	4.0
0141027592	3.0
0993737048	5.0
0515150460	5.0
B00CX5V5P4	5.0
0956998518	2.0
0099503093	5.0
B00GH1BZQO	5.0
B00BH51LVE	1.0
0141192429	5.0
B005WJDKME	5.0
B00817F90U	1.0
0060881909	5.0
0312351623	5.0
1484920066	5.0
B0058OJ8AG	5.0
1493755544	5.0
B00BWBEZ2U	4.0
B00KZMICVW	5.0
1490523103	5.0
B00JA26TTU	4.0
0505522667	5.0
B00KFUJX58	4.5
1500196444	5.0
0701181850	2.0
1494957612	5.0
1481252143	5.0
B00KK1GLWA	5.0
1419964585	5.0
0446568473	5.0
1492979368	5.0
1481273086	5.0
B00J44T4YQ	5.0
1481934767	5.0
B005CRGPAA	4.0
B007B7T9PM	5.0
1419965433	5.0
1477679758	3.0
1455578363	5.0
0263899403	3.0
0821228013	5.0
1481406701	4.0
B00IJOAQ3U	5.0
0615822991	5.0
1419968939	5.0
1481965433	2.0
1495960234	5.0
1491021217	5.0
B008OJ8AEC	1.0
0989373827	5.0
0615911250	5.0
B00AVKVM8S	5.0
1493768824	5.0
0515151386	4.0
1612131611	5.0
B00JJZTMGA	5.0
061579615X	5.0
1477817506	4.0
B00IWDZFWA	2.0
1481268503	5.0
B00F9JHD1G	1.0
B00II3YH8W	4.0
B00HYV1YDU	5.0
B00JE1POB6	5.0
B009V7IHY4	4.0
B00C0ZVKHK	5.0
1480089133	5.0
0062218158	4.0
0345515579	5.0
0061245089	5.0
1455578347	4.333333333333333
1419965441	5.0
B00FDSL6LQ	5.0
1603181466	5.0
0373716869	5.0
B00ECBS1VI	4.0
0345515587	5.0
1455599271	5.0
1492371289	5.0
B00JT3DNDK	5.0
1467980757	4.666666666666667
B00CHH0Z9A	3.0
1499190433	4.5
0989373843	5.0
1451649916	5.0
148261376X	5.0
B00EXE9VRC	5.0
006157953X	5.0
B007KYH3P4	4.0
1594862923	5.0
B00D6UP290	4.0
B0091GAXVU	5.0
B00I2CPY4U	5.0
1618852302	5.0
0307476073	5.0
B00DLFP48Y	3.0
0345515595	5.0
B0073BF6DU	4.0
0440244323	5.0
1467909475	5.0
1493788868	5.0
146109111X	3.6666666666666665
162322005X	5.0
0857206931	4.5
0440236711	5.0
1483913481	5.0
1936305267	4.0
B00B14APXQ	3.0
1499251939	5.0
1481162527	4.0
1460989880	5.0
0345469143	5.0
B00A2ZTMLG	4.0
1481152718	5.0
1495423786	5.0
B00C41095Y	5.0
1605042943	5.0
0062302426	5.0
0233978291	3.0
B00ILKTBSI	5.0
0991322207	5.0
0989373819	5.0
006230240X	4.0
B00BPXLHBM	5.0
0451218507	4.0
0988893967	5.0
0804165858	5.0
B00FJQYSCG	1.0
0991280717	5.0
1484968042	5.0
1938593103	5.0
B00EGJE2WS	4.0
0316128112	2.0
B00HXJSBM0	5.0
0345536061	2.0
1597480169	5.0
B00I6BQZEK	5.0
0545265355	5.0
1499280017	5.0
1402202733	5.0
B00HCNBB4C	5.0
0440244315	5.0
B00HBWQCAC	5.0
1490572082	4.0
B00LC9L31I	5.0
1469252317	4.0
0991066308	4.0
0061012963	3.0
B00DZZG89Y	5.0
B00JC6KVR0	3.0
1494376644	5.0
B00CDX92IS	4.0
B00IHIWOB0	5.0
B00BWGCDVU	2.0
B006ON624K	4.0
B00JMF2RPU	5.0
B009AVD3FY	3.0
1477849971	2.0
0989471012	4.0
1495979237	3.0
0425263290	5.0
1495405915	5.0
0312674597	5.0
1495458881	5.0
B00522X0FS	5.0
1483939219	5.0
B00BDSDBWW	3.0
B004YK3180	5.0
B00838VWVW	4.0
1466206160	5.0
149619408X	5.0
1938639081	4.0
149425946X	5.0
B004GKMEAY	5.0
031235164X	5.0
B00BFWI9BY	5.0
0578018926	5.0
0312643403	5.0
1468161660	5.0
B00H0P5F0I	5.0
1623001250	5.0
0670063258	4.0
B00KCJWX2C	5.0
0615860826	5.0
1937608018	4.0
0312351666	4.0
0061242411	4.0
1491072032	5.0
B00IZM5MDK	5.0
B00BTIDW4S	5.0
B00ENW9J9Y	4.0
1477540059	1.0
1444729721	4.0
B00AQNFMFO	5.0
0061012955	5.0
0373776039	5.0
1480568511	5.0
B007SJVTRY	3.0
0440246113	5.0
0991566661	5.0
0440245265	5.0
0575081384	5.0
B00F6BHUCY	3.0
0545123267	4.0
B00A2B87U2	5.0
0316031844	5.0
1419961551	5.0
1940041082	2.0
1484941411	1.0
0615857272	4.0
B00IPRP39I	5.0
B004E3XVIM	5.0
B00CF5ONM4	5.0
0385335350	5.0
B009BXNXVA	5.0
0440245273	5.0
0060763035	5.0
1490559175	3.0
1482345579	5.0
B00AFMOZ40	2.0
1477808663	5.0
0385498411	5.0
B00IFUXB44	5.0
B009AEM1QI	5.0
1484095618	5.0
B00DKAQ9JS	4.0
B00JM0QUV2	5.0
B00D4V1X94	5.0
B007RNRMZY	5.0
031613399X	5.0
B007M0QLJU	5.0
B00CQUW9YC	5.0
B00AP9RMMK	4.0
1481987712	5.0
1477808671	5.0
1461026415	5.0
0385498861	2.0
B00LKJMA8A	5.0
B00D5YWZFQ	4.0
B009AEM5ZA	5.0
1939962323	5.0
0143123580	2.0
0766144550	5.0
B00CO7GGNM	5.0
B009H6W5VU	5.0
1622425057	5.0
B006SMMW64	5.0
038533883X	5.0
B00HFYPZAO	4.0
B003IWOC24	5.0
1939962315	5.0
B00H91O5YA	5.0
0843954647	5.0
1456301152	5.0
050552306X	5.0
0615849601	5.0
B00KVVR47U	5.0
B00IAZXJ0U	5.0
0615788084	5.0
095728246X	5.0
1615819487	5.0
B00B1DQF0E	5.0
B00GSGN71O	5.0
1493784870	2.0
1481060953	5.0
B00GUNAJ66	5.0
1490946810	4.5
B00G5R2FOG	5.0
0615764037	5.0
B009OZN612	5.0
B008YXE3GC	4.0
0345546601	5.0
B00HL37QII	5.0
B00HQ889ZC	5.0
0547248040	5.0
084395020X	5.0
1469926903	1.0
B00BDD52I8	4.0
B008IL48BK	5.0
0399159304	4.0
1607742675	5.0
B007GXQ78S	5.0
B007Q0W62W	5.0
1609288939	5.0
B0030MQIX8	4.0
1480231487	5.0
1455576506	5.0
0385346050	5.0
B00971BN5E	5.0
B007NK64H8	5.0
1582342601	3.0
1484010671	5.0
B0076NLJ7C	4.0
1494388588	5.0
1483983730	5.0
B00AU4O05W	3.0
147675652X	5.0
B00H7FNEF4	4.0
148488907X	5.0
B00K5XAZ5W	5.0
B00I8S43ZE	1.0
B005D4Y5LS	5.0
B003ATPPVM	5.0
1492781568	2.0
B0083IW8J2	4.0
1490436529	5.0
B009M7FSLS	4.0
B00L1MSEZO	5.0
0996030719	4.0
B00GYI8K4U	5.0
0345546628	5.0
1607353164	5.0
0062294784	5.0
B00HG1T07K	5.0
034554661X	5.0
1466394595	5.0
B00IS3OF84	5.0
1476756546	3.0
0992629322	2.0
B00DDF7J6C	5.0
0981938809	4.0
1477536876	5.0
B0080T6VWO	4.0
B009UE8SCY	3.0
1492338141	5.0
B00KMZUVL6	5.0
0373718128	5.0
B009OZN61W	5.0
B00KGEB5Z4	5.0
B009R3I71U	5.0
B00K6YYJAC	5.0
0989675505	5.0
1455599255	5.0
1455578312	4.0
B00B2KTSUA	5.0
0373295618	5.0
B005BE3OTY	3.0
0615826113	5.0
B003FL6X52	1.0
B00ECBS5OQ	5.0
B00DG9L4B6	5.0
0385341636	5.0
1481968106	5.0
B009GJLY4C	5.0
B00CDVZFRW	5.0
B0055MJ9W8	1.0
0553563793	4.0
1455599247	5.0
0805016392	5.0
B00KIV9VZQ	5.0
B00CYXW9BE	2.0
0380400480	5.0
B008GE7AP0	1.0
B009FX22YK	4.0
0373717652	5.0
B004RQD40G	4.0
1939786215	5.0
B008P4LJG2	5.0
0425265951	5.0
148231312X	5.0
0373776853	5.0
B00CBIS9FC	3.0
146377253X	5.0
037377771X	4.0
B00LNTOHOC	5.0
0061583227	4.0
0425255700	5.0
0373073399	4.0
0778315991	5.0
B00LAAGSSW	5.0
B00J47HAUS	5.0
0312674627	5.0
1611189195	4.0
B002BX87E0	4.0
B00BKNZCYA	5.0
B00IY5RTLQ	5.0
B00JP0NOCC	2.0
B00KWLI1PS	5.0
1419958313	5.0
B00I5AS680	5.0
B0060BJ19E	3.0
0778314677	4.0
B00KKQACDO	5.0
B004AM59T6	4.0
0312373929	5.0
0345535529	5.0
0985258659	5.0
0312674619	5.0
B00B6N97KE	5.0
1611189187	4.0
B00E4WOFI8	5.0
B00E1IHYJ2	5.0
B00KKB499M	5.0
B00KSS733Q	5.0
B00GQC1S3O	5.0
051514956X	1.0
B00IP8459G	4.75
0312169787	5.0
1494788373	2.0
1455599220	5.0
0062130773	5.0
B00BS2EIIO	3.0
1499505078	4.0
1451606834	5.0
0061728977	5.0
B00CJU2OOY	5.0
0451410351	5.0
B00E63ML0O	5.0
1410438201	5.0
1470131234	3.0
B00FJOKMEQ	5.0
B007YJ3JV2	5.0
1490401822	5.0
1455599204	5.0
1481072544	5.0
006108462X	5.0
B00J7FVQMK	5.0
1449974430	1.0
B00H5XAQOU	5.0
1620510596	5.0
1606592661	3.0
0312546610	5.0
1623804949	5.0
B003XF1DXC	4.0
0743219333	5.0
1480225649	4.0
B00HYZ2G42	5.0
1490923764	1.0
1476735247	4.0
042522418X	5.0
0373118074	1.0
B00KC8Q522	5.0
B00FUAUJFG	5.0
B00GVJGAIA	5.0
B00EFB7Y90	5.0
1493673580	4.0
1484104161	4.0
042521740X	5.0
1461103991	4.0
B005GQN0YG	5.0
B00FI33X3A	5.0
1478127147	5.0
0425213056	5.0
1484920147	4.5
B00HB70JPQ	5.0
0385341652	5.0
1481866842	4.0
067103412X	5.0
B00EDDBT9G	5.0
1490349685	5.0
B009H0U7FC	5.0
B00CVOYX74	4.0
B00F8QFP24	5.0
1596913940	3.0
B00G3BVMNO	5.0
B007OPUIGU	5.0
B00AMUZS3W	5.0
1492799602	4.0
B004EYU9RC	5.0
0316812471	5.0
1499752822	4.0
B00EBZMKXA	1.0
B0032YXH2E	5.0
0312369492	4.0
B00A8PL3SU	5.0
0615877540	5.0
160601286X	5.0
B004UWPNJM	2.0
B00D62Q102	5.0
0380808013	5.0
B008E95V0I	5.0
B00A8PL3TO	3.0
B00I6MCR3W	3.0
B00CYNGVY0	4.0
B00HIBXKQK	4.0
0738738344	2.0
1250020026	1.0
0984817301	4.0
B00HXQGS50	4.0
B005HRPYG6	2.0
B009W9GJL4	5.0
1479397032	5.0
0746052456	5.0
1927715067	5.0
B00F9CEBXQ	3.0
0373774850	5.0
B00C4BA64I	5.0
B00E7824EQ	5.0
0062278789	5.0
1492257427	5.0
1492274801	5.0
B00A8PL3TY	5.0
B00CDAXAN4	5.0
B00A8PL3U8	5.0
B00IGW2ZXY	5.0
0758220413	1.0
0988170116	2.0
B00GNRGP2G	5.0
098530328X	4.0
1497435900	5.0
B00AEXOO6Y	5.0
1482524759	5.0
1490302069	5.0
B007RMHRMS	3.0
B007YNCGH6	5.0
0061085189	5.0
0373606095	5.0
1423121325	5.0
162242560X	5.0
B00D4KM6EQ	5.0
148414323X	4.0
B006A1Z06W	5.0
B00HZ3NG74	5.0
1597480444	3.0
0425225518	4.0
0451205154	5.0
1492254398	3.0
1496015703	5.0
1620612925	3.0
B00IB4YWX8	5.0
B00E7IWEFU	5.0
B00J39DWSG	5.0
B00IRO0RMM	4.0
0385343329	5.0
B00DPAN1BC	5.0
B00IGBG96E	5.0
0983706352	5.0
B006IEWH1M	2.0
0373820615	5.0
B00AFB685K	5.0
1477574573	5.0
1483912922	5.0
B009MZQP0I	5.0
1400033462	5.0
0451218043	5.0
B00CCTYXEG	3.0
B00EX4UIV0	5.0
B00JEOEJ4Q	5.0
1938593081	5.0
0385741294	5.0
B004J35KS6	2.0
B00DRPWKG2	5.0
1484007735	5.0
0451219368	5.0
B00FO6WOZY	5.0
148120811X	5.0
1489521534	5.0
1476751404	5.0
0615741932	5.0
B007DZYR7C	5.0
B00BTKEW2C	5.0
B00JCINDL4	5.0
B00K0N2SRA	5.0
B00B53IPF8	1.0
B00KAB1MOM	5.0
B0032UDUQ6	5.0
1466276983	5.0
B0090R7FJS	4.0
1455554049	5.0
B00FAFJU8S	5.0
B004RVYR84	5.0
1479398772	4.0
B00FCN82BO	4.0
1484119134	4.5
B00LLWDUDK	5.0
1496013557	5.0
B00AXMRJPE	3.0
B00LKSISDC	5.0
B00BSX4U04	5.0
0979518245	5.0
B00JAAQ0EG	5.0
B00BFQEFYU	4.0
B00IPI546E	5.0
B00BR1YAT8	4.0
1612185339	5.0
1481984071	3.5
1420127152	1.0
B00BJ3OFXU	5.0
1481222422	5.0
1618852256	5.0
B00A354CWY	5.0
B004HKJ8F2	5.0
B0039PH73Q	5.0
B008MZVR8E	5.0
B00FEJ09DA	3.0
B004OR1GTY	5.0
1250058236	4.5
0061080780	5.0
0451239350	4.0
B00JK5NADU	5.0
B00I9NSFDO	5.0
B00GOJZAII	3.0
B00B40PTME	5.0
B005HF9CT8	5.0
0451228219	4.5
0373246447	5.0
B00JDYC5OI	5.0
1495307352	5.0
B00HMBOS62	3.0
B00I0WD106	5.0
B00BMPAFUC	4.0
B00DTLOO22	5.0
0440244447	5.0
1492388645	5.0
0373124384	5.0
037374238X	5.0
B007Z4UI42	5.0
0062008110	5.0
0985066385	5.0
B005649ULU	1.0
045123801X	4.0
1495959724	4.0
B005SYMZYW	5.0
B00J72UJHG	5.0
B00GRLF3LM	5.0
1490417796	4.0
B00F22NSP0	3.0
0988910748	4.0
B00EBGBKN0	5.0
B004OL2XII	5.0
B00CGOWIL2	5.0
0143124943	5.0
0062264982	4.0
0615824609	3.0
1456521179	2.0
B00E228SRY	5.0
1494262711	5.0
1477571086	5.0
1493709712	5.0
B008WB49HY	5.0
1494374560	5.0
0425262901	4.0
B0026RHYTU	4.0
0201050714	5.0
1605040878	5.0
1482084007	4.0
1620610353	5.0
0989210987	5.0
B009VTIGWU	2.0
B008PZ6QJG	4.0
B005YKC770	5.0
0615731317	5.0
098829544X	5.0
B00AGFNKLU	5.0
1500196169	5.0
0486450465	4.0
B00BH6U6ZU	5.0
1484053699	5.0
B0094BDBRK	2.0
1482615878	2.0
0345532600	5.0
1499608225	5.0
B00BNF0SQC	2.0
B00HGZE238	5.0
0345542886	4.0
B00HCMBQVQ	5.0
0061125784	3.0
B00BH45OG8	5.0
B00LLQKYFI	4.0
0615497853	5.0
0061125768	3.0
B00DOAYGTE	2.0
1419970291	5.0
1450572375	3.5
1619351420	5.0
0470568070	5.0
B00KMEOCXU	2.0
B00I2VUKKY	3.0
B009I5K990	3.0
1453725776	5.0
B00DK44LI0	5.0
0816159475	5.0
1491065621	5.0
1490590846	5.0
1492706671	5.0
B00BYFA1LS	5.0
1937248313	5.0
0740760696	2.0
B00K4BFCYE	4.0
B003XU7IQS	5.0
1497435552	5.0
1908262273	5.0
0312580142	5.0
0988391317	4.5
0060548932	5.0
B00LF56Y3Q	4.0
B00DNI7UE0	3.0
B008EA4SCY	1.0
1481252690	5.0
0615826814	5.0
1937248305	5.0
B006VY8NIA	3.0
B00IFW5REY	5.0
162830149X	5.0
0425241181	3.0
B00K00DTJY	5.0
0312580150	4.0
0062100025	1.0
145169508X	2.0
B006U1N37U	5.0
0989707334	4.0
B00GQBQFCO	3.0
1477661875	5.0
1476730091	4.0
0316404381	5.0
B00K9QUXAC	5.0
B00L6ZBJZ8	5.0
1489584242	5.0
1617569429	5.0
B00KUYH0PY	5.0
B00G047RL0	5.0
B00E4TD08C	5.0
149040399X	4.0
0263211053	5.0
158761149X	2.0
0989108198	5.0
B00AP7Z27Y	4.0
B007ON5OXY	5.0
1482509954	4.0
0425251039	5.0
0743572750	3.0
B00B1Z02NS	5.0
1480144967	5.0
B003YFJ5EA	1.0
0451417054	4.826086956521739
B00FXBTYOO	5.0
B00K5BDLWS	4.0
1941450008	5.0
1939786177	5.0
B00BSHEOCO	5.0
1484931963	3.0
1490471103	3.5
B00EO2X0OS	5.0
1490943846	4.0
B0054H1I7S	4.0
B0038NN38W	5.0
1250015596	5.0
B00DDGWXTY	5.0
B006L99OFQ	3.0
1461085543	5.0
1937823180	4.0
0843952334	5.0
B00JNHU0T2	4.0
1617569445	5.0
1477530193	5.0
B004PLMC5G	5.0
1605923087	4.0
0821752375	4.0
B00GQIKG72	5.0
0312380720	5.0
0615449867	5.0
0061961299	5.0
B00L0LQCQ4	5.0
0679724699	5.0
148234873X	5.0
B002NOGDL6	5.0
1484988833	5.0
B00CPXT38A	5.0
1494722631	5.0
1419968084	5.0
1939786150	5.0
B009AEM4YC	5.0
B007COU8I6	4.0
149473592X	5.0
B00CNTSVB6	2.0
0451407695	5.0
1402245777	5.0
B007HOCYGA	5.0
1938601009	5.0
B00GOHU1TI	5.0
1476741182	4.75
0615859763	5.0
006178320X	3.5
1618850849	5.0
B00BTIDOO6	5.0
B00AUDZJRQ	3.0
0989780716	5.0
1475152299	5.0
B0095JX7F2	3.0
147781728X	5.0
0767917898	3.0
0989108171	5.0
B00HEKTLPO	5.0
0989108155	5.0
0446359637	5.0
B006Q648F0	3.0
1482002523	5.0
1606012398	2.0
1461085977	5.0
1495472418	5.0
B00KPI7BY0	4.0
1453728406	1.0
1496085574	5.0
B007XSI7XE	5.0
0440244498	5.0
0345545869	5.0
149521866X	5.0
B00DUJDK3W	1.0
1598110063	4.0
B00E2QS6SG	5.0
1402244428	5.0
0425251020	5.0
B009AEM15O	5.0
B00HTIKOSO	5.0
0062118196	5.0
1492731552	5.0
0545166810	4.0
B00KY7X0OC	5.0
1938475003	5.0
B00K2CQPA0	5.0
0062068652	4.0
0380016974	5.0
B0045UA876	4.0
B00ESV9MFG	1.0
1577319826	1.0
0451460731	5.0
1482633353	5.0
B00ANFPPAW	4.0
1477604928	4.0
B00HS4GFE6	5.0
B00BCCFLZE	3.0
006211817X	5.0
0316027650	5.0
B00DA7MHUQ	5.0
1939786193	5.0
0595088767	4.0
0373718241	5.0
B0030F2SAC	3.0
B005I57M6C	5.0
1491052295	5.0
B00BPDMVDU	5.0
0425255808	2.0
B00AZ8B4WU	4.0
0758216416	2.0
1482594129	1.0
1495960390	4.9
B0099401M0	5.0
1452662673	5.0
B00IPL6C1M	3.0
161194127X	5.0
1616501839	5.0
B005AU8KM0	3.0
B007VWL27A	4.0
B00IKN7WVY	5.0
B00A8PP8IQ	4.0
1480145424	5.0
1499163096	5.0
B00JDLFHRI	5.0
B00BWIJA6E	3.0
B00HAOB9ZE	5.0
B00KBA6PKS	5.0
B00F1RE1XO	2.0
0983574219	5.0
B0082ORHUW	5.0
B00I51XWS8	4.0
006226768X	1.0
B0035LDNV4	4.0
B00DAGSTFO	4.0
B0057G5BQ0	5.0
B00F7CJKAC	4.5
B00CO9R68O	5.0
1492164429	4.5
1453287329	2.0
031604461X	3.0
1499141718	3.0
1936596075	5.0
B006G66YTS	5.0
1491253002	5.0
140225153X	4.0
B00FFROJFA	4.0
B0064ND00O	5.0
B00H22W8TU	4.0
B0082S3C52	4.0
B00I9KPXV4	5.0
0201626632	2.0
B00EZGS1XI	5.0
1482708906	5.0
0758234287	3.0
0062351893	5.0
1463573049	5.0
B006V1MRTO	4.0
B00G3T4E5Y	5.0
1481909282	4.0
0312532563	5.0
0425272346	5.0
B00HMTD3BU	2.0
1493616269	5.0
1451606958	5.0
0373797869	4.0
0380761319	4.0
1500417483	5.0
B00E8HWZ36	5.0
B007Q1YEQW	5.0
1419964054	5.0
061577041X	5.0
B00BHLGZJ6	5.0
B00D69AJEY	3.0
1471133567	5.0
0425272354	5.0
0312367791	5.0
B0052XTW5O	5.0
B00APRWY9I	4.0
1423121309	5.0
B0068UAZ8I	5.0
0373656378	4.0
B00IGBAMJ4	5.0
B0030F2S70	4.0
1476745129	5.0
B00CSGZ4KA	5.0
1939786134	3.5
1482640058	4.0
B00DK44L8A	5.0
149594123X	4.0
B00JW5R0DO	5.0
B00L9HIR4E	5.0
149757613X	5.0
1476751803	5.0
B0098ERCYQ	4.0
0778314103	5.0
1469982994	3.0
0578127725	4.0
1599982099	2.0
0738721549	2.0
B00F6ZF0ZE	5.0
006075737X	5.0
B00BNYI1V2	5.0
0993702325	3.0
061588699X	5.0
0786003723	4.0
B003I6496Y	5.0
B008SG8BYA	4.0
1939786118	5.0
B009LTBZXM	5.0
1611099366	4.0
B00BRK1EGQ	5.0
1419968432	5.0
0778314596	5.0
B00CGFEIM8	3.0
B008DQKJJ0	4.0
B005GFBQWU	2.0
B00F9BOEZW	3.5
0615883001	5.0
1250019982	1.0
0380761327	5.0
0061030120	5.0
1477847103	4.5
1466285567	5.0
1607379171	5.0
0989451216	5.0
0385339151	5.0
0989163377	5.0
1492169951	5.0
B0095YE84Q	1.0
0989247988	4.0
B00HG15RHM	5.0
B00K1053R4	5.0
B00K3517K4	5.0
1471133524	5.0
B008EDKSYS	5.0
B00AKNH28U	5.0
B00BUVV9F8	5.0
B002VFPS6S	1.0
0991732766	5.0
1623004977	5.0
0375725601	2.0
B0042JSSE0	5.0
B00F2NMUVW	4.0
B00HBVQ5SW	5.0
B0073HW6FA	3.5
1937254089	4.0
1585426474	4.0
B00CCQ8VSI	4.0
1612130976	4.0
1495480534	5.0
0312979983	5.0
B00GW3XEMK	4.0
0778313174	5.0
193332077X	4.0
099173274X	5.0
1492213772	1.0
1455599085	4.0
1495397130	5.0
B00908BRRI	4.0
1612184790	5.0
0312979975	3.5
B00E7KPLQ2	5.0
148116452X	4.0
0373793243	5.0
1496129628	5.0
0373775814	5.0
0425267083	3.0
1479124591	4.0
1607379163	5.0
0615782140	5.0
B0084KFV8E	4.0
B00C9L5L52	4.0
0399155627	5.0
B00F2NMV5C	5.0
B00F1R0T7Q	5.0
0615746047	4.0
0425263908	5.0
1482568446	5.0
0385537859	5.0
1475244207	5.0
0987704257	5.0
1492750654	5.0
1477679995	5.0
B0075Z2JWK	4.0
B006MN996A	5.0
1492747009	5.0
B00B09RYJK	5.0
B00HNWEA9K	4.5
B00H06CZ8W	5.0
0345542924	5.0
0425269205	5.0
B00F1R0T76	4.0
1463714351	5.0
B00K283O3U	4.0
B00FC09IP6	3.0
B00G4HDYYW	5.0
0007533322	5.0
0385343221	4.0
B00CQKFIGS	5.0
1481953214	5.0
0373771886	5.0
1439192316	5.0
1941098096	5.0
B00DOAY018	5.0
B008DK311O	1.0
0515151114	4.0
B00C5TUHV6	5.0
0425263924	3.6
B00C4CH36G	4.0
B00F2NMUVC	4.0
B00JP26PJ4	5.0
0061456837	4.0
1483909646	2.0
1495226956	5.0
0988264242	5.0
0425164128	5.0
1490310835	5.0
0966800508	2.0
B0088QTH0C	4.666666666666667
1484154207	5.0
B008B7RMLY	5.0
B00F3KG6N2	3.0
038533916X	5.0
0615810756	5.0
0425263916	4.5
0988264250	5.0
1477849793	4.0
0425256383	5.0
0989281000	4.0
0451417909	5.0
0062064614	5.0
149546315X	5.0
B00EAOMBMC	5.0
1481038494	5.0
B00KF0URBM	5.0
0688159001	5.0
0451181816	3.0
0544022165	5.0
B00F1R0T9E	4.0
035234542X	3.0
B00KFOTI72	4.0
0989604519	2.0
B00ID8WTBY	5.0
B00CEHGWYA	5.0
1466354267	5.0
B00IG9U1BK	5.0
B007NOI9VS	5.0
0062064622	5.0
1494386631	4.0
B00FWG1DD0	5.0
0380803534	5.0
0373605250	4.0
1495490394	5.0
1449432476	5.0
B00E3SYS9O	5.0
B005K1ZYZA	4.0
1402271514	3.0
B00ES4C3XQ	4.0
B008UCKZF0	2.0
B00L0ITV2Y	5.0
B004HFRHWI	3.0
1610346866	1.0
1494319357	1.0
B00DRN5X72	5.0
B009B11BKW	5.0
1492996513	5.0
B00G76ZZSI	3.0
B00J0KYFSO	5.0
0989281027	2.0
B00C571AJ6	4.0
0451229444	3.0
0425266125	5.0
0425265277	4.0
B00ATG09VU	5.0
B00IQRN5EW	4.0
0615613373	5.0
B008NC1AGA	5.0
0451229452	4.0
B00AGZGQUW	5.0
B00L4LFONW	4.5
0425268330	3.0
1489567607	4.0
0758265247	2.0
B00C4E1F3Q	4.0
1937389863	5.0
B00DPROWWW	3.5
1623006740	5.0
0505525089	5.0
1482743205	5.0
B00B6JFKNG	5.0
B004X6UHDM	5.0
B00F076TXA	5.0
0989281043	5.0
0615879225	5.0
B00FILC2FM	5.0
B00BZA0SB0	5.0
1480239186	5.0
B00AIF3QD0	4.0
B0056372HA	5.0
147674355X	5.0
1469901811	4.0
1494774305	5.0
1480114480	5.0
1497385261	5.0
B00F8KAAC0	5.0
B005Z1C2X2	5.0
1476731535	5.0
B00CCRB40E	5.0
1491086424	4.0
B00K2DOZV0	5.0
B00EKJGRJ0	5.0
0989416402	5.0
B00FFDTW42	5.0
0312384793	5.0
B00L5JNHVO	5.0
B00J2CJNK0	5.0
B00BFIM180	3.0
0312945795	5.0
0758265220	4.0
B00DRF28C8	2.0
B00DW47I8I	2.0
0425246965	5.0
B00JRQ08HI	4.5
149539090X	5.0
B00HVJN8PM	5.0
B00D3PFFJ0	5.0
B00JDZMYZC	5.0
1606597205	5.0
B00FUTYLR4	5.0
1612177697	1.0
B00BIQW1XY	5.0
1489544941	5.0
B00ENROHDM	5.0
0451221915	5.0
0989416410	4.0
0778312712	5.0
B00J5NRLAA	5.0
0425223434	4.0
1494794357	5.0
0007530226	4.0
0385301898	4.0
0062304828	5.0
0380799375	5.0
B00FEM2XL8	1.0
1442362383	5.0
0989416429	5.0
0804176787	5.0
B00740IAF6	4.0
B00C3OQMTE	5.0
0981943667	5.0
B0093TKFVI	5.0
1481177060	5.0
0982661002	5.0
B002Z7ESPO	4.0
1420104578	3.0
B00BTIDXVU	5.0
B00EMELVKI	4.0
0440244501	5.0
B00CTSNQMU	5.0
1939455111	5.0
0425213617	5.0
148120646X	5.0
1419965603	5.0
B00H9S7UJU	5.0
B00EWZNC0E	4.0
B00BKK6FLC	5.0
B0092W7YW4	1.0
044661114X	5.0
042516232X	5.0
B00LZ19FE0	5.0
193815018X	5.0
B00B09ZD3Y	3.0
B0035N1UOY	4.0
B00G8UF35S	5.0
1495927857	5.0
B00JB42N4C	5.0
1463678541	4.0
B007V9X0UA	4.0
1619211327	5.0
B00DQSVG9W	3.0
B00HXXE5Q2	5.0
1484903250	4.0
006223885X	2.0
B00AV4X9TO	5.0
B008G093ZO	4.0
B008FSA44Q	4.0
B00LJ35F9I	5.0
1477427392	5.0
B00HLX9Z3C	5.0
1481194402	4.0
1927036380	5.0
0989339270	5.0
B007HHNYK2	5.0
1250029880	3.0
0802798225	5.0
B00H3HRWDQ	4.0
1496045823	5.0
B00BS2ECK8	4.0
1478238232	5.0
B00IY5RVGE	1.0
1490383700	5.0
1419967096	5.0
1494443252	5.0
B0090OOM9C	5.0
1492182125	5.0
B00BCA1YHK	5.0
B006ECFWBA	4.0
0425229696	5.0
B00E89E6K4	5.0
B00HCYTU2Q	5.0
B00C6EHDFS	3.0
B00HVIW1AQ	1.0
B00LINDV7W	5.0
B005M65YYE	4.0
B007PVCVFY	5.0
1470067706	5.0
B00413PIY0	4.0
B00E55I7ZG	5.0
0385305702	4.0
B00ICTUSC6	2.0
1495215075	5.0
148391366X	5.0
0062076108	5.0
0743249771	2.0
0060548452	5.0
0060781939	5.0
B00KKXTC2Y	5.0
0778313506	2.0
B0088PBEJA	2.0
1492767891	5.0
1492103748	5.0
B00HSW51H0	4.0
1940305020	3.0
0373710836	5.0
B00C53PC7Q	5.0
B00D002DE8	5.0
1466425180	4.0
0373605323	3.0
B005VQSAXM	5.0
B00LBKV24Q	5.0
B00BR1MK7C	5.0
B00IK55ZLQ	5.0
1494282011	4.0
B00G3RC8WW	5.0
0062076116	5.0
1479215090	5.0
B00KNXM4D0	4.0
0778313999	5.0
1492121169	5.0
1482306069	5.0
1416567038	5.0
1482680858	5.0
0062100327	4.0
1454913142	1.0
B003WJRJ4Q	5.0
1484967836	3.0
B00KVN6HH6	5.0
1497326923	3.0
1492955949	4.0
0843941502	5.0
1480529699	5.0
B00C31H2VO	4.0
B00COS4B1K	5.0
0671601296	5.0
B00IAZWYKQ	5.0
0307932540	5.0
0373860641	5.0
1490506446	5.0
B00JUCHUMK	5.0
B00FIL6SCK	3.0
1495291685	2.0
B0059LYS9E	4.0
B00L6NSIKO	5.0
1479390046	5.0
1939786096	5.0
0525953019	1.0
1419967053	5.0
0425256804	3.0
0007245823	1.0
0982623933	3.0
B00J915BYG	5.0
0988273632	5.0
034580404X	5.0
B00BWH9858	1.0
0778313530	5.0
1489515690	5.0
B00KMEELLS	5.0
B00F1R0TJY	5.0
B00737IJZQ	5.0
1421682753	5.0
0060522267	2.0
1402278519	3.0
1611189837	5.0
193978607X	5.0
B0039NMTFO	5.0
B004OR1KN6	4.0
0985872586	5.0
B00CO8WFBS	5.0
B004YTT2OI	5.0
1494755610	5.0
B00AM4HTEE	3.0
B00CB1OO6C	4.0
B00GB8U3AC	4.0
0988695103	5.0
B008O0QUU2	5.0
B00D5FTBIE	3.0
0984020896	5.0
B009TU9M06	4.0
0307744434	5.0
0615775373	5.0
0060522275	5.0
0615885942	5.0
0440245443	4.0
B00G625XCG	5.0
148391321X	5.0
144237134X	4.0
B00HTBUE4K	5.0
B00FL57WY6	5.0
B00GEB7LM4	5.0
1439164614	5.0
B00EW9HWJM	5.0
0553592440	4.0
0062207296	5.0
0373099770	5.0
1470124327	5.0
0505523205	1.0
B00IGYE3BE	5.0
1495326799	5.0
B0056VB0LQ	4.0
B00AZPN62E	3.0
0991841131	5.0
0385338228	5.0
0373278055	5.0
B006GCPSGC	5.0
B00IS8KC5E	4.0
B008BVMUVW	5.0
B00E9JLXH2	4.0
B003E6M73K	3.0
148270661X	5.0
0991190912	5.0
0385338236	4.0
B00C6GVW3K	5.0
141996920X	5.0
B00KPC39ME	1.0
B004P5NXZK	2.0
0615875793	4.0
B00KNGAX0I	5.0
0615910521	5.0
B00FV95TO2	4.0
0544263618	4.0
1627406905	5.0
098869512X	5.0
0988264285	5.0
0988695138	5.0
1481912755	5.0
1463692463	4.0
1468140019	1.0
1606010042	5.0
1476755094	5.0
0307712842	5.0
1941098126	4.5
1480226300	5.0
0984020845	5.0
B0093TFV08	5.0
B00JRG2SDU	5.0
B00HSOWDLU	5.0
B005KLVOFY	5.0
1419970682	5.0
B00IGUOMGY	4.666666666666667
1497310598	2.0
1492940003	5.0
B00KHXHB3Y	5.0
B0078YGN5C	2.0
098748706X	4.0
B00KA0AGJK	5.0
B006HWFKD2	5.0
B006Y0QFSG	4.0
0615528910	5.0
1453802355	3.0
0451233166	4.5
B00J1ROOZU	5.0
145161778X	3.0
B00DD0TZOQ	5.0
B00C79AQA6	5.0
1592403735	3.0
B00DOPN3Q6	5.0
B00IKJA87S	5.0
1492239054	3.0
1496146239	5.0
1476761779	5.0
0312384807	5.0
0373718721	5.0
B007TCO6ZM	2.0
B00F3RIHY6	5.0
B00D0LUKCO	5.0
B00IBL4PUQ	5.0
B00AM986QE	5.0
1849234299	4.0
0152063110	5.0
1492305413	5.0
B00BKQDHNK	5.0
B0064DI8J2	4.0
1475120346	5.0
B0036DEBIU	3.0
B008MBWT9E	5.0
0989630447	5.0
B009Y64T94	5.0
0553582216	5.0
B00GNTLLFK	5.0
0553583549	5.0
1492998214	5.0
B009OR4LDW	5.0
1495416046	5.0
B00ESUGX9K	5.0
1478376848	4.0
B00K8BM8UG	3.0
1416550682	3.0
B00DP5IBM6	5.0
B004TNIXYY	3.0
B00CJLRSYY	1.0
B00BL4G8HS	5.0
1480096954	5.0
B00I19Y70Q	3.0
0373797532	5.0
B007Y7WUXM	5.0
B00L4PLYQY	5.0
1482772973	4.0
B00D1CPG5I	2.0
B00GZ77QIQ	5.0
B005UFZ2OO	5.0
0345544293	4.0
B00LDD8NDO	5.0
0989117375	5.0
0989339211	5.0
B005IMCYVI	5.0
0743566572	4.0
B00L8HO4Y2	5.0
1496101391	5.0
B00A2RB4B0	5.0
0385338244	3.0
149043013X	3.0
0373717423	5.0
1478132744	5.0
1489515607	4.0
0440246369	5.0
0385316496	4.0
B00KKUPEEW	5.0
B00EH41CIE	5.0
B00ASDVV02	4.0
B00AP4WRDY	3.0
0778314472	5.0
0992142202	5.0
1475121644	5.0
B002B9MH7C	5.0
B00AC6S4NM	3.0
B004C44LBY	4.0
B005HRT6CY	4.0
0451173007	5.0
0425263991	1.0
006224860X	5.0
1451620535	5.0
B00AA5CJ0Y	5.0
0373689004	5.0
0373794681	3.0
1936653389	5.0
B00DP8R3P4	5.0
B00F1R0TTO	5.0
1480536466	5.0
B00G9IU42Q	5.0
B00D0EHDQM	4.0
B00HGX5ASQ	4.666666666666667
0615647200	5.0
B00C2IZF58	3.0
1453720693	5.0
1492982865	5.0
B00BW7BA6I	5.0
0758227264	5.0
1451620527	4.0
B0096CG9XU	5.0
1630350168	5.0
B00L4JX3CI	5.0
B00CNVVXPU	5.0
B00GKKU12G	4.0
B00530J3AA	4.0
1419967762	5.0
0989450252	5.0
B00I8EMXQE	4.0
B00F1R0TTE	5.0
B00KLO4M9U	5.0
B00JTLF2Z4	5.0
0991973666	5.0
B00CKIHUAS	5.0
B007Y6BC78	5.0
1494289105	5.0
B00ECZZRDO	5.0
0615553028	5.0
0984887873	5.0
0553581856	3.0
B00ALHB9HU	5.0
0553593838	5.0
B00FP5BSHE	5.0
0306814145	5.0
B00IKU6TWU	5.0
1481207474	5.0
1494464756	5.0
0982772025	5.0
B004N62M26	5.0
B00BF41BLW	5.0
0553381156	5.0
149484172X	5.0
030680476X	5.0
148398527X	5.0
148188669X	5.0
B00H0V069M	5.0
0340713097	3.0
0451240197	3.5
B00KU6IYW0	5.0
B00957KYNC	1.0
B006JTBUSW	4.0
0989407403	3.0
B0053GKSE4	3.0
B00FGFYIS4	5.0
1492828211	4.0
1939976022	5.0
B00H7F1EQA	2.0
B004XJ6922	1.0
0743218027	5.0
1491265698	5.0
1630350192	5.0
0989450236	5.0
0553593846	5.0
B00EPVTIBM	5.0
1250035333	5.0
0688082742	5.0
1401323367	2.0
B009OXOAK0	5.0
1611183758	4.0
B00G9QP6DU	5.0
B00CC68G7Y	5.0
1451636083	5.0
0843958626	5.0
1466398167	5.0
B0042RUO3U	3.0
1934606057	4.0
0345455681	3.0
061578139X	5.0
1455599182	5.0
0399164456	5.0
0140256407	3.0
193815021X	5.0
0989117316	5.0
B00IKGXWYC	5.0
0991379632	5.0
0985008628	4.5
B00BRW1A04	5.0
B00HXKOJW0	5.0
1494407752	4.0
1492248304	5.0
1630350125	5.0
B00DXF8MWW	5.0
B00AQOFLMM	2.0
0373129475	5.0
B00I0CUSE8	4.0
0988870150	5.0
0982772041	5.0
B00EW7DHBG	3.3333333333333335
0806534109	2.0
B00H5R8QQ6	5.0
038536315X	4.0
162322053X	5.0
039916443X	5.0
B00HQH99NE	5.0
B00JTERARO	5.0
1482617412	5.0
0758231725	5.0
0991973623	5.0
B00B6N9A4M	5.0
0373180705	4.0
B00JEHEV3W	5.0
0345803507	5.0
B00DXU05C2	4.0
0988870126	5.0
0765328755	5.0
1492246573	5.0
B009W9ZH76	5.0
1484816064	5.0
1490994718	5.0
0425140040	5.0
1479257389	3.0
B00CCHSRPE	5.0
B00JC5XQCI	4.0
0553589377	5.0
B00B5NWFH2	5.0
1484810759	5.0
0002247399	5.0
B009VKXARU	5.0
B007A6TQOS	5.0
0615921175	5.0
006135564X	3.0
1618452576	5.0
1612186890	5.0
0373296924	5.0
B00D8GLHYG	5.0
0385344406	4.0
0062267884	5.0
0425270793	2.0
0385309201	4.0
B00C126RFM	5.0
B007FEFCD4	5.0
B00GL7MWAM	2.0
1497497132	5.0
1484132327	5.0
B00GG16OO8	5.0
0399164421	5.0
B00EXC4TCQ	5.0
B00AQK77D2	5.0
1419965514	5.0
0615575234	5.0
B00KOSOX2O	5.0
B00DK8AQ94	3.0
0989104443	5.0
B00JVSWTCO	5.0
1493587412	3.0
0451404386	5.0
0345479289	5.0
0449004244	3.0
0679402977	5.0
1843606143	5.0
B00ITTLPQC	5.0
0425212866	4.0
1500167886	5.0
B009O1ZYQG	2.0
B00GZANS6M	4.0
1612186009	5.0
1493626655	5.0
1489580174	5.0
B00KKSL89O	2.0
0941599329	3.0
0373245351	5.0
B00E2YJYSY	5.0
0505528223	5.0
1843607484	3.0
1495300978	5.0
1495320103	5.0
B00AEB5ECE	5.0
B009OZN66M	5.0
B0070B0A48	4.5
0399157700	5.0
0345345886	3.0
B009OZN66W	5.0
B00CQECA1K	5.0
1481835262	2.0
0989104427	5.0
B007KGDZFE	4.0
B0058DX47K	5.0
B00HY2ZSYU	5.0
1489509658	5.0
1453669973	4.0
0991379659	5.0
0062273264	4.0
B003A7I26Y	2.5
0062333038	5.0
B00K9XXA32	5.0
1476756503	4.0
0345527488	1.0
0312376863	1.0
B008BJJT86	5.0
B00FMIB7VQ	5.0
0345531965	4.0
1250014409	5.0
0989104419	5.0
B00BQMLIL6	4.0
0451405218	5.0
B00HI04BEG	5.0
B00B69WH96	5.0
B00309SCVC	3.0
0751550213	5.0
0425243168	5.0
B00J5IV97Q	5.0
1492311677	5.0
B00L2LLC0S	4.0
B00D4Z3RNK	5.0
0989104400	5.0
1476764581	3.0
0989450201	4.0
0758220677	4.0
1938789040	5.0
B00BEK71Q6	3.5
B008654SO0	3.0
1599982633	5.0
B00H311XXC	5.0
145389523X	5.0
B00HFWAWL8	5.0
B00FTIU0SU	5.0
B006X0JUNO	4.0
B007DCE8YW	5.0
0615694403	5.0
0446558931	5.0
193641340X	5.0
B00CF6IXKG	4.0
B00IH487I8	5.0
B00DT5FHGA	5.0
B00DJB6KE2	5.0
1612130488	5.0
B00KOEBOMU	5.0
1476755604	5.0
B009OZN5Z4	5.0
B00558WRH6	5.0
B00K8916TW	5.0
1599830132	5.0
B00JGJB5E6	5.0
B00KK0RPCQ	5.0
1469984016	3.5
B009MBUW8I	1.0
1496006631	5.0
B00CS1HN4U	4.0
1494714361	5.0
B00KI9H1FU	4.5
B00J8N6SIS	5.0
B009U4VBCI	4.0
B009OZN5ZO	5.0
B00IGWXERU	4.0
B00EASJEBE	5.0
0451170644	5.0
B007RTSA7M	5.0
B00D89OGDC	5.0
B00LCMDV10	5.0
B00BSB5B2M	5.0
1619211335	5.0
0425253392	5.0
034553199X	4.0
B00DC2ATAE	4.0
B008BOH6YK	5.0
B00DIGN69K	1.0
0446343129	5.0
B00IBDKQJ8	5.0
B006PW46NY	4.0
1599983516	3.0
B00C5IMSSC	5.0
0425268888	5.0
0373777248	4.0
0996037004	5.0
B00FIROTZ2	5.0
1484909917	5.0
B00C7HG9KY	5.0
B00GW9DU3C	5.0
0373657099	1.0
1490506535	5.0
1469901773	4.0
0989776018	5.0
0989492559	4.0
B00AN3SER0	5.0
1494400626	5.0
1477817492	5.0
1480568503	5.0
B00DK40J36	5.0
B00KKVNHIQ	4.0
B00BOZI3L8	5.0
1439198349	5.0
0425256960	5.0
B00C74OXZK	5.0
B00I398110	5.0
1484020162	4.0
B004DI7N32	5.0
B00FCZ2Q96	3.0
B00BQYNY66	5.0
B00IFVMP54	5.0
B00IGCUGA8	4.5
0446600814	4.0
B00ED3FAO6	5.0
0991192818	5.0
0352339020	1.0
1607377446	5.0
0615644627	4.0
B00DR4XGUM	5.0
B00CTRLBUA	5.0
0936077360	5.0
0989769704	5.0
0425255662	3.0
B00EFPNV1G	5.0
0451225007	5.0
B00BKTNDD6	5.0
1468067044	5.0
B00HJU88TE	5.0
0984401709	3.0
B0073VIZB0	5.0
1936305658	4.0
1482023245	5.0
0451229851	3.5
B007SABZPO	4.0
B0095LQ4CI	3.0
B00HK1HADW	5.0
B00H955QRG	3.0
B00AUMSP46	5.0
B00C74WXBG	5.0
1478111046	5.0
1496145437	5.0
1402289561	4.0
0061376094	5.0
014241722X	3.0
1490470042	5.0
B00GFD8LCU	4.0
1479370118	5.0
1103669494	4.0
B00JNZQS4K	5.0
1599989778	5.0
B00I027XG4	5.0
B00ALD1DIE	2.0
0373792824	5.0
0316128082	5.0
160504329X	5.0
0451216954	5.0
1482347660	5.0
B00H00USMS	5.0
0312546599	1.0
B004K1EZR4	2.0
B00HV3ITR0	5.0
1492781673	2.0
B00IW6JWXA	5.0
1419969595	5.0
B004PLNH5K	5.0
0985462736	2.0
0345534506	5.0
B00AOT3UDG	5.0
B00HL2MGPM	5.0
1476755590	5.0
1939203287	5.0
030728090X	5.0
1480588032	4.0
1419970585	5.0
1482016931	3.0
1482689553	5.0
B00KQ1Y1IA	5.0
B00AV8SY7C	5.0
B00LCHJ326	5.0
B00DAIUOYG	5.0
B00KVT8U4S	4.0
0062326201	3.0
148230810X	4.0
1484807944	5.0
0399159894	5.0
B00CRMGXFU	3.0
1477589031	5.0
1499195303	5.0
B00KLDRU5O	5.0
B00K7IW6FW	5.0
B00KO11PTA	5.0
0062019511	2.0
B008OM83CS	4.0
B00J6GU2AC	5.0
B00DMB8IL2	5.0
1492159204	3.0
B00G8U2O0U	5.0
B006NU1276	4.0
0990377105	5.0
1484021479	5.0
1495459225	4.0
1496177029	4.2
149753545X	5.0
B008J35W26	5.0
1490515011	5.0
B0097UWN3Q	5.0
0373828381	5.0
B00GSC82TK	5.0
0756623596	4.0
1484966430	3.0
0062223895	4.0
B00J9Y6TT4	5.0
B0092FIJ70	5.0
B00653N3K0	5.0
148950351X	5.0
B00FZVC0RU	5.0
0380753987	5.0
0425251209	5.0
0373217692	5.0
1492265225	4.0
B00A94QQCI	4.0
B005O54AOI	3.5
B00JD49EZG	5.0
0373772386	1.0
0312949383	5.0
1481960741	5.0
1476744084	4.0
0425259153	5.0
0615470629	4.0
1455575178	5.0
0992824907	5.0
1451682050	2.0
B00KTI9R6Q	5.0
B00C2HEW8A	3.0
0385338112	5.0
1499192630	5.0
B00F7Q97W4	5.0
B00C1NCOOE	4.0
B00ETEB5QQ	5.0
B00JNWUCFE	5.0
B0081KZD7G	4.0
0316206849	4.0
1481936603	4.0
1456353470	5.0
B0056ZAJSC	2.0
B00CC68FE8	5.0
1455575151	5.0
1462112102	5.0
B009YLFHXG	5.0
B00ASR6WGQ	2.0
0670025593	5.0
B00EEPZ5HA	3.0
B00873GSLM	5.0
1611183766	5.0
B00AMIX8L8	5.0
B00FDX59UA	5.0
B0057YDBCS	5.0
B00L48ZXN6	5.0
B00JRGJL4Y	5.0
B0077ROKZU	4.0
B00L9GYXPW	5.0
B009FD74IO	5.0
0373247079	4.0
0373039549	4.0
B00AP5NNWC	5.0
B00CCGZE88	5.0
B0081946OS	4.0
B00BT0J8ZS	5.0
149231207X	5.0
1494750910	5.0
149271397X	4.0
B00FPRGSWW	5.0
161218331X	5.0
1423152271	5.0
1419954016	2.0
0615771521	5.0
0062299018	4.0
0991467434	5.0
1483954048	5.0
1630350087	5.0
1481899600	4.0
B00HGX2AR0	5.0
B00960SF5W	5.0
0988348268	5.0
148485828X	5.0
1496103688	5.0
B00K9ZLW3K	4.0
B005DZL9G6	4.0
B00AJ1BG12	5.0
B00H5T6CI8	5.0
B004P1J20E	5.0
B00CMYSI7O	4.0
B00KYIMNRQ	5.0
0843943661	5.0
B00B6K69K8	4.0
B009ZOZOCG	5.0
B008QPCII8	5.0
B00K31DCD8	4.666666666666667
1627980024	5.0
0373716699	5.0
0615552935	4.0
B00AVA0R5M	1.0
0615885438	5.0
1626227217	5.0
0373776721	3.0
B00GQZMT2U	4.0
1458749118	3.0
0451225856	5.0
B00HUHVI5M	5.0
B00JBUFFNC	5.0
1421690896	5.0
0345803493	5.0
B00J7PJQ1I	5.0
038077352X	4.0
B00GNA1DFC	5.0
B00DG9R4MY	4.0
