0307714292	3.0
0764221760	4.0
0061663409	5.0
1879664011	5.0
0312288271	5.0
1570752508	5.0
0316204366	1.0
B005WCL942	3.0
1573923591	5.0
006001203X	5.0
0452283205	4.0
0140481389	4.0
0060591854	5.0
145161747X	4.0
0312368267	5.0
0821778080	5.0
1591843847	2.0
0071479821	5.0
0553381016	3.0
0764210866	4.0
080278819X	4.0
0394544811	5.0
0385339151	1.0
0842355014	4.0
0345444213	5.0
0061146307	4.0
0679730540	5.0
0684864428	5.0
0937958123	1.0
0375507957	1.0
1595541969	3.0
0312678363	3.0
0137016611	5.0
1416509917	5.0
0380704161	2.0
0451173392	4.0
0395292026	5.0
0140178929	4.0
0786863137	4.0
0688163513	4.0
015100692X	1.0
0842355006	2.0
0375725601	4.0
0800757181	4.0
0821778099	2.0
0140447695	5.0
051512723X	4.0
0312315716	5.0
0316346624	5.0
0141188596	5.0
0789749173	3.0
0062021281	3.0
037543318X	3.541765169424744
1440408122	5.0
0789315491	4.0
0671042858	3.0
0449211177	5.0
1612182372	4.0
0375719180	5.0
0061558230	4.0
0671027662	4.0
1586171836	5.0
034538072X	4.0
0226805328	5.0
1402224338	2.0
0375753060	5.0
1400317150	4.0
0307237877	2.0
0394573358	4.0
1891117122	4.0
0937958387	5.0
0761385096	4.0
0312381018	3.0
0971986029	1.0
0060530499	3.0
0345524497	2.0
0618068872	3.0
1416563687	3.0
006171951X	5.0
0385341695	5.0
0451200810	5.0
0786714344	4.0
0982727526	3.0
0143037471	5.0
0140434135	4.0
0060930349	5.0
0486278026	5.0
0451148398	5.0
1580082238	5.0
1586171607	5.0
0060002697	5.0
0061558222	4.0
0425224546	5.0
159315481X	5.0
0440204291	1.0
0393970124	5.0
1580230229	5.0
0671794248	5.0
089942242X	5.0
081297235X	3.0
1565123301	5.0
0826417868	3.0
0860123693	5.0
0385054483	5.0
0385504535	3.0
0633096679	4.0
0060634472	5.0
0743597222	3.0
0441009727	3.0
0764817426	5.0
0446614610	3.0
0060899689	5.0
0142001430	3.0
0393316041	5.0
0764221965	4.0
0865380775	4.0
0867166088	5.0
0689876475	5.0
0061170623	5.0
0385537859	3.707706766917293
1742208185	5.0
0525952713	2.9999999999999996
1565123514	5.0
0805069399	5.0
031242518X	2.0
1568710992	4.0
1934916269	5.0
0741406993	4.0
1859843239	5.0
0842335684	4.0
076242656X	4.0
0060530677	4.0
1573225517	5.0
0764228587	4.0
0140058893	5.0
0764221957	4.0
0849916305	4.0
0345476484	1.0
0786866845	5.0
044657516X	1.0
006133927X	3.0
014043769X	5.0
0786032871	2.0
0091883768	3.1027732463295266
082942072X	5.0
0452272971	5.0
0788749730	1.0
0151005648	5.0
0609610570	2.0
034544423X	5.0
0553592416	3.0
0631176772	4.0
0553578960	5.0
0743287126	5.0
0679640924	1.8300561797752808
0345446860	3.0
1596062991	5.0
014044615X	5.0
0785263314	5.0
1594482845	5.0
0553583956	4.0
0140012486	5.0
0886778751	3.0
0307444821	4.0
0525949771	4.0
0805211403	5.0
0060763418	5.0
0385536313	3.0
0380817918	2.0
0140183485	3.0
0525950516	3.0
0142428604	5.0
0451188462	5.0
0060924713	5.0
0451208595	4.0
0373289286	5.0
0843957441	3.0
1449568696	4.0
0140069305	5.0
0764142402	5.0
0375502025	4.0
0028643828	4.0
0974670138	5.0
0061473820	3.0
0060510862	4.0
0782136001	4.0
0425183777	4.0
0345303067	4.6141439205955335
0345518845	4.0
1402718616	5.0
0345492730	5.0
0811865797	4.0
0307740994	5.0
0307463575	1.0
0425245268	4.0
0060934506	3.0
0802826598	5.0
0060654058	5.0
0982582900	2.0
1591450055	2.998678996036988
0312303556	1.0
0877933898	4.0
1440563624	5.0
0553577611	5.0
031238386X	4.0
0452269350	1.0
0385336713	5.0
0786916842	5.0
0195038630	5.0
0830826947	5.0
076455106X	4.0
158617035X	5.0
0898703166	5.0
0739466224	3.0
0330419129	4.0
0060652934	5.0
0399524150	4.0
0345376048	5.0
0099464462	4.0
0805069593	4.0
1590309138	3.0000000000000004
B005GEYTIY	4.0
0684844419	4.0
0061712981	5.0
030794672X	3.0
1402253079	1.0
0060693495	1.0
0060964316	5.0
0765303744	4.0
0385336721	5.0
0345494571	4.0
0766104478	1.983213429256595
141433964X	4.0
0425169499	5.0
0385263481	3.0
B005UPRRV0	3.0
0060652926	5.0
006230268X	5.0
0857206931	3.0
0306819546	3.0
0743291255	5.0
0618251464	4.0
0684857995	4.0
0310218950	4.0
0140434798	4.0
0805069364	5.0
030788743X	4.0
014062029X	4.0
0312857063	1.0
0743492811	5.0
1611735270	4.0
009953682X	4.276309466602595
0761131868	5.0
0316089699	3.0
1580232000	4.0
0141012250	4.0
1439197199	2.0
0143170090	4.736440677966101
0307729923	4.0
097925762X	5.0
1586483277	5.0
0964718731	4.0
0762760710	4.0
0394431952	5.0
0380723794	4.0
0898706408	5.0
0007491263	4.707706766917293
0060761288	5.0
1608191648	3.0
1616200456	3.0
0962271330	5.0
0553255754	4.0
0060850523	5.0
0452285216	5.0
0829416455	5.0
1564559149	5.0
082941777X	5.0
0399513051	5.0
1580650155	5.0
0060930985	3.0
0898707986	5.0
0743222245	5.0
B00A1XN3O6	5.0
0330447297	1.0
0743224663	5.0
0553275593	4.0
0595359590	5.0
0470769327	3.0
0812968972	5.0
0140258795	5.0
0517202670	1.0
0451169514	5.0
158768036X	5.0
B005MJ0UBI	4.0
080240264X	4.0
B005LXI1WK	4.0
013242892X	2.0
0380976552	4.0
0670889040	5.0
0399131493	4.0
067978148X	4.0
0373777590	4.0
0898705533	5.0
0765317710	4.0
0805069550	5.0
0312966490	3.0
023252078X	5.0
1579104649	5.0
0826416349	5.0
0061438596	5.0
B005OLJ3VC	4.0
0375500464	4.0
0345388402	5.0
0595323375	4.0
014044789X	5.0
0375700757	5.0
030727747X	4.0
1577345118	5.0
0842311653	4.0
0801843863	5.0
0805069569	5.0
1937007863	5.0
0440206251	4.0
0575091037	3.0
1564767043	3.0
0842320121	4.0
0764206184	4.0
0261103288	4.56701030927835
1416984488	3.0
0898705789	5.0
089870202X	5.0
0007491271	5.0
0002555328	5.0
1451617291	4.0
0385520344	2.9999999999999996
0240811321	5.0
0842332340	3.0
0385482485	4.0
1556434308	5.0
0345427505	4.0
1401303277	5.0
0307341747	5.0
0834115956	4.0
0899061788	5.0
0767905385	5.0
0465083560	2.0
0143143743	1.0
0801843871	5.0
0898703581	5.0
0812550846	3.0
0316080683	4.0
0156001411	5.0
0007271166	4.0
0345416600	5.0
0743225325	4.0
0821224956	5.0
0836262417	3.0
0373291515	4.0
0415656850	5.0
158761345X	4.0
047018549X	5.0
1560851392	3.0
034549038X	5.0
0671656155	4.0
1742202829	4.0
1579651623	5.0
0826415490	3.0
0007172826	3.0
1586481282	5.0
0449149919	1.0
0452295696	5.0
0743497090	3.0
0099450259	5.0
0528839691	5.0
0142004308	3.0
0307277674	4.0
1612183808	3.0
0226320553	5.0
0971880107	1.0
1587680297	4.0
0764222295	4.0
0684833492	5.0
0743211189	4.0
003061368X	5.000000000000001
0805069518	5.0
0988842319	3.0
0060926430	2.0
1561581305	3.0
0143034766	4.0
0788751298	4.0
082941584X	5.0
014200202X	5.0
0425190927	3.0
0915811006	1.0
0385231261	5.0
0691122946	3.0
0684813637	5.0
0874519098	5.0
0140053204	3.0000000000000004
0140178244	5.0
0030718872	4.0
0007101082	4.0
1935769111	4.0
0230530311	5.0
0821779974	1.0
0764204637	4.0
078624819X	5.0
0354045946	4.0
0060721510	4.0
0312284454	4.0
0767904656	5.0
0345440765	4.0
0786113588	5.0
0061969702	5.0
1442345462	3.0
034540792X	4.0
034542753X	5.0
0393058360	1.0
0739339656	4.0
0446177938	4.125
1591844002	4.0
1934757705	1.0
0553585770	5.0
0805069534	4.0
0393062627	5.0
0802721729	5.0
0764200488	4.0
0684814994	5.0
0141180188	4.0
0786867175	1.0
0140434941	5.0
0393315606	4.0
0553528734	1.0
0060584750	2.0
0307346676	5.0
0520246500	4.0
0684854171	1.0
B005LXUS7G	4.0
0743251628	1.0
0143034758	5.0
0061963119	2.0
B006FOHHZ6	3.0
140008248X	3.0
078688696X	2.0
1573221775	4.0
0143036939	4.0
0613494490	4.0
0385473117	3.0
0452298490	3.0
1426200420	4.0
0671673343	5.0
0764200496	4.0
0553582275	3.0
0688003478	5.0
038072751X	5.0
1570972028	5.0
0385509669	5.0
1586401041	1.0
158648026X	5.0
0988922436	3.0
0385311397	4.0
0007147295	3.0
0312082622	4.0
0778804550	5.0
0812994868	5.0
0307987647	5.0
0764227947	1.0
0751536601	5.0
0830815694	5.0
1609616847	4.0
0375417206	5.0
0886878624	5.0
031242440X	2.0
0486290301	5.0
B005GF1QAW	4.0
1590131126	4.0
0671000314	4.0
B00655KHQG	4.0
0345494369	5.0
193069945X	4.0
0345481283	3.0
0060594527	5.0
0515114863	3.0
0898707315	5.0
0345519477	3.0
0060915331	5.0
0156010860	5.0
141655503X	5.0
0451453069	3.0
0394751051	5.0
0844270512	5.0
0786918799	5.0
0385339518	4.0
0345313860	5.0
0345503392	5.0
0345358791	3.2282878411910665
B003V4B4PM	5.0
0739418459	4.0
0613171373	5.0
0375431241	5.0
0345494377	2.0
0571205828	3.0
0061900605	5.0
B005GFAIDI	1.0
0809142341	1.0
087788479X	5.0
1470190044	5.0
0345503384	4.0
0451233190	5.0
1449382673	2.0
0764222473	4.0
1451697414	4.0
0140283331	5.0
0425167720	5.0
0786916583	5.0
1561632287	5.0
140007200X	3.0
0553270257	3.0
0393007855	5.0
0804178321	4.0
0375405445	5.0
0547844581	5.0
0641934173	5.0
0440245435	4.0
0060937580	5.0
0767914007	5.0
0151334811	5.0
0465081428	5.0
014014773X	5.0
0142004030	4.0
0393037010	5.0
0345476700	5.0
0373836554	5.0
0141439971	4.0
0451455045	5.0
0143112635	5.0
0801436583	5.0
0195176006	4.0
1420100130	2.0
076422378X	4.0
0764223798	4.0
0786916591	4.0
0752458663	5.0
B005RJKI5G	2.0
0870219553	5.0
0345396685	4.665782493368701
0812978145	3.0
0439064864	5.0
0140109277	5.0
0765341174	5.0
0140177388	5.0
0613173538	5.0
0425240495	2.0
0060935782	3.1380767876012676
0830815015	5.0
0300089163	5.0
0060175869	5.0
0980226015	5.0
144237134X	4.0
0060571292	4.0
0831127007	5.0
0393047644	2.0
0671737848	1.0
0375433694	5.0
0764800906	5.0
1741798515	4.0
0374292795	2.0
0764225170	4.0
1849690545	2.0
0140298401	4.0
0439139597	4.0
0312864256	5.0
0393317609	1.0
0679451226	5.0
0312868855	3.0
0880707755	5.0
0380709902	4.0
0425197387	3.0
0671622617	5.0
051514844X	2.0
0684811073	5.0
0061740403	2.0
0316069159	2.0
0553283545	5.0
0801881145	5.0
1423151011	3.0
1416509879	2.0
0765322609	1.0
0393326101	5.0
0142180106	5.0
0307932907	5.0
0684849690	4.0
1416563709	3.0
067157714X	5.0
0984484620	5.0
0385285965	5.0
0425204332	5.0
0399149783	1.0
1444711822	4.0
0743285026	4.0
0143034901	5.0
0544035011	5.0
0374280355	4.0
0060935766	2.7682437476670403
0916764206	5.0
076111937X	4.0
089906650X	5.0
0340499656	4.0
0812963946	5.0
0679463232	5.0
031226660X	5.0
0465023533	5.0
0451456718	4.0
0312534884	4.0
0060735430	3.0
067416055X	5.0
0395069637	3.0
1935597078	3.0
0800790960	5.0
0452269563	5.0
0060566922	4.0
0345351525	5.0
0142001805	4.0
1416550895	5.0
1578561310	5.0
0312867549	4.0
0393065049	4.0
0060688246	5.0
1842931636	2.0
0739451634	2.0
0671702513	5.0
0060194170	4.0
0345315227	2.0
0307346609	1.585963259538389
1439102570	5.0
1741798523	4.0
0345420748	3.0
0446533041	4.0
0140465650	5.0
0312144474	5.0
0375435417	5.0
1416563725	2.0
0385132204	5.0
091693800X	1.0
0451526473	5.0
141331189X	5.0
0671737821	1.0
0679777466	4.0
0765333511	3.0
0684824396	5.0
0575088885	4.0
0451456726	4.0
0316103985	5.0
0553806599	3.0
044900483X	5.0
0439023483	1.9169533169533168
0394481917	5.0
0470055898	5.0
0452282950	5.0
0140390219	3.0
0743421922	4.0
0312169787	3.0
0345423607	4.0
0140296271	5.0
0679777431	1.0
0140177191	5.000000000000001
0312288867	4.0
0142001821	4.0
0440237440	3.0
0385513496	1.0
0451456734	4.0
0143038095	5.0
1573223077	5.0
0743564138	4.634011090573013
0671790234	4.0
1933372990	5.0
0446526568	4.0
0226770990	5.0
031230935X	5.0
1400034833	3.0
0060971827	3.0
0399148248	4.0
0812969014	4.0
0060795522	1.0
043920352X	5.0
0439023491	4.0
0061990558	4.0
0385492510	3.8361864629971025
0380808331	2.0
0789741032	4.0
0670037877	1.5878394616678684
0345431693	4.0
1401940587	3.0
0713679980	4.0
1612182364	3.0
1612186963	5.0
0195157133	5.0
0679444904	5.0
1577319575	3.0
0671210270	5.0
077832642X	2.0
0199368511	4.0
0671047426	3.0
0943575931	5.0
0060937742	5.0
0140449159	5.0
0553281798	3.0
0451456521	5.0
0874779065	5.0
1891799770	4.0
0700615873	5.0
044023655X	1.0
0764204645	3.0
0679766766	4.0
0440211077	5.0
0307590615	4.0
0060548258	5.0
0316159727	5.0
0061234001	5.0
0451220048	4.0
0553584413	1.0
1414339399	5.0
0307472205	3.0
0553583328	4.0
0486411249	5.0
0764204653	3.0
189062621X	5.0
0375759255	5.0
1596061812	4.0
1933346027	5.0
1612182348	1.0
0140099212	5.0
0062234463	4.0
0953881024	4.0
0944070558	5.0
0061558265	3.0
0316010707	1.0
0060888741	5.0
0060519703	2.0
0975599518	1.0
0060781580	5.0
0394537785	4.0
0679642811	5.0
0982230702	1.0
0312382456	5.0
0739344307	4.0
0312953011	2.0
0385249462	4.0
1580510817	5.0
1586088327	1.0
0470678372	5.0
0060874465	5.0
0061007226	5.0
0385177097	5.0
0061375446	5.0
0070411026	5.0
0525953728	4.0
1905850069	3.0
0345397266	5.0
073946390X	5.0
0060934611	5.0
0345504968	5.0
068484298X	5.0
0517147254	4.0
0743418700	5.0
0805069070	3.0
0812974417	4.0
0740755234	4.0
1879045265	5.0
1403966966	4.0
0553050109	5.0
055313079X	5.0
0765328542	3.0
0385335911	5.0
0966662415	5.0
0892723866	4.0
0739332570	5.0
0316037702	3.0
0062026879	4.0
1596449381	3.0
0671003364	5.0
1585710067	5.0
0827606974	5.0
0802715710	5.0
0345432347	4.0
0307475255	4.0
0811853683	5.0
0778327442	3.0
0060888644	3.0
055358183X	2.0
0671023195	5.0
0971357234	3.0
0385468431	5.0
0312868901	4.0
0375504338	5.0
0156013363	3.0
1476751447	2.6769911504424777
030745102X	4.0
1402264712	1.0
0842335994	3.0
0140274065	3.0
0765352664	5.0
0316011541	5.0
1609618246	4.0
0312382472	4.0
1888212632	1.0
0517548232	1.0
0764223801	4.0
0385499159	5.0
0071703373	2.0
0061582417	4.0
B00AQUQMCO	3.0
0345491319	3.0
1581826095	4.0
0809238373	4.0
0689829353	5.0
0312324545	3.0
0060751525	4.0
0671747584	5.0
0765352656	5.0
0735201633	4.0
0688148433	5.0
0446563072	4.0
0842335986	5.0
0743406516	5.0
0060577665	3.0
0842340092	3.0
0099282917	5.0
0975290622	3.0
0312426399	3.901515151515152
0061375438	4.372481572481572
0099532972	1.0
0451207335	4.0
0061251836	4.0
0765316994	2.5429943256219993
0312288352	5.0
0140309268	3.0
0764553305	5.0
0060505591	4.0
0971394202	2.0
1452878420	4.0
0393020126	4.0
0545258979	4.0
0965809811	4.0
0060509546	5.0
1592570666	1.0
0671004239	5.0
0964914123	5.0
0374524971	5.0
1591298040	5.0
0553589113	3.0
0099447126	4.0
1579180086	5.0
0062022466	4.0
0805096663	3.0000000000000004
0307387208	5.0
0312270828	5.0
0385742398	5.0
0674005430	2.0
0310230055	1.0
0307387216	5.0
0060935731	5.0
0375404910	5.0
0842312226	4.0
0099448440	5.0
0316011770	3.632990987214421
1455134767	5.0
0553564684	5.0
0307593991	4.0
0140447385	4.0
0060813032	5.0
158567849X	5.0
0553588044	2.0
0613501349	5.0
0099492156	5.0
0143142372	1.0
0451197011	3.0
157673708X	5.0
1933339004	4.0
159523067X	4.0
0061056677	5.0
0937958212	1.0
157174200X	5.0
0449912558	5.0
1573223220	3.0
0520230647	4.0
0307716570	3.0
030728364X	5.0
0061057541	5.0
0553807501	4.0
1401302467	3.0
0066213312	5.0
0452283981	4.0
0312607075	5.0
0975126407	4.0
0385343302	1.0
0965922855	5.0
0060838582	5.0
0060813040	5.0
0002247399	5.0
0805069054	5.0
0143124072	2.0
067920394X	5.0
0307593967	5.0
0842332278	3.0
0312867867	3.0
0374161860	3.0
0671707728	4.0
0345404912	5.0
045122079X	3.0
0553103148	5.0
0140449302	5.0
0449213447	5.0
031225346X	3.0
082941987X	5.0
0764222902	4.0
0312853238	4.0
0805076824	5.0
0061235164	2.0
0345503805	1.0
0553371320	5.0
0670868043	5.0
B002FSTJOS	2.0
0970950519	3.0
0982715870	5.0
0345501861	5.0
0756684072	5.0
0805069062	5.0
0156027739	4.0
0316286567	5.0
0143113178	3.0
0553574221	4.0
080106290X	5.0
0307453421	2.9999999999999996
1558506462	5.0
0486270610	5.0
0307446549	4.0
068485760X	4.0
0895261251	5.0
0385510217	5.0
0316034045	2.0
0060799994	4.372481572481572
0764552287	5.0
1439189234	4.0
0136006450	4.0
044914562X	5.0
0143035339	3.0
006124189X	4.0
1594744769	4.0
1933580801	2.0
0449004244	5.0
0316601950	2.0
0805069232	5.0
0470225300	1.0
1565071999	1.0
0441020674	3.0
0312862512	4.0
0780648838	5.0
0451628810	5.0
006091307X	4.0
0060740450	2.0
1844091120	5.0
0307933555	5.0
0764550098	5.0
0143036432	4.0
0195314395	3.0
0062008110	4.0
0451199480	3.0
0761516808	4.0
1578591422	5.0
0764551183	3.0
071563318X	1.0
0007298552	2.0
0192545094	5.0
034911904X	4.0
0553566032	4.0
0312194390	3.004416961130742
0375752285	5.0
0099272296	5.0
0804165742	4.0
1595550399	5.0
0920256562	5.0
9739839223	5.0
0872864839	3.0
0307458776	4.0
080652720X	4.0
0345531973	3.0
0892435364	5.0
1463701349	5.0
0316017922	5.0
0060593741	5.0
0060393408	3.0
B005EPR5MM	5.0
0060892994	5.0
0609807900	1.0
0857897446	3.0000000000000004
0805069496	5.0
1893036006	1.0
0465003567	5.0
0140270779	5.0
0575004010	5.0
0373288417	5.0
1611098998	3.0
0140280553	4.0
0895261227	5.000000000000001
1578193133	5.0
0849938619	4.0
0743226712	5.0
0452288606	4.0
0446554995	3.0
0743272897	2.0
0385513518	4.0
1582970912	5.0
B003EOAC16	3.0
159554805X	2.0
0312331916	5.0
0553276328	4.0
0465049354	4.0
0789304090	4.0
0345500733	5.0
0439023513	4.0
0312272618	2.0
1442359919	4.0
0062242717	3.0000000000000004
0060521260	5.0
0982715811	4.0
0892540141	3.0
1400065909	4.0
0452282276	4.0
0765322595	3.0
0804139024	4.0
0061231428	3.0
0804726302	5.0
0842337911	5.0
1573451150	4.0
0842335978	5.0
084233596X	4.0
0312277059	3.7236905333974053
0802120342	4.0
0345405617	5.0
0060887184	4.8075495049504955
0345485920	4.0
0440212812	3.0
0310211395	5.0
0671536818	5.0
0380813017	3.0
0814625045	5.0
0399134409	4.0
0385044518	5.0
1929474946	4.0
0765321270	2.0
0890814414	3.0
0316457825	3.0
1416503617	5.0
0060738170	5.0
0345427637	5.0
B005D50AX4	3.0
1596062002	5.0
0553576275	3.0
1442423110	3.0
031021792X	4.0
0451172817	3.0
0307700119	4.0
014242059X	4.0
0306817446	1.0
0810933438	5.0
0143038419	5.0
1578561809	4.0
0345458311	2.0
0399525173	5.0
0965045021	5.0
0525947663	4.0
1430227001	2.0
0307741907	2.0
0061054658	4.0
0802717934	4.0
0884271153	4.0
0143038664	2.9999999999999996
0898707846	5.0
0340839937	5.0
0192753924	5.0
0241951941	3.0
076420050X	4.0
0060392991	3.0
1880226685	5.0
0486287475	3.0
0553277871	3.0
0439404371	4.0
1589010876	5.0
0891077642	5.0
0307477479	3.0
0972959823	2.0
0446601241	2.0
1568362870	5.0
0441790976	2.0
0755301153	3.0
0486296024	5.0
074320123X	5.0
0764222511	5.0
0440107601	4.0
0099911701	1.7702612190221032
0061054666	5.0
0029109752	5.0
0452297982	5.0
0312349246	5.0
0842319476	4.0
0060762055	4.0
0939149842	4.0
0062072188	4.0
037377639X	4.0
0967481708	4.0
0470399864	3.0
0060194995	5.0
0399165363	5.0
0785812873	1.0
0345405609	5.0
0310727618	3.0
0340963646	5.0
0553251473	3.0000000000000004
0553264303	3.0
0738212482	5.0
034553199X	3.0
1400073987	4.0
0472873008	5.0
0345433297	4.0
0809140667	4.0
1592289800	5.0
0805069461	5.0
0375409513	4.0
0739304038	5.0
0805090037	5.000000000000001
0486290735	5.0
0140234020	4.0
0061032425	1.0
B007RGPNL6	4.0
0061473790	4.0
B005M4WAZC	3.0
0312340427	1.0
1565540247	4.0
0395657830	4.0
1573220795	4.0
0373774397	2.0
0821777661	2.0
0451454243	3.4686918784872907
0312591063	4.0
0517415283	5.0
1568600593	3.0
039914787X	4.0
0553380966	4.0
0684836637	5.0
0806527285	2.0
084393607X	5.0
0373777671	2.0
006073132X	5.0
0553502689	5.0
0345396731	5.0
0515090786	5.0
0385302312	5.0
B00D1DXT4C	4.0
0812981618	4.0
034540565X	5.0
1574557203	5.0
1905802412	4.0
0449910857	3.0
1587991594	2.0
0307913090	5.0
0553274325	5.0
1599554623	3.0
0874778999	5.0
0316154563	4.0
0060514558	4.0
0451134699	5.0
0451458621	4.0
0521607825	5.0
0739416383	5.0
0553562738	4.0
0393039765	5.0
0471394513	4.0
0345405633	5.0
0385302320	5.0
0312423667	2.0
0771028725	5.0
0393335542	4.0
0385343078	4.0
0142196193	5.0
0785818596	3.0
0449907481	2.0
0345461371	4.0
0786917989	4.0
0618391126	5.0
0470481560	4.0
1611940575	3.0
014312210X	4.0
0553262564	4.0
0393035158	1.0
0060558121	5.0
0805069429	5.0
0060536357	4.0
0340371862	5.0
0743213017	5.0
0345339703	4.0
0195097319	4.0
0060934387	3.0
0751503827	5.0
0812508645	4.0
0062017357	4.0
0060663235	5.0
0517223651	4.0
0898700809	4.0
B007KMA218	5.0
1573221600	5.0
0340793279	3.0
157954973X	1.0
0553472631	5.0
0553569104	2.0
0393050572	5.0
0060524308	5.0
0962096326	4.0
0553572997	4.0
0899062695	3.8309772587584505
0375431101	5.0
014143984X	4.0
0984673040	2.0
030728090X	1.0
B005UPROJU	3.0
0739407449	3.0
0340920351	5.0
0374166854	1.0
0895261979	5.0
0446554979	3.0
0061015733	4.0
0399151931	5.0
014303880X	5.0
0875093663	5.0
1483994740	5.0
0618127399	5.0
073941965X	4.0
0761144609	2.0
0373285329	1.0
0141439629	4.0
0843951435	4.0
0007124015	4.0
074326049X	5.0
1434838285	4.0
1599792656	5.0
1883513006	3.0
0764553917	5.0
0743496701	5.0
0674060318	5.0
0764222112	4.0
0230611699	5.0
0916938174	4.0
1582343802	5.0
0446572594	4.0
0440211352	3.0
015602800X	5.0
0060754036	2.4052993130520117
0060083816	2.831381948925971
0345511891	1.0
0143119168	4.0
0062012096	4.0
0719552885	5.0
0843951443	4.0
0547144245	3.0
0201608170	3.0
1596912464	5.0
0385741502	4.0
0374503486	5.0
1250001153	3.0
0801020190	4.0
0446554952	4.0
033050603X	5.0
1592851614	4.0
0307932885	5.0
0061929387	3.0
0143036610	5.0
1400076730	5.0
0345533429	3.0
1933633093	4.0
0060817089	4.097049689440994
038532328X	5.0
0671729055	5.0
1401916759	5.0
0312426992	5.0
0345524969	3.0
0345440668	3.0
0452295297	5.0
076534128X	4.0
0140441379	5.0
0099526786	4.0
0060195339	5.0
0805093702	3.0
1591810329	5.0
086543171X	4.0
1439153884	3.0
080211928X	5.0
0783547048	5.0
0007299540	3.0
1593370261	5.0
0395597722	5.0
0618134298	1.0
0393050939	5.0
0399103422	4.0
034545247X	4.0
006085880X	5.0
0966707117	4.0
0979621135	1.0
B0071URWEO	4.0
0385337493	5.0
B0055PJ2X6	3.0
0307950433	4.0
1578560128	4.0
0312998554	1.0
0345526910	3.0
0684849569	5.0
0743454529	5.0
0393328872	4.0
0425240541	5.0
0802803962	4.0
0399160450	4.0
0060759747	5.0
0486275507	5.0
0743496728	5.0
0804120048	4.0
0307743683	5.0
0716737116	5.0
0671047337	5.0
0061056480	3.0
0829420010	5.0
0446358584	4.0
1250007356	4.0
0553583867	5.0
0691149461	5.0
0575077859	5.0
0689110456	5.0
1590202465	3.0
0786114398	5.0
1585101915	4.0
0340920386	5.0
0812971892	5.0
0786173955	5.0
0345391691	5.0
0446305227	4.0
0006514006	1.0
0671725505	3.0
1884365140	5.0
0829420258	5.0
0826415504	5.0
0226264017	5.0
0062110837	4.0
1879045672	5.0
0826415717	5.0
0300104669	5.0
080326111X	5.0
0688085067	5.0
1400073030	4.0
0060936975	4.0
0099297701	1.0
078521299X	3.0
143926466X	2.0
0815724160	4.0
0765317583	5.0
0553101838	4.0
0140390316	5.0
0307743675	5.0
0316779059	4.0
0060520841	5.0
1937178277	5.0
0007447868	4.0
0307408841	5.0
0441014100	3.0
0061969672	3.0
0374191603	3.0
1840463457	5.0
0807511536	5.0
076536302X	3.0
0425025039	2.0
0316095575	2.0
0192835203	4.0
0345533240	2.0
0764224182	4.0
0778324109	4.0
0099496941	5.0
1613824149	5.0
0061147931	4.0
0061906085	3.0
0028636392	1.0
0873371054	5.0
002411510X	2.0
0595311644	4.0
0465092624	5.0
0679764038	5.0
0385516479	5.0
019528478X	1.0
0972394710	3.0
0684863847	5.0
0062336010	4.0
1591477433	5.0
0684856085	4.0
1564586456	4.0
0446537519	3.0
0743269098	2.0
0553578901	4.0
0812970586	4.0
0446364800	4.0
0451525264	5.0
1413319025	5.0
1873982712	3.0
0312278705	4.0
0062200577	4.0
0060937645	5.0
1893554252	5.0
1450755631	3.0
0755355792	3.0
0765300966	4.0
1414334834	4.0
0736908218	4.0
0307743659	5.0
1605126004	3.0
0026009102	5.0
0310258081	4.0
0310218225	4.0
068485628X	4.0
0767904508	3.0
0451525698	5.0
1601421680	4.0
1578562341	4.0
0373773897	3.0
0743228154	4.0
0060584696	5.0
0465092608	5.0
0785127240	5.0
0553280112	3.0
0965922804	5.0
0385411472	1.0
0140296166	5.0
0070038503	3.0
1439184305	3.0
0756404738	4.0
1594200424	5.0
0595143121	4.0
0345417054	2.0
0786714840	5.0
0099491222	2.6651982378854626
0060538791	3.0
0425214052	3.0
0394555090	5.0
0679728163	4.0
0312367546	2.0
0140192468	5.0
0061144835	3.0
0374522839	5.0
0345407490	4.0
0373771487	2.0
0448433400	5.0
0553386891	5.0
034553302X	3.0
0142800376	3.548621190130624
0486291138	5.0
0345337581	5.0
0141439688	5.0
037540158X	5.0
0060506539	4.0
0140288503	4.0
1840182318	3.0
0553582100	5.0
042522094X	3.0
0898707021	5.0
085720873X	3.0000000000000004
0345384733	5.0
1576737489	4.0
0452281725	4.0
0007446977	4.0
1600851215	4.0
0060005777	5.0
1580230814	5.0
0805098542	3.0
0140022651	3.6141439205955335
1879181010	5.0
0671047310	4.0
1402272499	4.0
0764223291	4.0
0440222079	2.0
0399152601	5.0
0452289459	5.0
000728800X	4.0
1886057958	4.0
0060098902	5.0
0823074994	5.0
0345406141	5.0
0312242514	5.0
0394583760	5.0
0451457978	3.0
0385514492	5.0
0345503406	2.0
