0891909478	5.0
030793313X	5.0
0758254091	5.0
003061368X	5.0
B0060D4OEE	5.0
0805078916	5.0
0450023613	1.0
0449909522	1.0
B004WE7NWI	4.0
0802135196	5.0
B005LVV6DI	1.0
0805094725	1.0
0312379293	5.0
0763639311	4.0
1463762232	5.0
B006RAQD30	3.0
0765325950	5.0
0061007358	5.0
1250029880	2.0
B004UWPNJM	5.0
0613170768	2.0
B0038YWLAC	2.0
B0044KM2L2	4.688256977356503
0615442536	5.0
1612186084	2.0
1935597361	3.0
0316955124	5.0
0142411108	3.0
0615553028	2.0
1592248810	3.0
1495266699	5.0
0316098329	5.0
1461039290	5.0
0060541814	3.0
B00GNB998E	1.0
0553380869	5.000000000000001
0143037218	3.0
B00A4443NC	4.0
023076651X	2.0
0061950726	4.0
1612187145	4.0
B00BWSP78E	1.0
0843954639	2.0
0061031542	1.0
148025875X	2.0
0375728228	2.0
007142783X	4.0
0425206580	5.0
0578000512	4.536637099884304
0425226298	5.0
0307275167	3.0
B004PGNIUE	2.0
B00J43ZCMU	5.0
0140390847	3.0
051754489X	4.675557627659314
0764202677	4.0
1118134613	5.0
0557364639	1.0
0142407437	5.0
1475233639	5.0
158182064X	5.0
1449550207	5.0
0805012176	5.0
0606328084	5.000000000000001
B0088INZHG	2.0
0385523211	3.0
0425206157	5.0
0307341569	4.0
0743597222	5.0
1475006314	2.0
1477646558	5.0
1402224281	3.0
1440556555	5.0
0753460858	5.0
0470913045	4.0
B005AX3WSY	5.0
0789751348	5.0
B008LYMHL2	3.0
1478288892	3.0
0425269205	1.0
0156013231	1.0
1402750773	5.0
0553212168	2.0
161218510X	3.0
0230769152	5.0
0984906509	3.0
0793810035	5.0
B009S17UG4	3.0
0886774268	5.000000000000001
038536315X	5.0
068816689X	5.0
B006BHU6W8	5.0
0615228380	5.0
1453722661	2.0
0618024956	4.0
0316096156	1.0
0373129920	1.0
089879045X	5.000000000000001
0061013765	3.0
055328942X	3.586627210596774
0142428280	3.0
0553346156	5.0
B005HAY94Q	4.0
0758238266	3.0
0061020613	5.0
B009N7OVTW	5.0
B003ATPPVM	1.0
0385340281	2.0
0803293364	3.0
031232118X	1.0
0578032147	4.769380599922087
0393308200	4.0
0738213969	3.0
1581603681	2.0
1451628005	5.0
043902353X	5.0
081331951X	4.0
B004JU0J4E	2.0
0425256383	1.0
B004UHLJFO	4.0
0062267884	4.0
0517580497	3.5240172431489274
038532328X	4.0
0345518845	5.0
0307744434	4.0
0312853238	5.0
0449217493	3.0
0886778891	5.000000000000001
006112429X	2.0
0394749308	5.0
0385034598	4.0
0066620538	5.0
0373240228	5.0
0863161189	1.0
0764204904	4.712185397458261
B005GLFWF6	5.0
025320691X	5.0
1477630295	5.000000000000001
0312617933	5.0
1939996163	5.0
1478293810	3.0
0373217692	5.0
1478293934	3.0
031286860X	5.0
0062021338	1.0
076536445X	3.0
0062554468	5.0
B004T3985C	5.0
1420118617	3.0
068817762X	5.000000000000001
B007X526XE	3.0
0099244721	3.0
0517189186	4.941675749634751
0330390287	5.0
B005JTNDEM	4.5412147505422995
0345546881	1.0
B0070IC1XO	1.0
0307943232	5.0
087067935X	5.000000000000001
1461057205	5.000000000000001
B0040JHR8K	2.0
0345461525	5.0
0425269515	1.0
B0015YEQ6O	5.0
B004USOT1Y	3.0
1495920348	1.0
B005RJK9QE	4.0
B004GXBDRG	2.0
1461072514	4.0
0571191290	5.000000000000001
1470168294	1.0
0253203317	5.0
0375829075	5.000000000000001
0316127256	4.0
0316726729	5.0
0345461533	5.0
0553269224	5.0
1479395226	3.0
0945053290	5.0
B003VYCBIG	1.0
0061430773	4.0
0446401269	1.0
0399159207	5.0
1928832415	3.0
0553280945	4.17910085054678
0991379659	4.0
1419957465	3.0
B004R9Q84C	2.0
1402215231	2.0
B004LGS7EU	3.0
0141441038	5.0
0446525537	4.0
B005CDWSBY	2.0
006212532X	5.0
0141039280	5.0
0268015384	4.0
1467979457	1.0
0446518581	3.0
0375435417	2.0
0758200668	5.0
1451525753	1.0
0971354901	5.0
0007317735	3.0
0679801111	5.000000000000001
0945053312	5.0
0879838167	4.0
B003TXS9CQ	3.0
1105089231	1.0
B004TS1NQO	1.0
0805046712	5.0
0969276818	5.0
B00918ALA6	5.0
0140177191	5.0
0545326869	5.0
0060891564	4.0
0380776820	3.0
0140374493	5.0
1257060457	1.0
0793828198	5.0
1936120224	5.0
0345443683	2.0
1567183042	4.0
1463783930	3.0
006207203X	3.0
1451690290	5.0
B003FK5QAG	5.0
0061231673	3.0
0307939693	4.0
0875421180	4.0
B004AYCTLA	1.0
B007YJ3JV2	1.0
0373798032	1.0
0071362967	5.0
0517580519	3.133514369766916
0451456750	1.0
B0045OUOIA	3.0
1612180868	5.0
1414334729	4.0
0471294284	5.0
0062064320	5.0
B00FP872JY	1.0
0945053320	5.0
0982565844	5.0
1558820973	5.0
B004TNIXYY	2.0
0345803485	1.0
B003RWS5Q4	1.0
031220339X	4.0
0310439310	5.0
B004MDLTXS	4.0
B0044KMP78	4.0
0061007129	3.0
0253203635	5.0
0099911701	1.0
1599987422	2.0
1612185843	5.0
0988391317	1.0
0743566572	3.0
1892112000	1.0
B005S0V67I	3.0
067988288X	5.000000000000001
1480267015	5.0
0312673175	3.0
B004PLNNLS	2.0
B003AT11OC	2.0
0945053304	5.0
1401928463	5.0
1593274424	5.0
B00513D9HW	4.0
1599986590	2.0
1940026016	2.0
0060733861	3.0
0865478619	1.0
0758234619	3.0
1592760759	3.0
0099450259	5.0
076272756X	2.0
