1118379764	3.0
0307280721	2.0
B00G8OC1D6	5.0
0739336800	5.0
078694272X	3.0
0689852223	5.0
0425262170	5.0
0060763957	5.0
B00B15Z1P2	1.0
0982770502	4.0
0439176824	5.0
0451457501	2.0
0765326361	4.0
014314376X	1.0
0765325950	3.0
0061957933	4.0
0486449068	2.0
0821775138	1.0
0765331152	2.0
0316187704	3.0
0385479565	3.0
1419607952	4.0
0316404152	3.0
1576737330	1.0
0062079603	2.0
0060524235	5.0
045121062X	1.0
0439284031	5.0
1416521453	3.0
0553108743	1.0
0553588249	4.0
037543318X	4.0
B00JNRLOEW	1.0
0743597923	4.0
0449211177	4.999999999999999
0425241130	3.0
0373802927	4.0
0465057918	3.0
0440970520	5.0
042518109X	2.0
159514062X	2.0
0743271718	3.0
0152045708	2.0
0226816273	2.0
0307711595	4.0
042519485X	1.0
014034893X	1.0
1416563687	4.0
0446520802	4.0
0345481097	5.0
0439136350	5.0
B00CKZQFSY	2.0
0671510053	1.0
0606328084	4.0
0060987464	5.0
0446573302	5.0
B00BVFLY6W	3.0
0373803567	4.0
1608196909	5.0
B00JL6JMR6	3.0
0451464524	1.0
0061784796	5.0
0393050572	2.0
158180928X	1.0
1466271191	4.0
1936393174	3.0
B00HUACEIY	5.0
1406337609	2.0
0425269205	4.0
0061009059	5.0
038700436X	5.0
1456546864	4.0
0230769152	4.0
0679853065	3.0
0425253414	3.0
0609807838	1.0
0380385880	5.0
0375834486	2.0
0091883768	1.0
1453617221	3.0
0060755334	4.0
B00959YEAE	1.0
0316969443	1.0
B00BGC6GG8	5.0
0007124015	4.0
0988060809	3.0
B00KVOJ4ZC	3.0
0553593064	1.0
0316001821	3.0
0470481331	1.0
0759253994	5.0
030728364X	2.9842693325492506
0765326574	1.0
0061493546	3.0000000000000004
0140283331	2.0
0743456173	2.0
0886778751	1.0
0821769340	2.0
0786914041	2.0
0002247399	2.0
037584631X	1.0
1623150310	4.0
0446528323	2.0
0552550299	5.0
0399162496	4.0
1569756821	1.0
B005DR6LJE	1.0
0307275000	2.0
0064472272	5.0
0316009571	3.0
0938349759	5.0
0821758675	5.0
0142302376	3.0
1606411098	5.0
1939455073	4.0
0345533429	4.0
045146379X	2.9999999999999996
0821777734	2.0
0060092645	2.0
0439064864	5.0
006112429X	5.0
098360584X	2.0
162007267X	1.0
0312334893	4.0
0425192024	5.0
0312183011	1.0
0399151060	3.0
0451240901	5.0
0152025286	5.0
0786963719	2.0
0312107935	1.0
0486429857	2.0
0553584391	1.0
0439139597	4.999999999999999
0312864256	1.0
B006RB2BY4	4.0
0425130215	3.0
0986843733	4.0
0399151613	3.0
0451463463	1.0
031605660X	5.0
031261246X	3.0
0062004794	1.0
0399153470	3.0
0345496876	5.0
1461057205	2.0
1618680218	4.0
1931696934	4.0
1935597760	3.0
1416563709	5.0
037582233X	3.0
1940768012	1.0
0152166696	1.0
0099297701	1.0
0984999302	4.0
1481205579	4.0
0316013684	1.0
0765336340	3.0
0881887579	4.0
0007444117	2.0
0996005900	5.0
B00CU6UG9C	2.0
0986843717	4.0
1622410386	2.0
0679726470	3.0
1600050514	2.0
0756407680	1.0
B00FME0DXI	1.0
0743265068	2.0
B00BG04GLM	5.0
B002RKRMSY	5.0
0553591703	1.0
0399105972	3.0
1493766260	5.0
1416563725	2.0
0061433012	1.0
B003JBI0QS	4.0
1453613684	2.0
1402202733	2.0
B00JWZZDE2	1.0
1463684347	4.0
0439023483	3.0
1493627031	1.0
0740777351	5.0
0156032937	2.0
0399157883	2.0
082177462X	2.0
0307986276	2.0
1937007731	4.0
0142405787	4.0
0345522478	3.0
0060953616	1.0
0425241270	1.0
0451456734	2.0
0007423632	1.0
0985039663	2.0
B0083JC1AW	3.0
043920352X	5.0
1597496154	2.0
0385344155	1.0
0307741907	1.0
B007P7ESR2	5.0
B0062CKP2S	5.0
0743266641	1.0
1481006290	5.0
0821775146	2.0
0382243668	5.0
0060937866	1.0
0316035432	3.0
006182660X	1.0
0345352939	3.0
1416520600	4.0
0920151108	2.0
080410929X	3.0
0451464397	4.799965013557246
1416555226	5.0
0441018181	1.0
0967481708	3.0
0061238600	5.0
B00BFJY4IE	3.0
0060194995	5.0
B00HM8ZR7O	4.0
0345457927	1.0
0062011847	3.0
0786956291	1.0
1575580675	1.0
1482377497	4.0
034553199X	3.0
0743442733	1.0
043935806X	4.933359945523282
0983170142	5.0
1495367835	1.0
0399151516	1.0
B009088BMM	1.0
045141912X	4.660215580597747
0380761327	1.0
