0385528701	4.0
1426308647	5.0
0060852550	4.0
0312361874	5.0
0316204366	5.0
1455548987	5.0
0061555177	5.0
1414333269	3.0
1908844469	3.0
0515128554	4.0
0345515501	5.0
0470051418	3.0
0449214222	5.0
1439182795	3.0
0985817089	4.0
0778328406	5.0
0060165413	5.0
B008IU9JJW	5.0
0374532281	5.0
1479321737	5.0
1250002966	3.0
0812972597	4.0
0141181737	3.0
0316198838	4.0
0671016776	4.0
0615477526	2.0
0140349812	4.0
0345528816	4.0
0071438270	5.0
1456547070	5.0
0156007819	4.0
0375724508	5.0
0739448641	3.0
0515128546	4.0
1414333277	4.0
B00IR3ANS6	5.0
0375413553	5.0
B000JQURWQ	1.0
0140036202	5.0
1593080298	2.0
0061555185	5.0
0349139164	5.0
0307947432	3.0
B0056TJOSY	2.0
1480174718	4.0
0941711420	3.0
0439411378	5.0
1466367741	4.0
0142411108	3.0
0615739571	4.0
0062329065	4.0
0758227175	3.0
0373210752	5.0
0345528840	4.0
1439204217	4.0
037543318X	2.0
0002007770	2.0
1451652224	5.0
0446404144	5.0
1453254803	5.0
0865478007	3.0
142312166X	4.0
1593155905	3.0
0373219571	4.0
0061558230	3.0
B00GVRVESS	2.0
0446532452	4.0
1414324324	4.0
1482539705	3.0
0061080632	5.0
0812977823	4.0
0307341542	3.0
098368412X	5.0
0312654197	2.0
0373130546	4.0
1932158820	1.0
1416563687	3.0
1250023882	1.0
0670018287	5.0
1250006082	1.0
0048230782	4.0
077831426X	4.0
1400043123	3.0
0140434135	5.0
0439136350	4.666666666666667
0061558222	3.0
0942396995	4.0
0374349053	2.0
067101675X	5.0
158005191X	5.0
1439192561	5.0
1475023456	5.0
0399146911	3.0
0385660243	5.0
0805095691	5.0
0425250830	3.0
B004RQD3J8	4.0
1410440478	4.0
0441016022	1.0
0803735049	3.0
1451628587	3.0
0373778287	3.0
0553277103	5.0
0062069284	3.0
0786891416	3.0
B0051AOIT8	5.0
0446691097	5.0
042523567X	2.0
0062117432	5.0
038574224X	3.0
0451465849	4.0
1493698486	2.0
1452854343	3.0
B005DA0200	2.0
1475148135	5.0
B0051OU3W0	5.0
0425234355	3.0
0374100969	5.0
0977333809	1.0
0312428235	3.0
1461079853	5.0
1621050130	4.0
0025853503	5.0
0061449091	4.0
0739332414	5.0
1490397302	5.0
0312270933	4.0
0956642209	4.0
0984108300	5.0
0385743114	2.0
0544000137	5.0
1612130763	4.0
B007HBY0VK	3.0
B005MPELOE	3.0
0544104714	4.0
1616951613	5.0
1565892127	5.0
098285580X	3.0
061579615X	1.0
0061449067	5.0
0739357727	3.0
0316055433	5.0
1611790700	5.0
0989283410	5.0
0307272400	4.0
0307749584	4.5
0062071130	4.0
0765327791	3.0
0802118518	5.0
0812977866	5.0
B00BP45LD6	5.0
0983398038	4.0
0399152326	1.0
0801885086	5.0
0470129301	5.0
0061913014	2.0
0373210728	3.0
0446614823	5.0
006208576X	1.0
0312560168	4.0
1416537309	4.0
1590710487	5.0
1857997832	4.0
0738714054	3.0
B0060100DU	5.0
045123023X	3.0
1551661764	4.0
1439190356	4.0
0446564079	2.0
0755355911	4.0
B00847CGV2	5.0
0349113866	3.0
1595143173	5.0
1935279491	4.0
039952438X	2.0
1461093791	3.0
0143121332	5.0
1475002955	4.0
0373261047	4.0
0373285019	4.0
0441018238	5.0
B00BOB130K	5.0
0307476073	5.0
037570406X	3.0
0062310070	4.0
0099581876	3.0
0399158936	5.0
0553593099	3.0
0545424925	4.0
B006NXR7AE	5.0
0374384673	3.0
0060652926	5.0
B004AM5B30	5.0
146631219X	2.0
0345497600	4.0
0985138874	5.0
B00HP3RUWQ	5.0
0988564319	5.0
0553525832	4.0
B00E984UW8	4.0
1476732663	4.0
023070932X	4.0
009953682X	5.0
0451229681	4.0
1484070291	5.0
0765326892	4.0
0671567829	5.0
1572439394	5.0
B00B0LIQFY	5.0
0756622727	4.0
0544034724	2.0
0312383282	3.0
1590587340	5.0
B00IV0OEI0	3.0
0060761288	4.0
0312428286	4.0
B00C334CS8	4.0
1439192987	1.0
1565129237	3.0
0984592687	4.0
034900028X	5.0
1414336365	5.0
1442346965	4.0
0758208022	5.0
B00HTJBDMO	2.0
0778329372	4.0
0307908259	4.0
0553591703	2.0
0452285216	2.5
B003AYEP4A	5.0
0385344325	5.0
0753186578	4.0
B00B2SLHYM	4.0
0143034359	5.0
0140431020	5.0
0545265355	5.0
1402202733	5.0
0385741790	3.0
B00GPX1VAE	4.0
0595359590	3.0
006212109X	4.0
0981608744	4.0
014027815X	5.0
0316210684	4.0
0307279898	4.0
039915678X	5.0
0263872319	3.0
0761462171	2.0
1606600303	5.0
0345435397	4.0
0985777338	4.0
B0045JK2PK	4.0
0307701573	3.0
0345435389	1.0
0140185003	5.0
1935251961	4.0
0732294355	5.0
0452296315	3.0
0553591711	2.0
0425243214	4.0
0975561812	4.0
1477553371	5.0
1439192960	5.0
006207203X	5.0
B00HMUR5QI	4.0
0307956350	5.0
0312360118	4.0
0758206267	4.0
0345423399	5.0
2954168102	4.0
149216318X	5.0
0446579939	3.0
B008LX70HE	4.0
0718178122	5.0
0441013813	3.5
0373125151	1.0
0062072064	5.0
014303961X	3.0
1414324332	2.0
0374157065	5.0
1416539905	2.0
0312942028	4.0
B005342ERA	3.0
0142415901	5.0
B004K1F0E6	5.0
156947219X	5.0
1460991761	2.0
0593057791	5.0
160684038X	4.0
0671692674	5.0
1453774807	5.0
1402735103	5.0
B005C50KA8	4.0
1590582926	5.0
0451462769	3.0
0451208749	4.0
1590587383	4.0
0778303926	4.0
0007149824	5.0
1468161660	2.0
0758268955	2.0
0804177872	4.0
0195374525	1.0
1494414546	5.0
0440217164	4.0
0373128681	3.0
0307595870	5.0
0446614424	3.0
0143123920	5.0
0892963859	5.0
1781082332	3.0
B005M23KQW	4.0
B008BIGEDU	2.0
B00BTIDW4S	5.0
0446402389	5.0
0553591746	5.0
0758208472	5.0
0099474441	5.0
0143118587	5.0
0345505387	2.0
0452285186	4.0
0988468913	3.0
0061789089	5.0
1611940001	4.0
0307277674	3.0
1582976074	5.0
0340793112	4.0
0061138010	3.0
0142002046	3.0
0399157565	2.0
0783149956	2.0
0141345659	4.0
0399156232	2.0
0671319671	5.0
0698103033	1.0
162061135X	4.0
B004ZCIG64	4.0
0671550527	4.0
014200202X	5.0
0142002038	4.0
044101819X	4.0
0140177396	5.0
0449910741	4.0
1477817131	3.0
1480229199	4.0
0842365753	5.0
1402210760	5.0
B004YWQKVS	4.0
0786754133	5.0
0061957933	5.0
1593303130	5.0
0778324850	4.0
1843401878	5.0
0316003360	1.0
0062089641	4.0
0670026395	5.0
0987803794	3.0
B008D6Q4WG	5.0
0451223187	3.0
0307750930	2.5
0989563618	4.0
0718158970	5.0
0312939620	2.0
0345337662	5.0
0263179001	3.0
0312378777	5.0
0061138037	5.0
0307277690	4.0
0393332152	5.0
0743597923	3.0
0142002062	3.0
0425241130	3.0
0679644881	4.0
1582404135	5.0
1556526687	1.0
0345440757	1.0
0312364121	5.0
0984502203	3.0
0349000328	5.0
0765334437	2.0
0982582374	3.0
0743287851	4.0
0307473740	3.0
0060786140	5.0
1846941229	4.0
B006JX1KP6	5.0
0671315285	5.0
0385337515	3.0
1451696779	3.0
0143036939	3.0
0142002054	4.0
0446520802	4.5
0061957917	3.0
1620610078	5.0
160320072X	4.0
B00H91O5YA	5.0
1593372140	4.0
1442457392	5.0
1600610706	4.0
0062235591	2.0
0136105688	5.0
B007A4V37S	4.0
0751536601	5.0
0345511506	5.0
0812555112	3.0
0307907333	5.0
0803736819	5.0
1612181422	5.0
0310214378	3.0
0727880454	4.0
B003X976CA	3.0
0143122231	5.0
1592402216	5.0
0062017683	1.0
0140071083	5.0
0062211196	1.0
1439183163	4.0
0987818821	3.0
0595522297	5.0
0345523962	4.0
0307711773	4.0
0061852716	3.0
1620072475	3.0
0142002070	5.0
B009PSQ96M	5.0
1455576506	3.0
0307473716	5.0
1481968149	4.0
0316051888	5.0
0671836692	4.0
0393072231	5.0
0989050807	5.0
B008RIC62M	4.0
1479369667	5.0
0971618305	4.0
1250005647	1.0
0345533313	2.0
0984893717	1.0
1590582403	4.0
031255513X	3.0
1594487731	5.0
0595409121	3.0
1561632287	4.0
0312426852	5.0
1401201172	3.0
0547640234	4.0
0486414353	5.0
B0080I5GTY	4.0
0345442970	4.0
0345430514	5.0
1409135462	5.0
0439249546	5.0
031257357X	5.0
014017821X	5.0
0373125690	4.0
042518093X	3.0
1616201738	4.0
0061896756	3.0
0547959109	5.0
0545424941	5.0
1423171020	3.0
B0043M6IRA	5.0
006112429X	4.5
0316098116	3.0
1935597264	1.0
0806526025	4.0
0385351852	4.0
0765329069	1.0
1416550860	3.0
0525951059	2.0
B0084BMUFA	5.0
0425198243	4.0
0307276740	5.0
0064400972	4.0
1451617526	4.0
0989050858	4.0
0743467728	4.5
0985455284	4.0
0316235024	5.0
0761119167	5.0
0399158022	4.0
0062128027	4.0
0307378403	5.0
0399159347	5.0
0988668408	4.0
0553824813	5.0
0679760806	5.0
0312868855	5.0
0312867522	1.0
1423183096	5.0
B00DI7HNXE	5.0
B0045OUSV8	3.0
0062290363	3.0
1586421263	5.0
0575096470	1.0
0451461045	3.0
1590582411	5.0
0345458915	5.0
1439102112	5.0
0857208675	5.0
1479222038	4.0
0821924060	5.0
B007ED610Y	2.0
0778325784	5.0
0684849690	5.0
0870540394	3.0
0060735422	3.0
0440215439	4.0
0060010800	4.0
0140157379	5.0
B000JMLBHU	5.0
1623954711	5.0
1569472203	5.0
0356502740	5.0
061832996X	5.0
0802122140	4.0
0316211079	4.0
0812969006	5.0
0878331700	4.0
144235948X	4.0
0345511565	5.0
0738709972	5.0
1595826106	3.0
0141439769	5.0
B005ZUV64E	5.0
0671040839	5.0
0786014539	5.0
1466440961	4.5
0525426582	5.0
B00AD6C1I0	5.0
1908844965	5.0
0316075841	5.0
149224158X	5.0
1849710813	3.0
0345532031	5.0
1478317450	5.0
0452271878	3.0
1451661215	3.5
0192835793	5.0
1568386214	3.0
B005QUIZ1U	5.0
B0049P1NQ2	5.0
0307452417	5.0
0575096497	5.0
1583333908	5.0
0356502759	4.0
0345458931	5.0
0156439611	5.0
1416583327	4.0
0985258659	4.0
0547868715	4.0
1416563725	2.0
0307378411	5.0
031620126X	2.0
1466203897	4.0
0062128051	3.0
0152164154	5.0
0060735449	4.0
0099525372	3.0
0140089225	4.0
0809493780	5.0
0307595080	4.0
0545354420	4.0
B005QOU5NW	5.0
0743579631	5.0
014241557X	5.0
0761457259	3.0
0553132431	5.0
147000870X	5.0
B00HHWTZAK	5.0
B00632R0W0	3.0
0060735457	4.0
0505527847	5.0
0670038717	5.0
0812970497	1.0
1902602692	4.0
0061210056	4.0
B00DL011JU	4.0
0330448854	5.0
0465020445	5.0
0062267140	4.0
1475210280	5.0
147009469X	2.0
0894860127	5.0
1460985990	3.0
1892950138	4.0
0545502047	3.0
0517580519	2.0
0385528752	5.0
0671001256	3.0
1602861110	1.0
1492807516	5.0
1620610094	4.0
1416938745	4.0
0312370830	3.0
1595141758	4.0
0425188485	5.0
B004FGMT4U	5.0
0684850605	4.0
B00F1J5P00	3.0
0062280546	5.0
039396647X	3.0
0778326691	5.0
0060852577	5.0
0984338195	2.0
B006VD56J0	5.0
0985739401	3.0
1442445807	4.0
0983935114	2.0
0345526619	5.0
0061453056	3.0
B0045OUST0	5.0
1476735247	5.0
1626390509	5.0
1449821146	4.0
0985374217	5.0
0375831002	4.0
0393081575	5.0
0143116851	5.0
B006PL9ZPY	4.0
156947043X	4.0
1477808647	4.0
0307276732	5.0
1401928226	5.0
1250003059	2.0
0802146120	3.0
0451410319	4.0
1921758112	5.0
0345450175	4.0
0062027875	4.0
0316243914	5.0
1940534216	5.0
0804137889	5.0
1556438001	3.0
077832317X	5.0
0380813947	4.0
0316053643	4.0
B002UKOWM0	3.0
0399157182	5.0
0061558265	4.0
0312262469	5.0
0062213784	4.0
0345434943	5.0
067977632X	5.0
0802118925	1.0
0716728710	5.0
0312383304	4.0
0316067369	5.0
0143143646	3.0
0765326353	3.0
193281518X	3.0
0778320804	5.0
0743471385	5.0
1416563792	3.0
0345495934	3.0
0373127480	3.0
0345447859	5.0
0971727988	5.0
0615575072	5.0
9652292672	5.0
0062060783	5.0
0061950998	4.0
0743289455	4.0
0525953728	1.0
B0069A5J8S	5.0
145162607X	1.0
006121468X	3.6666666666666665
0425227723	2.0
0142001740	5.0
148003584X	2.0
0425257150	4.0
1481076817	4.0
0307582884	3.5
B003SX125S	2.0
0061775126	5.0
0743418700	4.0
0143115189	5.0
0312658877	4.0
084235090X	5.0
0316105953	5.0
0553258524	1.0
0385720327	5.0
0143120514	5.0
B00CATSONE	4.0
0060002107	4.0
0306816555	4.0
0345515633	5.0
1419609580	4.0
0307237540	4.0
0307475255	5.0
0984817301	5.0
1439156379	4.0
0765329883	3.0
037570924X	3.0
034552893X	4.5
0425257169	4.0
0743471369	1.0
006074748X	5.0
0976804034	5.0
0385351372	5.0
1476751447	1.0
0062257803	1.5
0312383320	3.0
1586638440	5.0
0743554434	4.5
034549590X	3.0
0684809966	5.0
0143143670	3.0
0451235843	5.0
1591792088	5.0
0340687517	4.0
0739421042	1.0
0316044695	5.0
0312872178	4.0
026316246X	4.0
0735200300	5.0
0060599677	4.0
038534905X	2.0
0515147184	1.0
1586215647	5.0
1447213238	4.0
1410452107	5.0
0679727299	5.0
0062201808	3.0
0373062664	5.0
0099472589	5.0
030758903X	4.0
0307387879	4.0
030747304X	5.0
0615867774	5.0
0060987103	2.0
B008THBI0C	4.0
1605291471	4.0
0345545087	2.0
B004GXB2DG	4.0
190884437X	4.0
0316013943	4.0
0062009494	5.0
0547934874	5.0
B00HRFJTGM	4.0
0982705611	3.0
0451202945	5.0
1453616381	5.0
1476717516	4.0
0316037915	4.0
0345545079	2.0
0613092872	4.0
0061147958	5.0
0786013141	5.0
B009MZQP0I	4.0
B008X7JUH6	5.0
0345525485	3.0
0061720852	5.0
0758273363	2.0
B00DYV1GGO	3.0
0451218043	4.0
1937007588	5.0
0060853972	3.0
1416989412	4.0
0263792447	5.0
0425201147	4.0
1453722661	5.0
0778327000	4.0
0060554738	5.0
1597894710	4.0
B007QGQDN4	5.0
B00D09TPV8	5.0
0345528506	5.0
0451219368	4.0
0345447832	5.0
0425269590	5.0
0615741932	3.0
1442402849	2.0
0345423429	4.0
0451223829	4.0
0778314189	3.0
098477890X	4.0
1401210678	3.0
1402208804	4.0
0140079459	4.0
0446561932	2.0
073935650X	5.0
B0032UDUPW	5.0
0743457013	5.0
145583145X	5.0
0451462491	5.0
0446673560	2.0
0060504072	5.0
0446569895	5.0
1582406197	4.0
1616951966	2.0
1889186716	5.0
1622661583	3.0
006197806X	3.0
0345527682	3.5
0425133516	5.0
006123950X	4.0
1612185339	5.0
1590710126	5.0
0441016154	5.0
1439156352	4.0
0307395057	5.0
0312264127	5.0
0981563619	4.0
0425227731	4.0
0451413431	3.0
0132599686	3.0
1579546951	4.0
0451239350	4.0
1401300065	4.0
0373125224	4.0
0982139225	2.0
B005UHJ04U	4.0
0316034045	2.0
0451228219	4.0
1937698785	5.0
B006S3FAR6	5.0
0307749436	3.0
1423139933	3.0
0758222653	1.0
0811877825	5.0
1556114931	3.0
0812974018	5.0
0312427050	4.0
1477578978	4.0
0375705287	5.0
147813223X	2.0
0310240506	4.0
1107609178	4.0
1469248387	3.0
0375830995	4.0
1611940877	3.0
0385336608	2.0
0140099956	5.0
1477588779	4.0
0062008110	5.0
0099421860	3.0
0316036218	4.0
0061137316	5.0
071563318X	5.0
0330294911	4.5
B005EC6RAQ	5.0
0060889578	3.0
045123801X	5.0
1466306882	4.0
0804165742	4.0
0778328376	4.0
B004V49BLU	1.0
1613820259	5.0
0198326769	3.5
1590586344	5.0
0957716540	4.0
0425171698	5.0
0140282963	4.0
067164842X	5.0
0451419618	1.0
1416540296	2.0
0373125240	4.0
193732947X	5.0
1400108268	3.0
0375420835	3.0
1591823269	3.0
1492342416	3.0
0062021559	4.0
0385346859	5.0
B00BIH9VBI	5.0
1480170402	4.0
0451419626	5.0
1482553295	5.0
1468157248	5.0
148110019X	5.0
1595143068	5.0
047324893X	4.0
1406332933	2.0
1611099838	5.0
074325080X	3.0
0316199869	2.0
0141441038	5.0
1841957976	5.0
0425196992	5.0
0755303385	4.5
0691150133	5.0
0062224077	5.0
0316034010	4.0
0446573094	3.0
B005OGJJ34	3.0
1469984202	5.0
0345464818	3.0
1466266732	5.0
155022798X	4.0
0440022754	5.0
0982555075	5.0
1442187697	5.0
149292699X	5.0
0373210493	3.0
B002B9MGIM	3.0
0740791389	4.0
1627000437	5.0
0307278441	3.0
1620071797	4.0
0316105120	4.0
B0080GUO6Q	3.0
0230115713	3.0
0385349947	5.0
0446545864	5.0
1565126068	5.0
B007HTV5MY	3.0
1420930591	5.0
0446533408	3.0
0983160368	5.0
0307338444	5.0
0316069515	4.0
0743241924	2.0
0099533014	4.0
0330453866	2.0
0399525173	4.0
074329047X	5.0
0307741907	3.0
1450572375	3.0
0316545031	5.0
0142428094	3.0
1494918943	5.0
0618095012	5.0
B00CC68QCO	4.0
0307477479	1.0
1620073994	4.0
1590582802	5.0
1416541187	5.0
0486280837	5.0
B000KK7R6A	5.0
0099429799	3.0
0330419668	3.0
B00BKE5AR8	5.0
0345478185	1.0
0871164841	5.0
1599982897	5.0
006202065X	4.0
0143118234	4.5
B005H5T6LW	3.0
0451230515	2.0
0399154469	3.0
1906125147	5.0
0312383355	4.0
141433558X	4.0
0578120763	4.0
0385532458	3.0
0385512864	3.0
B00G0XWSAG	3.0
031605755X	5.0
0982555032	1.0
0971727961	5.0
0007442920	4.75
0375760911	5.0
0061053589	2.0
0345495969	2.0
0735642281	5.0
0806526300	4.0
0451232704	4.0
1582979928	3.0
0778323501	4.0
0373210450	5.0
0380817772	4.0
B004H1T9NC	4.0
0307387089	5.0
0399156119	2.0
031609756X	4.0
1439126054	4.0
0425221628	4.0
0316176362	3.0
0553214497	3.0
1484069684	3.0
0739376934	5.0
1599631342	4.0
0345360788	4.0
B00B6E4B2C	4.0
0547959214	3.0
1596438924	2.0
0786851716	4.0
0806527285	4.0
0547330790	5.0
1592402135	2.0
0060972459	4.0
1406330337	4.0
193363300X	3.0
0805094601	5.0
1477817255	4.0
0061083461	4.0
0374372837	3.0
0380815583	3.0
B00GGA5D5U	4.0
0142004332	5.0
0340899751	5.0
0441011675	4.0
0821763490	5.0
0743572750	4.0
B008T4T974	4.0
0547959206	4.0
0821766996	2.0
0373791712	2.0
9881989590	5.0
B00BJW6AIE	4.0
1410423271	4.0
1935597361	2.0
B005KHI2KS	4.0
0307474712	4.0
B00HKMYCQY	4.0
1423171179	4.0
0441014739	3.5
080508925X	4.0
0061451622	5.0
0062067753	3.0
0312595689	5.0
1476737983	4.0
0439339308	2.0
0615809057	3.0
0778324745	4.0
1612186173	4.0
1423171187	5.0
0671047515	5.0
0446573019	2.0
0374324727	4.0
0373223285	4.0
B00GPDYL74	5.0
1624670865	3.0
0385350848	4.0
0740763660	5.0
0517578131	1.0
1495908631	5.0
067002628X	4.0
0062121308	4.0
1470068982	4.0
B00C2SNR12	5.0
145288126X	4.0
0765330377	3.0
0141034262	4.5
1478239409	5.0
0316038326	2.0
0316777730	5.0
1494738147	5.0
0307395987	5.0
0140443355	5.0
B006QA73KI	4.0
0992504627	3.0
0007230206	3.0
184728924X	5.0
0988698706	5.0
B00AD2DM4G	5.0
B00492CNHI	4.0
1848876076	5.0
1608196119	3.0
0373132085	4.0
B003AT107A	5.0
0679643656	5.0
0316089516	3.0
0440222699	3.0
1605421014	5.0
1439152780	5.0
0312869002	3.0
0143142801	5.0
0151012768	5.0
0143112538	2.0
0316036137	5.0
0060535202	5.0
0981279007	3.0
0316018724	1.3333333333333333
146816211X	3.0
0765324946	3.0
006206777X	4.0
B004LROPC2	5.0
B006Q648F0	1.0
072788140X	5.0
0878392343	5.0
1589232550	3.0
0743570537	5.0
145281709X	4.0
0140430032	5.0
1414316348	3.0
0375421327	3.0
055310053X	5.0
0241954290	5.0
1594486522	4.0
039304050X	5.0
1416997857	4.0
0399156135	3.0
1620958813	4.0
0684853159	3.0
0373768931	3.0
B008CY7COS	4.0
1463646852	5.0
0778322122	5.0
034552361X	4.0
0026309106	3.0
0060890096	4.0
0983492700	5.0
0385349408	5.0
1453815325	4.0
0486412296	2.0
0061731161	2.0
B004DI7KI0	3.0
0843951443	2.0
006075995X	3.0
1612187064	4.0
0230108938	5.0
1416549994	5.0
0140041796	4.0
0345407865	4.0
0345533429	5.0
1935661981	4.0
0316027650	3.0
0452298563	5.0
B00365FIG2	4.0
1416563806	4.0
0345335309	5.0
1470077892	4.5
0312642962	5.0
0976180480	3.0
0786951435	4.0
0307951154	5.0
1451533969	3.0
1590581431	5.0
0060936363	2.0
0609807013	5.0
B0040SXTUG	4.0
0739331191	5.0
6071109094	5.0
0385340656	4.0
1416562982	4.0
0316211176	4.0
0515126772	4.0
1463646429	5.0
1478184248	4.0
0399158375	4.0
0062210343	4.0
B006H6BDRA	5.0
0446601977	5.0
143276702X	5.0
1582403589	5.0
0373131593	4.0
0767916921	5.0
0758216416	3.0
1427201412	3.0
1937593800	4.0
0985236744	3.0
0307743683	4.0
0316666009	5.0
0373221959	4.0
006083482X	4.0
0425206866	5.0
0061214736	4.0
B00I4Q9FRG	5.0
0316216852	3.0
1934755036	5.0
1423175123	3.0
1417808268	4.0
0982520409	5.0
1481821628	3.0
0805242449	5.0
0670014656	3.0
0965471667	5.0
0007281447	5.0
1118092732	4.0
1561586277	5.0
0143115693	5.0
0778322157	5.0
0983574219	1.0
1590582780	5.0
0316097519	3.3333333333333335
1606192108	5.0
0143118706	4.0
1480286923	4.0
0099461846	5.0
074327752X	1.0
1573220736	5.0
0750946083	4.0
0778323498	5.0
0007447868	2.0
0978508440	4.0
0983492743	5.0
0399159207	4.0
1477816348	4.0
B008DVVLYW	5.0
030723746X	1.0
1937254232	3.0
0312577869	5.0
0061147931	4.0
0446525774	3.0
1897562454	4.0
0345521021	2.0
1461142164	3.0
0312168780	5.0
162266020X	5.0
0060506725	1.0
1582404879	5.0
0764204335	4.0
0778325687	4.0
0441015662	4.0
0374380864	1.0
1908844833	3.0
0205658628	1.0
0310209307	5.0
1597266647	5.0
0380759489	4.0
B00AHOLJJU	5.0
1445605783	3.0
1602828644	4.0
0307272222	4.0
0983992207	4.0
0765304090	2.0
0874776929	5.0
B00GR8DUGU	3.0
0312423055	5.0
019521952X	5.0
0307273555	4.0
1599909405	2.0
0706415639	4.0
1409136612	5.0
0718159055	3.0
0312380755	1.0
061598052X	4.0
1608196992	5.0
0062187546	3.0
B004MMEIEQ	5.0
1492386944	5.0
0425257177	5.0
0446572985	4.0
1429231289	5.0
0399231439	2.0
0307273563	5.0
1439184305	2.0
0557569567	1.0
1416505598	5.0
B00B1Z81CM	5.0
190884440X	4.0
031092605X	5.0
0316332224	5.0
1935279505	4.0
0670015547	4.0
0060889934	3.0
B00CJOIQ6A	4.0
B009XNG7RA	5.0
0767917804	5.0
0975324608	4.0
042513699X	5.0
0312193300	5.0
1250003164	5.0
1469934477	4.0
1406330396	2.0
034553302X	4.0
0452267455	4.0
1439191050	3.0
0141439688	4.0
B00DK8L8Z0	5.0
0307273571	4.0
0778313255	5.0
085720873X	5.0
0060764902	3.0
0553271865	5.0
B00AQUTOJW	4.0
B006H4DBA4	5.0
0842373624	5.0
1444707264	5.0
140006676X	1.0
0307960498	5.0
0316036196	2.0
B005O079FA	5.0
1477849270	3.0
0743597176	1.0
0345804589	5.0
0743599357	2.0
B00305CY5Q	4.0
0316018783	5.0
0062280678	2.0
0385493703	4.0
0345536533	3.0
098585331X	4.0
0345456831	4.0
0306809060	2.0
0060098902	3.0
B00CW0WJAA	3.0
B006FOIOP8	3.0
043935806X	5.0
0143121073	5.0
0765338289	5.0
1597776394	1.0
0307360814	4.5
0989527417	1.0
031286504X	5.0
0316097543	4.0
0345528921	5.0
0143112120	5.0
0312611676	5.0
B006IYSCHA	5.0
B003C1R5CA	5.0
1482066300	4.0
0141040343	5.0
0441019730	2.0
0062114131	4.0
0743292510	2.0
0805094164	3.0
0743244427	5.0
0981646816	5.0
0060510609	4.0
0399149392	4.0
1571201041	5.0
1590580079	4.0
1484188497	5.0
0340951982	2.0
0345509056	5.0
1451657706	5.0
0811807673	5.0
B004WSQCS0	4.0
0310739306	2.0
1612184340	5.0
B00JXO4WGW	1.0
0061582573	5.0
0385660065	4.0
1250001404	5.0
146793240X	4.0
143925382X	3.0
0312348649	5.0
1608320731	2.0
1585426474	5.0
B008E0P1NO	5.0
034550903X	3.0
0373210515	5.0
0671041525	4.0
0983526648	3.0
0684854848	5.0
0385517831	2.0
B008YQJEFY	4.0
0786866640	5.0
1442348089	3.5
0446694304	2.0
1565126807	2.0
0385742010	1.5
1414323239	3.0
0812973224	5.0
0307949826	3.0
156947236X	5.0
0345443586	1.0
0670024783	4.0
1590583140	5.0
1590585321	4.0
0578000512	4.0
0385743343	3.0
0141439491	4.0
1439102856	5.0
0865479100	3.0
0307387992	5.0
0778326020	4.0
0060577304	5.0
0375869069	4.0
0615878776	4.0
1607065967	5.0
1479124591	2.0
0385618980	4.0
1453696113	2.0
1463790929	3.0
0143037234	5.0
034544356X	2.5
080509329X	4.0
0345443578	2.0
0385618506	1.0
B00359FHZ6	3.0
014311526X	5.0
1600596916	5.0
0061926515	4.0
1468087797	4.0
0758203381	1.0
1476730601	5.0
0061767891	4.0
B009GK36B0	4.0
0385340176	4.0
B005FC0MX8	3.0
1479160210	5.0
0425263908	2.0
140221894X	4.0
B00CRTELBQ	2.0
0751551678	4.0
0743223527	5.0
0062094475	4.0
067155302X	5.0
B007EZM98U	4.0
006211851X	1.0
1406337609	4.0
149233930X	4.0
0425269205	5.0
1499382669	2.0
0340979496	2.0
0375851798	3.0
0743260945	5.0
B008F0EMN8	3.0
0743471210	5.0
0385536518	4.0
0545615402	5.0
1439102430	5.0
0679463364	5.0
0452284988	5.0
1400043387	3.0
1613820976	5.0
1453813853	3.0
1590516737	5.0
0778320731	5.0
031621082X	4.0
0385722435	5.0
0316024961	3.0
B006KZ7QI8	4.0
0399162380	2.0
0300098227	5.0
0316001821	5.0
1476718970	3.0
0307596907	2.0
0942679210	5.0
0439339278	3.0
0307454894	5.0
0983157200	3.5
0449815978	3.0
0062217070	2.0
0743471202	4.0
B004SOQ0SK	5.0
0615636497	5.0
0385376111	1.0
B007GE8HCG	3.0
0753823152	5.0
0425263924	2.0
0385525893	4.0
B005PHLZ0C	2.0
0988264242	1.0
B0012JQZN4	5.0
0345477367	3.0
1291222510	3.0
0670786152	3.0
0739458213	5.0
031232118X	5.0
1616145315	4.0
0892215534	5.0
0141301066	5.0
0957091907	4.0
0345534093	4.0
1439102414	3.0
0316209864	3.0
0786183616	5.0
0425263916	4.0
0765368080	4.0
0425256383	1.5
1416563482	4.0
B00DJF1M00	1.0
0486242056	2.0
0340822775	5.0
0764551043	1.0
1461098378	4.0
0307740994	3.0
0805094598	5.0
0143035096	4.0
B00FI2RU6C	5.0
0312349513	4.0
0316036919	3.3333333333333335
1451675542	3.0
148399600X	1.0
0224090577	3.0
0615153488	2.0
B00B9EQ2FS	1.0
0307739538	3.0
0151013047	1.0
B004BA52W6	2.0
0385495536	5.0
1426707622	2.0
0345428811	4.0
1492300683	3.0
0802734189	4.0
0764599011	4.0
0330419129	5.0
1410422445	5.0
1451671601	3.0
0385341067	4.0
0486451429	5.0
1932958010	1.0
0099464462	5.0
0375870415	4.0
B0078XG13W	5.0
0470630000	4.0
1452110107	3.0
1600592929	5.0
0975264028	3.0
0307932583	4.0
1481151630	4.0
0553591924	5.0
B00FIL33ZA	4.0
0345539788	5.0
1453812954	4.0
B00JQHZRZQ	5.0
0060852720	2.0
0989435113	4.0
1556526024	4.0
B0061YAUG8	4.0
0452288509	4.0
B0092XHPWM	4.0
088029700X	2.0
0451450965	5.0
0451229444	5.0
B007CLBOZU	4.0
0060890681	5.0
B00BCKNNOM	5.0
0307977463	4.0
B004X22MSE	4.0
0316096199	4.0
0061935085	4.0
0140306013	5.0
006222851X	5.0
1449342418	5.0
0385376154	4.0
0345528204	5.0
1908844280	4.0
0143170090	3.0
0446539252	5.0
0061939897	2.5
039306221X	5.0
0465013058	5.0
B009U5TCKU	5.0
0451229452	5.0
0385265204	5.0
0312358091	1.0
0307269868	5.0
1461185750	2.0
1616143576	3.0
193247014X	5.0
0061537934	4.333333333333333
0452296579	2.0
1560978694	5.0
0452281091	3.0
1423101456	5.0
0671447343	4.0
0151011214	3.0
0763641677	5.0
B00AHE23SQ	3.0
074359679X	4.0
B00FILC2FM	3.0
0345470362	5.0
B0056372HA	3.0
0316219223	4.0
147674355X	4.0
0345434226	5.0
0525948406	1.0
0732297656	4.0
1451655592	5.0
0060392452	1.0
1461138582	3.0
031217005X	5.0
1401303498	3.5
077832382X	4.0
B005Q13DU2	3.0
1477625216	4.0
0385344139	4.0
076420615X	3.0
0451236165	1.0
0778300676	4.0
0007269072	2.0
014132855X	5.0
0099526832	3.0
0672523833	4.0
0316735655	4.0
B00ATAUZK6	2.0
0060878061	3.0
0673461750	4.0
0500051062	5.0
1416915060	5.0
0857663453	5.0
0345391810	5.0
0425230155	5.0
1426707673	2.0
006055469X	3.0
0385338708	5.0
0375700757	4.0
1480238279	5.0
0307277488	5.0
0451419707	5.0
0060765895	3.0
0345807154	5.0
B00I28FIEU	5.0
0743573641	4.0
0061997749	2.0
0349131481	4.0
030733855X	3.0
0061733636	4.5
1250012570	5.0
0345413369	4.0
1609185048	5.0
0758220324	5.0
0765334224	2.0
0800758471	4.0
0307379086	5.0
1590200918	3.0
1605294454	5.0
1480587117	4.0
0345509889	4.0
1442362383	3.5
1477669337	4.0
0373210558	3.0
0385495552	5.0
0877796394	3.0
B004EHZRO4	5.0
0786958464	4.0
0812550846	2.0
0425200302	4.0
1439142009	2.0
0374266328	4.0
1250001412	5.0
0965651398	5.0
0987417665	3.0
0142003220	4.0
1482311461	3.0
0609810251	4.0
1442344989	5.0
0812976363	5.0
0575018712	3.0
0061668036	4.0
0929712714	5.0
1492707872	5.0
160529442X	4.0
0099450259	2.0
1480088439	4.0
0316776963	5.0
0316176486	4.0
0061449202	4.0
0758225652	1.0
1490904387	5.0
1478183438	5.0
0345476972	5.0
0451465261	2.0
0825672732	5.0
0307950395	5.0
0451213599	4.0
0525953043	4.0
1492902144	3.0
158243719X	3.0
0307474844	4.0
1612580556	4.0
159558921X	4.0
B00J4XVNS2	5.0
1481194402	5.0
0316097446	2.0
1423113381	4.0
0385425139	5.0
0307265439	3.0
0758225644	2.0
0816689407	5.0
0307932508	4.0
0007337701	5.0
098412585X	3.0
1453887660	4.0
1475045964	3.0
034096314X	5.0
1423148495	3.0
0316910333	1.0
0345476999	4.0
1590580427	5.0
0316098329	5.0
0718155238	3.0
145162882X	3.0
0312380852	5.0
0380820846	4.0
1609366867	3.0
0307358666	5.0
0385751877	4.0
0312354568	4.0
162649049X	5.0
0151008116	4.333333333333333
1616951370	3.0
0140281118	5.0
0143122010	5.0
0671550306	3.0
0786951346	3.0
0345413377	4.0
0062117181	5.0
014242823X	2.0
1572420022	5.0
0778325954	4.0
1596686332	5.0
0399142282	3.0
0316066737	5.0
0316211222	4.0
0765347504	4.0
0606238409	5.0
0988273608	5.0
0060723912	4.0
1939455030	4.0
0670016780	5.0
0060529709	4.0
0061864501	2.0
0307379108	3.0
1480567981	5.0
0449807819	4.0
B00FV4IT7Q	5.0
0425263150	4.0
0525952187	3.0
0738712515	4.0
0316098795	5.0
0316097462	4.0
1475081960	4.0
0786963751	4.0
0307987647	3.0
0307381463	3.0
014241977X	3.0
031242440X	4.0
1402750641	4.0
0800730445	4.0
1932173749	3.0
149124867X	5.0
0553808133	2.0
0099505967	5.0
098724003X	4.0
0143038923	5.0
0804107386	4.0
1844482081	5.0
0615539211	3.0
0307459659	5.0
0060927569	5.0
031605609X	4.0
0316399612	5.0
0316097497	3.5
038533429X	5.0
0345395328	5.0
0385339518	5.0
014303541X	5.0
B00H9MJL48	3.0
1291259007	5.0
1442429518	1.0
0307932540	4.0
0142003166	3.0
0307277887	5.0
0380820854	4.0
0060898925	2.0
B00C4QSABO	3.0
0374532907	4.0
0062130145	1.0
B008IEJTSE	4.0
0979962447	5.0
0345546830	4.0
1475043740	4.0
B008R5185G	4.0
0578095351	4.0
077832379X	4.0
0306821427	3.0
0802135668	4.0
0307917371	4.0
1937329283	4.0
1857885783	5.0
1423119991	4.0
0007267622	1.0
0764204807	2.0
0064408639	3.0
0373123264	3.0
0848804236	4.0
0425253325	4.0
0060951605	3.0
0062230921	2.0
0312423586	4.0
1566251826	5.0
0061458589	4.0
1607060760	5.0
0310250684	3.0
0547328184	3.0
0802119166	5.0
1475007671	5.0
0857521012	5.0
0141034599	4.0
0142004030	5.0
0876857632	4.0
0064408647	3.0
0985428732	5.0
0778312690	4.0
0143121103	3.0
0393038580	5.0
078696460X	1.0
0307744434	3.5
1586087967	3.0
0141188936	3.0
1582406987	3.0
0345546857	3.0
0439064864	4.0
159030599X	5.0
031264065X	3.5
0679759611	5.0
1491014334	5.0
0307884848	5.0
0062118455	5.0
1439100187	3.0
144237134X	5.0
0316507415	3.0
1452659370	4.0
0802121071	5.0
140632132X	5.0
0099558068	4.0
0060777044	3.0
B007PK3PE6	4.0
0345464109	5.0
073643030X	3.0
078601430X	5.0
0062207296	1.0
0470044950	1.0
0439139597	5.0
0060882131	1.0
B0076O2JKW	3.0
0330421573	5.0
0547628382	5.0
077832334X	5.0
0312547730	5.0
1250021529	5.0
0991374541	5.0
061575712X	4.0
0307388468	2.0
0310235944	5.0
1616952636	2.0
0140249494	5.0
1602827885	3.0
0061448761	5.0
0061655511	2.0
0988047217	5.0
0312547749	5.0
0241952557	4.0
0800733592	4.0
0060175400	5.0
0380718839	5.0
1602600716	4.0
0855329904	5.0
0786965118	4.0
1451674775	1.0
0425272486	4.0
0385340990	3.5
0399157395	5.0
0986602876	2.0
0307712842	5.0
1481113704	4.0
B0049U4CCE	1.0
0312323859	5.0
0374275637	5.0
140222513X	3.0
0739369466	3.0
B00IGUOMGY	1.0
031622328X	4.0
0142001805	5.0
0060882158	3.0
0380800829	4.0
0307884821	4.0
0399146245	3.0
0865479186	5.0
0743471199	4.0
140004460X	3.0
0307346609	5.0
0758238576	3.0
1908505540	5.0
0451233166	5.0
1490371788	4.0
0778315762	5.0
1469241943	3.0
1449030149	3.0
0553816195	4.0
1439198837	2.0
0618221255	4.0
1620403013	1.0
0062102907	3.0
0979206707	3.0
0439023483	4.5
0547519737	4.0
1250048133	1.0
0547617283	4.0
0515075299	4.0
0679756973	4.0
1484155912	4.0
0345468902	5.0
0061214655	4.0
0525953884	3.0
1890159239	5.0
1478395117	4.0
B00BTRSOJ2	4.0
1605298387	4.0
1568584377	5.0
0062127373	5.0
1846972531	5.0
0142500402	4.0
0316097403	3.0
B009YAVVAU	3.0
1495956806	4.0
0439023491	4.666666666666667
043920352X	5.0
0316739111	3.0
0345499662	2.0
0312858868	3.0
1414334729	5.0
0375836942	4.0
0140363912	4.0
0061707805	5.0
B0036Z9YEE	4.0
0767915747	4.0
0307593916	4.0
1494263378	5.0
1482663031	5.0
B006P5FDK6	4.0
0373250576	4.0
0451458923	2.0
0399149325	1.0
1907504036	3.0
1250006317	5.0
082178028X	4.0
0553106368	5.0
0451220277	4.0
0316074314	4.5
B00JJPAAKW	5.0
0312426216	5.0
0439981409	4.0
1401302629	3.0
0375432183	5.0
0345544293	1.0
0571139671	4.0
0615677878	2.0
042518739X	5.0
1483944336	3.0
0743566572	4.0
161614405X	5.0
0671516884	5.0
B008HX72DU	2.0
1590583582	5.0
0393045250	5.0
B00I11X2PK	3.0
1250006325	5.0
0060794410	5.0
1477809732	3.0
0425261336	4.0
0425237249	5.0
1456522736	4.0
0738713805	4.0
0802798209	4.0
0312552262	4.0
1451617755	3.0
1439276552	5.0
0449911888	5.0
0545296706	4.0
0316010707	5.0
0060888741	4.0
039915910X	5.0
0316228532	5.0
1937053148	5.0
0312203063	4.0
0395907284	5.0
1932420207	5.0
0825420164	1.0
0425205681	5.0
0373130899	4.0
B00761LCTY	3.0
1439102767	5.0
031233981X	5.0
1250037956	5.0
0062244752	4.0
030793313X	4.0
1456401580	5.0
1610390296	1.0
0312315856	4.0
0802140300	2.0
0873282167	5.0
1844012700	1.0
B00H2H50UE	5.0
0062297295	2.0
0061985848	4.0
0451151224	5.0
1455512427	4.0
0142002836	4.0
B005CBA5ZM	3.0
0615365825	4.0
1475264127	4.0
B007SNF3CM	5.0
B006CPAP9I	4.0
030740515X	3.0
B0089LQGKK	5.0
B006BDROK4	4.0
1416983082	4.0
0062060554	5.0
031235195X	1.0
0764204084	4.0
0345549627	5.0
054774501X	3.0
0141301155	5.0
0316114669	4.0
0981736505	2.0
0778329860	5.0
0312326998	3.0
B008X8ZL1E	5.0
0375504338	5.0
0425262758	4.0
0765329646	3.0
0345468570	4.0
0857203371	5.0
1439102740	3.5
0316204269	5.0
0140319298	5.0
0312253265	1.0
1416983090	5.0
0373310242	4.0
B008TGMQAE	4.0
0553385526	5.0
110576656X	5.0
0732296277	5.0
0544022491	5.0
0142002852	5.0
0060761563	5.0
0553381156	5.0
0375725997	5.0
0810996170	4.0
0385742371	5.0
0486419444	5.0
143910140X	5.0
B00D0MMUEO	4.0
0451212924	5.0
0451240197	5.0
014219672X	4.5
0446563072	4.0
0061246492	1.0
0425214621	4.0
0679735909	4.0
B006KXITWW	4.0
1456331183	5.0
1594202303	4.0
0547688369	2.0
0061950718	4.0
0547745001	1.0
1559706317	1.0
0060586125	5.0
1555664466	5.0
0263173364	4.0
B00CFU1U2U	4.0
1608090485	2.0
1466497084	4.0
0615614728	5.0
1423157567	4.0
0971327882	5.0
0425212033	5.0
0399153322	1.0
0778313077	3.0
0765317680	1.0
0142002879	4.0
0099556758	4.0
0989038009	2.0
0805096663	5.0
0307886263	4.0
0062124269	5.0
0987948806	5.0
0439390028	2.0
0356500276	3.0
0061121584	4.0
0061122416	4.0
031235987X	5.0
141659518X	5.0
1585424102	3.0
1590583027	5.0
1590585208	4.0
0385496958	3.0
0345547497	5.0
0989814009	5.0
0141020644	5.0
037570373X	5.0
B007ZF9KLI	5.0
0451222725	4.0
038536315X	4.0
0425247546	5.0
0062071246	2.5
0060839880	1.0
0393057658	4.0
0312428596	5.0
0312942303	3.0
0547669208	3.0
0978970705	4.0
0449012751	5.0
0345503821	3.0
1439192677	3.0
030758836X	4.75
0061252743	3.0
1492291560	4.0
0345803507	2.25
1300040416	1.0
1884365248	1.0
030728364X	5.0
0316210986	4.0
B004MDLXXE	5.0
0758209827	5.0
0316012831	5.0
0385537522	5.0
0743437209	2.0
0451211634	3.0
0002247399	5.0
0763660094	2.0
0143037145	5.0
B008CPQG9O	2.0
1594203210	5.0
1932173048	3.0
0345503813	3.0
043902353X	4.0
0547859260	5.0
0765306514	5.0
1442340665	3.0
162105022X	5.0
1937593673	3.0
0446523437	5.0
B00C5TOQ7M	4.0
0316182311	5.0
0099481243	4.0
0778325091	4.0
0451221419	5.0
0312853238	3.0
0618959610	2.0
0316010669	4.0
1597265632	5.0
1493560336	1.0
0345503805	3.0
1616148934	2.0
B0078XH9BK	2.0
0062233653	2.0
0985591498	3.0
0345477480	4.0
0316007021	5.0
0141188014	5.0
1590587413	5.0
0739403435	5.0
0345500776	2.0
1936850168	3.0
1606843125	3.0
0061662836	2.0
B005MUEXWE	5.0
0764204904	4.0
1401302009	5.0
0393334872	5.0
1416974512	3.0
0446546925	5.0
1606840096	4.0
0786963719	4.0
0060590254	4.0
1892953188	5.0
190351794X	4.0
0380792672	3.0
0553817736	5.0
B004UWPPWC	4.0
1482926474	5.0
1480230219	5.0
0843958278	5.0
0373210264	4.0
0451459407	3.0
0988482274	5.0
1416974520	4.0
0307933555	5.0
0743258541	3.0
B00BT708ZU	5.0
1480032980	5.0
0385509480	2.0
0553569783	4.0
1940716020	4.0
0615581927	5.0
0143120360	5.0
1623651123	1.0
0062059939	4.0
031609739X	3.0
1616200782	5.0
0373211120	3.0
0470563419	3.0
B004KKZ3GC	4.0
0393088774	4.0
1439182817	3.0
0062011995	4.0
0805205721	5.0
1402210450	5.0
0385336810	4.0
0671551361	3.0
0440241162	3.0
0446529567	3.0
B008ESORTU	4.0
1461072514	5.0
0786963735	5.0
B004AYDHHU	5.0
006195165X	5.0
0061668125	3.0
1453669973	5.0
0451215117	5.0
0671551353	4.0
162007463X	4.0
0425191060	5.0
0425233367	2.0
0307749649	4.0
0976744252	5.0
1401303366	1.0
B006AU7G3S	3.0
0061449156	5.0
1440721726	2.5
B0060AN5A6	5.0
1451612540	3.0
0307245306	5.0
0425217299	5.0
0802117112	4.0
0451405218	4.0
B0072AR856	5.0
0312866909	3.0
0143036661	5.0
0385535775	4.0
1586485563	1.0
0312430000	5.0
B0099AX45U	3.0
B00CK09TBE	4.0
0439023513	3.8333333333333335
1782062653	4.0
0307379183	5.0
B005GRD5PO	4.0
098665938X	4.0
0374316414	3.0
0451458125	3.0
0373210698	3.0
B005CRQ4U6	5.0
1439102724	5.0
0446579807	2.0
0061659223	2.0
073936474X	4.0
0061231428	1.0
1576753344	5.0
1416975888	5.0
0743204735	5.0
0609804618	5.0
0061449121	4.0
0373837690	4.0
0061134007	3.0
034543658X	4.0
1907650563	4.0
0380719185	5.0
0060887184	3.0
0812545141	5.0
0062103326	2.0
0802117163	2.0
0307267148	4.0
1439156980	4.0
0374316422	4.0
1479332321	5.0
0141331860	4.0
1402213557	5.0
031613290X	1.0
0143038419	3.0
0984325689	5.0
0062135317	4.0
0345539478	5.0
0451180429	4.0
0062065890	4.0
0140293442	4.0
0140107479	2.0
0395353238	5.0
1932100598	4.0
0553578685	3.0
0316198730	3.0
1593930747	3.0
0738214655	2.0
0743596870	1.0
0778328198	4.0
3822856282	5.0
0679728724	3.0
B008VULZV4	3.0
0394480171	4.0
0312330634	2.0
1932815805	4.0
1449413617	5.0
0802119328	5.0
B00AR0R5XS	4.0
0802122507	4.0
1415868026	5.0
0441020011	4.0
1455515558	3.0
B005CIRVX4	3.0
0385517084	3.0
1402213530	3.0
0307388921	4.0
0986659363	4.0
0525953086	2.0
0321827333	5.0
B00GV1LA1A	4.0
1936136937	5.0
1590581709	5.0
0425182169	4.0
0743255054	5.0
0786868724	3.0
0439295017	4.0
B00K6GZJ68	5.0
B008H7J7R0	5.0
0755397703	4.0
B00A0B7NQI	2.0
0380769840	5.0
B00413QQ1E	4.0
0143118463	3.0
1563895013	4.0
0141331879	5.0
0062004042	5.0
0142003255	5.0
B0092XN9O0	4.0
0865477736	5.0
0399156356	4.0
B004S7JCYQ	2.0
0385413041	5.0
0743475062	5.0
0743296435	4.0
3822822841	5.0
1484989953	5.0
0060892455	1.0
002025900X	5.0
0983797870	4.0
0142003247	4.0
006073132X	3.0
0006476155	5.0
1456347187	5.0
0151006261	3.0
0152061886	4.0
1585429031	4.0
0061450545	3.0
0895260670	5.0
0307394867	1.0
0312641893	4.0
0307913090	4.5
B009XA5SQ4	2.0
1582405115	4.0
1423113497	5.0
0778312518	4.0
0061450553	4.0
0062072099	5.0
0738732486	4.0
0061689017	5.0
B0092HYYEA	4.0
0449209415	5.0
0142003239	4.0
0385338996	3.0
0373778538	3.0
0142003271	4.0
0983031800	5.0
0758200250	5.0
0451225007	4.0
0393039765	5.0
0802120245	5.0
0449911977	2.0
0451229851	4.0
1463717091	3.0
0847842134	5.0
0062314254	5.0
045121126X	5.0
1594036756	1.0
0765319357	3.0
1880284626	4.0
B008M2BIHM	3.0
B00BE9DNEG	5.0
0553294385	5.0
0552775541	4.0
0385523823	5.0
0142421715	3.0
1492790117	3.0
0451214781	5.0
0373124201	2.0
0142003263	4.0
1591940516	4.0
B004ZGB6YY	4.0
080073274X	3.0
030726310X	5.0
0857385682	5.0
0757313728	4.0
1466302658	4.0
0557364639	4.0
051770434X	5.0
0141439807	5.0
B00LACQBZA	5.0
0553574701	4.0
0451216954	3.0
1400061695	1.0
1551664550	4.0
0307377040	3.0
B00AXS4ZYQ	4.0
0307474933	5.0
0373835558	3.0
0316065781	3.0
0373836406	4.0
B003KVL2CQ	5.0
0307908542	5.0
0307879178	4.0
0142003298	4.0
0316101842	2.0
014200328X	2.0
0375869751	1.0
0316013269	1.0
014143984X	5.0
0060820489	2.0
1455509620	5.0
030728090X	2.0
030737839X	5.0
1620610116	3.0
9963706037	3.0
0679769781	1.0
0316043915	2.0
0451197704	4.0
0618418865	5.0
B00H93RDSI	4.0
0340898208	5.0
006172680X	5.0
0330258648	5.0
0375421556	5.0
B006T0ZZ5U	4.0
1416594787	5.0
0064407691	4.0
0307474925	5.0
0553295209	5.0
0345347536	4.0
1463663137	5.0
1405131128	5.0
0143035304	5.0
0321046056	4.0
B0077PIFA8	4.0
0007340826	3.0
0140621199	5.0
0553593064	4.0
0316097365	1.0
0140060286	5.0
0140280189	5.0
147922801X	5.0
0141012692	5.0
1105086380	3.0
148231780X	5.0
0307907236	5.0
B007RQU4FG	5.0
1479207128	5.0
B00GKL7I3K	3.0
0743296419	5.0
0751547875	5.0
0312554184	4.0
0061001783	3.0
076145828X	3.0
0345523865	3.0
0385741502	3.0
0330443461	5.0
0452287677	1.0
0375866272	5.0
1594862958	1.0
0060684127	5.0
0307595110	2.0
1582348014	4.0
0739359339	4.0
0399157212	3.0
0307272095	4.0
B003FMV5ZE	5.0
0547853157	4.0
B00COMWJDS	5.0
148412510X	5.0
1475283334	5.0
0425266745	5.0
B00570IAX2	5.0
1416595619	5.0
0670026492	3.0
1250003326	4.0
0982618492	5.0
1599632837	5.0
B00EVXABV0	4.0
0393050939	5.0
1493621890	5.0
0971249180	4.0
0979647525	2.0
0316206822	4.0
1594630631	1.0
1594631964	4.0
0002242052	2.0
B007NJQZJG	5.0
0316056863	4.666666666666667
034546687X	3.0
0316054682	5.0
0804138818	5.0
B008WHJIPG	4.0
0380798891	5.0
1442369167	5.0
0345526910	2.0
0743454529	5.0
0062224735	3.0
0060195347	3.0
B007P7ZW6S	5.0
0743496728	4.5
0739495585	5.0
0786964596	1.0
1590581687	4.0
0061957895	4.0
1590204646	4.0
0374153574	5.0
089879868X	2.0
0307352145	5.0
1453653929	2.0
0316012823	5.0
0778322394	4.0
B009Z64740	5.0
0449809978	4.0
0385679505	2.0
0006514006	4.0
1590581695	5.0
146815477X	5.0
1442441798	3.0
0062110837	4.0
0230766250	1.0
0765330598	3.0
0932551513	4.0
1408842432	3.0
B00889U91U	5.0
0307962881	3.0
0062024035	4.0
0312423268	4.0
B00G5YXE58	3.0
0007444117	2.3333333333333335
0062208284	5.0
0982589964	5.0
1416550771	3.0
0307275558	3.0
1602829705	2.0
0525950036	2.0
1608196771	4.0
1476725365	4.0
1570548080	5.0
0345803450	5.0
0373262604	5.0
0345534557	5.0
0141039280	4.6
0373131356	4.0
0738706116	3.0
0385314140	4.0
142316332X	3.0
148953993X	5.0
0099525259	4.0
0765317567	2.0
1847250467	5.0
0553819585	2.0
0978573234	5.0
B00CFRGIEI	5.0
0800734521	3.0
1469902664	3.0
B00AX19UG6	5.0
0307743896	5.0
0615622860	4.0
0060923245	4.0
1493639544	4.0
B007XYIGR0	4.0
B004ZUT15G	2.0
0060882298	4.0
1473202353	3.0
0393089134	5.0
B005GQ40H2	5.0
1599952017	5.0
0425262766	4.0
0060977493	4.0
0373285728	3.0
0441016766	4.0
0062024027	5.0
B00403MNZ8	4.0
0312575467	5.0
0739380338	5.0
0143122185	5.0
B004Z4VNXA	4.5
0310271053	5.0
1470130270	5.0
1414319673	3.0
1453860959	4.0
0330517783	4.0
B0093MU7QS	5.0
0345803485	2.659090909090909
0786964588	4.0
0755331125	3.0
1926965485	5.0
0399159010	5.0
0618943323	5.0
0615756344	3.0
1908844647	2.0
0765319799	3.0
0060736682	5.0
0671035355	3.0
0307739368	5.0
1629550019	4.0
1455820067	5.0
0330423452	5.0
148413933X	5.0
0451225856	4.0
B0042X9A8Y	4.0
0451407040	3.0
B007YIX1PM	5.0
0142418528	4.0
0345534115	3.0
0345421515	3.0
1601641567	5.0
0767924789	4.0
B005AWOLR6	5.0
1477518703	4.0
0345803493	2.2857142857142856
0446539740	3.0
0061133973	5.0
1434700100	4.0
0373294212	2.0
B008QQ60BI	4.0
B006NCFJOQ	4.0
0451222350	4.0
085170932X	2.0
0802118801	4.0
1442366087	4.5
0765329581	2.0
1439171211	4.0
