0425212599	2.0
0743281616	3.0
0758203187	4.0
1593108702	4.0
0425236560	3.0
B007TXFIC6	2.0
0385333609	1.0
0449214222	5.0
0062070223	3.0
0778328406	5.0
0061161705	4.0
B008IU9JJW	5.0
0374532281	5.0
0007112521	3.0
0671016776	4.0
0736429158	5.0
141650530X	3.0
1414333277	4.0
0578125439	1.0
0140036202	5.0
0451231120	2.0
0316187704	3.0
0349139164	5.0
1480174718	4.0
0446614890	5.0
0553592610	4.0
0615739571	4.0
0399153624	1.0
0743281632	4.0
0062329065	4.0
1607745291	3.0
1439123128	4.0
B008733XHO	5.0
0553592629	3.0
1452118698	5.0
0062021281	4.0
0002007770	3.0
0446404144	5.0
037586928X	4.0
0385490461	2.0
0786808551	3.0
1593155905	3.0
0373219571	4.0
0755320425	5.0
0061558230	5.0
0446532452	4.0
1414324324	4.0
B00DY0A2HO	4.0
043933909X	5.0
1469289652	4.0
193519223X	3.0
0446178586	3.0
0373130546	4.0
1469906430	4.0
1611183804	3.0
0804119902	2.0
0061579157	2.0
0982773471	2.0
0374177023	5.0
1936393867	4.0
0441018645	4.0
1420117270	3.0
1480252778	5.0
044617856X	4.0
0439136350	5.0
0373002211	3.0
1401941214	5.0
0142180289	4.0
1477630430	4.0
0553592637	4.0
0373151470	2.0
0439686164	3.0
0425154114	2.0
0373770375	1.0
067101675X	5.0
B009EGC5UO	5.0
1439192561	5.0
B0031TZ95I	4.0
1594267138	2.0
0425256138	5.0
1410440478	4.333333333333333
B00AU50HWQ	5.0
1419965433	3.0
0307975932	3.0
0441016022	1.0
0440226031	3.0
0451411161	1.0
193383644X	2.0
0553277103	5.0
0786891416	2.0
1449418368	5.0
1479359084	2.0
0984520104	3.0
0062021273	4.0
0062095560	4.0
B0051OU3W0	5.0
0764225081	3.0
1594487294	5.0
0312270933	4.0
0984108300	5.0
0440226007	1.0
0544104714	4.0
0451411137	3.0
1435712021	5.0
1616951613	5.0
0061245097	3.0
1565892127	5.0
098285580X	3.0
0821780573	2.5
0439531640	5.0
0789749130	4.0
0425214311	4.0
1847562779	4.0
038081790X	5.0
0380817918	5.0
1611790700	5.0
0316734942	3.0
0981875661	4.0
0515131784	3.0
0425196844	3.0
0874770882	5.0
1400081882	2.0
0778328481	3.0
1250035007	5.0
B006K7MU5A	4.0
0758228457	2.0
0061245089	3.0
1419965441	3.0
B003FGWV2Q	3.0
0761339590	5.0
067179552X	4.0
0316734950	4.0
0060562498	3.0
0061905879	3.0
0736429166	5.0
0373771665	3.0
0824511840	5.0
148261376X	1.0
B00847CGV2	5.0
1453299335	4.0
1935279491	4.0
0340712511	3.0
1455840009	3.0
0736958878	4.0
1461093791	3.0
0373261047	4.0
0373285019	4.0
1940270146	5.0
0307476073	5.0
0307599809	3.0
0060593636	3.0
1908208163	5.0
0615566634	2.5
0991345304	5.0
0425237818	2.0
0394758285	2.0
1608320588	4.0
1608199134	5.0
B006NXR7AE	5.0
0312655401	5.0
0307279464	4.5
1936393808	3.0
0060508124	1.0
B004AM5B30	5.0
146631219X	2.0
0758209339	3.0
0767921852	5.0
1482786990	5.0
0345497600	4.0
1461057205	2.0
0132965054	3.0
0143119494	3.0
0553525832	4.0
0451227026	4.0
1419682105	4.0
B00E984UW8	4.0
0312938810	5.0
B00AMLEV8E	5.0
1250011043	2.0
0061905895	2.0
1937608042	2.0
0451229681	2.5
1257812254	5.0
0505528363	5.0
1484070291	5.0
0099285045	3.0
0345452704	3.0
0671567829	5.0
0671014188	4.0
0060508116	1.0
0312938837	5.0
0091937876	3.0
0843961333	2.0
1455501476	4.0
1590587340	5.0
B00IVS7K56	5.0
0399131434	3.0
141995038X	3.0
0425208486	2.0
0984592687	4.0
0312938829	5.0
0143143956	4.0
1414336365	5.0
1573221376	2.0
B0058TTUFO	5.0
0758208022	5.0
0553255754	5.0
0307908259	4.0
0061355577	4.0
1599988054	5.0
044651506X	3.0
1433506076	4.0
0385344325	4.0
0743456254	5.0
0263902730	3.0
0985359323	5.0
1494344548	5.0
0316154865	3.0
1590807901	3.0
0615579914	4.0
0316210684	4.0
039915678X	4.0
0451169514	3.0
1492866687	4.0
0263872319	3.0
0345386698	3.0
0985777338	4.0
0451216393	5.0
B00DHLS4LG	3.0
0732294355	5.0
0615254837	1.0
1469252317	3.0
0758206267	4.0
0385742657	5.0
0345388402	5.0
B008LX70HE	4.0
0718178122	3.6666666666666665
0441013813	2.0
0373125151	1.0
0727868853	5.0
0199746885	4.0
0451169522	2.0
0984975349	4.0
0316187747	4.0
1493775987	2.0
1612190898	4.0
1483939219	3.0
0374184216	3.0
0312365802	2.0
1616201312	5.0
0312282990	5.0
1460991761	2.0
014314264X	3.0
0505527073	4.0
0743466497	2.0
0785263713	3.0
0394800206	2.0
0743292332	3.0
0451208749	4.0
1590587383	4.0
0778303926	4.0
0515134899	3.0
0545229243	3.0
0758231237	2.0
0615803830	4.0
0803499248	4.0
0689849249	3.0
0984592636	5.0
037327081X	3.0
0505527081	3.0
1448607493	3.0
0982594712	5.0
067165831X	5.0
0143036580	4.0
1616504323	4.0
B005M23KQW	4.0
0446612251	3.0
1444729721	4.0
076531004X	5.0
0425209865	3.0
075821474X	5.0
0385339704	5.0
0307277674	4.5
0316155306	4.0
0060560797	2.0
0340793112	4.0
0758210396	3.0
0141345659	4.0
0991680456	3.0
B004ZCIG64	4.0
0446618462	2.0
1935597256	3.0
0988349426	3.0
0345440773	4.0
0385335350	2.0
0449910741	4.0
0007101082	5.0
0380817896	5.0
B00ETJCKZG	5.0
0991038207	4.0
1490559175	2.0
1420100351	3.0
082177512X	3.0
B004LZ557I	4.0
1484095618	5.0
0738709131	3.0
0778324850	4.0
089296779X	4.0
0399158405	1.0
031613399X	5.0
0061493287	2.0
0061885681	3.0
B008D72S3E	5.0
097537561X	2.0
0345337662	3.0
0263179001	3.0
0307750922	4.0
044653191X	4.0
0425208516	2.0
158479576X	3.0
1556526687	1.0
0789210665	3.0
0743477103	5.0
0984502203	4.0
0515135305	2.0
0060584750	3.0
0764341316	4.0
0547239971	3.0
0312284683	2.0
1846941229	4.0
0758238738	3.0
0385336667	4.0
1843604027	3.0
B004VTHHB6	2.0
0615803873	2.0
1451651821	4.0
015205085X	3.0
1413303641	4.0
0553293168	3.0
0385347316	4.0
B00H91O5YA	5.0
0983969701	4.0
0515124648	4.0
0385336675	3.0
1442457392	5.0
0385740980	3.5
1608196003	4.0
1615819487	3.0
0380731193	3.0
1595553088	3.0
1465401970	5.0
0727880454	4.0
0345532449	2.0
0515132292	2.0
0987818821	3.0
0345519477	5.0
0451453069	5.0
006123138X	4.0
0061965537	3.0
0425228177	2.0
0151012881	3.0
0061231398	1.0
B009PSQ96M	5.0
0446527017	3.0
1451651805	4.666666666666667
0307473716	3.6666666666666665
0307594165	5.0
0385361661	3.0
1451672721	3.5
B007XXQZSI	4.0
0373247575	4.0
0778323560	3.0
1400065755	5.0
039915843X	4.0
B00E9LS0OY	2.0
0758214723	4.0
0380781433	3.0
1590582403	4.0
1933563281	2.0
0373797370	3.0
1440556652	3.0
1456577255	4.0
0061626848	4.0
B008CQ8HZO	4.0
1409135462	5.0
1580089755	5.0
0778327930	3.0
0061013897	4.0
1476756546	2.0
0380781441	2.0
B009W92I28	5.0
0789743035	4.0
0800788036	4.0
1442419954	5.0
0345463404	1.0
0440208297	3.0
159414723X	3.0
1420104721	1.0
0425241106	3.0
0983562180	4.0
0061013889	2.0
0988377500	3.0
0345803787	4.0
0399149546	5.0
1421400111	1.0
1495391523	5.0
1402290829	5.0
1620075156	4.0
0425197395	2.0
0743467728	4.0
0985455284	4.0
0807014397	3.0
0439796636	4.0
0316235024	5.0
0140296468	3.0
0062128027	5.0
0307378403	5.0
0312319142	5.0
1780883102	5.0
141659311X	1.0
0062019821	3.0
0060735414	3.0
0316154059	4.0
0778326624	3.0
0451226607	2.0
1586421263	5.0
0743227387	4.0
1616950218	4.0
1620401045	3.0
0345458915	5.0
1590582411	5.0
B005D75Z8C	4.0
1607776405	1.0
B00DZ3EGDG	3.0
1480026859	5.0
0380752999	4.0
0263905780	3.0
190860350X	5.0
B008IHTVCK	4.0
0140157379	5.0
0307885941	3.0
1601901453	1.0
B009FX22YK	2.0
0312950489	3.0
1614290768	3.0
1250009626	3.0
0312357435	5.0
0316211079	4.0
0802122140	4.0
0812969006	4.0
0446610550	3.0
0738709972	5.0
0307464873	5.0
0385739907	2.0
0316154075	4.0
B00AD6C1I0	5.0
0156029669	4.0
030759064X	4.0
0451215915	4.0
1416532862	2.0
0374237131	3.5
1452858748	3.0
B005QUIZ1U	5.0
1495234894	5.0
042526596X	1.0
0312962479	4.0
0345458931	5.0
075822852X	2.0
0981971490	3.0
0985258659	4.0
1601548982	4.0
B004YE6T2G	3.0
0307378411	5.0
0316154067	5.0
0152164154	5.0
B004GEAILC	3.0
0060735449	3.5
0099525372	3.0
1416568182	4.0
0060562536	3.0
0545354420	4.0
B005QOU5NW	5.0
0312169787	5.0
B00632R0W0	3.0
143545488X	5.0
0060735457	4.0
0761461752	5.0
0764343998	2.0
0505527847	5.0
0425259250	5.0
0821769278	3.0
1490384448	3.0
1611940052	3.0
0312658575	3.0
0451412532	3.0
0330448854	5.0
0373774621	5.0
141996416X	2.0
1475210280	5.0
1495405125	4.0
0399148248	3.0
1460985990	3.0
0385528752	4.0
0517580519	3.0
1118116828	3.0
0425218767	5.0
1492807516	5.0
B007BBV5T6	2.0
006204964X	1.0
1932234314	4.0
1595141758	5.0
0515140775	2.5
1463710941	2.0
0312649614	2.0
1433526557	4.0
0553589091	2.0
0425188485	5.0
1402244959	3.0
0440223016	4.0
0002051850	3.0
0060198303	3.0
0060282983	5.0
0758204531	5.0
039396647X	3.0
0778326691	5.0
0062023020	3.0
0061632686	3.0
0062069217	3.0
0230744184	4.0
0425259269	5.0
0061782432	2.0
0547239939	5.0
0981971458	4.0
0440180953	3.0
0061453056	3.0
0446618489	4.0
0778326683	2.0
037300219X	4.0
0307378462	4.0
0505527863	2.0
B006PL9ZPY	4.0
0451167805	3.0
006056251X	3.0
143476429X	2.0
0399151877	1.0
1449721850	4.0
0062117378	5.0
0316216798	4.0
1921758112	5.0
0192719580	5.0
0425237001	3.0
0061994936	4.0
0671737619	3.0
B00I0UM7LM	5.0
1940534216	5.0
1554537703	5.0
1118022513	4.0
0061558265	5.0
0399157182	5.0
0345434943	4.0
0312262469	5.0
B009FX22WC	3.0
1938314646	3.0
0446698555	2.0
0446618470	5.0
193671924X	4.0
0778325369	2.0
0849948290	3.0
0099465825	5.0
0345445678	5.0
0778325261	3.0
0143142798	4.0
0758208758	5.0
1554513847	5.0
1455878588	2.0
0743289455	4.0
B0069A5J8S	5.0
B0053GBAZU	3.0
0425227723	1.0
B004EYU9RC	4.0
1418443158	5.0
161218359X	5.0
1481076817	4.0
0829810501	1.0
0062102273	3.0
0983706387	3.0
0740755234	4.0
1449560822	4.0
0310234697	4.0
0143120514	5.0
B00CATSONE	4.0
1416596240	5.0
0312369492	5.0
0553567756	2.0
0545221269	3.0
0440129613	4.0
0758220405	3.0
1419609580	4.0
0340837950	4.0
0451234987	2.0
0345432347	5.0
B005HRPYG6	4.0
0849942977	4.0
1611090652	3.0
0671023195	3.0
037570924X	3.0
0425191206	1.0
0425209067	1.0
006074748X	5.0
031612558X	5.0
1451623828	3.0
0765352664	3.0
0399218599	5.0
034549590X	1.0
074345619X	3.0
1494209896	5.0
B009FHSYSY	2.0
1416535055	4.0
1620612917	3.0
0060565438	5.0
0440209633	2.0
1419952056	4.0
1591792088	5.0
0765352656	2.0
0982272502	3.0
0547953569	4.0
0440418801	5.0
0199603308	2.0
1605983608	5.0
0060599677	4.0
038534905X	5.0
1586215647	5.0
1447213238	4.0
0345457684	2.0
0061373257	2.0
0062047779	4.0
0758242670	2.0
0373062664	5.0
0263888827	2.0
0060565446	1.0
030747304X	5.0
0615982794	5.0
0060987103	5.0
149429169X	3.0
B008THBI0C	4.0
1434764311	5.0
0848730615	5.0
B004GXB2DG	4.0
0062240196	5.0
0983706352	3.0
1455521108	2.0
098848370X	5.0
0767931327	5.0
0425269566	3.0
0316037915	4.0
0743247612	4.0
1433679302	3.0
0547053738	5.0
1938243935	3.0
0060565411	3.0
0345502744	2.0
B00CRKPTQG	3.0
0451222962	2.0
0615493084	4.0
0061720852	5.0
0451218043	3.5
0821770209	1.0
0263792447	5.0
0061706558	3.0
0425201147	4.0
037379570X	4.0
0778327000	4.0
044011585X	2.0
0399132635	5.0
1623150566	2.0
1597894710	4.0
0373605188	2.0
B007QGQDN4	5.0
0380767848	2.0
0345528506	5.0
0451219368	3.0
0380808080	4.0
0345445651	5.0
0425215768	2.0
1455521124	2.0
0553106643	2.0
1434764338	5.0
1440414726	1.0
0763665533	5.0
0515128015	2.0
1444765507	4.0
0385342454	5.0
098477890X	4.0
0671027581	4.0
1466276983	2.0
0307885151	5.0
0140079459	4.0
1483966763	2.0
B0032UDUPW	5.0
1455521132	3.0
0767931343	3.0
1401340970	4.0
006197806X	5.0
0380808072	5.0
1449587070	5.0
1612185339	3.0
0425236676	2.0
0441016154	2.0
0307395057	5.0
0671027573	5.0
0312943415	2.0
031236945X	3.0
0981563619	4.0
0786891327	3.0
0425202453	5.0
B00HMUCXXI	5.0
0061080780	3.0
0441008534	4.0
0060755911	1.0
0373125224	4.0
B005UHJ04U	4.0
0316034045	2.0
0451228219	3.0
0307592294	4.0
0615766412	3.0
0316253014	5.0
0982555067	4.0
030726999X	5.0
1594744769	4.0
1579210457	1.0
1475150997	2.0
0060002522	5.0
0062070185	4.0
0451230531	4.0
0141037202	4.0
0062300393	5.0
B00C2RVRHE	3.0
0375830995	4.0
1611940877	3.0
0789489295	5.0
0440122147	4.0
0743477081	1.0
0062008110	5.0
B006AWFLZ6	4.0
0330294911	4.0
0451413091	2.0
0060889578	5.0
0061344788	3.0
0804165742	4.0
0778328376	4.0
1843607247	4.0
1591855578	3.0
0671032976	4.0
0727842358	2.0
1905393423	2.0
0373125240	4.0
0060509325	1.0
0312937628	3.0
0843962542	2.0
0373769423	2.0
080075963X	3.5
1623701147	3.0
0425256235	5.0
0312992432	5.0
1906931666	4.0
0306821990	4.0
0385346859	5.0
B00BIH9VBI	5.0
1480170402	4.0
1468157248	5.0
0373605153	2.0
0316199869	2.0
1489534806	1.0
074343787X	1.0
0425262901	3.0
0425212602	4.0
0425196992	5.0
0671038265	1.0
042519129X	4.0
1621417182	5.0
1605040878	4.0
B005OGJJ34	3.0
1466266732	4.0
0553587323	3.0
0440022754	5.0
0982555075	4.0
0440210690	3.0
0985929421	5.0
0446616532	1.0
149129437X	5.0
1849906343	4.0
1439159823	3.0
1442359919	5.0
0373210493	3.6666666666666665
B00D18H3TE	4.0
0312992424	5.0
140533746X	5.0
1475181221	4.0
0312979444	2.0
1497321514	4.0
1568988524	4.0
0316105120	4.0
0312640234	4.0
B00AXHNHLE	4.0
1453662286	3.0
0989403289	5.0
0446545864	5.0
B004GB1T0Y	2.0
0755347366	5.0
0425193039	3.0
1420930591	5.0
0312992416	5.0
1609281225	3.0
0316069515	5.0
0385335318	2.0
0099533014	4.0
0515142395	1.0
0470903740	5.0
0811876942	3.0
B008AXX9CK	3.0
0425224643	2.0
1476702918	1.0
1484095499	5.0
0310950945	5.0
0307477479	3.5
1480204196	4.0
1416541187	5.0
B000KK7R6A	5.0
B00AOLQUSQ	2.0
1607014025	4.0
0821756788	3.0
0789211157	5.0
042522595X	2.0
0312580142	3.0
B00BKE5AR8	5.0
0758241399	3.0
0745955142	5.0
1599982897	5.0
B00HCH2D86	4.0
B00685NFI0	3.0
0802119565	3.0
0446585025	4.0
B00DRL96CC	1.0
0373072813	5.0
1451644795	3.0
1935097512	1.0
1481252690	5.0
0425103285	5.0
0312361580	5.0
1433527073	3.0
0758221797	1.0
1935597302	3.0
0007442920	5.0
0671032992	2.5
0061772062	3.0
0758241380	3.0
0778323501	4.0
0316098078	5.0
1419951572	3.0
1611941210	3.0
1490499911	5.0
0373718691	3.0
1416501622	2.0
031609756X	4.0
0345452887	5.0
B00AP2VVVK	3.0
B008VULY0Q	3.0
0553214497	3.0
0821776339	4.0
006016848X	1.0
1569479348	3.0
0505526670	4.0
0805094601	5.0
1551666944	1.0
0345506340	2.0
0142004332	5.0
0307990745	3.0
0449000176	3.0
144864626X	5.0
0743572750	5.0
B008T4T974	4.0
0821766996	5.0
B00BJW6AIE	4.0
1410423271	4.0
1419950304	3.0
1439153663	4.0
1935597361	1.5
B00F35AEGW	5.0
B005NDOUI2	2.0
0552163279	3.0
0316176346	3.0
0425198782	3.0
1484038916	4.0
B00I9GDDD8	5.0
0345479904	3.0
080508925X	4.0
0758201346	4.0
1590073142	4.0
1439165645	4.0
1494878399	2.0
1440461163	4.0
0316067709	4.0
B0051IROM8	5.0
1565129512	1.0
1479234508	5.0
0778324745	4.0
1477530193	5.0
0141322209	4.0
1416514929	3.0
B004JZYAVW	3.0
0552163295	5.0
1495908631	5.0
0316067717	5.0
1599982900	3.0
0778324753	2.0
0449005844	3.0
0062019775	2.0
0061083011	2.0
0857532014	4.0
1419955195	2.0
0316038326	2.0
1494738147	5.0
0307395987	5.0
1602902658	5.0
0345518268	3.0
1401941966	4.0
184728924X	5.0
0062019740	1.0
0671705091	2.0
B00492CNHI	4.0
0758223544	4.0
1848876076	5.0
0307712508	4.5
1419960547	3.0
1608196119	3.0
0679643656	5.0
0446406937	4.0
0446527130	4.0
147781728X	4.0
006123124X	1.0
0553584359	4.0
0061009059	4.5
0151012768	5.0
0385341954	3.0
0531301117	5.0
0452287456	3.0
1401352154	1.0
0316018724	1.0
1605047449	4.0
1550228900	5.0
B004LROPC2	5.0
0878392343	5.0
B00F64A1YK	3.0
0765368978	4.0
0758223552	4.0
1461085977	4.0
0062135953	5.0
1479271527	5.0
1451695594	2.0
0307887804	3.0
0140430032	5.0
0446406929	2.0
098991562X	3.0
0380714558	3.0
0373810873	4.0
0785267239	3.0
B008C3HIA2	4.0
055310053X	5.0
0393072584	4.0
0684853159	3.0
0062068652	3.0
0310328179	4.0
0071811168	2.0
034552361X	1.0
0778322122	5.0
0142409405	4.0
0983492700	5.0
0307278867	4.0
0778324788	5.0
0985154837	4.0
B004X29R8M	4.0
B008O53QHC	3.0
0312252943	5.0
1484120906	1.0
0804120013	2.0
0967206715	4.0
1416549994	5.0
0440171970	4.0
1453287361	4.0
1463581033	2.0
0316027650	5.0
0778324796	4.0
0345524969	2.0
1605047465	2.0
1470077892	4.0
1464200491	5.0
013248966X	4.0
1497599644	5.0
B0040SXTUG	4.0
0451227808	2.0
0373793073	5.0
0451224779	3.0
0989405036	5.0
0446584517	5.0
1613727038	2.0
0758204434	4.0
0316211176	4.0
0425101452	4.0
073946289X	3.0
0778326500	3.0
0062210343	4.0
B006H6BDRA	5.0
0446510289	3.0
1400203082	3.0
0307743683	5.0
0373221959	4.0
0373773471	2.0
0425206866	5.0
074344230X	4.0
1934755036	3.5
0821775898	1.5
0451227816	3.0
1417808268	5.0
B003380678	3.0
0515114316	3.0
0505527936	2.0
0240818830	1.0
1499104774	1.0
0778322157	5.0
1420101714	2.0
B0058PE0J4	5.0
0061233005	4.0
0061498211	2.0
148205633X	2.0
1466463929	2.0
0316097519	5.0
0979621151	3.0
1606192108	5.0
1439153612	3.0
0989108104	4.0
1439154945	4.0
B00EUI4112	3.0
1480286923	4.0
0307975959	5.0
0399157026	2.0
1573220736	5.0
0307743675	4.0
0380795124	4.0
0307408841	4.0
0983492743	5.0
0385335296	1.0
1453287329	3.0
0880790288	5.0
0061474274	3.0
1439153604	3.0
0615282911	3.0
1416979557	2.0
0140621806	4.0
0307743667	5.0
0380776847	5.0
0446510297	2.0
1599987759	4.0
0380795116	4.0
0451227840	4.0
B006423HGW	5.0
0758212089	1.0
1490346015	5.0
038531437X	3.0
B0052Y0OWI	2.0
0385339666	2.0
140160451X	5.0
0007173687	2.0
0307743659	4.5
0983992207	4.0
0446611743	3.0
0486480356	5.0
0062259652	5.0
014312109X	4.0
0874776929	5.0
1605985392	3.0
0778326543	2.0
1607741067	5.0
0345466608	3.0
078523120X	3.0
0312367775	5.0
0706415639	4.0
0312536925	1.0
1409136612	5.0
1482757443	4.0
1608196992	5.0
0446618381	3.0
0547558139	4.0
0061082570	2.0
B003ZDO4SI	4.0
0446618373	4.0
155451388X	5.0
1463671830	5.0
1554513898	4.0
1935279505	4.0
0446582786	2.0
0764341448	2.0
0345487532	2.0
042513699X	4.0
0312193300	5.0
1469934477	4.0
0062004662	5.0
1481058134	3.0
0375433392	3.0
0778313255	5.0
0060764902	5.0
0553271865	5.0
0399162410	5.0
0515137006	3.0
0373002084	2.0
0505525321	1.0
0425191311	4.0
0380812983	3.0
0451413962	2.0
0451222105	4.0
1401604536	5.0
0385493703	4.0
0446618349	4.0
043935806X	5.0
0143121073	5.0
0446353957	4.0
0316084239	3.0
0446618357	3.0
1477574603	3.0
0316097543	4.0
0312369506	5.0
0505527995	2.0
0375823735	4.0
0553057278	4.0
0778314006	3.0
0758226063	2.0
042523679X	5.0
0758211805	1.0
0061030120	3.5
B002YX0NX0	4.0
0099485311	4.0
0312278225	5.0
B006LE44HE	4.0
0226771016	4.0
0553807641	4.0
0062114131	4.0
1477847103	2.0
0802434282	3.0
0399140565	5.0
1451677790	5.0
0061124532	4.0
0060527056	3.0
0989247988	5.0
0352345020	3.0
037383604X	3.0
0984519319	1.0
0425235483	3.0
0380802600	3.0
0340951982	2.0
0226771008	3.0
0385342322	5.0
0307339459	3.0
1601545177	5.0
080957201X	2.0
0991186818	5.0
0778303330	5.0
0615638635	3.0
0226771032	3.0
026211268X	3.0
0316346624	3.5
B0035N1ULC	3.0
184149626X	4.0
1495468895	4.0
0671042858	4.0
0393081818	4.0
0449006360	2.5
1442348089	4.0
014103050X	5.0
0425259471	3.0
1455599085	5.0
0373277245	4.0
1451665776	3.0
1440172420	5.0
0578000512	3.0
0670024783	4.0
1590585321	4.0
0373773633	1.0
0399161481	3.0
0393064476	5.0
0226771024	4.0
0553231162	3.0
1609106636	5.0
1490560726	5.0
0743496116	3.0
037321099X	5.0
0758266987	4.0
0778326020	4.0
0446615951	2.0
1439167397	4.0
1908844671	4.0
0385344961	4.0
0140185232	4.0
1607379163	3.0
075821409X	1.0
0143037234	5.0
0843949856	1.0
080509329X	3.5
1937856402	1.0
0394726405	3.0
0425256375	5.0
0373210973	4.0
0758203381	1.5
0743260953	5.0
1402217625	3.0
1423178300	4.0
1449946119	5.0
0312254210	5.0
B009GK36B0	4.0
1479160210	5.0
0446615943	4.0
1475244207	4.0
0553587064	4.0
0373836082	4.0
0758215363	2.0
0515139483	2.0
1594486190	2.0
1419950177	5.0
0743260945	5.0
1401303420	5.0
B008F0EMN8	3.0
0307961524	3.0
0758228678	3.0
0385536518	4.0
0792276825	4.0
0553289322	2.0
0679463364	5.0
006133927X	2.0
1400043387	3.0
1933718587	4.0
0062021028	2.0
1613820976	5.0
1455599050	3.0
1451644809	4.0
0316024961	5.0
099601361X	5.0
0778320731	5.0
0307474003	4.0
1554513936	4.0
0983157200	5.0
B004SOQ0SK	5.0
1250000971	3.0
1596326719	4.0
0425239810	3.0
0312942222	1.0
1118526503	5.0
B009N7OVTW	3.0
1478273984	4.0
0966800508	4.0
031232118X	5.0
0892215534	5.0
0505523302	1.0
1599982137	4.0
0385537883	3.0
0957091907	4.0
0743439988	5.0
0809571587	2.0
1404875360	3.0
1411676106	1.0
0425255050	2.0
B00DJF1M00	1.0
0380809281	5.0
146634444X	4.0
0061547786	3.0
0340822775	5.0
0312429339	1.0
0345476026	2.0
1461098378	4.0
0312198493	3.0
0805094598	5.0
1612183034	3.0
0373820534	3.0
0316036919	4.75
0312349513	4.0
0615153488	2.0
1484177797	4.0
0060527048	1.0
1419955896	2.0
0446602612	5.0
0553592432	2.0
B004BA52W6	2.0
0515143553	2.0
0843948582	1.0
0843961554	1.0
006167298X	3.0
1410422445	2.0
0552565415	5.0
0385341067	4.0
0099464462	3.5
0373892152	3.0
0399130365	2.0
1479284866	5.0
0982175671	4.0
0505526395	3.0
0451418433	5.0
0553299573	2.0
0758211899	5.0
0786889705	4.0
0948006374	5.0
0226771083	3.0
0821777157	5.0
1453812954	4.5
B00JQHZRZQ	5.0
0312354959	4.0
B0092XHPWM	4.0
0553812173	5.0
B00BN7139G	5.0
0060890681	5.0
0380769549	1.0
0226771091	3.0
0345356683	4.0
0306803178	5.0
0373771843	1.0
B00FMF21QO	4.0
0316154601	5.0
1612183093	4.0
161628384X	4.0
0307953033	4.0
0425195791	5.0
B0042JTAC4	4.0
1442458526	5.0
B0050UQ18K	3.0
0804119759	2.0
B009U5TCKU	5.0
0062195514	4.0
0310510813	1.0
1419950150	1.0
0061650706	4.0
098826241X	5.0
050552810X	5.0
0761463275	4.0
1455504750	3.0
1595550267	3.0
0307887898	4.0
0385520174	5.0
1601544707	2.0
0804119740	5.0
0425195783	3.0
0345343352	3.0
1455504734	4.0
0446612049	5.0
0373484089	4.0
B00K9NWRLI	2.0
1420100165	3.0
1933718560	4.0
0732297656	4.0
037543075X	2.0
B0057YD3WQ	4.0
1451625723	5.0
1461138582	3.0
0060009241	3.0
0843941979	3.0
0060511508	5.0
031217005X	5.0
0062271377	4.0
0446604410	4.0
0802431135	5.0
077832382X	4.0
0020519109	4.5
0515135968	2.0
B005Q13DU2	3.0
0989416402	5.0
0060872764	5.0
0226771059	5.0
014132855X	5.0
0425224775	2.0
0099526832	3.0
034548276X	2.0
0673461750	4.0
0345391810	5.0
0758211856	5.0
B00FOSWOKC	4.0
1480238279	5.0
0451419707	4.5
0553254642	4.0
0226771040	3.0
1452652252	3.0
0425202518	3.0
006087273X	5.0
B008NWXK0O	2.0
0451419715	4.0
0345480104	3.0
0800758471	4.0
1442362383	3.0
1554516102	4.0
1477669337	4.0
0226771075	4.0
1580175961	5.0
0312958609	5.0
0804119791	1.0
0373836023	2.0
1933718528	5.0
0425256316	5.0
B004EHZRO4	5.0
1554537045	4.0
0375433821	1.0
B00JD223TW	2.0
0882700960	1.0
1491096691	3.0
B0033CEWWO	2.0
0805095837	4.0
0965651398	5.0
0393065782	4.0
0226771067	4.0
1455575917	4.0
0615638600	4.0
1482311461	2.5
0425236714	4.0
1401676685	4.0
0399154345	2.0
0345413350	5.0
1479124540	3.0
B005OKAZ8I	4.0
0061668036	5.0
0345485815	4.0
0061779814	5.0
0758211872	5.0
0380780747	5.0
B005O3PM3I	2.0
1250008956	5.0
0316776963	5.0
1490904387	5.0
0345476972	5.0
0300190964	3.0
0451194756	3.0
0345464982	4.0
0230755062	3.0
0380756293	4.0
0671880594	3.0
1456888587	3.0
1612580556	4.0
1495238199	3.0
1416913629	5.0
0374360960	5.0
B00J4XVNS2	5.0
1419958151	5.0
0553583581	4.0
0821779737	2.0
1250029880	5.0
0143123343	4.0
0849900417	5.0
0373750080	1.0
1419967096	4.0
0425221733	3.0
178189132X	5.0
0425232417	2.0
034096314X	5.0
0373835639	4.0
0425207420	2.0
0802808484	4.0
0345476999	4.0
1419960482	4.0
1590580427	5.0
0316098329	4.333333333333333
1609366867	3.0
0758238983	4.0
0385751877	4.0
0843963352	3.0
0151008116	4.25
0553582267	1.0
1402258909	2.0
0373271026	2.0
006114360X	4.0
0345413377	5.0
0380899531	3.0
1572420022	5.0
0671730363	3.0
0062076108	5.0
0316066737	5.0
0399142282	3.0
B00K9V2OPE	5.0
1401352456	5.0
0802431127	5.0
161374479X	4.0
0449817687	5.0
0451204611	3.0
0263877027	3.0
1939455030	4.0
0060529709	4.0
1416599061	5.0
0380805685	2.0
0312612184	1.0
1480567981	5.0
0425239071	3.0
B0094HQDI8	5.0
B003U89S66	4.0
1569479453	3.0
0062076116	5.0
0738712515	4.0
0062188364	2.0
0794833470	5.0
0425206157	5.0
0061724769	3.0
031609966X	2.0
031242440X	4.0
039914840X	3.0
038574160X	3.0
1420100157	2.0
0380804387	2.0
1416560874	4.0
0615539211	3.0
0060927569	5.0
1419956396	5.0
0451221192	2.0
0099476355	3.0
0060731257	3.0
014303541X	5.0
1291259007	5.0
0373774001	2.0
0307277887	4.0
1490906134	4.0
0545240778	3.0
0307456153	3.0
0062130145	4.0
0345336976	3.0
145162137X	3.0
077832379X	4.0
0307917371	4.0
1420114743	2.0
015206396X	3.6666666666666665
1451697414	2.0
0064408639	3.0
0373123264	3.0
0143107291	4.0
160529960X	4.0
0446538361	3.0
0778313530	2.0
1416509887	3.0
1599988364	3.0
B008X6XK9G	4.0
1416510877	5.0
1609281292	3.0
0425242668	2.0
1451645341	4.0
1475007671	5.0
0857521012	5.0
1936214962	4.0
0061059056	4.0
0505525062	1.0
0064408647	3.0
0373837402	5.0
B008O0QUU2	2.5
0380756269	4.0
0312960891	2.0
0727869442	3.0
0141188936	4.0
0060926201	3.0
B00F7CJKVQ	2.0
1550374680	3.0
084395132X	1.0
0199928355	4.0
0439064864	5.0
0399158669	4.0
B007ITF0LA	2.0
1401935141	4.0
1452662584	3.0
0307884848	4.5
144237134X	5.0
0380800810	5.0
1497402247	4.0
067173783X	4.0
0758228767	3.0
0300136595	3.0
0142427772	4.0
031286860X	3.0
1926997131	1.0
0988646854	5.0
0062028529	5.0
0689835604	4.0
1419956353	4.0
0943015731	4.0
0778325539	3.0
B003U89RYY	3.0
1453876146	4.0
0752881698	4.0
034545345X	2.0
1609050908	4.0
1416509879	5.0
0446610321	2.0
1619354179	3.0
1605047953	3.0
0988047217	5.0
0375434305	5.0
1580054846	5.0
0062107798	3.0
0394464303	5.0
0441003303	2.0
1595726616	5.0
0399149783	3.0
0380718839	5.0
B00D4KG0DE	3.0
0062003259	3.0
0062197258	3.0
1414311656	4.0
1451674775	1.0
0425217620	4.0
1937856380	1.0
0312323859	4.0
1935597078	3.0
0394800915	5.0
1419955047	4.0
0380800829	3.0
0370332288	5.0
0307884821	4.0
0312272057	5.0
0140230270	4.0
0312890540	5.0
140004460X	3.0
0451233166	5.0
034552909X	5.0
0312537921	3.0
1492942677	5.0
1608195317	4.0
0671737821	3.0
0557489563	4.0
0451172590	3.0
1476761779	3.0
1496087291	4.0
0312642806	3.0
B008RCIZUA	3.0
0373772211	3.0
0345453417	2.0
4770031084	4.0
0425127923	4.0
0439023483	4.6
0312947054	5.0
0307879453	5.0
0307264556	4.5
1451523203	4.0
1416505474	2.0
0679756973	4.0
0061214655	3.0
044661825X	4.0
B00BTRSOJ2	4.0
0373773536	3.0
0425203034	4.0
1846972531	5.0
0446612944	2.0
0373773552	3.0
1416547037	3.0
1616950498	5.0
1853029785	4.0
0380007789	3.0
1575668572	1.0
0439023491	4.0
043920352X	5.0
1416562656	2.0
1495416046	4.0
0375836942	4.0
0062293605	5.0
031612351X	5.0
1612186963	4.0
0843946806	2.0
B0036Z9YEE	4.0
1781890048	3.0
1416516123	4.0
0988761955	3.0
145328740X	4.0
1250006317	4.333333333333333
1250008972	5.0
0425264858	5.0
0385340559	4.0
0425147517	3.0
0345453433	1.0
B00JJPAAKW	5.0
1402784031	5.0
0312426216	5.0
0446541923	3.0
0571139671	4.0
1419956337	2.0
0446618241	3.0
0399159126	5.0
042518739X	5.0
1416586644	5.0
009917961X	5.0
0743566572	4.333333333333333
1482518961	5.0
0307345300	4.0
0670023493	4.0
0451410572	3.0
1590583582	5.0
1250006325	5.0
0425237249	5.0
B003SX154G	3.0
0738713805	4.0
0312947062	5.0
0385340567	2.0
038079456X	3.0
1554532256	3.0
0385338252	5.0
1940534461	5.0
039915910X	5.0
074326455X	4.0
0316228532	3.6666666666666665
0446553905	4.0
0425205681	5.0
1439102767	4.25
0345448944	5.0
0440195357	3.0
1402210078	2.0
1250042070	4.0
1843603942	4.0
1610390296	1.0
160710427X	4.0
B002HE1IBW	3.0
0380779617	3.0
044900516X	4.0
0449005178	4.0
0312946716	3.0
B00H2H50UE	5.0
0385536690	3.0
0316735736	2.0
1250002842	5.0
0061985848	4.0
0515130990	2.5
0425227960	4.0
0142002836	4.0
0385506805	5.0
0956368611	4.0
B005CBA5ZM	3.0
0425214648	1.0
038542289X	3.0
B006CPAP9I	4.0
0446609196	3.0
B0089LQGKK	5.0
0062060554	5.0
0374307989	5.0
0345549627	5.0
1927477034	3.0
0316114669	4.0
0671003364	1.0
0373772416	3.0
B00838H1OY	4.0
0778329860	5.0
0849947189	4.0
0957408803	5.0
1492759376	5.0
0425195805	5.0
B008X8ZL1E	5.0
095457222X	5.0
0316043133	4.0
1439102740	5.0
0345423623	3.0
037322706X	2.0
0553593838	2.0
0821759213	1.0
0373310242	4.0
B005CRQ546	2.0
B008TGMQAE	4.0
1419958836	3.0
0312968973	5.0
0061779741	2.0
0732296277	5.0
0425227944	4.0
0142002852	5.0
0446566586	3.0
0425203972	3.0
0761167099	5.0
1927018129	4.0
0954572238	5.0
1250002826	5.0
0486419444	5.0
1616145471	2.0
0671737791	4.0
039915373X	3.0
0345318234	4.0
0451240197	5.0
014219672X	4.5
0544104404	3.0
0316043125	5.0
0671024256	5.0
0425214621	4.0
0061730416	2.0
1609280954	4.0
0679735909	4.0
0758220669	1.0
B006KXITWW	4.0
1609113039	4.0
0547688369	2.0
1118490193	5.0
1927018110	4.0
1418550760	4.0
1908844558	5.0
1479101761	2.0
0060586125	5.0
0061087130	5.0
1250002834	5.0
1416552448	3.0
0263173364	4.0
0425236889	2.0
1550371711	4.0
0671019732	3.0
061566069X	4.0
1466497084	4.0
B00BP2UTO4	3.0
0425212033	5.0
042526050X	5.0
0307265803	3.0
0142002879	4.0
B0043URLMI	5.0
0099556758	4.0
0373793308	2.0
1940051002	2.0
1455599182	4.0
054715240X	4.0
0976570904	4.0
1599983567	2.0
1442350458	4.0
0062124269	5.0
1927423201	3.0
0987948806	5.0
0671019724	4.0
1419951386	5.0
0062243470	3.0
0356500276	3.0
0061121584	4.0
1590585208	4.0
0671019740	5.0
037570373X	5.0
031609210X	2.0
0451404750	2.0
B00IB5D9CW	3.0
0963233661	5.0
1492291560	4.0
0375414959	3.0
0755348087	3.0
030728364X	5.0
0671747150	5.0
0812995139	5.0
1484889886	5.0
0425140040	1.0
0316012831	5.0
1467705918	5.0
0451224914	4.0
B0055PMRSS	3.0
0505523426	4.0
1442430281	2.0
0898799953	3.0
0007419511	4.0
B008CPQG9O	2.0
0143037145	5.0
1847562892	4.0
B002TG4OZ0	4.0
0671019708	5.0
043902353X	4.0
B00I7BC110	4.0
1595145060	5.0
0061852058	3.0
0446582603	3.0
0060796677	3.0
0380801213	3.0
0446523437	5.0
B00C5TOQ7M	4.0
0547417713	5.0
0985424818	5.0
1495200213	4.0
0394800176	5.0
0140861580	5.0
1933615559	5.0
1908481811	5.0
0743289684	3.0
015205300X	2.0
0671019716	1.0
0061259357	2.0
0141188014	5.0
1451643616	2.0
0553104241	4.0
B00EYM57HQ	4.0
0679809015	5.0
0758211767	4.0
0061208604	4.0
0425215903	1.0
035233682X	2.0
B005MUEXWE	5.0
0764204904	4.0
0425209229	1.0
0843961430	2.0
0060851988	2.0
0312983743	3.0
0060590254	4.0
0425244466	3.5
1590302621	4.0
044658309X	5.0
190351794X	4.0
0345519833	2.0
B0055PMJMW	4.0
0553817736	5.0
0984553177	3.0
1476724911	5.0
0671019767	3.0
0373790236	3.0
1482926474	5.0
0446606987	5.0
1480230219	5.0
0312303467	4.5
1469205092	4.0
044658083X	2.0
0425212866	2.0
0312949820	3.0
1250025567	5.0
B00BT708ZU	5.0
1612186009	4.0
0345492277	4.0
0778317005	3.0
0143120360	5.0
0061284394	3.5
1596438657	4.0
146625453X	5.0
034539657X	3.0
0964894238	2.0
0373778597	3.0
0778320650	2.0
0758208138	5.0
B008ESORTU	4.0
0373605390	3.0
0553589733	2.0
0983919305	3.0
B004AYDHHU	5.0
1859643299	5.0
1605048577	4.0
1447241096	5.0
0373709110	4.0
0452297540	4.0
084994841X	3.0
0307271633	4.0
0061097314	3.0
1480242233	5.0
1401932002	2.0
0451215117	5.0
0141326085	5.0
0373790252	3.0
098870742X	1.0
1573449296	4.0
0813365813	3.0
0878575103	4.0
0307749649	3.0
0061208612	5.0
1451641087	4.0
0425236870	2.0
0743539869	5.0
039306123X	5.0
0373247508	2.0
0307245306	2.0
0060872896	4.0
1419951378	3.0
006087287X	5.0
0802117112	4.0
0451405218	4.0
0143036661	5.0
0091940184	5.0
B000OLZQAY	4.0
1444734148	5.0
B00CK09TBE	4.0
0439023513	3.0
B00EHMFBLA	3.0
0316154741	4.0
B005GRD5PO	4.0
1551668874	2.0
0316175668	4.0
1480263141	4.0
1439197059	4.0
0062007475	4.0
0843937769	3.0
0689808828	5.0
1439102724	4.0
B005CRQ4U6	5.0
0143120328	4.0
0380753022	5.0
1451539584	5.0
1416975888	5.0
0061134007	3.0
1907650563	4.0
0425223566	1.0
1594488096	5.0
1401303382	3.0
0307887995	4.0
014200331X	3.0
0140434240	3.0
1416503617	4.0
0515143480	2.0
0380753014	3.0
0143038419	3.6666666666666665
1426206542	4.0
0345539478	5.0
1887012176	5.0
0375858237	3.0
1481042440	3.0
078626392X	5.0
0395353238	5.0
0440221994	2.0
0060731303	2.0
1612186041	3.0
0821780611	2.0
0061234915	2.0
0505528282	2.0
B005CRQ57S	2.0
1416542272	3.0
0306815036	3.0
0312949812	3.0
075820941X	4.0
0099911701	2.6666666666666665
0553588451	2.0
B00AR0R5XS	4.0
1609288084	2.0
0312949804	2.0
0440223725	2.0
0615717217	4.0
1455515558	3.0
1599983508	3.0
0060194995	5.0
0439813786	3.0
1469252228	4.0
0425236838	2.0
1936136937	5.0
0984325662	5.0
1590581709	5.0
0786868724	4.0
0385344007	4.0
044661453X	2.0
0957355831	2.0
B00A22UVJG	3.0
0393011836	2.0
1606015249	3.0
1561457302	4.0
0062129902	3.0
0805090037	5.0
0385482388	5.0
B00413QQ1E	4.0
0805054383	5.0
1935448005	5.0
1938164024	4.0
B0092XN9O0	4.0
0865477736	5.0
1599989751	2.0
0307461661	3.0
0373775490	3.0
0061734012	3.0
0312939515	2.0
1456347187	5.0
1620152053	5.0
0425208885	4.0
0804119686	3.0
0671735934	4.0
0061450545	1.0
0061336890	1.0
0061032093	3.0
0380750864	3.0
0446600814	2.0
0758205937	4.0
178029056X	3.0
0352339020	4.0
0767907809	3.0
0061999695	3.0
054525132X	4.0
B0092HYYEA	4.0
0061734004	3.0
0373836848	4.0
1452661197	3.0
0451225481	3.0
0061032085	4.0
0615500099	5.0
0345531450	5.0
1401936318	4.0
0141800127	4.0
0142419400	3.0
0394821106	5.0
0425104346	3.0
0451229851	3.5
1463717091	5.0
B008M2BIHM	3.0
B00C74WXBG	4.0
0425240169	4.0
0425171078	4.0
0307275167	3.0
1448609070	5.0
1250028655	5.0
0061376094	2.0
B004ZGB6YY	4.0
0451460936	3.0
0857385682	5.0
1466302658	4.0
140221085X	3.0
1782391118	4.0
0307265773	3.0
061577637X	4.0
1551664550	4.0
0446547395	1.0
0307377040	3.0
B00HGLLD0W	2.0
B00AXS4ZYQ	4.0
0373771088	3.0
0307474933	5.0
1606840576	5.0
B003KVL2CQ	5.0
0307908542	5.0
B00AKI4IX2	3.0
0060505621	2.0
0375869751	3.0
0316018953	4.0
0345534506	3.0
1612183727	5.0
1400106656	5.0
1455509620	5.0
B00BMM5M3A	4.0
030737839X	5.0
1476710201	2.0
0758208162	4.0
0451197704	4.0
0547904312	2.0
0374166854	3.0
B00H93RDSI	4.0
1416516093	2.0
140870403X	1.5
B00F1IMZN6	4.0
0307474925	5.0
0553295209	5.0
0143035304	5.0
0345511875	3.0
037386051X	1.0
0802715354	4.0
1439142734	4.0
0983212546	3.0
0062108166	2.0
0140621199	3.0
0440223776	2.0
B00C74WXEI	4.0
1606012150	3.0
0062019511	1.0
0451160444	4.0
147922801X	5.0
0425176797	4.0
0373774133	2.0
0982953720	3.0
0141012692	3.5
125005236X	4.0
1494214520	5.0
0205268935	1.0
0823423506	5.0
B00HCI41HG	5.0
0307907236	5.0
1611381843	3.0
0983582904	5.0
0345517199	4.0
0751547875	5.0
0061001783	5.0
0545557011	5.0
0060590270	3.0
0738733369	4.0
0743454545	4.0
0385337671	5.0
0425211606	4.0
0373210167	3.0
1439195242	5.0
0373795068	4.0
0007391595	4.0
0758205910	4.0
0143036610	4.0
0399157212	3.0
0307272095	4.0
B003FMV5ZE	5.0
0446543837	3.0
0425224902	4.0
0671034413	4.0
1554514568	4.0
050552516X	2.0
0425266745	4.0
1416595619	5.0
B0035N1UXA	3.0
1250003326	5.0
0373775466	4.0
0679722645	4.0
0553385100	3.0
1409134237	4.0
0979647525	2.0
042523603X	3.0
1442419865	2.0
B009IRPCQS	1.0
0758215320	2.0
0804138818	5.0
1442369167	5.0
1551662744	2.0
0615383769	4.0
0758269188	3.0
0743454529	4.5
0060195347	3.0
1590581687	4.0
0061957895	2.0
0805068953	3.0
141995623X	3.0
B002TG4P22	2.0
1453653929	2.0
0316012823	5.0
0786166835	5.0
0778322394	4.0
B009Z64740	5.0
0345535871	5.0
0758269196	3.0
1590581695	5.0
0425248038	3.0
0786234520	1.0
0451463137	5.0
0312423268	4.0
0062024035	5.0
B00CLJD31Q	3.0
1937178277	5.0
0062208284	5.0
0062279483	2.0
0441014100	5.0
0060847905	1.0
0982589964	5.0
0312867425	5.0
0743454502	3.0
0985944374	4.0
0345805615	2.0
0778324109	2.0
0373775431	2.0
0345534557	3.0
1479343838	4.0
0758228651	3.0
037377673X	3.0
0758203373	3.0
014750970X	3.0
143271385X	5.0
B00H2UFHBI	5.0
0553385119	5.0
0425229718	3.0
1491272813	4.0
0985266392	3.0
1416583688	4.0
B003MQNAQU	4.0
0310332079	3.0
1497527813	5.0
0061922315	5.0
0373775423	2.0
0380005255	3.0
0615661157	2.0
0978573234	5.0
0399153721	4.0
1607012537	4.0
045122230X	2.0
0764343874	5.0
0778324125	3.0
096138591X	4.0
1408825953	5.0
B004ZUT15G	2.0
0061921033	3.0
0316152196	4.0
0060882298	4.0
1495234517	5.0
077832544X	4.0
1575668696	5.0
0062299018	2.0
0345475798	3.0
0738713708	3.0
1608206599	3.0
0991686004	2.0
0373285728	3.0
0451205804	1.0
0425115801	5.0
1935670271	5.0
0143122185	5.0
0446618136	4.0
1475078064	5.0
006222560X	3.0
1605423823	5.0
044640053X	1.0
0425230716	3.0
1400043425	4.0
B00DSAJ7JO	3.0
0980016258	1.0
1439152969	2.0
0755331125	3.0
0385341768	4.0
1926965485	5.0
B004P1J20E	4.0
0440246490	4.0
0399159010	5.0
0345478851	1.5
1456307185	1.0
0671569015	2.0
0307739368	5.0
0062012010	5.0
0345533283	3.0
0425224074	3.0
0380794470	3.0
B0071C3VZ6	3.0
148413933X	5.0
0373878672	3.0
B0042X9A8Y	4.0
0451407040	3.0
051514701X	3.0
0842340971	4.0
038077352X	4.0
031298104X	4.0
1605045446	2.0
0670015768	3.0
0007525575	5.0
B006NCFJOQ	4.0
0451222350	4.0
1483914836	2.0
1439152950	3.0
0778328511	1.0
0446547352	4.0
1585476951	1.0
1401601731	5.0
0060852550	4.0
0316204366	5.0
1416537384	3.0
0373210779	4.0
0515128554	4.0
0345515501	5.0
034071820X	2.0
B00GM0HTY2	5.0
1846682363	3.0
0762441518	5.0
1442349158	4.0
0805093079	5.0
B0035LDMZ6	3.0
1479321737	5.0
1416537376	4.0
B005VDVHQ2	5.0
0345528816	4.0
0385535481	2.0
1456547070	5.0
1402238770	4.0
0156007819	4.0
0375724508	5.0
0061719544	5.0
0310936985	4.0
0373802021	1.0
0983632944	4.0
0515128546	4.0
0062014536	4.0
0316153915	2.0
0470947802	3.0
0515141542	5.0
0957248911	5.0
1479169234	5.0
B005R12O24	3.0
0307947432	3.0
0143036165	3.0
0941711420	3.0
0425226743	4.0
1466367741	5.0
0142411108	3.0
0373198582	1.0
0671532766	5.0
0553591762	4.0
0091940206	4.0
0345289927	3.0
1936449528	1.0
0345528840	4.0
1416566724	2.0
044024384X	3.0
1934678031	3.0
0340923245	4.0
0778326241	3.0
0307341542	5.0
098368412X	5.0
0345435729	5.0
1620073838	5.0
0803497024	2.0
0345380983	5.0
0312351623	4.0
077831426X	4.0
1436394058	4.0
1612185894	3.0
0140434135	5.0
0061374229	2.0
0942396995	4.0
1482707772	2.0
1616950714	4.0
0425208079	4.0
1416575669	5.0
0425221032	1.0
1481252143	5.0
0553581511	2.0
0307341569	5.0
B00I0IBSPK	5.0
1475023456	5.0
1416566740	4.0
0345476255	1.0
0758273495	2.0
0373210736	3.0
1594488126	5.0
0451210689	3.0
0842379428	4.0
B00I7VVZAI	3.0
0778326268	3.0
0983687226	5.0
034543577X	5.0
1586483099	4.0
0307452468	3.0
1451688636	4.0
B0051AOIT8	5.0
0312356498	3.0
140275129X	5.0
038574224X	3.0
1843867753	5.0
0545426227	5.0
1467957984	4.0
B00HFIZ3E8	2.0
0425213471	1.0
1461079853	5.0
038080901X	2.0
0758276516	4.0
1476718733	5.0
1490397302	5.0
1419951270	3.0
0956642209	4.0
1416537325	3.0
1402213484	1.0
0060899220	2.0
0843956348	2.0
0380711966	5.0
1477817506	2.0
0758238266	2.0
1402245076	2.0
1877673722	5.0
0061808261	2.0
0739357727	3.0
1419951289	4.0
0316055433	4.0
1401341942	2.0
0312368488	4.0
0989283410	5.0
0758273479	3.0
0307749584	2.0
0312565860	4.0
0802118518	5.0
B00BP45LD6	5.0
072786792X	4.0
0983398038	4.0
0843955007	5.0
098363033X	4.0
0758238258	3.0
0345515579	2.0
B0088FYLTA	4.0
141654013X	2.0
006208576X	4.0
1451608527	2.0
1416537309	3.0
1611188296	3.0
0399142533	5.0
0985221801	5.0
0465003079	4.0
0307958108	4.0
1590513444	3.0
1551661764	4.0
161109951X	2.0
B0044KM0B4	3.0
0553579231	2.0
1595143173	4.0
1451665164	4.0
0843960469	2.0
0451165594	4.0
0441018238	5.0
B00BOB130K	5.0
1478292032	5.0
0440244323	1.0
0373777396	2.0
0316003417	5.0
B004CFB7YC	5.0
0312937970	2.0
0380784912	4.0
0241959756	5.0
B00IFXQQNE	5.0
0451407547	2.0
0743598768	5.0
014303569X	5.0
0446617512	2.0
0857206931	3.0
0307742911	4.0
1420104306	3.0
0425179060	2.0
0970716907	5.0
1595552219	4.0
B00HP3RUWQ	5.0
0451407539	2.0
0316153990	4.0
1439176043	2.0
0778329348	2.0
1605292079	3.0
0505526166	2.0
0515118370	4.0
0758212518	4.0
1467744123	4.0
B00B0LIQFY	5.0
0446556823	3.0
0446691437	3.0
0593048881	5.0
1605048216	3.0
1611940508	2.0
0879472308	2.0
0312383282	3.0
B007N9RGTE	3.0
0991322207	4.0
039916216X	2.0
B009YOISDY	3.0
006230240X	3.0
0778328023	4.0
B00C334CS8	4.0
0451218507	1.0
1419956930	2.0
0451226186	1.0
0446365327	3.0
0785213066	4.0
0843963506	4.0
034900028X	5.0
0615690106	2.0
1442346965	4.5
0778329372	4.0
B00HWI5OP4	5.0
0970716931	4.0
B003AYEP4A	5.0
0345434471	3.0
0451407520	3.0
0425236994	2.0
0753186578	4.0
0143034359	5.0
0140431020	5.0
B009AZ80R6	4.0
0763669393	4.0
1416589422	3.0
B007FIIF34	2.0
0446365335	3.0
B00GPX1VAE	4.0
0340988614	3.0
006212109X	4.0
1843609320	5.0
0452283485	4.0
0375722777	5.0
0307279898	4.0
0970716966	3.0
B00J9P60YC	3.0
B0045JK2PK	4.0
0062062247	3.0
1419953842	3.0
097071694X	3.0
0425243214	4.0
B00HMUR5QI	4.0
0307956350	5.0
2954168102	4.0
0758207115	2.0
0373618778	3.0
0671041312	4.0
1425953514	5.0
1482008238	2.0
1470103281	5.0
0849944155	4.0
190646202X	4.0
075821605X	5.0
0061429899	3.0
0060157399	2.0
B004K1F0E6	5.0
0099474468	4.0
0941062163	4.0
B004YK3180	4.0
0425235610	2.0
0593057791	5.0
0671692674	5.0
0786256079	3.0
1453774807	5.0
083082300X	3.0
1590582926	5.0
0970716982	5.0
0557131294	2.0
031235164X	3.0
0811853756	1.0
0352340398	4.0
1468161660	2.0
0758268955	2.0
0451238117	4.0
B0073H86H2	2.0
0316240079	4.0
B00GM4GB60	5.0
0452278902	4.0
1494414546	5.0
0060731435	4.0
0373128681	3.0
0312351666	4.0
0345494997	2.0
0892963859	5.0
0445406518	4.0
1439136807	2.0
0061242411	2.0
0743291476	5.0
0374214913	2.0
B005IYEWHA	3.0
0615483305	5.0
0380725703	4.0
045123944X	2.0
0316126381	4.0
0758208472	3.0
0099474441	4.0
0373278306	2.0
1581349750	3.0
B00DG1BU1S	5.0
1595553568	4.0
0143118587	5.0
0060958022	4.0
1481982001	2.0
0575081384	5.0
0399148612	4.0
0545123267	3.5
0399157565	3.0
0307931889	2.0
0062215507	5.0
0375866566	4.0
0061992704	4.5
1419961551	3.0
1620610043	3.0
0345538196	4.0
B00BFQDGN6	3.0
1575667843	4.0
0441009239	4.0
B009V2YCRA	4.0
B004YWQKVS	4.0
1593303130	5.0
1416524851	2.0
0375834958	5.0
0615610951	4.0
0425217000	3.0
0385351836	5.0
1843401878	5.0
0393244660	5.0
0345486528	3.0
0060523387	1.0
0989563618	4.0
1451660316	5.0
B0097A0NY2	5.0
0312939620	2.0
0425206335	4.0
0439841224	4.0
0312378777	5.0
1557738661	3.0
077043598X	2.0
1490976213	4.0
0425268616	5.0
077832267X	4.0
0449004864	1.0
0349000328	5.0
0451196716	5.0
B00A8PD6C6	5.0
0312252617	2.0
0982582374	3.0
0553445588	5.0
B006JX1KP6	5.0
B00AROMRYQ	5.0
0380782332	4.0
B00K2IMTNG	4.0
B003IWOC24	3.0
B00E9MCRLA	5.0
0671524208	4.0
0373605560	1.0
0345486544	4.0
0718157664	4.0
0345335465	2.0
1416983309	5.0
0136105688	5.0
B007A4V37S	4.0
0751536601	4.0
0307907333	5.0
1555976026	3.0
1612181422	5.0
1622414330	4.0
0373878168	5.0
0062017683	1.0
044020609X	1.0
0425217051	2.0
0373775571	3.0
B00585CF28	5.0
0310326095	4.0
0060582553	4.0
0758213867	4.0
0440209137	2.0
0307929590	3.0
0446552437	2.0
1480231487	5.0
0451207947	2.0
0099244926	3.0
0393072231	4.0
0989050807	5.0
B008RIC62M	4.0
0373605501	2.0
0373294395	4.0
0743250109	2.0
0375869638	4.0
1479369667	5.0
0061208590	3.0
1451698984	3.0
157566786X	4.0
9549272516	4.0
0525954104	3.0
0380782308	1.0
0446604232	3.0
0595409121	3.0
0758228902	3.0
0312426852	5.0
1401685420	3.0
0137047983	4.0
0758269404	2.0
0758213883	3.0
B0080I5GTY	4.0
B005NLPW2C	5.0
1469924706	3.0
0425264211	4.0
037377558X	2.0
0823419355	5.0
0375701907	2.0
031257357X	5.0
0373125690	4.0
1616201738	4.0
037389242X	3.0
1491015454	5.0
0871407868	1.0
0307743349	5.0
0312983751	4.0
B0043M6IRA	5.0
0345486501	5.0
006149190X	4.5
042518756X	1.0
0786247088	5.0
0425264203	3.0
006112429X	4.5
0385351852	4.0
0060734558	5.0
044024434X	2.0
0312941919	4.0
0615777317	4.0
0425198243	4.0
0307276740	5.0
0983676496	5.0
0989050858	4.0
1455599255	3.0
0061351520	4.0
0399158022	4.0
1605045993	2.0
0399159347	5.0
1490552944	4.0
0553824813	5.0
0679760806	5.0
B009PSQ4QW	3.0
0312867522	1.0
0062018973	4.0
1493610880	4.0
B00DI7HNXE	5.0
0778325776	4.0
0984946446	5.0
1416551735	4.0
0312606931	5.0
0451461045	3.0
0425239209	3.0
0385341636	4.0
0758238312	2.0
1934531057	4.0
1479222038	4.0
1455599247	4.0
192670827X	4.0
0060734574	5.0
0440413729	5.0
0778325784	5.0
0061351504	5.0
0375431039	2.5
0399159339	2.0
1623954711	5.0
1781764883	5.0
0370332059	3.0
1250008778	4.0
073949547X	2.0
061832996X	5.0
0312990936	3.0
144235948X	4.0
1603429697	3.0
B005ZUV64E	5.0
0061245577	1.0
0671040839	5.0
0786014539	5.0
1466440961	4.5
0751541184	5.0
0316075841	4.0
B00807FKPA	3.0
0345532031	2.0
0312568894	2.0
1611090229	3.0
B005GVY46E	4.0
1469227886	5.0
1451659393	3.0
0765352257	4.0
0758286856	5.0
0451225775	3.0
0575096497	5.0
0345420748	1.0
1416563725	4.0
0340920246	3.3333333333333335
0446538965	3.0
184607908X	4.0
0137064438	4.0
0843952067	2.0
1619215055	3.0
0743254554	2.0
1615813780	4.0
0743579631	5.0
0761457259	3.0
0425206319	2.0
0857385178	4.0
0399106855	3.0
0061235350	3.0
1847562353	5.0
0670038717	5.0
1482012294	4.0
1902602692	4.0
0451225716	3.0
0989050882	2.0
0373708718	2.0
1579653464	5.0
147009469X	2.0
0451221354	4.0
0385341679	5.0
1843600005	4.0
1455599204	3.5
0060096861	3.0
0547840349	4.0
1442453443	4.0
1452657386	4.0
142851113X	5.0
0786849576	4.0
1612180183	3.0
0615432662	3.0
147528490X	3.0
0374351384	5.0
0345486560	5.0
1416549463	2.0
0312546610	5.0
160684170X	2.0
0449004856	1.0
0671047426	4.0
0446606014	4.0
0684850605	4.0
145058859X	2.0
0451456521	5.0
0062280546	5.0
0345379063	4.0
0060852577	3.0
0984338195	2.0
1619352184	5.0
B0045OUST0	5.0
0446618004	1.0
0451234677	1.0
1933495189	3.0
0375500901	3.0
B00E491Y8A	5.0
0425219607	5.0
0375831002	3.5
0373772467	3.0
0373752873	3.0
1400074290	4.0
0061138061	1.0
0373691432	3.0
0778315568	2.0
0425241505	4.0
0980044812	5.0
0307276732	3.5
0671047434	4.0
0141194529	3.0
0451410319	4.0
B00BZPJSV6	3.0
0316243914	5.0
0385341652	4.0
1449426468	4.0
1451613156	5.0
1556438001	3.0
077832317X	5.0
0380813947	4.0
B002UKOWM0	3.0
0805073396	2.0
B009NGQ72M	1.0
0060621796	4.0
067977632X	5.0
1615815503	4.0
0345486587	1.0
0316067369	5.0
0312383304	4.0
0143143646	3.0
0778320804	5.0
0312576463	1.0
0553382233	5.0
0345447859	5.0
0373127480	3.0
B00AMUZS3W	1.0
0615575072	5.0
9652292672	5.0
034529873X	4.0
0451230132	2.0
0425266095	5.0
0142001740	3.5
1594485186	4.0
0557445019	2.0
0060751967	3.0
1576834468	3.0
1609282914	3.0
0553106236	3.0
B00DQH0O8C	2.0
0345515633	5.0
0061767980	5.0
160601286X	2.0
1611762383	5.0
0671739743	1.0
1927018374	4.0
146811803X	2.0
1439156379	4.0
0425224201	4.0
0758285388	3.0
0849964784	4.0
034552893X	4.0
0224093908	3.0
1469952661	5.0
1935097172	4.0
0505528088	5.0
1439152802	4.0
0060964049	2.0
B007ZJYC2G	4.0
0553588249	3.0
1451503334	4.0
0312383320	3.0
0312550057	5.0
0062736868	2.0
0743554434	4.0
1423121317	4.0
0758238193	3.0
0778323099	3.0
0380819171	3.0
0451235843	5.0
1595546294	3.0
1408835193	5.0
149270444X	3.0
1478116196	4.0
B007LPVXIA	3.0
0739421042	1.0
0821780026	1.0
0399151311	3.0
026316246X	4.0
0778314154	3.0
0553386603	4.0
1596917032	1.0
0062113372	3.0
1615190643	4.0
0425225518	1.0
1933718048	4.0
1420104489	3.0
0345484800	2.0
0385321988	5.0
1463630905	4.0
140006984X	4.0
0446616915	4.0
1490341684	5.0
0345802896	5.0
0515094773	4.0
0547934874	5.0
B00HRFJTGM	4.0
0982705611	3.0
0451202945	5.0
0446677906	4.0
0385535562	5.0
0451232755	2.0
0451229118	3.0
1420100955	3.0
0345535286	3.0
0778327477	3.0
0786013141	5.0
1596685980	2.0
145581847X	4.0
1402213395	3.0
0743572270	3.0
B009MZQP0I	4.0
0375404910	5.0
1593275218	3.0
0307405362	5.0
1416989412	4.5
0143142372	3.0
1453617221	4.0
B00GUN9LCO	3.0
1420843818	4.0
1616281111	4.0
B00AZ7YSFQ	4.0
1453722661	5.0
0141302283	5.0
1603583432	4.0
B0092MPT80	3.0
0811801802	5.0
1402212070	4.0
0575061049	5.0
024081181X	4.0
1482605694	5.0
0670024856	4.0
0425216616	2.0
0345447832	5.0
0515090395	3.0
0345490665	1.5
1591450179	2.0
1940559901	4.0
073935650X	1.0
145583145X	5.0
0312179405	1.0
1595550348	4.0
0060504072	5.0
0989311287	2.0
1616951966	2.0
1603427902	3.0
0984352627	5.0
0380802309	3.0
0957496168	5.0
0345527682	4.0
0425133516	2.0
0756402190	4.0
0062255657	4.0
006123950X	4.0
1451587899	1.0
0615728502	4.0
1599981181	3.0
0226771105	4.0
0345490673	3.0
076434238X	2.0
1619351005	5.0
1463695403	4.0
B008JI94PM	2.0
1439156352	4.0
0140186409	4.0
1250058236	5.0
0399255370	4.0
1482625296	5.0
0451239350	4.0
0380802317	1.0
0399154450	4.0
0747257833	2.0
0307749436	5.0
0312948743	1.0
0761457976	3.0
030797071X	4.0
0811877825	5.0
0972437738	5.0
1556114931	3.0
0812974018	5.0
0399158812	4.0
0061127523	1.0
0132595214	4.0
0399143793	4.0
0061958077	1.0
147813223X	5.0
0061128856	3.0
1402211570	2.0
B00486UF6G	4.0
0758213719	1.0
0849922070	3.0
1470163802	1.0
0345384369	5.0
0312571623	4.0
0195314395	4.0
0385342047	3.0
0099421860	3.0
0316036218	4.0
0544108620	4.0
0425201503	2.0
0547746997	3.0
B005EC6RAQ	5.0
0312348126	1.0
006135323X	3.0
045123801X	5.0
0061795143	2.0
0060784032	3.0
0373773900	4.0
1613820259	5.0
0373290950	2.0
0813114594	3.0
0312274815	5.0
0198326769	3.0
1590586344	5.0
1250002672	4.0
0515131229	2.0
0099474360	3.0
0985023201	3.0
B004AYDJM8	1.0
0451239377	5.0
0316017922	5.0
B002LLNGPM	4.0
0316057134	4.0
0062021559	4.0
0758207050	1.0
0451419626	5.0
0671775472	2.0
1595143068	5.0
1406332933	5.0
0553813110	5.0
1841957976	5.0
0263878198	1.0
006212532X	2.0
081255731X	3.0
0373836112	2.0
0615581706	5.0
1469984202	5.0
0061374199	4.0
0307277186	4.0
B00G3SRAHO	4.0
0942540026	3.0
B005YKC770	3.0
0553276328	3.0
0373773927	3.0
1612001033	4.0
0740791389	4.0
1843608111	4.0
0307278441	3.0
0061783188	3.0
089296068X	3.0
0373605579	2.0
1565126068	5.0
B007HTV5MY	3.0
045141523X	2.0
042520815X	3.0
0312955006	4.0
145584165X	5.0
B00A9159GU	5.0
0446611298	3.0
0330453866	3.5
B00FIL334Q	3.0
0352340290	4.0
0446403385	5.0
1419970291	2.0
0373605587	2.0
0062220969	3.0
1420108824	2.0
0789210290	4.0
1416590587	4.0
0142003557	4.0
0312650043	5.0
0425222462	2.0
1590582802	5.0
0486280837	5.0
1497305012	5.0
0671568833	5.0
0330419668	4.0
0099429799	3.0
0385342063	4.0
1906931224	2.0
B002ZI4MW2	3.0
1927018323	4.0
1844165981	5.0
0425072959	4.0
B00H05039Q	4.0
1906125147	5.0
0061783196	4.5
0312383355	4.0
141433558X	4.0
1455523399	5.0
0385532458	3.0
160850204X	5.0
1250014603	1.0
1401938809	4.0
0843947365	2.0
1419953753	5.0
1467973270	2.0
0399158820	2.0
1410419592	2.0
0451206444	2.0
038072121X	3.0
1605047066	3.0
0441008135	2.0
B00AGM2M8K	5.0
0143117378	4.0
1478322209	5.0
1927018315	4.0
0061474649	3.0
0373774397	3.0
1909223018	4.0
0373773064	4.0
0307387089	5.0
0761461280	5.0
1484069684	3.0
0143123238	2.0
1621546284	5.0
0312559208	3.0
B00B6E4B2C	4.0
1400074304	3.0
B00B0QITYC	4.0
0345516044	4.0
0751548502	5.0
0971217742	4.0
1401685560	5.0
0547330790	5.0
0061689246	5.0
0060972459	4.0
1406330337	5.0
1906931240	4.0
0373777434	3.0
0425153975	3.0
0061083461	4.0
0373834438	3.0
0470949546	5.0
0340899751	5.0
0385527187	4.0
0441011675	4.0
B004QTOT8U	5.0
0140865241	5.0
0373791712	2.0
0986842257	4.0
0451194861	3.0
0857383248	4.0
B005KHI2KS	4.0
0099456451	4.0
0743583884	3.0
0307474712	5.0
067179938X	5.0
0425195279	4.0
B00HKMYCQY	4.0
1453270973	3.0
0446519960	2.0
0399153063	3.0
0143124544	5.0
0425230120	3.0
0312595689	5.0
1614345147	4.0
0425219763	2.0
1906931267	4.0
1583457348	5.0
1456474375	4.0
0743249895	5.0
1612186173	4.0
0385338724	1.0
0671047515	5.0
0373834454	4.0
1406330345	4.0
1402268408	4.0
0399153055	5.0
0373223285	4.0
0425195260	3.0
0425218422	2.0
031032906X	3.0
141271706X	5.0
1439149194	4.0
0785227628	3.0
0547858647	2.0
1844164683	5.0
B00C2SNR12	5.0
0373774354	2.0
0345534743	4.0
0440235537	3.0
0671744224	3.0
B006QA73KI	4.0
0986572403	5.0
0992504627	3.0
0399157484	2.0
0061350982	3.0
034538430X	2.0
0373132085	4.0
B003AT107A	5.0
0671744216	3.5
0316089516	3.0
0451219813	2.0
0062121790	3.0
1484094670	5.0
0394800818	5.0
1439152780	5.0
0373774346	4.0
B0060NP4UC	4.0
0373534434	3.0
149427650X	4.0
0007302304	5.0
0764341847	3.0
0981279007	3.0
B007HU7NXS	5.0
0802120059	3.0
1451671997	5.0
146816211X	3.0
072788140X	5.0
0743570537	5.0
0553275852	3.0
0743453484	4.0
B00H7MD9FW	1.0
145281709X	4.0
1402244428	3.0
0739419692	1.0
1451671989	5.0
0802120040	3.0
1484033663	5.0
1579654606	4.0
3829026218	5.0
1419708961	3.0
0441017800	2.0
0440235510	5.0
B008CY7COS	4.0
B003VYCAKK	3.0
0060890096	5.0
0385349408	5.0
0373617607	2.0
1554514797	4.0
B004DI7KI0	3.0
0983440743	3.0
0843951443	2.0
0446403407	5.0
1908844809	5.0
0425241696	3.0
1595142576	5.0
0062206745	4.0
006075995X	3.0
1439155828	5.0
0152063846	3.0
0345407865	5.0
0345533429	3.0
006211817X	4.0
0446614394	2.0
0743453468	3.0
0761354727	4.0
1451533969	2.0
1590581431	5.0
0345505425	2.0
0373718241	4.0
0898218462	5.0
0061794716	1.0
1402217668	3.0
006085880X	5.0
B009R5BZ5S	5.0
0312573472	5.0
1420110209	3.0
0515126772	4.0
1478184248	4.0
0375832270	5.0
B004QWZ8I2	3.0
0385738919	3.0
0151015392	2.0
0373131593	4.0
0345533461	2.0
B005D9PFHQ	4.0
0692208879	4.0
0451237609	2.0
B004UHYPZK	3.0
034553476X	4.0
0465031013	5.0
0375800662	4.0
0754054446	5.0
0441480403	5.0
0062026488	4.0
0670014656	3.0
0962799211	4.0
098790230X	3.0
1554514789	4.0
0143115693	5.0
1590582780	5.0
1442346272	4.5
0312949170	2.0
0143118706	4.5
0099461846	5.0
006226768X	2.0
0007450168	4.0
0061969672	5.0
B00JPJ4MBU	5.0
0307929612	3.0
031604461X	5.0
0061147931	3.0
0312577869	5.0
1897562454	4.0
1439101124	4.0
1461142164	3.0
0778325687	4.0
1439110077	2.0
0934798702	2.0
0374380864	1.0
1439181292	3.0
0312542399	4.0
1442352965	5.0
0205658628	1.0
0425232719	4.0
0373774338	4.0
0310209307	3.0
0312360738	2.0
1586422243	5.0
045122387X	1.0
0062200577	2.0
0312949111	3.0
0615910661	2.0
1484070631	2.0
0451226917	2.0
0956719260	5.0
1595546278	3.0
0312423055	5.0
1469237318	2.0
0373773897	3.0
1250021847	4.0
155451472X	4.0
B009XKX2FS	4.0
0615726704	4.0
0307273563	5.0
0062268112	3.0
1612181392	4.0
B00F5ARWZQ	4.0
1423121309	4.0
B00CJOIQ6A	4.0
0446363731	1.0
0345444884	3.0
1455512613	3.0
0399147268	4.0
1494242354	5.0
1250003164	5.0
1406330396	5.0
0142800376	3.0
0452267455	4.0
0307985768	2.0
0141439688	4.0
B00DK8L8Z0	5.0
0425207749	1.0
0307273571	5.0
0758207921	2.0
0007446977	4.0
0425219720	3.0
B00AQUTOJW	4.0
1554536987	2.0
B006H4DBA4	4.0
1444707264	5.0
1478717904	5.0
0316036196	2.0
0345804589	5.0
B00305CY5Q	4.0
0062280678	3.0
0988904934	5.0
098585331X	4.0
1908844876	4.0
0226770656	3.0
0142800384	4.0
0451233239	2.0
0778324397	2.0
1597776394	1.0
0307360814	5.0
0373293127	2.0
0345528921	5.0
0380761327	2.0
0446542040	2.0
0758204272	2.0
031253275X	2.0
B003C1R5CA	5.0
1482066300	4.0
0061099481	1.0
0345509064	4.0
0141040343	5.0
098315810X	2.0
1419951068	3.0
0743289331	2.0
1444727338	5.0
0989451216	2.0
1933718153	2.0
0385339151	5.0
1616282134	4.0
0758253206	1.0
0307595609	5.0
0399149392	3.5
0060510609	4.0
0758204280	3.0
0375708278	4.0
045052468X	3.0
0758208642	5.0
1590580079	4.0
0316069434	5.0
1601547358	3.0
1601546033	2.0
0758217595	2.0
0615345077	3.0
141995542X	2.0
0061582573	5.0
0060722282	3.0
B0042JSSE0	2.0
1928928161	3.0
B00KF2XWQ2	5.0
1596323280	3.0
B00FAHAOVI	3.0
1419951076	2.0
1439195862	3.0
146793240X	4.0
0312348649	1.0
143925382X	3.0
1554514827	3.0
1608320731	2.0
1585426474	5.0
0312315716	3.0
0312979983	4.0
B008YQJEFY	4.0
0425214990	5.0
0263905152	2.0
034547824X	2.0
1741048303	4.0
0451237900	5.0
1590583140	5.0
0312979975	4.0
0743289358	2.0
042519485X	4.0
1594331618	2.0
0865479100	3.0
0060843829	4.0
0446531375	3.0
B009ZW8G28	5.0
0062049836	3.0
1586489402	2.0
0515142611	1.0
034544356X	2.0
0446584703	5.0
1449418538	5.0
1416576754	3.0
0385618506	5.0
0446542083	2.0
B003ODI79Q	3.0
0758205562	5.0
0399153446	5.0
0451231791	3.0
0985900202	3.0
0425263908	3.5
0345514459	3.0
1451649282	5.0
1894786866	5.0
0751551678	4.0
069620780X	5.0
037325671X	3.0
0062094475	4.0
0425224376	3.0
067155302X	5.0
B007EZM98U	4.0
1406337609	5.0
0060931264	5.0
0778329534	5.0
0615710085	5.0
149233930X	4.0
0312303785	5.0
0821779370	2.0
0553280511	5.0
0547500602	5.0
1594487049	5.0
1439102430	5.0
1849905789	5.0
0062020188	2.0
031621082X	4.0
B006KZ7QI8	4.0
B00BNVLQZ8	5.0
0316001821	4.0
0942679210	5.0
0380786443	2.0
0615636497	5.0
0385376111	3.5
0753823152	5.0
0425263924	4.0
B005PHLZ0C	2.0
0451188454	4.0
0385733577	5.0
0316069485	3.0
1475004958	5.0
B0012JQZN4	5.0
0553385607	4.0
0141301066	5.0
1475222440	4.0
0060084103	4.0
0060585366	4.0
038533916X	5.0
0440244900	2.0
0985114614	3.0
0547516177	5.0
0385521065	4.0
1439102414	3.0
0425263916	4.0
0380786451	2.0
0615485324	4.0
0307740994	3.0
0345518853	2.5
0143035096	4.0
1611090954	3.0
1586087991	1.0
0312605390	4.5
0385343248	5.0
0446520659	5.0
0062025813	3.0
0974930369	5.0
0375870415	5.0
0553584391	1.0
B0078XG13W	5.0
0132875241	4.0
031622815X	5.0
0312599072	5.0
0425213609	3.0
0151013896	4.0
0307932583	4.0
1601543832	2.0
1250027624	4.0
0312384343	4.0
1416501592	5.0
B0061YAUG8	4.0
014242370X	2.0
0395510600	5.0
0451450965	5.0
0758220367	3.0
1616281677	5.0
0451229444	5.0
0446614254	4.0
0440157587	4.0
0980224632	4.0
0373770995	3.0
0312599064	5.0
0061935085	5.0
0061964417	4.0
0615250203	5.0
1416524207	2.0
0345528204	5.0
1466474025	3.0
0062303996	2.0
0143170090	3.3333333333333335
0553583077	2.0
0399139168	3.0
0141026898	5.0
0451229452	5.0
0425202925	4.0
1419954997	5.0
B00FJZWK0O	4.0
B00BFQ7C0E	3.0
193247014X	5.0
1551665492	3.0
0307272605	3.0
0578132826	3.0
0778321649	3.0
0553583085	2.0
0440109930	3.0
B00HHCA47I	4.0
0991311329	3.0
0316219223	4.0
0007167040	5.0
0061965766	3.0
0440241049	1.0
B004DUN2Y4	1.0
0395266823	3.0
0345453808	5.0
0060511109	1.0
0373210574	4.0
039915521X	4.0
149227299X	3.0
1477625216	4.0
0812981707	4.0
0399152199	1.0
0312853963	5.0
0316200638	4.0
0425264394	4.0
0425243451	2.0
0778300676	4.0
0985420707	4.0
0399214011	5.0
0373777590	5.0
0425132951	2.0
1466324384	2.0
023252078X	3.0
0061438596	5.0
0451225031	2.0
0425230155	5.0
0758234953	3.0
0385338708	3.0
0307277488	5.0
1935192809	5.0
B00I28FIEU	5.0
0446578843	5.0
0349131481	4.0
030733855X	3.0
0434020362	4.0
1400074975	4.0
1451678673	3.0
0373440049	5.0
1250012570	5.0
1609185048	5.0
0425226948	2.0
077830065X	4.0
140225721X	4.0
0373777582	3.0
0983875944	3.0
0307379086	5.0
0062273574	5.0
0988657139	5.0
0425235858	3.0
0261103059	5.0
0352341009	4.0
0373776284	3.0
0743225325	3.0
0425266117	3.0
0778321673	3.0
0380815575	4.0
0425242145	2.0
1469953420	4.0
B009AW0SGA	3.0
0425213617	3.0
1419965603	4.0
006088262X	1.0
193755130X	3.0
0330511459	5.0
044657449X	2.0
1442344989	5.0
1603424598	4.0
0812976363	5.0
1455831735	3.0
0575018712	3.0
0061651605	3.0
1439153124	5.0
0425266109	2.0
0099450259	4.0
0312931166	3.0
0062001817	3.0
0316069418	4.0
1432799851	2.0
B00C2RXWQS	3.0
0618463518	4.0
1416570640	5.0
037377317X	2.0
1554515351	4.0
0062297600	4.0
1573442917	1.0
0380818507	5.0
B00AIBQ6P4	2.0
1939160677	4.0
0553077376	2.0
B007FEPP4K	4.0
1481082930	4.0
1932815864	3.0
0451225112	3.0
0007154607	5.0
0143170104	5.0
1602021546	4.0
1416570632	5.0
0385529007	4.0
0316097446	2.0
0307265439	1.0
0425238199	3.0
045122776X	3.0
0802798225	5.0
0307932508	4.0
098412585X	3.0
1433673231	5.0
0226770958	5.0
1608442845	5.0
0449006832	1.0
0062106066	4.0
1442345462	3.0
1439109826	3.0
1463515251	5.0
0061438561	5.0
1475009860	3.0
0316910333	1.0
0297847821	4.0
0971677700	2.0
0061136093	2.0
0345530489	2.0
0380820846	3.0
1492973327	3.0
006169035X	2.0
1933417455	2.0
B00BNH25ZM	2.0
1478321784	5.0
1433673223	5.0
0380820838	1.0
083081650X	3.0
0743251628	4.0
0778325954	4.0
0446675261	3.0
0316211222	4.0
0765347504	4.0
0988273608	5.0
0446618667	3.0
0312349165	2.0
0451184963	2.0
1933417471	3.0
0345542452	4.0
0307379108	4.0
1935597469	3.0
B005VQSAXM	3.0
0449807819	4.0
0440153166	3.0
B00FV4IT7Q	5.0
0425263150	4.0
0972437789	4.0
0515103969	3.0
0316097462	4.0
014028334X	2.0
1492121169	2.0
0425211983	4.0
1416567038	2.0
0062120336	3.0
0399146237	3.0
014241977X	3.5
0446618659	5.0
0800730445	4.0
0821778838	1.0
0985726709	3.0
0764342827	3.0
B005FSIQKI	3.0
073872369X	3.0
0143038923	5.0
0804107386	4.0
0345292561	2.0
1592406815	5.0
0758292058	4.0
1771150971	3.0
1420101005	3.0
0758220391	4.0
0316399612	5.0
0316097497	4.0
0330317547	5.0
0671601296	5.0
1250014360	4.0
0425229262	4.0
0307932540	5.0
1605040932	4.0
0156029022	3.0
0060898925	2.0
0515146234	2.0
B00C4QSABO	3.0
0226770915	4.0
1475043740	4.0
0061555819	5.0
0578095351	4.0
1461144876	5.0
0345506898	3.0
0099574918	4.0
0425209644	1.0
B00BIJ05F2	5.0
0972437762	4.0
0060092653	2.0
B00AH2LGWC	4.0
146630295X	1.0
0425231534	4.0
1491090863	4.0
0373773161	2.0
0821775782	4.0
0312638337	5.0
0922915849	3.0
0143122444	2.0
0312423586	4.0
0989468100	4.0
1451661819	3.0
0982344244	2.0
0449006840	1.0
0312952813	3.0
0802119166	5.0
0985872586	2.0
0446699233	1.0
0671776126	4.0
0142004030	5.0
0985428732	5.0
0763632643	4.0
0778312690	4.0
0743578155	2.0
082177445X	3.0
1477808000	3.0
0060572973	2.0
0226770931	4.0
0061963151	2.0
0312426623	5.0
1482715910	3.0
0843961120	2.0
0307744434	4.0
0606262520	4.0
0312362153	3.5
0446618632	2.0
0756636353	5.0
0060572965	3.0
0736428879	5.0
0972437746	5.0
0440245443	5.0
1491014334	5.0
1452659370	4.0
0345506871	2.0
1594745188	4.0
0758205643	5.0
0099558068	4.0
140632132X	5.0
0749009802	4.0
0671201581	5.0
0590635557	4.0
0451236637	3.0
1936564386	2.0
1589802241	4.0
0380808307	2.0
0439139597	5.0
0330421573	5.0
0446561991	2.0
0758251548	4.0
077832334X	5.0
0373717881	5.0
0380762560	3.0
0575097566	4.0
0062069403	3.0
0373802307	4.0
B003E6M73K	3.0
0307949338	5.0
0553575538	2.0
0241952557	2.0
1419958542	4.0
1469905833	2.0
0800733592	4.0
0446613827	3.0
0751536822	5.0
1602600716	4.0
0061448737	2.0
0983706336	4.0
0451409132	1.0
0451227700	2.0
B0078WD60O	5.0
0385340990	3.6666666666666665
0307712842	5.0
1481113704	4.0
B0049U4CCE	1.0
0452273811	4.0
0849964830	4.0
0983706328	3.0
031622328X	4.0
0192840908	3.5
0142001805	5.0
1937007243	5.0
0374228442	3.0
0553278193	5.0
0553572490	2.0
1602020272	2.0
1490371788	4.0
1492976423	5.0
0778315762	5.0
1442341955	2.0
1554514886	4.0
0440111323	3.0
0425224384	4.0
0778327744	2.0
0515028908	1.0
0979206707	3.0
0758205600	3.0
0385293305	3.0
0451232240	3.0
0515075299	4.0
0140177191	5.0
0778322068	1.0
0557296196	5.0
1484155912	4.0
B004Q9U18W	5.0
1890159239	5.0
0380810662	3.0
037377267X	4.0
B008GWOGXG	3.0
0345443683	2.0
1554513529	4.0
0226770990	4.0
1477807535	5.0
0373771371	4.0
0316097403	3.0
B009YAVVAU	3.0
0307272591	3.0
0751541362	5.0
1844168301	5.0
0778322076	1.0
0764341561	2.0
030737999X	4.0
0451225961	2.0
1497430747	4.0
0767915747	4.0
0553592017	5.0
034550111X	3.0
193290736X	4.0
0399149325	1.0
082178028X	4.0
0557758653	2.0
0451220277	4.0
0553106368	5.0
0449208281	3.0
0758238541	2.0
0758205627	5.0
190812251X	5.0
1554872502	2.0
1599987422	3.0
1936525607	5.0
B005IMCYVI	4.0
1439190089	2.0
0307589897	3.0
1941193005	4.0
0553592025	3.0
031601429X	1.0
0425261336	4.0
0425207854	3.0
1456522736	4.0
0849917697	2.0
1439276552	5.0
1620877066	3.0
0060777095	3.0
0062049879	4.0
0761461981	3.0
0446580260	3.0
0316010707	5.0
140228652X	4.0
1937053148	5.0
0312203063	4.0
0758217617	2.0
0099436760	2.0
0989465004	3.0
0440234808	2.0
1419964267	3.0
0373130899	4.0
B00761LCTY	3.0
0758205481	5.0
0785265678	3.0
0446578118	3.0
1553379594	5.0
030793313X	3.0
0399151583	4.0
1480536466	3.0
0778325016	5.0
014102724X	2.0
0061178039	3.0
0345477030	5.0
0751539007	4.0
147522186X	4.0
0849908841	3.0
0800734157	1.0
0399151575	2.0
0758208529	4.0
1470038862	4.0
1478233575	2.0
1416524185	2.0
0062279874	4.0
082177929X	3.0
1595554912	5.0
1467940151	4.0
0375504338	5.0
0425262758	3.5
0758204175	3.0
0765329646	3.0
1451685033	3.0
0316204269	5.0
0425236463	2.0
0312253265	1.0
0373210639	5.0
0553385526	5.0
110576656X	5.0
0981956815	2.0
0810996170	4.0
1933718293	2.0
0446600342	3.0
0060393491	4.0
0470547812	3.0
1416536140	5.0
0399152881	2.0
0446612324	2.0
0743254562	2.0
B00G2MBDBU	3.0
0310330734	2.0
B00HGEPEWC	5.0
1933718285	4.0
0544022483	5.0
0671034057	4.0
1416536132	4.0
0373774613	2.0
0440114314	5.0
0671578464	2.0
0670023744	2.0
0385661452	5.0
B005BU9JK6	3.0
1622660005	3.0
0505526913	2.0
B00546H76A	1.0
0696211807	2.0
0307886263	4.0
0778329410	3.0
1615814469	3.0
0393020371	4.0
140225718X	3.0
1909354015	5.0
0061122416	4.0
141659518X	4.0
1590583027	5.0
0380486032	2.0
0345547497	5.0
0989814009	5.0
0312590563	2.0
0425233383	3.0
0141020644	5.0
0316069353	3.0
1451673019	2.0
0451222725	4.0
006095793X	5.0
0062021389	3.0
1419956604	3.0
0393057658	5.0
0385319452	5.0
B0034KC3YE	3.0
0553588044	3.0
141995489X	3.0
0312428596	5.0
0615621481	5.0
140168968X	2.0
0758231725	1.0
0385339089	5.0
030758836X	4.8
1629270059	4.0
0345803507	2.7777777777777777
B003ATPRI8	4.0
0718157168	5.0
1616950889	4.0
0316210986	4.0
B004MDLXXE	5.0
0373775903	2.0
0399155961	2.0
0984828222	4.0
0758209827	5.0
0297817892	2.0
0553589377	2.0
159052201X	4.0
0002247399	5.0
0446674656	3.0
0763660094	4.0
1416586245	3.0
0758210817	3.0
1416913181	3.0
B009NSH1CU	4.0
0062059963	5.0
1420104292	4.0
0446608289	4.0
0385344406	4.0
0452285933	2.0
0062267884	3.0
0316182311	4.0
0099481243	4.0
0778325091	4.0
0312853238	5.0
1623700884	4.0
B00CC68G9M	4.0
0316010669	4.5
0312538138	3.0
0062207385	4.0
1602020914	3.0
1590587413	5.0
1591858828	1.0
1419956620	4.0
0099507390	4.0
0061012890	2.0
0345531957	3.0
0446615471	4.0
0615683703	4.0
B004UWPPWC	4.0
1551665352	3.0
1591846161	5.0
0983290415	3.0
1599214377	5.0
0312084986	3.0
0312934327	5.0
042523200X	5.0
0345531949	5.0
0399152024	3.0
0553288555	4.0
0843949325	1.0
1416580956	2.0
0062021354	4.0
0316024481	4.0
006092988X	5.0
1595541691	3.0
1595144145	3.0
0062059939	5.0
0446363499	2.0
031609739X	3.0
0312934335	5.0
0758232217	2.0
B001W6Q2B2	2.0
B004KKZ3GC	4.0
B00G76GR7Q	4.0
0425232026	3.0
0385336810	5.0
0345531973	2.0
0440241162	3.0
0553576062	4.0
0843949333	1.0
0821767240	2.0
0061137588	3.0
1477848932	2.0
B00GTM98CO	3.0
0307279111	2.0
0803738897	4.0
1453669973	5.0
0380776162	5.0
0425229289	4.0
0425191060	3.5
0380776170	3.0
0758211317	3.0
0425153789	4.0
0061230987	3.0
0312376863	5.0
0385661444	5.0
0345517679	4.0
0345531965	4.0
0425217299	5.0
B00BQMLIL6	3.0
0385535775	4.0
1936395088	1.0
0505526069	2.0
0061032468	3.0
0307379183	5.0
0449215237	3.0
0821777467	5.0
0380811073	3.0
0373210698	5.0
0446604771	2.0
0714531146	4.0
0989104400	2.0
0345530667	4.0
0373837690	4.0
0307267148	4.0
031230434X	5.0
0143118498	4.0
1843606585	3.0
0425221385	4.0
1933771291	3.0
0425251195	3.0
0385335555	3.0
0451172817	3.0
0393088723	2.0
0141331860	5.0
0984476881	5.0
1612182925	3.0
0812977793	3.0
0547126522	3.0
0451180429	3.0
0140293442	4.0
0140107479	2.0
1402237510	4.0
0380811065	3.5
1608198111	3.0
0316198730	3.0
0984840702	2.0
1593930747	3.0
1455512052	3.0
0738214655	2.0
0399152059	4.0
0451226259	3.0
0778328198	4.0
0767915062	4.0
B008VULZV4	3.0
1932815805	4.0
1449413617	5.0
0802119328	5.0
1937700089	4.0
1933963948	1.0
0758232209	3.0
0440241111	2.0
1936413442	2.0
0451226267	4.0
1250033586	4.0
0758208588	3.0
0380811081	2.5
B00CC68G0Q	2.0
0786238534	2.0
0060843071	1.0
0340963646	4.0
B00GV1LA1A	4.0
0425182169	4.0
0743255054	5.0
1477800123	3.0
B00K6GZJ68	5.0
1466243430	5.0
0440128994	3.0
095759870X	5.0
0373302258	5.0
0446603422	5.0
0312363524	5.0
0141331879	5.0
1608198103	3.0
0553078755	5.0
0316211338	5.0
1464200211	4.0
1477805028	2.0
B00HQP9GWU	3.0
1599987570	4.0
0743475062	5.0
0743296435	3.0
0061040967	4.0
1420103741	2.0
B0092MPUNY	3.0
0446618586	3.0
0517072297	5.0
002025900X	5.0
0373777671	5.0
0006476155	4.0
125000554X	3.0
1575664690	5.0
1477805036	3.0
1475156456	3.0
B00F9AJXYA	3.0
1612181511	3.0
0803277784	3.0
0425251276	5.0
1420103733	4.5
0743410556	3.0
0615535186	3.0
B009XA5SQ4	2.0
0373211082	3.0
B00EQMK918	1.0
0778312518	4.0
0449209415	5.0
0385335482	1.0
0758209061	2.0
1402218338	2.0
0373617895	3.0
0983031800	5.0
140221832X	3.0
0451225007	4.0
1601543107	3.0
0786266511	1.0
0802120245	4.0
0373595980	2.0
1599986264	4.5
1477818367	5.0
0985166614	3.0
0316166308	5.0
045121126X	5.0
0505527308	5.0
1594036756	1.0
0373768729	2.0
031294098X	1.0
B00BE9DNEG	5.0
B00JFYNPPO	4.0
006114021X	3.0
0843954752	5.0
0316117366	5.0
0060513659	2.5
0373124201	2.0
045122633X	2.0
014241722X	2.0
0989757706	5.0
0316166316	4.0
0345534956	5.0
0557364639	4.0
051770434X	5.0
0141439807	5.0
0505527316	3.0
1931499233	5.0
0307576418	4.0
0451216954	4.5
B00CC68FLG	2.0
0312546599	5.0
0373836406	4.0
0061726826	3.0
1594205051	4.0
0307879178	4.0
0316101842	2.0
0312653832	5.0
0425244946	2.0
0316053716	2.0
0062237225	2.0
1476755590	5.0
1420103784	2.0
030728090X	5.0
0974930326	3.0
9963706037	3.0
0505527324	2.0
0778325857	3.0
0671011324	5.0
B006T0ZZ5U	4.0
1419950509	4.0
0061726834	5.0
0064407691	4.0
0441015832	5.0
1463663137	5.0
146641300X	2.0
0316097365	1.0
1844165310	5.0
0380899825	5.0
0151013861	4.0
0140280189	5.0
0373290705	3.0
0982802404	2.0
031255852X	3.0
1479372749	4.0
0061690449	4.0
1404880380	3.0
B00G8U2O0U	3.0
0789210584	5.0
0307455394	2.0
0972002626	3.0
0062072900	5.0
080103566X	2.0
0765332337	5.0
0671516922	5.0
1451661932	3.0
0312938640	5.0
0440244226	1.0
0312981457	4.0
0515101222	3.0
0446361739	2.0
0375866272	5.0
1920441123	5.0
1562012797	3.0
1493649779	3.0
0821778706	4.0
0312205511	3.0
1591792606	5.0
0988585901	3.0
0060591102	2.0
1455503053	5.0
B00COMWJDS	5.0
038072541X	3.0
0843951699	2.0
1475283334	5.0
0440244234	2.0
0982618492	5.0
1551666774	4.0
1477848150	2.0
0345479726	4.0
0425205304	3.0
0971249180	4.0
0316206822	4.0
1594630631	1.0
0553609416	4.0
0451223209	2.0
1594631964	4.0
0515115878	3.0
B007NJQZJG	5.0
0316056863	5.0
B00HZ05DWI	3.0
B008WHJIPG	4.0
0062072927	5.0
0786003545	4.0
B00EAZ4KQ6	4.0
031033554X	2.0
B00A6EGOOQ	1.0
0425240541	4.0
0062224735	5.0
B007P7ZW6S	5.0
0743496728	2.0
0312949383	5.0
1439153825	3.0
0385342608	4.0
1439102236	3.0
0553385577	1.0
1611099188	5.0
0446613711	4.0
0425124347	4.0
0671003755	2.0
0898798213	4.0
B009D4T3XO	3.0
0307352145	4.0
B003ATPR4M	5.0
B002W83DTS	2.0
0006514006	5.0
0373774559	4.0
1884365140	5.0
146815477X	5.0
0062110837	5.0
1576833445	3.0
038082079X	1.0
0312356463	3.0
0671686151	2.0
1594746370	3.0
0425251225	3.0
0425214230	2.0
0316206849	2.5
1402273142	5.0
0385519729	4.0
0007444117	3.0
B009W0M29Q	3.0
0446196134	4.0
0307275558	3.0
0451173317	3.0
0425203573	2.0
1460918681	4.5
1446600297	4.0
0312356471	2.0
0743264894	3.0
0345535405	5.0
0345803450	5.0
0373262604	5.0
0553385593	4.0
0446574503	4.0
B00AFPWL20	3.0
006054175X	4.0
0141039280	4.5
0761451625	5.0
0373131356	4.0
031266804X	2.0
148953993X	5.0
0765316234	5.0
0099525259	5.0
0307399699	4.0
1491269650	3.0
1470027313	4.0
0060896450	2.0
0425205347	5.0
1477806318	5.0
1469902664	3.0
0983671966	5.0
0374324956	3.0
B00AX19UG6	5.0
0451161351	4.0
084992183X	4.0
0983593183	2.0
0307743896	5.0
1456450557	3.0
0345476654	3.0
031242678X	3.0
0007386648	4.0
0615622860	4.0
B00DIGN5HS	2.0
0553592122	1.0
B007XYIGR0	4.0
1612185983	2.0
0393089134	5.0
014241980X	1.0
B005GQ40H2	5.0
0425240517	4.0
0425262766	3.5
0060977493	5.0
0425235165	3.0
1433668807	2.0
1877579351	4.0
0143123033	3.0
1590513185	4.0
B004Z4VNXA	5.0
0778323285	5.0
038079229X	4.0
1470130270	5.0
B00H7L6ZW2	5.0
1848310544	5.0
0345803485	2.6458333333333335
B000W4RFNO	3.0
077831300X	4.0
0752883925	5.0
0060828382	4.0
1906931909	5.0
0984002057	4.0
0983593167	3.0
045122583X	2.0
1412717205	5.0
0373716699	3.0
1629550019	4.0
0060091290	3.0
0989112802	4.0
0373774524	3.0
0440222079	2.0
0778327655	3.0
0330423452	5.0
0615417175	2.0
0446605298	3.0
0373389892	5.0
0553584537	2.0
1590525140	3.0
0451225856	4.0
1416572597	4.0
0385343957	3.0
1490928081	3.0
0451411528	1.0
0345421515	3.0
1601641567	5.0
0983593175	2.0
1477518703	4.0
0345803493	2.9166666666666665
1781857113	5.0
1605043265	3.0
0758274955	3.0
0671034014	5.0
1434700100	4.0
0778326330	4.0
0982773420	4.0
1442359315	2.0
0615637086	4.0
0425247163	2.0
B004SI455Q	5.0
0765354519	2.0
0778325008	5.0
1439107947	2.0
