B00GQBQFCO	5.0
B00866SJQC	4.0
1402271905	5.0
0615769764	5.0
B00FCWPM9U	5.0
1455548987	4.6
1419960466	5.0
B00A9HW1CY	5.0
0989492559	5.0
1484141032	5.0
B00GANYNVI	5.0
1480536466	2.5357350733694823
B00JPJYUL2	5.0
0984787011	5.0
1476744130	5.0
0985817089	2.9999999999999996
1476730091	5.0
1452645493	5.0
B00HY3MG26	5.0
B00AQRTHEW	5.0
1496026063	5.0
0615928668	5.0
1938404017	5.0
B00KANKYJE	5.0
B00IAA2B1I	4.0
1250050367	4.0
1456428810	5.0
0373777434	5.0
1423119924	5.0
0143170104	4.0
147522186X	4.0
1471133524	5.0
0615877540	5.0
1477808663	5.0
140883233X	4.0
0062117750	5.0
0684818426	5.0
0989450252	5.0
B00K6ME9WC	5.0
1938404009	2.0
1483920607	5.0
1442409096	5.0
1491208295	4.0
0312552491	5.0
1480171441	5.0
1490471103	5.0
1490943846	5.0
031612558X	4.0
1467943207	5.0
B00AIB1XCA	5.0
1492793639	5.0
0446574457	4.0
0989269868	2.0
B0085BEENU	4.0
B00HYQJPC2	5.0
0778313174	5.0
1477808671	2.289955138090565
0684814870	5.0
142312166X	5.0
1477817158	5.0
0544022491	5.0
0670072818	5.0
B009FHSYSY	4.0
0062069144	4.0
0440226295	5.0
149484172X	5.0
1491299568	5.0
B00ECNGR80	5.0
B0062O8IN4	5.0
B00GQOFWR0	5.0
148398527X	5.0
B00H0V069M	5.0
1491038357	5.0
1492299413	5.0
B00EPZUSYY	5.0
1482632462	5.0
B00FGFYIS4	5.0
1497454999	5.0
1477805052	5.0
1492103748	5.0
1937698971	5.0
1469982781	5.0
1497455049	5.0
148234873X	5.0
B00JAXSEFQ	5.0
1939786150	5.0
B00D06YH5U	5.0
0988812541	5.0
B00J9U9FXU	4.0
B00GCMGWMA	5.0
1492167762	5.0
160202054X	5.0
0755399498	5.0
149429169X	4.0
B00HNDMDCK	5.0
0615822886	5.0
0804177139	5.0
B00KNLQZN2	5.0
B00HRFJTGM	5.0
1476741182	5.0
1484186702	5.0
0385537859	5.0
1476712980	5.0
1455578363	5.0
1476755590	5.0
1476763526	5.0
1939927196	5.0
1481845535	5.0
1476754144	5.0
B006XZ2FC2	5.0
1406337609	5.0
0991379632	5.0
1479359084	4.0
0451194799	5.0
0380709546	5.0
1455576506	5.0
0684850354	5.0
B00DG8ZYA4	5.0
B00HUUAG4I	5.0
1461085977	5.0
0373266154	4.0
1476776040	5.0
0062294776	5.0
1476718970	5.0
0142420891	5.0
0615752179	5.0
0373773269	4.0
147675652X	5.0
0615771106	5.0
061579615X	5.0
1484816064	5.0
1491008113	3.0
0425263924	4.5
1477817506	4.5
0615741932	5.0
1476746532	5.0
0991019784	4.0
1476744106	5.0
0425267040	5.0
0375814620	5.0
1490436529	4.0
0316133973	4.0
0061732370	5.0
B00L1MSEZO	4.0
B00I65MS8S	5.0
1495459225	5.0
1476776016	4.75
B005PTXTMM	5.0
B00IRLFD7Y	5.0
0425263916	5.0
1453847383	5.0
1476756546	4.0
1497585368	5.0
1482708264	4.0
0061245089	4.0
1479245712	5.0
B00B8YSPUO	4.0
0764564919	5.0
B00ERFMUW0	5.0
1442419954	5.0
B00EP7E72Q	4.0
0316027650	5.0
1463695403	5.0
B00B6QKYGC	5.0
0316036919	5.0
0373767609	4.0
B00DA7MHUQ	4.0
1477817182	4.666666666666667
0425266745	5.0
1451533969	4.458978164087344
1494724693	5.0
1499190433	5.0
1476753164	5.0
B00FKERXXS	5.0
B0089H8AQ2	5.0
1480066400	5.0
1495327515	5.0
0615796982	5.0
B00KOSOX2O	4.5
B00HIIGQ5A	5.0
1456527738	5.0
147677594X	5.0
0425220818	5.0
061576567X	5.0
B00GEB7LM4	5.0
1492827436	4.0
1481004379	5.0
B00JDYC5OI	5.0
0615799450	5.0
1470124327	5.0
1939194970	5.0
B00958I9BU	5.0
0399257462	5.0
1491276029	5.0
0547628382	5.0
1482594129	5.0
0545424925	5.0
B0055PNOSK	5.0
1932898409	5.0
1492769339	5.0
149617707X	5.0
B00C5VPHTQ	3.0
1493584154	2.0
143470212X	5.0
B008BVMUVW	5.0
1612186009	5.0
0615581927	4.5
B00C5J1KPI	5.0
B009CE4TG6	5.0
0984937706	5.0
149033274X	2.0
1463539967	5.0
0671027034	5.0
B009N06LEW	4.0
1491269871	5.0
0373777388	4.0
B00BAD3058	5.0
0425263770	4.0
0446547573	5.0
1936305380	5.0
1495300978	5.0
1455574856	4.5
1479306282	5.0
0615429505	5.0
0062299409	2.0
B007SR72HM	5.0
144235948X	4.5
006226768X	5.0
0143170090	5.0
0988489112	5.0
0141345713	5.0
1442488662	5.0
0316206849	5.0
0615395406	4.0
0989104427	5.0
0007444117	3.575847709696609
0985420529	5.0
1461142148	5.0
1466440961	5.0
1481948997	2.7564405444931936
0989373819	5.0
0615920683	5.0
006230240X	4.5
1608199924	4.0
B007C8IFXW	5.0
1595620273	5.0
B00BEQP450	5.0
0991289412	5.0
0988752441	5.0
1480138320	4.0
1492740357	5.0
0615729916	5.0
1490339973	5.0
0312552505	5.0
1442485280	4.0
0738710180	5.0
1426731604	5.0
0802404448	5.0
1492976423	5.0
0307245306	5.0
B0066CC1IK	5.0
147674355X	5.0
1451652089	5.0
1469241943	5.0
B0058V1JXI	5.0
B00B77O1BO	5.0
0615462545	5.0
B00I8SIL8E	5.0
B0089YLIQO	4.0
1499291019	5.0
0385730306	5.0
B007VO5VAC	5.0
1476761779	5.0
0380815524	5.0
014241543X	5.0
B007D3XHB6	5.0
B00KD3W8TK	5.0
0062271377	5.0
1481258885	5.0
B0088ETL96	5.0
1492871230	5.0
038573798X	5.0
B00D4Z3RNK	4.0
1477522980	5.0
B00E9H47GI	5.0
1481281429	5.0
B00KYZYJD0	5.0
1612186955	5.0
B00K7UH84O	4.0
1492305413	5.0
0778313476	5.0
1484148037	2.9999999999999996
1476760772	4.0
1481999842	5.0
149539090X	5.0
1933916974	5.0
1476718202	5.0
0821764020	4.0
1612184774	4.0
0615821146	5.0
B00C0EJC7Q	4.0
1481194186	5.0
1492372080	5.0
0451419707	5.0
1489591095	5.0
0989492508	4.666666666666667
1492807516	5.0
0991686004	4.0
1499535392	5.0
B00H7IEPXG	5.0
0615748996	4.5
0451466659	4.0
1480299405	4.0
B00EMTDMEQ	5.0
B00IGGCCUQ	5.0
1609280806	5.0
B00ERAPWDO	1.0
B008NW6L8C	5.0
B00CNX89CI	5.0
0988348268	5.0
1490998837	5.0
B00CKHW04A	5.0
B00L9HIR4E	5.0
B00FEPGGJ0	5.0
1581805519	5.0
B005OMWXZE	5.0
B007HHQG98	5.0
0345532740	5.0
1477665412	2.0
1482772973	2.333333333333333
1633500004	4.0
1479318868	5.0
1467930571	5.0
1480012289	5.0
B00K4IM7TK	4.0
0449014509	5.0
0988301318	4.8
1481058134	2.217831528617635
B00JXLLAGA	4.0
1492899461	5.0
B00CV30Y14	5.0
1469984016	5.0
1469982994	4.0
B00699917E	5.0
1468161660	5.0
B00JU73GN2	5.0
B005S0V67I	5.0
1497471729	5.0
0373772106	4.0
B009FNVBHY	5.0
149043013X	5.0
0380817632	5.0
1619215020	5.0
1481953184	5.0
1466498781	5.0
0982004001	5.0
0425232476	5.0
1936167085	5.0
0988707470	5.0
B00DRL96CC	5.0
B00631JXEO	5.0
1494374129	5.0
1493643274	5.0
0615826814	5.0
1480207217	5.0
0983593175	5.0
0992142202	4.0
B00HY03FJM	5.0
1497382742	5.0
B00LPUXAGK	5.0
1490518231	5.0
0345476301	5.0
1491072032	4.0
0615744257	5.0
B00KCK87T4	5.0
1491002786	5.0
1476740496	5.0
0007442920	5.0
0399158820	4.0
1612184642	5.000000000000001
1466254440	5.0
0966542479	5.0
1476732086	5.0
