0385528701	5.0
B00JEPEMAQ	4.0
0312680457	4.0
0345502671	5.0
1466263539	5.0
0385341229	4.0
0761456368	5.0
0312429509	4.0
0061946370	3.5043103448275867
1886705453	3.0000000000000004
0060591854	5.0
1590513010	4.0
0062198890	4.0
0373622430	3.619718309859155
0062277324	3.0
1599901307	3.0000000000000004
B00CAB2AG4	5.0
034552795X	3.6365384615384615
1476704589	4.0
0307390942	2.5287958115183247
0739448641	5.0
0807001007	3.0
055380653X	5.0
0061824747	4.050000000000001
061548428X	4.0
0385537654	4.420107719928187
015100692X	2.0
0061567159	3.0000000000000004
1413310710	5.0
0761456384	4.3502994011976055
0307949613	4.528216704288939
160529246X	4.0
1423410866	3.0000000000000004
0312654162	3.5952782462057336
1400008336	4.0
0307957233	2.0
0778315118	4.304902619207523
1605984809	3.9913294797687864
0061934364	5.0
1477805966	3.0
1250038944	4.999999999999999
0385736800	4.490022172949002
0310716411	5.0
1442430354	1.0
0062021281	4.0
0385341202	1.0
0133384225	5.0
1606844393	4.0
0002007770	3.5684803001876175
037586928X	5.0
1593155905	5.0
0385536356	5.0
0374180660	5.0
1416585478	3.0000000000000004
0307266192	4.0
1400317150	5.0
1469289652	3.0
B008MBNPJW	4.0
0545305500	4.0
1118641345	4.0
1742202225	5.0
0425256189	5.0
1477816607	3.0
0312609582	1.0
1118002830	2.9999999999999996
1401931898	5.000000000000001
0451465822	5.0
0307704254	5.0
0778315126	2.0
0061257095	4.0
0312621205	5.0
0061558222	3.0
1401941214	3.0000000000000004
1936976226	4.274678111587983
0385741391	4.485714285714286
184310895X	4.0
0982068905	5.0
1455886289	4.439408866995073
0062276026	4.319672131147541
0062075942	3.83628779979145
038552871X	5.0
1455522317	3.065868263473054
0062279939	3.922516900676027
1439192561	5.0
0425256138	5.0
1410440478	5.0
1416938338	5.0
006219447X	3.971428571428572
0263899403	4.0
159420571X	3.916496945010183
0316220884	4.0
0345525345	4.036544850498339
0062069284	2.893192488262911
0439686172	5.0
1595552669	4.0
0805088903	4.0
0451465849	5.0
0761456333	5.0
0307743802	3.0
0394547047	5.0
0307951979	5.0
0312428227	2.0
155597595X	5.0
0803735057	5.0
1594487294	4.0
B009D9TH9Y	5.0
0553381466	5.0
1936140004	5.0
0385743114	2.0
0544000137	4.0
0062105450	5.0
078522193X	3.0000000000000004
1440561222	3.0
0062012320	4.632152588555859
0307957276	3.2767950052029136
0062224840	2.5346613545816736
1743218451	4.0
0060509406	5.0
1483994074	4.0
0670021466	5.0
0316097713	5.0
159174802X	5.000000000000001
0061230839	4.0
038553762X	4.699738903394255
0618986766	5.0
0385536313	2.0
0805093494	3.0
1477848207	5.0
0761458972	3.9226006191950464
0307272885	5.0
1591797853	3.0
0307718867	2.0
146541438X	5.0
1440308527	3.0
0778328481	4.0
0807594806	5.0
1477848223	5.0
1118841832	4.0
076145327X	4.616740088105727
0375813659	5.0
0061284645	3.0000000000000004
0385341253	5.0
1611090717	2.0086206896551726
1468309900	3.0
0805096531	4.42135231316726
0316734950	4.0
0878332669	2.0
073949015X	2.0
1118345851	5.0
0061662577	4.0
174321717X	4.0
1453299335	3.724260355029586
0062060023	4.0
0143123513	5.0
0470603097	3.996894409937888
0761454586	5.0
1400069351	4.0
159420442X	4.0
1475002955	4.617806731813245
1604074310	4.999999999999999
0199964270	3.1999999999999997
1416972218	3.5043103448275867
0143120492	5.0
1427797668	3.5684803001876175
0761454594	5.0
1439192529	5.0
0385521227	3.67953667953668
034552537X	4.435203094777562
1416994475	5.0
080509346X	5.0
1594868239	3.691460055096419
0060755806	4.0
0615389732	5.0
0061544450	3.0000000000000004
0375869204	4.069711538461539
0307594122	4.0
1558324151	5.0
054784865X	5.0
B00DFCSVRO	4.0
1439156891	5.0
0330458167	3.3605220228384995
0778315193	2.852575488454707
0452296366	5.0
1419682105	1.9134808853118712
1933615893	5.0
0195212037	3.0
0061965502	4.0
1440561265	4.0
0230342256	1.5456081081081081
0544106539	5.0
076532640X	5.0
0141345713	5.0
1594205795	2.5043103448275863
0062136585	2.9898318341806807
1595543732	2.0
1401341500	2.0
B0082UMHJC	5.0
0312542704	3.5936883629191323
0547577397	5.0
0811871185	3.0000000000000004
0547617933	5.0
0310950856	5.0
1455512125	3.5842433697347893
0778321878	4.0
0804165858	2.0
054404584X	3.4081632653061225
0547482477	5.0
0670021431	3.0
0307587827	4.0
0761453245	4.143096702068195
1481985485	4.0
0688037216	5.0
0061624217	3.0000000000000004
1461160243	3.0
1421407507	5.0
006112219X	2.0
0345481259	5.0
0062274244	5.0
0670020990	5.0
B00CNTSVZM	5.0
0544191188	4.0
054799219X	4.0
0615506135	2.495798319327731
0316043079	5.0
1118376978	5.0
0761462171	4.0
0761455876	4.522448979591837
054797258X	4.485458612975392
0316221333	5.0
1401939813	3.397515527950311
006221635X	4.5972540045766594
0755392108	4.505050505050505
0982326998	2.0
1607477009	5.000000000000001
0307452069	5.0
1439147914	5.0
0805093435	5.000000000000001
0452297648	4.0
1616201320	4.378301213418987
0385742657	3.4788732394366195
0545169119	4.0
0718178122	3.2809346787041958
0373210345	5.0
1416950052	4.0
1401341519	4.0
1558324194	4.0
0553588559	4.0
0307377903	5.0
1612190898	4.0
0312581580	3.7562189054726365
038553809X	3.0
1604075619	5.0
0399163077	2.9549436795994994
0761454527	4.512576858580212
054506970X	4.452079566003617
0761451498	4.536687631027253
0312610521	5.0
030737792X	4.0
0375803483	4.0
0547076592	5.0
0307377938	4.0
1416954406	4.463312368972747
0743292332	3.0
0307888940	3.833813640730068
0545289734	2.0
0804177872	4.0
0752874209	1.0
0743247795	2.0
1477805915	5.0
0811875504	5.0
061858532X	5.0
1477805931	2.579892280071814
1477813535	3.246844319775596
042523343X	4.0
0307465357	3.0
1440531420	4.0
1619631652	4.479041916167665
1400068053	3.0
0764553070	4.0
0399155430	5.0
1400318432	2.0
1604074302	2.0
1594204497	5.0
0761462155	5.0
1118479416	1.0
1250000335	4.0
1492287806	5.0
0805093427	3.0
0761455957	5.0
1477809503	4.0
0765325942	5.0
0802120385	2.9251837007348027
0345533739	4.0
0316278157	5.0
1455515140	5.0
0761454624	5.0
0307700682	4.0
0307952339	4.413793103448276
1250020832	2.3295128939828085
1594203199	2.9999999999999996
0765333562	5.0
0307378489	5.0
0544105192	5.0
4774307602	4.0
0977495000	4.0
0805094725	3.3738819320214666
0060254920	5.0
0307907767	2.0
0373777795	1.0
0062293478	2.878260869565217
1450434169	4.0
0061997161	5.0
1477817131	1.0
0310334985	5.0
1433523493	4.0
0385347340	4.107480653482373
0375867422	4.0
0375864393	4.0
1451672764	4.0
0761454632	4.714693295292439
0761455965	4.372384937238494
038534998X	4.168173598553345
0307590607	4.0
1433526514	3.0
0373777787	4.0
0345532422	2.0
159448550X	4.0
1569754691	5.000000000000001
1590513908	3.446343779677113
0061988227	5.0
037585410X	5.0
081187690X	4.0
0399154035	3.0000000000000004
0743597923	5.0
1250003482	4.265432098765432
0679644881	4.101176470588236
0385510640	5.0
0544105176	5.0
0345440757	4.0
1612187145	5.0
0547939949	5.0
0802141293	5.0
B00BXQN8P4	4.0
0374388296	4.0
0761454616	4.550056242969629
1593594852	5.0
B00CRSU99U	4.0
0345506200	2.720977596741344
0062259539	3.977702702702702
0061961175	1.0
0399160701	4.0
1596916982	3.545070422535211
0375868771	3.985096870342772
0062110780	4.573780129335685
1250003490	3.0000000000000004
125001980X	4.092079207920792
0385347316	4.171875
0547939957	4.0
0310320380	1.0
0547466323	4.0
0061256684	4.0
0807042455	4.0
1612187153	3.0
0062235591	5.0
1593078447	5.0
0062205749	3.549966909331568
1606842633	3.0000000000000004
1118027388	4.0
0307389189	3.0
1595553088	1.0
1611099099	3.506493506493506
0140150706	5.0
1480522813	3.0
0345532449	4.502183406113537
1118464354	5.0
1616952040	4.0
0061986461	4.0
1435459709	1.0
1107044065	5.0
0761462201	4.5563770794824405
0778327914	3.0000000000000004
0140169318	4.0
0345519477	4.0
0761458190	4.0
0061964204	5.000000000000001
0385538154	4.0
0151012881	3.0000000000000004
0373777752	1.0
0345533763	4.132075471698113
0385361661	3.8280991735537198
1612183611	4.0
1451672721	3.6830985915492955
1118130278	5.0
0312360193	4.0
0865478910	1.0
0061562343	2.9999999999999996
0399154094	3.0000000000000004
0399160760	5.0
0547898169	2.0
1413312535	4.0
1400065755	3.903368304803976
1585366889	5.0
0679643524	4.0
1435456661	3.0
1604334908	3.0000000000000004
1477817166	5.0
1118497201	4.424962852897474
030798656X	4.395872420262664
0761452869	3.888888888888889
0307700666	4.0
0307594130	3.151291512915129
0312946384	3.0000000000000004
0385526180	4.0
1440556652	3.4638949671772425
0740785117	4.0
161218717X	2.1325842696629214
0761458174	4.214592274678112
0547640234	4.0
0399160752	5.0
0312614179	4.3374999999999995
1588343758	4.0
0061997145	3.1054078826764435
1467708879	2.2830188679245285
0307732215	4.0
0778327930	5.0
0345471016	5.0
1601425082	3.0319488817891376
0091796628	5.0
B00AX7VK72	5.0
0061536091	3.3945111492281304
0802120393	5.0
0547792638	4.0
0451227999	1.0
098209440X	3.0
1601422806	3.0
0982708319	4.0
1423171020	4.014799154334038
1401922082	5.0
1580052495	5.0
0399158421	3.4113074204947003
1451655398	3.706185567010309
1401935389	3.6091753774680604
0964704803	3.0
0061964239	4.0
0307951030	5.0
0061734780	4.0
159017335X	5.0
B00AFMJNRO	3.0
1400068819	2.0
0345803787	3.2141982864137084
0061727679	4.0
1611099056	4.0
1440533113	3.0000000000000004
0743467728	5.0
0375838929	5.0
0310324793	4.484684684684685
1477488138	4.398945518453427
0062128027	3.6937416777629823
0399158499	4.0
0143143131	3.0000000000000004
0064400964	5.000000000000001
0761458158	4.0
1421400103	5.0
0307719219	5.0
0547661193	2.753623188405797
0761459480	5.0
0062290363	2.0
0307961206	5.0
076145814X	4.392559689061632
B00GB2RI6A	4.0
0778314650	4.0
0740785168	4.0
0312531168	1.0
0062004794	4.0
0989499006	2.0
1608680150	4.756929637526651
0312555113	5.0
0385616066	4.0
1491513551	4.0
0345523539	3.358463726884779
1441892176	4.0
0761459499	5.0
0486469891	5.000000000000001
0399163832	4.0
0307885941	4.0
0312381999	3.0
1461154472	4.0
1416593101	2.0
0971784361	3.0
B007Z4SPZ6	4.559845559845559
0312540094	5.0
1451654928	4.0
0345531175	3.9219600725952817
0062049690	5.0
014028009X	5.0
0307885917	4.0
0778315991	5.0
1446301877	2.0
1609580427	5.000000000000001
1250047021	2.597902097902098
0385527470	5.0
0060876107	2.0
0761458131	5.0
1118402006	4.0
1442348364	1.0
B00DUGU5O2	5.0
1608199924	5.0
0761461779	3.0
0486281043	5.000000000000001
0778327973	2.0
1466427507	5.0
0452289130	1.0
0345505751	4.0
0761452834	4.0
1477807756	4.0
0425215679	5.0
1400052467	4.999999999999999
0062268414	4.0
1612182305	4.0
0142417750	5.0
0062084801	3.3434045689019904
0099529734	5.0
045123992X	3.0000000000000004
1442444924	5.0
0385739915	4.360522022838499
0385351410	3.334310850439883
1250035058	5.0
0425227650	5.0
B00A42MLVK	3.0000000000000004
1555976425	4.0
145212454X	3.4878048780487805
1612183689	3.0000000000000004
0761458107	3.8125000000000004
1594488649	1.0
1578634725	3.0
B00J4YAW0Q	5.0
1612186718	3.5
1401228275	3.0
143545488X	5.0
1605297291	4.0
0312591829	3.367103016505406
006218850X	3.0000000000000004
0452298059	5.0
143913765X	4.0
0062315285	5.0
0061728977	5.0
0440112885	5.0
1416547274	3.0000000000000004
0767913337	5.0
1599212951	5.0
0345441265	5.0
0545027896	5.0
0312658575	5.0
0307589633	5.0
0345505735	4.0
0316043877	5.0
0486292576	5.0
0062190830	3.0000000000000004
034553686X	3.8545454545454536
054724889X	5.0
042523830X	2.5054945054945055
006123883X	5.0
0345534212	3.5021367521367517
0770436854	4.0
0761458115	4.6060606060606055
0240814398	4.0
0307591972	4.0
0515143804	3.0
0307265633	5.0
0805095187	4.0
0375868704	5.0
1416990003	2.495689655172414
1433526557	5.0
0307379760	2.0
0345502698	4.6499999999999995
0307716139	4.0
1401302866	4.0
1444741497	4.0
0062078178	3.0
0770436889	4.0
006180732X	2.0
1595548548	5.0
000721278X	4.0
1594487340	3.0
0062198793	4.0
0062235540	4.587330316742081
0312591845	5.0
0312623038	3.513698630136986
0345505719	4.0
006173523X	5.0
1585365505	4.0
006200476X	3.0
0399157190	4.518518518518519
0761461736	5.0
0062117378	5.0
0805095160	4.0
1878076493	5.0
0670015652	5.0
161218233X	5.0
0778313387	5.0
0312591837	3.702649656526006
0966740009	5.0
0240818733	5.0
0061558265	4.0
0399157182	3.0
038553504X	4.0
1594488681	2.0
0061783749	5.0
0470930675	3.0
1416902325	5.0
045141912X	4.0
0849948290	3.0
006227306X	2.9827586206896557
0873377664	3.0
0385342438	3.945762711864407
0988767325	3.3245469522240527
006182593X	5.0
1400067685	4.609838846480067
140194244X	1.4971962616822432
0062107968	3.492885600455321
0061991066	4.0
1594486034	4.299605781865966
0425227723	1.0
0345522397	3.0
0240810961	4.0
0345483944	3.0
1480240672	2.0
1595147004	4.0
0374180563	4.0
0062102273	3.5617977528089884
0307716104	4.0
0061978086	5.0
0312556608	5.0
1118775082	2.351701782820097
0740781529	3.0
0671449028	5.0
0240816250	5.0
1118436415	5.0
0743252160	4.0
0312383770	4.0
0764228269	3.0
0545221269	4.0
0062069128	3.0
0061763144	4.0
0307704114	5.0
1250007070	5.0
0615569617	5.0
1608190048	4.0
0061726192	4.0
0871139855	5.0
0446509337	3.0
044617842X	4.0
006199104X	3.0
034546527X	4.0
1452668388	3.480086114101184
1611090652	2.0
0307730425	5.0
0307275825	3.8926875593542256
1401322255	2.9999999999999996
0062232509	3.0
031612558X	1.0
038574126X	4.4945054945054945
1780329482	5.0
1476707723	5.0
1451623828	1.8444444444444446
0062084771	5.0
1594741638	5.000000000000001
0811866793	4.0
0312570708	3.0000000000000004
1594486050	4.586206896551724
0345517830	4.0
1416961496	5.0
0307949702	3.3466909532483307
0062069144	3.0
0812983386	3.5460750853242318
0778329631	3.0000000000000004
0547953569	3.8548094373865696
0310439361	5.0
0761456236	4.306350314026517
0345512146	5.000000000000001
1596439378	3.625
0778315002	2.0
0515147184	1.0
038534905X	4.0
1433527030	4.0
0778316335	5.0
0679644199	4.848058525604952
1413311946	5.0
006166927X	2.0
0446671339	5.0
1584502770	5.0
0385537794	5.0
147782300X	5.0
1118043235	2.816687737041719
0765316994	5.0
0312097670	5.000000000000001
1250010691	4.999999999999999
006208478X	3.517596566523605
080702208X	1.0
1591797705	3.0
0345545087	3.0
0375713301	5.0
0544129911	5.0
1623650925	2.6714285714285713
0786868910	5.0
B00870FFZA	1.0
0983820031	3.0
1476730954	5.0
1455865230	4.0
1250007038	3.5863970588235285
0062198718	1.0
1477847030	5.0
1571742026	1.0
0061766216	4.0
0142405825	5.0
0312605919	5.0
0805097767	3.0000000000000004
1477812393	3.0000000000000004
076360013X	5.0
0061706558	3.8017944535073402
0547196210	4.3664233576642335
1400069432	3.77803738317757
1118287584	5.0
1401211550	2.0
0143117793	3.0000000000000004
0547759266	4.605488850771869
1401301371	3.0000000000000004
0312656661	1.0
0061665746	4.257286432160805
0761167269	5.0
0142417807	5.0
0547622376	4.525691699604743
0545054745	3.0000000000000004
1477847006	4.2519954389965795
0307914208	4.374479889042997
0062194348	4.450800915331808
0062047752	2.9999999999999996
1440551995	2.721590909090909
0062069187	3.0799999999999996
0547496389	3.0
0062297031	3.0
1594486093	2.8064516129032255
1401340970	4.655688622754492
0061915319	3.0
0739474812	2.0
0761454497	5.0
0316068284	4.5563770794824405
0470497254	5.000000000000001
0062257838	5.0
0240521587	4.0
1400033489	3.0000000000000004
0133836878	3.0
0761453172	4.344117647058823
1558324240	4.0
0373777086	5.0
0767932684	4.0
1400069416	5.0
1250034604	3.1841243862520465
0061684864	5.0
0195341546	3.0
0393702944	4.0
1611099854	5.0
0399145982	5.0
0062008129	4.0
0470416831	2.0
0517204770	4.0
0374288976	5.0
0307592294	4.0
0446578754	1.5449640287769786
0761458824	5.0
0307272702	1.0
030726999X	5.0
0385537700	4.517628205128205
1594744769	4.0
1475150997	5.0
1416986731	5.0
0099443635	3.0000000000000004
1401340997	3.5479204339963837
0316601950	5.0
0061998532	1.0
1435459741	4.0
037377835X	3.0000000000000004
0758209215	3.0000000000000004
0062251678	5.0
1416955666	4.0
0553804642	3.7
0143123629	5.0
B00EZGN2VO	2.0
1611099862	2.0
1741794706	3.0
0062008110	5.0
0373895771	2.0
1477809597	4.0
0802119557	5.0
1400068142	4.0
078974922X	5.0
0137058306	3.4516129032258065
0547367546	2.0
0829427201	5.0
0307908348	4.0
0307360318	3.868686868686869
1250007909	2.0
0300166311	2.0
0399121994	5.0
042523794X	3.0000000000000004
0007248075	4.0
0312643330	4.0
0761455779	4.681118881118881
0793508304	5.0
1250016843	4.0
0385346859	3.697435897435897
0765335247	5.0
0310266238	5.0
0345541537	4.383966244725738
031026622X	5.0
1932470271	5.0
014118776X	5.0
0307750884	3.0000000000000004
0811873005	5.0
054792853X	3.0
1611099846	3.0
0062008137	3.481152993348115
0316034010	4.0
0778315088	4.0
0547752687	2.0
0670021318	4.0
0316127388	5.0
1604189762	3.0000000000000004
0761455787	3.0
1400202515	5.0
1426207212	4.0
014018869X	5.0
1250063183	4.0
0743457463	4.0
1400005329	4.0
0307269973	4.0
0778315096	3.0
1413306519	4.0
1936976188	5.0
111872562X	5.0
0373210493	3.0
1442359919	5.0
0345520602	5.0
0449808068	5.0
098290505X	3.0
1461057140	4.0
0761455752	5.0
1400068185	2.0
084994645X	2.0
0062283235	4.30289193302892
1455502030	5.0
0805093311	2.0
0385349947	3.0
0385344260	1.0
0375858466	5.0
0306821931	4.0
B00BC24M9U	5.0
0345527267	3.0
0399157999	4.5
0804176434	5.0
014242059X	5.0
0446556513	2.0
0062107909	5.0
0758253370	3.0
0062102222	2.8706739526411655
1402767366	5.0
0345518314	3.8818948734587932
0062284576	3.0000000000000004
0312640242	2.0
1452271895	5.0
1476702918	4.490022172949002
1442409053	5.0
0425225976	5.0
0330461001	5.0
1250003504	4.501246882793017
0310950945	4.0
1451697252	3.0
0140082255	5.0
1416538933	5.0
1585426156	5.0
0761455736	5.0
0312629028	5.0
0240811429	2.9999999999999996
0399157980	5.0
0440442508	5.0
3906196003	5.0
1401686354	4.0
1423164911	4.4869848156182215
0061999849	5.0
0765332175	5.0
0448428725	5.0
054761215X	4.664233576642335
1118446623	4.0
0061122297	4.0
0802119565	4.0
031219899X	4.0
0307750833	3.210977701543739
0310283604	3.0000000000000004
0544107713	5.0
0761455744	4.244013683010262
006026683X	5.0
0982555024	3.0000000000000004
1401686370	5.0
031605755X	5.0
0544262174	4.0
0312341997	5.0
1451617194	4.0
0062220500	4.0
0310950929	5.0
034580676X	4.4913468773513925
1455876712	4.5340599455040875
0062064223	3.9366262814538673
006193142X	3.485900962861073
0399161945	5.0
0307594076	3.3817427385892116
0761454500	4.846207376478775
0789303728	2.0
161218703X	2.1452054794520543
0547368925	4.0
1596438924	4.0
1921652306	2.0
1569479348	3.0
0547684592	5.0
031604900X	5.0
0758214634	5.0
1442450894	3.0
0439673631	5.0
0761454519	4.019230769230769
0307990745	3.268292682926829
0307452956	2.2477396021699816
0230623603	3.0
B00BFQ6COG	5.0
0770435602	5.0
0143121049	4.0
0812981618	3.0
0547368917	5.0
0312536100	5.0
0312571224	5.0
0061990639	5.0
0671033301	1.0
1477817247	5.0
1404186964	3.908108108108108
1420125788	3.0000000000000004
0470067306	5.0
0544061039	3.495689655172414
1439153663	4.490022172949002
0312583206	5.0
1935597361	1.0
0547625383	4.0
0764102842	5.0
0761462139	5.0
0553386271	5.0
055338628X	4.087304934626739
0802119492	4.498344370860927
0345455932	4.0
080508925X	3.0
145550324X	4.0
0545259088	3.0
0761462104	3.790996784565917
1401935230	2.908185053380783
0062258346	5.0
0307951103	3.314524555903866
0307264211	3.0000000000000004
1440461163	3.402097902097902
1118177665	4.0
0805091556	5.000000000000001
1416954295	3.0000000000000004
1477817271	5.0
0547482507	3.762666666666667
1578561272	3.0
1484916352	5.0
006222543X	4.0621490078622235
0758213328	4.0
0761458093	2.5304287690179805
0007388160	5.0
0061961299	3.0
1426207182	3.0
0345471172	5.0
0143121022	2.468118195956454
0240522079	4.0
0849946514	5.0
0385350848	4.498344370860927
1433530708	3.957858769931663
0385344171	4.0
0061713783	3.4967602591792653
1416556249	5.0
0547482515	5.000000000000001
045122650X	3.0000000000000004
1451666179	5.0
0062113763	4.630818619582664
0312427808	4.0
0307594033	5.0
1118611314	3.0
0307395987	5.0
1595545336	5.0
0061827649	5.0
0812981669	4.089928057553957
1595545344	5.0
0761458077	4.0
0062081608	3.0000000000000004
0307455173	5.0
0849946506	4.0
0307955524	4.0
0385729618	5.0
0061998575	4.0
0805092862	4.0
0547243944	4.44362292051756
0470918853	4.0
0547482523	4.435897435897436
1463541848	5.0
1442427698	5.0
1477817298	3.0
1451684835	3.826242402574186
1596915757	4.0
0307382680	3.0
0062203215	4.028571428571429
0060535687	5.0
B00KD2RQ6G	4.0
0618462333	5.0
0778327809	2.0
1416568239	4.0
0399900578	5.0
0385738579	3.0000000000000004
0375841571	5.0
0761458085	5.0
1484174704	4.0
0062135953	2.8048422597212035
0062101773	2.0
080509816X	3.0
1555976387	2.698757763975155
0062237470	5.0
0307947912	4.497816593886463
0982555091	5.0
0307887804	4.47114556416882
1451695594	4.0
0345524942	3.6589861751152077
0140430032	5.0
1476714819	4.0
0316074039	5.0
0805098143	4.0
1413301797	3.0000000000000004
1416974733	2.0
055277572X	5.0
1606992961	2.0
0393072584	3.0000000000000004
0385347235	3.588842975206612
1490382526	4.0
0156029588	4.0
1594631395	2.9184581171237953
0062237446	3.0000000000000004
0307278867	4.0
0761458050	5.0
0778315843	3.132075471698113
0770436919	5.0
0345536932	5.0
1616953225	5.0
0399155279	5.0
1250015537	5.0
0061990612	5.0
1594631379	5.0
0778314510	4.0
0375833927	4.0
1612786669	5.000000000000001
0307461831	5.0
0062088254	3.0659833440102497
1250015545	4.216490299823633
0545342384	5.0
0385336594	2.0
0307951154	4.0
1476730067	5.0
0399158308	3.0
0307382664	4.0
0983887985	5.0
0811871312	5.0
0061449725	3.6525911708253362
0440226228	2.0
0373777825	4.0
0740777432	5.0
0764574639	2.0
0152062106	3.0
1781681597	4.0
1477847065	4.58
0778314529	3.6559356136820926
1466399732	5.0
0399158383	4.502183406113537
0312576986	4.730363423212193
0399158375	5.0
0807083054	5.0
1933826223	3.0000000000000004
039915969X	4.0
0547385420	4.0
0547792786	3.630225080385852
0794419348	3.0000000000000004
0142180211	4.0
030794834X	4.527624309392265
0761461671	4.507795100222717
0761458034	4.0
1465414576	5.0
1427201412	3.980044345898005
1400203082	3.0
0778313204	5.0
0544225252	4.467213114754099
1250007119	4.0
0316216852	2.497816593886463
037300205X	4.0
0316049093	4.0
0316739030	5.0
0399157034	5.0
1571691642	5.0
0393081427	3.6830497794580968
0761458042	4.5357142857142865
0812981693	4.1623721881390585
B00F1RE1XO	5.0
0061735175	4.0
0062078011	5.0
077831586X	3.0759999999999996
0470524529	4.0
0307986659	5.0
0395673461	4.0
140020304X	4.659763313609468
1579653790	4.0
0415657075	4.0
0547244371	4.0
1781160325	5.0
0062268546	3.345360824742268
0805098100	5.0
0470565071	4.49812734082397
1439141630	3.0
0547807430	3.9382716049382718
0764204327	5.0
0307464997	4.7695390781563125
0230341845	3.530864197530864
1612184839	2.0
0062049577	5.0
1477847049	4.0
0345492927	5.0
0143125478	5.0
0761459340	5.0
0807013196	4.451612903225806
B00APPCMVU	5.0
0967814804	4.0
1595545360	5.0
1400323665	4.0
1616951419	4.0
0385736770	5.0
0547840047	4.517090909090908
0679009256	5.0
0140621806	5.0
0310719410	5.0
1477847057	4.278074866310161
1594745277	5.0
1480293202	5.0
1594488754	4.0
1400031664	3.0000000000000004
0884119742	5.0
0061963070	4.221609702315325
0321704215	5.0
0439444896	5.0
1595545352	5.0
0062122630	3.171122994652407
1611090598	2.0
0385337000	3.9387012987012993
0143113496	5.0
161695146X	3.7166666666666663
0547393091	5.0
1401302726	4.264419475655431
0755355792	4.0
1481422340	5.0
0778315894	4.0
0786852607	5.0
0761456295	3.4693877551020402
0062259652	4.096306068601582
1607741067	1.0
0385536496	3.772813688212928
1250040523	5.0
0345534352	3.6562889165628896
0316232912	5.000000000000001
0786818700	5.0
0470614471	2.9999999999999996
0312380755	4.0
143352970X	2.9999999999999996
0547558139	5.0
0312374062	5.0
1594203938	4.0
0312553498	4.435971223021583
0307962695	3.1824324324324325
0739334670	5.0
1594487448	4.012012012012012
1401931758	4.494577006507592
0385535155	2.0
0451236726	5.0
1594486123	4.06049822064057
1462111009	5.0
0547645856	5.0
0307590526	5.0
0670015547	4.0
1416532714	1.0
0553107135	4.0
0761461647	4.6712328767123275
0547898207	4.490022172949002
0778327884	3.0000000000000004
0061804193	4.48936170212766
1433526670	5.0
1423152018	4.0
1439172773	5.0
0307961354	3.9834384858044163
0553383140	5.0
034553302X	4.0
0345495152	2.0
0374305188	4.0
0062197339	2.5043103448275863
0778313255	2.0
1591845807	4.0
1477817239	4.686868686868687
0316049034	5.0
0345526732	2.192429022082019
0062279203	3.8032220943613346
1452107920	3.0
0761147721	5.0
0133066339	4.0
1623650860	4.663250366032211
0470521465	1.0
1452107904	1.0
0547517645	5.0
0547479786	3.0000000000000004
1426759517	4.0
0373892713	2.975460122699386
1594745234	4.0
143924135X	5.0
0761456279	5.0
0778314596	2.4018691588785046
0060098902	5.0
0761461620	4.0
0345487559	3.0
0316084239	5.0
1439158495	5.0
0811869881	5.0
1590514254	5.0
0794422918	5.000000000000001
1451691173	5.0
1416576711	3.0000000000000004
1400042356	4.638586956521739
1477817220	4.769784172661871
1565123344	4.0
0230761607	5.0
0451166604	5.0
0778315339	3.4999999999999996
0312587481	4.48936170212766
1118657918	3.0
0761531912	4.0
1612184332	3.4618138424821003
0525949348	5.0
0061673455	4.0
1477848428	4.0
0310292468	4.0
0307273512	3.6568702290076334
0553581716	2.0
1616201126	3.525846702317291
0307739589	5.0
1465414177	5.0
0137058497	5.000000000000001
0671015206	5.0
0988761904	5.0
B00FDXFFW2	4.0
0825307325	3.0000000000000004
0811869938	5.0
1413319319	4.0
1611097169	4.329896907216495
0375425314	3.0
1451689764	3.177802944507361
0553581724	3.0
0062218336	5.0
1590172329	3.0
161218300X	4.0
0983263329	3.0000000000000004
0547807961	3.457142857142857
0312577206	3.7142857142857144
0786888458	2.0
0307593436	3.0000000000000004
0848732960	5.0
1401942326	2.3646408839779007
0345333942	5.0
0988761912	5.0
0849948398	4.0
0385527616	3.0000000000000004
0061660116	4.035668789808917
0397303998	4.625740897544453
0307462056	5.0
0425251500	2.0
149218070X	5.0
0525952977	5.0
1612186971	3.314897413024085
023076651X	4.0
0062294903	3.433145009416196
0762406984	5.0
0385742010	2.0
0307949826	4.120980091883615
1609530403	4.0
0670024783	4.476190476190476
0385743343	2.9739809193408497
1936493047	5.0
0062223704	5.0
B006ZTBJDM	4.0
0618753125	2.0
1118411234	5.0
0310438152	5.0
1612185657	2.0
0375869069	4.0
0761453091	3.8069784706755754
0451231376	5.0
1250023637	4.0
1612184324	2.3788420300214432
030726811X	3.5239043824701195
0060889632	4.430740037950664
0761456120	2.6407284768211925
0764503375	4.0
0345536223	3.6191536748329622
1937856402	4.0
0062291882	4.0
145164485X	4.0
054757620X	3.0
1404187391	5.0
0385523211	4.0
B00I3I1FC8	5.0
0399155627	5.0
0062229036	4.187077385424492
0989104125	5.0
0312570600	4.0
0761174931	3.213270142180095
0307948560	5.0
1477816887	3.666666666666667
080212061X	5.0
006211851X	3.0571428571428574
0345542924	3.0000000000000004
0547390092	5.0
0307961524	4.0
0439903467	5.0
1477847154	3.0
0761137998	5.0
038534368X	3.0000000000000004
0758265638	5.0
1933826401	5.0
1569474540	5.0
0307396045	4.540315106580167
140006869X	4.1025236593059935
1933615699	2.0
0312429320	5.0
0849947022	5.0
0312380348	3.6199999999999997
0375425365	4.0
0960992626	5.0
0449815978	4.269144144144144
1611099757	3.0129870129870127
0062217070	3.0
0395978378	4.0
B004SOQ0SK	4.0
0399155600	2.9999999999999996
0399144951	3.0
0373861028	5.0
1401341705	5.0
0811865541	5.0
0062008064	4.0
1595542604	4.0
1118526503	5.0
0321580060	5.0
0670786152	5.0
1401941028	3.5681818181818183
054780797X	3.5038759689922485
0547807988	5.0
0805093257	4.0
0385537883	4.0
1400068673	4.431519699812383
0007327064	5.0
0062208128	5.0
1416585273	4.0
0385528914	3.4571428571428577
0689829035	5.0
0547839537	4.0
1442421231	5.0
1250011612	3.0
1591796768	2.0
0307338185	3.0
0373210965	4.0
1451651104	1.0
0345476026	4.0
0062309668	4.271546635182999
030727179X	3.5997425997425996
0133121291	2.2704402515723268
1558324364	3.473684210526316
0778326055	3.0000000000000004
1402285728	5.0
0152023984	5.0
034549296X	1.0
B00HLPNH84	3.0
0307720926	3.638054363376251
0307739538	3.3850174216027873
031234161X	3.0000000000000004
1571744134	2.0
0609606948	4.0
0553591916	5.0
0151014736	5.0
1611099730	3.359781121751026
1426707622	2.0
1408839806	2.6946454413892917
0761453016	5.0
1410422445	2.0
1400203759	5.0
0385533462	3.45211122554068
1616147911	4.3993174061433455
0373892152	3.0
0199315736	5.0
0152022686	5.0
0812992806	3.635097493036212
1476739064	4.0
0062083392	4.5054945054945055
1118386574	4.0
0375859632	5.0
1612183085	4.449999999999999
0020436203	5.0
0345528670	4.714828897338403
1556154844	5.0
1401941087	3.202092249167855
076531908X	2.0
0451221958	4.0
0452288509	1.0
1476712824	5.0
0306819554	4.0
030795871X	4.055737704918033
0805094571	2.0
0316166618	5.0
0060890681	1.0
0761453032	5.0
0307955699	2.863039399624766
0307378195	3.0000000000000004
1612183093	4.0
1416590668	2.0
0812992814	3.0
1611099714	3.0000000000000004
044655572X	4.0
1433531623	2.9999999999999996
0307908488	4.0
1250033896	3.728571428571428
1476739080	5.0
0763661651	4.2727272727272725
0761454322	3.789099526066351
0761456988	4.421052631578948
0060927585	4.0
0062195514	4.214891611687088
0452289807	4.0
0312378939	5.0
0385753543	5.0
0345483200	4.0
0982175655	4.0
0062286447	5.0
0802120644	3.0
1476712840	5.0
0312593309	4.0
1593173970	5.0
0375861963	5.0
1401687369	5.0
1480441945	3.209621993127148
0547636458	5.0
B00BBFP21K	5.000000000000001
0061127663	2.108829568788501
0307955664	1.3925399644760212
0761149147	5.0
0425236757	3.0
1611099722	4.0
1416590641	4.0
0240817281	4.0
0811829863	3.0
013714234X	4.0
0399167617	5.0
0375424091	2.55819774718398
1569476349	5.0
0307267679	5.0
1603582282	5.0
1416587004	2.0
074347077X	5.0
0062207628	4.0
0615940846	5.0
1416590692	3.5
0761455639	4.604342581423401
0345468473	4.0
0195387627	5.000000000000001
0307594793	3.7890222984562607
0240521870	5.0
1607144417	2.0
1741799007	3.0
0385344139	5.0
0061242683	3.0
0765303558	4.0
0486410927	4.0
0385350813	4.478933791917455
0307592138	4.457960644007155
0553808095	5.0
0452298733	4.60967993754879
0060539070	5.0
0672313618	5.0
0307953068	4.213353798925556
0307990893	4.677083333333333
0451419723	3.0000000000000004
159555467X	5.0
1426774494	3.0
082031661X	3.294559099437148
1596916206	3.0
0307745384	4.0
0553591967	4.0
045122986X	2.4920863309352517
0739315293	5.0
193362244X	5.0
0553808087	5.0
0762439017	2.0
0743573641	3.0645161290322576
054719563X	4.0
1932565868	5.0
0761455647	4.334620334620335
159554268X	3.0
006221960X	3.6555878687162444
0062184849	3.6838095238095243
1604074523	5.0
0385344155	4.632958801498127
0061733636	5.0
1477849726	3.493506493506493
1442481773	4.0
0761451293	4.357142857142858
0307458857	3.555555555555556
0240812417	4.0
1451617291	4.0
1611097975	4.0
1401944140	2.8756810302129767
1433530333	5.0
1442362383	4.0
1451687133	2.4501018329938895
1467964425	5.0
0345532740	3.79481733220051
067002161X	2.0
0824954858	5.0
0061728276	4.0
0385366396	4.520833333333333
0385344120	2.0
1741799031	3.0
1439142009	3.2659574468085113
030771683X	3.653543307086614
1400202450	5.0
1401341780	4.166666666666667
1440529353	5.0
0985022426	3.0
0425233685	3.0
038549422X	4.0
0590434616	5.0
0761149120	5.0
140031514X	4.0
0312348274	5.0
0761455620	2.636879432624113
1118677536	4.0
0062020560	5.0
098912892X	5.0
0802120679	3.512931034482759
0007172826	5.0
0735669627	5.0
0307271722	5.0
1400315166	4.0
0373892160	4.0
1612186149	5.0
1623651026	4.0
B009SOMK5M	5.0
0307266389	1.9935205183585314
0786890754	2.0
0385525818	4.0
0062027190	4.111111111111112
0805094512	3.0
1601620179	4.0
0758258577	4.0
0316036064	4.393464052287581
0812992881	2.370675453047776
1611748992	3.77810650887574
0385516169	5.0
0199916357	4.0
0743406176	1.0
0970863365	4.0
0374346674	5.0
1599905124	5.0
144248781X	5.0
0547903782	5.0
0439456959	5.0
1611097959	3.0
0230755062	3.9523809523809517
0374162573	4.716312056737588
0761462007	5.0
0192806629	5.0
0743418166	5.0
0763634883	5.0
0345529006	3.737704918032787
006212255X	3.331412103746398
0470974885	3.0
0970863349	4.0
0981649521	4.0
0765325713	4.0
1595544313	4.0
0743573722	4.0
1118456939	5.0
1401341799	4.771324863883848
1250041546	5.000000000000001
0486426513	5.000000000000001
0385344074	2.0
0470560541	5.0
067169071X	5.0
1935597000	5.0
0446698377	4.0
156189043X	5.0
1118472160	5.0
0385337787	1.0
0316098329	4.596136962247585
0470923261	5.0
1439121982	4.0
1441812660	3.0
0312605889	5.0
1416572848	3.0000000000000004
1574864238	4.0
0615253652	5.0
0345529022	4.530783582089552
0345496574	5.0
0525952195	5.0
054792772X	2.0
0307908410	4.0
1441878467	4.0
0385533500	3.0000000000000004
0399155597	3.0000000000000004
1609612493	5.0
0316235652	4.0
0307393879	1.0
0825306930	5.0
0671551647	4.0
3829002599	5.0
1936493837	5.0
1401937764	3.7796954314720814
B00BCFXDBK	5.0
0634045148	4.0
0061161497	4.0
0743486285	4.0
0062122517	4.0
0547892632	5.0
1416954147	4.0
0684869403	5.0
143915483X	3.7890222984562607
0066210623	4.009159034138217
0547567375	4.999999999999999
B005COO1X6	5.0
0451233174	1.0
0785211578	5.0
038574160X	5.0
0373892225	2.0
0307745317	5.0
0470621958	5.0
0375861904	5.0
0679009396	4.0
0061236829	4.0
0547892624	5.0
0870495593	4.0
0547820119	5.0
0307587606	5.0
1595555013	2.0
0802121020	3.9499586435070304
0743291298	5.0
0307456153	3.0
159474551X	5.0
0976238381	4.0
0470962860	4.0
1591797160	4.0
0446504122	4.0
0547626150	3.0
1555976263	3.0000000000000004
0307917371	5.0
0761463305	4.03421052631579
1475252757	4.0
1250000173	4.0
081299289X	5.0
0545230500	3.0
0807001732	4.029328287606433
1455573205	4.345278088839119
1401309658	4.0
0142428280	5.0
1442414030	4.48936170212766
0547974957	3.4876404494382025
0451229924	3.7890222984562607
0778313530	3.9889830508474575
0062230921	2.5142857142857142
0802122345	3.8857142857142857
0812981324	3.4775985663082434
031264812X	4.0
0399158677	4.0
0385344082	2.0
0345441400	3.0000000000000004
0061732370	3.0
1849058105	5.000000000000001
0446698385	3.0
1604360143	5.0
0857521012	5.0
1484042018	5.0
1416549633	3.0000000000000004
1250039290	5.0
1400073103	3.0
0385348452	1.0
0062126903	3.8342328450269854
0385472072	3.0
1401936474	1.4587525150905434
0785223584	4.0
0805098038	4.2109732201175705
0199928355	4.0
1413318096	5.0
0399158669	5.0
0672333279	4.0
0061458570	3.5005512679162076
0307884872	2.512359550561798
0312621922	2.0
1107619580	5.0
0132172607	3.0000000000000004
1435460065	4.0
1421411008	4.0
0307884848	5.0
0307879496	4.0
0761453938	5.0
125001171X	3.0000000000000004
1250005043	5.0
1413312748	4.407350689127106
1250019699	3.471321695760598
0547364601	2.0
0849975956	5.0
0307590437	4.211881188118812
0312864256	3.0
0316230812	3.7099621689785622
0312360827	5.0
0778324206	2.0
0143117505	4.0
1439149445	4.0
1427209251	4.0
0374100365	4.634146341463414
1477847197	4.374100719424461
1595555056	3.793706293706294
0062088149	4.0
0439903548	5.0
1433526360	4.0
0811867358	4.032258064516129
0123748992	5.0
1401940544	1.8166877370417196
B00DVKDZDK	5.0
0312614780	5.0
1612183891	4.0
0374135800	4.0
B009LRWVLY	4.0
0062107798	4.0
0544264975	3.0000000000000004
1477815589	3.0
0399149783	4.0
1592769306	4.0
0451213505	5.0
1400069912	5.000000000000001
0807073342	5.0
0143034901	5.0
0761453911	3.732893157262905
1451640560	5.0
0812993314	4.0
1477847162	4.275268817204301
1250005027	4.0
1594486204	4.0
0764572792	4.0
0062003259	3.4900221729490024
0062197258	4.110019646365422
0310324564	2.0
074328190X	3.0
1439187711	3.0000000000000004
1590515498	3.506493506493506
1935597078	4.0
0345523784	4.0
1604360100	2.0
1413319378	4.0
0316044504	1.0
0758269285	5.0
1477847170	3.305949008498584
0152065709	4.0
0547739648	5.0
0553808109	4.0
0804137609	5.0
0062115391	3.0290827740492166
1119976871	5.0
1741798523	5.0
0394861027	4.0
0794421741	5.0
0230740847	4.0
0877881073	4.0
0545240751	4.0
0805096299	4.0
014241882X	4.0
0758269293	5.0
0312642806	4.0
034554773X	3.531914893617021
0307588114	5.0
0547738307	2.9999999999999996
0061238619	3.0
0439023483	4.006116207951069
0316042781	3.0
0547519737	4.0
1579653693	5.0
0812993373	5.000000000000001
1612186955	1.0
1250048133	2.0
0802723934	5.0
0898150787	5.0
1400314615	5.0
0399161465	3.6960882647943833
0547364644	3.0
0679756973	2.0
0553592483	3.721074380165289
1623650526	5.0
1605291757	2.8825665859564165
0812981383	3.0
0062127373	3.7312295973884653
1451616880	4.40785498489426
0547739621	4.0
1849050236	1.0
1416958576	5.0
0307461572	4.0
0439023491	2.9999999999999996
0982207727	4.0
1612184308	5.0
1401943616	4.403125
0671004530	3.0
0544052897	4.0
1400068622	3.8751472320376914
0307590402	4.082494969818914
1590514157	2.0
0062293605	5.0
1401940587	5.0
1477817328	5.0
147781731X	3.6060606060606055
0061713244	3.0000000000000004
1400044634	4.504310344827587
161109044X	4.346020761245675
0373777922	4.602708803611739
1118117921	3.0
0307473546	3.542039355992844
0452287146	1.0
0670026514	5.0
0143114425	5.0
1933241039	5.0
0393070204	5.0
1416595562	5.0
1594486247	4.528795811518324
0679009329	5.0
1604076275	4.0
0761456147	4.838845460012026
0307399125	4.0
0452296099	3.0000000000000004
1590515455	3.0
1611090423	4.0
1413312721	4.0
1604070978	5.0
0307907988	3.3172999191592565
B00GFZMO5S	5.0
1439157057	5.0
1439129835	4.431519699812383
0553386522	2.7451984635083226
0062194178	3.0
0982207700	5.0
0385526350	3.770034843205575
0807120170	4.0
0062119796	2.5867768595041323
0307962792	2.4939226519337017
0470497653	2.9999999999999996
0062234463	4.0
0761456163	3.4693877551020402
0547687117	5.000000000000001
1580230946	5.000000000000001
0061701246	5.0
0312375069	4.0
0316228532	4.5
0446583774	5.0
1606523449	4.4941176470588236
1416597328	5.0
1439102767	5.0
0061664618	1.0
0385335903	3.0
0062244752	4.0
0307739473	4.0
0470905298	5.0
1490330747	5.0
1477847227	5.0
0544126688	3.0000000000000004
0761456007	4.689655172413794
1477847219	5.0
0385732538	5.0
0688163866	5.0
1611090407	4.0
0547279779	5.0
0062217135	2.9759481961147087
0547634536	1.0
0385536690	2.0
0374228825	4.0
1616891564	4.0
0061985848	1.0
1616951702	5.0
0738213799	2.0
0061470856	4.0
0743496213	5.0
1477849890	2.7833190025795354
0385523386	3.6299638989169676
0385732554	5.0
0786888334	4.0
0804138788	3.0000000000000004
0811864367	4.0
0062060554	3.5921501706484635
0316126675	3.0000000000000004
1439155283	3.0
0778328538	4.0
0345549627	5.0
0470647639	5.0
0132620340	4.0
0525951792	1.0
0778329860	3.0
0316052094	5.0
1250038820	5.0
0385338198	4.0
1421409429	5.0
0547634528	4.0
0061979198	5.0
0316067148	2.8201438848920866
1611099676	3.0
0062198505	5.000000000000001
0399159053	3.463709677419355
0547196008	3.0
0062264338	3.0
0345528719	2.871740662438337
0547634552	4.0
0761457321	5.0
0307465209	3.401869158878504
0061799319	3.0
0544027701	1.0
0547688377	4.0
1742205615	3.0
0143122916	5.0
0060831502	3.5039370078740157
0307719871	5.0
0060545607	4.0
0307377849	4.0
1401929230	2.0
1250045134	2.0
0310717876	3.0
0061136646	5.0
1476733805	5.0
0547688369	4.0
0804137447	2.6590257879656156
0307887146	4.52755905511811
0201604582	5.0
1401938175	2.7850467289719627
0767932005	4.0
0571309224	3.0
0470890754	4.0
0759529124	5.0
1118697057	4.0
014318749X	4.0
2080200739	5.0
0307961656	3.1481250000000003
0547385625	5.0
1416597360	3.73015873015873
0805098844	4.0
0385532296	5.0
4770030703	5.0
0973689404	4.0
0062107763	5.0
0142000213	1.0
0062027913	5.0
0345528735	3.1468749999999996
0062124269	5.0
1402295871	5.0
1400005159	4.0
0553592521	2.4705882352941178
0345536371	5.0
0452289076	5.0
1447262859	4.145244215938304
0802119743	3.0
0778320618	1.0
1599901641	5.0
1611099668	3.8766233766233764
0547893159	4.057851239669422
0345528751	4.0
0545052351	4.540394973070018
1440318417	4.0
1556529694	5.0
0062047523	3.0000000000000004
038536315X	4.0
0062071246	3.485714285714286
039916443X	2.0
0547669208	4.0
0385346603	4.0
0761454284	3.0
0545233445	4.015572858731924
1480439703	4.0
0385501129	4.414593698175787
0670015709	2.0
0312611579	4.0
1611099633	3.0000000000000004
0812995139	3.2661179698216736
1567933386	4.0
0761455574	3.0000000000000004
073562285X	5.0
0596008422	5.0
0375814620	5.0
0307589250	3.0000000000000004
0307351262	4.0
0671027344	4.490022172949002
055359253X	3.7877947295423025
0758216599	1.0
1475159161	5.0
0062328050	3.0
0770436250	4.12680412371134
0062310755	3.6541353383458643
0345526112	5.0
0385524692	1.0
0374126879	4.0
0062115359	3.102973568281938
1611062381	4.3768115942028984
0199908087	4.0
031253728X	4.0
039915907X	4.0
0312563558	5.0
1612184243	4.0
0062124293	4.0
0761455590	4.70479704797048
0743242157	4.0
159555274X	4.0
0812976886	4.999999999999999
0743291999	3.0
1440552614	4.331334332833583
1843108801	4.0
1586421514	4.0
0307595919	4.318118948824343
0399164421	5.0
1118127218	5.0
030795627X	4.550588235294119
0688171478	5.0
0307739414	5.000000000000001
0143188712	4.0
0399156879	3.0
1416590773	3.1369606003752346
1401945333	2.0
1416971483	4.0
0061671789	5.0
0312642695	3.413968253968255
0425224856	1.0
0062287877	4.0
1465416072	3.0000000000000004
0758268653	2.0
1932690352	5.0
0385532253	4.0
1603582398	4.0
0786948566	3.4945054945054945
1439194823	5.0
0062240307	3.604982206405694
0739327364	5.0
0062227327	5.0
0780648838	1.0
1416971491	1.0
1484133242	5.0
0143188720	5.0
0446580848	5.0
0825307287	3.0
1439155208	5.0
0761455566	4.0
0525951717	5.0
1612186009	4.0
0758202822	3.0
0811862585	5.0
0452296250	1.0
0761456899	3.0
1477820124	5.0
1892145960	5.0
1623651123	2.0
0316098256	4.0
0451414187	2.0
0375424199	3.0000000000000004
0062083260	5.0
0307958841	4.0
0373881355	3.0000000000000004
0802126065	3.5617977528089884
075791828X	5.0
1611097894	4.609374999999999
1451625847	4.0
0373605390	3.4618902439024395
1442420073	4.0
1859643299	5.0
0857051873	4.185849056603773
1481241354	5.0
084994841X	5.0
0849948428	2.9999999999999996
0028740866	4.0
1401341624	3.0
1401932002	3.012101210121012
080212075X	3.5923566878980893
0470422025	2.9999999999999996
1416986510	4.0
1440552649	4.60704845814978
0807084964	5.0
0547428499	2.0
0385742770	5.0
0141326085	4.0
0778327299	4.0
0977790479	5.0
0060544376	3.0000000000000004
0140143505	4.0
0802126057	4.0
0375848029	5.0
1591791839	5.000000000000001
1440721726	3.6566347469220246
0981461018	5.0
1451612540	2.0
0802119778	4.43172075933864
1402253168	2.0
0374108994	5.0
1250043344	5.0
0306821761	5.0
0312558171	3.0000000000000004
0452297559	5.0
0763655953	4.530864197530865
0312428170	3.9583333333333335
0373771983	5.0
0316175668	4.0
1439197059	3.0
0062007475	4.549898167006111
1451621426	5.0
0977790452	4.0
B0098GML3G	1.0
0761456848	4.372675250357654
1585428558	5.0
1770852077	5.0
1622663594	5.0
125003003X	4.0
034553283X	4.396641791044776
0547691130	3.0
1416599142	2.0
1250044693	3.1968
0310437822	5.0
0345541790	3.5802357207615594
0312558163	4.0
0385533543	3.6381832178598925
0062103326	1.0
0615511600	5.0
0307962903	3.9834437086092715
0061992194	2.4910536779324057
1612186033	4.175257731958763
1442423110	5.0
0812967992	4.0
1607014270	4.0
0761456856	5.000000000000001
0754094634	5.0
0062007467	3.0
0143038419	2.0
0312201656	5.0
1477816909	4.331334332833583
0802122515	5.0
0385528191	5.0
0547511698	5.0
0345539478	4.555555555555555
125004202X	4.0
0792752627	5.0
0151014671	3.0
0310319978	3.0
1433530457	5.000000000000001
1452131309	4.0
0312382278	3.3727538654408686
1416599126	4.0
0981461069	5.0
1592556736	4.262886597938144
0761453792	4.032377919320594
0061953407	3.7059620596205964
0743291123	4.0
0385534892	3.902527075812274
0373892055	4.0
1477849815	4.0
0345523903	5.0
085707802X	5.0
0132542501	5.0
1612186017	4.0
0061689068	4.0
1592404456	3.0
0441020011	5.0
0307716724	4.0
0373778589	5.0
0735340390	5.0
0062273221	2.0
0062220756	4.476016684045881
0805095713	3.281456953642384
0977790436	4.0
0544108809	4.0
0310419174	5.000000000000001
0307969509	3.0000000000000004
0812992954	2.0
161218071X	4.0
1743217072	5.0
0373210205	5.0
161620253X	3.1566332218506132
0802120792	3.0000000000000004
0061234907	3.0000000000000004
0761463127	5.0
1434705358	4.060517038777908
0811874540	4.0
0679728740	5.0
0764209795	5.0
0307986071	5.0
1400069254	5.000000000000001
0062206451	4.431258106355384
0062129902	5.0
0553593803	5.0
0448095017	5.0
1118106253	5.0
097779041X	4.0
0545042143	5.0
B0081VXDZY	3.0
1477809864	4.0135551447935915
160684363X	4.0
1401924352	4.0
0307409082	3.958785249457701
1575423464	5.0
0399157204	5.0
0865477736	4.523809523809525
1250032709	2.9999999999999996
0525426035	2.0
1451659202	4.0
1250019729	3.0
0553808052	4.0
0743294254	1.0
077043584X	2.225031605562579
B004P1IXQ8	5.0
0544074114	4.0
1595546871	4.0
1934770825	4.0
0470879483	5.0
1594204160	3.0000000000000004
0544022912	5.0
1433526409	5.0
0771071329	4.0
0927015250	3.0000000000000004
0811735737	5.0
0385338988	4.0
0544087445	3.0
1606842323	4.370477568740955
0307949060	3.589479112944817
015201246X	4.0
1416580557	5.0
0061781231	5.0
B00DCGH88Q	5.0
0061896454	3.7779479326186833
159474677X	5.0
0345538064	3.6992084432717673
0307886751	5.0
1419686429	5.0
0857386999	4.0
0307917452	5.0
0618176764	5.0
1414307659	2.0
0307458016	3.0000000000000004
1566499585	4.0
0813125421	4.0
0743294270	5.0
0807001813	4.363636363636364
1413309089	4.0
1401936318	3.5762032085561497
B0056AT8F2	5.0
0062274627	5.0
161235470X	5.0
1439187673	4.0
1416549706	3.484496124031008
0312598955	3.180392156862745
0739374532	4.0
0060594667	5.0
1400069165	2.9486166007905137
0062314254	3.0
1623650666	3.0
0988348233	5.0
0812992997	4.999999999999999
0425129616	5.0
1250028655	4.70837343599615
0789748649	5.0
B00K4C3RO0	5.0
0062305301	4.0
1935597108	5.0
0062282263	3.0
0307393992	4.498583569405099
0812977378	4.0
0770435874	3.0086206896551726
1599905256	5.0
0132353776	5.0
0486230449	5.0
0345538080	3.0000000000000004
0375430008	5.0
0373777205	4.0
3257229534	4.0
0307474933	2.0
B00D2R5QB6	5.0
0375415386	4.0
0812993411	4.375806451612903
0307908542	4.056406124093472
0743491475	5.0
1416954023	5.0
0310714850	3.0
1118583957	5.0
0425253422	5.0
0316013269	3.0305263157894737
0451234383	2.0
0307595129	4.4769789983844905
B00G3L14KA	3.0
030737839X	4.0
1583144285	5.0
0547904312	5.0
0425242765	2.0
1604991461	5.0
1250052343	3.0
0770432778	5.0
0544045602	4.0
1416595635	5.0
0701180021	3.0000000000000004
0547134657	3.0000000000000004
0875165516	5.0
0307474925	4.0
0671035770	5.0
1612183735	3.787111622554661
0385347022	4.0
1596980907	5.0
037382792X	2.0
B006905BLS	5.0
0745661106	1.0
1594204195	4.0
0375856455	3.6860841423948223
0062108166	3.1480362537764353
1416908129	5.0
1593697724	5.0
0061804347	4.51063829787234
1250005981	3.0
1118004361	5.0
014132371X	5.0
0345534522	3.4701195219123506
140193501X	2.2405362776025233
0553808036	4.0
0385323069	4.0
0761453830	5.0
054410305X	3.0
0312674309	5.0
0812981448	3.0
0385351968	4.0
0751547875	3.8882650196518806
0307461602	4.327334630350195
1591797055	4.0
0061001783	5.0
1442484896	4.490022172949002
1477808590	1.0
0689861877	2.9827586206896552
0345511891	3.3797468354430378
0307462935	5.000000000000001
0785227814	2.9999999999999996
0141009055	5.0
0385736177	5.0
0151011656	4.0
0152167730	5.0
0778314758	4.335766423357664
077831474X	4.408163265306122
0316031917	4.0
0385528256	3.5411176737846435
0007391595	3.0
0307595110	5.000000000000001
1601420749	2.0
1938383567	5.0
0307272095	5.0
1477807276	3.0
0689861885	4.0
0812979117	3.0000000000000004
0380810956	4.0
0307268845	3.530864197530864
0547853157	4.0
0988348209	5.0
054523834X	5.0
B009SQTD28	4.0
039916748X	2.4967602591792657
074566377X	3.0
076366040X	4.786978060863412
1935597140	3.0000000000000004
0062316869	4.0
0307347214	4.0
0547435576	3.0
031624290X	4.0
0143116304	4.0
0743288408	3.5357995226730305
0812994787	5.0
1593593279	5.0
0765305135	4.0
B00KD5S72A	5.0
157061881X	3.8251599147121533
1590202457	3.0000000000000004
B007US3JWQ	2.0
1595549978	4.424184261036468
0140150625	4.0
1556229119	5.0
1451627696	5.0
0689869738	5.0
0544027760	3.0000000000000004
0804138818	4.0
1476717710	5.0
1401941761	3.2377581120943955
0345486498	4.0
1416963855	5.0
0316079065	4.0
034548648X	5.0
0761453822	4.339847068819032
1591793556	3.0000000000000004
1455109088	4.0
030798687X	3.0000000000000004
0446568260	2.0
0802121187	4.0
1250030935	4.0
0374299080	5.0
159179790X	5.0
B00L9N8S6K	3.0000000000000004
1595548645	3.4727592267135323
012381541X	3.0
0307731472	5.0
0061706876	3.4599999999999995
0393082997	3.0000000000000004
1905005172	2.0
0449809978	3.0
0345535871	4.0
1606523589	5.0
1250037573	5.0
1442441798	4.0
0385530528	5.0
039916393X	4.999999999999999
0763665215	4.0
1440532168	2.0
0545107083	4.0
0778314782	3.462159434914228
0061914711	5.0
0062115286	5.0
0544027787	3.855504587155964
0062279483	2.2830188679245285
0061006629	5.0
1402742355	4.0
0385538499	4.0
0745679250	3.0
037389290X	5.0
0812993446	4.0
0345534557	5.0
0307599590	4.22075055187638
0761453806	5.000000000000001
0060090383	4.467289719626168
0385528213	1.0
1250030951	4.0
B008N37DRE	5.0
0770436315	4.481152993348116
0805096175	3.0
1416950516	3.0000000000000004
0544114604	5.0
0544022084	5.0
0062090364	5.0
0345526945	4.726053639846743
1416572104	4.0
1936493063	5.0
159691288X	3.0000000000000004
1439103135	5.0
0743294297	4.23404255319149
0373892985	4.0
0192723707	5.0
0547443153	5.0
1594487685	4.0
0061921033	3.0
0898219108	5.0
0316016381	5.0
0794421857	5.0
0062012037	3.0
160407082X	5.0
1611090326	4.0
1452104670	4.0
0195314638	4.0
0547863365	5.0
076533271X	5.0
0765327376	2.0419651995905834
0544102606	2.0
0802142915	4.0
0385734379	3.0
1416913548	2.0
0812995201	4.617128463476071
1401931510	4.0
1416938869	5.0
1401940471	2.773109243697479
0553807552	5.0
1426749503	4.0
054529441X	4.0
031044067X	5.0
1597755206	4.0
0451201450	3.0
0446394211	5.0
1936976404	2.0
0761456066	5.000000000000001
0988348268	5.0
006222560X	3.971428571428572
0547681704	3.0
0062267493	2.46
1423422465	5.0
1476704414	5.0
054763014X	3.2239532619279454
0192838997	5.0
1611099595	3.7080291970802923
0062133950	3.0
0399159010	2.0
B00DOBWBFY	4.0
0307265749	5.0
0805097457	4.0
0761456031	4.0
1455839906	2.0
0062194070	4.0
1465402314	4.0
1440545480	5.0
125004295X	4.0
0345432657	4.0
0062012010	4.0
014023828X	5.0
0679009450	5.0
0743437160	3.0
0345533267	3.9752808988764046
0385341776	5.0
111813303X	4.0
1594485046	5.0
0804138842	4.0
039915728X	3.463709677419355
034551100X	4.999999999999999
1451673515	4.0
0670015768	4.0
1442489715	4.417218543046358
1250040310	3.733333333333333
0061434426	5.0
1612183794	3.0000000000000004
0307379663	5.0
0307346765	1.0
0060738871	5.0
0785818960	4.0
0375505245	5.0
1451626339	2.4712041884816753
1400204186	2.9999999999999996
098004250X	2.6666666666666665
0307884910	4.0
0307717127	5.0
0672330962	4.0
0956122272	1.0
006201451X	4.0
0373803362	4.0
0615737374	5.0
0743298055	5.0
1936096625	5.000000000000001
0307206912	5.0
0307591484	4.0
0062195379	4.084337349397591
006135158X	2.555555555555556
0802119824	2.0
0399162119	2.0
1440552703	2.5543766578249336
1479321737	1.0
0544114574	4.04178814382896
0553591754	4.0
141330091X	5.0
067945117X	5.0
0143118579	5.000000000000001
0345528816	4.225733634311512
1416583270	4.0
1401324541	3.0
034581360X	4.0
1416978844	4.494071146245059
0330449605	4.361997226074896
0544114590	3.0000000000000004
038534340X	4.0
0670021016	2.0
0761457224	4.08245243128964
0307947432	4.496688741721854
0310328764	4.0
1550228307	4.0
0061584991	4.0
B00GFRJSGO	5.0
1584500492	5.0
1416587624	3.0000000000000004
0062103237	2.0
0849964660	5.0
1451675364	3.923170731707317
0761451927	5.0
0761156062	5.0
079442600X	5.0
1401323227	2.0
0544114582	3.281456953642384
1416575642	4.0
0385534140	3.8740740740740742
0553591762	4.0
1451642466	4.0
0679009523	5.0
1599900483	3.0
0609801090	4.0
059306495X	5.0
0345528840	4.2785515320334255
0307592790	3.9457092819614714
1433530139	4.0
0765320711	5.0
1451654405	4.0
0312315953	5.0
000766141X	5.0
1402245041	3.0
1118317378	5.0
1612183220	4.7170971709717096
0971817413	4.0
0307341542	4.5010845986984815
0547279671	5.0
158008138X	4.331632653061225
0801891329	3.0
0062195344	3.0000000000000004
0425259692	4.0
1612183239	2.0
1250006082	3.035637918745546
098278760X	2.5417515274949083
0399160388	5.0
0060784776	5.0
0307452492	4.0
0061374229	3.0000000000000004
0385513240	4.0
0800732081	2.0
0307718417	5.0
0446563188	4.0
1596923660	5.0
1250039819	4.333333333333333
1611099536	4.0
097556188X	3.0000000000000004
0307341569	3.732229795520935
0761459839	4.111409395973155
0307960447	4.0
0312556934	4.124415341440598
0395294630	2.0
081299308X	4.0
0470648406	5.0
0061143480	3.0000000000000004
0312646976	5.0
030727067X	5.0
1451609825	2.0
0805098720	3.013513513513513
0385536771	3.2585365853658534
0373230338	4.0
0803738552	5.0
1400068452	3.0000000000000004
0761455485	5.0
0385347804	3.51951827242525
1616284994	5.0
0770437680	4.0
0062080067	3.2062937062937062
1592332668	5.0
0345527542	3.869875222816399
1611099544	3.4262877442273534
0345528875	3.4081632653061225
0240521242	2.9999999999999996
1615190783	3.5686695278969958
0307589102	3.0
1590513460	1.5099778270509976
1612183298	3.0
0025853503	4.522821576763485
0761455493	4.0
161218328X	4.0
0470425245	4.0
0062184687	4.0
0452296722	5.000000000000001
0061791784	4.0
0316206121	4.084337349397591
0062309897	3.991379310344828
0142501123	5.0
160342475X	5.0
0345523199	4.0
1433527367	4.0
044010047X	4.0
0761459812	4.0
144054073X	5.0
0007430671	3.0
0544074815	3.4510739856801913
0812993071	5.0
0321573528	4.0
1612183263	5.000000000000001
0440423074	3.0
0770436374	4.0
0312368488	4.0
0316055433	5.0
0470499559	5.0
042524766X	3.0
031236847X	3.078918918918919
1439191697	4.0
1573222283	2.0
1118490266	4.0
0151014124	3.9831168831168826
1250019354	3.989010989010989
0743470117	3.0
0470891750	4.0
140000439X	4.0
0439873770	4.0
0618007008	4.0
0345528891	4.206185567010309
0804138680	4.0
0789742985	4.0
0849947251	4.0
0061913014	4.0
0373210728	2.0
0761455469	5.0
006208576X	2.015590200445434
1603420398	5.0
0749080973	4.0
0385742282	2.656108597285068
0765316676	5.0
0399162127	3.0799999999999996
0307958108	4.0
0061791768	4.490022172949002
034552621X	2.526174496644295
1401210562	3.0000000000000004
161109951X	4.26410835214447
0544114523	3.145098039215686
1612183271	5.0
1611099528	1.0
0547976518	5.0
0451240464	4.0
0812981901	4.0
0525951822	5.0
1118646614	3.0
0061938343	4.337078651685394
0373777396	2.0
1442426705	4.385689354275742
1118217942	4.0
1401301045	4.0
0375803017	5.0
0547731140	5.0
0761455442	4.363120567375886
1477800662	2.0
1421410729	4.0
0307742911	3.7391826923076925
0761463070	4.7321212121212115
0800731603	5.0
0385347863	3.2818181818181817
0670892424	4.0
0307887200	5.0
0425202712	5.0
0778316041	5.0
1477807292	5.0
0811874680	3.0000000000000004
0385524749	5.0
023070932X	5.0
0547053428	4.0
0778329348	4.0
0761455418	3.4922048997772825
076145540X	5.0
0240811747	5.0
0553587676	2.0
0316105422	5.0
0979923832	3.0
0544034724	2.8400520156046816
0547636695	2.0
1433526905	4.0
039916216X	4.077009178419521
0547774338	3.0
0385536755	3.6980920314253654
0399162178	5.0
0849947219	5.0
0307270661	4.688715953307392
0307715310	4.509977827050998
1565129237	4.0
0312622945	4.136363636363636
0123820227	4.0
0395470307	3.0000000000000004
1442346965	4.0
1609805593	4.0
0345517318	5.0
1591391105	3.0
0307338789	4.0
1597775894	3.0
0761151222	4.0
0805096973	4.428918590522478
1580081304	5.0
0307717968	5.0
0195174550	4.005607476635514
1401926916	2.655135135135135
0385741790	3.971428571428572
006212109X	4.0
0307236714	5.0
1118487478	5.0
0007449232	4.349081364829397
1608199584	3.7123724489795924
015101101X	3.431519699812383
0547382634	3.0000000000000004
0307279898	4.6322580645161295
0399157646	3.90020366598778
0064470482	4.0
0761453695	4.4678591391839015
0306816229	2.0
0345518659	4.0
1594205337	4.294877505567929
0307701573	5.0
0062062247	2.0
0385752466	4.0
0195289005	5.0
0062241796	4.6501831501831505
078974953X	5.0
0312539517	5.0
1250014522	4.7084917617237005
1612190421	2.3409090909090913
1416589457	3.0
078974290X	5.0
0553591711	1.0
0062116509	4.431519699812383
0062121030	2.5027870680044595
0307956350	2.809443507588533
1442421053	5.000000000000001
0544028090	1.4922048997772828
0486404072	3.0000000000000004
0981608736	3.0000000000000004
0778328066	1.0
1401938949	3.090140845070422
0985233834	3.0000000000000004
0373895453	1.0
1250014506	4.237341772151898
0061137634	5.0
1416544569	5.0
0740784315	5.0
1477847308	4.0
1936493616	4.090140845070422
067964444X	4.0
0061778702	3.0
0547251270	5.0
1592407870	5.0
0312674112	4.129533678756477
0974563803	4.0
0544032101	4.42769500438212
0515144665	1.0
0262014866	5.0
0547327803	5.000000000000001
0805092560	4.670487106017192
0393241661	3.0
1477849939	5.0
1592406513	5.0
0007148976	5.0
0061778737	3.0
1250031044	4.0
0716706156	5.0
0415656850	1.0
0137057385	5.0
0062273345	3.451952882827031
158761345X	4.412727272727273
1452119570	5.0
1599907909	4.447928331466966
0345494997	3.0000000000000004
1561455237	5.0
0307454231	2.6149825783972127
1616284927	5.0
0544025830	3.0
1449924999	5.000000000000001
1594204012	4.0
0743582373	4.0
0553591746	3.0000000000000004
0099453525	2.0
0547601174	5.0
0989138607	5.0
0425265498	5.0
0802777511	4.0
0967089735	5.0
1477808655	5.0
0307388298	5.0
1573220434	5.0
0307394972	3.649045521292218
0385196288	5.0
1612182712	3.4827586206896557
1400314410	5.0
0545123267	5.0
0062080830	3.0000000000000004
1477807322	1.0
1592000282	4.0
1594631689	3.0
0385349505	3.566854990583805
0399156240	5.0
0979446252	5.0
1592406610	4.0
044101819X	5.0
0395389496	5.0
0312364105	4.0
0240812107	4.0
0062257390	4.006821282401091
B00AB3QW1W	5.0
0061140325	5.0
1451555482	3.0
147931014X	4.0
0451236491	3.194581280788177
0547411634	4.0
0425232654	3.0
0061119741	5.0
0778313727	4.609374999999999
0061177601	4.0
1416543279	5.000000000000001
1477807330	3.0
0385351836	3.2
0452297176	1.0
0802122558	4.0
1571690042	3.0
1849750408	2.0
0307951499	4.0
0060845473	2.0
0340980710	4.0
0718158970	4.724220623501199
0062015079	5.0
0553803980	4.0
0062245384	4.0
0307701557	2.0
1413301479	4.0
077043598X	3.4423357664233576
0765330075	4.0
1452108099	5.0
0312364121	2.0
0385532431	5.000000000000001
0804840156	3.0
0078824761	5.0
0061928127	5.0
0307886840	3.428793774319066
0425265587	5.0
184756190X	2.0
0316020702	3.2480620155038764
0062270397	4.0
0544022807	5.0
0345505352	3.0
0312377436	5.0
0786022132	3.0
0547435606	5.0
0984998500	3.0
1494421658	5.0
0316231053	5.0
0062015052	4.133709981167609
193349512X	3.532513181019332
1933495138	3.0000000000000004
0141049871	5.0
0373778651	4.0
0307907317	2.1069958847736623
0812993969	3.613518197573657
0061974072	5.000000000000001
0151013721	3.0
0545314801	5.0
0345530268	2.0
0062202235	4.675703858185611
0071383832	5.0
147780868X	4.0
1620405032	3.0000000000000004
0307907333	3.632258064516129
1555976026	1.0
1612181422	4.4935064935064934
1475071930	4.0
1477807365	3.604810996563574
0310712548	3.5381526104417675
0062211196	5.0
0399159304	4.0
1433681919	4.279017857142858
1250043999	5.0
0373775571	4.0
0062216880	4.0
0763647926	3.0000000000000004
1250039029	5.0
0345505336	5.0
0345521307	3.5921450151057406
0984675108	3.0000000000000004
0310720184	1.0
0545552702	5.0
0805089799	2.0
006227032X	4.0
0761453741	4.354591836734694
1439201633	1.0
0306821664	4.0
0375869638	4.999999999999999
0761462694	2.0661157024793386
0061710377	4.0
1612182763	2.0
0307245640	4.228070175438597
0312513755	2.0
006149416X	2.0
0505527472	3.0
1594486409	4.2063492063492065
0062190423	3.0
1612182739	4.0
0061851892	3.0
0060502452	5.0
1495437108	5.0
0307394999	1.6590257879656163
1593090544	3.0
0805088490	5.0
0761459022	4.1156626506024105
1623650348	2.0
1591799112	5.0
111809459X	3.548387096774194
142212584X	3.0000000000000004
0137047983	1.0
0062207938	2.0
0761453725	5.0
0446194204	5.0
030796650X	3.6054888507718696
0307886816	5.0
0778316815	4.0
0307717097	3.272727272727273
0307393674	4.448884758364312
0547959109	3.0
0385739567	4.138603140227396
0399157581	3.0
006149190X	4.0
0761461345	3.459459459459459
0515154075	4.0
030737937X	4.0
0307946924	3.463709677419355
0385351852	5.0
0345523997	3.5527272727272736
193236160X	4.0
1416905855	4.0
0553385461	4.0
1452123667	4.0
B00H12KYCE	5.0
0312625200	5.0
0062132520	3.0000000000000004
1454904461	5.0
0061351520	3.0
0399159347	4.033670033670033
1590783891	5.0
0679760806	5.0
0061003263	3.0
0312495412	5.0
1611090245	3.4715127701375246
0446582212	1.0
0062112902	4.793637145313843
0425262456	3.0000000000000004
0240817877	4.0
1416925457	3.0
1937715094	4.0
0307599493	5.0
0553386786	4.807943416757344
0195331079	4.0
1401341160	5.0
1476747237	2.605488850771869
0525944745	3.0
111847497X	4.0
1594486433	4.0
0307271064	3.0
081298241X	3.0
0062267582	4.358319604612849
1455554332	4.0
0061843407	4.550667714061273
0761462651	5.0
0385537255	3.0
0307889068	2.8384124734231038
1416949437	5.0
0761461329	4.0
0060882387	4.216899534264805
1442403152	5.0
067943822X	5.0
0307877094	3.3082287308228735
0310742307	5.0
054761084X	4.999999999999999
156512569X	3.0000000000000004
1416550402	4.0
0132823497	4.0
0345507940	4.032717474980754
1481746677	4.0
0375854517	2.0
0307934055	5.0
1565125681	5.0
1469227894	5.0
144235948X	2.496746203904555
0345520041	5.0
0385529651	5.0
0307599469	3.2217235188509883
0385737734	3.5
1611098181	4.0
1416912177	4.0
0007169914	5.0
B00ASN1YDQ	4.0
0761462627	4.0
0061924601	4.0
0373775555	4.0
0307271080	4.0
0062222694	5.0
0345532015	5.0
B008DRPY6W	4.0
0307718387	4.566037735849057
0547760620	4.5668549905838045
0310716020	5.0
1477808604	5.0
006219965X	2.0
0547868715	3.0
0399159312	5.0
0140368140	5.0
0340920246	4.0
0758281161	5.0
0544158903	2.458156028368794
0062103172	4.0
0061946869	2.0
1401341179	4.0
0307962105	3.329512893982808
148051652X	3.0
0307958086	3.0
B00422LMVS	1.0
0761457259	3.506493506493506
1118067835	5.0
084873274X	4.0
B005H4V4M2	3.0
0857385178	3.796267496111975
0778314200	3.5617977528089884
1469227878	4.0
085720730X	3.0
159448645X	3.5313807531380754
0312614594	4.0
0345545354	4.0
1416908099	2.0
161218149X	2.5779954785229835
006225734X	1.988538681948424
1611090202	3.5990990990990994
1439171106	4.0
0446409480	5.0
0385525249	4.0
0425192970	5.0
0062200461	3.0
0470570970	4.0
1616952431	4.0
161218586X	3.0000000000000004
0812993144	4.0060396893874035
0778315541	3.6929133858267713
1594486476	2.0
1612185878	4.0
0744556791	5.0
0312370830	3.0000000000000004
1594485151	4.0
0399158049	5.0
1400042690	2.0
1603209573	1.0
0062106260	3.156148340923878
0670021067	5.0
0778314227	3.0
1401941672	5.0
0770436404	5.0
0385531931	3.0000000000000004
0985739401	3.0
1594486492	2.0
0312625219	5.0
1595545042	3.0000000000000004
0451233344	2.0
1561487732	5.0
1933495189	4.0
0857685813	3.0000000000000004
1118341082	4.0
0061773964	4.568480300187617
1250021707	2.0
0345524438	4.068027210884353
0062014552	2.9999999999999996
077831555X	3.5617977528089884
1477808647	2.0
0689859848	4.5102040816326525
0545255198	5.0
031609983X	4.0
054777396X	3.0000000000000004
0778314235	4.0
0770437729	4.221247563352827
0375971424	5.0
1250037271	2.0
1595545034	3.210977701543739
0062213784	3.0
1902602684	4.0
0451225740	4.0
1590770579	5.0
1577316045	4.0
0544105508	5.0
1118013859	5.0
158017129X	4.0
0807050520	4.3537234042553195
0316067369	2.0476190476190474
1476725179	4.0
1118181395	5.0
0547738501	4.0
0312599102	3.971973094170403
1611099455	3.350696991929567
0547859058	5.0
0571239498	5.0
0312576463	5.0
0240817117	4.0
1590516400	5.0
1416541527	3.938704028021016
1612184456	3.5684803001876175
0345535243	4.4945054945054945
0345504968	4.23859649122807
1596910429	4.0
1401939295	2.7099236641221376
1453254951	2.9999999999999996
1607885247	4.0
0062048651	4.0
0061456527	5.0
0312876513	4.0
0385538618	2.0
0142196991	5.0
1594488223	4.764921946740129
006202468X	4.0
1596141107	5.0
0761459774	4.0
1250018196	3.416133162612036
034552893X	4.999999999999999
1565125622	1.0
1615190635	4.0
0385743459	3.6510948905109495
0061244082	4.0
1439152802	5.0
0373210876	3.0
1433530252	3.987341772151899
0778328791	3.0
0679009647	4.637729549248748
061868588X	5.0
0778315479	5.0
0062103105	4.462973121228744
0671739735	2.0
1584799579	5.0
0547315937	4.0
0440228352	5.0
1439193312	5.0
141694804X	4.0
0553382241	3.0
1611098114	4.438202247191011
140007309X	4.0
0345528972	4.0
0761455388	4.717029449423816
0307591352	3.8164665523156085
1615190643	3.0
0062113372	5.0
0451205154	3.0
060980796X	2.0
0062201808	2.6715758468335786
034537410X	5.000000000000001
140006984X	4.500927643784786
0544114442	4.0
1118497821	1.0
1400069858	4.0
0890515476	3.0
030758903X	5.0
0385534280	3.595460614152203
0545258979	5.0
0983520801	5.0
0061958034	4.0
0385343329	3.0
1401942024	3.912403100775193
0778326152	4.589430894308943
0553593617	4.0
0743575318	3.0
0976981300	5.0
0062289861	4.784090909090909
0385535562	4.052631578947368
1558322035	4.0
0312622007	5.000000000000001
0062000675	2.0
1592557457	4.0
1590514661	5.0
1400067243	5.0
158008253X	5.0
0345523288	4.0
0345501896	3.0000000000000004
0988663317	5.0
0307716546	3.9144893111638956
1585361763	3.0000000000000004
0375725776	3.0000000000000004
0061252514	5.0
1595554726	4.0
1440526583	4.0
0151014027	3.84351145038168
0985115602	4.0
0316254770	4.074172185430464
0849947391	4.0
037321085X	4.0
0615261655	3.0
0385343337	3.0
1594204748	4.0
0385535546	5.0
1594488258	4.0
0060853972	5.0
1937007588	3.0
1416989412	1.0
055338483X	5.0
0137052642	5.0
0307886034	4.455328310010764
1612183174	4.0
0062024655	3.0180995475113117
0802119999	2.0
0307273601	5.0
0553593625	4.0
0804164851	3.4677887405687753
1565122550	4.094977623073099
0240811844	4.0
B00E4WYTY8	2.0
0316710628	2.0
1605292796	4.0
0385527934	3.0000000000000004
0310292131	5.0
1615190678	5.0
024081181X	4.0
1455523305	4.0
0670024856	4.999999999999999
0486467759	4.0
1933622741	5.0
0062073680	5.0
0312600682	3.0
0061808148	3.0
1416936017	2.6814449917898195
006180813X	3.0
0778314189	3.0
1440531943	2.0
0123756979	5.0
0061708704	5.0
0446409502	1.0
0316182540	5.0
0375863427	4.0
0061628344	5.000000000000001
0451231449	1.0
0307717895	3.6201298701298694
0446695793	2.0
1856176983	4.0
1616951966	4.322916666666667
0812984250	4.0
1594631816	3.0
0062255657	3.0000000000000004
0142428949	3.0650095602294454
0738715271	3.0
0307460185	5.0
0761455345	3.619915848527349
0804138567	4.054054054054054
0061704350	5.0
045146379X	4.0
0553806882	4.0
1416544623	4.0
1401341810	4.0
0805099921	2.509977827050998
0385743491	3.710554951033733
0786888164	1.0
0061728306	3.0000000000000004
0545210127	5.0
1605290114	5.0
1416585141	2.0
0985288809	5.0
0312358342	5.0
1400068568	3.9424083769633507
0143037390	5.0
0545215811	5.000000000000001
075821720X	5.0
1442422475	4.0
1416975608	4.0
0373892268	3.515974440894569
0316013587	3.0
030797071X	4.0
1451656327	5.0
0373892276	3.0000000000000004
1452110220	5.0
1442433132	5.0
0399242074	5.0
0547985584	4.0
0061238260	3.0000000000000004
145167726X	4.0
0062041193	2.0
1455547387	3.8726042841037205
0399158812	5.0
1118490320	5.000000000000001
0778329216	5.0
0544022637	5.0
0385524854	3.0
0061128856	5.0
0385742991	3.6264044943820224
0062073699	5.0
1107609178	2.0
1451618069	5.0
0857201360	5.0
0399162070	4.0
0849922070	1.0
0312944373	2.0
0385342047	2.983050847457627
0544108620	3.0
0345805054	4.0
0425230074	2.0
0762791810	3.0000000000000004
1452110212	5.000000000000001
1569479755	2.0
0062024612	2.0
0061002860	5.0
1440531951	2.5625
0143119133	4.562616822429907
1616200545	5.0
044024577X	4.0
1250002672	2.3333333333333335
1482743337	5.0
0399155767	5.0
0345529413	5.0
0778329240	5.0
0876042159	5.0
1413317626	5.0
0789748355	1.0
0061345660	5.0
0385342020	5.0
0609807900	5.0
1442303093	5.0
0553381792	4.0
0307888622	3.7137203166226915
1603585206	3.0
1452109222	4.0
0307730808	4.0
1611098998	4.0
1416971270	5.0
0761455302	3.8819875776397517
0578012456	5.0
0307277186	3.9387755102040813
0373892233	3.1824324324324325
0007506236	2.5766283524904217
1613751931	3.0
1612183190	4.0
1250026628	3.0000000000000004
015101048X	5.0
0448401231	5.0
0307716511	3.5532359081419624
0310318467	1.0
0307700127	4.0
1582701814	4.0
B00GH33K9C	2.0
1478258047	5.0
1250013305	2.0
0399157522	5.0
1571744290	4.0
0060530383	2.0
141697430X	4.0
0761457933	4.0
0802405800	4.0
006232344X	4.0
031071673X	5.0
1469283174	4.431519699812383
0547615655	4.0
0547985541	4.636942675159236
0143058266	1.0
1250001315	5.0
0974070521	4.0
1400204755	2.9999999999999996
0375868275	4.0
1602860823	4.0
0547133049	3.0
0307700119	4.0
0152063900	2.0
0761457941	5.0
1451699425	5.0
1595544518	3.0000000000000004
0312571666	5.0
B00KUAN3V8	5.0
0062220969	2.0
1416590587	4.0
0385740360	4.0
1616951907	2.502183406113537
1400004454	5.0
0062294377	2.4115781126090408
0373777469	1.0
0761457917	5.0
0385333102	2.0
0425259706	4.0
1400316138	5.0
0765326736	5.0
0385342063	4.4167725540025415
0765333023	3.3687190375088467
0373892292	4.0
0470601604	4.0
0345522818	3.8041958041958037
B00K9ODF5E	5.0
1611098947	2.0
1935562215	5.0
0307362566	3.5505882352941183
0672333325	4.0
034554241X	2.8293963254593177
1611098955	4.458752515090543
1440318271	4.0
0385335776	2.3295128939828085
0374105677	4.08
1433801302	4.0
1577345258	1.0
0373803257	2.506329113924051
1467710679	5.0
0761461191	4.0
1401938809	3.1852986217457886
0385346433	3.5668276972624797
0547985576	3.177777777777778
1400069017	2.9935205183585314
0373892284	5.0
0807033154	4.0
1416556680	5.0
0399158820	5.0
1410419592	4.0
0761453571	4.0
0446528056	3.0
0061128821	3.6350777934936347
0439856248	5.0
0672335972	4.0
0812971825	3.0000000000000004
0307209865	5.0
080703276X	4.0
1476709009	5.0
0393061434	5.0
0375846832	5.0
0143123238	5.0
0143186817	4.0
0142300047	5.0
1400074304	4.372395833333333
0451237692	4.0
1597775940	4.0
0399158774	2.0
B00GXVJVMS	5.0
0547330790	4.658013544018059
0312650116	5.0
0312150601	3.0000000000000004
0758212453	4.0
0451224388	3.0
0373777434	2.0
0761452338	4.421052631578948
0062249894	3.3375
1451661770	5.0
037377740X	4.0
0470949546	5.000000000000001
0758232055	4.0
0778326918	3.3749999999999996
0778314936	4.143840856924253
1401310710	4.0
0761453660	4.0
0375866450	3.0
0061962163	5.0
0470423544	4.3981337480559874
1440554579	4.5027870680044595
0785227601	4.0
0062285505	4.248908296943232
1451655096	2.2922185430463577
0547595530	4.0
1434767086	4.0
0307743292	4.0
1426211651	5.0
0805092439	3.9819004524886874
1477816399	4.504566210045662
0871014041	4.0
0307474712	5.0
1612183905	5.0
042525674X	4.0
0312385188	5.0
0345803280	2.6621525302922313
0375842454	3.0
1616952342	4.0
0143124544	5.0
0312595689	2.931034482758621
0761452303	5.0
1603425381	5.0
0373777450	5.0
0310331374	5.0
1616492082	4.170920340293891
0007519532	4.0
0062313169	4.0
1439153213	3.4261363636363638
0547985525	5.0
0778314952	4.569444444444445
1595553371	5.0
0515144592	2.0
0385338724	4.0
141698013X	3.0
0061989207	3.0
1451635486	5.0
0307393755	4.0
0765318261	4.0
0240821149	4.0
0062237896	2.9999999999999996
1413313329	5.0
0761461264	4.0
0099525895	3.5684803001876175
1118360354	5.0
1450432077	5.0
1416948848	2.9999999999999996
0547858647	3.0
0762438819	5.0
1441878173	5.0
0062202359	3.69051094890511
1597775908	4.0
0061875724	4.0
0375858857	5.0
1612183964	5.0
0062065114	5.0
0743270487	3.5381097560975614
1476741182	3.0
0804136823	3.598148148148148
0758269307	5.0
0061710245	3.69757174392936
1455507202	5.0
1401235077	4.0
0316341517	1.0
140168551X	3.4588235294117644
1594205280	3.711568938193344
0312595697	3.456499488229273
0761453628	3.9500640204865554
0778314979	3.079056865464633
076145361X	4.0
0345530373	4.0
0060760915	1.0
1595547509	4.0
0230769152	5.0
1848190166	2.9999999999999996
0802120059	4.193653376729047
0312674996	5.0
0761461248	4.219966159052453
0758232047	4.0
034553039X	5.0
1611091470	2.475609756097561
1606840312	5.0
0061362956	3.0000000000000004
0802120040	4.0
1594486522	4.825625473843821
1416964053	4.406060606060606
0143124501	5.0
1404187804	1.0
1932470638	5.0
0307744566	4.0
0373892322	5.0
0385532504	3.0000000000000004
0316036129	4.033057851239669
0375423508	4.0
0595440096	4.999999999999999
B00IB34E3C	5.0
0385349408	3.4914481185860886
0765332574	2.0
0133249263	4.0
0307955982	3.0000000000000004
0061624780	4.0
0804139091	5.000000000000001
0152063846	4.0
0345805038	3.540588235294118
1476709017	4.0
0802120032	5.0
1934433683	4.0
0062201050	4.2205542725173215
1453297944	4.204331450094163
1741797357	4.0
0679426310	4.0
0307480585	5.0
006000777X	4.0
034552277X	4.0
144243614X	4.25
0765332582	4.0
0062213024	2.163538873994638
0758246676	4.0
0805093702	3.0
0061624772	1.0
0061576638	3.078101071975498
006157662X	4.0
0307700968	4.0
0898218462	4.999999999999999
0761451870	5.0
1416550518	4.54
1741799961	4.0
0452281784	5.0
1416549528	4.0
054723760X	5.0
0804136866	3.6959619952494065
1611098092	4.0
0980382807	4.0
0399159223	4.0
1595552901	4.0
052595113X	3.566854990583805
081297719X	5.0
1608195228	3.587866108786611
1565129938	3.4715127701375246
0137020163	3.0
0399160213	2.7830334190231367
0544002229	4.0
0062103083	5.0
1611091454	2.0
1477808701	3.0
031032551X	4.0
0062026488	5.0
1612131093	5.0
0399159215	3.0
0307976815	4.195575221238938
054402883X	3.0000000000000004
0547738463	4.0
0151014078	3.0000000000000004
0446550736	4.0
0446582344	4.596571428571429
0312659334	5.0
1416982701	4.0
146500632X	5.000000000000001
156947494X	5.0
1439150109	2.0
0553386697	4.503282275711159
1741797322	2.9999999999999996
0143145444	2.5702746365105007
0596801998	3.0000000000000004
0240816641	4.0
0307407993	5.0
1442420626	3.8717948717948723
0547970439	5.0
0778328708	1.0
0062071858	4.0
1477816348	4.0
0061576603	4.0
1611091438	3.0
0544176677	5.0
1616951885	2.0
1439101124	4.0
0547970447	4.0
0789742268	4.0
1594746125	4.0
0062027794	4.0
1440557675	4.0
0307464504	4.0
075827341X	5.0
1439110077	5.0
0758273428	5.0
1455507210	4.0
0547875126	4.0
0374380864	4.0
B0052UYJDC	5.0
1118067789	5.0
0312610041	3.0000000000000004
0373776993	2.0
0307959473	1.0
0062268120	5.0
0670026611	5.0
0547144628	4.0
1616952326	3.0
1742201385	5.0
0307272222	3.3727714748784443
0761451838	4.644122383252817
1592333907	3.0000000000000004
0385737637	5.0
1611098041	3.51775956284153
0553386638	2.771739130434783
1413312829	3.0
0812984307	4.725229826353422
0547678312	4.0
042527148X	4.0
0380633132	5.0
0761457143	4.0
080417914X	4.0
1469237318	2.7492836676217767
0812982592	5.0
0547571593	5.0
0062279661	4.0
0545026202	5.0
0007182155	4.0
0062187546	4.325478645066274
1479336009	2.0
0451223896	4.0
0439049989	5.0
1602862567	3.0000000000000004
0307273563	5.000000000000001
B005UDIA4U	5.0
1440536775	3.1256157635467985
0812532988	5.0
0385537328	4.0
0811867676	3.753623188405797
0547859082	4.0
0062307304	3.5862068965517238
096092261X	5.0
1612181392	4.0
1611099390	4.497816593886463
0060757353	5.0
0061351423	2.0
0979175038	4.0
0802119913	2.9523809523809526
1416542949	4.0
0804136890	5.0
0393068021	4.0
1565129903	3.0
0740779656	4.0
1477816356	5.0
1455512613	4.0
0062094505	2.0
0547595549	4.0
1480435627	5.0
0803228104	4.0
1934588032	5.0
1416989390	4.0
0307273571	5.0
0778314103	3.5668276972624797
0984657401	4.0
0385536038	3.9891540130151846
0007446977	4.0
0448089017	4.0
0062237845	4.010744234800839
077832740X	3.1659681475272428
1439113157	3.9725036179450077
1892112000	1.0
1477816380	4.0
0805242872	3.0
0062228919	2.536290322580645
1250007518	5.0
1477849270	5.0
0545040523	4.0
0062280678	2.9940029985007492
0758281005	4.493562231759656
0143115626	5.0
1477807438	3.0
0761457127	4.63813500347947
1612184405	4.0
1416542965	3.0000000000000004
1742208800	3.0000000000000004
0812993241	4.128449573507275
0195379799	4.0
B00BEK6EJQ	5.0
161145025X	5.0
B00FEAUWHM	5.0
1250049377	5.0
1620151820	1.0
1594488320	3.0
0345545486	4.0
0307360814	5.0
0807044717	3.343617021276596
0345528921	4.408163265306122
0786019298	5.0
031253275X	1.0
1416928332	5.0
1118083601	5.0
0310731828	2.9428571428571435
0060726652	3.0000000000000004
111856264X	4.168173598553345
1416967931	5.0
006145205X	5.0
007183902X	4.0
0345540700	4.039175257731959
0345534034	4.227963525835866
0324422695	5.0
1603582673	3.2743538767395632
0312600534	4.0
1469210711	3.0000000000000004
0132761610	5.0
0684815273	3.0
0312360312	4.0
0312359322	4.090909090909091
1416954619	5.0
1594488339	4.0
1451657706	5.0
0374343969	4.0
1250021480	4.0
0761459650	3.963768115942029
0764207474	2.0
0446534420	1.0
0446694339	1.0
0061582573	4.999999999999999
1416583025	5.0
0062105655	4.41628959276018
0805097201	4.0
014144133X	4.0
1608190161	3.0
0812469674	4.0
1416575405	1.0
1932841385	3.0
143912468X	3.0000000000000004
0763662585	5.000000000000001
0312622791	4.0
0761459618	4.6060606060606055
1118414756	2.9999999999999996
0451237900	5.0
0151006725	5.0
0307596915	3.1511035653650254
0061995568	4.0
1441850457	4.0
0812973224	4.5668549905838045
1118604172	5.0
0375409289	3.237113402061855
0544114310	3.8630393996247654
1620401207	4.269953051643193
080509413X	4.492204899777283
0316078395	2.0
1612184790	4.0
0399148027	4.0
0061493856	4.0
0151014329	4.0
1118410386	5.0
1602862222	3.0
1934030961	3.4609218436873745
1938170156	4.247096092925026
1401340806	4.0
0385538758	3.0
0062048503	4.0
0761455272	3.4922048997772825
0062291408	2.4553119730185498
0062049836	3.0
0425269256	4.0
1400316057	5.0
0385537433	3.2641228939544105
160774502X	4.0
0385618506	2.985428051001821
1608190145	2.0
0307275728	5.0
0679737383	5.0
0374533326	2.4721345951629865
0307879852	4.0
0743597222	5.0
0061688983	4.0
0240812816	5.0
0789749394	4.0
0345514459	4.0
1742208185	3.0
0812994191	5.0
1451649282	4.0
1401310192	3.463709677419355
0857680862	5.0
0307379930	1.6779661016949154
0425223043	4.0
0307717755	2.0
1477816402	4.769707705934455
0802117449	5.0
1400069548	4.685207100591716
1586421840	3.0000000000000004
0470623330	4.490022172949002
0061962643	5.0
1484049004	5.0
0061375381	2.0
0972121102	5.0
1594487049	3.4922048997772825
076145523X	4.251919050942079
0761455248	5.0
1571745890	3.0
0544087089	5.0
1401340822	5.0
1439158878	5.000000000000001
0316228117	3.880921895006402
0307596907	3.60234375
1414353073	5.0
0062077902	3.0000000000000004
078973608X	5.0
0544003403	5.0
0307454894	4.0
0312383886	4.605488850771869
0758229550	5.0
1569245584	5.0
1599903717	4.0
B00FFSE9AY	5.0
1439109060	4.0
0316069485	3.0000000000000004
1401931227	2.486081370449679
1741047021	5.0
077832821X	2.9746835443037978
1594488398	4.518097207859358
0553385607	4.559845559845559
0061923036	3.0
0739458213	5.0
1439136637	5.0
1586421867	2.625254582484725
174321734X	5.0
1933241438	4.0
0345534093	3.4381778741865516
030727263X	3.0
0307888789	4.329089128305583
0547516177	5.0
0062072226	4.999999999999999
160819938X	1.528688524590164
1594868816	5.0
0547763417	4.0
1250008468	2.7178329571106095
0763665665	5.0
0979175097	5.0
0061766119	5.0
161218653X	3.057591623036649
0761456554	4.528925619834711
0761163808	5.0
1742200249	4.0
0547504195	4.0
0316217492	4.0
1439123330	4.0
014312417X	5.0
0547848013	5.000000000000001
0761456562	4.271803556308213
0312348665	4.0
160819275X	4.0
0812977610	3.0
0736926240	3.0
0399162364	3.0000000000000004
0307958345	5.0
020161622X	5.0
1936976021	4.0
1477816410	5.0
0345526481	5.0
0062084232	4.0
1401943276	5.000000000000001
1477800891	1.0
0385348932	5.000000000000001
1401340873	5.0
0307886107	5.000000000000001
1439158843	4.0
0062073575	5.0
0399166793	4.343251859723698
0345333551	5.000000000000001
1118846087	4.0
B00HB9K71K	5.0
076145652X	3.7333333333333343
1615190902	4.0
024081150X	5.0
0345539788	4.496760259179266
006230268X	5.0
1742202845	3.0
1421410966	4.0
0684857987	1.0
0307269876	4.2151658767772515
0061003832	5.0
0767930568	2.0
076793055X	2.0
1440528438	4.0
0804137145	3.0
0062073583	5.0
0307977463	3.0
1936493411	4.0
1742208150	5.0
1615190910	3.0000000000000004
1611098866	2.78125
0385376154	5.0
0758283911	5.0
1439107238	4.0
0310439078	2.9999999999999996
0143170090	3.0
0547763441	4.0
0761456503	3.2550790067720086
0307269868	3.980044345898005
1452112746	5.0
0544114396	4.309356408869659
0805096728	5.0
0307381366	3.0000000000000004
0312599099	4.0
0306822725	3.5418439716312053
1936493446	4.0
0767930576	5.0
1416558934	3.956164383561644
0316066346	5.0
037572382X	4.340236686390533
0062231707	2.0
1611098874	2.0
0061984035	4.0
0151012547	3.0000000000000004
0743202643	5.0
0810152002	4.0
0062064657	4.0
1477498613	1.0
B00COVGG9W	5.0
0345496973	3.0
147674355X	5.0
0743267117	4.0
1580893309	5.0
0525949739	5.0
1595551107	5.0
0547556225	5.0
1400320941	5.0
076145344X	4.536687631027253
0062117602	3.4203465623253217
0446509418	2.0
1937715205	2.0
0307700003	4.0
0062105620	4.6268081002892965
0762759704	4.0
0312374984	5.0
B0092XYEIK	4.0
0385666195	4.0
0805096701	2.0
1250034779	4.503209242618742
1476731527	5.0
0634062883	5.0
0385338708	1.0
0310277280	3.13882618510158
0307908038	4.14654113794515
144236761X	3.0
0761119752	5.0
0761461094	4.708095781071836
0385348991	1.0
0434020362	5.0
0618721940	2.0
0375412816	2.0
1250012570	5.0
0062262009	5.0
006228553X	3.6282107096212446
1569479836	4.0
0307887405	2.0
1593856121	5.0
0451418867	4.0
0425221253	2.0
0847841499	4.0
0143186434	4.999999999999999
0595099017	1.0
1466429453	5.0
0761462392	5.0
0547763484	4.4596050269299825
1118725794	4.0
0312610769	4.155131264916467
0240818180	5.0
0132876590	4.0
1416941320	5.0
1620610655	4.0
0761462384	4.525691699604743
0743225325	4.0
0544114353	5.0
1477810285	3.8651685393258424
0199922667	4.0
0307908054	2.490153172866521
1611098831	3.0
0062293192	5.0
034551095X	4.479392624728851
0740781022	5.0
0547995482	4.0
0399156526	5.0
0312609787	3.0
067002077X	2.0
0393067947	1.0
1250013879	3.704996989765202
0385536933	3.4146341463414633
0739353993	3.0000000000000004
1433680459	4.146916565900847
1442344989	5.0
073932506X	5.0
061885990X	2.0
1455831735	1.592857142857143
0062209841	3.891934633632051
0865478619	5.0
0385343280	3.7363813229571985
0892968079	5.0
006143857X	4.0
1938383044	5.0
1440309205	4.0
1612185290	2.0
0547519273	4.404539385847797
1250033470	5.0
0385742444	3.3623978201634883
159448354X	2.0
0345806654	3.3307317073170735
1250026385	3.48586118251928
0062297600	4.0
0761453539	3.314606741573033
0316176486	5.0
1466452773	4.0
0399155147	2.0
1616951397	4.004395604395604
0670020834	4.0
1466276169	5.0
0738709360	2.0
0060779632	4.666178623718887
B00HHTP3OA	4.0
0743249313	4.0
0802869858	5.0
1118407512	5.000000000000001
0316225851	4.0
0061905267	5.0
0143170104	5.0
0061923931	3.0000000000000004
1118439120	4.0
147780756X	4.0
0345507312	3.431519699812383
0345549074	2.0
1466452781	3.0
0151012601	5.0
0761457909	2.7768014059753954
0307744493	2.0
0307460681	5.0
1594205124	5.0
1611090091	3.2340425531914896
0547637241	4.54122621564482
006199605X	4.210977701543739
1573244627	3.0000000000000004
0156372088	3.0
0061689378	4.0
B00HN7K0O4	4.0
0062120395	3.0000000000000004
030790752X	2.8020833333333335
1611098815	1.0
1596916753	5.0
B004G60ASQ	5.0
0399157786	5.0
0804178526	3.475083056478405
0399156453	2.0
0132100568	5.0
0802144136	4.0
0763667358	3.041214750542299
1449427502	5.0
0761453512	4.359731543624162
0805242953	4.570274636510501
0761462465	2.615929203539823
0062236679	4.0
0385752725	4.516793066088841
0312643721	4.725536992840095
0307907546	2.9109311740890687
0805094946	4.0
0679450556	3.1369606003752346
0802170420	4.0
0373777574	3.871508379888269
1494285991	4.0
1107622778	4.0
0758259409	5.0
0778324621	3.0
0140386645	4.0
0373777558	4.0
0060283246	3.0000000000000004
0983374600	5.0
1468175564	4.0
1439164681	3.9668367346938775
0778313980	3.0
0312602391	5.0
0062132393	3.5573770491803276
0670016780	2.9999999999999996
0307576531	4.024872448979592
1451685815	4.522682445759368
0345542452	3.0
0761462473	4.055118110236221
0425263150	3.0
0399165398	5.0
0521849853	5.0
0385337329	5.0
0312609833	2.0
1591473837	3.0000000000000004
0312625081	3.0
0778313999	3.5668276972624797
1451636881	3.3848753696662444
0553386115	1.0
1455897213	5.0
0547868529	5.0
1597772992	4.0
1611800021	5.0
0439634695	5.0
0307459659	3.0
0061998699	4.0
1468300504	4.0
0142429112	5.0
0761461116	5.0
1250014360	5.0
0547868537	4.600532623169109
0778315703	4.0
155453092X	5.0
0373774486	2.0
1442429518	1.707182320441989
1118646770	5.0
006227189X	4.462809917355372
0547241631	2.0
0373837860	3.0
038573977X	5.000000000000001
0061782246	5.0
0061782238	4.0
0062218808	4.009734513274336
0142429104	2.0
1250018714	3.0
141699467X	4.0
030795479X	5.0
1455504289	3.0
0385359594	4.0
0340495294	3.0000000000000004
0578095351	4.0
0007245823	4.0
0307952142	2.4920863309352517
0143038907	3.0000000000000004
1594205191	3.0
0762442158	2.0
0199858446	3.0000000000000004
1402243456	5.0
1602861722	2.0
1603583904	5.0
0470444525	4.190921228304406
1612182976	4.605488850771869
0307986330	4.178607467204843
0399156496	4.0
0307379159	3.0000000000000004
0226182002	5.0
0312676603	1.0
1455124168	4.0
0761457089	4.763205828779599
0385337310	4.0
0062121693	2.3431524547803617
0679643753	3.0
0805094903	3.0
0449014460	5.0
0547236263	3.500927643784786
0545381827	5.0
0812014480	5.0
1439172269	3.0
1442497602	5.0
0763632643	3.8378378378378377
1451627939	3.98463687150838
039915647X	2.0
0062218832	4.0
0060780649	5.0
0307744434	3.132075471698113
0802120156	5.0
0761457097	4.498285714285714
1401939988	5.0
038535293X	3.0
0375870407	3.9867452135493378
1419693050	3.484496124031008
144055773X	4.0
1400025079	4.0
0679643745	4.079318013343218
006200980X	4.0
0439783100	5.0
0307720454	5.0
0778314405	4.0
1416979883	3.0
077831572X	5.0
B00K52OVLM	5.0
0765321742	3.0
034544230X	4.0
0307473120	5.0
0143115340	5.0
1439138311	4.463709677419355
1400062039	5.0
077832334X	2.0
0547576722	5.0
0062110969	3.0
1597801259	4.0
0061735051	2.5706214689265536
1477808825	2.0
142141015X	2.655172413793104
1477816429	4.674521354933726
0061740403	3.0
1495209253	5.0
1118615689	4.0
1594202923	4.554263565891473
0547069677	5.0
0345546881	4.0
0374289158	3.0
0399158243	5.0
0985954019	5.0
0547877447	4.536687631027253
0061373559	4.0
0062107313	3.06046511627907
0307949338	5.0
1439140634	3.9189189189189184
1455599492	3.5536547433903567
0241952557	2.0
0385537492	3.0
1477816437	5.0
1477808817	5.0
1433521903	5.0
0425228762	4.0
B009R561HA	2.67953667953668
0385362307	3.0000000000000004
1400067707	4.0
1594746494	4.0
0307719480	3.281456953642384
0761457038	4.7860199714693294
0061655961	3.0000000000000004
1595545239	4.0
1401930735	4.022857142857143
0385340990	4.6526772793053555
1477816461	4.654761904761905
0307712842	4.0
0544003454	4.161870503597122
0761457046	4.448990435706695
1617766305	5.000000000000001
0321719808	5.0
1616891262	3.3117647058823527
1433528525	2.9087837837837838
052525563X	4.0
0679643710	5.0
0470189142	4.0
0062070401	5.0
0385338686	5.0
1250029465	5.0
0060855894	3.0
0061340634	4.0
0547222475	5.0
1569246009	3.0
0470916583	4.0
0375864571	5.0
1594746486	5.0
0544003470	4.0
1611099285	4.0
0312369670	4.4197292069632494
0307951634	4.451020408163266
0595229751	4.0
0307408973	5.0
0544003462	3.463709677419355
0761458387	3.0
1400202086	5.0
0062246879	4.999999999999999
0385536186	3.8667496886674964
1416961763	4.0
000755947X	3.513918629550321
0553096524	4.0
1477816453	5.0
0545035287	2.0
1620403013	2.0
1469204991	3.0
0679439382	2.0
0062248634	3.146004480955937
0375868941	5.0
0062271814	3.638583638583639
0060280107	1.0
0761451714	3.0
0545106052	5.000000000000001
1480142484	5.0
0385537468	3.836569579288026
1118611284	2.0
0062071750	4.844559585492228
1400066433	5.0
1612184774	4.0
0062015664	5.0
111848584X	3.0
1742200184	4.644122383252817
147781647X	4.518987341772151
031234872X	4.0
1477816488	5.0
0805091815	4.121081081081082
0007269854	4.0
B00FGK6P80	5.0
0689833458	4.0
147784807X	3.0
B005FWPMR4	5.0
1442362855	5.0
0307272591	4.0
1250005493	3.990835030549898
0312429711	4.0
184668739X	5.0
1455512737	3.8270106221547806
0312343035	1.0
1612184782	3.0
0307382729	5.0
0385536127	4.0
1476738963	4.269953051643193
0553269216	3.0
1740592913	5.0
1585360023	5.0
1250041988	4.0
080211699X	3.0000000000000004
193290736X	4.0
0763654043	2.0
0547352204	3.7997997997998003
0385341407	4.0
0399152970	4.0
0761458328	4.543973941368078
0756613647	5.0
0446533068	5.0
0761457003	5.0
0307352072	3.0000000000000004
0195300580	5.0
1426212674	5.0
0525951202	3.0000000000000004
0061999164	2.0
0547942079	3.33457249070632
0470546646	2.0
038553082X	4.999999999999999
0778314472	4.467320261437908
0812984897	5.0
1596636092	5.0
0062048554	4.0
1451616422	4.7537473233404715
1416959408	5.0
1477807551	1.0
0345522028	4.1679104477611935
1594488444	3.0
0316010707	4.0
0385537476	4.267404033832141
0761457011	5.0
1594487111	5.0
B00JG0Y8ZS	3.0000000000000004
037586895X	3.9844097995545655
1451649312	3.688346883468834
1580052649	2.0
0446584622	4.176941553242594
0769643302	4.0
0547942087	4.490022172949002
0307382702	5.0
0399160582	3.0000000000000004
1118407504	4.0
006224860X	3.9111894838089123
0224098101	3.577777777777777
0739344307	3.0
0805087745	4.0
1553379594	5.0
0373210655	4.0
019932610X	5.0
0062279858	4.0
161218202X	3.4618902439024395
0312278586	3.0000000000000004
0671040774	4.0
0385342675	3.58512835644733
1594488452	4.2256371814092955
B00K2GUFE8	3.0
1597775398	2.0
B00CBZB62I	4.0
0770437125	4.237458193979933
1590513134	5.0
1400069629	3.146039603960396
0307984737	4.728571428571429
1401324665	4.5590106007067135
0989267229	4.0
1612183360	4.0
1118341384	3.0
0316069310	5.0
0590129988	5.0
0061143391	5.0
0547006950	5.0
1446302318	5.0
0312968523	2.0
0062049739	5.0
0373778198	4.561797752808988
0062246933	5.0
0062279874	3.4967880085653102
1423170997	4.744952178533476
1426753241	4.0
0132357798	3.0
0307716333	4.0
1451685033	3.4975124378109452
0316204269	4.493562231759656
0061245178	5.000000000000001
1604991801	5.0
0761456465	4.600570613409415
0373210639	4.679245283018868
1416950125	4.520833333333333
0307378705	2.0
0547490801	4.0
0807580953	3.0000000000000004
0061950726	4.700130378096481
0525478493	5.0
044617954X	5.0
0312348754	4.0
0553381156	5.0
0385742371	2.0
1401921736	5.0
1933241519	3.0000000000000004
0974319902	2.0
159051310X	4.0
0060393491	4.0
1451645821	5.0
0399531653	4.0
0151014205	3.0000000000000004
1433531356	1.0
0312658656	4.0
1476726299	4.0
0470519762	4.0
1402778627	5.0
0307984761	4.7199533255542585
0385340001	2.0
0307729656	3.0
0743254562	3.0
0761456481	4.1211072664359865
0547745001	4.428918590522478
0761459510	4.659144334743771
0448428539	5.0
0547734360	4.089046493301813
006213051X	3.4770318021201416
1627740066	3.0
1455512877	3.0
0547763506	3.4876404494382025
0061143367	2.0
1616284870	4.0
1477816518	5.0
0451418905	4.157198443579767
0345527895	5.0
0425232042	3.0
0767921763	4.0
0061706302	4.566037735849057
0307378721	2.0
0345538552	3.1102823654768246
0805095330	3.0
0240818245	3.0
1401945767	2.5420560747663554
1612182070	3.5297202797202796
0307718964	4.330608537693006
0375872132	4.0
1936493586	4.0
0385392907	4.161904761904762
0761461809	5.0
0307361047	4.6272
0380486032	5.0
081186782X	4.0
1477805877	3.0
0761456457	4.861995753715498
0789410753	5.0
0307444732	2.0
1477848126	5.0
0061878200	5.0
0778329429	4.0
1741047145	2.9999999999999996
0761149619	5.0
1612182089	2.9999999999999996
0449012751	5.0
0312369689	4.0
0761455132	1.0
1477805869	5.0
030758836X	4.896209386281589
0765326574	4.0
0312360401	4.0
0375849726	4.0030769230769225
1611097452	2.0
1118205669	5.0
0312647972	4.0
B004LLIGNM	2.0
0307378748	5.0
0385537522	5.0
0062207393	3.935560859188544
0080971148	2.9999999999999996
0061215325	4.0296495956873315
1416939776	5.0
0763660094	2.764512595837897
0061994316	4.080630213160333
1416586245	4.490022172949002
0307951820	2.7489971346704873
0778316130	4.721448467966574
0310440130	4.0
0528355287	4.0
1416934081	2.0
0547427522	4.0
1572243635	2.9999999999999996
0099528274	4.0
015101423X	4.5668549905838045
0740784811	4.0
1118484711	4.0
0062267884	5.0
0385517920	5.0
0061284769	2.0
1475248911	3.0
0547910681	5.0
0312667574	4.0
1612183395	4.0
1558324003	4.0
1451628471	4.0
0062233653	4.320754716981132
0062292811	2.6122448979591835
0448448165	5.0
1433530074	5.0
0345540875	3.9051339285714284
0062004808	4.0
1442420499	5.0
1620400049	5.0
147506649X	1.0
1552854558	4.0
1599951533	4.0
1118546458	5.0
0062276743	4.0
0399157727	4.095300261096606
1936850168	3.0
0545298393	4.0
0547496966	2.0
1401943152	3.0
0761456406	5.0
B0060M8GYY	4.0
0547248199	5.0
1463606656	4.0
1596732601	4.0
0805096620	3.3235065942591153
1494470578	5.0
0307268438	4.0
0452295386	1.0
1439193975	5.0
1422168166	5.0
0307379175	4.0
0141196041	3.0000000000000004
0345542606	2.6272285251215557
0385740573	5.0
0399157719	5.0
0385352093	4.0
B009LNKEN0	5.000000000000001
0385509480	2.0
0062305840	3.2723857232310576
0758278454	5.0
1433681846	4.0574456218628
0394494768	4.0
0761456414	5.0
0802121624	3.800863464651915
0316024481	5.0
1250010071	5.0
1433671697	4.444131455399061
0062059939	4.0
1416586253	2.991379310344828
0811867803	3.0
0062011995	5.0
1476733414	3.9345189975747776
0399157700	3.0
0975258923	4.0
0470644982	5.000000000000001
0778316165	2.0
0545055873	5.0
1477848932	3.582619339045287
0385535783	3.9337016574585637
0671785036	2.0
0062283057	2.290322580645161
0385529090	4.0
1558326693	4.0
1250010063	3.4466834592779176
080509489X	2.512931034482759
0882849948	5.0
0345530632	4.0
0446531413	2.0
006227676X	4.999999999999999
0385336829	2.0
0470903961	4.0
0307596885	4.0
1250014409	5.0
0062284398	4.002890173410405
4774307599	4.0
0385535775	3.2057667103538656
1554531403	5.0
1454702486	3.6617210682492582
0307956644	3.0000000000000004
0230014801	5.0
077832947X	4.0
006172372X	4.0
038574059X	4.0
0345527011	3.7557632398753893
0307959732	3.6787709497206706
0061986747	5.0
1909193313	5.0
0307960722	4.387912087912088
0240823672	4.0
0670021962	5.0
1933615990	3.9709172259507826
0307596850	2.6151012891344387
1476764581	3.0
0062088513	3.0000000000000004
1477848991	4.0
1416538704	3.0
0345436598	5.0
0307243176	4.0
077043715X	2.9999999999999996
1481917463	1.0
1933615982	4.70625798212005
0143118498	3.7850799289520425
1250003733	3.0000000000000004
0062085492	4.08553100498931
0761454675	5.0
1561488003	5.0
1133282822	3.0
0399157751	5.0
0765327813	3.0
0307594203	5.0
1612182925	3.0
1558324070	5.0
111802740X	4.0
0307596869	3.6591332712022364
0547330081	5.0
0812977793	1.0
0142180823	4.999999999999999
0547126522	5.0
1935597566	3.0
1423399269	4.0
1465419535	4.0
1416553398	4.0
1594204594	4.2393320964749535
0767927001	5.0
0312379080	3.0000000000000004
0062065890	4.709833422890918
0544047745	4.0
1402237510	2.0
1596923164	3.0000000000000004
0345506014	5.0
1565126297	3.6826137689614935
1434764974	3.0
0062276727	2.971770744225834
0062077880	5.0
0345530683	2.507795100222717
0399157743	5.000000000000001
1442413336	4.0
0307270742	3.990332975295382
0547417330	4.0
0307956679	3.8071553228621298
0062127713	4.0
0061438456	2.0
1936493527	5.0
1433671646	2.0
0312430035	4.7
0143117149	3.0000000000000004
0770437184	5.0
0761454659	4.337016574585635
0525953086	5.0
0970481969	3.0
0345527046	3.587813620071685
161519083X	4.0
0671042548	3.0
0761455981	4.779847586790855
1605973602	5.0
1469208547	3.0
0224096397	4.0
0761453326	3.0000000000000004
0761462279	5.0
1404187634	5.0
1461084946	4.0
1627790314	4.0
080212030X	3.0
0312642202	4.0
1558324089	4.0
0451417631	4.347081218274112
1595551026	3.0
1608199436	3.0
143367162X	5.0
0679644318	5.0
0061766089	4.0
0316211338	3.0
0312308760	5.0
0470889284	5.0
0312354665	1.0
0307908984	3.0
0062201220	3.0
1595542027	5.0
1118567439	3.0000000000000004
0547225474	4.0
1616951273	3.980044345898005
1477807683	3.0
0761461035	4.487565445026178
038534743X	3.90366687383468
080217051X	4.5
0060755784	5.0
0345541235	4.493303571428571
147781700X	3.0
1416593403	5.0
0976710404	4.0
B004GXB3ZI	4.0
1477805036	2.9999999999999996
0374175306	5.0
074326178X	5.0
0439669375	5.0
1616952598	1.0
0062271105	5.0
1477807691	5.0
0452298393	4.999999999999999
0805089470	3.0000000000000004
0452298385	5.0
0761462376	4.154901960784314
006143843X	2.0
1742209521	5.0
0307451860	2.0
1402285191	5.0
1599903059	3.0000000000000004
0452289440	1.0
B003NUQQMK	5.0
0060937424	4.293103448275862
0761451692	4.479392624728851
0778313859	3.0
1416958886	5.0
0345497538	4.0
0061956953	4.0
0425253007	5.0
1606841440	2.3167883211678832
0307986497	3.403718459495352
0802120245	3.53763440860215
1118077741	5.0
1477805044	4.490196078431373
0385343078	5.0
1118532783	5.0
0812979567	5.0
0545044251	4.0
0316166308	3.0000000000000004
0770436730	3.0946882217090064
047097124X	3.0000000000000004
0373777698	3.390624999999999
0061231452	5.0
0307950492	5.0
0552775541	4.325611325611327
037377768X	3.816326530612245
0781403707	4.137176938369782
1118218094	5.0
0486266842	5.0
0374280886	2.0
0307948196	3.0
0547757735	3.9709172259507826
0812980549	5.0
1594205027	3.8273273273273274
0375868895	5.0
0062283103	3.2243467176545573
0452297036	1.0
0547363001	3.11275415896488
0521513324	3.0
0765332388	2.1555555555555554
030727070X	2.0
1416569790	4.0
0137135556	2.0
0618820965	4.0
1250014492	4.238515901060071
0143114964	5.0
1594205051	3.5684803001876175
0385340850	2.412371134020619
0062237225	3.5617977528089884
0545342155	4.051254089422028
0670066907	2.0
1595547762	3.4318181818181817
142218739X	5.0
038532653X	5.0
0451419448	3.8131386861313863
1569478694	3.1405492730210014
0007486774	2.0
0547740107	3.0
0340898208	5.0
1477805079	4.0
0505527340	3.0
1579127819	4.0
0316955175	3.0
161695129X	4.0
0804832420	5.0
157174617X	4.509977827050998
0778313883	3.108644859813084
1250043891	3.0
006227371X	3.0
0122290631	4.0
0099462095	4.0
0547553099	5.0
1118017226	5.0
0812979575	4.0
0312366612	5.0
1400062128	4.51063829787234
1477809449	5.0
0312355971	2.0
080212027X	2.659556313993174
0761452982	3.4371859296482414
1611099196	2.0
0061690449	4.720620842572062
1465409351	4.30622009569378
0312554184	4.7464574898785425
0743296419	2.0
0399156380	5.0
1623650224	2.645833333333333
1250014468	5.0
0761462309	4.0
0061941026	4.037219101123595
0778320189	2.0
0374314721	3.0
0545035333	5.0
0312570198	5.0
1400202833	5.0
0345533666	4.5668549905838045
0440470803	5.0
1616201614	3.850420168067227
0345505670	3.0000000000000004
140004250X	3.210977701543739
0307719391	3.369774919614148
0307595595	5.0
0312554168	4.561305732484077
0761450335	4.0
0061670871	3.2459858702633273
0399156372	4.0
1432738798	5.0
0452295297	5.0
0345484207	3.0
0763643416	5.0
0316002135	3.282902829028291
0310284325	4.0
1414385544	3.733178654292344
1476749787	3.0000000000000004
0521758521	3.980044345898005
B003XVYHES	2.0
1118336879	4.999999999999999
1401341292	1.0
1878901729	2.0
0446570117	4.0
1439128871	2.0
0988940817	1.0
0758259387	3.2062937062937062
0764208942	5.0
1494701502	3.0
1408852217	4.240506329113924
0399161783	2.0
1416971807	5.0
0062236733	5.0
0307950433	4.536290322580645
1400067847	4.0
1477816569	4.481152993348116
0761458271	4.0
0062224735	4.5010706638115625
0743496728	5.0
0345479718	4.0
031264180X	5.0
0761530894	5.0
0062281305	4.7284533648170015
1250028272	3.5500633713561474
023076889X	4.0
1416991417	5.0
1451682050	5.0
0312364083	2.0
0671003755	4.490022172949002
0758259395	5.0
1477816550	4.0
0804136610	4.0
0307352145	5.0
1416961666	3.0
0006514006	5.0
0743478967	1.0
1620401398	3.0
0062110837	5.0
1620403110	3.0000000000000004
0072976411	5.0
0345536746	4.0
1118433076	4.1958146487294465
0060503467	5.0
0761458247	4.492424242424243
1611099153	4.0
1452114498	4.0
1479273074	5.0
0873374339	4.0
0761459588	5.000000000000001
111112857X	4.0
0062203819	5.0
0547371489	2.0
0316095575	2.0
0670025593	4.0
0547607342	3.0
0373777612	4.0
1477816585	5.0
1416551638	3.0000000000000004
1118705491	4.0
0316018589	5.0
0345535405	2.0
0399167064	5.0
0345803450	5.0
1477807632	4.0
0307876098	3.0000000000000004
0385343914	1.0
0060560029	4.431519699812383
054514311X	4.999999999999999
0307463893	3.0
0345479734	3.0
076145957X	4.5102040816326525
0141039280	4.239977728285079
0061082759	4.0
0312368461	3.5684803001876175
0345536738	4.0
0761458263	4.0
0307950425	3.4609218436873745
0385668880	3.0000000000000004
0761171614	5.0
0758210906	1.0
054794215X	4.250743310208128
1569479178	5.0
0330508830	4.0
0812994345	3.4159132007233275
0812993012	4.0
1250029570	5.0
1477807640	3.7890222984562607
0452297095	2.0
0761459561	5.0
0756634687	5.0
1594487200	5.0
0671001132	5.0
0848732634	5.0
0312586582	3.0000000000000004
0849948088	4.0
0385350252	3.0
074328447X	5.0
0061547484	4.0
1414366418	5.0
1477807659	4.0
0765334909	4.0
1416572570	3.0000000000000004
0761458239	3.5032397408207343
0743276876	4.0
081186524X	5.0
1590513185	3.5
0761461884	4.0
1416563628	4.0
0761451609	4.5677419354838715
0547548591	4.6685878962536025
0060798904	4.67142857142857
140006788X	4.5
B00JI0KDXM	5.0
0345803485	1.0
0553386891	4.0
1433805596	4.0
0765330555	5.0
1476725799	3.627228525121556
0132980932	4.0
0345523474	5.0
0761459537	5.0
1612185967	1.78125
0778314340	4.4530612244897965
1611099110	3.6981891348088536
0761458204	4.0
1118077784	4.469622331691297
1478164425	1.0
0061579084	5.0
0312614209	3.0
1400067863	3.0
0240812085	4.0
1612183301	3.7471910112359557
1455820067	3.0
0062202529	4.3592715231788075
0373774524	2.0
1616952539	1.0
0553584537	1.0
1611090792	3.0
0345534115	4.0
1477848185	2.1290944123314066
075828389X	5.0
0425207978	1.0
0062307525	3.491141732283465
1118288726	5.0
0794419992	3.0000000000000004
0805098313	4.0
1612185975	2.0
1416588930	3.0
0761459553	3.190276110444178
1442359315	1.0
1612184642	5.0
0761461868	5.0
B007NJPO2A	5.0
1416948643	4.0
0399167099	4.0
0399161791	3.0
0745661521	4.0
1401942628	3.909859154929577
0761455191	2.685393258426966
