0375869034	4.999999999999999
1470068265	3.0000000000000004
0399155821	5.0
0758254091	4.0
0143123238	1.0
0399157565	2.0
0689206887	1.0
0842333916	2.0
0544106164	5.0
0061991066	4.725643996791158
0142001740	5.0
0975363506	1.0
0345504968	5.0
0761919945	1.0
0060751967	1.0
1481876988	5.0
0385196156	1.0
0062099442	1.0
0061957933	5.0
0316210919	5.0
1596141107	4.0
0792289897	5.0
006199104X	4.829825496203544
0803953097	1.0
0979895200	3.0
0345502655	5.0
0981956807	2.0
0061120723	5.0
0425231577	4.0
0394552547	5.0
0312383320	4.0
B00DVWSR40	1.0
147782314X	3.0000000000000004
0375810617	5.0
B003VRZR98	5.0
0981989705	1.0
0061950726	3.0
0307951901	1.0
0989042936	1.0
0670024783	4.7866086826122825
0007136838	4.0
0451525795	3.0000000000000004
0984799125	4.0
0060513659	3.0
0446573019	2.0
0385249373	1.0
B006OGY1DG	3.0000000000000004
0985355808	5.0
0061957917	5.0
1250006082	4.0
075731371X	1.0
0316166316	3.0000000000000004
098200270X	2.0
0345526546	4.67497430626927
030759081X	5.0
060631640X	4.0
0312675062	5.0
1466398167	2.0
0781408091	4.999999999999999
0425219593	4.0
0425263908	2.0
0061784796	4.570257611241217
0385537859	4.473885350318472
0802122124	2.0
030728090X	1.0
1402280823	4.0
0316097497	5.0
B00B55J1LS	5.0
0062279386	5.0
0987214942	4.0
1935589679	2.0
1492123595	4.999999999999999
1410458792	2.0
B00D3A97IU	3.0
0340979496	2.0
B00IRG97SK	5.0
0307932540	5.0
1477403787	3.0
0156814757	5.0
0821717154	5.0
0062021397	3.0
0060521600	4.0
1594204993	3.0
1250023610	3.0000000000000004
1439156336	3.0
0061802050	3.0000000000000004
145162137X	2.0
030758836X	4.0
0062224840	1.0
B005LJWRS8	1.0
0789025078	1.0
1442366109	4.999999999999999
0553808036	3.0193832599118946
0349122911	5.0
1594488398	3.0
0316055433	4.0
007145764X	4.0
0978924746	5.0
0544029003	5.0
037586220X	5.0
1594631395	1.0
0007327064	5.0
1401324800	4.0
1250010780	5.0
0812984250	1.0
0743464583	3.0
0374202311	3.0
0399157336	4.0
0781408083	4.999999999999999
014009766X	1.0
1250015545	3.0000000000000004
0971934959	4.0
0525953116	4.0
1419711326	1.0
0061144894	5.0
0982607822	2.0
0385495536	1.0
0316205850	1.0
006085880X	1.0
0399158022	3.0
1594744769	5.0
1463536100	5.0
0385731841	5.0
0399159347	3.0
0345410963	1.0
1939548055	5.0
0399166432	5.000000000000001
030794672X	3.0
0547628382	4.0
0446547204	2.0
0826112714	1.0
1442367547	5.0
1565124383	4.0
1477848169	4.0
1594486433	4.0
1417808268	2.0
0978655168	4.0
1416583300	4.0
1851683690	4.0
1935597760	3.0000000000000004
1411606884	1.0
0812972503	5.0
0446547573	2.0
0316097519	4.0
156947494X	3.0000000000000004
0544106539	5.0
0099461846	4.0
0062303996	1.0
0143170090	1.0
0062135252	4.0
1476762066	5.0
1596434872	4.0
0007444117	2.0
1456506218	1.0
159486909X	5.0
0312587538	2.0
B006G9T1YA	2.0
0141044330	5.0
0062304836	5.0
031604461X	1.0
0345533240	2.0
0446564443	5.0
1414336241	5.0
1469204304	3.0
B004M18M8A	4.0
0877799210	4.0
0615477593	1.0
1469241943	3.0000000000000004
0545265355	3.0
0758278438	5.0
1613778953	1.0
1623150981	5.0
B004MDLXMU	3.0000000000000004
0439023513	2.5
1466259353	1.0
0439023483	4.694638069705093
054799219X	5.000000000000001
1250006333	1.0
1455859184	1.0
0062267159	1.0
B006PNNFN0	1.0
0061988243	3.0
0765337053	3.0000000000000004
0881926736	4.0
0310740614	5.0
1455599220	2.0
0996006818	4.999999999999999
B00BBTF5QS	2.0
0451231945	3.0
1614190283	3.0
0312246560	2.0
0983930805	3.0
0312873204	5.0
0439023491	3.0
B00GPTYQD2	3.0
0062024027	3.0000000000000004
1604076267	5.0
031612351X	5.0
1582702128	5.0
0765336405	5.0
006178480X	4.768866610971876
0547237782	3.0000000000000004
0345803485	1.0
0345504992	5.0
0061231401	5.0
0545522463	5.0
045141411X	5.0
1250006317	3.0
1604188227	3.0
1940026032	5.0
B005T54KV6	3.0
0449014509	4.0
006191648X	4.0
1481098225	5.0
1616364971	5.0
0312349491	5.0
1594483655	5.0
0099911701	1.0
0765332175	5.0
1594633177	1.0
1452277745	1.0
1452203997	1.0
1250019990	3.0
1477809732	5.0
0525953086	4.0
0752857304	4.0
0312383355	4.0
1477808647	4.573434535104364
0399156887	5.0
0060765313	3.0
1590786238	5.0
1568586442	3.0
1940026016	5.0
1470840065	1.0
0061668036	3.0
0615999913	5.0
0399147020	4.0
