0425235238	5.0
0615489990	4.0
B005HHYNKE	5.0
148018232X	4.0
1460920589	4.0
1489523413	5.0
1449950817	4.0
0060591854	3.0
B007R5VQ7C	4.0
1937178455	5.0
B00CY5CF4S	5.0
1250002966	4.0
B00H4L8244	5.0
0544319494	5.0
0679730540	5.0
B00JCJ9I1C	5.0
B00872VBNS	5.0
1499322380	5.0
B00JQ92GPI	5.0
0615955266	5.0
B005CQBC5Y	2.0
0307946592	5.0
0738200336	5.0
1483920607	4.0
B00K40KZUG	5.0
0956931804	4.0
1478722088	5.0
1610728912	5.0
147872207X	4.0
1433668572	5.0
006131983X	5.0
1499144946	5.0
1439204217	4.0
0002007770	3.0
0156005662	2.0
0446404144	4.0
193754303X	3.0
0140186794	5.0
1932557660	5.0
0446576085	5.0
1467946826	5.0
B005CCM48M	4.0
0452281253	5.0
1463783175	5.0
B009372AV8	3.0
0061958328	5.0
B00KMZ7S30	2.0
0307704254	5.0
B005L34X2C	3.0
B00HM9B7C2	5.0
B0061JQMM4	5.0
0373002211	4.0
0380012863	5.0
1616263644	4.0
0854567062	5.0
1479229814	5.0
1475051921	5.0
1577315936	5.0
B00J1AVI42	5.0
B004RQD3J8	3.0
1937387828	4.0
B00HY04Y5G	5.0
1410440478	5.0
074359830X	5.0
1568812388	5.0
0740760750	4.0
042524413X	5.0
0373772963	5.0
0765304236	5.0
1461001609	5.0
1452854343	5.0
B0064BYJN8	5.0
1493513257	5.0
0979417287	5.0
1570980217	4.0
0979417295	5.0
B00HXRTSR4	4.0
1480209929	4.0
B007JZ0FMC	3.0
0988987554	5.0
B00J5OU43U	5.0
1401301495	5.0
1477639683	4.0
061579615X	3.0
0393088219	5.0
037376099X	3.0
B0031Y6TIO	5.0
0821772953	5.0
038553762X	5.0
B00C02F28Q	5.0
0976819651	3.0
0515131784	5.0
B00H5CE6OM	5.0
1439246084	5.0
1624670261	5.0
0425214303	5.0
1420106597	4.0
B004IEAESW	4.0
0140289208	5.0
1465399933	5.0
0929915690	5.0
B00I4DBEIW	5.0
B00IXM369O	5.0
0316734950	5.0
1449513778	4.0
1466216360	4.0
1495320448	5.0
1416599223	2.0
1461093791	5.0
B00JJTITZ6	5.0
1936558262	3.0
0984975314	3.0
0738709085	4.0
0345485602	5.0
B005KB86TQ	3.0
B00DI0AXR4	5.0
1495435792	5.0
0345366239	5.0
B00K8APW5U	5.0
031298166X	5.0
1582975272	5.0
0812985044	5.0
B00A1HPE0S	5.0
1452100535	5.0
0399152385	5.0
B00K4I2X30	5.0
B0094FZZGG	3.0
0140860193	5.0
031237478X	5.0
B0032JSIZK	3.0
B007XPLJZA	5.0
B00BTFYI1W	5.0
0060755814	4.0
0345402405	5.0
1483900193	5.0
0544106539	5.0
B00HBGXV4S	5.0
B004U2USMY	5.0
0312946465	5.0
0330545000	4.0
B00CLE8JI8	2.0
B00KFRPRCO	5.0
B008BSYT46	5.0
B00K9PXOIG	5.0
0767903161	5.0
1596680776	4.0
1481977873	5.0
B004QZ9VU0	5.0
B00K0SDP9K	5.0
B00HI9EQ7E	5.0
B00GYOIYYA	5.0
B005SHXTNU	3.0
B00GUXOCNM	5.0
0615577326	5.0
B00KGE28CS	5.0
0615550266	5.0
1490977929	5.0
0312180098	3.0
0385344325	5.0
B008864T5U	5.0
B00KZMIPH8	5.0
1499385110	5.0
B00B88UGLQ	2.0
0743583264	5.0
0375409432	5.0
061834697X	5.0
B00CIITW4W	5.0
B004QZ9VV4	4.0
0345427769	5.0
1581806507	5.0
0425233413	5.0
1419667394	1.0
1425707696	5.0
0099440687	5.0
1439163162	2.0
B00AE6HCXS	5.0
0062732765	5.0
B009FF1K9Q	5.0
1940270103	5.0
B00K1JR5MQ	5.0
B00LDYFN68	5.0
0307578070	5.0
B00I344XZI	5.0
1479156345	5.0
0991066308	5.0
0425233421	5.0
B0051UAPUE	5.0
0062506048	5.0
B00K1V47W0	4.0
B00BHHX5UW	5.0
B007RZBN9S	4.0
B00H39Y6ZQ	5.0
B007IFPOP6	2.0
B005891EMQ	5.0
014314264X	5.0
1605983519	4.0
074401543X	4.0
1491043954	5.0
0060859520	5.0
0062011839	5.0
B005C50KA8	5.0
B00IW3BHNQ	5.0
0743292332	5.0
B00F4KWNBK	5.0
098826790X	5.0
0786880708	5.0
0156711427	5.0
1457527723	5.0
1439177783	5.0
1468064029	5.0
B00JV7CYNE	5.0
B00BM5LEUW	5.0
B00H6AIAFO	5.0
B005TA81BG	5.0
B006V5H9R0	5.0
B00E52VRBA	5.0
B00FKZNXYA	5.0
0802458815	5.0
0374230595	5.0
1494354888	5.0
B00B6N9HWW	5.0
B00I7S5VZ6	3.0
B00JEEF6QQ	5.0
1479351954	5.0
B00B13GKQS	4.0
0671319671	5.0
B00L8F1UZA	5.0
1490931767	5.0
0821729217	4.0
0684843048	5.0
0451410777	5.0
0765325950	5.0
B007NRVVME	3.0
0688143202	4.0
1466317809	4.0
0615588832	5.0
0385523939	5.0
B00HZVTZ44	5.0
1460974425	4.5
B00JX1XEHI	5.0
B00HKL0OZS	5.0
0345337662	5.0
B00I5ZHH58	1.0
B00BP5DNTE	4.0
1469955490	5.0
0312948123	5.0
B00FBMOTE0	5.0
0300139454	5.0
B00A8G2CIY	5.0
B00C1Y6RCS	5.0
9810857799	5.0
1584795778	3.0
098514470X	5.0
1890768189	5.0
B00A44SRO8	4.0
0307977617	5.0
B00JH40JH4	5.0
B00H5A9QUI	5.0
B006SMMW64	5.0
B00BFEGJVE	5.0
B0050I6L32	4.0
098508880X	4.0
0961584130	4.0
0252064798	5.0
0385336675	5.0
B00GOHL2TQ	5.0
1466321040	5.0
0983562164	5.0
0140447830	5.0
1477811869	2.0
B00413PU5M	5.0
0957667701	5.0
0307395863	4.0
073870914X	3.0
1471706397	5.0
B00B121R7Q	2.0
B005792MS2	5.0
B00E9LNL5W	5.0
0615839878	5.0
0671721216	5.0
0071381643	3.0
0446529672	2.0
B00J88Y4PC	5.0
0312873840	3.0
1909224898	5.0
1582343934	4.0
B00KCSRTEA	5.0
0312385471	5.0
1420103415	5.0
0373247575	3.0
142316475X	5.0
B005FR8OTM	4.5
B0073VDKZG	3.0
B003U2RSLO	5.0
1481202383	5.0
B008G1FGA4	5.0
149101458X	5.0
1441834257	3.0
0758213409	4.0
149354005X	5.0
0307700666	5.0
0972852948	5.0
1494241307	5.0
0988972514	5.0
B003ATPPVM	4.0
1491058927	5.0
B005L2O9WC	3.0
B00ATJ1N9O	5.0
1491087463	5.0
0451216407	3.0
0740754882	5.0
B00CA1SF9U	2.0
0843961368	3.0
0307586537	5.0
147755730X	5.0
0982708319	2.0
0765319276	4.0
B00K8ZOXZ0	5.0
1453600698	5.0
1591027918	4.0
B004URRVPG	2.0
B00KP12KFC	5.0
1451626851	5.0
0195334574	5.0
0615609570	4.0
B00JJVO08Y	4.0
B00BEOZCJU	5.0
B00D7X27QM	5.0
1620075156	5.0
B00KUI1O1Q	4.0
0982720890	5.0
1482071851	5.0
0307378403	5.0
B004XQVF24	3.0
1780883102	5.0
0786891459	4.0
B00H5UUDK0	5.0
144211441X	5.0
0307719219	5.0
1466462736	5.0
0470930667	3.0
1230362703	3.0
B005D75Z8C	5.0
1612182321	4.0
0140296476	5.0
0975436236	4.0
073872162X	3.0
0765316137	5.0
1575668769	4.0
B008P4LJG2	5.0
1453855459	5.0
1452664943	3.0
B00J1LYRGC	5.0
0985687312	3.0
B008XT3Q24	5.0
0964422808	5.0
0615370349	4.5
B00B5NPAFG	3.0
B00B3W62YM	3.0
B005NWRG1G	3.0
031022151X	4.0
B0056A23TA	5.0
0425215679	3.0
0553383299	5.0
0345361326	2.0
0964422816	5.0
B00KV5QAXK	5.0
1491281871	5.0
0991019970	5.0
B00AQO983A	5.0
1469963094	5.0
B00JYK6UP6	5.0
1482792761	4.0
0307961257	5.0
1611940044	5.0
0385524382	5.0
149959626X	5.0
0312286449	1.0
0505527847	5.0
0307265641	5.0
B00GA2X5PO	5.0
0982929706	3.0
1481211285	4.0
1452664935	5.0
B00AHN0H3K	1.0
1590589092	3.0
0985144742	5.0
1470180642	3.0
0451235517	5.0
1483991741	5.0
B00IMLJ4V0	5.0
B005HK2KY2	5.0
B00CFV2GJU	5.0
0505527855	5.0
0312649614	5.0
1481105027	4.0
1400043549	5.0
0756401356	5.0
0809078813	5.0
030738604X	5.0
8445074873	5.0
B00E74EAEM	4.0
B00KSNNHAO	5.0
0805066624	5.0
0061003689	5.0
B00B0GA9IQ	3.0
0061453056	5.0
0061702323	5.0
0425251306	4.0
0142180351	5.0
0756402697	5.0
B0044443JC	3.0
B008IVNIRK	2.0
B006PL9ZPY	5.0
0806523832	1.0
B00HFGS70C	5.0
B00347AI9Y	5.0
B00HFHKK1K	5.0
B00LKSYOUS	5.0
1612182348	5.0
0316129089	4.0
B007VFP390	5.0
0802716199	5.0
B0042P5ES2	5.0
1599986353	4.0
147501239X	5.0
B00LKWMV5E	5.0
1468191837	5.0
1494473259	5.0
B00HYEFI16	4.0
0553593129	5.0
0882822837	5.0
1402265859	5.0
1593083866	5.0
1621251470	5.0
B00JH36STS	5.0
006227306X	5.0
0977147428	3.0
1605983616	5.0
B00K7MCPTK	5.0
0955993512	5.0
0743219597	4.0
0984384626	5.0
0312579977	5.0
B00HWKBO9W	3.0
B00FARJ31K	5.0
0786016698	5.0
0375424342	3.0
B00IB3ZXQY	5.0
006039322X	5.0
B00LJDD8KQ	5.0
1497660793	5.0
1500423270	5.0
0380730596	5.0
B00LI3LYC6	5.0
0307594882	5.0
0340837950	5.0
0615569617	5.0
1477628029	5.0
B00GJMBFS4	5.0
0984817301	5.0
B00JXVZQL0	5.0
0385346808	5.0
B005GAP2HU	5.0
B00J5T2BJA	5.0
B00HK3KPRI	5.0
B00DQ7WY0S	5.0
B0083RL0VA	5.0
1601548117	4.0
B00ALI9Q2O	3.0
B00IREW6V2	5.0
B00IE0T608	5.0
0983723702	3.0
B0037HOM5W	4.0
0226458083	5.0
0451234995	4.0
B006UPQDSM	5.0
B001V5JX9C	5.0
1584230703	5.0
147007169X	4.333333333333333
B0085YDO7E	5.0
0615909205	5.0
0975480456	2.0
1492166561	5.0
B003K16Q3G	4.0
0143035169	5.0
0615964079	5.0
1481280767	5.0
B00KWF93O2	4.0
1494715422	5.0
0393900592	5.0
B00BFUODK2	5.0
0425225992	4.0
0425246035	5.0
B00CIX79N8	5.0
B00IYYYYJ2	2.0
0330334611	4.0
1609280784	2.0
0060987103	5.0
B00J41K5I8	5.0
B005GRXXII	5.0
0520216121	5.0
1909149039	5.0
B00CLRWA9Y	5.0
B003VD1EAI	5.0
1482343886	5.0
0451463315	5.0
0977147460	2.0
B00HSV1ACG	5.0
0821758551	5.0
0312413238	4.0
B00I6ROFTG	5.0
B00B9XW3FM	3.0
0981524036	5.0
0393067203	5.0
0060929294	5.0
034542039X	5.0
1455865230	4.0
B005EZIQ8E	5.0
0451218043	5.0
1477659188	4.0
0865479208	2.0
1499644388	5.0
B00FIICYJO	5.0
1938708288	5.0
1439255938	4.0
1490541055	4.0
1482627450	5.0
0375435050	4.0
B00C6N65RG	2.0
0307454746	5.0
B008ND0O1G	5.0
9653501127	4.0
0345348281	4.0
1440527458	5.0
B007GDVFC6	5.0
0312303688	5.0
B009DQ3LK8	5.0
B00FP1OEZ6	5.0
B00IF45XNC	5.0
1481882902	5.0
1463579519	4.0
0575601582	3.0
1612185339	5.0
B00GXUJ5SE	5.0
147520910X	5.0
0615850065	5.0
B004EEOO6E	5.0
1439276838	5.0
0393069850	5.0
0615828167	5.0
0061080780	5.0
0312977646	5.0
0981827837	5.0
1936558149	5.0
0743202759	5.0
0307272702	5.0
1559705612	2.0
B00KD158LW	5.0
0615550169	3.0
146111196X	5.0
0393061027	5.0
098838289X	5.0
0500286280	5.0
9749375084	4.0
B00GQP6I04	5.0
B0089ODK06	5.0
1494854430	5.0
0992286107	5.0
1593375271	5.0
0758206194	5.0
B00K97KSI8	5.0
0451159330	3.0
0312852975	5.0
B0037263Y0	3.0
B00K7TWH28	5.0
1481096494	4.8
B005H6XEGO	5.0
B00JCZVH5Q	5.0
1480170402	5.0
0505528495	5.0
1593156294	5.0
146621953X	2.0
0743226712	5.0
1499142234	4.0
0988972565	5.0
B009Z3UG48	2.0
B009JC9N0I	4.0
0553381326	5.0
1470033305	5.0
B00G9257FG	3.0
0615952941	5.0
B00KHV1VJG	5.0
B009VNAPCU	5.0
1461084741	4.0
B00FC36M16	5.0
098290505X	4.0
1470193272	5.0
B00KY7EBDG	5.0
0446673943	5.0
B00I8MFVZ6	5.0
B00IGJ257S	5.0
0811200124	5.0
B006BG77RG	5.0
B00IU7T8QC	5.0
0765303663	5.0
0446520586	5.0
1590170229	5.0
0961519762	5.0
1453887857	4.5
1439187002	5.0
0380770601	5.0
193514202X	5.0
0062064320	3.0
0615887384	5.0
0441019242	4.0
B008DSJBQU	4.0
B00K1QYBHQ	5.0
B007UPF03U	5.0
9730141150	5.0
0515093025	4.0
1419696858	5.0
B00FQAQQ9I	5.0
0252068297	5.0
0061998508	5.0
0988879581	5.0
0740754807	3.0
146993924X	4.0
1489504168	5.0
B00JX22GEE	5.0
1936214687	5.0
B004WP2JDK	5.0
037329185X	5.0
0989031209	5.0
B007BTRADI	5.0
0393312895	4.0
B00IS37QM6	5.0
1492367745	5.0
0980849349	5.0
B00JIVJH6U	4.0
B00KKHTB4E	5.0
1579623190	5.0
006074135X	5.0
B00HMUDT4U	5.0
B00JZ6Q7T8	5.0
B00D676SDC	5.0
0987775340	5.0
B00IWGKWYI	4.0
1495367835	5.0
0801058147	4.0
0425196100	5.0
B00E1EV97Y	4.0
1449405819	3.0
B00J1T3BUW	5.0
1466345039	3.0
0143113437	5.0
1939559111	3.0
031609756X	5.0
B007OXKDNK	5.0
1105749460	4.0
0060778660	5.0
0615836690	5.0
1456316788	4.0
1842432710	3.0
1468058347	5.0
0972503188	5.0
B00JCVUTZY	5.0
1592335217	5.0
B00KEJJVFM	5.0
1493500937	4.0
0385302312	5.0
B004R9P9SI	5.0
B0062OL1VU	4.0
B005V32Q1C	4.0
B00BJW6AIE	5.0
0805209808	5.0
1460917995	5.0
0060765364	5.0
B00I9GDDD8	5.0
B00KIG5C7M	5.0
0767928539	5.0
0385302320	5.0
B005FD4OF4	4.0
B007JNV36G	5.0
B00K8HWYOA	2.0
147522219X	5.0
0263876063	5.0
0072227907	5.0
1492962554	5.0
B0052ZG6U6	5.0
0985607130	5.0
B0052XP1AE	5.0
159337660X	5.0
B00HDZKDVQ	5.0
B00FSLF4NO	5.0
0307594068	5.0
B002UUT3VK	5.0
B004TNIYYS	5.0
1935597345	5.0
0615635938	5.0
1495908631	4.0
B00HBRTSJ4	5.0
1467968285	5.0
B00LC2PVD6	5.0
0983002223	5.0
145288126X	3.0
0981491413	5.0
B00F7U9CF2	5.0
B00DWIASTA	5.0
184728924X	4.0
0399535012	5.0
1491087366	5.0
0985247843	5.0
B009CGQZJI	1.0
0060535687	3.0
0143121006	5.0
B008X6BTJY	5.0
1495312631	5.0
1552977234	5.0
0615614159	5.0
0812978005	4.0
B00JQOQIPM	5.0
0307887804	5.0
0802135544	5.0
1403983771	5.0
0758234228	5.0
1439175888	5.0
B005LDMLQW	5.0
0936070528	5.0
1608448436	5.0
B00DVDCE1G	5.0
B00K1QZ5FI	5.0
149442133X	3.0
1574882627	5.0
B00KVXCX7O	5.0
B00BSXJP5O	5.0
034552361X	4.0
1480278416	5.0
0393327965	5.0
0983492700	3.0
1594631395	4.0
099162310X	5.0
0198508034	5.0
1478192259	4.0
1456481878	5.0
B005W7TUQQ	3.0
1449405827	5.0
0615425879	4.0
B00JAP2BJY	5.0
1477604928	2.0
098251459X	5.0
0415050367	5.0
073872596X	5.0
1483992101	5.0
1934602353	5.0
B00H5JQKM6	5.0
1612187072	5.0
B00HI0Y6KA	5.0
B00BGIUNVG	4.0
B00BZTOP0G	4.0
0714507636	5.0
B004TP657E	2.0
1611881102	2.0
1466321105	5.0
1937844013	5.0
1932815597	4.0
B00K9UR5OU	5.0
1933826223	3.0
B00JC6DOLK	3.0
B00I2FSYIK	5.0
0615858082	5.0
B007SAKW9E	5.0
1400043638	5.0
0006550339	4.0
B003ZYEUYA	4.0
B008RJXR60	5.0
B004Z9JCXI	5.0
0441015638	5.0
147011268X	5.0
B00IPO42F2	5.0
1937041034	5.0
1468123823	5.0
B008E335RA	5.0
0821775898	5.0
B00FA3AR96	5.0
0895267462	5.0
0451095618	4.0
0373293542	3.0
0307408833	1.0
B00475AU2M	3.0
B006C7KW5S	5.0
0446547573	5.0
B00L5DUS2G	5.0
0451231090	4.0
1449405878	5.0
0974320668	5.0
0554340860	5.0
0307464997	5.0
0062049577	4.5
076531732X	4.0
014027541X	5.0
B008J89510	5.0
B00EXA75CO	4.0
1908603607	5.0
0307950654	5.0
042513301X	4.0
0307278824	5.0
B008DVVLYW	2.0
B00J5W5R5M	5.0
0615644805	5.0
0465013627	5.0
1439255954	5.0
1451685300	5.0
1610091450	5.0
0991332806	5.0
1494941201	5.0
1493766260	5.0
B002FU6LYC	5.0
1598695304	4.0
0306817950	4.0
1591025419	4.0
B004KKXQZM	2.0
0395955637	5.0
0451155750	5.0
0871319314	5.0
1480213128	5.0
1453660410	4.0
B00D2JZ484	5.0
B00EH1CLZA	5.0
1612047742	5.0
B00H2673S2	5.0
0983992207	5.0
0307743659	5.0
B00DGK8AQM	5.0
B00E26YD6U	5.0
B006HWH32I	5.0
038541580X	5.0
B00KFPP3Q6	5.0
1612183565	5.0
0557299349	5.0
1490954562	3.0
9810878796	5.0
B005C5TCR0	4.0
1602641331	5.0
B006889PVS	4.0
B00CHWPFN6	4.0
B00HKS1PUO	5.0
B003ZDO4SI	5.0
1477818529	5.0
0312357508	5.0
1461189268	5.0
0307590526	3.0
1599953595	5.0
B00IHMCXQW	5.0
B0084AM2H2	5.0
1439172773	4.0
1493547658	4.0
B00B7PIL6M	2.0
B007K1EGAM	5.0
B0069U1L7G	5.0
B00HBGWHQ6	5.0
145023397X	3.0
0091795273	5.0
0615639496	5.0
0062294822	5.0
B008DBJGSA	3.0
B00KK6CSZ4	5.0
1460995457	5.0
0307717372	3.0
0761126805	2.0
0778314596	2.0
074329405X	5.0
B00DPZ06E2	5.0
1934980706	5.0
B00LH2ZEBU	5.0
0973797304	5.0
B00K6QIH8K	5.0
1565123344	4.0
1481874330	5.0
B00866SJQC	4.0
0312611676	5.0
061579548X	5.0
1936964457	5.0
B00DC7R39O	5.0
0739469339	5.0
1482066785	5.0
B009RKJP46	5.0
B005HW43F4	4.0
B003YUCRG8	5.0
0061774154	3.0
B003QHZ5JU	4.0
0821727710	5.0
0805440453	5.0
1477492011	5.0
0984519319	1.0
0380704161	3.0
B00GL53N84	5.0
1478323035	5.0
0062269917	3.0
B0082VKK5Y	5.0
1463583710	5.0
B00G9MMA42	3.0
B006086TTW	5.0
0373773625	3.0
1469951215	4.5
055356871X	5.0
0615626610	5.0
B00I6ZXOHM	5.0
0991552717	5.0
B00LSUR77K	5.0
B00IXXB2OE	5.0
0425239853	5.0
0441020739	5.0
0783816421	4.0
0671042858	5.0
B004XIU7NA	3.0
0425223469	4.0
1456307142	5.0
0879751983	5.0
B004G5Z4HO	5.0
1609530403	5.0
1616082925	3.0
0980766850	5.0
0385419376	4.0
0981965407	5.0
B00A9652JE	5.0
0486234002	5.0
0385074077	5.0
0425224783	3.0
0373828454	4.0
1484991435	5.0
B007FKLV8I	5.0
1592333745	5.0
B00IRWGWW8	5.0
B00HK4EKXW	4.0
1476730601	4.0
0451412249	3.0
B00KUX0NAE	5.0
0312570600	4.0
B00DK794OS	3.0
B00CRXXTT2	3.0
B008O5KW9W	5.0
1492771198	2.0
B00E0RDLOG	5.0
1425751563	5.0
0758214030	4.0
B0091HCN4E	5.0
B0086YRRZS	5.0
1931907439	5.0
B0053TREPW	5.0
B00FQWR07S	5.0
0340979496	5.0
B00D3A97IU	4.0
1908147318	5.0
0615660576	5.0
B008F0EMN8	5.0
046502193X	5.0
1494968525	1.0
0991888146	4.0
061556867X	4.0
0373291566	5.0
146792928X	5.0
0679602895	5.0
098829978X	5.0
B00G0OBA6I	5.0
B00IWTYCNC	5.0
0451159497	5.0
B0071H6SV0	3.0
1619491435	5.0
1616951850	5.0
1401341705	5.0
B00CD36FAG	4.0
0971668310	5.0
B00ADAZ34K	5.0
0425246108	4.0
1466216131	1.0
1551669498	5.0
1492279102	5.0
0957091907	5.0
B00I9QURJG	5.0
B00BFYGFPO	4.0
B009HJYARO	3.0
0061357952	2.0
0800734459	4.0
0345476026	1.0
1452594732	5.0
1601548273	5.0
B00KK6BSE6	5.0
1452863067	3.0
B00K5AEV28	5.0
B0094LZY98	5.0
1591847141	5.0
1492290378	5.0
0307739538	5.0
B0083I80GC	5.0
B00KH6ZMPU	5.0
0330521292	5.0
1469960109	5.0
B008A6OYB2	5.0
B004183LTE	4.0
B0087IE3QO	5.0
0380756218	5.0
1426206461	5.0
1453770666	4.0
038075620X	2.0
0373244398	3.0
B00KC38MM8	5.0
1456468316	5.0
B00IV8IBTU	5.0
1479102369	5.0
0740797832	2.0
0451418433	5.0
B00JPJ6BUK	5.0
061547683X	4.0
B00IPO27EK	5.0
B007XSE1KW	5.0
1456347209	5.0
B00IZ1W9OG	5.0
B009JVMEGY	5.0
0615483127	5.0
1481160583	5.0
0312857063	4.0
B00BCFWJ74	5.0
0740771213	5.0
B00DPMATHY	5.0
B00CPT4RIA	5.0
0758234546	5.0
0380756234	4.0
0399144994	3.0
0615624030	1.0
0345485866	5.0
1559706848	5.0
B00JL0QDX8	5.0
1419697862	3.0
1601544707	4.0
0140447601	5.0
1475111002	5.0
B00KNLQPUA	5.0
B007UC0YWA	5.0
B00ID7K5CA	5.0
B0035RPGIG	5.0
0380814676	5.0
0062073125	5.0
1414313454	4.0
0842362398	3.0
1937387666	5.0
1492166472	5.0
1593155298	5.0
0843962844	3.0
1936558068	5.0
1494310988	5.0
B00CKG3UBS	5.0
1560258691	5.0
B00K0YD9GS	5.0
1478300345	4.0
1495957217	5.0
0310326370	5.0
0307278328	5.0
B005PFOIGW	5.0
1479191353	5.0
1937629155	5.0
B00ICZHNF0	5.0
B00FRLRCMQ	5.0
B0099VJW46	5.0
0615511716	5.0
B0093OPWZC	4.0
0226771040	3.0
B00939MOAI	5.0
B004MYFNGG	3.0
0743573641	2.0
B00A24U7V6	5.0
0061997749	5.0
1479165077	5.0
0786148829	5.0
0918222893	4.0
0470571152	4.0
0800758471	4.0
0312979568	5.0
0615719740	3.0
0533151694	1.0
1449569153	5.0
0781809266	5.0
0316221112	5.0
B00HSRCQ64	5.0
B00A7FJWUW	4.0
147008726X	5.0
0385333471	5.0
0786165375	5.0
B006P5ABG2	5.0
B00DE74F84	4.0
193738764X	2.0
B004Z2JTNS	5.0
1414313462	5.0
0615762581	5.0
B00IPO3KHI	5.0
B00K8N8N6M	5.0
B00BKK6FLC	5.0
0715324314	4.0
1500283673	5.0
B00DUE38GQ	5.0
1453755063	3.0
1463782950	5.0
B007H21EFO	5.0
B00BKLGB4W	4.0
0743456459	1.0
0152058664	4.0
B00KLDHCJS	5.0
044652767X	5.0
0985143606	5.0
B003YH9LP6	3.0
B00EPQ5COE	5.0
1492712728	5.0
1935562398	5.0
1452571244	5.0
B00B0IMH20	3.0
1499171420	5.0
145162445X	5.0
0743561740	4.0
0446321443	5.0
B00DAIUFCC	5.0
B00IN4V56S	5.0
0060540931	5.0
B004M5HK0M	4.0
0345412087	5.0
B00DGV3RMI	5.0
1479225703	4.0
B004TPFXEU	4.0
1480166898	4.0
B005OD73X0	5.0
0374185220	5.0
1453887660	5.0
067169071X	5.0
1477817360	4.0
B00A447FH8	5.0
0385337787	5.0
1840466650	5.0
0316098329	5.0
B00AN9GBFG	4.5
0399157301	5.0
0805069534	4.0
1453808981	5.0
0151008116	5.0
1936672553	5.0
B009X13EUU	3.0
1572420022	1.0
0451123417	5.0
0618658955	4.0
B00KKT5UG0	5.0
0425172287	5.0
B00GQJ87TU	5.0
B00FQTN1BA	5.0
1572420006	1.0
0451411846	5.0
B00KK3B3GW	5.0
B00LAK1ATE	5.0
0425216365	4.0
B00KKRIJMY	5.0
B00HS4B3JI	5.0
068485743X	5.0
144236193X	5.0
B00FALC18S	5.0
0802720889	5.0
0983793166	5.0
B009SVIEKA	5.0
0988592509	5.0
0811202151	3.0
0395205484	3.0
B00KV1E8DI	5.0
1482040999	4.0
B00CQ1QN7A	4.0
1936558106	4.0
1475006314	4.0
B00E9QX06C	5.0
1933678089	4.0
B00C27ZEQO	4.0
0060781505	5.0
B008SC5ZJI	3.0
076534355X	5.0
080411188X	5.0
0615539211	5.0
0767903382	5.0
0800719654	5.0
098974650X	5.0
1480529699	5.0
1105126196	5.0
B007WWZ5A4	5.0
0989354407	5.0
B009KARZRM	5.0
B00794LZTU	5.0
B00AY0Y31S	4.0
0425219461	4.0
B003UD7VOC	5.0
0393035050	5.0
B004XNKF1E	5.0
B005FDDFAE	5.0
1469783231	3.0
0505527693	5.0
B009M9TAII	3.0
0764204807	5.0
0385516142	5.0
0743214277	5.0
0345430751	5.0
B00BC3GRYC	1.0
B007B1WH02	5.0
1605421111	5.0
0449208672	5.0
0195167538	5.0
0991088719	5.0
0425206122	3.0
B00BL70M9U	5.0
1463553943	4.0
0975499130	3.0
1466437588	5.0
0399157336	5.0
B004XIO5QA	3.0
0316016403	5.0
B00JM4DAA2	5.0
0312343418	5.0
0307879496	5.0
0987188534	5.0
B00HHYN57C	5.0
0823003442	4.0
B008ZUHWCQ	5.0
B004C446QE	5.0
B0041D88RO	4.0
0312380437	5.0
081183137X	5.0
B004QTOETO	5.0
1935096923	5.0
B00BF8OYJO	3.0
0307387135	5.0
0393339890	3.0
0062069888	5.0
0061655511	5.0
0440217857	5.0
1480111791	3.0
0061348104	4.0
1603818316	4.0
0992752507	5.0
0743243625	5.0
B00HBKIKP4	5.0
1451632908	5.0
144051240X	4.0
B007UXDPE8	5.0
1444700707	5.0
034545782X	5.0
1926965566	5.0
1475155433	4.0
1611880599	4.0
161238000X	5.0
B005IH01JK	5.0
148267324X	5.0
B00GR59ZGW	5.0
0345430794	5.0
0312602790	5.0
045121708X	5.0
1590173597	5.0
1401301746	5.0
1426204620	5.0
B00JKOY404	5.0
B00FPZ53PW	5.0
0449500187	4.0
0345430786	5.0
0805209999	5.0
B00IKUQPVU	5.0
B0094JF00I	5.0
B00596UPDM	5.0
0373097549	4.0
B00IO1PN04	5.0
B009DTR516	4.0
B00EXAD24E	5.0
0439023483	4.5
B00DJT9064	5.0
1250006333	1.0
0972937218	5.0
1477587810	5.0
1591026423	4.0
B0056J0LQI	3.0
0451408268	3.0
0060920084	2.0
B0052AHZKQ	5.0
B008K7YDSA	5.0
B00DGXT57W	5.0
0451408276	4.0
B00GT1IGZA	5.0
0307387178	5.0
193281549X	3.0
0060097957	5.0
B009BII2EI	5.0
B00KON0GBQ	5.0
156512541X	5.0
B00GTKM9RM	5.0
0987558498	5.0
B00CHB8RG4	5.0
1478122919	5.0
1782640703	5.0
B004ZZQUZU	5.0
1250006317	3.0
0425246191	5.0
B004SP6EI0	5.0
0385340559	5.0
0425239896	5.0
B008GHMO4O	3.0
1479347272	5.0
B007ZT2JH6	5.0
1470038358	5.0
148200268X	5.0
B00IGUZ434	5.0
0156010801	5.0
B00LH2YMTU	5.0
0425189104	5.0
0987188518	5.0
042518739X	5.0
0451464397	5.0
193898546X	5.0
1590583582	4.0
1250006325	3.0
1552785084	5.0
1456324608	5.0
0385340567	3.0
1490909222	3.0
0758241704	2.0
B00EQFP3CU	5.0
B00B3HLOA4	5.0
B009NNL4V4	5.0
1492239097	4.0
0316228532	4.0
B00KADFDC2	5.0
B00FTUFPHO	5.0
1425734073	5.0
0938497510	5.0
B00ASNZG1W	5.0
B009K44MMO	5.0
B00I0ZEZDK	5.0
1461114853	5.0
1582343594	4.0
1480277703	5.0
1937178331	4.0
0595402348	1.0
1450535526	5.0
B00959YEFE	4.0
B008AEPAIK	5.0
B001ECQK8O	5.0
1494417995	3.0
0615773346	5.0
B007PXR6WA	5.0
0988723506	5.0
B00AG1KTOK	5.0
B005HAWAZG	5.0
B008LMNCV8	5.0
0385732554	3.0
1612184227	5.0
B00FDIZAOA	5.0
0965596168	5.0
1463671237	4.0
0764204084	4.0
B00KGOE9V6	4.75
B0059IWOVG	3.0
0373714548	4.0
0615605818	5.0
B00K4YAA5M	5.0
B008EED35I	5.0
1594145407	5.0
0373290314	5.0
0615773338	5.0
0451415418	5.0
000100039X	5.0
B00AVB4KN6	5.0
B00HB9E018	5.0
0321773020	5.0
B00JVONWI8	5.0
B007HB8KIE	5.0
B00EWDSRFG	4.0
1456332015	5.0
B009BTQJ2O	5.0
0983735921	5.0
B005ES6U9I	3.0
B004HW6DX0	5.0
1939976022	5.0
B00A13UOVG	5.0
0521483476	5.0
1491264357	5.0
B00BEB9W12	5.0
B00EZ5N6Z2	5.0
1440528977	4.0
B008M7UCFQ	5.0
1484086368	5.0
148956621X	2.0
1608196801	4.0
0758266863	5.0
1580052967	3.0
0843957352	3.0
0727880829	5.0
B00LSURQIK	5.0
B00HBUI5M2	5.0
0451163494	5.0
B007G0IVW6	5.0
0805062882	5.0
B0045UA6F0	3.0
1449985602	4.0
1439176191	5.0
0312990871	5.0
0143038494	5.0
0425246205	4.0
1893995275	5.0
0373718934	5.0
1592406254	3.0
0615347347	5.0
B00JM7OIX2	5.0
0451210328	5.0
0449002942	5.0
0385523343	5.0
161109965X	5.0
B007IWE54K	5.0
0805094490	5.0
B007UKH5AQ	5.0
B005307MQ2	5.0
0061132217	5.0
0987340719	4.0
0192804812	5.0
0978862244	5.0
B007WWZ5RM	5.0
1468009524	5.0
B00J5HAT28	5.0
1481026372	5.0
1480439703	4.0
1580173284	4.0
0393329496	3.0
1477402667	5.0
014311316X	5.0
B00HKMN9RW	5.0
080073324X	5.0
B00FJ3K03A	5.0
B00LBFX2BM	5.0
0446612774	5.0
B00829XQU2	4.0
1453792716	5.0
B002KMJPFM	4.0
0615674402	5.0
0140081534	3.0
0451211634	5.0
0060955775	4.0
B00ESHI6XY	5.0
B00FU2TY82	5.0
1420838253	4.0
B00K86EP7U	5.0
0465030785	3.0
1470161044	5.0
1493560336	5.0
0192880519	5.0
B005DNFXUQ	5.0
1609710134	5.0
0060848367	3.0
0985358157	5.0
B008P2NA9I	5.0
1420937812	3.0
1456320092	5.0
1451689012	5.0
B004QOA0OC	5.0
B00IZ66CZ8	5.0
0615689485	5.0
0446546925	5.0
1494773597	5.0
193769853X	4.0
B00KMYIKCY	5.0
1482568519	5.0
0988427400	5.0
B00IJBDGRG	5.0
B0082HT4GO	2.0
B00HNEOHW8	5.0
B004YTMIWQ	5.0
0486200515	5.0
0062273248	4.0
B00IBN15DO	5.0
B00KY8GHLO	5.0
1482735962	5.0
B004VGVVDY	5.0
1612186009	5.0
1479209716	4.0
0061096016	2.0
1481052675	5.0
1481161792	5.0
0451166582	5.0
1477578749	4.0
1481262262	3.0
B00DL12GL6	5.0
1499393075	5.0
0984720499	5.0
1565840364	5.0
1859643299	5.0
B007OMTFAI	5.0
0992406102	5.0
1481241354	5.0
0061097314	5.0
0140432485	3.0
0141326085	5.0
B004PLNP2K	4.0
0156033364	3.0
B00K5JFYIO	5.0
0140179518	4.0
0062315609	1.0
B005R1ZH2I	5.0
B008BJJT86	5.0
B00BY8QIVW	4.0
B00EX5E1P8	5.0
0684856999	5.0
B00BH3D0VK	5.0
1466337338	5.0
0802119778	5.0
B00KNDH55C	5.0
1291712313	5.0
B00ASAULHY	4.0
0987803735	5.0
0843957379	5.0
B004TXMT80	5.0
B00HKEY8K2	5.0
B004C44GF0	4.0
B00JZ4S7DO	5.0
1432790935	5.0
B00C0EP36A	4.0
B00H3WP1VQ	5.0
B008ZV4714	3.0
B00J43XFTC	5.0
0971506949	4.0
B00AMTDRU4	5.0
0716734966	5.0
B00EZ1TZEW	5.0
0739488341	5.0
1400051991	5.0
1463568266	4.0
B00A9EGG46	5.0
0451406532	4.0
1599951967	5.0
B007VQVO60	5.0
1477501509	5.0
B00F8O4P2C	5.0
B008BIX8VQ	5.0
0385525931	5.0
B00BZPLHJM	5.0
0778322408	4.0
B0051BO40U	4.0
095656450X	3.0
1469960044	4.0
B00JRBOFX6	5.0
0099911701	3.0
1469753456	5.0
B00BGZD1WW	5.0
B00A8S24US	5.0
1466234989	5.0
B009YMFSDO	5.0
0692202536	5.0
0557543533	4.0
0974106798	5.0
0505528290	5.0
1934291056	5.0
B005ECTSQ6	5.0
1492971332	5.0
B00LG7DQP2	5.0
1481814761	2.0
1940026016	4.0
B00A0B7NQI	5.0
B00KYZYN90	5.0
B00LJ2T8EM	5.0
1414358466	5.0
B007GO359Q	5.0
B008R0IZF2	5.0
B005D1KYRK	5.0
1495325733	5.0
B009ECABOA	5.0
0985048204	5.0
0451237455	5.0
0615632637	3.0
B004S7JCYQ	5.0
0984731202	4.0
0451528921	5.0
0061969818	5.0
1456347187	5.0
0979996023	5.0
0811735737	2.0
1611097843	5.0
B0085UCUG4	4.0
1593156596	5.0
0615448755	5.0
147760166X	5.0
1479350974	5.0
1479198692	4.0
0983213836	5.0
098920541X	4.0
067973337X	5.0
B0052YX006	1.0
B00BWQVK0K	3.0
B0072X0CBK	5.0
B005D7KVE0	5.0
B00KUV605I	5.0
0962855537	4.0
1626523282	5.0
1619214938	3.0
B00CBN3UVU	5.0
B00BIO59LM	5.0
B00GGR6N48	5.0
B00APLNC9A	5.0
1453760318	5.0
1478180021	5.0
0679744061	3.0
B00GMQOUCU	5.0
B0068D7S7G	3.0
B00ITWW9GO	5.0
B004TPNVM6	4.0
B00J0GAZ6E	5.0
B00E257ULG	3.0
0873416228	5.0
1448609070	1.0
B00HALXNQ0	5.0
0615529720	5.0
1478344776	4.0
0764204971	5.0
B00BNX6PIO	5.0
B004XNNGDS	5.0
0671017063	5.0
B00GCZMC8U	5.0
098417382X	5.0
B00DGDQ8T0	5.0
1482545829	5.0
0989148327	5.0
B005F5HSSW	3.0
038078243X	5.0
1466466804	3.0
B00EZ2A2UM	5.0
0983213852	5.0
B00JFH1L3E	5.0
B006RAMY9W	5.0
0758280343	5.0
B00KVJ2EDQ	5.0
0316018953	5.0
B007TBWW68	5.0
1479135925	5.0
0393050572	5.0
B00JPVQE4Q	5.0
1495381870	5.0
1451572964	4.0
1933633298	5.0
B00IMUGN7E	5.0
0137007787	5.0
B004TAD8G0	4.0
1499155255	5.0
0451226763	4.0
1938135504	4.0
148419540X	5.0
B00G4DSHRU	5.0
0547744943	5.0
B009FKUGDW	3.0
0671447548	5.0
1453877312	5.0
0061231037	3.0
0983271704	5.0
B005AJC0JA	5.0
0991677196	3.0
B0099K5GRO	3.0
B004HO5IRK	4.0
B005LSCUB8	5.0
1453880941	4.0
1453867996	5.0
0425230791	5.0
0984847723	5.0
B00JMSE5QG	5.0
B00IT4ELCW	5.0
0984741453	5.0
0451229800	4.0
0316074268	3.0
B00JZXK4MM	5.0
1608325830	5.0
0778326713	4.0
B0026P51JC	5.0
B003VYC776	4.0
1482647729	5.0
B00FXC3HNW	5.0
B00FK1VNSC	4.0
1595230912	5.0
1479230340	5.0
B00EO4QY94	5.0
0615862713	5.0
B00GD6VT0U	5.0
B006MZ4468	5.0
0778321037	4.0
B00FFS2NTS	5.0
B00HWK37HY	5.0
B00C4B9QLW	5.0
0805078320	5.0
0987090593	5.0
B00BGGBLXW	5.0
0385721919	5.0
0195393430	5.0
0812979117	5.0
0786717009	5.0
B005FG2IV8	5.0
0425266745	4.0
1481184318	4.0
B005ZI1OWA	4.0
0143117637	5.0
B009F0T2DC	4.0
1909374172	5.0
B008EWZ95W	5.0
1910053503	5.0
0425251683	5.0
1451627696	1.0
B00LLQ1GDC	5.0
0307939650	5.0
0765326086	3.0
0786018135	5.0
B00J0ECBDG	5.0
0986724025	5.0
1885339739	2.0
B007NYSBH0	4.0
1477646507	5.0
B00AXOTNJM	5.0
1492779725	5.0
0007446306	5.0
0380729407	5.0
039305974X	4.0
B00AUPALZE	5.0
B00IQ7Y6PE	5.0
0786173955	4.0
B00DTKPYPE	5.0
0345535871	3.0
0977167208	5.0
B00GCIN0OM	5.0
B007Y1OS4M	5.0
1484081501	5.0
0140174613	5.0
B00ISTXV38	5.0
1484144724	4.0
0615987346	5.0
0061243035	5.0
061599931X	5.0
B00K8LRCXO	5.0
0061056006	5.0
0345805615	5.0
B00JW96SJC	5.0
0983429707	4.0
1476725365	2.0
1493595962	5.0
B008QGJ1K0	5.0
1927870232	5.0
0984010947	3.0
0425212041	4.0
B00I0MKFVY	5.0
B00LCC140A	5.0
B004EYUH9C	4.5
B00DB4UDTK	5.0
1451525753	5.0
1938243323	5.0
1935597183	4.0
0425115860	5.0
B008EM2YLY	5.0
0061922315	5.0
B00ISDRZYA	5.0
0978573234	5.0
1497577217	5.0
146420117X	2.0
1482695391	5.0
0984911014	5.0
0373150903	4.0
1600200486	1.0
0671024248	5.0
0985307315	5.0
0805075208	3.0
0156031604	4.0
0062213652	5.0
1938680065	5.0
B008IVBXUY	5.0
B00H5X0SFW	5.0
1453618708	5.0
B00B8A1ZP0	3.0
B00EHO7C7Y	5.0
B00A0BV74C	5.0
B004W9NIOU	4.0
B0082RHQ50	5.0
1442359781	4.0
1581604939	5.0
B00H20GE4M	5.0
0983782334	5.0
1466447648	5.0
B004LLICAE	5.0
0984001182	4.0
0823026019	5.0
B00811WUNA	4.0
0989042901	5.0
B00AB4FVAY	5.0
B007OWOLHU	5.0
B00HUI4D7G	5.0
B0093MU7QS	2.0
B00C1FXXN8	2.0
B005AHPCII	3.0
B00JKPP542	5.0
B004UWU9IM	5.0
054763014X	5.0
0984678549	5.0
0778313492	5.0
1594485038	5.0
0060573775	5.0
B007EUU27A	3.0
0809059185	5.0
B009GNAE8U	5.0
B00G1RT44O	5.0
148413933X	4.0
0446612804	4.0
0806135794	5.0
0385341776	5.0
0399157298	5.0
B00GXAXCVK	5.0
B004XMWP36	5.0
1451670494	5.0
B0035WTNIA	4.0
0671536109	5.0
B004HIM21Q	4.0
1475235216	5.0
0804100039	5.0
1493696254	4.0
1478313463	5.0
B00IJJBHDI	5.0
1603182764	5.0
034071820X	5.0
1612183247	3.0
1481875418	5.0
1426744889	3.0
0385743564	5.0
B001V5JCTI	5.0
0985913312	5.0
B0081VXCWI	3.0
B0060RUTJY	5.0
1907986286	5.0
B004XMXXWI	4.0
0306814498	5.0
0957336314	5.0
0312351607	5.0
0804835578	5.0
B00761HL0S	5.0
0985081848	5.0
1118113365	5.0
031237917X	4.0
B0053TZG6G	3.0
0985722606	5.0
B00FBZXMHW	5.0
042525836X	5.0
B00FUU3RKU	4.0
1612183220	5.0
1479262897	5.0
B00GSD1ZRK	5.0
0957679300	5.0
0425201430	4.0
0956998518	5.0
B00KP1261A	4.0
1495449084	5.0
1590582039	5.0
075822933X	2.0
1463605854	5.0
0671213717	5.0
193981622X	5.0
B00H5S3AFM	5.0
1612185894	5.0
1477551549	5.0
B00JNKEK2W	5.0
1604940123	4.0
1551668351	5.0
0060820977	5.0
B00IWJJ45I	5.0
1617690767	5.0
0470440880	3.0
1938701992	5.0
0425208079	3.0
0425221032	4.0
146352210X	5.0
0195117980	5.0
B00HYQV49Y	5.0
0786157933	5.0
B0039UUSZK	3.0
193540704X	3.0
B004YDN934	4.0
1481898108	5.0
0988715805	5.0
0983256810	1.0
0312646976	5.0
0751549118	5.0
0679726012	5.0
B007HBKZOQ	5.0
B00IMP3HB4	3.0
0786020407	5.0
1452072345	4.0
B0051AOIT8	2.5
0982936532	5.0
1484822412	5.0
1892427044	4.0
0553257994	5.0
0983952418	5.0
B00J1KUXH0	5.0
1426710666	3.0
1481911651	5.0
0345527542	4.0
B00IASACZW	5.0
B009TW0PK0	4.0
1467957984	4.5
B00HQNTWQM	5.0
1492974900	5.0
B003UHVS9C	4.0
1937134431	5.0
B004H8GUXC	4.0
0393310728	5.0
0805094377	5.0
B00KH9EV1I	5.0
1908481714	5.0
1467957976	5.0
1491245719	5.0
B008HJ9UL6	4.0
0956642209	5.0
B0083IF7J0	4.0
098981761X	5.0
0007430671	3.0
B007IJLGUY	5.0
1494281759	5.0
B004Z1KSNY	5.0
0307749584	5.0
0778329313	3.0
B008PTUEF4	5.0
146641152X	4.0
0595003664	5.0
B005ZWI3HU	5.0
B0082UJCDQ	3.0
0985030208	5.0
0764208977	5.0
0141191538	5.0
1495373304	5.0
B003CJU1B4	1.0
0749080973	4.0
0399162127	2.0
B00AVA8XSA	5.0
B00LU6MZWE	5.0
1495936961	5.0
0425154556	2.0
B00701D9LO	4.5
1849544115	2.0
0373289855	5.0
0060841818	5.0
B00GRXTYBA	4.0
1455506702	5.0
1492193895	5.0
B00CD9A3HG	1.0
1492133353	5.0
B005FA429K	4.0
1605981397	5.0
0465005640	5.0
1497466105	5.0
0983256853	5.0
0933294069	2.0
B00DUG1IPM	5.0
0380809060	5.0
0993624308	5.0
1481118811	5.0
1907190902	5.0
1477807292	5.0
1479365386	5.0
B008A0UWS2	5.0
B00LEUE808	5.0
0982827326	4.0
1572840838	5.0
1609360001	5.0
B00GY8CRTO	5.0
0931580587	5.0
B00BFCUT08	5.0
B00AM7I6P2	5.0
B00HZWM0F4	5.0
1481264109	5.0
146113613X	3.0
1402210337	5.0
1478192690	3.0
1616960922	5.0
B00CV30XCE	5.0
B00H3IFG2Y	4.0
B00KXAQE4I	5.0
159998718X	5.0
B00A7GCFGY	3.0
0803476191	5.0
1935407082	3.0
B00IVDEXOW	5.0
0141002204	5.0
0679748261	5.0
B007VZ0F0M	5.0
0425224953	2.0
0373290861	3.0
0060751002	5.0
0446365327	5.0
0380732033	5.0
148110683X	5.0
B00J3BIMSO	5.0
0393065960	5.0
1477692304	4.0
1584798300	3.0
0380809087	5.0
1936560119	5.0
0385323891	5.0
0140431020	5.0
1936593009	5.0
1583331298	5.0
0979910544	5.0
B0050PJZLK	5.0
B004VMV476	3.0
0312383223	5.0
0399156313	4.0
1456406272	5.0
0345517326	3.0
0743211383	5.0
B00KCWVKJQ	5.0
B0071GKXRG	4.0
0985030275	5.0
B00JV258CS	5.0
B00KTRIIC6	5.0
B00FARCUU6	5.0
160239802X	5.0
B009XW0QXW	5.0
019286212X	5.0
0981608736	5.0
B003QCIQ14	5.0
B005HAGP02	2.0
B00IGZPD3A	4.0
B003L78146	5.0
1497442168	5.0
B009MWXU40	5.0
045122745X	5.0
B00LBONWQI	5.0
1250009146	1.0
B005FZ1HAW	5.0
0615154166	5.0
B00G15AKGC	5.0
0615750362	3.0
B00LDI41Z8	5.0
0312859058	5.0
B005OGJM4A	5.0
1492890766	4.0
B00IW56540	5.0
1466495154	5.0
B005VQUZNU	5.0
0912339101	5.0
1555842437	5.0
0982875819	5.0
1439180962	4.0
0445406518	3.0
0553278827	5.0
1590952316	5.0
B00KJQSNB8	5.0
B0072MW0E8	4.0
0985081821	5.0
B00L4DXUKY	5.0
B00I6ZQZDW	5.0
1456406353	5.0
0575081384	5.0
1449403751	4.0
086571553X	5.0
B00KP1U44Q	4.0
0451235150	4.0
B008LWC4VC	3.0
1479141690	5.0
B004Z2I6HS	3.0
006000942X	2.0
1492732591	5.0
B00F3UP8O0	5.0
0306807386	5.0
1616141646	1.0
0691142548	5.0
1935460013	5.0
0981944272	5.0
1497446481	5.0
0595470602	5.0
1566638429	5.0
0989563618	5.0
0692202587	5.0
1482366029	5.0
061577072X	4.0
B00G9QYNOS	5.0
0486424596	5.0
1478708204	5.0
1495908984	5.0
B00CX8NMYS	2.0
1938404351	5.0
B00KE6ZTZQ	5.0
0982582374	5.0
B0055IIBT4	5.0
B00K2HM0CC	5.0
1611940451	3.0
B00HYD13UW	5.0
1482734451	5.0
B003Y5H8FI	5.0
038533883X	5.0
1599951223	3.0
1597770124	5.0
143924345X	5.0
B00KAWXV3Q	5.0
B0089YQPI0	5.0
1449550207	2.0
1616141662	5.0
B00JW6ZGSY	5.0
B00H9M0F0M	5.0
1456301152	5.0
B00GLR793C	5.0
0688171710	5.0
B007QVABM8	5.0
B00J2I7O6Y	5.0
B00DC7R5J2	4.0
068486309X	5.0
0312307594	5.0
0615707483	5.0
0743298934	5.0
1475164165	5.0
0393239284	5.0
0425239241	5.0
B009WU1DR8	5.0
1481973975	5.0
0553275720	5.0
1586485717	5.0
1479258814	3.0
0307711773	5.0
B00919D1NE	5.0
0896895475	3.0
1620072475	5.0
0451214242	5.0
0786022159	5.0
B007AWDADK	5.0
1933523654	4.0
0956517056	5.0
B00JSCA916	5.0
B004SHES4U	1.0
1449563570	1.0
0739456741	5.0
1419156691	5.0
1490460381	5.0
0743286952	1.0
B00KJ79RF8	5.0
B006IFJSBI	5.0
B009BPHVDE	5.0
0394722744	5.0
B008H5IF02	5.0
0547085907	2.0
B00I0A5E1C	5.0
B00KSNIEVQ	5.0
1495437108	5.0
0992133106	5.0
0615836348	3.0
0984951881	4.0
0992392802	5.0
0195130065	5.0
1592983073	5.0
B00JUB3TDK	5.0
0060293233	5.0
B005HF2V6E	3.0
0764210483	5.0
081293153X	5.0
B004YKZD2C	5.0
0375405445	5.0
B008S5SV5U	5.0
0387479368	5.0
0615964559	5.0
B00AGJXO8U	3.0
1478174730	5.0
0453006507	4.0
1937182053	4.0
1846942993	3.0
B007OC961Q	3.0
0140434968	5.0
014009766X	4.0
0825305888	5.0
1470027070	5.0
0373244045	5.0
069202560X	5.0
B0055I14BG	5.0
1402277431	5.0
0060759836	4.0
0440226589	5.0
B00457VKIA	5.0
0553385461	5.0
B00JSWTSAO	5.0
1927870143	5.0
0811871606	5.0
1451617526	3.0
0983911118	4.0
B00A5LQDB4	4.0
098871583X	5.0
1937216098	3.0
B00JHKRB1K	5.0
B00KBYESQ2	5.0
0553377833	5.0
0312606931	5.0
0857208675	5.0
1477849130	5.0
B00HNXTNGY	5.0
1594486433	5.0
1477618392	5.0
B00EW1LSTK	5.0
081298241X	3.0
0874776619	3.0
1460930444	2.0
B004RQ84R4	5.0
B00K4KIIIC	5.0
B007A3Q24S	4.0
1481884433	4.0
1456480219	5.0
0823003671	5.0
1484865510	4.0
B00LE4HAJK	5.0
B003XRELZ2	3.5
1478152516	5.0
144235948X	3.0
0805242791	5.0
B004PLO8QW	2.0
B0044DF5KO	5.0
B00I5ASG8K	5.0
0978918703	5.0
1461049148	5.0
149356093X	5.0
1494430533	5.0
B00KCI04RY	5.0
B00GD6DJ12	4.0
B000UB9NCK	4.0
0441012027	5.0
B00A2Y9TWE	5.0
0375435417	5.0
B00L3P55FG	5.0
1939985013	5.0
1605944319	5.0
0470496517	5.0
B00HL5PQYM	5.0
B00L2D284U	5.0
B0051J8BBA	5.0
0615549667	5.0
B00E5TBTIE	5.0
B00IPQ25VI	5.0
0312614594	5.0
B00HBA3YE6	5.0
096535752X	4.0
0451198514	4.0
1479244260	5.0
B00ET9UY7W	5.0
B00DUG0XE4	5.0
1597801054	4.0
0425192970	4.0
192787016X	5.0
0062200461	5.0
1449427774	5.0
0812993144	4.0
006108462X	5.0
0989238830	5.0
B00GENSKAE	5.0
B0083T3ZW0	3.0
B004HFS3VW	5.0
0988936402	4.0
1450212719	3.0
1783333375	5.0
0449911624	5.0
0985555807	5.0
B00IICEHRE	5.0
1470114720	4.5
B00IC9IYTK	5.0
B004FGMT4U	5.0
B00AU4DEHC	5.0
B00HSR28JY	5.0
B00E3XMR6U	5.0
061564385X	4.0
0425229890	4.0
0062280546	4.0
B004W48LCE	5.0
B00E56BLOY	2.0
0991107004	5.0
0060082208	5.0
1494442531	4.0
B0080RDG0G	5.0
0123838487	4.0
B00K3YJYJG	5.0
B00DGCIXRG	4.0
0740719254	2.0
0061138061	5.0
B008SGZOL8	5.0
B00DWY9LOW	5.0
0615599095	5.0
0451410319	5.0
B00BN10BSQ	5.0
B00GNVPEW4	5.0
8132016726	3.0
B009FMM6GA	5.0
0517371510	3.0
B009ZIU9SQ	5.0
0988715880	5.0
0984725008	4.0
1940788102	5.0
1475031904	4.0
B00K1D46QU	5.0
0983915563	5.0
B00APLN7T0	5.0
B0076PP55M	5.0
B00AMUZS3W	5.0
B008VEC72G	5.0
B00GFS0B8M	5.0
0525953728	5.0
B00903I7U8	5.0
B00GPOXDKE	5.0
B004XQVL64	5.0
B00KIVAK2Y	5.0
0956827802	2.0
B00IQ3094A	5.0
0967701759	5.0
0765328542	5.0
0425221180	1.0
B00HHDE14E	5.0
0988770504	4.0
0345515633	5.0
0983915555	4.0
B004XHYZAC	3.0
0142196991	5.0
B00K08TX8C	5.0
0307475255	5.0
1477538445	5.0
B004FV4YNY	5.0
0345528948	4.0
B00DUDE2UI	5.0
061553452X	5.0
B00IOALWK0	5.0
B009F0FVJQ	5.0
B004M18MAI	4.0
0976804034	5.0
0312334354	5.0
B008NGFHLU	5.0
0345527631	4.0
0987260308	5.0
B00E2QSXJ8	5.0
0449148734	4.0
B008BUHC1Q	5.0
1469987325	5.0
0764205137	5.0
B00EETVAIO	5.0
9810864639	5.0
1780880693	5.0
B00ETDYAZ0	5.0
0307718301	2.0
B00H5GNXR4	4.0
0061085189	5.0
1619720027	5.0
B0074ZW8A4	5.0
1467917109	4.0
0316044695	5.0
1466478578	5.0
0983915571	4.0
0778314154	4.0
096941949X	5.0
1499225725	5.0
1484087453	5.0
147523144X	2.0
0515141402	5.0
B00B36GAHW	3.0
0440174643	5.0
1492254398	4.0
B00B9MAID2	3.0
1605982725	5.0
0989717518	5.0
1927870100	5.0
B00HVLQERY	5.0
B008RDCBEA	4.0
0553593617	5.0
0743575318	5.0
0451202945	4.0
B00GGTL79M	5.0
B00G1JN3A8	5.0
B007WMW68I	5.0
B00H42DIO2	5.0
B00KGC00OS	5.0
0988663317	5.0
0692202714	5.0
080211864X	2.0
B00EW7I7RK	5.0
B00LMLLBK4	5.0
1477403787	3.0
0387989161	5.0
1484186397	5.0
1453837914	4.0
0963897276	4.0
1455134767	5.0
1891836137	3.0
B008BLAKW8	4.0
0988320118	5.0
0385534221	5.0
0805242007	5.0
1480121029	5.0
1416544607	5.0
B007WWZ3NI	5.0
0988688603	5.0
014312093X	3.0
B00J23I0S0	5.0
B00KKDHBRC	5.0
193938365X	5.0
B00KJWP7KW	5.0
B00ITMCA9U	5.0
019286209X	5.0
1478295856	4.0
B005G5DSPI	5.0
0060920475	5.0
B00K08RQP4	5.0
B00BSX4U04	5.0
0979518245	4.0
0451222504	5.0
0060555610	5.0
0375503234	5.0
B00D54JGQC	5.0
0062255657	5.0
0578013746	5.0
0316056634	5.0
0373292791	4.0
1552096386	5.0
B00537STB2	1.0
B008RLGXBE	4.0
B007XEMBNU	4.0
B00KEFZQ14	5.0
B009ZL7INW	4.0
0984988114	5.0
1482625296	5.0
B009KS87Y4	5.0
1453746633	5.0
0451219740	5.0
0688172172	5.0
1469961555	5.0
0743291387	5.0
1608194809	5.0
1490927301	5.0
0989206467	4.0
1480054542	5.0
B0092RGCCW	5.0
1461083869	5.0
0739431234	5.0
B003U6Z7JK	4.0
1591025095	5.0
B00KIYFXDM	5.0
0312936761	5.0
0252024249	5.0
0312204965	4.0
1460949978	4.0
B00512QG32	5.0
B00EZ7H3V8	5.0
0316187429	5.0
1470159791	5.0
B007G82AIO	3.0
B00LBG4TA4	5.0
006135323X	5.0
1491048247	1.0
1439171955	3.0
B00B55IDAS	5.0
0989639509	5.0
0758229291	5.0
0345501845	5.0
B00IQOC3TI	5.0
B004IEA9MI	5.0
1612180914	3.0
1481291807	5.0
0688138241	5.0
0615526047	4.0
1451636741	3.0
B00EZFIGLQ	5.0
0316017922	4.0
0316077585	5.0
0979622808	5.0
146995575X	5.0
B00B6FD8ZC	3.0
0671775472	5.0
0141441038	5.0
0316206296	5.0
1841957976	5.0
0505528010	3.0
162209431X	5.0
006212532X	5.0
0615692885	4.0
1469984202	4.666666666666667
1570613818	5.0
B004QWZ8V4	4.0
1612183190	5.0
1250026628	3.0
0393077829	5.0
1475136250	5.0
B0094BDBRK	5.0
B006JBXM40	5.0
0804139024	5.0
1482355477	5.0
0987500325	5.0
0873499654	5.0
B00KKUPWXK	5.0
0756685117	5.0
0992419603	5.0
B005Q136YU	5.0
0615797997	5.0
1475103328	5.0
B00DS86AK0	5.0
0956031609	5.0
1469990903	2.0
B00IQMJDZM	5.0
1453885684	5.0
0891096582	5.0
B004ZUIZ5I	4.0
B00K12HQP4	5.0
0425093891	5.0
B00JG31O70	5.0
9810840616	5.0
1425731686	5.0
B007K8DH0K	3.0
0141441089	5.0
0385296479	5.0
1477612041	5.0
B0087PTQ96	5.0
1494386100	5.0
0061288500	5.0
0979128625	5.0
0451412192	5.0
B00ALRTVYI	5.0
098338374X	5.0
1250014603	4.5
1439192812	5.0
B00K7L6D4O	5.0
0989172600	5.0
B00EO5CFJ6	4.0
1494433796	5.0
0785289089	5.0
0062010964	4.0
B00F023JRO	5.0
B00BE1K2YI	5.0
B00AKEWIBA	5.0
B007JE6QFI	2.0
0061689246	5.0
0473251256	4.0
1491085142	2.0
1628820020	5.0
0060935499	5.0
0345453743	5.0
0743272234	4.0
B00ICUQB0I	5.0
B00L6EK2QQ	5.0
1484015800	4.5
B00E1IAQXS	5.0
B00KPW6S5O	5.0
0821766511	3.0
B00368B6QU	3.0
0615850529	5.0
1419320424	4.0
B00GOZ3WY6	5.0
B00LI91B0K	5.0
149050589X	5.0
B0088H8OZ0	5.0
B00EYDRI7W	5.0
B00KEXQ1J2	5.0
B00452VGDY	4.0
B00HKQ7RAS	5.0
158234518X	5.0
0525954236	5.0
193556224X	5.0
1612186173	4.5
0778314952	5.0
B009NMC3FQ	5.0
1593155484	3.0
0393035158	5.0
B004MYFVMC	2.0
1451635486	5.0
0989846113	4.5
B00FROTPAU	5.0
0892968559	4.0
0805242821	5.0
0836226844	5.0
1477818111	5.0
0991547802	5.0
0061042943	3.0
B005WKCZGA	4.0
B006TZ8Z4S	4.0
B00AAKQX10	5.0
1476741182	5.0
B00IRP6572	5.0
1456618946	5.0
B0096PK3GG	5.0
B002EEP884	4.0
1935416685	5.0
1493758233	5.0
9774247345	5.0
B00HX471PS	5.0
B003X4KW3A	4.0
1934597813	5.0
1456376780	4.0
0981279007	5.0
B004YYWHAY	4.0
1481005251	5.0
B005E0QXES	4.0
0606235035	5.0
1601831420	5.0
0968950280	5.0
039304050X	5.0
B005AVTT8I	2.0
1939661145	5.0
0060890096	5.0
1466497734	3.0
0615539319	5.0
0061731161	5.0
0451216768	4.0
0615817947	5.0
B0074D56XM	4.0
0781448875	2.0
B005204Z40	5.0
1484891015	5.0
0980531934	3.0
B00H4F3S9Y	3.0
1572840811	5.0
B00GGQB2RW	5.0
1937771970	5.0
0764212311	5.0
0312989180	3.5
034545247X	5.0
0375423524	2.0
0451200322	3.0
0985017309	5.0
B00A29IGRI	5.0
B004QWZ8I2	4.0
B00FJARQP8	2.0
B005OYJU3U	5.0
B007YOQN74	3.0
0989554600	5.0
B00GXABNPC	5.0
0553592327	4.0
1492853976	4.0
0394559487	5.0
B0040ZN0KI	5.0
0345376722	2.0
0062121758	5.0
0316666009	5.0
0393045358	3.0
B006OOC5MC	5.0
1461067715	3.0
0987243004	5.0
1137469404	5.0
B005GGAZ4O	5.0
0425224287	5.0
1442346272	5.0
0615290108	2.0
B00HZD8EWQ	4.0
0375422218	5.0
0312272189	5.0
B004JN04VE	5.0
0340770732	5.0
0307934179	3.0
B004W0IJCU	4.0
1411621360	5.0
0099461846	5.0
0987243012	4.0
B004TSCNN6	4.0
B007JE1B1C	5.0
1572841265	5.0
1470108186	3.0
B00K3T6JTY	5.0
1881040089	5.0
0615290116	4.0
B00HLT5GCU	5.0
0143115685	5.0
0385337477	4.0
0979518202	5.0
0987243020	4.0
0982113528	4.0
B008BMUPKE	3.0
B0064UT13W	4.0
159058581X	5.0
0465036724	5.0
B005K4W0QS	5.0
1470185164	5.0
B00KK8A502	5.0
0989883108	5.0
1455507210	4.0
0451457935	3.0
0981748228	5.0
0373294417	5.0
0795324537	5.0
B00GKQPNQ4	5.0
B00J3XMS0K	5.0
1602392056	5.0
061514716X	5.0
B00HZPXLXQ	5.0
0987243039	4.0
B002FQOI9Q	5.0
0345520181	5.0
0316738131	5.0
B004UHSG6Y	5.0
1602397740	2.0
B00L00LWDI	5.0
0684801582	5.0
1607146290	4.0
0061057134	5.0
B00CG3N2E0	3.0
148001589X	5.0
1479203815	4.0
0987243047	4.0
0615966233	5.0
1456399489	5.0
1612181392	5.0
0441012175	4.0
B004AM5EMS	3.0
0743276639	5.0
0465041256	5.0
146998380X	5.0
B002EZZJSM	2.0
B00H9JHWJM	5.0
B00D6NSBOA	5.0
0759550344	4.0
0399147268	1.0
0141439688	5.0
9657557011	5.0
085720873X	5.0
1612182690	3.0
0615571417	3.0
B00GVG4XCS	5.0
B004TPF7J6	2.0
0805098542	5.0
0062015761	5.0
B00HO0S65A	5.0
0195172841	5.0
0312973691	4.0
B00C3OR51S	1.0
143916827X	3.0
0062073605	5.0
B004JGPM22	4.0
B00HBK6498	5.0
1622097475	5.0
0719555698	5.0
142670190X	5.0
0843958308	5.0
B00I3QY6U8	5.0
029764680X	5.0
0425248305	1.0
1444727338	4.0
0345460944	5.0
0578081547	4.0
1426701918	2.0
B004WPPBGC	5.0
B00HVFAY1M	5.0
B00IE223UG	5.0
0972253815	5.0
0345447980	5.0
045052468X	5.0
147518316X	5.0
1605983748	5.0
B00A8N4VUE	4.0
B00JQSI374	5.0
B00876UX06	1.0
0805086528	5.0
B00HM6Y632	2.0
1937844889	5.0
B00J0L7AJE	5.0
B00K35OPF8	5.0
0375725601	5.0
1419956760	5.0
B0048EK0S6	5.0
0387985719	5.0
0768432227	5.0
1426701926	5.0
B00DRVHTBC	5.0
B0080XQXVO	2.0
B005NTW8QC	5.0
0878571256	5.0
B00ILZ8XXM	5.0
0449237567	5.0
0984965327	5.0
0553106333	4.0
1478394684	5.0
1608190153	5.0
0743289358	4.0
0984965343	5.0
1475050844	5.0
1619492334	5.0
0440218691	5.0
1560258268	5.0
054784803X	5.0
1466375132	5.0
0141040378	5.0
162079277X	4.5
0989313557	5.0
B00CQ9NS9S	5.0
0385537433	2.0
1484152077	5.0
B0088INZHG	5.0
0984672621	5.0
0312551002	5.0
B003YOSXLW	3.0
0099427869	3.0
1559702028	3.0
0060540478	5.0
145630626X	5.0
0963600117	5.0
B00BQP70UG	1.0
B00H1FBFLU	5.0
1434309509	5.0
1575662752	3.0
149233930X	5.0
B00CJH85AY	5.0
B00JICB1Y0	5.0
0691125872	5.0
1463742428	5.0
B006PXUOWU	5.0
B00BGXAADC	5.0
1491872403	5.0
B00DWHWHGS	5.0
0449007294	3.0
1601546076	4.0
1481190415	5.0
B001V5JF54	5.0
B004H1U3QY	4.0
0373266154	4.5
B00BSXC9NY	5.0
B0091ZA0O6	5.0
B00I05DD56	5.0
0316001821	5.0
042525190X	4.0
B004QOAGFA	5.0
B005D84ZA0	5.0
0615636497	4.0
B00ATRFK0Y	5.0
0764227009	5.0
B008J1XGUS	5.0
B00FYOCG2M	5.0
0615840167	5.0
1250010780	5.0
B00GMRDSPY	5.0
0060932570	5.0
0425263916	4.0
038503007X	5.0
0375412883	5.0
B005JUOKHU	5.0
0762780355	5.0
1425942210	5.0
1482045443	5.0
0425223019	4.0
0451411374	5.0
0380730065	3.0
0451167538	5.0
0738215201	5.0
0451229428	5.0
0983696306	2.0
1463536100	5.0
B007ODZGHI	4.0
B0078XGATM	5.0
B00BGVZEOE	2.0
B0058KRVIG	4.0
1470919230	5.0
0977587061	4.0
B00IO5472K	5.0
0812978978	4.0
B00EYT5BB6	5.0
B001ISIVGS	5.0
B00BCUJHL0	5.0
B004UJ8P3G	3.0
1420125028	3.0
014043478X	5.0
1477294139	4.666666666666667
B004UCLK0I	5.0
0007115865	5.0
1615190910	3.0
B0051VF1JI	5.0
190612504X	3.0
B00JO2W4U4	5.0
0446539252	3.0
1481002848	5.0
1614130159	2.0
0316220221	3.0
B00FJZWK0O	5.0
0781812402	5.0
0767930576	2.0
0800757599	4.0
0307381374	3.0
0451523636	5.0
B00B8SAI3M	3.0
074359679X	5.0
B00KEELRO0	5.0
1480239186	5.0
1463704976	5.0
0061451584	4.0
1482670534	5.0
B00CGVEL74	5.0
B00CNXEKZS	5.0
1483984486	5.0
1595551107	5.0
B00JQPGPAE	5.0
B00A8VLUU0	5.0
B00FN1HCZW	5.0
B00HIWI9AQ	5.0
0988234807	5.0
0983887918	4.0
1594148848	3.0
0985420707	5.0
1475148755	5.0
B008MNR6JA	3.0
B00GLBRGCC	5.0
0307277488	5.0
0060765895	5.0
0071413588	3.0
1493583387	5.0
1475167032	5.0
0977768899	4.0
B005CBJCQU	5.0
1933515082	5.0
146101123X	5.0
0345389980	5.0
1475034725	5.0
0671528068	5.0
B00AY1FKGY	5.0
B0072AMZLI	5.0
B008L8ITDI	5.0
1626527954	5.0
B0073BNHTK	5.0
B004LX0J1C	5.0
0979393302	5.0
0757303315	5.0
1491272201	4.0
B00JZGFG04	5.0
B00H6UKH5A	5.0
155819634X	5.0
1469953420	4.0
B004L2LJ94	5.0
B00HVLODMW	5.0
B00FG32YOG	5.0
0061914185	3.0
B009MEONAS	3.0
1931062242	4.0
B009Z24KXC	5.0
B004HO5M3U	4.0
0425268764	4.0
B00IVUH9KA	5.0
1480088439	3.0
0615470335	4.0
B00EWHN8EC	5.0
B007WFQX9S	5.0
0451407377	4.0
038079540X	3.0
1931890447	4.0
B00J2CG0UG	5.0
B006YYJZK2	4.0
0143170104	5.0
046502467X	5.0
B00CXT78KQ	5.0
B00ICSFDKE	5.0
1460951999	5.0
B008XT87UU	5.0
B00I6MCJTY	5.0
B009SVIRES	5.0
B0085H0LSQ	5.0
B0063XNUGO	5.0
B00GO6CHLY	5.0
B00A2DOVXC	5.0
0393059456	5.0
B008FK93J6	4.0
019517559X	5.0
B005LHTAQM	4.0
1933255234	5.0
B007PVCVFY	2.0
1490313869	5.0
B00AR05XF0	5.0
B00E68EV3Y	5.0
147529980X	5.0
0395338905	5.0
0982611935	5.0
B00JZNUPYY	5.0
1426702361	4.0
0312349165	1.0
0764202677	1.0
B003ZYEW1G	4.5
B0070OEH26	5.0
1941495052	5.0
B00JEN5Y0U	5.0
B00DQVIL7O	3.0
1496021819	5.0
193738716X	4.0
1469958341	5.0
1499604106	5.0
0373266936	3.0
0521427088	5.0
1597772992	5.0
185487487X	4.0
B0051JU47Y	4.0
B004IK8FRI	5.0
0985566302	5.0
1938404572	5.0
B00H54VH8I	3.0
0756408156	5.0
0312306016	4.0
B009DVHZ96	5.0
B00JNNFEJ2	5.0
0020291922	5.0
1589822714	5.0
076117897X	5.0
B0058PE1PW	3.0
B00CKJ2KG6	5.0
B00CQX26OM	5.0
B00F53T9D6	5.0
0425252442	5.0
B0092SIM3S	1.0
B00J00EP6Q	5.0
0979876869	5.0
0007245823	5.0
038534094X	5.0
B00AVC7SDY	5.0
B003TFE6RG	2.0
B00HNJSSTG	5.0
B00KGEZG3G	5.0
0140283331	5.0
1475038372	5.0
1601548710	4.0
0991591801	4.0
0060799250	1.0
1905940572	4.0
1479759481	5.0
0615641040	5.0
0345358759	5.0
B00IYSZEX8	5.0
0316224588	5.0
B004PGNB9C	4.0
0131486861	5.0
0312362145	4.0
0990023109	5.0
B00AW1K7P0	4.0
0141185430	5.0
1475111460	2.0
B004KABBXG	5.0
B00AL2AF8O	3.0
B0072X4AMW	5.0
0141439971	5.0
061566329X	5.0
B00AEFO3CC	3.0
B00JMVE158	4.0
B009TU9M06	5.0
1482715910	4.0
0307744434	5.0
B00JU7L5GC	5.0
B00K7EOWOY	5.0
188301073X	2.0
B009FR9B40	5.0
1897562322	4.0
1478305681	5.0
B00GEDMUEQ	5.0
0451236637	5.0
B00D0EWRIG	3.0
1499554281	4.0
1456414143	5.0
0970461429	4.0
B00J9VXTAE	5.0
0977808556	1.0
B00I3M5W6O	5.0
B00GMWK0LO	5.0
0307389316	5.0
B00GKA1KJO	5.0
0609601709	5.0
B00EZQSV9M	5.0
1477150374	5.0
B00BZ8ETJO	5.0
1493704931	5.0
B00GZ0CI90	5.0
0449131904	5.0
0974758264	5.0
0425247066	4.0
B00BU8DS0A	5.0
B00DK2E94S	4.0
0425228762	5.0
B00K1ELEBE	5.0
B007HS0USK	5.0
0989433404	3.0
0099448793	5.0
0970461402	5.0
1426701896	5.0
1561483176	3.0
0986602876	5.0
B0049U4CCE	5.0
B005V1GITK	5.0
0142001805	4.0
0451412796	5.0
1456563289	5.0
B0088QDNBG	5.0
0312427999	5.0
0985687568	5.0
1611099285	5.0
0679407731	5.0
1469241943	4.0
1483945634	5.0
1580231837	3.0
1480217840	4.666666666666667
B00KUAO0ZG	5.0
B005GVIYNS	5.0
1490348557	5.0
0727860682	5.0
B0085VG410	5.0
9810867778	5.0
1480188638	5.0
1848631154	4.0
B005JEVQBE	4.0
055743047X	5.0
0345382412	5.0
B0071L5U2Y	2.0
B00440EH1U	4.0
0385513496	5.0
0393080021	5.0
1482725339	2.0
0825442389	4.0
B00AGIQW30	4.0
0312380860	3.0
0674930479	5.0
B00AQIQD4I	5.0
B00EP0IO7M	5.0
0399158294	5.0
098522553X	5.0
1451521014	5.0
B00EPFSXV4	5.0
B00BT29504	4.5
1470008955	5.0
B00IT5ADXC	5.0
0696215462	5.0
0615673481	5.0
0425247023	5.0
B00K6JCLXY	5.0
1482800810	5.0
160910451X	5.0
0312309155	4.0
0989121879	5.0
1598696548	5.0
B006Q1V2XQ	5.0
0312565585	5.0
0671516884	5.0
B00EXF3HBW	5.0
B001CBLIL6	4.0
0307275639	5.0
B005FCAH10	5.0
1469935678	5.0
1479324183	5.0
1938442865	5.0
B006ZDPVM8	5.0
B008ZHF7YY	3.0
B00925VBD4	5.0
B007SMMAMO	3.0
B00CGSD1O6	2.0
0425260003	4.0
149287146X	5.0
B006BBLNA8	4.0
0984588205	4.0
0393065235	4.0
0988538792	5.0
0615533434	5.0
0615874282	5.0
B00A4RZ658	5.0
0984660712	5.0
B00BQL3G80	5.0
B00APOR7U2	4.5
B006CADD7E	4.0
B00HV2MI7S	5.0
0345526511	2.0
B00FX45BPM	5.0
B007SPP0I2	3.0
B00JGE6IFW	5.0
1484839153	5.0
0786108436	5.0
0761169253	5.0
B0056GTZRC	5.0
1478163143	5.0
B001VLXMB6	4.0
B00HRLUJSI	5.0
1608321959	5.0
B0053YI26M	3.0
B008A9MTCU	4.0
0061479675	4.0
054774501X	5.0
0979461081	5.0
0981956807	4.5
0312361769	5.0
1932461167	5.0
B007WNC3LC	5.0
0615553028	4.666666666666667
B004L624SU	2.0
B00AL4LI24	5.0
1497445914	5.0
0441016359	5.0
1490481966	5.0
B007UCC1F8	5.0
B007QNAGIK	5.0
0764207563	5.0
B00AL0VUX0	5.0
1460959914	5.0
0578114208	5.0
0393065200	5.0
B00ISE7ZAS	5.0
B00FNY175A	5.0
0615178448	5.0
067003312X	5.0
B00ITC8RMO	5.0
1594487154	5.0
1449955398	5.0
1495342751	5.0
1492794163	5.0
044020416X	5.0
1471750353	4.0
0671728415	5.0
0393065278	5.0
B00CFT4NXY	5.0
0393318346	5.0
B00CCULZT6	1.0
0983008566	5.0
B0045U9TXU	5.0
0385513534	2.0
0312107978	5.0
B00B9E4Q6A	5.0
B00A6KRBS8	5.0
B00ISSWU0O	5.0
1612182070	4.0
B00A9CI3GM	5.0
0615913547	5.0
0982589441	5.0
B00ARN9YKW	5.0
0533103681	1.0
0061147710	5.0
0307913562	2.0
B00INXX9AE	5.0
B00DYVFNV8	5.0
0982772041	5.0
0316069353	4.0
161218510X	5.0
B007WSZAWG	2.0
1906558353	5.0
0316010685	4.0
B00AEUT3GI	5.0
0307743926	5.0
0674639413	5.0
B0076BMCA2	5.0
B009JGUIL2	5.0
1602474648	3.0
1938409213	5.0
B00IK4U8SC	5.0
0976899841	5.0
B0057X7RM4	5.0
B00BMBMF90	5.0
0758209827	4.0
B005ZI2X4I	2.0
B009EJ1PO8	4.0
B008RLL71K	5.0
0002247399	5.0
0982589409	5.0
1453862749	5.0
1550373900	5.0
0955650976	5.0
0449213447	5.0
B00BROE8YC	5.0
1937004295	5.0
0425244059	5.0
B004XNZ62W	3.0
0988538717	5.0
B00C79B08I	4.0
B00JW98CPA	5.0
B00H89ABG4	5.0
1612182062	4.0
1590514416	4.0
0982483244	5.0
0615575234	4.5
0062033328	5.0
0981956882	4.0
0449219631	5.0
B001V5JDLU	5.0
0988191237	5.0
B00K82MKWG	5.0
0380804743	5.0
1450785654	5.0
1463653875	4.0
B007HRACK2	4.0
B0033UV8HI	4.0
B0051W33GU	5.0
9810819404	5.0
B005DEWINK	5.0
B00JHMNB76	5.0
0981301584	5.0
B00E3CP07O	5.0
1470183676	5.0
0758246854	5.0
0140264078	5.0
8799459310	5.0
1480189243	5.0
042527294X	1.0
162652369X	5.0
1479321206	5.0
B00I7QF69E	5.0
098399062X	2.0
0976899809	5.0
149934628X	5.0
1483613534	5.0
0756407680	5.0
0425245330	5.0
0425191060	4.0
B00FJ5QKAA	4.0
0061230987	4.0
038551350X	5.0
0738204420	5.0
0557083257	5.0
0741436205	3.0
B008R2O1FI	3.0
0143034480	5.0
0345436520	4.0
1493722921	5.0
B006U6NDOS	2.0
0751550213	5.0
080073419X	5.0
1612182917	5.0
B00J732838	5.0
0380794802	4.0
1491097434	1.0
B00993KQLM	5.0
B00KD1BIK2	5.0
B00IFV9ZI4	5.0
051511801X	4.0
1414373635	5.0
0674021924	5.0
B008654SO0	5.0
B00IEQO2ZG	5.0
1469955989	5.0
1936608367	5.0
B00JQML89K	5.0
0615492398	5.0
0312363508	4.0
0983571708	5.0
0451172817	5.0
1499529945	5.0
038551705X	4.0
0670033952	5.0
0843960531	5.0
0786716223	5.0
B00E5DNPY6	5.0
0812977793	5.0
0340839937	5.0
0373290756	4.0
146626568X	4.0
0966352998	5.0
0765335441	5.0
0615567622	5.0
B004Z88OMY	5.0
B00L3J9Y72	5.0
B00AL48O3U	5.0
147839272X	5.0
B004WLOGYE	4.5
0451406990	5.0
0684824906	5.0
B0051GTAP4	1.0
B005JSPBV6	5.0
B00GW9J3G0	5.0
0312610637	5.0
1466243430	5.0
0310435641	5.0
B00LJKGSZQ	5.0
125710473X	5.0
1483406997	4.0
1401215734	4.0
0981956866	5.0
1470199173	3.0
0615700764	5.0
B00JZ6VRMA	5.0
B004WOXR8W	4.0
B004GXB3ZI	2.0
B003VRZH84	4.0
0440223342	3.0
0425256960	3.0
031298586X	4.0
B00K33OLBI	5.0
B00F9AJXYA	1.0
B0022NGHXC	5.0
0670015350	5.0
B00605XBQ4	5.0
1480218197	5.0
B006LU8QMM	5.0
B00LE04UB0	5.0
B00E3MCPRC	5.0
0615382827	2.0
B00GG2DWO2	3.0
B00703HTGS	3.0
0984448802	5.0
1593157436	4.0
1940788005	5.0
1463771738	5.0
0615577830	4.0
1452882789	5.0
B00GWQLEDS	5.0
1879505096	3.0
068482793X	5.0
1611940109	5.0
0825305977	3.0
0062303112	4.0
B00HZX6UL8	3.0
0007230028	5.0
098902590X	5.0
B00F9FM9KU	5.0
B00D6FI1Q6	5.0
B00JFYNPPO	5.0
0807101508	5.0
B004XZSJUQ	5.0
B00KGM0DM2	5.0
B00KQXO2YG	5.0
1481800574	5.0
1495348849	5.0
1781593205	4.0
B0031RHNZY	2.0
1857151488	5.0
1479370118	3.0
B00A3VMH70	5.0
B00KG14EGO	5.0
0985363819	5.0
0452297036	5.0
0451216954	5.0
B008I7N3O2	4.0
1449561454	5.0
0812570626	5.0
1477805060	5.0
1480269727	5.0
1493625810	5.0
1468145800	5.0
B00ACXP2TO	5.0
B00A4Q4FLK	5.0
1938529006	5.0
149378255X	5.0
0425240584	5.0
0983945209	5.0
1492252360	5.0
B009EIZDGU	3.0
9810822979	5.0
0446554979	4.0
0983074100	4.0
B004GXB3XA	2.0
1478174633	5.0
0312570171	3.0
B009JJL3VS	5.0
B00K7Q900I	4.0
B004H1T7MK	5.0
B0092QKWVU	4.0
098239022X	4.0
146641300X	5.0
1439258880	5.0
B00H8XMXMU	5.0
B00L4KTK6A	5.0
192699745X	5.0
0992824958	5.0
097677884X	5.0
0465011233	5.0
B00K91URFS	5.0
0765331004	4.0
B005IDV2J2	4.0
1492287881	4.0
B00E18ABHE	5.0
1478226307	5.0
B00KDSMZKW	5.0
B00KXN5F5E	5.0
B00JCVX1G8	3.0
0528885820	2.0
0375413170	5.0
0553587641	1.0
B00GK50H66	5.0
B004HYHAOE	5.0
1936955105	3.5
0451226313	4.0
1484824008	5.0
B004ZUS1TI	5.0
0991426517	5.0
055743100X	5.0
B004DCB3KW	4.0
0373291132	3.0
B005ETC7S0	4.0
1480111422	5.0
0312249195	5.0
1479399841	5.0
0957681240	5.0
0615280994	5.0
B00IKUWE0G	5.0
B00I3KRXHW	5.0
B00ENSSRDW	5.0
045122017X	5.0
1481828029	5.0
B00JRPGALC	5.0
1594745056	5.0
1482637057	5.0
1499591918	3.0
B00EWOW030	5.0
B00J6N75ZA	5.0
B00FEQPKWI	5.0
B00KH70Y7U	5.0
0931674395	5.0
0393013995	5.0
0465078354	5.0
B00JKUGRYE	5.0
1937311007	4.0
1400008654	4.0
B00LD9YIV4	5.0
0300104669	5.0
B008WBSWY0	4.0
B00ICYL98S	5.0
0615520065	5.0
B008OZYP90	5.0
B008J79J5I	5.0
B0095RETCY	5.0
1927337380	5.0
0986843717	4.0
B00H9KENB6	5.0
0310293294	4.0
149420827X	5.0
B00JNI1EF0	5.0
B004CFBINC	5.0
1559723718	5.0
0578020750	5.0
B007034J52	4.0
0307353486	5.0
0758238452	4.0
0312368461	5.0
0956908632	5.0
0451161343	5.0
0679423087	5.0
B00D1WJBIG	5.0
B005MCDTA4	2.0
1591026989	4.0
B00INIXSMI	5.0
0983797803	5.0
B00IBHT2KS	5.0
1426700695	2.0
B008FS5KK4	5.0
B0041KL6TY	3.0
1781763690	4.0
1468119559	5.0
039444311X	5.0
1477612742	5.0
1582703795	5.0
1470027313	3.0
0316180661	5.0
0553109537	5.0
1479282804	5.0
0007386648	5.0
0393061639	5.0
1479128317	5.0
B00854N1AE	5.0
0307340198	3.0
0451232119	5.0
1477408398	5.0
1939416019	3.0
0373771495	5.0
1492202940	5.0
0991057023	5.0
1495983293	5.0
B00KHAMZEW	5.0
0394406192	5.0
159058256X	5.0
086527343X	4.0
B00C1O9UCM	5.0
B005VRZXOA	4.0
8292944125	5.0
193596139X	4.0
B00B57OKQM	3.0
0684838613	5.0
B00CMN90JK	5.0
0615945996	5.0
1463604815	5.0
0373295529	5.0
0330517783	5.0
1492776254	5.0
0823029522	3.0
0679423907	4.0
0345803485	2.0
B009TF5XSQ	5.0
0451457730	3.0
1452840903	5.0
B00BJ92ZBI	5.0
B009NNAC1C	5.0
0595094368	4.0
0425217302	4.0
B00AL6JXJC	5.0
B0074897LE	5.0
1463726376	5.0
0671035355	3.0
1590173031	5.0
0988877953	5.0
0986934127	5.0
0965673979	3.0
B009JZ1HAY	5.0
1477518703	3.0
B00C1SL34G	3.0
0615970958	5.0
B00I6DDCRG	5.0
098684375X	4.0
0446698679	3.0
0373294212	5.0
B00IKUILJO	5.0
1478223200	5.0
156025355X	5.0
