0545170931	5.0
0027109917	5.0
0778315339	3.0
0140383956	5.0
0425252817	4.0
0805093079	4.0
0470556862	5.0
0345528816	5.0
B008H4LX3O	5.0
0140047573	2.0
0330449605	4.0
0981951244	5.0
1426204205	5.0
0316069434	4.421560035056967
0692000399	5.0
1478323035	5.0
1617690309	5.0
0399156909	3.963592233009709
1478268336	5.0
0778315118	5.0
0385349173	4.0
0345528840	5.0
0385736800	4.0
0375758992	5.0
0446576077	5.0
0399158081	5.0
0062227076	5.0
1586216864	5.0
0778316203	5.0
0312577214	5.0
0525952977	4.45474372955289
1411665899	5.0
1439170312	4.0
0307341542	4.0
0758285493	5.0
0670024783	5.0
B00BQWHLRG	5.0
039574010X	4.0
0007101880	5.0
B00IQEAFJ8	4.0
0425259692	5.0
061572647X	5.0
1416563687	5.0
149440477X	5.0
B00BVJG256	4.0
0307704254	5.0
0061257095	4.421777221526908
0439136350	3.0
0425154114	3.0000000000000004
1455522317	5.0
1569246211	5.0
0385343205	5.0
144245413X	2.0
0385537859	4.624314442413163
0936240180	4.0
1451699387	5.0
1595547088	5.0
0066212375	4.0
1455525839	4.0
0345528875	4.797297297297297
B00HZZMUEC	3.0
1439102430	2.0
1250007151	5.0
1250024706	3.0
0062289748	4.0
031621082X	5.0
0399162380	4.527740189445197
0316001821	3.0000000000000004
125000098X	4.999999999999999
1453818030	2.0
1455521248	5.0
B004SOQ0SK	5.0
B007TNPDV2	2.0
0312655479	5.0
1250000971	5.000000000000001
1401341705	5.0
B00A6GP4NG	3.0
0380730200	3.0
0061135879	4.0
0373002238	5.0
0142422061	5.0
0316055433	4.0
1594488398	2.0
B008H6GJRM	5.0
0989508404	4.0
1442369183	5.0
B00AR3O6SM	4.0
0425267040	1.0
0007327064	4.4561403508771935
0778327132	5.0
B00BCLIGWU	1.0
1439178232	4.0
0786891432	5.0
B004SBO41S	4.0
0062064851	5.0
0758274793	5.0
0807528676	1.0
030727179X	2.0
0061257052	5.0
067179552X	4.0
1451686668	5.0
1419711326	5.0
1611099528	5.0
0141337079	4.0
006100717X	5.0
1467964409	5.0
1620930900	5.0
0307476073	5.0
0099464462	4.0
0425180034	5.0
0310421314	5.0
1564770419	3.0
0553593099	5.0
0451418433	5.0
0439399319	5.0
0307932583	4.479827089337176
0812985044	4.0
0470438991	5.0
B009B11BKW	3.0
0307943232	4.099459459459459
193888678X	2.0
B009YHLQ5S	5.0
B0092XHPWM	5.0
085720341X	4.0
0595314465	4.0
0452296366	5.0
B004H1TCXO	4.0
0141012250	3.0
1611942926	5.0
0790761394	3.0
0062136585	5.0
0425259862	1.0
1476762066	5.0
1933494697	5.0
159554903X	5.0
0451229215	5.0
0446401269	4.0
0446527033	4.0
1410433552	5.0
1419710443	5.0
B00IRHP1DY	3.0
B009WD94WG	5.0
1611098874	3.0
0739420232	5.0
0446195979	5.0
0425126064	4.527511961722488
0312352557	3.0
0345347951	5.0
1455527203	4.3471153846153845
0470529679	5.0
0062073125	5.0
0743492838	4.0
1603183817	4.0
0316210684	4.417989417989418
1931890765	4.0
0061706264	5.0
0312353812	5.0
0425264394	4.0
0312374984	5.0
0312539517	3.8772782503037666
1250014522	4.0
0307990893	4.0
0446532436	3.0
0060878061	3.0
0062208985	4.0
0425243214	5.0
1449410243	4.0
0061626422	5.0
1250032350	4.4860088365243
0307956350	5.0
0718178122	5.0
0312651244	5.0
0425173550	5.0
1612181953	3.0
0062217208	5.0
0743572319	5.0
0446364266	5.0
0007204396	3.0
B00BFT4WOA	2.0
1611097975	4.0
1937872068	4.0
1442362383	3.9663250366032217
0307387941	5.0
B00F73NIGI	5.0
1442363479	5.0
1608323803	2.0
1455549657	4.0
0399155686	4.0
0425213862	5.0
0312631669	4.5
1466386916	3.0
0312611617	5.0
0060539097	5.0
0241951615	2.0
0399164154	5.0
144235321X	5.0
0786890746	5.0
0142421375	5.0
0316240079	4.0
0451415345	4.0
0425252183	5.0
0061083089	5.0
B006G5SFA0	2.0
0843958359	5.0
0440217164	4.0
0312594429	5.0
1451655789	5.0
0373593880	1.0
0007172826	4.0
1479238112	2.0
1455831735	3.0
0312313195	5.0
0399164146	3.976470588235294
0062073168	4.5840266222961725
0374230595	4.0
0316176486	3.0
0743211189	5.0
042524461X	5.0
1612182712	2.0
0446553972	4.0
0399157565	3.1870629370629375
0060930934	5.0
0140053204	5.0
0316225851	3.44043321299639
0230755062	2.9999999999999996
1416571736	5.0
0446583146	5.0
0778324842	5.0
1451644299	5.0
0062223127	4.027982326951398
0007189958	4.0
0761177450	3.0
0061930237	5.0
0307932508	4.999999999999999
0936184744	5.0
0778324850	5.0
0143119095	3.0
0849900417	5.0
0984125868	4.0
0399159738	3.0
0545652200	5.0
0060765240	5.0
0957150733	4.0
0064402053	5.0
B00GPWHY4W	5.0
0316211230	4.502262443438914
0446514152	4.0
0942018176	5.0
0312354568	3.0
0743597923	3.0
B0056IALCS	1.0
0143121162	4.0
1400096421	2.0
0385343191	5.0
1477818243	4.0
0385336667	5.0
0316211222	5.0
0062118021	1.0
1400166551	3.0000000000000004
125001980X	5.0
0316097462	4.0
0425267997	4.0
145166737X	4.0
0525953493	3.9720176730486005
0312306261	4.0
0399146237	3.96049896049896
067102342X	1.0
0399159304	4.346795434591747
0316097497	5.0
1934135259	5.0
0345505336	5.0
0345521307	5.0
1250014360	5.0
0515149985	5.0
0307932540	4.772665895061729
1582342849	2.0
0316198463	4.0
0312352573	5.0
0062065246	3.0000000000000004
B00B09I8UE	4.0
0061370495	3.0
0399158685	5.0
0316969680	5.0
0399160760	4.497737556561087
0739456741	4.0
0316969443	3.0
0062311077	5.0
1250027659	4.0
052595239X	5.0
1477649921	4.0
0312651317	5.000000000000001
1611099080	5.0
0399160752	5.0
1401324800	4.999999999999999
0671776126	5.0
0385737386	4.0
0778316815	4.5139911634756995
0439399300	5.0
0553818171	3.0
0399162925	5.0
0399157573	3.0
0439064864	3.0
0848733231	5.0
0988771373	3.0
1451691696	2.0
B00A0XQ9UW	4.0
0425270084	4.0
039916250X	5.0
1626340463	5.0
0425251322	5.0
1480033162	5.0
1451617526	4.0
1442361557	5.0
0099558068	4.0
0312428812	4.0
0425252892	5.0
0312342160	3.0
0988115123	5.0
1420121693	3.0
0399159347	4.999999999999999
0439139597	4.0
0446580279	5.0
0989481700	3.0
1466462736	5.0
0446601853	5.0
0778314413	5.0
0312600151	5.0
0399151613	1.0
0857208675	4.6679960119641075
B00DGCIVIW	3.0000000000000004
0307265838	2.0
0778325784	5.0
045123796X	4.0
0062336592	4.0
0375508414	4.0
0312377045	4.0
0751536822	4.0
1602600716	4.0
1565125681	3.0000000000000004
0316211079	4.702166064981949
0385074905	4.0
0060598751	4.704000000000001
0399157387	4.656354515050166
0778314421	3.0
1844160815	5.0
1451693419	4.0
0374275637	2.0
1592538118	5.0
0312939019	4.0
0452287197	3.0
1250029465	5.0
0345505751	4.0
B006AA0I4M	3.0
0140230270	2.0
0307461351	5.0
031621129X	4.544386422976501
000745113X	3.0
0345544242	5.0
1611099285	4.0
0983911126	4.0
1416563725	5.0
0312588879	5.0
0399159312	4.608585858585859
1451606427	5.0
0375507345	5.0
0758269293	4.0
1484956745	3.0
0439023483	5.0
0425258394	5.0
0307272583	5.0
0553132431	5.0
1442361514	4.0
0451225708	2.0
0399161465	4.0
0399160132	5.0
0399164731	5.0
006218850X	3.0
014218036X	5.0
B0089C1I2U	5.0
0345505735	5.0
1447259297	4.4860088365243
147009469X	5.0
067002564X	3.0
0425252841	5.0
0439023491	5.0
043920352X	4.158024691358025
0812993144	5.0
0307272591	5.0
0345803590	1.0
1439102392	5.0
006204964X	5.0
0312370830	5.0
1612180183	4.0
1594485151	4.0
0316218952	5.0
B00A6TG75W	4.0
0857520792	5.0
0374180652	5.0
0373777922	5.0
0061348171	5.0
0385340559	4.0
B00FIN0UWW	5.0
0778314464	3.0
1401302629	1.0
0061657700	3.0
0345544293	1.0
1594486492	1.0
1402277822	3.0
0399159126	5.0
0778326683	5.0
0345505719	3.0
0135055784	1.0
0142180351	5.0
0375831002	3.0
B00JVTGQHC	5.0
1402239106	5.0
1451612060	4.0
0451410319	4.0
0778314472	5.0
0778313387	5.0
0312591837	5.0
147749040X	5.0
1902602684	5.0
1420121448	3.0
0316228532	3.0
0312383304	3.0
1439102767	5.000000000000001
0062279858	4.0
0345447859	5.0
097216748X	5.0
1481283804	2.0
0778314367	5.0
1491241454	5.0
1400067685	4.0
145162607X	5.0
0525953728	4.0
0545496020	5.0
1118422236	4.0
0312379293	5.0
0743418700	5.0
0615827047	3.0
B00BL3P5DW	4.0
0671041630	3.0
0061857521	5.0
0345515633	2.8433460076045627
0984131892	5.0
0307594882	3.0
1591862027	4.0
0399165738	4.0
0316210919	4.706275033377838
0778326594	5.0
1595230645	4.0
1250020026	2.4854227405247817
1250018196	2.0
034552893X	4.0
0345446542	3.0
1439152802	5.0
1476707723	5.0
1439102740	4.718414533443435
0671023179	4.0
0062082353	5.0
0316204269	3.505434782608696
073820949X	3.0
0439399297	5.0
0061099341	5.0
0671041649	3.0
0743554434	4.0
1455501514	5.0
0061950726	4.92221041445271
1461138612	4.0
1621570843	4.0
0061081841	5.0
1455521175	4.489230769230769
0989042936	4.328083989501312
0743418727	3.0
1479140945	4.0
145162803X	4.0
0375700692	5.0
1439193312	5.0
077832768X	5.0
0446363669	3.0
1611098114	4.0
0330450972	5.0
B00CK8CL0W	3.9758064516129035
B001QIGZSQ	4.0
0385321988	5.0
147741133X	4.0
1250012872	5.0
1479100676	5.0
1250034485	4.584905660377359
0373062664	5.0
B008MBTWGM	4.0
B00FQQ1A8Y	5.0
0399155988	5.0
0345388593	3.0
B00AOBEA0G	5.0
1439183724	5.0
1934841102	5.0
0316013943	5.0
0316037915	4.0
0345538552	4.0
0062073419	4.6465187452180565
0399164456	5.0
0805096663	5.0
0375812466	5.0
0061147958	4.0
0312580762	4.0
1451642512	5.0
0758227221	5.0
0316011770	1.0
098767174X	5.0
038536315X	4.828703703703704
0385344430	5.0
039916443X	4.0
0062073427	5.0
0060541431	3.0
0446531081	5.0
0307743926	5.0
1439156336	4.0
1616203218	3.0
1477805869	5.0
030758836X	3.1023255813953488
0345803507	4.133676092544986
0307588378	2.0
0758287518	2.0
0316210986	5.000000000000001
030728364X	4.0
0312360401	5.0
075828750X	3.0
B00DFIE80W	4.0
0786891319	3.0
1467946516	5.0
1478295856	5.0
0312539223	2.0
0062207393	5.0
1596988290	4.0
0143037145	4.0
073935650X	5.0
0778316130	5.0
0399162496	5.0
1441863222	3.0
015101423X	5.0
0062255657	3.0
0739474812	4.0
0142412147	5.0
1611099641	4.0
0307460185	5.0
0989042960	5.0
0778325091	5.0
0062257838	5.0
0312667574	2.0
042520135X	4.0
076033174X	4.0
0399164421	3.0000000000000004
0451413431	5.0
0399255370	5.0
B008PW30GG	5.0
0312642695	5.0
0439738199	5.0
030726999X	5.0
0099443635	5.0
B008LYMI0W	4.0
0399158812	3.165413533834586
B009XGD2DY	4.0
1612185142	4.0
0061128856	3.0
0739327364	4.5469853340575765
0780648838	3.0
0373777019	5.0
1591450748	4.0
0778327051	5.0
0446506699	5.0
0312992203	5.0
1423134494	5.0
050552712X	5.0
1469917297	4.0
1463501579	5.0
0061721557	4.0
B007B5EEA4	5.0
0399157700	4.661628883291352
1400108268	3.0
0345530888	4.0
0060742887	5.0
0060932813	3.0
1612183182	5.0
0316199869	4.0
0061013714	4.0
B00538EDLQ	5.0
B005LXW3JW	1.0
0307749649	4.0
0679783571	3.0
0446554995	4.447969543147208
B00BY8QIVW	3.0
1457514508	4.0
1612185134	4.0
0758278438	5.0
B007B5IDSI	5.0
1439178321	3.0
0439023513	5.0
B00EHMFBLA	1.0
076145683X	5.0
1439102724	4.0
1451646968	2.0
0143122746	2.0
0061231428	4.0
0385343175	5.0
0345542886	4.69533394327539
0060995130	5.0
0778327078	5.0
0399158618	5.0
0380711699	5.0
0375868275	5.0
0316069515	4.469086021505377
159789821X	3.0
1463731272	1.0
1557256349	4.0
0758253370	4.0
193514202X	5.0
0399134654	4.463607027608462
0385343183	2.0
0345539478	3.0
1451697252	4.0
0553268929	5.0
0061231401	4.0
045141411X	4.0
0930289528	5.0
0385296479	5.0
0425259706	5.0
0099429799	2.0
0345530446	4.0
1483970183	4.0
1481239473	5.0
0099911701	4.999999999999999
1475299850	1.0
0425245535	5.0
0399165126	3.0
1250016800	5.0
081170484X	4.0
0778324826	5.0
0062072188	4.4511525795828755
1455515558	3.9652173913043476
030795448X	4.0
0373778589	5.0
0385742576	4.0
0380817632	4.0
034554241X	4.0
0141310960	2.0
0525953086	4.0
0312383355	4.0
0446573051	5.0
0141337184	4.0
0312353723	5.0
0312349483	3.0
0452284449	3.0
1490353267	5.0
0739412302	5.0
0399158820	4.0
0738713007	5.0
0425264289	5.0
1416567356	2.0
0399157689	5.0
0758254091	4.0
1250019729	5.0
0143123238	5.0
0743296435	4.0
0425183262	4.0
0553246089	4.0
B00BHKO0US	1.0
0312150601	4.0
0982770502	2.0
0006476155	2.0
1611097835	3.0
0345532996	4.0
0974987670	3.0
0778314936	4.672943508424183
0307990745	4.0
1451692277	5.0
0399156585	5.0
0061094110	5.0
0778313840	5.0
0316018767	5.0
0345511832	5.0
0739427490	5.0
006143843X	5.0
0425245845	5.0
0316693200	5.0
0312583206	4.0
0312651236	5.0
0778313859	5.0
B005GA9B86	5.0
1844541320	4.0
0143124544	5.0
0758266057	5.0
0316166308	4.0
0399159843	4.324483775811209
0230015964	5.0
0470745762	5.0
0739476637	3.0
0446573019	5.0
0061083445	5.0
0778314715	1.0
0800732510	4.0
1455576646	3.4977375565610864
0764204971	5.0
0307948196	3.0
0061451614	4.0
1938383362	5.0
B007B5EE8Q	5.0
060631640X	4.464160560688116
0758280343	5.0
0399167293	5.0
0316101842	5.0
0758284942	5.0
1490536388	5.0
0312571259	5.0
0060820489	4.0
006172680X	5.0
141654318X	2.0
1419705229	5.0
0385338309	5.0
0373778708	5.0
1611940559	3.0
0230769152	5.0
0399900578	5.0
0778313883	3.0000000000000004
0446359637	4.344465648854962
B00G98B20Y	5.0
0743570537	5.0
1478267607	5.0
0316154520	3.0
0553593064	4.0
0061976792	3.0
0743496701	4.077547339945897
1452664862	4.0
1442367318	5.0
0778313417	5.0
0061094129	5.0
1400050596	2.0
0553808036	5.0
0743296419	4.0
097498762X	3.0
1401324924	5.0
0743454545	3.0000000000000004
0061941026	5.0
1477407200	2.0
0373777655	4.4860088365243
1612187064	4.0
B004OL2MHU	5.0
0345533666	5.0
077831474X	5.0
0385498799	4.0
0758284918	5.0
0984789383	5.0
0143122797	4.0
0399157697	4.758377425044091
0345533429	5.0
0758266022	5.0
0399156372	3.0
0765332582	5.0
0062132466	4.0
0525953116	4.0
0451192028	5.0
0060598891	5.0
014280018X	5.0
006085880X	5.0
0778314529	5.0
0971249180	4.0
0801021014	2.0
0987671723	5.0
0316056863	4.999999999999999
0425252779	5.0
030794834X	5.0
0307950433	4.0
0553584707	5.0
0743454529	4.6925157799819655
0743496728	4.0
0062121758	4.0
0316666009	5.0
0312357540	5.0
1442358254	5.0
0425252523	5.0
0987671715	5.0
080750615X	5.0
1608197638	5.0
1480504246	5.0
0006514006	4.5
1565123166	4.0
1442346272	4.0
0446547573	4.999999999999999
0743496744	4.121134020618556
0316097519	5.0
0385338317	1.0
0989819205	5.0
1476729956	5.0
0345533232	5.0
0345543041	4.476247641913908
006180679X	3.0000000000000004
0316206849	3.488269794721407
0615592392	5.0
0425241890	5.0
0399160671	2.0
1495931242	4.0
1461130174	5.0
0385538499	5.0
0743454502	2.560567010309278
B008DVVLYW	4.0
0989819213	5.0
0345803450	3.0
1481260537	5.0
0451412656	4.0
0141039280	5.0
0349108706	1.0
0425202011	5.0
0060527242	4.0
0062200577	4.0
0670026611	5.0
0743496760	3.0
0307743659	5.0
0007386648	5.0
0399159266	5.0
1932273190	5.0
0451221230	4.0
0425246043	5.0
0758286716	5.0
1602862567	5.0
0446572985	4.617846750727449
B006ZAGYEK	1.0
0446353930	4.0
0060598840	4.0
0553564722	5.0
006230559X	1.0
0739334670	4.0
0989042901	4.455650060753342
B00772HVMY	1.0
0060798904	4.0
0743266641	4.0
0345803485	4.0
0980017106	5.0
0345504992	3.0
1476704414	5.0
034553302X	5.0
1477849262	5.0
0345543084	4.149945474372955
0803739397	3.0000000000000004
B00DK8L8Z0	5.0
0375834869	5.0
0399159010	4.999999999999999
1455517062	4.0
085720873X	4.0
1423122607	4.0
014242613X	4.0
1612183786	5.0
0062294822	5.0
1623650860	4.0
1460995457	2.0
1250019990	5.0
0307960498	3.0
0060955260	5.0
0425259374	5.0
0060098902	5.0
0345803493	5.0
043935806X	3.0
0553108441	4.0
1416925309	2.0
0671034499	4.0
0142180246	5.0
0843961090	5.0
1451691173	4.0
0517577003	5.0
0345528921	4.170035671819263
1250019982	4.541558441558442
1442366087	4.0
0765329581	4.0
031232135X	5.0
