0982887590	4.0
B00AXLV0CI	5.0
0987192515	5.0
031028984X	3.0000000000000004
1439127700	5.0
B00CW1D0CK	2.0
0615670105	1.0
B00BDAIDQ4	5.0
0743475062	2.0
029764680X	5.0
1937178455	5.0
0307591247	5.0
045123278X	5.0
0764206370	5.0
B00GJQEGO0	4.0
0140361243	4.0
0140254544	1.0
0156007819	2.0
B00H8TB6U4	3.0000000000000004
0425256960	2.0
1484956915	5.0
0399155937	1.0
0986934100	4.0
1484188497	5.0
1461144167	1.0
B00CATSONE	5.0
1565639774	4.0
0801886317	3.0000000000000004
148195282X	2.0
0312577206	5.0
031235195X	1.0
0965596168	5.0
1490415416	2.0
0316210919	3.0
1402716028	1.0
0061043575	5.0
B004AYDLUI	4.0
0061450553	2.0
0321116208	1.0
0385504519	5.0
0425190021	5.0
0143038788	3.0000000000000004
019517559X	4.0
0984660739	5.0
B005VGNELU	3.0000000000000004
1411665899	5.0
0446527793	1.0
1482616319	3.0000000000000004
B005PK42BS	4.0
B00HVI5P2C	3.0000000000000004
157322314X	1.0
1467946826	5.0
0062062999	2.0
1490432868	4.0
1467917109	2.9999999999999996
1480092681	5.0
B0052ZG6U6	4.477497255762898
1461027756	5.0
1480183679	2.0
0985259108	3.0000000000000004
0811733335	4.0
B004EYUELS	3.0000000000000004
031032906X	2.0
1935597345	4.0
0545450292	3.0000000000000004
B00FV4IT7Q	4.0
B00HE4Z51Y	3.0000000000000004
1461471370	4.0
0843957352	5.0
B00AJIWRZY	4.0
B00J89MKNE	4.0
0983562164	3.0000000000000004
1479229814	4.0
B00HVLQERY	4.0
1426714599	2.0
0785211578	4.0
B004GXB2DG	4.0
B00BQMEPV6	2.0
0393315193	5.0
143917282X	1.0
1890085006	4.0
1470001926	3.0000000000000004
1892391856	3.0000000000000004
1489522409	4.0
B00I7EOX68	5.0
0300058217	5.0
0751549118	5.0
0985159022	5.0
0385241933	2.0
B00BKCUTVW	2.0
1559702028	5.0
1938529006	5.0
0470565527	1.0
0060930055	1.0
0615347347	4.0
1492123595	5.0
0425269205	1.0
0340933895	5.0
190460028X	3.0000000000000004
0983952418	5.0
0553280511	5.0
0786016094	4.0
B008IXE44E	4.0
0060818271	2.0
B00JJGLVOU	3.0
1937041115	3.0000000000000004
B00E9BMAOU	4.0
B00ATI4MLQ	1.0
1426702256	2.0
047091033X	1.0
B0085OFE8G	5.0
1470190044	3.0000000000000004
145162137X	4.0
B0065PGF9E	5.0
B00AB1Z3R8	3.0
0062224840	2.0
0740706497	5.0
0615771106	2.0
B00GZR2NZC	3.0000000000000004
B00CJK8LIW	5.0
034580404X	3.0000000000000004
B005G6CB5U	4.0
0756619475	5.0
1477817506	3.0000000000000004
149613009X	4.0
1478295856	3.0000000000000004
1304846210	4.0
015600710X	5.0
0820310263	3.0000000000000004
0739458213	1.0
B00GTLPGN0	4.0
B009D5IZAK	1.0
0060890096	1.0
1448635403	3.5411392405063293
0385523904	5.0
1494321378	3.0000000000000004
1470067986	2.0
0971222096	3.0000000000000004
0758211910	4.0
B00GPA0WPW	3.0000000000000004
B005FEBMEO	1.0
0739474812	5.0
B005NKC6UY	2.9999999999999996
1613755260	3.0000000000000004
0312853238	3.0000000000000004
0140154957	5.0
B00DL5T200	2.9999999999999996
0451230485	5.0
0141188936	1.0
0738820024	3.0000000000000004
0307730042	4.0
0312850093	3.0000000000000004
0316036919	5.0
0615619398	4.0
0955856108	4.0
0978983114	2.0
B00D8J8Z16	2.0
0615473350	3.0000000000000004
0060528370	5.0
1475119054	3.0000000000000004
B001FB5T4K	4.0
0385015836	5.0
B005PG5I4C	1.0
0393062244	2.0
B0083PN2QI	3.0000000000000004
B00697UWA6	3.0000000000000004
1612511384	2.0
0470085029	5.0
B00AEWGPS0	3.0000000000000004
1590599543	5.0
1453885765	4.0
0557175216	5.0
0764208942	5.0
0385732813	1.0
1401340873	5.0
1456309501	3.0000000000000004
1477848827	4.0
0547059078	5.0
0147509734	5.0
147813223X	4.399171270718233
0739448919	1.0
0465010210	3.0000000000000004
1934666300	1.0
B0045U9UES	3.0000000000000004
0061957895	3.0000000000000004
080419257X	2.9999999999999996
0575077859	5.0
0979518229	2.0
1475039573	1.0
0935278419	5.0
0440506492	1.0
0062231294	5.0
0805425551	3.0000000000000004
1477817522	5.0
0988564319	5.0
0340951699	2.0
0935701206	2.0
0812971892	2.0
055214262X	5.0
0544264975	2.0
0141001828	5.0
1482523957	2.0
B0084A1W7I	4.0
0061713287	5.0
0800733592	5.0
B00GJBUZ7W	4.0
0446573647	4.0
0986594253	2.9999999999999996
0143170090	2.0
B008X3NCRE	5.0
0803476191	1.0
0786014539	5.0
B0071DLTTK	5.0
0983952450	5.0
0989464105	2.0
B004XHZ0EC	2.0
1935670484	5.0
0505528495	4.0
038553292X	3.0000000000000004
B0046A9U9W	4.0
1897562454	4.0
0553591703	4.0
1594745277	2.0
0446554995	4.0
1492917133	3.0000000000000004
0741436205	3.0000000000000004
B007FIQMHU	4.0
0062199552	4.0
0451526473	1.0
B004E10W0E	4.506416584402764
B008AP818K	2.0
B004GNFMLO	2.9999999999999996
B005CW50GK	2.9999999999999996
0875793266	5.0
1475181221	4.0
0300122551	3.0000000000000004
1603425438	1.0
B009RK4H12	5.0
1475104421	5.0
0982946171	5.0
1475185022	3.0000000000000004
1937329305	2.0
0983992207	4.39821029082774
0061766720	2.0
0615481035	1.0
B00F1MU458	1.0
1479207195	5.0
055357258X	3.0000000000000004
0505527847	4.507687529119429
006093056X	2.0
0938817663	5.0
1463709056	5.0
193402841X	5.0
1401310915	3.0000000000000004
1453618708	4.0
1250004721	3.0
0764524984	5.0
0615447902	2.0
1482568276	4.0
0985865407	2.0
1939344034	2.0
0743573641	2.0
1439187002	4.0
B007JNP67S	2.9999999999999996
B005HRSUS0	4.0
B00D6VIRE6	5.0
0615432425	2.0
1612184421	5.0
1477648577	1.0
0963942980	5.0
1560256931	1.0
0694524034	5.0
B0093MU7QS	1.6350364963503647
1451588496	3.0000000000000004
0553212338	4.0
B007WE39CI	1.0
B003RWS5Q4	4.0
B00JGTAR4A	4.0
031612611X	4.0
B003LSSPCS	5.0
B004LZ55C8	1.0
0060577339	3.0000000000000004
0062271954	3.0000000000000004
1451638566	2.0
B003XVYJ2S	2.0
B00B1XVBI0	3.0
B004HO60GS	1.0
0983392900	1.0
147937136X	1.0
1426700245	4.0
0615433766	3.0000000000000004
1596981008	5.0
0307453375	1.0
097857320X	5.0
B00AHRE74G	5.0
1477809732	4.0
0312360258	2.0
B002N4ZDGW	4.0
0615599095	1.0
0982875819	4.0
B008D50JG4	5.0
1469208547	5.0
B00E72ZXLS	3.0000000000000004
1466243430	4.450188156070509
1484169778	4.0
B0080AGLEQ	5.0
0544262174	1.0
0802117155	1.0
B00CLCKKX2	1.0
B00C10MB36	2.0
031232135X	5.0
