0778314006	2.0
0385528701	4.450925054876136
0451234065	1.0
0307394972	3.0
0615879179	5.0
0470084693	2.0
034071820X	3.0
B00466HTA8	3.0
0142001740	5.0
1494400626	3.0
B009GB6D0K	1.0
1593156219	1.0
0316001635	2.0
014311638X	3.0
0375422722	5.0
1608320502	3.0
0330449605	5.0
1416913629	3.0
0307265439	1.0
0812981618	3.0
B002V09184	4.0
B0084AXZRI	4.0
0786888458	3.0
0062060554	3.0
1453887660	3.0
0385344074	3.0
0821762273	2.0
0385660065	4.922215892908003
0743597281	4.0
0316196991	4.0
0006551807	5.0
0356502465	5.0
0060559349	3.0
0786022124	1.0
0316098329	2.440753752794634
0743238524	4.0
0002007770	4.501151189562548
0143124544	5.0
0743554434	4.86392354318335
0843941561	4.0
0061558230	1.0
0446533424	2.0
0141027592	1.0
1933494050	5.0
1463610068	2.0
0452152984	3.0
1937698971	1.0
1479370118	2.0
0091800951	5.0
0312351623	3.0
1416599061	3.0
1594741751	5.0
0873495101	3.0
0439136350	4.674588665447898
0446562416	3.0
1935597345	3.0
0061374229	2.421539478031054
0812976843	3.0
1907016414	5.0
1481252143	3.0
0310315476	1.0
0060987103	2.0212097407698355
0446360856	3.0
1481904671	1.0
0141034262	4.12351945854484
0307395987	1.0
1402261187	3.0
1401311040	3.0
1416534628	1.0
0062069284	4.0
0060972777	3.0
0679009396	5.0
0340979496	1.9334916864608076
0385339518	5.0
0143142801	3.0
0061122416	2.753316600932234
0316011770	3.0
B008BM9IO8	1.0
0374520380	3.0
0061429252	2.0
0452296293	2.0
038536315X	2.0
0142401595	5.0
B004W9BX7Y	1.0
B005C5YZ86	1.0
0143142372	5.0
0316159417	5.0
030758836X	3.0
B00E0VDEDK	5.0
0399155848	5.0
1463518293	3.0
0310259347	1.0
030728364X	3.0
1889242217	2.0
0451159497	5.0
0143423118	2.0
0099526409	5.0
1451660847	3.0
1477817751	3.0
B005HF2V6E	3.0
0739458213	3.0
0375411798	1.0
0857521012	4.0
043902353X	5.0
0061573132	4.0
1401351964	1.0
B003UBTWDM	2.0
0739474812	4.5608108108108105
0739359339	4.0
0786865059	3.0
0142002887	4.0
1612182186	2.0
0307957934	3.0
0151013047	2.0
0743266102	5.0
0452288096	4.0
0738211087	1.0
1482008262	3.0
006085880X	2.0
1414335962	1.0
1481836579	2.0
1477619011	2.0
0553382632	3.0
0312422156	2.0
1469259273	5.0
0316056863	3.0
0743569628	4.0
0099464462	4.817610062893082
0399159347	4.016791711325473
0312319142	2.0
0099443635	5.0
1416585850	5.0
0786891459	5.000000000000001
0842322973	5.0
0880707755	4.0
0060735414	4.0
0743496728	2.5
1476744084	3.0
0857201360	1.0
0375410562	3.0
0385336608	5.0
0307943232	3.0
067141125X	3.0
B006AWFLZ6	1.0
B00HRGXNQS	2.0
0061977969	3.0
0842364390	2.0
1601402317	3.0
0198326769	4.59788825340959
B002ASASR0	2.0
0425213838	5.0
0786017295	3.0
0060175400	3.0
0143034901	4.890307245356104
B004W0IJCU	1.0
B004TRUYZG	2.0
068987474X	4.0
0143118706	2.0
0316168688	2.0
1583140530	2.0
1481835262	2.0
0385340990	4.524401064773736
0007444117	4.0
0767929357	2.0
B007NBCCA0	1.0
1449524478	1.0
031604461X	3.0
1903931843	4.5147975077881615
0986631051	3.0
0345532015	3.0
0312583192	3.0
1440721726	3.0
0345531965	3.0
0310714885	3.0
0141039280	3.3998073217726397
B004XVZQA6	1.0
0767926765	2.0
0736919244	5.0
1573221937	1.0
1400031664	1.0
0061963070	2.0
0099525259	3.0
0312427085	3.0
1482314487	3.0
190776190X	5.0
0143112287	5.0
1414313454	4.0
B00BU7KBRE	1.0
0689808828	4.0
0743264916	4.0
0553382152	3.0
B00H3RNTT2	2.0
0352341394	5.0
0316243922	4.5
0060746904	1.0
0062105620	3.0
0758222610	2.0
031230434X	4.0
0007201796	5.0
0375412824	2.0
0316069515	3.0
074346625X	2.0
0091779251	5.0
039592720X	4.0
0143038419	1.0
0345513657	3.0
0312370830	3.7136958017894015
0307741907	1.0
0812977793	2.0
0765310872	1.0
0743243307	1.0
0842305068	5.0
1439193002	2.0
0312282990	3.0
B00AN1UP2O	5.0
0345803485	1.365453818472611
0151010196	5.0
0778314340	3.0
0141024712	1.0
0307273571	3.0
0758222637	1.0
0399159010	1.0
B006G0VGX8	2.0
0007271166	5.0
0821280147	2.0
0307590615	1.0
0375831002	5.0
0143117149	1.0
0736424563	5.0
0375410627	5.0
0446585025	4.0
0312283709	2.535266457680251
0452289459	1.0
0316129089	2.0
B0041D8UQI	1.0
0060098902	3.0
0743291476	3.0
073932506X	5.0
043935806X	5.0
0007442920	4.0
0975599518	1.0
0786016108	1.0
0312305338	4.0
1600851207	2.0
1926997964	2.0
1594868549	3.0
0758216769	3.0
