0425226085	5.0
0988742942	5.0
B00JZCLT7W	4.0
0399157565	4.0
B009IV378Y	4.0
0061992704	4.0
1601549431	2.9999999999999996
159109805X	4.0
B00GSCIIXA	4.0
1480276855	5.0
1466202815	2.9999999999999996
B004SUP1XO	2.9999999999999996
B0095YE84Q	2.9999999999999996
1939193923	5.0
0778324842	5.0
B00B2F3W0W	1.0
B00F9UP2FE	3.0
B00ARYTU64	4.0
149353985X	5.0
160601286X	5.0
0989450252	5.0
B00I4FFXI2	5.0
0758221851	2.0
B00FJE98BO	5.0
0451417054	4.818700413087665
0449006832	5.0
0988707489	3.0
1939786177	5.0
0425226743	5.0
0060523387	5.0
0425255662	5.0
B00EFPNV1G	5.0
0989269868	5.0
0316098329	5.0
0515152889	2.0
1250038944	3.0
B00H95FRQG	2.0
B00JNRLOEW	3.555555555555556
0758220413	1.0
0738718726	2.0
1938404238	4.0
098321252X	2.0
0451229851	4.48943661971831
B00DSOV3QK	3.0000000000000004
0451235843	3.5000000000000004
0312368720	1.0
B00CKZH1DC	5.0
1402258224	2.0
B00CP8MUQC	4.0
0988295504	2.0
0425226298	1.0
0425226050	5.0
193755158X	5.0
B00I481KAE	2.0
1455520640	3.0
B00AK2UISW	5.0
1939962315	3.60427807486631
1493755544	4.0
B00HZ3NG74	2.9999999999999996
B0032UDUSY	4.0
B008R9U308	4.489596083231334
0373792824	4.999999999999999
B0081NXWGM	4.0
0615945694	5.0
0425263150	1.0
B00EANAGSE	5.0
1477680055	4.0
1494282011	4.0
B00H00USMS	5.0
1494957612	2.9999999999999996
B005Q9ZW9O	1.0
B00K9SPQOS	5.0
B00CC68G7Y	4.0
0758203381	1.0
B00BF6SZKA	1.0
B00HR03O7W	5.0
042527229X	5.0
1490367276	4.0
1484168038	4.0
0373803567	5.0
1490922288	5.0
0765317680	1.0
B00IGBG96E	4.0
B006E1A7W0	5.0
0804177015	5.0
1419970585	4.0
0373778287	5.0
1940415217	5.0
0425269205	2.510403916768666
1609288939	3.0
1492119237	5.0
1494378787	5.0
B00GMBZI0S	5.0
B00FV96TPU	5.0
0425256480	2.9999999999999996
1494968525	4.0
B00FM53CRG	1.0
1495960234	4.0
0373790708	5.0
B00F1W0RYQ	4.0
1939865220	3.0
B00HNXD9QO	2.9999999999999996
1626491321	5.0
B00AI0LWMW	5.0
039916443X	2.9999999999999996
B00DJ725FO	5.0
1606012398	2.0
0983212546	5.0
B00GFEZ9BU	2.9999999999999996
0061208590	3.510403916768666
B00G8H2EQW	4.0
0373776411	2.0
B00IMIU8UY	4.0
B00DUJDK3W	5.0
1614954585	4.0
B00JY0AEDK	3.0
B005950L46	5.0
B00GQJUACC	4.0
0989972887	5.0
B00DKCZ9S8	3.0
1477817506	2.0
B005SJQV92	2.9999999999999996
B0055PTGYG	3.0
B0048EJUEQ	5.0
B0096FQHI4	3.0
0988812517	5.0
1466276983	4.0
1484179749	2.0
B0077K4UI4	2.0
057805339X	2.9999999999999996
0615810756	1.0
1495459225	5.0
B00CLECRMC	3.0000000000000004
0345515579	2.9999999999999996
B00I0HESDA	4.0
B00IGMQJ3Q	2.0
B00DTXZZE6	1.0
1609284674	2.0
B007BK45N0	5.0
1492301205	4.0
0425270793	3.0
0060591102	5.0
0615968120	5.0
B0055UP87U	2.9999999999999996
B008X47E8G	2.0
B0058E8U8C	5.0
1939786193	5.0
B007VUIMN4	5.0
1494724693	2.0
B00HY2ZQC4	2.0
0451239350	5.000000000000001
B001HQHCBQ	4.0
0399156879	5.0
B00KOSOX2O	4.0
B00I5QU2B8	4.0
0451234340	1.0
B006FDAF42	5.0
0451228219	2.0
B00I4C9DR2	5.0
1497455456	5.0
1455578312	2.0
1451671601	5.0
B00EGMV24G	4.0
1494386631	4.305343511450382
1479238600	2.0
1250023823	4.0
0060892056	5.0
B009X1YZEE	5.0
1475221371	3.0
B00KP4GOHY	4.0
B00E3UW03S	5.0
1492200948	3.0000000000000004
0373793189	5.0
B00KFLTOV0	5.0
1939820227	2.0
B007P7ZW6S	2.0
1495960390	4.0
B00JA26VAW	4.0
0373278055	5.0
0515131679	5.0
1492895016	4.0
B0086OEU4E	5.0
1480039810	2.0
1499707975	5.0
1492375675	3.0
146117452X	3.0
B00IKN7WVY	1.0
B00IM1C7E6	4.0
1491282029	5.0
0425258742	2.0
B00H3R6TVC	4.0
1618859072	2.0
1608203603	5.0
045123801X	3.647773279352227
0983797587	5.0
0451215923	5.0
0440246512	2.0
B00J9VMEFU	5.0
0399157700	5.0
0143170090	2.9999999999999996
1605042943	5.0
0557212502	2.9999999999999996
B00ETEB5QQ	4.811764705882353
0756610060	5.0
B0057G5BQ0	5.0
B00A53KPKC	3.0
B00GJBX4UC	5.0
034553087X	3.0
0007447868	5.0
0425268330	5.0
B00K099NBI	4.0
0991379659	5.0
1477571086	1.0
1626491070	5.0
B009H516LG	4.0
B00IGUOMGY	4.0
1611099838	5.0
1466463805	3.0
B00CU7FV6O	5.0
1476725365	4.0
B00DFIE9NI	4.0
0373129173	5.0
0446554995	2.0
0451233166	4.0
1605040878	5.000000000000001
0143144006	5.0
0741436205	4.0
B00DD0TZOQ	4.0
B00IUMZ0VE	4.0
0201626632	2.0
0451419057	4.0
0312674619	5.0
1442187697	4.0
0312541864	1.0
B003IEK00A	1.0
B00GHSV2OW	5.0
1402202733	5.0
0060009241	5.0
B008AQGVYK	4.0
1490349529	5.0
1416541160	4.0
B00IBL4PUQ	5.0
1402245017	5.0
0991309650	3.0
1491264489	1.0
0312169787	5.0
0615886981	3.0000000000000004
B00DW47I8I	5.0
B00HGZE238	5.0
0345542886	2.0
1477653244	5.0
0373389779	2.0
B0052XTW5Y	3.0
1627981373	5.0
1482757443	4.0
B00I3P7KJI	5.0
098997281X	4.0
1608208893	1.0
1623806658	5.0
B00BOVLVCU	5.0
0141337168	5.0
B00E1RHBZA	2.0
B002HUU0A6	5.0
0764204793	4.0
1451671598	3.0000000000000004
B00J5K7T32	5.0
B00HGX2AR0	4.0
B007H90BJM	2.0
1605043125	5.0
0984528105	3.0
B008AXX9CK	4.0
1939392756	2.0
B00EY56452	4.0
B00CNX89CI	5.0
0062270060	5.0
0312546610	1.0
B00DSAJ7JO	3.0
0451222458	5.0
1118758595	4.0
0345504992	5.0
0758204531	5.0
1481170422	2.9999999999999996
1925086550	1.0
B00FIN0UWW	5.0
1452615330	4.0
1481009206	3.0
B00DCFXLEC	2.9999999999999996
0743219333	5.0
0307265749	1.0
B00E20U3J2	2.0
1469984016	1.0
B00G6PMEGG	5.0
1492102512	5.0
B00C83FST0	1.0
147008726X	3.0
1478132744	4.0
1478261595	2.0
B00DT93NM6	5.0
0451413962	4.0
1414339275	5.0
1478209828	2.0
0451225856	5.0
1619219182	5.0
042521740X	5.0
1620402750	3.0
B0042RUM9G	5.0
075536189X	5.0
0991088204	5.0
0992142202	2.0
B00GKBIRVM	5.0
B00FWG96A2	5.0
B00EYMXM2I	5.0
1493552317	1.0
0385341652	5.0
1627984747	4.0
B00LD6IYUS	5.0
B00EDDBT9G	5.0
1940026016	1.0
0007442920	3.0
0451222350	5.0
