0373210779	NaN
B00G8H2F0C	NaN
0739469339	NaN
0515128554	NaN
0345515501	NaN
014024364X	NaN
B00G2DVAW6	NaN
031287796X	NaN
0966110560	NaN
B001FXNPOY	4.0
030759341X	5.0
1444727338	2.0
0805093079	NaN
0385339151	NaN
0399149392	NaN
1599901307	NaN
0345501578	NaN
0842324518	NaN
0399155813	NaN
0515128546	NaN
B0055DJOB8	4.0
0615911684	NaN
0312316836	NaN
0374343969	NaN
1492176249	4.0
0765316897	NaN
0545290147	NaN
1612184340	NaN
0987726242	NaN
0312368038	NaN
0812571363	3.0
0545422906	NaN
B00761HL0S	4.0
1482661691	NaN
031237917X	NaN
B00DLY62LS	NaN
0061934364	NaN
1477805966	NaN
0871403633	4.0
B00B4ISUO0	NaN
034547824X	NaN
0312316801	NaN
0345478258	NaN
0525952977	NaN
0765316889	NaN
B002GYWR68	NaN
B00JH4J9HU	NaN
0307341542	NaN
0765326264	NaN
1469210932	NaN
0758211821	NaN
B004Z8S442	4.0
0345501551	NaN
0399154701	NaN
0425191583	NaN
037321099X	NaN
0375757430	NaN
0425236595	NaN
1463605854	NaN
B00817F90U	NaN
1484079957	NaN
0441018645	NaN
1479264822	NaN
0740721135	NaN
0439136350	NaN
B00EFMKU7M	NaN
080509329X	NaN
0345443578	NaN
0800734262	3.0
1569120862	NaN
1416589864	NaN
0062229036	NaN
1937387828	NaN
0140246967	NaN
1469237164	NaN
0385537859	NaN
0618168265	NaN
B002KMJHYG	5.0
162040169X	NaN
0984945792	NaN
0312336241	NaN
0345501535	NaN
B00H3PX5GQ	3.0000000000000004
0425269205	NaN
1602396922	NaN
0983952418	NaN
1495234592	4.0
0312336225	NaN
0142800562	NaN
B00EI2BA28	2.0
038534368X	NaN
1416503579	NaN
0553589253	NaN
1416959033	NaN
1416989536	NaN
0778326276	NaN
0553587072	NaN
1475117698	4.0
0544002318	NaN
0316024961	NaN
1569474788	NaN
0316001821	NaN
0802119875	NaN
0425168131	NaN
0451219244	NaN
1455521248	NaN
0553294903	NaN
1477817506	NaN
1414371713	NaN
0316069485	NaN
1494904489	4.0
0061284416	NaN
B005987ONY	NaN
0989715477	NaN
0440423074	NaN
0140165614	NaN
0987726277	NaN
0312368488	NaN
0971708932	NaN
0316734942	NaN
0316057851	NaN
0743245539	NaN
031236847X	NaN
0307749584	NaN
038533916X	NaN
1416585273	NaN
0743470117	NaN
1936198886	NaN
0758207530	NaN
1612186548	NaN
1455578347	NaN
0399144706	NaN
0061833665	NaN
0312867514	NaN
1499190433	NaN
1476714150	2.0
1416957979	NaN
0977987655	4.0
0399151060	NaN
0393071197	5.0
0373285019	NaN
1401340873	NaN
1439134634	NaN
0441017150	NaN
1439158843	NaN
1479102369	NaN
0451418433	NaN
0983256853	NaN
0684865378	NaN
1564514498	NaN
051513287X	NaN
B003OIBG0I	5.0
0553591924	NaN
1477809473	NaN
1439189587	NaN
1483996204	NaN
0399153470	NaN
0061915459	NaN
0307943232	4.0
014242370X	NaN
B0061YAUG8	NaN
1461057205	5.0
0060890681	NaN
0312938810	NaN
B00A9IEQDK	5.0
1477401296	5.0
1420118501	NaN
0345480147	NaN
0316096199	NaN
0609611062	NaN
0778329348	NaN
0061964417	NaN
077832933X	NaN
0060515929	NaN
0062064649	NaN
0195170199	NaN
0345528204	NaN
1491510706	NaN
0312869290	NaN
0984713638	2.0
0425259862	NaN
1595543732	NaN
0768240026	NaN
1619862654	3.0
0446527033	NaN
B008F447PC	NaN
0316602906	NaN
0465043704	NaN
1572937718	NaN
0473232251	3.0000000000000004
0425259854	NaN
0425236757	NaN
0375502467	NaN
1611099722	NaN
0553589628	NaN
0062064657	NaN
1442416920	NaN
014006690X	NaN
B007UC0YWA	NaN
0345480163	NaN
0743267117	NaN
0553588540	NaN
1416553010	NaN
193649342X	NaN
B00LTKW22E	NaN
158536536X	NaN
0061965766	NaN
B00EMG3A00	NaN
1476733716	NaN
0385518021	NaN
0399155228	NaN
0452283485	NaN
039915521X	NaN
075821183X	NaN
0263872319	NaN
1620152126	2.0
1461059445	3.0000000000000004
0686025113	NaN
1449966128	NaN
B00C9AO91U	3.0000000000000004
0985777338	NaN
0399153284	NaN
1492993433	NaN
006105366X	NaN
0758253249	NaN
0316123080	2.0
1482083094	1.0
0312582668	NaN
0425243214	NaN
B00K6YN3KY	3.0000000000000004
0385742657	NaN
0718178122	NaN
1416950052	NaN
0743277163	NaN
0786890738	NaN
078689072X	NaN
0553808087	NaN
0399157875	NaN
1482540282	NaN
051512902X	NaN
0399154361	NaN
0743572319	NaN
0553371835	NaN
0595099017	NaN
0882823485	4.0
055359172X	2.0
144186752X	NaN
0446522856	NaN
0451182758	NaN
0515144665	NaN
0545123283	NaN
146353437X	NaN
1482320274	NaN
1400202450	NaN
0786890746	NaN
0312324081	NaN
0547076347	NaN
0671578510	4.0
034549038X	NaN
0399154345	NaN
1441891854	NaN
0425211673	NaN
1600596274	NaN
0785134530	NaN
0970863330	NaN
0345480120	NaN
1423361938	NaN
0615730787	NaN
038552580X	NaN
0316014508	NaN
B00JRJXDSQ	NaN
1470087049	NaN
0743488024	NaN
1612185290	NaN
0062001817	NaN
B00D8LTTQO	3.0
0307277674	NaN
0312352360	NaN
B0055OLHP8	NaN
039915731X	NaN
0142416479	NaN
1611748992	NaN
B007V8RQC4	4.0
0553585991	NaN
0545123267	NaN
0446553972	NaN
0451235150	NaN
1439133948	NaN
0399156240	NaN
0786891297	NaN
0123694868	NaN
1612352634	NaN
B00ATRCPSE	NaN
0765311771	NaN
0142420980	NaN
0811858227	NaN
0312364105	NaN
0373777795	NaN
0395693802	NaN
037321118X	NaN
0778324842	NaN
0451412710	NaN
0743418166	NaN
0764226649	5.0
1414383096	4.0
0307474844	NaN
0312352379	NaN
0553583581	NaN
0758225644	NaN
080073288X	NaN
0307932508	NaN
0778321584	NaN
B0095BV5FO	NaN
0062089641	NaN
B009MQDIV6	NaN
0226354792	NaN
0312304269	NaN
0061118427	NaN
0399157786	NaN
0805045767	NaN
0451211162	NaN
0345440757	NaN
1442359889	4.0
B00AD6F2J0	3.0
1781766673	1.0
0470397004	NaN
0385338600	4.0
0982611935	4.0
B009K2L7E2	NaN
0375843892	NaN
0515132020	NaN
0544028589	NaN
0312619812	NaN
148014178X	NaN
1496021819	NaN
0743525876	3.0000000000000004
1453728988	NaN
1478318155	NaN
0385740980	NaN
0525953493	NaN
0743228669	NaN
B005COO1X6	4.0
0399150730	NaN
1938749030	NaN
0141324910	NaN
B00B45SZ1Q	NaN
B00JUYK052	3.0000000000000004
B004P8JQBM	NaN
0761462201	NaN
B001GS6ZJA	1.0
B00F7VRVEU	NaN
B00GHQD18O	NaN
B005KDCOCE	NaN
B00C31H2VO	NaN
0984561609	NaN
0373777752	NaN
B006OOBOEM	NaN
0312938500	NaN
1492123595	NaN
1469248581	4.0
1477809317	NaN
0373774486	NaN
0307932540	NaN
1455576506	NaN
0802120172	NaN
1476735603	NaN
0062065246	NaN
0989517918	NaN
B00822558K	1.0
B006DIOLA8	4.0
0345465806	4.0
0982697104	NaN
0373210035	NaN
0345533313	NaN
B004CFAS06	NaN
0446699241	NaN
1593374127	NaN
B00BWY3UKU	NaN
0446604232	NaN
0786017813	4.0
B00AFG03AG	NaN
0060176938	NaN
0312651317	NaN
0312946139	NaN
0671244094	NaN
0451414098	NaN
0062109367	NaN
0449014460	NaN
0373210043	NaN
1599905108	NaN
0446699233	NaN
0971267081	NaN
0312377630	NaN
006087418X	NaN
0312352352	NaN
0316036234	NaN
0345453840	NaN
B00HPM3PDA	2.0
1468016822	NaN
0152002391	NaN
0345486501	NaN
1416909591	NaN
0061859362	NaN
0312671148	NaN
0758212321	NaN
0373210051	NaN
B0084BMUFA	NaN
0060759836	NaN
B00JLZQNR4	2.0
0061655988	NaN
006165597X	NaN
1455599255	NaN
098871583X	NaN
125001171X	NaN
1455578312	NaN
0743216482	NaN
1439164614	NaN
B0095WWGN8	4.0
0061583251	NaN
1477488138	NaN
0399159347	NaN
0061656828	NaN
1936564149	2.0
0786891459	NaN
B00F0RCSYE	NaN
0060809779	NaN
B0051VE086	NaN
0061448761	NaN
1401302815	NaN
B00E7VD7RG	NaN
1623362083	NaN
B00IYPAMGA	2.0
0394580192	NaN
0985494409	NaN
0312614780	NaN
148410630X	NaN
0446580287	NaN
0312357435	NaN
0312377045	NaN
B009CIXI82	NaN
B00I4ZJAMC	NaN
0399157387	NaN
0061655961	NaN
0821776835	NaN
0671040839	NaN
1561706124	NaN
0374222908	NaN
0842360239	NaN
1416924388	NaN
0778327973	NaN
1250046181	NaN
0547222475	NaN
0743296168	NaN
0441011179	NaN
0062268414	NaN
B007QXV9S6	5.0
0345458931	NaN
0692006087	NaN
0399159312	NaN
0312537921	NaN
1482761807	NaN
0761461302	NaN
0061143448	NaN
1477816453	NaN
039914739X	NaN
0142417521	NaN
B005BOP5T6	NaN
0062102907	NaN
0439023483	NaN
1452106967	5.0
1469204991	NaN
0743470095	NaN
0761458107	NaN
0761451714	NaN
141658661X	NaN
1935869051	NaN
1441830707	NaN
0786891254	NaN
0345464788	NaN
0515139769	NaN
0778325571	NaN
161218149X	NaN
0312368747	NaN
0763627917	NaN
B003WEACS6	5.0
0345456939	NaN
0446696161	NaN
B009D5SN84	NaN
0385341679	NaN
1460958195	4.0
0778315541	NaN
0060786809	NaN
B007R6KYG0	NaN
B00G00GUVM	NaN
1466249684	NaN
0451215729	NaN
0515143804	NaN
0452283817	NaN
0785232435	NaN
0312368755	NaN
0060525126	NaN
B00ANFOCAG	NaN
034550111X	NaN
0312375042	NaN
B008MOKW22	1.0
0399154914	NaN
0778314227	NaN
1455520799	NaN
B004WXEVOW	2.0
0316074314	NaN
1612184758	NaN
0061714305	2.0
0399152970	NaN
0553272837	NaN
0312368763	NaN
0399159126	NaN
0307377377	NaN
0060525134	NaN
077831555X	NaN
0425241505	NaN
1476705852	NaN
0345456955	NaN
B00F9UO3YU	NaN
0764227750	4.0
0312646135	NaN
1451617755	NaN
1591844835	NaN
0399157182	NaN
0385338252	NaN
0061992763	NaN
039915910X	NaN
0316228532	NaN
B001JYTR32	NaN
1583415831	NaN
0345486587	NaN
1455808067	3.0000000000000004
1939837065	NaN
1416563792	NaN
1608090205	NaN
0399151583	NaN
0987856863	NaN
098324717X	NaN
0060874228	NaN
039921920X	NaN
0451218493	NaN
0425210294	NaN
0307943194	4.0
0201408260	NaN
1439191158	NaN
148101322X	NaN
0345504968	NaN
0307582884	NaN
1400069866	NaN
0373210663	NaN
0761148574	NaN
039915289X	NaN
0316230782	NaN
0399151575	NaN
0553591649	NaN
1477849890	NaN
1478163143	3.0000000000000004
0312369492	NaN
1441808833	NaN
0062048651	NaN
0345515633	NaN
0989450252	NaN
0393081702	NaN
1250007070	NaN
0060735023	NaN
1439156379	NaN
0307010856	NaN
1300136812	1.0
B004ZMBQYS	1.0
0373863527	NaN
B00D1DSE8S	NaN
0425236463	NaN
0981497810	NaN
0805063315	NaN
1612183581	NaN
B004G0936W	NaN
0061950726	NaN
0385742371	NaN
0812535170	5.0
039915373X	NaN
0060555653	NaN
1467917109	NaN
0373802366	NaN
0778326381	NaN
0515140791	NaN
0062279890	NaN
0553569910	NaN
0989450236	NaN
0898691397	5.0
0060586125	NaN
0684841436	NaN
006056458X	NaN
1439190275	NaN
1401324215	NaN
0060796626	NaN
0700608761	NaN
0553591665	NaN
0425246035	NaN
B00586XP5S	NaN
0767913981	NaN
B007PCRT0U	2.0
0765305216	NaN
0061958034	NaN
0316013943	NaN
0553589113	NaN
098848370X	NaN
B004NNVWL6	5.0
0312368100	NaN
0316037915	NaN
B005GDZE7A	NaN
0399164456	NaN
0805096663	NaN
0307477401	NaN
0446670030	NaN
B00CSWGEE4	NaN
1479224251	3.0000000000000004
0838817807	NaN
0743267222	NaN
B00CQ6P9OI	NaN
0452296838	NaN
0399152229	NaN
0312363907	NaN
B007IWE54K	2.0
0061655953	NaN
1483995038	NaN
0316011770	NaN
0312949189	NaN
1451527756	NaN
B00AVDMZ0O	NaN
145550288X	NaN
038536315X	5.0
0452282209	NaN
039916443X	NaN
074345703X	NaN
B00AHOWKDO	NaN
0061706558	NaN
B0077C9VNQ	NaN
031615976X	NaN
0425227510	NaN
1564776700	NaN
0316710628	NaN
B00FM0N0VO	NaN
0449912558	NaN
0140367535	NaN
0307388514	NaN
1565129164	NaN
0886777542	3.0
0446612774	NaN
0399145923	NaN
0425257126	NaN
0671027581	NaN
0743265025	NaN
0062207393	NaN
0393079899	NaN
0002247399	NaN
0425181464	NaN
0312368127	NaN
0307951820	NaN
0842332278	NaN
0684844915	NaN
0425202682	NaN
0345465253	NaN
1416934081	NaN
0061147974	NaN
0071462694	NaN
0553583603	NaN
0399155953	NaN
B003PPDB8K	NaN
0441019420	NaN
0062267884	NaN
042525710X	NaN
B008YPOUPE	NaN
1416950796	NaN
147520910X	NaN
0312853238	NaN
B00I6S82S0	4.0
0316159794	NaN
0312649916	NaN
1400043042	NaN
0316013935	NaN
0345515463	NaN
0061728306	NaN
B007NUVFN6	NaN
0786891327	NaN
006173506X	NaN
0545210127	NaN
0425247562	NaN
1416585141	NaN
0399164421	NaN
0553104241	NaN
1936365014	NaN
1250058236	NaN
1441861033	NaN
1477663096	NaN
1489539042	NaN
0985049812	NaN
0399156879	NaN
B0070QD6D0	NaN
0545298393	NaN
0061556300	NaN
0060851988	NaN
0399154450	NaN
1594203229	NaN
0375400524	NaN
098843962X	NaN
1612352235	NaN
0312991363	NaN
0425217094	NaN
0451230531	NaN
0399158812	NaN
0811874559	5.0
1616087080	NaN
1572226951	NaN
0061171468	NaN
0132350092	NaN
0373210027	NaN
0143123629	NaN
0989222705	NaN
0515131679	NaN
0061958069	NaN
B008UEHJ9I	NaN
0525951717	NaN
0425230074	NaN
0761456414	NaN
0312991355	NaN
0553502859	NaN
0061284394	NaN
037570504X	NaN
B0085TK53K	5.0
0345481356	NaN
044024577X	NaN
0300166311	NaN
0373881355	NaN
0811867803	NaN
0758210698	NaN
0515131229	NaN
0553576062	NaN
1463422423	NaN
B00GQOZ496	NaN
B00F2OUY1Y	1.0
0195398661	NaN
1479244716	NaN
0316129313	NaN
0061692034	NaN
1442303093	4.0
B002CJIF5E	NaN
157120024X	NaN
034546706X	NaN
B00D2C11B0	3.0
0141441038	NaN
0813912652	NaN
076145795X	NaN
B00FITC0VA	1.0
1573920398	5.0
1469984202	5.0
0307245306	NaN
1892145987	NaN
0373773927	NaN
0345538366	NaN
098156271X	NaN
0373210493	NaN
0316154741	NaN
0553586009	NaN
0399154019	NaN
B007IOATKW	5.0
1416569979	NaN
0989104400	NaN
0989450201	NaN
1908824131	NaN
0142180815	NaN
1594488096	NaN
0345542886	NaN
0312943008	NaN
B00BEK71Q6	NaN
0553576038	NaN
0373210221	NaN
0425091481	NaN
0515123854	NaN
1469990903	1.0
1603960228	NaN
0741458993	NaN
0310714338	NaN
0307947513	NaN
1590303768	NaN
B00IBO1DBC	1.0
0785168508	NaN
0373733003	NaN
0981562701	NaN
1596923164	NaN
0615165184	NaN
B007TC89VE	NaN
1476755604	NaN
045141411X	NaN
044653143X	NaN
0399145761	NaN
0886776619	4.0
0425255581	NaN
0778328198	NaN
0399153144	NaN
0312383363	NaN
0671568833	NaN
0060927267	NaN
0385342063	NaN
0553588451	NaN
074327041X	NaN
0740793373	NaN
B00GT6651C	NaN
019953750X	3.0000000000000004
034548133X	NaN
0446585025	NaN
0525953086	NaN
161218071X	NaN
0312383355	NaN
0061783196	NaN
1480207217	NaN
1475116853	4.0
0385532458	5.0
0312349483	NaN
0615742874	NaN
1402242077	NaN
0312943024	NaN
054516043X	NaN
1611062306	NaN
0140185399	NaN
0373778570	NaN
0399158820	NaN
0373830602	NaN
0316286168	NaN
0316002895	NaN
0312306342	NaN
0307280721	NaN
0316036188	NaN
0060539836	3.0000000000000004
031609756X	NaN
B003XVYLEO	5.0
1477661875	NaN
B00A1SCEQY	3.0000000000000004
1940161541	1.0
0446576972	NaN
0399157441	NaN
1416525831	NaN
0765307162	5.0
1484989953	NaN
0394514734	NaN
0060526769	NaN
0373775490	NaN
0061735108	NaN
0547744986	NaN
0373777434	NaN
0316222461	NaN
0060583304	NaN
0312651201	NaN
0778326918	NaN
0446576980	NaN
0061450545	NaN
1595543104	NaN
B00BCR0VQS	NaN
1934602183	NaN
0395665698	NaN
0312980191	NaN
B00B2JH5QU	NaN
1490321594	1.0
0737305568	NaN
0062019554	NaN
0345531450	NaN
0988843307	NaN
0399156577	NaN
0316129399	NaN
1118341848	NaN
0312349297	NaN
1433812207	NaN
0399153063	NaN
1423383613	NaN
1477603646	NaN
0545259088	NaN
0062509594	NaN
147522219X	NaN
0505527308	NaN
0312562837	NaN
1470044706	NaN
006222543X	NaN
1466438371	NaN
0316117366	NaN
0987029088	1.0
0515144592	NaN
0446573256	NaN
0670020982	NaN
1250028655	NaN
0393064913	NaN
0399153055	NaN
0451460936	NaN
0312651228	NaN
1477805052	NaN
0787977284	5.0
0345534956	NaN
0316166316	NaN
0399155481	NaN
B00K31USUS	2.0
0615550789	NaN
0375430008	NaN
0240812433	NaN
045122650X	NaN
0099478420	NaN
1451666179	NaN
B004CYETXY	NaN
1590529359	NaN
B006HLA80S	NaN
B00531CPHC	NaN
0062100203	NaN
0062065114	NaN
1595580743	NaN
1483993639	NaN
0545342155	NaN
030728090X	NaN
0312619766	NaN
0425176304	NaN
1478174633	NaN
1595554289	NaN
0778314979	NaN
0345501098	NaN
148265864X	NaN
0316018724	NaN
0981279007	2.0
0988843315	NaN
0399159894	NaN
B005C5YZ86	NaN
0061713767	NaN
1455839957	NaN
0345464834	NaN
0316097365	2.0
0141012692	NaN
0399149848	NaN
0061957844	NaN
0345517199	NaN
0446614165	NaN
B008XLJ5TA	NaN
0765328089	NaN
B0061QMQLS	NaN
1484021479	NaN
0312306156	NaN
B00F1M2L0Y	3.0
B004YWKA1Y	5.0
1477805095	NaN
0985758406	NaN
0312554168	NaN
0988805413	4.0
0615753000	NaN
B006SMEXLG	NaN
0316027650	NaN
0060628464	NaN
0515131091	NaN
0316018708	NaN
141653167X	NaN
0399158308	NaN
1451533969	NaN
1484009355	NaN
034552120X	NaN
0061996165	NaN
0805034544	NaN
1932815759	3.0000000000000004
0373774796	NaN
0758202490	NaN
0312949391	NaN
0316206822	NaN
0761470158	NaN
0515126772	NaN
0557175216	1.0
073946289X	NaN
0691140898	NaN
0838817726	NaN
0765333600	5.0
1608197646	NaN
0743287312	NaN
0743496728	NaN
1596914629	NaN
0425207951	NaN
1250007356	NaN
080419257X	NaN
0312942990	NaN
B007NYSBH0	NaN
0399157034	NaN
B009XTVHTM	NaN
1439159122	NaN
0778327604	NaN
0345492714	NaN
0393082997	NaN
0425229734	NaN
0373774559	NaN
0312938497	NaN
1442346272	NaN
0316097519	NaN
0374299099	NaN
0312949170	NaN
1936787024	NaN
075820468X	NaN
0356500209	NaN
0316206849	NaN
0345446828	NaN
1419632868	4.0
0547336276	NaN
1461130174	NaN
1475070306	NaN
0385538499	NaN
031604461X	NaN
076146140X	NaN
0451222385	NaN
0373777612	NaN
1475294409	NaN
0399151710	NaN
1426710003	2.0
0446525774	NaN
0345534557	NaN
0553385593	NaN
0356500217	NaN
0761453806	NaN
B00378L7DQ	2.7490720593881983
0399161759	NaN
0312368461	NaN
0441018920	NaN
0399160663	4.0
0140296336	NaN
0595207863	NaN
0385339666	4.0
0062200577	4.0
0312949111	NaN
0615751911	NaN
061514716X	NaN
1105089231	1.0
0515140880	NaN
0306809095	NaN
042520751X	NaN
0028811135	4.0
0312265867	NaN
0778326543	NaN
B00EA1VU5E	1.0
B004HD5WTK	NaN
B00EBLDASS	NaN
0778327639	NaN
0307950476	NaN
1612185983	NaN
B00GR0CK4G	3.0000000000000004
0007423632	NaN
1492161578	NaN
0425246043	NaN
0316097772	NaN
0743262298	NaN
014241980X	NaN
0307939693	NaN
0743271181	NaN
0393317528	NaN
0765329557	NaN
0385734379	NaN
B00I9E5G3U	2.0
1442359781	5.0
0316015059	NaN
1611099382	NaN
0312870612	4.0
0802139981	NaN
0007116233	NaN
0451236726	NaN
0345521277	NaN
0505527979	NaN
1479143707	NaN
1482640058	NaN
0767917804	NaN
1480198544	NaN
084991180X	NaN
0345803485	NaN
0316018775	NaN
0743254899	NaN
1416507507	NaN
0849920736	NaN
031294912X	NaN
0307273571	NaN
B0098ERCYQ	NaN
0399159010	NaN
1483997189	NaN
034550691X	NaN
0399160477	NaN
1495471179	5.0
0345504984	NaN
0978573218	NaN
0312938489	NaN
0062200348	NaN
1484128230	NaN
1616365153	NaN
0373072139	NaN
1611099366	NaN
0761457127	NaN
1401301428	NaN
0761459545	NaN
0989293505	NaN
1442361867	NaN
0788750097	NaN
1477817468	NaN
B00JOP9OC2	3.0
1612183794	NaN
0761459553	NaN
0373294212	NaN
0060885599	NaN
0312369506	NaN
098004250X	NaN
