042523522X	5.0
0399152318	5.0
0399154973	5.0
1423144333	5.0
0060591854	4.0
0991208919	3.0
1453833250	5.0
039913932X	5.0
0060002484	4.0
B008IU9JJW	4.0
0451231104	5.0
0679730540	4.0
0310257476	5.0
1612962114	4.0
0446600261	4.0
0687465559	5.0
1740597605	5.0
0671026100	5.0
B008GDW7PY	5.0
1478722088	5.0
147872207X	5.0
158663853X	5.0
0553110616	4.0
0312289588	5.0
037541486X	5.0
1401302785	5.0
0425240606	5.0
1414333242	5.0
1497531233	4.0
037543318X	5.0
1939403243	4.0
0002007770	4.0
0007190042	3.0
0060565551	4.0
0061558230	4.5
1432766368	5.0
0988394901	5.0
0425203611	5.0
0553099744	2.0
0312875584	4.0
0385351488	4.0
1400317150	5.0
1492120464	5.0
1601420250	5.0
1897512678	4.0
0451411188	5.0
0743598342	3.0
1479275786	4.0
0385527403	4.0
1600763405	5.0
1463783175	4.0
0764209868	5.0
0985355808	5.0
158997574X	3.0
0002550938	5.0
1608090574	5.0
0345502639	5.0
0439136350	5.0
0061558222	5.0
0890516448	5.0
1400317142	5.0
082494531X	5.0
0800795202	5.0
0674007344	3.0
1463500343	1.0
143275128X	5.0
061576939X	4.0
0060899689	5.0
0446578673	4.0
031285028X	4.0
1410440478	5.0
1416596151	1.0
0983195730	5.0
0764209841	5.0
0595436293	5.0
1481275259	3.0
0553298046	5.0
0345502620	5.0
0140254587	5.0
1595551336	4.0
0849948126	5.0
0312655460	3.0
B006W34F7I	5.0
1483987760	4.0
B00CICE3YM	4.0
0451465849	3.0
0800734238	5.0
B00E42TZQ0	5.0
084994810X	5.0
0374104093	1.0
0061449091	5.0
1595549013	5.0
0451211529	5.0
1490490566	5.0
0312655452	4.0
0385504713	5.0
0738718890	5.0
0778327140	5.0
0061718629	3.0
0061449067	5.0
037300222X	5.0
0316734942	5.0
0440220734	4.0
0738718882	5.0
B00JH94R18	5.0
0786891432	3.0
0615993540	5.0
0399152326	4.0
1470151367	5.0
1400072948	5.0
0345492730	5.0
1615190325	4.0
0307969231	4.0
1480055387	5.0
0099453924	3.0
0988661004	5.0
0374104077	2.0
0446564079	5.0
0330426575	5.0
0553207202	5.0
1250000394	4.0
0877283346	3.0
0899578918	5.0
1937593363	5.0
0340712511	5.0
0988805405	5.0
030738246X	5.0
0671718533	4.0
0553593099	3.0
1601422059	5.0
0394758285	3.0
1439154244	4.0
0425228096	4.0
1594711976	5.0
0345497600	3.0
1461057205	5.0
1612184189	4.0
1478725192	5.0
1612187218	4.5
0395181577	5.0
0451231996	5.0
0310293944	5.0
1601422067	4.0
1432775243	5.0
1572439394	1.0
0143057464	5.0
076532640X	4.0
0689838581	5.0
B005QBMJUC	5.0
0062135252	4.333333333333333
1491259043	5.0
0451217659	3.0
0899578934	5.0
B008UW3Z3Y	2.0
0140282610	3.0
0553102133	3.0
0061555126	5.0
0307908259	5.0
0446195979	3.0
141433768X	4.0
0312352557	5.0
B00748NT1S	5.0
0253203309	5.0
0385344325	5.0
0399153691	5.0
1416553010	5.0
1780922469	3.0
1250030161	3.0
1586634127	5.0
0899578926	5.0
061834697X	5.0
1439181829	5.0
054799219X	5.0
0060926074	4.0
1594483752	3.0
1439147914	5.0
080079477X	5.0
0800794788	5.0
1933550066	3.0
1937212009	5.0
B007W5Y3AE	5.0
0451169522	5.0
1599951606	5.0
0991368002	5.0
1934572055	5.0
0671520350	5.0
0312581580	5.0
0553581929	5.0
0981003753	5.0
0375702709	5.0
0446678023	5.0
1586638521	5.0
1401303277	4.0
1442402326	5.0
0785263713	3.0
1609560019	5.0
0061007129	5.0
1478380640	5.0
0553581937	5.0
0310278376	5.0
1620643332	4.0
B004TTHKJM	4.0
1477805931	5.0
1939865646	5.0
1606191624	5.0
B00BR70E2E	5.0
0615481124	4.0
1451608128	3.0
0525950923	5.0
1414348304	5.0
1782640169	3.0
0449983676	4.0
0595325327	5.0
0385339704	5.0
1611940001	5.0
0307277674	5.0
1595553045	5.0
0765300648	5.0
1782640061	4.0
042525139X	4.0
0399155392	5.0
0671871889	4.0
0739316745	2.0
051511264X	4.0
1433676990	5.0
0986751340	5.0
B006N4733E	3.0
1416556109	5.0
0877285136	5.0
039915972X	4.0
1442369213	5.0
B00HX8NSD8	4.0
1595553029	5.0
1589976274	5.0
0060765240	2.0
B00JHLOXTW	2.0
0307750922	5.0
1782640088	5.0
0857210580	5.0
0515120294	5.0
0385509650	4.0
0060273224	5.0
1451512716	5.0
0385334001	4.0
0307473740	5.0
1432794353	5.0
000616174X	5.0
0802120350	5.0
1400166551	5.0
0312534256	5.0
0312619812	5.0
0979203082	5.0
1936695480	5.0
1909223581	5.0
0671021257	5.0
1423128206	5.0
0199538794	4.0
0310214378	3.0
0671000314	4.0
0156007460	5.0
B00F7VRVEU	4.0
0986751316	5.0
1492123595	4.0
0345472322	5.0
0312352573	5.0
1453715223	5.0
0399160760	5.0
0340712538	4.0
0810984865	5.0
0143058754	5.0
0739475479	5.0
B006YVYQAO	4.0
0671217704	5.0
1475926685	5.0
0312946384	4.5
1442366109	5.0
0385526180	5.0
1937317099	5.0
0764209027	5.0
0849920698	5.0
145583985X	4.0
0399160752	5.0
031072497X	3.0
155832187X	4.0
0345523504	5.0
0895876086	5.0
0061252298	5.0
0345471016	5.0
0671000306	5.0
1622312015	5.0
0425210863	5.0
0345497627	4.5
0671503731	4.0
0393028542	5.0
0764210017	5.0
0553582402	5.0
1400068819	4.0
1612183646	2.0
0425197395	4.0
0743467728	5.0
0316235024	4.0
0439796636	5.0
0849996643	4.0
1582703884	3.0
0778327957	5.0
0385503490	5.0
1466294671	4.0
0989260313	4.0
0761459480	4.0
0553295772	5.0
1432771671	5.0
0425197387	4.0
0345458915	4.0
1439153701	5.0
B005D75Z8C	4.0
1477455221	5.0
0345523539	5.0
031021923X	5.0
0140296476	3.0
0060010800	4.0
1480078069	3.0
0984666648	4.0
0978798759	5.0
038076363X	5.0
0985401400	5.0
0984990178	5.0
1426709145	5.0
0062049690	5.0
0525951490	5.0
0316211079	4.0
0985687312	5.0
1491243570	5.0
0736938370	5.0
0142413380	5.0
0316154075	2.0
1587672286	5.0
1579129684	5.0
0312266855	5.0
1608199924	4.0
0671021281	4.0
1935265660	5.0
0778327973	4.0
B006NMRZIE	4.0
0857210505	5.0
0142501557	5.0
0345505751	2.0
0785288244	3.0
0440207835	3.5
1477807756	4.5
0451210220	3.0
0385517203	4.0
0345458931	5.0
1419663062	5.0
0060570199	5.0
B00H6WIH50	5.0
0765320207	5.0
0743289641	5.0
0930330285	5.0
0307378411	5.0
0345409973	4.0
1250035058	5.0
0671021273	5.0
0316154067	4.0
B00IOQQZQU	4.0
1418541532	3.0
1414391900	5.0
B007G0IO00	5.0
0765352680	5.0
0006479758	4.0
0446539864	4.0
0890516413	5.0
1607742276	5.0
0465023959	5.0
0595416721	5.0
0399153608	5.0
0345505735	3.5
0825443008	4.0
0060874376	5.0
B009D5SN84	4.0
0517580519	2.0
1414364350	5.0
1440533148	5.0
0312962452	5.0
0984716513	5.0
006204964X	4.0
0778326675	4.0
1936695421	5.0
0375868704	5.0
0812973992	3.0
1434768651	5.0
031259979X	4.0
0451224876	5.0
0061714305	2.0
0060874368	5.0
0062004786	5.0
0345526619	4.0
0451232496	5.0
0446539848	4.0
159523103X	4.0
1414339399	5.0
067102129X	5.0
B00I88BUL4	5.0
1451692374	4.0
0553383256	5.0
0060873027	4.0
0385343833	3.0
0670015652	5.0
1602607559	5.0
0061558265	3.0
1573223085	3.0
1448976847	5.0
0984724230	5.0
0312382456	5.0
0671704648	5.0
1250020042	5.0
0609607081	5.0
0743289455	2.0
145162607X	4.0
0061991066	5.0
1612185304	5.0
1461168236	5.0
0345502787	2.0
0800795318	2.0
0553110721	4.0
0156013150	5.0
1595552502	5.0
0890516332	5.0
0984724222	5.0
0061706590	5.0
0812575601	5.0
1250007070	5.0
0061726192	4.0
006199104X	5.0
1250020026	5.0
1452668388	3.0
0345533054	4.0
089051500X	5.0
1433668696	5.0
0312569912	5.0
1935171410	5.0
0615706770	3.0
1586638440	5.0
1880325810	4.0
0812524020	4.0
1455521175	3.0
1478723289	5.0
B0081NRM5Y	2.0
1605984922	5.0
1602396825	5.0
1586638459	5.0
006056542X	5.0
0764208659	5.0
1432711962	4.0
0099282917	5.0
0778328317	5.0
0385537794	5.0
0451207335	4.0
0803732961	5.0
0330334611	5.0
0987930044	5.0
0765327643	4.0
0671880845	1.0
0316013943	3.0
1623650925	5.0
0345492862	5.0
076531875X	5.0
0312368100	5.0
B00A5MREAM	5.0
0312965680	5.0
031031884X	5.0
1938243935	5.0
0310318858	1.0
1590308123	5.0
0142412120	5.0
1586638475	5.0
0553106678	4.0
1921578726	5.0
B0075ODYXO	5.0
0061720852	4.0
0312625510	5.0
1439181799	5.0
0399154884	5.0
0451188543	5.0
1934755079	5.0
1414371608	5.0
0393077489	2.0
0743286391	4.0
1400320682	3.0
1582437319	5.0
0890515050	5.0
0345528506	5.0
0375506713	4.0
1589973240	5.0
1481255797	5.0
0099532530	5.0
0825425905	5.0
1452898014	5.0
0987930028	5.0
0545054745	5.0
1586638483	5.0
0307914208	5.0
0307885151	5.0
B008KPH7O4	5.0
1440551995	5.0
0312368127	5.0
0765313057	4.0
1582406197	4.0
0671707728	5.0
031225346X	5.0
0789465205	5.0
0330480170	5.0
1935142097	5.0
0312963009	4.0
0615524753	4.0
0817016961	5.0
0805076824	4.0
0778315053	5.0
0061344761	5.0
0987930001	5.0
1250034604	4.0
0060556579	3.0
0061926000	5.0
0399157964	5.0
1934956252	3.0
0312352646	3.0
B00I1975CI	5.0
0788159933	5.0
0802120547	5.0
0312372248	4.0
1594744769	4.5
0765312581	5.0
0764211439	5.0
0764206095	4.0
0380790254	5.0
1401685048	4.5
0062204467	5.0
0515131679	4.0
1611099862	3.0
0330471279	5.0
0553241222	5.0
0060889578	4.0
0425224600	5.0
0547367546	3.0
0425207285	4.0
080652720X	5.0
0982060912	2.0
0982649444	5.0
0983765545	4.0
1477822585	5.0
0316199869	5.0
0307929299	5.0
077831507X	4.0
1594143099	5.0
1594744742	4.0
0060871318	5.0
0983765561	5.0
0615299857	5.0
0956371167	5.0
B00GQEYWVW	3.0
1423100034	5.0
059530253X	5.0
098360455X	5.0
0312382499	5.0
1451611862	4.0
B00AK2DFLE	5.0
0316127310	5.0
1611880610	5.0
0439847788	5.0
043984777X	5.0
1782640258	4.0
0375724842	2.0
0399134409	5.0
0060589469	3.0
0615716121	4.0
0316069515	4.0
0761991816	4.0
0140167773	4.0
0316032298	2.0
0062284576	5.0
0307741907	4.0
1935142038	5.0
0764207393	5.0
0446604534	3.0
1578567343	5.0
0764206060	4.0
0811850374	5.0
0800794893	2.0
0307477479	5.0
0689872372	5.0
0425212653	5.0
076420601X	5.0
1556618395	5.0
1475271093	5.0
0984421955	5.0
1401686354	4.0
0307732177	5.0
0425245535	5.0
006097771X	5.0
0345494628	4.0
1612184073	4.0
1606191748	5.0
1935142011	5.0
0445406879	5.0
160832172X	5.0
0312352638	4.0
031605755X	5.0
0982555032	5.0
146643936X	5.0
0340953616	5.0
1416558861	5.0
0989195708	5.0
0061473790	5.0
0767916530	4.0
0553258079	4.0
031028984X	5.0
0060000732	5.0
0764203894	5.0
0060271396	5.0
0446576972	5.0
0425262170	5.0
1492813435	4.0
B005CDMGSO	5.0
1442402350	5.0
1578565650	4.0
1451649649	2.0
0425243893	3.0
0307990745	5.0
146629471X	5.0
0446576980	5.0
1606191640	5.0
1400314763	5.0
0312010893	5.0
3950280405	5.0
B007133JY8	5.0
0312583206	2.0
0745961703	5.0
1416589120	4.0
0425196127	4.0
1478151706	5.0
1445514907	4.0
084992121X	5.0
014018371X	4.0
1400065801	5.0
0761458093	2.0
0515121495	2.0
1604742755	5.0
0765357429	3.0
038531258X	5.0
1606191667	5.0
0800732510	5.0
B00D477B7Q	5.0
1930486987	4.0
1910153087	3.0
1859859313	4.0
0385418957	3.0
045122650X	5.0
0452283086	5.0
1611091012	4.0
0312427808	5.0
0141034262	4.0
0307594033	4.0
B007M29RBM	2.0
0143037714	4.0
1595545336	5.0
1938231147	5.0
0316693251	5.0
0307712508	4.0
0307455173	2.5
1410458792	5.0
0385341954	4.0
1456546864	5.0
0892212713	2.0
0843953616	5.0
1453728406	4.0
1590806662	5.0
0061015725	4.0
0312567251	4.0
0857211994	5.0
0345258312	5.0
1250034701	5.0
0553569570	4.0
0312427824	2.0
B007PBQ8JO	3.0
1105199665	5.0
1482586525	5.0
1482585200	5.0
1442360925	5.0
0764210122	4.0
0983887977	5.0
B0061QMQLS	5.0
1416549994	2.0
0312384289	5.0
0307932885	5.0
1497345510	4.0
0395423317	5.0
1618680757	5.0
0062088254	5.0
0451239857	5.0
0007299540	4.0
0399150412	5.0
0140144188	1.0
0615178715	4.0
1477847065	5.0
B007ATP9X2	5.0
0316211176	5.0
0399158383	5.0
0240522001	5.0
1456507214	5.0
1423116380	5.0
073946289X	5.0
0778326500	5.0
0451235428	5.0
1612183522	5.0
1465414576	5.0
0307743683	5.0
159448872X	4.0
B0092RXYLO	5.0
B007A577SQ	3.0
0316199079	5.0
0547792778	5.0
031255219X	5.0
080419257X	5.0
1937041034	4.0
0544217624	4.0
0312426526	4.0
160820412X	5.0
0553252704	5.0
0843963050	5.0
0761458042	5.0
1480504246	4.0
1432733281	5.0
0316097519	5.0
140020304X	4.0
0988489112	4.0
1611730244	5.0
0230341845	4.0
0764204327	5.0
0062049577	3.5
0345477324	3.0
0007447868	3.0
0143125478	5.0
0307408841	5.0
031218087X	5.0
0849920779	5.0
0312022824	4.0
B008DVVLYW	4.0
B00J16SQFU	5.0
0099496941	5.0
0307731685	5.0
0615282911	5.0
B007Y94X2G	4.0
0312382502	4.0
1575668874	5.0
0060530898	5.0
0789744449	4.0
0385341970	5.0
0312625529	4.0
0312319258	2.0
0385514298	5.0
1595545352	5.0
0825442494	4.0
1591452392	5.0
0375400060	4.0
1859859399	5.0
0689849931	4.0
039915177X	5.0
0141302690	5.0
0399150455	5.0
0399136150	5.0
0307947076	4.0
0307878007	5.0
0062259652	5.0
0451197542	4.0
1859855865	5.0
078523120X	1.0
B008UL4DT0	5.0
140004233X	2.0
073871089X	5.0
0312380755	4.0
0425205592	5.0
0312374062	5.0
0547393083	5.0
1463413262	5.0
0679742441	5.0
1880323192	5.0
0451201205	3.0
0312962576	5.0
006185929X	5.0
0765344947	4.0
B00997JUQ0	2.0
034553302X	5.0
0300106645	1.0
0764205617	2.0
0345380371	5.0
0312532547	5.0
0553806491	5.0
0345439058	4.0
1612183549	5.0
1455517062	4.0
0399162410	4.0
0060882077	5.0
0505526654	4.0
0143113461	4.0
1617952753	5.0
0451412613	4.0
0786620714	4.0
0307879321	4.0
038552319X	5.0
0765329336	5.0
0451202511	4.0
0062005987	1.0
0764205625	5.0
0307446298	5.0
043935806X	5.0
0143125427	4.0
0451236742	5.0
0345466632	5.0
1590582365	4.0
B0062CWS6Y	4.0
0385507968	5.0
0143142437	5.0
0375869034	5.0
1470104326	5.0
B00A6IF69Q	3.0
1455501654	3.0
0743292510	4.5
0824520114	5.0
0764211951	4.0
1257802631	5.0
1612185665	3.0
0312587473	5.0
1462727832	5.0
0890516693	5.0
B0081HNT7U	5.0
0385342322	5.0
0553384767	5.0
1595549218	5.0
0143038583	5.0
0061698768	5.0
1612184340	5.0
0615590586	5.0
0743292502	4.0
0345477383	5.0
0060083247	4.0
1414326718	5.0
1623651085	5.0
0060608161	4.0
0979673631	4.0
0525952977	5.0
0981965423	5.0
0615292496	5.0
1616145358	4.0
0765365855	5.0
1565126807	5.0
1569470197	5.0
0670024783	5.0
0399161481	5.0
1466366680	5.0
1414314752	5.0
B00J7BP49K	5.0
0977859703	5.0
1612185657	5.0
0060577304	5.0
1935142178	5.0
1250023637	5.0
1478255293	5.0
1466466006	4.0
080509329X	5.0
145164485X	4.0
B009JUQ5OM	5.0
0061926515	4.0
0399152598	5.0
1586484192	3.0
B001E2NUEG	4.0
0061836923	5.0
B00D4HVF78	3.0
0062059629	4.0
1490544690	5.0
0451192931	5.0
0615660576	4.0
0061205648	5.0
098501962X	5.0
0615763855	5.0
0312890524	5.0
0615651623	4.0
0765318636	5.0
0979422876	5.0
0553592416	5.0
1416586571	5.0
0312380348	5.0
125000098X	5.0
1595549250	5.0
1453875700	5.0
0743260937	5.0
0062217070	5.0
1250000971	4.0
0062008064	5.0
0671028545	5.0
1600063624	5.0
0989715477	5.0
019518369X	5.0
1463774494	5.0
1612183026	4.0
0553592424	5.0
0060512806	2.0
0399156925	4.0
1480043176	5.0
1611099765	3.0
0061473820	5.0
1602152497	5.0
1492994707	5.0
161188053X	5.0
0345348176	5.0
0393060918	5.0
0316036919	5.0
006085054X	5.0
0778326055	5.0
0446602612	5.0
0143114387	5.0
1466456612	4.0
0451458443	4.0
0060577398	5.0
031234161X	4.0
0761110909	5.0
1479205249	5.0
031025065X	5.0
B006RHPXDY	5.0
1616147911	5.0
0099464462	5.0
0451207645	5.0
0312857055	5.0
0316693294	5.0
0849948320	2.0
030794672X	5.0
0761152776	5.0
1467959049	4.0
1439189587	5.0
0399155651	3.0
0451221958	4.0
076420839X	5.0
0975379356	5.0
0316693286	4.0
0312857063	5.0
0307908488	3.0
1250033896	4.0
0316012114	4.0
1583224939	3.0
1439189579	4.0
0727880799	5.0
1401687369	5.0
143282581X	5.0
045123393X	5.0
1595550267	5.0
0765311119	5.0
0312490852	5.0
1611099722	3.0
0399155635	5.0
1481861867	3.0
1456717936	4.0
0615729118	5.0
0312945361	5.0
1401687385	5.0
0743234693	4.5
1416556761	5.0
0195308808	5.0
0615661807	5.0
1450259987	5.0
0764208381	5.0
0738712477	4.0
0525477438	5.0
0020519109	5.0
0316404179	5.0
0385320175	2.0
0375407006	5.0
0553808095	5.0
1426774494	5.0
1449410243	2.0
0060577363	5.0
0375700757	5.0
0553808087	5.0
1497329116	5.0
0061915017	5.0
0761455647	5.0
0764209698	5.0
1594204233	5.0
0425215806	5.0
1442362383	5.0
0385519133	5.0
1449569153	5.0
0060577339	5.0
1604947373	5.0
0143122843	5.0
1414325460	5.0
B00DENC0R6	5.0
B00A6GGF48	5.0
1599304090	5.0
0399251960	5.0
0399146725	5.0
0451220609	5.0
0312866828	5.0
B00CWKKZTW	5.0
0802120679	5.0
1559211474	5.0
0007172826	5.0
038552580X	5.0
0061668036	5.0
0062073168	4.0
0375501568	4.0
0451410548	5.0
0857212540	5.0
0380715740	4.0
0446553972	2.5
0345476972	5.0
1458201627	5.0
0060596503	5.0
1612186076	5.0
0192806629	4.0
143917752X	4.0
1426714785	5.0
0434020842	3.0
B004M5HK0M	5.0
141654786X	5.0
0385344074	4.0
1439191824	4.0
1612186084	2.0
1451628811	3.0
0152057277	5.0
0345476999	4.0
0316098329	4.5
0684837870	4.0
1482504359	4.0
0966443098	5.0
0451181468	4.0
0765308347	5.0
0307268934	4.0
0399154272	5.0
0151008116	5.0
0970027303	5.0
B00EPF5LSW	4.0
1416572848	5.0
B00IWSZMNC	5.0
B007AW2C8Y	5.0
0615377130	5.0
0765307006	5.0
068485743X	5.0
1938690168	4.0
B0094HQDI8	5.0
0679723250	5.0
0310276446	5.0
0615608868	4.0
0739443615	4.0
B005COO1X6	4.0
0743270363	4.0
0765301776	4.0
1477809783	4.0
1605984582	5.0
0857212508	5.0
1414336063	5.0
0061656003	4.0
B00CDU1H98	5.0
0745962718	5.0
0307277887	4.0
1483665836	5.0
1435709403	5.0
0890517908	5.0
0765301768	5.0
0399157352	5.0
1455526010	4.0
143915709X	5.0
1400066840	2.0
0062311077	4.333333333333333
0804114919	5.0
0142410977	5.0
0399145362	5.0
0060882107	5.0
0373210035	5.0
0425227073	5.0
0758284802	5.0
0764204807	3.0
0142428280	5.0
037383568X	5.0
0380977265	5.0
0425239012	4.0
0671626132	5.0
1461084539	5.0
1935597035	5.0
0310250684	5.0
0385508522	4.0
1493524607	5.0
0857521012	4.0
0615310729	5.0
0982773714	5.0
1416549633	4.0
1416572872	4.0
1565125495	2.0
0399157336	5.0
0385348452	5.0
1582406987	5.0
0785261826	3.0
0439064864	5.0
0399158669	5.0
0316058254	5.0
0764207091	5.0
1843864398	5.0
0307879496	5.0
B00AEVK5N2	5.0
0142427772	4.0
1439157073	4.0
0451192176	5.0
0310744733	5.0
1449788335	5.0
014242207X	5.0
0060244054	5.0
0778324206	5.0
0679883886	4.0
0062247751	5.0
0062088149	5.0
0439903548	5.0
0062069888	5.0
0061655511	3.0
0375434305	4.0
0767926870	5.0
0974531537	5.0
095805438X	5.0
0393038912	5.0
1400069912	5.0
0451527542	5.0
0312380429	5.0
1926681193	5.0
1419619535	4.0
1599954109	5.0
0312890532	5.0
159448449X	5.0
0062197258	5.0
1593306474	5.0
0394744330	3.0
0151005001	1.0
076530788X	3.0
0399157387	5.0
0425146227	5.0
0312587538	5.0
0141044330	4.0
0142427799	5.0
0825443210	4.0
0765305240	5.0
1622531027	4.0
0615801056	4.0
1589975596	5.0
0765356856	5.0
0765305224	4.0
0312890540	3.0
0970115563	5.0
0399156046	5.0
0451192184	5.0
0804113645	5.0
0979593360	5.0
0765305232	5.0
1616147121	5.0
0307720896	4.0
0060911131	5.0
0618754466	5.0
0439023483	5.0
0446582417	5.0
0312387024	5.0
0830837086	5.0
1451614217	4.0
B00H4G4RTS	5.0
141658661X	4.0
0778325571	5.0
0738713813	4.0
0425246167	4.0
1890520357	3.0
0451221117	5.0
1622531000	5.0
0983564973	5.0
0425246183	5.0
0307387178	4.0
B00EZGYVHS	5.0
0439023491	4.0
0310431611	4.0
0061131644	5.0
0385492510	5.0
061578299X	3.0
B00A29R22I	5.0
161109044X	5.0
0738713821	5.0
0914090704	5.0
0061348171	5.0
B00C3341BG	5.0
0451464397	5.0
1478247525	5.0
1448694426	5.0
1476748780	5.0
0425205673	5.0
0061875678	4.0
0738713805	5.0
0938467654	5.0
1456324608	5.0
074326455X	5.0
1481925628	5.0
0316228532	4.0
1416552405	2.0
1425734073	1.0
031285496X	4.0
1439172633	3.0
B00B1WRETG	4.0
0345422317	3.0
1596436077	5.0
0812571479	5.0
0671753819	5.0
0984419810	4.0
1611090407	5.0
0764204076	3.0
0595276369	5.0
B005F0YSZS	5.0
073946390X	3.0
0310335159	5.0
0385506805	3.0
078521626X	4.0
0099494140	5.0
1612184227	5.0
0312861281	5.0
0805211535	4.0
0312316712	3.0
0385479565	5.0
0316126675	3.0
0062060554	5.0
0451179803	5.0
1596449381	3.0
0800795547	4.0
1599550946	4.0
1596701048	5.0
1441496432	4.0
1400308798	5.0
0451415418	4.5
1414334451	5.0
0312580746	4.0
0743275071	5.0
0764208403	5.0
0890517886	5.0
0307465209	5.0
0425252957	3.0
0440242886	5.0
0446603856	5.0
0803730535	5.0
0345318234	5.0
1419701681	4.0
1493548670	5.0
0399140433	5.0
0764210734	5.0
0440423147	3.5
0890517894	5.0
1439207623	3.0
006109384X	4.0
014318749X	2.0
0380731630	4.0
031286129X	5.0
0425194523	5.0
1439262470	5.0
0955265029	3.0
0356500276	4.0
1909374083	3.0
0312363907	5.0
0345455207	5.0
0451400399	5.0
1414367341	4.0
B003I84LYW	5.0
038536315X	5.0
0060521600	4.0
0758273126	5.0
039915244X	2.0
014311316X	4.0
030728364X	5.0
0671014021	5.0
0316232734	5.0
1603742573	5.0
0137141734	5.0
055338158X	4.0
0765360004	5.0
0470279303	5.0
0671026011	5.0
1400319498	4.0
043902353X	4.5
0312316739	3.0
1475005911	5.0
0615723055	5.0
0393059820	4.0
0983676429	5.0
0310730864	5.0
0312643136	5.0
0615723063	5.0
074326875X	3.5
B004MDLU32	5.0
1416535241	5.0
B00AKEI55S	3.0
0312580797	5.0
B006WSJVD6	4.0
1453650091	5.0
B00936UHRI	5.0
1463413971	5.0
0393334872	4.0
0385513968	5.0
1426727356	4.0
0380974215	5.0
0376039183	5.0
0385532253	5.0
1595554521	3.0
0817304800	5.0
0739327364	5.0
0062227327	5.0
044658083X	5.0
0061251461	2.0
0446580848	4.0
0545052394	5.0
0062195409	5.0
1438215649	5.0
0307933555	5.0
1400313279	5.0
0060837667	4.0
157673420X	5.0
067178546X	5.0
0373266626	5.0
0765333295	5.0
0312365721	5.0
0310700140	5.0
0451414187	4.0
0802126065	5.0
0142407380	5.0
1480075698	3.0
0671027379	5.0
098326631X	5.0
0989180417	5.0
1419684671	5.0
0743292499	5.0
B007RZBPZ0	4.0
0595490980	5.0
1411621913	5.0
0553277405	5.0
034551548X	5.0
0451228480	5.0
1595554505	4.0
1414336241	5.0
0380713810	5.0
0307749649	5.0
0802126057	5.0
0553471570	5.0
0399156844	4.0
039306123X	5.0
0143143832	5.0
0982054467	4.0
0307245306	5.0
0345502914	4.0
1432743775	5.0
0316025313	5.0
1595549153	5.0
0439023513	4.0
0061719242	5.0
1439197059	4.0
1926997859	5.0
1456487434	5.0
1401920071	4.0
0765311054	4.0
0061916471	4.0
1432790935	5.0
B008OM26DU	4.0
0307453278	4.0
0312246560	5.0
1932173919	5.0
1595959025	5.0
0375701966	3.0
1599951967	4.0
0345539478	5.0
0765311046	4.0
0099494175	5.0
0890511772	5.0
031293212X	5.0
1416978933	5.0
0446601241	4.0
1416599126	5.0
1463549997	5.0
1453736697	5.0
006191648X	5.0
1782640045	5.0
0764209779	5.0
014303667X	5.0
0099911701	5.0
0143035363	3.0
1455515558	5.0
0060194995	5.0
0687074827	5.0
0439813786	5.0
161218071X	5.0
0989180468	5.0
075536189X	5.0
0812513584	5.0
0786868724	5.0
0385344007	3.0
0764209787	5.0
1611062306	5.0
1940026016	5.0
0764209795	5.0
0553593803	5.0
0849921392	5.0
0958666431	5.0
0312365705	4.0
0143115855	5.0
0983266387	5.0
0151012954	4.0
0446539791	4.0
039914787X	5.0
0451236122	5.0
0061012491	4.0
1404186735	5.0
0385737432	3.0
B00457XIXA	4.0
0373605412	5.0
1602604576	4.0
1611097835	4.0
0979996023	5.0
1611097843	5.0
0385338988	5.0
1475180586	5.0
B006O2G9OE	5.0
076420498X	5.0
0979692989	5.0
0307913090	5.0
0316404152	5.0
0061999695	5.0
1630471143	5.0
0982609965	4.0
0142003239	4.0
1620865548	5.0
0764203630	5.0
1616142405	3.0
1463717091	5.0
0743406079	5.0
0062314254	5.0
1885478658	5.0
0984161872	5.0
0745962823	5.0
0989180492	5.0
0345396529	4.0
0060883529	4.0
0316067954	5.0
0451217810	4.0
B008HMWYX4	5.0
1475039395	4.0
0062305301	4.0
0553582399	5.0
0399155481	5.0
0345538080	4.0
0316067962	5.0
0446360856	4.0
1414362463	5.0
0743491475	5.0
0451409639	5.0
014004020X	5.0
0316018953	5.0
B00DUFEG9I	5.0
B00D1FNNMI	5.0
1935517031	4.0
0805092625	4.0
0984161805	5.0
0399157239	4.0
1606190598	5.0
0143120395	5.0
0451229800	5.0
0664233511	4.0
0345396545	5.0
1467961434	5.0
0425199436	3.0
1442367318	5.0
1589973941	5.0
B004TQ8GP2	5.0
1400074568	5.0
193908704X	5.0
1401685781	5.0
193454602X	5.0
0062092995	3.0
0345523865	2.0
B005UD4VWA	5.0
1601420749	5.0
1939087066	4.0
0061351601	5.0
0399154191	4.0
B003OYIGFU	5.0
B008EWZ95W	5.0
0312595026	5.0
0446523364	5.0
B004IE9ZXC	4.0
042523603X	5.0
0002242052	5.0
0316212261	5.0
B006NPP9XY	4.0
0446523372	5.0
0743454529	5.0
0451223691	5.0
0451412435	5.0
0451181395	5.0
0764209809	5.0
0689865392	4.0
0425199444	5.0
0982580703	5.0
0786166835	4.0
1456329367	5.0
0778326756	5.0
0979692903	5.0
0312867417	5.0
0825439078	5.0
1449014801	5.0
0764206745	5.0
0978970772	5.0
1450298621	5.0
0062115286	5.0
B00ECCVDKS	4.0
0451233026	5.0
076536302X	5.0
0312867425	5.0
0825439086	5.0
0786018151	5.0
0307346714	5.0
0425251691	5.0
0307387232	5.0
0316185906	2.0
0385528213	5.0
0425242757	2.0
0060278196	5.0
1936488523	5.0
B004EYUH9C	5.0
0399158588	5.0
1935597183	5.0
0425179877	4.5
0061922315	5.0
1414307691	5.0
0727882597	5.0
1480445657	5.0
1439183201	4.0
0804114889	5.0
B00DCFQI4W	5.0
0316097772	3.0
1484173228	5.0
1611090326	5.0
B00EY172MA	5.0
0758284780	5.0
0786018178	5.0
0312626681	4.0
0765327376	3.5
0738713708	4.0
1432758756	5.0
037322527X	4.0
1442359781	4.0
0743299973	3.0
0316015059	5.0
1440149267	5.0
0979692946	5.0
0310319056	5.0
0375727787	4.0
1451588496	5.0
0743211936	4.0
054763014X	5.0
0062025317	2.0
1601423845	4.0
1416979352	5.0
1410436349	4.0
0892216905	5.0
0849964512	3.0
0142437263	5.0
1463534922	4.0
0446539740	4.0
0312533640	4.0
0061434426	4.0
1477817468	2.0
0345465547	5.0
0385339461	3.0
B0059V6RZC	5.0
0687056977	3.0
1887276513	5.0
1601422520	5.0
1482684578	5.0
B007JBG9HG	5.0
1401601731	5.0
0060852550	2.0
067152609X	5.0
0399155821	3.0
0811708926	4.0
0345456688	5.0
0345515501	5.0
0375704906	5.0
0062195379	5.0
0974657387	5.0
0985250305	5.0
076531665X	4.0
1932993886	5.0
0982795246	5.0
0805093079	5.0
0345409469	4.0
0615477526	5.0
0553591754	5.0
0553590421	5.0
0345375599	3.0
1414336780	5.0
0312872038	4.0
0765307707	5.0
1432770861	5.0
0692000399	4.0
0374271569	4.0
1250024749	5.0
1432706284	5.0
0345375580	5.0
0761451927	5.0
0192833677	5.0
0977005046	5.0
0345435737	5.0
0307476464	4.0
0553278002	4.0
0143142216	5.0
0345535138	5.0
0061285544	5.0
1432825674	4.0
0764205013	5.0
B00ILAM91O	4.0
1250006074	5.0
1859852378	5.0
1477847316	5.0
0890515581	5.0
0345511174	3.0
0451414691	5.0
1609760999	5.0
0375704930	4.0
1605875287	4.0
0140083871	5.0
0307730999	5.0
1595551751	5.0
0195067142	5.0
0307341542	4.0
0345435729	5.0
0765315319	3.0
1616440163	5.0
0345285549	5.0
0399151435	4.0
0679601392	4.0
0312385854	5.0
0849947294	3.0
146202761X	5.0
1436394058	5.0
0399160388	3.0
1616440171	5.0
B002VWKEYC	5.0
0615203639	5.0
0822223007	4.0
0312280750	4.0
0425194612	5.0
0446563188	3.0
146352210X	5.0
1582435251	5.0
1250039819	5.0
0385489056	4.0
0307341569	4.0
B00DIHBJ16	4.0
0061143480	5.0
B00I7VVZAI	5.0
0751549118	4.0
1400068452	4.0
1496055497	5.0
0062064835	5.0
0075536498	4.0
0316011894	5.0
0140058893	4.0
0684818507	3.0
0615274838	3.0
0345430093	3.0
1469217554	5.0
0743249925	5.0
1401688489	5.0
0062309897	5.0
0451223942	5.0
1250046130	5.0
B00DF2MTOK	5.0
1400311403	5.0
0316055433	4.5
143431071X	5.0
0099281996	4.0
0307749584	3.5
0764203282	5.0
0957406711	5.0
0985652209	5.0
1616330597	5.0
B008AK8TQY	5.0
098292450X	5.0
0425255298	5.0
042525528X	5.0
0399154507	4.0
0385335814	5.0
1433526026	5.0
0767901843	4.0
B0065QABJ8	5.0
9997529030	5.0
0062208357	5.0
1400318033	5.0
0307282694	3.0
0758216009	5.0
0446195502	5.0
085721019X	1.0
0800719964	5.0
B009GN10TW	4.0
1453806024	3.0
0060152508	4.0
0802118577	4.0
0553573926	5.0
B00EG5PTPQ	5.0
0345370740	5.0
0800720954	5.0
1414379099	4.0
0764210467	5.0
067142663X	5.0
0425235645	5.0
1439156417	3.0
0440245672	4.0
0451185196	5.0
0060652926	4.0
0895260271	4.0
0446530220	5.0
1414301278	4.0
0778316041	5.0
0671027034	5.0
125000389X	4.0
0553245945	5.0
B00D0IPCCK	5.0
0765329921	1.0
B00FWG9AD0	3.0
0778328031	5.0
146113613X	5.0
1595542884	5.0
0312383282	4.0
0452295491	3.0
1934572489	5.0
0425162141	4.0
193876823X	5.0
1439192987	4.5
0446564443	3.0
0312622945	5.0
0684867516	5.0
1938710053	1.0
B00I8YB71G	5.0
0553591703	3.0
051739989X	5.0
0991106520	5.0
0991106512	5.0
0545265355	5.0
1931296219	5.0
0060191333	5.0
0061771295	5.0
0800720946	5.0
B004VMV476	5.0
B0098TOCF8	2.0
B00AY2VW1A	5.0
147782331X	3.0
0802122647	5.0
0615421091	4.0
0451182979	5.0
0985297026	5.0
0385520336	3.0
0764205080	5.0
1605875228	5.0
0764210424	4.0
1439192960	4.0
0765317958	5.0
1401301088	5.0
B00GCS5018	5.0
141650396X	5.0
1578660688	5.0
0451182960	5.0
0385498853	5.0
0062217208	5.0
089051609X	5.0
0765300265	4.0
055359172X	1.0
0440234948	5.0
0764206389	4.0
0743270541	5.0
1400203538	4.0
1118173023	2.0
0983952493	5.0
B00DUGZHYK	5.0
0890516073	5.0
1250031044	5.0
0451192311	5.0
1451621574	5.0
0312873344	4.0
0061744506	3.0
0890516081	5.0
1439180962	4.0
0345457129	3.0
0307969622	5.0
0316066141	4.0
0374214913	3.5
044656446X	2.0
0446535931	5.0
0553591746	5.0
0553590413	5.0
0451192303	5.0
014017737X	5.0
0545123267	4.0
0399157565	5.0
0312169345	5.0
1480279455	5.0
0399156232	5.0
0375866566	5.0
0061992704	5.0
089221709X	5.0
0764205951	5.0
0310330149	2.0
1933060395	2.0
0765309467	5.0
0691122946	2.0
0307266532	4.0
0786003820	5.0
0140177396	5.0
B007ZSC756	1.0
1116671115	5.0
0316014044	5.0
0743582438	5.0
0451223179	3.0
0615496717	5.0
0778313727	4.0
0982147015	5.0
0375834958	5.0
1468141996	5.0
0446573353	3.0
1439166641	5.0
0399150927	5.0
0545652200	1.0
0340980710	4.0
0310330157	5.0
0553287737	4.0
0786022124	5.0
0892217081	5.0
0312377444	5.0
B00E773XV0	5.0
0765330075	5.0
0142002062	5.0
1587296519	5.0
075820230X	5.0
0618477942	5.0
143438361X	5.0
1621831299	5.0
B00AMHDUMQ	5.0
1481135309	5.0
1250039010	4.0
0525246533	3.0
0060675578	4.0
1453728988	5.0
B00EWZC8QI	5.0
0061057088	4.0
0615720455	5.0
1608447480	5.0
0826308791	5.0
0982707479	3.0
0553297996	3.0
0425218384	5.0
1451656254	4.0
0505526115	3.0
0307711773	5.0
1492896942	4.0
0312594488	5.0
0060532297	5.0
0956517056	4.0
159184553X	5.0
0989050807	5.0
0553297988	2.0
0307383415	3.0
0425240231	3.0
0307730069	5.0
0840211155	4.0
1466287047	5.0
0802473156	5.0
0446195529	4.0
0399156259	5.0
0892217049	5.0
0393072223	3.0
0553470558	5.0
0976280906	5.0
0062223194	3.0
0060293233	5.0
0375405445	5.0
0671244094	5.0
0641934173	3.0
0979874416	5.0
0375701907	3.0
B00I3QZ7G0	5.0
030796650X	2.0
0515124206	4.0
014312000X	4.0
0307717097	5.0
0451236475	5.0
0316045187	5.0
0140434968	5.0
0425252221	5.0
0330451189	5.0
0307730042	5.0
1470027070	5.0
0375509321	5.0
0525951059	4.0
1604890290	5.0
0440226589	4.0
1482642778	5.0
0989050858	5.0
0060628391	4.0
0070055327	5.0
1603180060	5.0
0399159347	3.5
0890516855	5.0
0140272011	5.0
0312495412	5.0
0800719050	3.0
0825442117	4.0
0061687324	5.0
0553100890	4.0
0399147357	5.0
0764206419	5.0
006201630X	5.0
0857208675	5.0
B007URVZJ6	5.0
0310205050	4.0
0446606081	5.0
0890516863	5.0
1477817522	4.0
0385537255	4.0
0141001828	5.0
0192834002	4.0
1416550402	5.0
0345532023	4.0
1771230479	5.0
0380731614	5.0
0671536281	4.0
0446557234	5.0
1600063829	5.0
B007U83BSI	5.0
0800720016	3.0
0061687308	5.0
1612000754	5.0
0312381530	5.0
0345532015	4.0
1469227886	5.0
0310287723	5.0
0553569082	5.0
1477808604	5.0
0307461351	5.0
0890814023	1.0
0375435417	4.0
0399159312	5.0
1600342752	5.0
0982253842	5.0
1466299916	5.0
1591149266	4.0
0307906868	5.0
0979874467	5.0
0307595080	5.0
0451414705	5.0
0316206989	2.0
0399137122	3.5
0451225708	5.0
0399164731	5.0
1461010969	5.0
0451198514	5.0
0062027891	5.0
1597801054	1.0
0307595099	5.0
031261456X	5.0
0310253519	3.0
0312370830	5.0
0609606352	3.0
0312614586	5.0
1449974430	2.0
0765327260	5.0
1439152845	4.0
0143116843	5.0
1606418319	4.0
0980104912	5.0
0312860951	4.0
1442445807	3.0
1595549404	3.5
143279034X	5.0
0061234001	4.0
1484966341	4.5
1433677857	5.0
0451225740	5.0
B006RPAS2M	5.0
0451223845	5.0
0316198951	5.0
0345447859	5.0
1938231503	5.0
147018785X	5.0
1618680285	4.0
044657967X	5.0
0312140363	4.0
0451205189	4.0
0525953728	5.0
1612184456	5.0
0399155708	2.0
0099303744	5.0
1462848001	5.0
038534158X	4.0
0345515633	5.0
0062049984	5.0
1782640622	3.0
0060735023	5.0
0615305733	5.0
0761458441	5.0
0307475255	4.0
1595550313	4.0
0765304546	5.0
1439152802	5.0
1931296162	5.0
0765308908	5.0
078621385X	4.0
1433530252	5.0
0778328791	5.0
1589825535	5.0
1433531585	5.0
1589976738	4.0
0345458524	4.0
0865546134	5.0
0743554434	5.0
B008VGBQTO	5.0
0385341571	3.0
0984117555	5.0
0143143670	4.0
1618680269	5.0
0446533424	4.0
0991068424	4.0
0304352802	4.0
0380731460	4.0
0316044695	5.0
140007309X	5.0
0385477163	5.0
0802457061	4.0
0687649692	5.0
B005HR6HTY	5.0
1468077899	4.0
1612183115	5.0
061556304X	5.0
1468195956	5.0
1593154941	3.0
0985558245	5.0
0374308632	5.0
1931296146	5.0
0143142356	5.0
0451214927	3.0
0312510810	5.0
143360194X	5.0
0375425233	4.0
0061147958	5.0
009192667X	5.0
1931296154	5.0
0446525871	5.0
0557095883	5.0
1416599797	3.0
0764205129	5.0
1481004719	3.0
0316011770	4.0
009950975X	5.0
0671008846	4.0
1935600141	5.0
0143142372	3.0
0425155781	5.0
1600062687	5.0
1439156336	3.0
0312266324	5.0
1601425414	4.0
006222140X	5.0
0615956041	5.0
0984988130	5.0
0060609176	4.0
0670024856	3.0
0345447832	5.0
0857212044	3.0
0764206427	5.0
0425257126	4.0
0615129285	5.0
1440531943	4.0
0765315238	5.0
073935650X	5.0
0451208234	5.0
0140047433	5.0
1452651906	4.0
0007410956	5.0
1589976762	5.0
0425133516	5.0
193129612X	5.0
1931296138	5.0
0764205102	5.0
B0081JD6GM	4.0
1939865360	5.0
0451231457	5.0
0310735084	4.0
0312358342	3.0
1432744429	5.0
0062071041	4.0
B00KAQYZWS	2.0
0307749436	5.0
030797071X	5.0
0878391584	5.0
1441492240	5.0
0441020674	3.0
0984198970	5.0
0765324105	5.0
B00GWZL682	5.0
1400318726	5.0
0985066385	5.0
1931296111	5.0
097718661X	5.0
1452110212	5.0
0553566032	4.0
159555341X	5.0
0385177259	5.0
0385346409	4.0
B00HG4OR16	5.0
0312874766	5.0
0825442923	5.0
0890511934	5.0
0985733217	5.0
0316017922	4.5
1416577572	5.0
0425247759	5.0
031611751X	3.0
0718012623	5.0
0312363796	5.0
1612183182	5.0
1426773463	5.0
0399155759	5.0
1482086662	5.0
1844161579	5.0
B00797MO2E	5.0
1469984202	4.5
1450293980	3.0
0061284173	5.0
0764208268	5.0
B00EN0NCHG	5.0
0553276328	5.0
1468024523	5.0
1442366680	5.0
0307716511	5.0
0727869817	5.0
1937387305	3.0
0804139024	5.0
1565126076	5.0
1595544526	5.0
1426768931	5.0
0761159258	5.0
0929264312	5.0
0312955006	3.0
0957242905	4.0
1451699425	5.0
1414371209	5.0
0984198938	5.0
1439128294	5.0
1440531994	5.0
0061718130	4.0
0142428094	3.0
0825442966	4.0
0727869833	5.0
0345388771	5.0
1470091666	5.0
1616265051	5.0
0345530446	5.0
061541771X	1.0
0983744203	4.0
074327041X	4.0
1439245274	5.0
1589822471	5.0
B00EAQT2VS	5.0
0983201609	4.0
0399214577	5.0
0330451227	5.0
145375735X	5.0
145327099X	3.0
1400073987	5.0
0679640193	4.0
0727882805	4.0
0451232704	5.0
045121840X	4.0
0316002895	5.0
1478322209	4.0
0785289089	4.0
0312960344	4.0
0143123238	3.0
0451409434	4.0
031033134X	5.0
1401685560	4.0
0985521708	2.0
1461073553	5.0
0345505492	5.0
0399157433	5.0
1595543104	5.0
B00B6AH2E0	5.0
081091266X	4.0
0399158766	5.0
0802119034	5.0
0738713503	5.0
0385415443	3.0
1934861855	4.0
0345453751	5.0
0061962155	4.0
1453270973	5.0
1433520095	5.0
0399250565	5.0
0226105962	5.0
0399133453	4.0
006211946X	4.0
0979362903	5.0
0553262564	5.0
0615507719	5.0
1595072195	5.0
0758204868	5.0
B00B2LV8ZM	4.0
1469215950	5.0
1859859798	5.0
0345339703	5.0
0330442325	5.0
0547858647	5.0
1611942985	5.0
1433525763	2.0
1600788114	5.0
0966614925	5.0
B006KH7BKE	5.0
0399157484	5.0
1595544496	5.0
0743571878	3.0
0988698706	5.0
1432734164	4.0
073871352X	5.0
1477489940	5.0
006136827X	4.0
0743444531	4.0
0971869480	5.0
B006LU0GUC	5.0
1416547797	5.0
1597775916	5.0
0312387776	4.0
1622451465	4.0
1934912220	5.0
0062025198	5.0
0230769152	4.0
0062065130	2.0
0743570537	4.0
1426752512	5.0
0143036882	5.0
0553275852	5.0
1414326599	5.0
0310724414	4.0
0688122655	5.0
044650534X	5.0
140031870X	1.0
1482083582	5.0
0060175966	4.0
0984867104	5.0
0991257502	5.0
144977539X	3.0
0399156135	5.0
1400318718	5.0
0312868162	4.0
0345528085	5.0
0984927220	5.0
0684810468	4.0
0983440743	5.0
0738713511	4.0
0310253497	4.0
B007R5T3SQ	5.0
1554533074	5.0
0345533429	5.0
0679401032	4.0
0060628227	4.0
1426714254	5.0
0801077613	2.0
0307700968	5.0
0898218462	5.0
030770095X	4.0
0989000478	5.0
1432826220	5.0
B00EV7M9NO	5.0
1933353082	5.0
1611098092	4.0
1926712439	5.0
0743453433	4.0
0805077669	3.0
1477808701	5.0
0316666009	5.0
0385524072	4.0
0764207865	5.0
1470017741	5.0
0307381714	5.0
0375704884	4.0
0553593668	4.5
0425191729	3.0
B0087AAZFK	4.0
1492162698	5.0
0765306220	5.0
031238162X	5.0
0765303191	5.0
0974603708	4.0
1611098068	4.0
0061956317	1.0
0890516707	5.0
0671894226	5.0
B007YJ5A82	4.0
0451237625	3.0
B00BRZ6TEI	5.0
0983440700	5.0
0061576603	4.0
0310333172	5.0
0671519816	4.0
0965124010	4.0
0764203487	3.0
0451465547	5.0
1440557675	5.0
1595547525	4.0
1595548866	5.0
0984681922	5.0
1467938815	5.0
0307388328	3.0
0312602480	4.0
B00AMO46N6	1.0
076531293X	4.0
0758204876	5.0
0764204785	5.0
B006THX6PY	5.0
0609606220	5.0
0451233204	5.0
0890516774	5.0
0451234537	5.0
0307273555	5.0
1438243588	5.0
1937085066	5.0
0061792101	4.0
0743228154	5.0
B0093FPMVU	5.0
1477807411	5.0
1602862567	5.0
0984725113	4.0
1451695985	5.0
0345451120	5.0
0873388747	3.0
B005C5Z8KU	5.0
1416537163	4.0
0393069338	5.0
0615132979	5.0
1490557024	5.0
1400315603	5.0
085720873X	5.0
0764202103	2.0
1612182690	5.0
0007446977	5.0
054400227X	5.0
0307264653	4.0
1442358238	5.0
0805098542	3.5
097621640X	5.0
0345504984	5.0
0060582499	5.0
0451516761	5.0
0312602472	4.0
0765306239	5.0
1413300855	5.0
0743599357	4.0
0312381611	5.0
1569714029	5.0
0062280678	5.0
1939973112	5.0
1612184405	4.0
1411401034	5.0
0764202111	2.0
0345456831	5.0
0595170706	5.0
0310325501	3.0
193643802X	5.0
0813009855	4.0
1411401026	5.0
031286504X	5.0
0060885599	4.0
0312359314	5.0
1439127700	5.0
0843958308	4.0
029764680X	4.0
1444727338	3.0
1404189564	5.0
0812974530	4.0
0375708278	4.0
1469210711	5.0
1451640013	4.0
0312359322	5.0
0553592858	4.0
0316069434	5.0
148397555X	5.0
0307272672	2.0
0764207466	4.0
1401688292	5.0
0764207474	5.0
1576875903	4.0
0890516227	5.0
194009514X	5.0
0385660065	5.0
0375725601	5.0
1849030286	5.0
0061235024	5.0
0007285973	5.0
1400204666	5.0
0618056653	5.0
0553272918	5.0
0312538057	5.0
1940095123	4.0
141654383X	5.0
0451237900	5.0
0553106333	5.0
B007Z5Y3ZQ	5.0
0544114310	5.0
1426746806	5.0
0312347308	5.0
0966240812	4.0
125000716X	5.0
0425257274	5.0
0060871040	4.0
0307716481	5.0
0316279714	4.0
054784803X	5.0
1582345856	4.0
1938243609	5.0
1581693591	3.0
0425257282	5.0
B006ITK0AW	4.0
0553260944	5.0
0890516200	5.0
0307879852	5.0
0802403581	5.0
0982294603	5.0
0843961910	5.0
1442361476	5.0
1937041123	5.0
1572436069	4.0
0307379930	5.0
1595547088	5.0
0670034517	5.0
0890516251	5.0
0449912205	3.0
0980224667	5.0
0446604801	4.0
0141339624	4.0
0595302831	5.0
0143119605	4.0
1439102430	3.0
0060245867	5.0
0312369573	5.0
1250007151	5.0
0312369565	5.0
0307406334	5.0
031621082X	5.0
0971394741	5.0
042525190X	5.0
0451219244	4.0
1583450084	5.0
0062117661	5.0
0307406342	5.0
0890516235	5.0
0312645422	5.0
0061257281	3.0
0373778066	5.0
0312340710	5.0
0151014361	5.0
0828321531	5.0
0345537122	4.0
1595547061	5.0
0307888789	5.0
1449980481	5.0
0983680809	5.0
1482537729	4.0
0334028566	2.0
1612186548	5.0
0446403083	5.0
0578136392	5.0
0785229213	5.0
1616148810	5.0
0988489171	4.0
1480273899	5.0
0312286252	5.0
0451411374	5.0
0399162364	1.0
1468008536	3.0
0312340702	5.0
1590513207	5.0
1940095174	3.0
1401680305	5.0
0393062244	4.0
1457509288	3.0
B005A7U328	5.0
0451231740	4.0
0547577133	5.0
1782640339	5.0
1460976312	4.0
1466219661	5.0
0980224624	5.0
1467943932	4.0
0099244721	5.0
0425211894	5.0
0981978304	5.0
0140094385	4.0
1605040975	3.0
0307943232	4.0
1782640347	2.0
1477848835	5.0
0980224632	5.0
030788743X	3.0
1611735270	4.666666666666667
1938768019	5.0
0062064649	4.0
0345528204	5.0
0399157824	5.0
0764203916	4.0
0143170090	5.0
1414368186	5.0
0812545486	4.0
0061537934	5.0
0985176946	5.0
0345537165	5.0
0306822725	2.0
0307272605	3.0
0425242188	5.0
0804118892	4.0
0345537149	5.0
0451188489	4.0
0062064657	5.0
0671853392	5.0
1883523087	4.0
045122812X	5.0
0425247880	5.0
0557240670	5.0
B005TWZNG0	5.0
0399155228	5.0
B00C1289WG	5.0
B00FGX6C5S	5.0
0929141946	3.0
0316686565	3.0
0307700003	5.0
1475148755	4.0
1937593169	5.0
023252078X	4.0
0345483618	5.0
0743484924	3.0
B004J4WJBQ	4.0
0312330529	4.0
B008NW6L8C	5.0
1440536090	5.0
0764203908	5.0
1590200918	3.0
0345428838	5.0
0399145885	5.0
0743484916	4.0
0446557951	5.0
0983370311	5.0
0425138232	4.0
B00FE0PM8Q	5.0
034537536X	4.0
1742841732	5.0
B00DNGS1CW	5.0
B00CUJ3UTM	5.0
1590804627	5.0
1432727397	5.0
1433680459	5.0
0062102567	5.0
1432765620	5.0
0451210816	4.0
1594773114	5.0
0764207490	4.0
0061717142	4.0
0061718475	4.0
0316069418	5.0
1591796377	5.0
B007Q6R69E	3.0
0399155147	5.0
0451412729	5.0
0345459164	5.0
1595547835	4.0
0061092045	5.0
0312366523	5.0
0671733893	5.0
1592401163	4.0
0143170104	4.0
0985726733	5.0
0345549074	3.0
147780756X	5.0
042524220X	4.0
0307265439	5.0
1452562792	5.0
1426702337	4.0
0060009667	5.0
0985726741	5.0
0307277453	3.0
0970558848	4.0
1608601838	5.0
0316211230	5.0
0399156453	5.0
1612182933	5.0
1585742899	5.0
0373696485	3.0
0385488858	5.0
1598567055	5.0
0061963119	5.0
0061930210	4.0
0142417114	4.0
0316211222	3.0
039915776X	5.0
0451406036	4.0
0764202677	3.0
0425194051	5.0
B00FV4IT7Q	5.0
1625530382	5.0
0307987647	5.0
1416544399	5.0
0399152911	4.0
B00HDOD0Y4	4.0
0985726709	5.0
0062025066	5.0
0553585797	2.0
1467946184	5.0
084395177X	5.0
0986602892	5.0
0578020629	5.0
1477809317	5.0
0590033778	5.0
0312559755	5.0
0842386874	5.0
0385349319	5.0
0743567498	5.0
0345444922	4.0
080707070X	5.0
1250027659	5.0
1476731497	5.0
1935171178	5.0
1909223794	5.0
0399148876	4.0
0983765502	5.0
1580054412	5.0
0310731054	4.0
0385474261	3.0
0989468100	5.0
0091944058	4.0
1477635513	5.0
1482552442	5.0
0226500578	5.0
1935171194	5.0
0743578155	4.5
0985726717	5.0
0671680080	3.0
0307744434	4.5
0804111421	5.0
0802120156	4.0
1595547851	5.0
0446541532	5.0
0615581188	5.0
0764209272	5.0
0679759611	3.0
0857868713	4.0
0976585502	5.0
193863313X	5.0
1935265407	5.0
1460943503	5.0
1897562322	5.0
0687346002	5.0
0061655988	5.0
006165597X	4.0
1478305681	4.0
1603183337	5.0
0867169958	5.0
0439139597	5.0
1607746433	4.0
0745960588	2.0
0547576722	4.0
0985728515	5.0
1589973399	5.0
0671023225	4.0
055299703X	5.0
0061448761	5.0
0451235320	5.0
B00IDHV4NE	2.0
1854249681	5.0
0595370942	5.0
1936034670	4.0
057803395X	5.0
1463798946	5.0
0399158243	3.0
045123796X	4.0
0061373559	4.0
1592642551	3.0
031615427X	5.0
1432791036	5.0
0446580287	4.0
0385362307	5.0
038566740X	4.0
0446580295	5.0
0986602876	5.0
0425228754	3.0
0736961380	5.0
1414320124	4.0
0984203516	2.0
B005LHMMUS	5.0
0547400365	5.0
0345505514	5.0
0399146245	4.0
1401601588	4.0
140020206X	5.0
0615652530	5.0
0983008515	5.0
0312369670	5.0
0307408973	5.0
0761458387	3.0
0307406318	5.0
1414320116	5.0
1400202086	1.0
1629290386	5.0
0307588599	5.0
0061056391	4.0
0802733735	1.0
0312276885	5.0
0062248634	5.0
1618680242	5.0
B004TGUD5I	3.0
1450563090	5.0
1423118235	5.0
0375727434	4.0
0312569963	5.0
147780885X	5.0
0743287649	4.0
1612182127	4.0
0142416681	5.0
B007WYPJ8A	5.0
0307741346	4.0
0451215729	4.0
1451521014	5.0
0060541830	5.0
1493781987	5.0
1740592913	5.0
006178480X	5.0
0143112260	4.0
0345484142	5.0
0553212338	5.0
1416596410	5.0
0385341407	4.0
1929653999	5.0
0557758653	4.0
0312380895	5.0
B00JTCU1JU	5.0
0449208281	5.0
0743242785	4.0
0002185385	4.0
0399158278	5.0
039915826X	5.0
0307730670	3.0
0312569947	5.0
0425247031	4.0
0671516884	5.0
0849964873	4.0
0615454224	5.0
0061999164	5.0
0345484177	5.0
1608607976	5.0
0451185455	5.0
B00AYR3BS2	4.0
0761461981	3.0
0553145959	5.0
1891206486	5.0
0385537476	4.0
0446505870	4.0
0451236629	5.0
1438967446	5.0
0805087745	4.0
0446523887	5.0
019932610X	4.0
0061147761	4.0
0374522596	4.0
1582434484	5.0
0345526511	5.0
0312266596	5.0
0062274171	5.0
0553592963	4.0
0761169253	5.0
0060736593	3.0
0385182449	4.0
054774501X	5.0
1595548246	5.0
0804136572	4.0
0061236233	5.0
0062082353	5.0
B00962GFES	3.0
B0073FTKME	4.0
0801860970	4.0
1477817832	2.0
1594147612	3.0
1414348614	5.0
0007136838	5.0
1451645821	5.0
0446563072	4.0
0061579033	3.0
0778326381	5.0
0307729656	5.0
1604587202	5.0
0778326373	5.0
1940095018	4.0
0061629863	5.0
0345526546	4.5
0595451721	3.0
0679456783	4.0
0061965804	3.0
1442349042	5.0
0312552459	5.0
085721229X	3.0
0615246257	5.0
0765317680	5.0
1573446637	5.0
1592323812	3.0
0752886142	3.0
1490546995	5.0
044024370X	3.0
0805096663	5.0
031268052X	2.0
0849900069	5.0
0307272508	5.0
1612182070	2.5
0345526570	5.0
0061122416	5.0
141659518X	4.0
0615427359	3.0
0380486032	5.0
074325631X	4.0
0061284742	5.0
0345547497	4.0
1438959850	5.0
0316069353	2.0
161218510X	5.0
0062021389	4.0
1433678209	5.0
0312428596	3.0
B004QTOJ0I	5.0
0375713549	5.0
0312369689	3.5
0385339089	4.0
030758836X	3.8333333333333335
0060289333	5.0
0789742853	5.0
1611097452	5.0
0451221400	5.0
0312607075	4.0
1416595163	5.0
0465017339	5.0
159052201X	5.0
1938961781	5.0
0307292134	5.0
0002247399	5.0
0345530608	5.0
B00HTO0PH8	5.0
1468006002	4.0
0312866534	4.0
0312867867	5.0
0985662123	5.0
0060739681	5.0
0615532136	4.0
0061230944	5.0
0062062794	4.0
0312853238	5.0
0316010669	5.0
0451231694	5.0
0778328112	5.0
0887392431	2.0
0973813237	5.0
0983940304	5.0
B00C4BA3V4	3.0
0307446549	5.0
0890516170	5.0
0671742760	5.0
0446531421	4.0
0345531957	5.0
0988191237	5.0
0345402308	4.0
0983511209	5.0
0727881744	5.0
B00CLHENJ4	5.0
0099556316	3.0
0982607814	4.0
1463647190	5.0
0307446557	5.0
0804109818	5.0
0892960884	4.0
0451407423	5.0
1400202779	4.0
1463778325	5.0
084990000X	4.0
0980183545	5.0
1595541691	3.0
0061252301	4.0
0986023884	3.0
0890516189	5.0
0983129770	5.0
0316155608	5.0
0399157700	4.0
1595544704	5.0
0451180410	3.0
1466241683	4.0
0547229895	5.0
1400315492	5.0
1602606811	5.0
0758287399	1.0
1414334060	5.0
0399152008	3.0
0345530632	4.5
0399155996	5.0
1414313144	5.0
B008VOJGE8	3.0
0963079131	4.0
0312331916	5.0
0345379640	5.0
098554550X	5.0
0399132414	5.0
0980183561	5.0
038574059X	5.0
0451458125	4.0
0061685992	4.0
0553263226	5.0
0979079519	3.0
0061231428	5.0
073936474X	4.0
0553260197	5.0
0062088513	2.0
B00BVR73P6	2.0
0060975768	5.0
0805446982	5.0
031230434X	3.0
0393062171	3.0
0425243575	5.0
0878332162	3.0
0547884605	3.0
0312724675	4.0
0451180429	5.0
0340839937	5.0
0061231401	5.0
1468149423	3.0
044653143X	5.0
0985044306	4.0
0553592947	4.0
1439187231	5.0
0399157743	2.0
0671741454	5.0
1452819432	5.0
0553591614	5.0
0060762055	4.0
0312373791	5.0
0983277419	5.0
0770437184	5.0
0984775250	5.0
0425178900	5.0
0684824906	5.0
B006YZ0OOM	4.0
0752860399	5.0
0743255054	5.0
0060174927	5.0
098541720X	5.0
1616260858	5.0
0062064584	4.0
0553592955	5.0
0385522428	5.0
1596448431	3.0
0982893116	5.0
0307908984	2.0
0452289424	4.0
0399157689	5.0
B00IFTK8CS	4.0
038534743X	4.0
0439806119	5.0
0312641885	5.0
0805088156	5.0
1475250401	5.0
0006476155	4.0
1452839948	3.0
1482553899	5.0
0525953183	4.0
0983374503	5.0
0764201484	5.0
1612181511	5.0
0399148728	5.0
0975976052	5.0
0316053740	4.0
0465070477	5.0
0764201492	5.0
B004AYDLUI	5.0
1563520699	5.0
1480107336	5.0
0615147399	5.0
0312651236	5.0
0393039765	5.0
1400316731	4.0
0312599803	3.0
0385343078	4.0
1439190844	4.0
0425246701	4.0
0316166308	5.0
1565849108	2.0
0764202790	5.0
1477111514	5.0
0985025107	5.0
0739439014	5.0
0307731049	5.0
0451214307	5.0
0307950492	5.0
0345449029	5.0
0553100351	5.0
1925047199	5.0
0380603926	4.0
0743255097	3.0
0345534956	4.0
1432761102	5.0
1450041922	5.0
0307576418	5.0
076533237X	5.0
0778325849	5.0
0060778415	5.0
1462070728	4.0
B0081V4QH8	2.0
0615487092	5.0
0394502787	4.0
0142004146	5.0
0982272251	3.0
1477805060	4.0
0061784796	5.0
0375506160	2.0
0374114455	5.0
0375753680	5.0
0804186014	4.0
033044123X	4.0
0764208071	5.0
0547740107	5.0
014303880X	4.0
0345386744	5.0
0060570210	5.0
0979066158	5.0
B005CXVVIK	5.0
1601422946	4.0
0618117121	4.0
0312860420	5.0
0763644765	5.0
0764210394	4.0
1460935136	5.0
0140060286	5.0
1400202841	4.0
1492287881	3.0
0451408764	5.0
1416585834	5.0
0825455529	5.0
0060722908	5.0
0764208055	3.0
0671551310	4.0
1442439890	5.0
1432704575	5.0
B00D50BFGK	5.0
1477451129	5.0
0345533666	5.0
0374503486	2.0
0446554952	4.0
0345505670	5.0
1481026704	5.0
0060684127	5.0
0312205511	5.0
0670020702	4.0
1477805095	5.0
0399157697	5.0
0553282352	1.0
B002G99RRK	5.0
161218152X	5.0
0345484207	5.0
0307957934	3.0
0312641877	5.0
1250010098	5.0
080211928X	4.0
006194100X	5.0
1466397314	5.0
1419687360	5.0
0399147489	4.0
0825463165	5.0
0345476697	5.0
0399161783	5.0
0595426832	5.0
0312853254	2.0
0307950433	5.0
1416585850	4.0
1250007356	2.0
0062281305	5.0
1497340926	5.0
0425252523	3.0
0978655168	5.0
0446600415	5.0
0804136610	5.0
098788641X	5.0
1935171259	5.0
0393013995	5.0
0890515654	5.0
0062110837	4.0
0743496744	5.0
1612185924	5.0
0973187255	5.0
0765317583	5.0
0345446828	5.0
0316206849	4.0
0007444117	4.0
1414378424	5.0
1606150111	5.0
0786011149	4.0
0684804433	5.0
0373777612	5.0
0671517414	5.0
1561011851	5.0
045122891X	5.0
1936127504	5.0
0307275566	4.5
0973187263	5.0
1463752601	5.0
0141039280	5.0
1411636600	5.0
0451161343	4.0
1414378416	5.0
1432711695	5.0
0595493688	5.0
0061958794	4.0
1844095010	5.0
0307985989	3.0
0470903198	4.0
1250029570	5.0
031285630X	5.0
1414334834	5.0
0061555096	5.0
0007386648	5.0
0385515316	3.0
031033683X	4.0
1450200850	5.0
0307950476	3.0
1932021299	4.0
0615547117	5.0
0451403924	4.0
0452288142	5.0
076365549X	5.0
B003U8AG12	5.0
0062122800	5.0
0786021349	3.0
1414334842	5.0
B007LBD71A	4.0
1452114463	5.0
0385516649	2.0
1592864309	5.0
0804115729	5.0
0310271053	4.0
0451411552	5.0
1414376693	5.0
1602151431	4.0
0980017106	5.0
1603742174	5.0
0345455738	4.0
0345523474	5.0
1934861650	5.0
0916441822	4.0
0671047310	4.0
0446580376	4.0
1561011894	3.0
0451409221	5.0
1596913711	5.0
0425241866	5.0
B0089EHK66	4.0
0743406435	5.0
1414334826	4.0
1451684649	5.0
159145218X	2.0
0553471937	4.0
1442359315	4.0
1935171232	5.0
0399161791	5.0
0316693863	2.0
