1401601731	5.0
0385528701	4.0
0316204366	5.0
0571301843	3.0
0143119419	3.0
1593108702	4.0
0307263940	4.0
0140481389	5.0
0470051418	3.0
0061474096	1.0
1442349158	4.0
0805093079	4.0
0316198838	4.0
0385535481	2.0
0194314243	2.0
0307341534	1.0
081297560X	4.0
0983632944	4.0
0470947802	3.0
0307947432	3.0
0061730327	5.0
0446614890	5.0
0309097347	2.0
037541486X	5.0
0671532766	5.0
0446506184	4.0
0761104844	1.0
0062085743	5.0
0758227175	3.0
0984074422	5.0
1607745291	3.0
1936449528	1.0
0399158081	5.0
0062021281	2.0
037543318X	5.0
0002007770	4.0
1451652224	5.0
0765320711	2.0
0865478007	3.0
0201433354	5.0
0755320425	5.0
0061697206	4.0
0061558230	3.0
1400043131	1.0
B00DY0A2HO	4.0
1469289652	4.0
B00GH0QOE8	2.0
014311767X	4.0
0060740752	4.0
0982773471	2.0
1936393867	4.0
1451654421	4.0
0345460731	2.0
0448434091	5.0
0374135665	4.0
1401941214	5.0
0071752854	4.0
0061374229	3.0
0061558222	3.0
1894622375	1.0
0439686164	3.0
046500217X	4.0
0151013241	4.0
0452295416	4.0
076451993X	5.0
1616950714	4.0
0446563188	3.0
0425208079	4.0
B009EGC5UO	5.0
0137131828	5.0
0307341569	2.5
1439192561	5.0
076790186X	4.0
0805082379	3.0
1410440478	3.0
1451628587	3.0
0983687226	5.0
0786891416	3.0
1449418368	5.0
042523567X	2.0
0099740915	3.0
1580403123	5.0
0062021273	4.0
0374100969	5.0
0312428235	3.0
1594487294	5.0
0767928059	4.0
0758276516	4.0
0061449091	4.0
0307339262	5.0
0446198145	2.0
B007HBY0VK	3.0
B005MPELOE	3.0
0553807862	4.0
0060525096	5.0
0380809052	3.0
0143038346	1.0
0425214311	4.0
0061449067	5.0
1877673722	5.0
0316055433	2.5
1401341942	2.0
0099281996	4.0
0307272400	4.0
0307749584	4.0
0140049975	5.0
0061787280	4.0
0374126755	3.0
0399152326	1.0
1250035007	5.0
1561232106	3.0
0761339590	5.0
0195162536	4.0
1451608527	2.0
0399166963	2.0
0399142533	3.0
045123023X	3.0
073949015X	4.0
0446564079	2.0
0755355911	4.0
1451665164	4.0
0143121332	5.0
0060988754	1.0
1558324135	5.0
037570406X	3.0
0062310070	4.0
0399132783	3.0
0099581876	3.0
0615566634	1.0
0738713570	2.0
0192806467	5.0
0231146361	5.0
0399158936	5.0
0553593099	3.0
0446528382	3.0
1608199134	5.0
0545424925	4.0
1936393808	3.0
006251184X	4.0
0143036556	5.0
014303569X	5.0
0307742911	4.0
0143119494	4.0
1595552219	4.0
0061998885	4.0
0307266125	1.0
1413305768	5.0
023070932X	4.0
1250011043	2.0
1467744123	4.0
0393064646	4.0
193336890X	3.0
0812996143	2.0
1611940508	2.0
B007N9RGTE	3.0
9652296066	3.0
0061966843	4.0
1616200456	5.0
1455512125	2.0
1439192987	4.0
1433524724	3.0
1565129237	3.0
0843963506	4.0
160598440X	5.0
1442346965	3.0
0553591703	2.0
0061985120	3.0
0385344325	5.0
0452297672	2.0
0545265355	4.0
061834697X	4.0
0143144812	3.0
039915678X	5.0
0451169514	4.0
0340953950	4.0
0679746498	2.0
0399160817	4.0
0393096696	3.0
1456545248	5.0
B009NQZY1C	3.0
0446364495	1.0
0448434083	5.0
0385520336	2.0
0452296315	3.0
0061998850	4.0
0553591711	1.5
0192818481	3.0
0718178122	5.0
0671041312	4.0
0441013813	2.0
0843947462	3.0
0448434067	5.0
0345519515	4.0
075821605X	5.0
1592405215	3.0
1612130364	2.0
0007491271	4.0
0099472287	5.0
0374184216	4.0
140008234X	3.0
1616201312	5.0
3527326693	4.0
0941062163	4.0
0786256079	3.0
0743292332	4.0
0451462769	3.0
0061778737	4.0
0307476014	3.0
0307453375	3.0
0060731435	4.0
0385523882	3.0
0307595870	5.0
0982594712	5.0
0374214913	3.5
0743291476	5.0
0061998869	3.0
0316126381	4.0
1478157453	2.0
1444729721	3.0
1451613946	4.0
0553591746	5.0
014241591X	2.0
1595553568	4.0
0452285186	4.0
0061789089	5.0
1582976074	5.0
0061138010	3.0
0679450777	5.0
0393058387	1.0
1594630356	5.0
0385475764	4.0
0061992704	4.0
0399156232	2.0
1620610043	3.0
0312878273	4.0
1250020832	3.0
0767928881	4.0
044101819X	4.0
0988349426	3.0
0062020889	4.0
0140177396	4.5
0062021737	4.0
0061997161	3.0
1575667843	4.0
0316014044	5.0
0393060691	5.0
0060937556	4.0
1482713551	5.0
B009V2YCRA	4.0
0061957933	5.0
0312571348	2.0
0553381946	5.0
0837184436	4.0
0330508121	3.0
0738709131	3.0
1906002371	5.0
B006N4733E	3.0
0399158405	1.0
0987437402	3.0
031613399X	4.0
1451660316	5.0
0452289521	3.0
B00AROTWMG	5.0
0061138037	5.0
1594744475	4.0
077043598X	2.0
0743597923	4.0
158479576X	3.0
0425241130	3.0
0312364121	5.0
0743276728	4.0
0789210665	3.0
0984502203	5.0
0060584750	5.0
0618477942	5.0
0764341316	4.0
0061928127	4.0
0307473740	3.0
1596916508	4.0
0062228838	5.0
0743550404	3.0
1451651821	4.0
0061957917	3.0
0061543667	3.0
0061346586	3.0
0451191013	3.0
1400043921	2.0
0061256684	4.0
1586484877	3.0
1608196003	4.0
1595553088	3.0
1250003466	5.0
1465401970	5.0
0345532449	2.0
0553271369	2.0
0143122231	5.0
0140071083	4.0
1449319343	2.0
0345519477	5.0
0310326095	4.0
0739438069	2.0
0595522297	5.0
0060582553	4.0
0345521307	3.0
1492123595	5.0
0061852716	3.0
0446552437	2.0
0892960728	4.0
1455576506	1.0
1451651805	5.0
0133142868	5.0
0307473716	3.0
0307594165	5.0
0316051888	5.0
0385361661	3.0
0312360193	5.0
1451672721	4.0
0393072231	5.0
0452296293	3.0
1890208299	3.0
0373827822	1.0
0307265234	4.0
1451698984	3.0
157566786X	4.0
039915843X	4.0
0525954104	3.0
0452011205	5.0
0140177361	5.0
0345533313	2.0
072786615X	5.0
0143058754	4.0
080508715X	3.0
1594489912	2.0
031255513X	3.0
1594487731	5.0
0224076051	5.0
0307394999	2.0
0758228902	3.0
0312318227	5.0
0143124862	3.0
1401685420	3.0
1401201172	3.0
0767927532	3.0
0375405445	4.0
0061626848	2.0
0345519493	5.0
0893012505	4.0
1469924706	3.0
1596911255	4.0
014017821X	5.0
0316036234	3.0
0545424941	5.0
006112429X	5.0
0316098116	3.0
0062108026	4.0
0765329069	1.0
0140177388	5.0
0525951059	2.0
0756698359	5.0
0345803787	3.0
0399149546	5.0
0743271092	5.0
039916250X	5.0
1402290829	5.0
0743467728	4.0
0807014397	3.0
0061561460	3.0
034548309X	5.0
069111532X	5.0
0399159347	3.6666666666666665
0312868855	3.0
0307719219	5.0
1616950218	4.0
1620401045	3.0
1439102112	5.0
0373774680	4.0
0520219783	4.0
192670827X	4.0
0870540394	3.0
0060010800	4.0
1439163537	3.0
0399159339	2.0
1416563709	3.0
044630557X	3.0
0553374338	5.0
1413310796	5.0
156512569X	5.0
1614290768	3.0
0132823497	5.0
1250009626	3.0
1250008778	4.0
0356502740	5.0
146377253X	4.0
0988272903	5.0
0061583227	3.0
1595826106	3.0
0465023533	3.0
0751541184	5.0
0061351539	4.0
0525426582	5.0
0316075841	4.5
1597264350	4.0
030759064X	4.0
1849710813	3.0
1451659393	3.0
0758286856	5.0
0307452417	5.0
0307461351	2.0
0356502759	4.0
1583333908	5.0
0981971490	3.0
0099529734	4.0
0340920246	3.0
031620126X	2.0
1466203897	4.0
006114343X	5.0
0060735449	3.0
0143038281	4.0
0140089225	4.0
0307595080	4.0
1402776632	5.0
0385307756	5.0
0373120370	1.0
014241557X	5.0
072788137X	5.0
0140449175	5.0
1455522716	5.0
0805063579	1.0
0920256813	2.0
0764343998	2.0
1611940052	3.0
0465020445	5.0
0470052376	1.0
0140390464	4.0
1599216078	1.0
0613175336	4.0
0517580519	1.0
0385528752	5.0
0671001256	1.0
1452657386	4.0
0064401871	4.0
1450438156	5.0
0679444904	4.0
0470410914	4.0
0060820993	4.0
0002051850	5.0
0060198303	3.0
0671047426	4.0
0060282983	5.0
0446606014	4.0
0983935114	2.0
0345526619	5.0
0981971458	4.0
007137230X	3.0
0765311712	2.0
0375500901	4.0
0142180351	4.0
0375831002	2.6666666666666665
0393081575	4.5
0143116851	5.0
055335387X	3.0
1400074290	5.0
0805088407	3.0
1596912987	3.0
0307276732	2.0
0671047434	4.0
0802146120	3.0
0316216798	4.0
0345450175	4.0
0061994936	4.0
0345483081	4.0
1451613156	5.0
1449426468	4.0
1554537703	5.0
1481026674	5.0
0810983591	5.0
0316053643	4.0
0061558265	4.0
0449908003	5.0
0321426541	5.0
0765326353	3.0
1416563792	3.0
0312576463	1.0
1938231503	3.0
1554513847	5.0
1400067685	2.0
0307886069	5.0
006121468X	3.0
0425227723	2.0
B004NNVWH0	4.0
1401340911	5.0
0307582884	3.0
185152813X	5.0
0743453956	5.0
0740755234	4.0
0451413008	1.0
1416596240	5.0
1401340903	5.0
080508312X	3.0
1891830872	4.0
0307594882	5.0
0142196991	5.0
1592402941	4.0
0615569617	3.0
1927018374	4.0
0786720913	4.0
0849964784	4.0
0307275825	4.0
0873515617	4.0
1439152802	5.0
0143120506	4.0
0385351372	4.5
1451623828	3.0
0142437875	3.0
0062736868	1.0
1455501514	3.0
0743554434	4.0
1400044103	3.0
0143143670	3.0
1455521175	5.0
1478116196	4.0
0547953569	4.0
0440418801	5.0
1467917109	1.0
0199603308	2.0
0515147184	1.0
0307742857	3.0
0062113372	2.5
1410452107	5.0
1933718048	4.0
0099472589	5.0
1608190021	5.0
0446528099	1.0
0060987103	5.0
0345802896	3.0
0743575318	4.0
0761456201	5.0
0062009494	5.0
140003213X	5.0
0979777704	5.0
0385535562	5.0
0525950656	4.0
1592406017	4.0
0743247612	4.0
0007120222	3.0
0307477401	4.0
0345535286	3.0
1938243935	3.0
1421695065	5.0
0307588149	4.0
0312658850	4.0
0061147958	5.0
1440526583	3.0
0394571053	4.0
1400033462	1.0
037543190X	4.0
0345525485	3.0
0615493084	4.0
1593275218	3.0
0316011770	3.0
0061766216	3.0
0060853972	3.0
1933821086	4.0
0890515050	5.0
0141302283	5.0
B00EKHI9B6	3.0
1623150566	2.0
0811801802	5.0
014312093X	2.0
0670024856	4.0
0470267550	1.0
006126055X	4.0
1401210678	3.0
0727853449	3.0
0446561932	2.0
0440431808	4.0
0451462491	5.0
0399162496	5.0
1595550348	4.0
1452651906	4.0
0446569895	5.0
1582406197	4.0
1107041376	5.0
006197806X	3.0
0425133516	5.0
0739474812	4.0
0060740434	4.0
1907565337	5.0
076434238X	2.0
0240521579	5.0
0143112082	5.0
0060761350	4.0
0140186409	5.0
0399255370	4.0
1579546951	4.0
0765304961	3.0
0307280322	4.0
0307592294	4.0
0316129534	4.0
0316253014	5.0
0307749436	3.0
193362275X	1.0
0736063684	5.0
1594744769	3.3333333333333335
1475150997	2.0
0743213882	3.0
0099443635	3.0
0345308239	5.0
0062070185	4.0
0312427050	4.0
1591025095	4.0
0061958077	1.0
0375705287	5.0
1107609178	4.0
0596515774	5.0
0571238572	3.0
0140099956	5.0
0312571623	4.0
0062008110	4.0
0385342047	3.0
0061137316	5.0
0330294911	5.0
B00I0X1E2W	5.0
0307409368	4.0
0060889578	2.6666666666666665
0804165742	2.0
0312274815	5.0
0813114594	3.0
0198326769	4.0
0957716540	4.0
014101587X	5.0
0140064842	3.0
0765300583	4.0
0375420835	3.0
0316017922	2.7
1623701147	3.0
1612187544	5.0
0060932813	3.0
0306821990	4.0
0758207050	1.0
1482553295	5.0
047324893X	4.0
1406332933	2.0
014118776X	5.0
B00B887N44	4.0
1605294594	3.0
0062224077	5.0
0399154426	4.0
0879306068	5.0
042519129X	4.0
0316034010	4.0
0062012614	4.0
0743226712	4.0
0061374199	5.0
0345464818	3.0
0307277186	4.0
0674242505	4.0
0374140979	3.0
0985929421	5.0
0789748371	2.0
1849906343	4.0
1612001033	4.0
1591841917	4.0
0965621618	5.0
1442366680	5.0
140533746X	5.0
0060838728	1.0
1565126076	4.0
0764535986	3.0
B0080GUO6Q	3.0
0312640234	4.0
0671536818	4.0
0060589469	4.0
0060959037	3.0
0316069515	4.0
030726291X	4.0
0743241924	2.0
1603427961	4.0
0961519762	5.0
0446403385	5.0
0307741907	3.0
1450572375	3.0
0843950986	2.0
1476702918	1.0
0789210290	4.0
157224349X	3.0
0142428094	3.0
0307477479	4.0
1607014025	4.0
0060519134	5.0
0312965257	4.0
0789211157	5.0
0385342063	4.0
0060789735	5.0
074327041X	5.0
006202065X	4.0
1927018323	4.0
0143118234	5.0
0451230515	2.0
0316735515	3.0
0735713170	4.0
0446585025	4.0
1451644795	3.0
0399154469	3.0
1906125147	3.0
1935097512	1.0
0385532458	3.0
0736062785	1.0
0143120530	5.0
031605755X	5.0
0805069224	3.0
0982555032	1.0
0007442920	4.5
0061053589	2.0
1410419592	2.0
0451232704	4.0
0806526300	4.0
1582979928	3.0
0143117378	4.0
1927018315	4.0
1611941210	3.0
0061143960	3.0
B004H1T9NC	4.0
0399156119	2.0
0316176362	3.0
0143123238	2.0
0739376934	5.0
1599631342	4.0
0393058263	1.0
B00B0QITYC	4.0
1416546898	4.0
0806527285	2.0
0061367397	3.0
0385500920	3.0
0374372837	3.0
0345447069	4.0
0764135775	5.0
0743272234	5.0
0553213180	4.0
9881989590	5.0
1884956998	5.0
0812977599	4.0
1439153663	2.0
0156033674	2.0
1780290330	5.0
0452287464	1.0
0307474712	2.0
0441014739	3.0
080508925X	4.0
1453270973	3.0
0062067753	3.0
0062014072	3.0
1590073142	4.0
0385476760	1.0
1439165645	4.0
1575422344	5.0
1565129512	1.0
0743249895	5.0
0470409231	3.0
1455520640	5.0
1455576646	5.0
0385350848	4.0
031032906X	3.0
0786867280	3.0
0804834822	5.0
059600026X	2.0
0143113879	5.0
0141034262	5.0
0307594033	3.0
0470067365	3.0
1401941966	4.0
0007230206	3.0
006178320X	4.0
0375431101	4.0
0307712508	4.5
B008LYMHL2	4.0
0345483103	3.0
0143142801	1.0
0553584359	4.0
0764341847	3.0
0143112538	2.0
0316036137	5.0
B00G5NLQEA	3.0
0316018724	2.0
0761521364	5.0
006206777X	4.0
1568584083	4.0
0307887804	3.0
1451695594	2.0
098991562X	3.0
184819014X	4.0
0380818205	4.0
0061963046	5.0
0241954290	5.0
1579654606	4.0
0399156135	3.0
0684853159	3.0
0071811168	2.0
0310328179	4.0
0060890096	4.5
1554514797	4.0
0061731161	2.0
0465002552	4.0
0307278867	4.0
0983440743	3.0
0446403407	5.0
0143122797	5.0
0345533429	4.5
0060813970	4.0
0060817089	5.0
0316027650	3.0
0307461831	4.0
1416563806	4.0
0553213164	3.0
0761354727	4.0
0307951154	5.0
1464200491	5.0
0739331191	4.0
0375726659	4.0
0312573472	5.0
0312617933	2.0
0399158375	4.0
B00I1IW7PO	5.0
0393068471	4.666666666666667
1620872935	5.0
162860011X	4.0
0061885177	4.0
0375800662	4.0
0316216852	3.0
080419257X	4.5
0061963097	5.0
0060593199	3.0
1423175123	3.0
0982520409	5.0
000779021X	4.0
098790230X	3.0
0312342020	4.0
0240818830	1.0
1554514789	4.0
0007281447	5.0
0812971892	5.0
1442346272	2.0
0843955430	3.0
0316097519	2.0
0340770732	4.0
0374103984	3.5
0143118706	4.0
0446582352	5.0
0007447868	2.0
031218087X	2.0
0345349571	5.0
0399159207	4.0
098398462X	4.0
0061474274	3.0
0061147931	3.3333333333333335
1416979557	2.0
0316001929	4.0
0451412656	4.0
0345521021	2.0
0375404414	1.0
0765321416	5.0
1400031664	1.0
0451156609	3.0
8862930003	5.0
0441015662	3.0
1439110077	4.0
0071476369	2.0
0316118044	5.0
0451194004	4.0
B0052Y0OWI	2.0
0679421904	4.0
1597266647	5.0
155832156X	5.0
0739315501	4.0
140160451X	5.0
1592333907	4.0
1884777996	5.0
014312109X	4.0
1605985392	3.0
078523120X	3.0
1592402976	4.0
0060574879	4.0
0307273555	4.0
0547203888	4.5
0718159055	3.0
0312380755	1.0
155451472X	4.0
1492386944	5.0
076459995X	3.0
1439184305	2.0
1611099390	4.0
155451388X	5.0
1554513898	4.0
0786868198	2.0
1449401090	5.0
0764341448	2.0
1455512613	3.0
0345504992	5.0
0060874481	5.0
1406330396	3.0
034553302X	4.0
0307985768	2.0
0385528884	3.0
0007441290	2.5
1439191050	3.0
0470443952	5.0
1455517062	5.0
085720873X	5.0
0060764902	4.0
0385479425	4.0
0399162410	2.0
1554536987	2.0
0425191311	4.0
0151010986	3.0
1612430678	5.0
0307960498	5.0
1401604536	5.0
0743599357	2.0
0316018783	5.0
0345536533	2.5
038552319X	5.0
0060098902	4.0
1400032555	4.0
B006FOIOP8	3.0
0307360814	4.0
031286504X	5.0
031253387X	4.0
0553278029	3.0
0061173932	4.0
0312611676	5.0
0785265317	5.0
0312278225	5.0
0441019730	2.0
0743292510	2.0
0142425990	3.0
1594487480	3.0
0142001864	5.0
1444727338	1.0
1933718153	2.0
1616282134	4.0
0425097269	3.0
0307456625	5.0
1451677790	5.0
0061730572	4.0
0671015206	5.0
0375708278	4.0
1469210711	1.0
0395169615	5.0
0062227289	3.0
0984519319	1.0
0316069434	2.0
075666876X	5.0
0385342322	5.0
1453642757	5.0
0307352897	4.0
0143038583	5.0
0809015935	5.0
0385660065	4.0
1861002858	2.0
0735201978	5.0
0345294270	2.0
0312348649	3.0
1554514827	3.0
B008E0P1NO	5.0
0316346624	4.0
0385517831	2.0
1442348089	3.0
0765365855	1.0
1565126807	2.0
1451665776	3.0
0670024783	4.5
0399161481	4.0
0141439491	4.0
1439102856	5.0
B009NA574M	3.0
0307387992	3.0
1594331618	2.0
0758266987	4.0
0060843829	4.0
1439167397	5.0
0141040378	4.0
0385344961	4.0
1402792808	4.0
0385618980	4.0
0345333969	5.0
1586489402	2.0
0451196023	4.0
1449418538	5.0
0807001260	4.0
014311526X	5.0
0062008048	1.0
1590594290	2.0
0448464969	5.0
0399533982	4.0
0321821521	3.0
1442361476	1.0
1423178300	4.0
0553384732	5.0
0061767891	4.0
0985900202	3.0
B005FC0MX8	3.0
0385537859	2.5
1451649282	5.0
1894786866	5.0
1477573127	5.0
0373774907	4.0
1406337609	3.0
0060931264	5.0
B00CIGXT34	5.0
1594486190	2.0
0340979496	2.0
1401303420	5.0
0971977550	4.0
0547500602	5.0
0385524552	3.0
1439123314	5.0
0590187325	5.0
1594487049	5.0
1933718587	4.0
0091883768	3.0
1451644809	4.0
1453813853	3.0
1590516737	5.0
0812976746	3.0
0316024961	3.0
0399162380	2.0
0316001821	5.0
1554513936	4.0
1455521248	3.0
B007GE8HCG	3.0
1250000971	3.0
1400095816	4.0
0881253723	4.0
147003655X	3.0
1291222510	3.0
0062049801	2.0
0767914929	4.0
0739458213	5.0
1616145315	4.0
0262681153	5.0
080103910X	5.0
0385537883	3.0
044653224X	5.0
1404875360	3.0
0985350318	5.0
006083711X	1.0
0615485324	4.0
1451675542	3.0
0316036919	2.0
B00935JVTO	5.0
0224090577	3.0
0452280133	4.0
0547053649	5.0
0307739538	3.0
0140291768	5.0
0385335628	3.0
0330419129	4.0
0393071197	4.0
1410422445	5.0
0552565415	5.0
1451671601	3.0
0062025813	3.0
0974930369	5.0
1452110107	3.0
0140139397	2.0
B00IQ8ZMLK	5.0
0099244721	5.0
0321170113	5.0
1250027624	4.0
0451221958	4.0
B0092XHPWM	3.0
B009T93NO8	3.0
1616281677	5.0
B00DD5TPSM	4.0
B0031567VC	4.0
030788743X	5.0
0345356683	4.0
0140306013	5.0
161628384X	4.0
006222851X	5.0
0062064649	2.0
0151011206	3.0
1402244347	2.0
0143170090	1.0
0446539252	5.0
0061939897	3.0
0465013058	5.0
0141026898	5.0
0465054803	2.0
0618680004	2.0
0812979842	1.0
0312358091	1.0
0307269868	5.0
1461185750	2.0
1616143576	3.0
1455504750	3.0
0761463275	3.0
0061537934	4.666666666666667
1934356549	2.0
0452296579	2.0
1595550267	3.0
0735708967	5.0
0201702762	5.0
0452281091	3.0
B008DYIGR4	3.0
0316066346	3.0
0151011214	3.0
0618433252	5.0
1455504734	4.0
074359679X	1.0
0446612049	5.0
0345496973	3.0
1426205155	1.0
147674355X	4.0
0789748010	3.0
0307267679	1.0
1933718560	4.0
0007167040	5.0
0060392452	2.0
1451625723	5.0
0062073125	4.5
0448095165	5.0
0812981707	4.0
0807830410	3.0
0874410746	3.0
076420615X	3.0
1616084731	3.0
0060872764	5.0
0451236165	1.0
0007269072	2.0
0061438596	5.0
0345391810	5.0
0758234953	3.0
0385338708	3.0
0345807154	5.0
0743573641	4.0
1452652252	5.0
0425202518	3.0
006087273X	5.0
1250012570	3.0
0061733636	5.0
1118073835	5.0
0765334224	2.0
0876054203	1.0
1416589201	4.0
0751534285	5.0
1590200918	3.0
0137003358	5.0
1605294454	5.0
0451450523	3.0
1442362383	3.0
0307387941	3.0
0988657139	5.0
1554516102	4.0
1934356506	5.0
1455549657	2.0
0399155686	5.0
0062231731	5.0
1933718528	5.0
1554537045	4.0
0143142410	2.0
0099459051	5.0
0470038667	4.0
0374266328	4.0
0448095149	5.0
0393065782	5.0
B007MS68U4	5.0
0307908054	5.0
0615638600	4.0
0060392886	1.0
1401676685	4.0
0865478619	2.0
0306815176	4.0
0345485815	4.0
1439153124	5.0
0099450259	4.0
0062073168	5.0
0525954287	4.0
0451194721	2.0
0618463518	3.5
1554515351	4.0
0440193613	3.0
0316176486	2.0
0393073777	5.0
0061449202	4.0
1594480044	4.0
1939160677	4.0
0300190964	3.0
B007FEPP4K	4.0
0451465261	2.0
1119961327	5.0
0451194756	3.0
0385521502	5.0
0399159509	3.0
0525953043	4.0
0007154607	5.0
0307474844	5.0
1416913629	3.0
159558921X	4.0
0470457414	5.0
0385425139	5.0
0966745108	5.0
0307265439	5.0
0471590991	3.0
143380705X	1.0
0758225644	2.0
0143123343	4.0
0007337701	5.0
141950276X	4.0
0765332000	4.0
0857072285	5.0
1612186084	3.0
0770433553	5.0
0062120395	2.0
0345530489	2.0
0718155238	3.0
145162882X	3.0
0316098329	5.0
0880296240	5.0
0307358666	5.0
0151008116	3.5
0553582267	1.0
B00B0Q3488	5.0
0143122010	5.0
014242823X	2.0
0740703579	5.0
0812930010	3.0
1477818243	4.0
1401352456	5.0
161374479X	4.0
0865476993	1.0
1592853714	3.0
0312349165	2.0
1897597495	5.0
0060529709	2.0
1416599061	5.0
0307379108	3.5
0312612184	1.0
0525952187	3.0
0375509127	5.0
0316098795	5.0
0140282025	5.0
0141038985	4.0
0307987647	3.0
0525953493	5.0
0618187588	3.0
0307700887	5.0
014241977X	3.0
0985726709	3.0
0764342827	3.0
0988419300	4.0
0395779278	1.0
072071351X	5.0
0099505967	5.0
193069945X	3.0
0681980206	3.0
1592406815	5.0
0758292058	4.0
0307459659	5.0
0596000162	5.0
0060731257	3.0
0330317547	5.0
0142003166	3.0
0307277887	3.0
0156029022	4.0
014143998X	3.0
0345517067	2.0
0316715999	5.0
0142429104	3.0
0060594756	4.0
0800663241	5.0
097969289X	4.0
0060737808	2.0
0446504122	4.0
0306821427	3.0
0307917371	4.0
1857885783	5.0
1401309658	4.5
0007267622	1.0
0071446435	5.0
1936488450	4.0
0142428280	5.0
0143107291	4.0
0821775782	4.0
0743296532	5.0
1458763927	5.0
0143122444	2.0
0061458589	4.0
1499186509	5.0
0312642830	3.0
0312373279	5.0
0310250684	3.0
1849058105	4.0
0857521012	4.0
1936214962	4.0
0061243582	4.0
B005PRJKNQ	5.0
1936488442	5.0
0312424442	2.0
0307744434	4.333333333333333
034545829X	4.0
0865715300	5.0
1550374680	3.0
0756636353	5.0
0399150706	1.0
0399158669	4.0
031264065X	3.0
1401935141	4.0
0230517587	3.0
0307884848	4.0
1439100187	3.0
144237134X	5.0
0316507415	3.0
0802121071	5.0
1594745188	4.0
140632132X	4.0
0060777044	3.0
1848190255	2.0
0300136595	3.0
0590635557	4.0
0345464109	5.0
0374292795	3.5
0515134279	3.0
1936564386	2.0
0060882131	1.0
0943015731	4.0
0805077545	5.0
B0076O2JKW	3.0
0743289854	4.0
1591841380	2.0
1609050908	4.0
0061448761	5.0
0345546881	1.0
0071768254	4.0
0061655511	2.0
1579128149	5.0
1611720109	2.0
142781094X	3.0
1580054846	5.0
0062107313	4.0
0241952557	2.0
0805019669	3.0
1595726616	5.0
0060175400	5.0
0143034901	4.0
0062197258	3.0
0375411089	4.0
0385340990	5.0
0399157395	5.0
B00C79BOYS	5.0
0374275637	5.0
0849964830	4.0
0739369466	3.0
0370332288	4.0
0060882158	3.0
0738210420	2.0
0399146245	3.0
0865479186	5.0
0307346609	5.0
B00AIZ5ME6	4.0
145161778X	3.0
0446533041	4.0
0765308738	4.0
1608195317	4.0
0553816195	4.0
0684857057	4.0
1554514886	4.0
1439198837	2.0
0380811960	1.0
0684825007	4.0
0670784826	5.0
0786863625	4.0
0439023483	5.0
0099436744	4.0
0307879453	5.0
1401302602	4.0
030726369X	4.0
0307264556	5.0
0385735332	5.0
0061214655	3.0
B004Q9U18W	5.0
0765312824	4.0
0525953884	3.0
160094017X	4.0
1568584377	5.0
0143038095	3.0
1554513529	4.0
0471161888	5.0
145490559X	3.0
1616950498	5.0
0727883313	5.0
043920352X	3.0
0439023491	4.0
0345499662	2.0
0307272591	3.0
0312858868	3.0
030737999X	4.0
0764341561	2.0
0143122061	1.0
1592402860	3.0
031612351X	4.0
0451458923	2.0
0557758653	2.0
0316074314	5.0
0345544293	1.0
0615677878	2.0
161614405X	5.0
1465402675	5.0
1439190089	2.0
1413312721	4.0
B00AS9KEGI	5.0
0307589897	5.0
0670023493	4.0
0060794410	5.0
1401301304	4.0
0553386522	4.0
0393061728	4.0
1620877066	3.0
0446580260	4.0
0545296706	4.0
0060007826	3.0
140228652X	4.0
0316228532	4.0
0140367497	5.0
0446553905	4.0
0446583774	4.0
0307347974	5.0
0865976716	4.0
1439102767	2.0
0385249462	4.0
030793313X	4.0
0312278586	2.0
1402282125	5.0
160710427X	4.0
1600062474	4.0
0385536690	3.0
0062297295	2.0
0451151224	5.0
1455512427	4.0
0761169253	5.0
0448436167	5.0
0446609196	3.0
0316126675	3.0
0062060554	4.0
054774501X	2.0
0981736505	2.0
0762430753	2.0
0849947189	4.0
1847513018	5.0
1595554912	5.0
0374281289	4.0
0857203371	5.0
1439102740	2.0
0738210250	2.0
0061245178	5.0
0316011541	3.0
0393045609	5.0
0061779741	2.0
0312968973	5.0
1933718293	2.0
1927018129	4.0
0761147489	1.0
0544104404	3.0
1476726299	5.0
0446563072	4.0
0679444327	3.0
0061730416	2.0
0679735909	3.0
0330450972	5.0
1594202303	4.0
0060518499	5.0
1927018110	4.0
1418550760	4.0
1933718285	4.0
0061950718	4.0
1250034485	4.0
0553105132	2.0
1555664466	5.0
1550371711	4.0
074325547X	4.0
0670023744	2.0
0385661452	5.0
0765317680	1.0
0307265803	3.0
0307948684	3.0
B0043URLMI	5.0
0307886263	3.0
1442350458	5.0
0449224589	2.0
0312580762	4.0
0062243470	3.0
0143119729	1.0
0691009260	5.0
0356500276	3.0
030727828X	3.0
1585424102	3.0
0380486032	3.5
0385496958	3.0
0805242244	3.0
0962709026	5.0
1451673019	2.0
038536315X	4.25
006095793X	5.0
0425247546	5.0
0062071246	3.0
158648513X	5.0
0312942303	3.0
0449012751	5.0
0978970705	4.0
0345503821	3.0
1439192677	3.0
1551990482	5.0
030758836X	3.6
0385501129	3.0
0375414959	4.0
0718157168	5.0
0345803507	2.0
1300040416	1.0
1594773076	2.0
1616950889	4.0
0062278509	5.0
0789749491	2.0
0060937904	1.0
1467705918	5.0
0060742844	4.0
0743437209	2.0
0002247399	5.0
0060001453	4.0
0061703257	2.0
0805069054	3.0
0989943437	5.0
B00JDOWAN4	5.0
0345503813	3.0
015101423X	3.0
0449213447	5.0
1400079446	4.0
0865478570	5.0
0446608289	4.0
0446582603	3.0
0316182311	4.5
0985424818	5.0
1623700884	4.0
0307946495	3.0
0312853238	3.0
0061997811	5.0
0316010669	4.0
1597265632	5.0
0312538138	3.0
0345503805	3.0
0743289684	3.0
0812973372	5.0
0060001445	4.0
0676978584	2.0
0316007021	5.0
1451643616	2.0
1416556842	4.0
0345500776	2.0
0385519273	2.0
0099507390	4.0
1606843125	3.0
0312243081	3.0
0061723754	4.0
006074815X	5.0
0061662836	2.0
0470008741	3.0
1620151596	4.0
1907565167	5.0
0446615471	4.0
0984553177	3.0
1476724911	5.0
0151013772	5.0
0983290415	3.0
0446606987	5.0
0671685635	5.0
0451459407	3.0
0071418717	4.0
0743258541	3.0
1612186009	3.0
0752271946	4.0
0802714471	5.0
0747214670	3.0
1250010071	2.0
007178232X	3.0
0300166559	5.0
1596438657	4.0
0385343140	1.0
0451166582	3.0
1595541691	3.0
0201354934	5.0
0470563419	3.0
0393088774	4.0
0758208138	5.0
1402210450	5.0
0307279111	2.0
039306560X	4.0
084994841X	3.0
0345460685	2.0
0061668125	3.0
0380776162	4.0
0140143505	5.0
0873376188	4.0
0425233367	2.0
0307749649	4.0
1401303366	5.0
0061230987	2.0
0385661444	5.0
0061449156	5.0
1440721726	3.0
1451612540	3.0
0060872896	4.0
0307245306	4.0
B00GLT368W	4.0
0345539451	4.0
006087287X	5.0
0143034480	5.0
0307265374	4.0
0385535775	4.0
1586485563	4.0
0312362234	5.0
0470371269	4.0
0312430000	4.5
0439023513	4.0
0385729324	5.0
B00BWG9QP6	5.0
1439197059	4.0
0451458125	3.0
1439102724	4.0
0061659223	2.0
1596981032	4.0
0061231428	1.0
1576753344	5.0
0743204735	3.0
1416975888	4.0
0061449121	4.0
0061134007	3.0
044656740X	4.0
0060887184	3.0
0062103326	2.0
0875847471	5.0
0448436140	5.0
0061031127	5.0
1449387829	5.0
1439156980	4.0
0857891081	4.0
1582462585	5.0
0743277287	4.0
0684841460	5.0
0143038419	5.0
0976279401	4.0
031237111X	4.0
B0067ZJVK2	5.0
0451180429	4.0
1887012176	5.0
1780290497	5.0
1608198111	3.0
0316198730	3.0
1455512052	3.0
045141411X	4.0
0375422811	1.0
0765304740	1.0
0743596870	1.0
0140057072	4.0
0385529058	1.0
0679728724	3.0
0843948442	3.0
1937700089	4.0
0156004801	4.0
0743537262	2.0
0802122507	4.0
1440509867	3.0
1250033586	4.0
0441020011	4.0
B005CIRVX4	3.0
0986659363	4.0
0684824906	5.0
0786868724	3.0
0385344007	4.0
1451657846	2.0
B00A22UVJG	3.0
0393011836	2.0
1940026016	5.0
0805069461	3.0
1561457302	4.0
0375409513	5.0
0143118463	4.0
0312363524	5.0
1563895013	4.0
1608198103	3.0
0805054383	5.0
0062004042	5.0
0393061671	3.0
0316211338	5.0
1938164024	4.0
1464200211	4.0
0615700764	3.0
0399157204	3.0
0802120261	3.0
0399156356	4.0
0743296435	4.0
006073132X	4.0
125000554X	3.0
0006476155	5.0
1575664690	5.0
0151006261	3.0
0615448755	4.0
1585429031	4.0
0061450545	3.0
0307913090	3.3333333333333335
0071432167	5.0
178029056X	3.0
0061450553	4.0
0061458031	5.0
0060883510	4.0
0743287967	4.0
1933372435	4.0
0451225481	3.0
0345478819	4.0
1559708190	3.0
0393039765	5.0
1401936318	4.0
1903450314	5.0
0739374532	2.0
0847842134	5.0
0062314254	5.0
1401309984	3.0
1880284626	4.0
0553294385	5.0
0547054017	2.0
0307275167	4.0
1250028655	5.0
1560988428	5.0
0425256987	2.0
0553574701	4.0
0070246440	5.0
0380727641	2.0
0446547395	1.0
0143114964	4.0
0316065781	3.0
1596911166	5.0
1594205051	4.0
0448435683	5.0
1603200800	4.0
1400106656	5.0
014143984X	4.0
030728090X	2.0
0974930326	3.0
0385507771	5.0
0758208162	4.0
0316043915	2.0
0330258648	5.0
140870403X	1.0
1416594787	5.0
0143114956	5.0
1405131128	5.0
1484002709	3.0
0802715354	4.0
1439142734	4.0
0007340826	3.0
B0049U4AVM	2.0
0553593064	4.0
1841196509	1.0
0399139826	5.0
0385511809	5.0
0141012692	2.0
B008OIWNKU	3.0
B007RQU4FG	5.0
1611381843	3.0
1404880380	3.0
0714832472	5.0
0751547875	4.333333333333333
0789210584	5.0
0399158553	4.0
0060590270	3.0
1105017877	5.0
0451192036	4.0
0765332337	5.0
1451661932	3.0
0312642717	4.0
1400202833	1.0
0312981457	4.0
0674018826	5.0
0060742054	3.0
1565923928	5.0
0307595110	2.0
0739359339	5.0
0143113607	4.0
0399157212	1.0
0062501690	5.0
0312554168	3.0
0061247820	3.0
0142180882	5.0
1554514568	4.0
0312644906	5.0
0300125585	4.0
1599632837	5.0
0307393925	2.0
0345479726	4.0
042523603X	3.0
1442419865	2.0
0316056863	4.666666666666667
0316054682	5.0
0307378764	5.0
1400065666	4.0
0615383769	4.0
0147509734	4.0
031033554X	2.0
0789722429	5.0
0984336702	4.0
0385342608	4.0
0061957895	5.0
1590204646	4.0
0446613711	4.0
0671003755	2.0
0374153574	5.0
0380729407	4.0
089879868X	2.0
0307352145	5.0
0385679505	2.0
0006514006	4.0
0425248038	3.0
0062110837	4.0
0300104669	3.0
1594746370	3.0
0230766250	1.0
1408842432	3.0
1612185924	4.0
0316206849	2.90625
1481936603	3.0
1402273142	5.0
0007444117	1.0
0446196134	4.0
0985944374	4.0
0525950036	2.0
1608196771	4.0
0312381891	4.0
0345534557	5.0
0679742263	4.0
0758203373	3.0
014750970X	3.0
0141039280	5.0
1416583688	4.0
0099525259	3.0
0307263991	1.0
0765317567	2.0
0307399699	4.0
1585425524	5.0
0553819585	2.0
0061922315	5.0
1400044731	5.0
0929686004	5.0
B00CFRGIEI	5.0
0425205347	5.0
B00KRIZF8M	4.0
0727882112	5.0
1607012537	4.0
084992183X	4.0
0156032937	5.0
031242678X	5.0
0764343874	5.0
0062088084	3.0
1408825953	5.0
0307950476	2.0
1473202353	3.0
1403368740	5.0
0735709696	5.0
0060977493	3.0
0316015059	5.0
0062024027	5.0
0441016766	4.0
0312427654	5.0
1877579351	4.0
0312575467	5.0
0143123033	3.0
0446618136	4.0
0440416914	5.0
1414319673	3.0
140006788X	1.0
0375760377	4.0
1848310544	5.0
0345803485	2.25
0980016258	1.0
1451694423	1.0
0778314340	5.0
0062025325	3.0
0399159010	5.0
0399159495	4.0
0613998057	4.0
0765319799	3.0
0060959614	5.0
1439107955	5.0
006051762X	4.0
1455820067	5.0
0060517638	4.0
B0071C3VZ6	3.0
0465013821	3.0
0385343957	3.0
073949774X	4.0
0345803493	2.0
0446539740	3.0
0670015768	3.0
0061133973	5.0
0758274955	3.0
B004VWLEH6	3.0
0982773420	4.0
0761390626	5.0
1579548490	3.0
0446547352	4.0
1439171211	4.0
