0578124114	5.0
1455548987	4.794880910060433
B0032Y6RLC	5.0
0312369360	5.0
0743255321	5.0
0985817089	5.0
0982795246	4.999999999999999
B00AAQ3PHO	4.0
B00L0SI6Z2	5.0
0062014536	4.0
B00F56BWL0	3.0
174220001X	3.0
B00JCNEPO8	3.0
1483918777	3.0
1497305756	4.0
031237917X	3.0
1610348850	5.0
1439152926	2.0
0981307175	4.999999999999999
0312369379	5.0
1451650051	5.0
0553563270	5.0
0986906417	5.0
B00EORVZJ0	5.0
0451233786	4.0
B00FR1DKVS	5.0
B00F76QSH6	5.0
B00B55WXU4	3.0
B007WZHRNO	5.0
1466345985	5.0
B00B1KTUZ4	5.0
1118002830	4.0
B00CYUP32O	5.0
1600430228	4.0
B0058OJ8AG	3.0
0312369387	5.0
B0069E2SFQ	2.0
B007QPU7VE	4.0
B009UUS2HO	4.0
051513175X	5.0
B00AD9OHRK	3.0
1608981231	5.0
B00J44T4YQ	5.0
0786902639	5.0
B00AVKKUKE	4.0
1419965433	4.0
1468097350	5.0
0263899403	4.0
1494954133	2.0
1491274204	5.0
B00BADY48K	4.3570510072867545
1479359084	5.0
B00BXKF402	2.0
0615822991	2.9580209895052474
0786902647	5.0
1495960234	5.0
B00IHGM3Z4	4.0
B00C9FLKVW	5.0
B00D0D50YU	4.0
B004W9BX7Y	5.0
B009AMLDIM	4.0
0595407706	4.0
B00F66OJXC	3.0
0977426939	5.0
B00B3YJK4E	4.413860103626943
0989243311	4.0
0805088938	4.0
061579615X	2.473333333333333
B00JVWZH24	5.0
1490440224	5.0
B00GWOXKPA	5.0
1484829026	5.0
1484179749	5.0
B006Z1GKXO	3.0
B005OSJ11M	4.0
1482555395	3.850137308748528
B00KI3TEOM	5.0
B00DC2M3TE	2.0
0307406105	5.0
0307749584	5.0
B00761OU0C	1.0
B009V7IHY4	4.0
B00JH94R18	3.0
1480125717	5.0
0843959843	4.999999999999999
0615613969	4.999999999999999
B00EK8JZZO	3.0
B004RPXUN8	5.0
1477699384	5.0
160342038X	5.0
1468083163	5.0
B00KRQCHYO	5.0
1467980757	4.0
161109951X	5.0
B005TVG1GM	3.758997722095672
148261376X	5.0
B00HX6X1SC	4.0
0373261047	2.0
1456309501	5.0
0345528417	5.0
B0085ZCUC8	5.0
B004INHR24	4.0
0340988622	5.0
B00APT8BDE	2.0
1468100246	5.0
1469201615	3.0
0857206931	5.0
1466438185	5.0
B00C3O06LO	5.0
B0082GF0BS	4.0
B00GWOW3SU	4.0
1475084498	4.0
B00ICL9X0C	5.0
B00AJ92500	4.0
0758212518	5.0
1481152718	5.0
B00IC9YFKC	2.0
1938623533	5.0
1484012844	5.0
0316013684	5.0
006230240X	5.0
B00HSWBEP8	4.0
B0088PB6ES	4.0
0984592687	5.0
1933515252	5.0
1617730920	4.0
1416950079	5.0
B00IGHT942	5.0
0316014540	3.0
0373862962	1.0
B005QBS2RQ	2.0
B00ENTQLP2	5.0
1492773522	5.0
B00F3EBVQA	4.0
1937733297	4.0
B002X8492M	4.0
B00CC40FE8	3.0
B007KG561U	5.0
0988230208	5.0
B009954E9K	5.0
0425243214	5.0
B00F0SB87Q	4.0
B00DZZG89Y	4.0
0373860366	5.0
B0063672C4	4.0
1250035864	4.0
B005UFZ5B4	4.0
B005T4RK78	2.0
B00480OG5I	5.0
B00FS37D8Q	5.0
B00BLSZLY0	5.0
B006Y06F4K	2.880361173814898
1495458881	5.0
B00BDSDBWW	5.0
1469932733	5.0
0373246749	5.0
B002AJGXFU	5.0
B00ENOGDGY	5.0
B00DYFWOAC	5.0
1612184197	5.0
B007WUMF9U	5.0
B007FF6UAM	4.0
B004IEAEL4	5.0
0739450905	5.0
0983952477	4.0
B00GW9F31Y	5.0
B00C7HMWR8	5.0
B009W9ZDHU	4.702180908115838
1481054317	5.0
1444729721	4.0
B00E9LXPIU	4.0
1480568511	5.0
075821474X	5.0
0800731573	2.0
B004OYTF4A	4.0
1482691302	5.0
0316031844	2.0
1480167983	1.0
B004E3XVIM	4.0
B00ATRCPSE	2.0
0439821630	5.0
B00AB3QW1W	3.0
1484802322	4.0
037321118X	5.0
1477557776	4.999999999999999
B00GNA16EA	3.0
B009V2YCRA	5.0
B00647Y158	5.0
1494272482	4.0
B003SX12EE	2.0
1460974425	4.0
0989563618	5.0
0505524384	4.999999999999999
0373860811	5.0
B003OUXEEW	4.0
1481294482	4.999999999999999
1477817158	3.0
080217065X	3.0
1939962323	4.0
1921064390	4.0
B00AQ9ROYU	5.0
B0085Q6STS	4.0
B008DBGGOW	3.0
0982582374	5.0
0759550425	5.0
0140386882	5.0
1603742085	5.0
0345506200	3.0
0312868014	4.0
B006SMMW64	4.999999999999999
0452152984	5.0
1478369930	4.0
B003IWOC1U	5.0
1939962315	3.0
B00CI0DNSG	3.0
B00KPIPQJ2	5.0
0615849601	3.0
B0067A2S5C	5.0
042526338X	5.0
B004W0C520	4.0
B009KZ3B5C	4.0
B0082150R2	5.0
B009GKU2DU	3.0458257713248638
B0045U9SG8	5.0
B007UWO34U	3.0
B00D9F4MDE	5.0
0061626821	5.0
B006ZRGG4G	3.0
B0087W2UVK	3.0
1470042223	4.0
B004MDLVBI	3.0
0345521307	4.0
B0080H5W1M	4.0
1434767396	4.0
037353454X	5.0
1609288939	5.0
0340825588	4.0
B00FJ879D4	4.0
1492170348	5.0
1937475719	5.0
B00G2UXCK2	4.0
B0052ZIQEK	5.0
B00CR3U1CK	4.0
0441015956	5.0
0613171373	5.0
1419961985	5.0
0615894666	5.0
B007XXQZSI	4.722455573505654
B005HOL30A	5.0
1482708167	3.0
B005GFAIDI	5.0
B0086PQ672	4.0
B00EHL35AK	4.0
B00AUHR3F8	4.0
1484835263	5.0
0987806866	5.0
B006YVYQAO	5.0
1461131332	3.0
B0076PP4JE	2.0
0446572470	5.0
B006LUI6JA	5.0
B005D4Y5LS	5.0
B00I8S43ZE	3.0
B005BT583Y	5.0
B00GQOYA8W	4.0
1453874186	5.0
1493581805	5.0
1482752735	2.0
1477671390	5.0
1492338141	5.0
0345323440	5.0
1907563830	5.0
B00JF8GMP0	5.0
B0086XF6VQ	4.0
1477817182	4.999999999999999
B00EMK8F56	5.0
B00DJK31TK	1.0
B009F3M9ZC	3.0
B008Q1WC2Y	1.0
1469998165	4.0
0989050858	5.0
B00AOT0UIE	4.0
B00748O4DA	4.0
1482729970	4.0
1604358491	5.0
0552142867	5.0
1491276029	5.0
B00AA3P6SI	1.0
0615827446	4.0
B0051VGSWW	3.3794988610478365
1481968106	5.0
B008HHCYRK	5.0
1470108097	1.0
0985494409	5.0
0615536794	5.0
B007X6GZDK	5.0
1612183654	3.0
0758273568	5.0
1495252671	5.0
B00FD8P19O	3.0
1484121937	4.0
0425263770	3.0
1460939255	5.0
B00AOOMS7U	5.0
0425265951	5.0
1600430295	5.0
1484865510	4.0
0312357435	5.0
B00BSZU9AM	4.0
B00A5X2D02	4.0
B00H9IYDMW	5.0
0988308940	5.0
0957010354	4.0
144235948X	5.0
B00E54WA78	5.0
1605045535	5.0
0061245577	5.0
B004AYDGVM	5.0
B00H1RMZOY	4.0
1903931843	4.0
1469227886	4.999999999999999
B00HV45E40	4.0
B0028ICUE6	3.0
1432770322	5.0
0062019805	5.0
1492283800	5.0
0988436914	2.0
B00EMKLXYQ	5.0
0060820578	5.0
0449909379	4.0
B009567BPC	3.0
B00EXXCSCI	4.0
0586217460	4.0
B00E1IHYJ2	5.0
B00BLXOYO8	4.0
B00IP8459G	3.9494799405646366
0425251764	4.0
0142406635	3.0
0505527847	4.577498033044848
147912866X	5.0
B00ASB6N9I	4.0
B005H6Y60M	5.0
B007TX64L0	5.0
141996416X	5.0
B008DQLNQI	3.0
B0083EOEHA	4.0
1416520856	4.0
B006WU57VE	4.0
B0082JA56K	4.0
B0064P9O34	5.0
1470180642	5.0
1484161114	4.621456364647026
B00DIBOF72	4.0
0373731981	4.0
0062317458	5.0
B008XQSX8E	4.0
B00ACQPD68	1.0
B00JIWJ6EM	5.0
B00I31NZV4	4.0
B008ZEFZ2Q	4.0
B008FB06WS	4.0
B0061O0H20	5.0
1937856178	5.0
061581414X	5.0
B005S0V67I	5.0
B0080RDG0G	2.0
1402251238	4.0
1580175295	5.0
1619215020	5.0
B00CS7EAHM	4.467731629392971
1492744115	4.0
147768512X	5.0
1483901890	5.0
B00FI33X3A	5.0
1480038423	5.0
B00GNLN228	5.0
B00CVUJTQI	5.0
B00CB0LN0S	5.0
1477817581	2.0
B00AYO44IQ	5.0
B00JJ64B6U	5.0
B0057PFWDI	3.0
B0030CMJEK	4.0
B00AN6827E	5.0
B003SX1262	1.0
0373862466	5.0
B007W6BJV4	2.3633387888707036
0345504968	4.0
B004UHLJNG	4.0
0307582884	5.0
0060773758	4.0
0983706387	5.0
B00LU7JYC2	5.0
B0084OEVOU	5.0
B0062NJ60Y	3.0
B00GFRJTJK	4.0
1846075599	5.0
1468123424	5.0
B00AVKL9KO	4.0
0615569617	4.0
B00D6SCXY4	4.0
0764228277	4.0
1936413213	2.0
B00CZBZRK0	5.0
B009W9GJL4	4.0
1595963316	5.0
B00DKYKPBC	5.0
1484177010	4.0
B00JWET7TU	5.0
1463603320	4.0
1475056036	5.0
B00CCXC6SC	5.0
1484018427	5.0
B009VIE3FA	5.0
1482524759	3.0
0615624308	5.0
1470047551	5.0
B007YNCGH6	4.0
0425262987	5.0
1586088335	1.0
1467917109	5.0
B007X6IOT8	4.0
0756404797	5.0
B00CWFAQJQ	5.0
B004QGYA0A	4.0
B009ZTNIK6	4.0
1907030700	5.0
B007FWWVJE	5.0
B00GLT2F2U	5.0
B008G6J0NI	4.0
0991054261	5.0
0373862016	5.0
B00FKCG0DY	5.0
0615822886	5.0
0425217965	3.0
B009XFD76M	3.2701913720402205
0739480286	1.0
0983706352	4.0
0615845517	5.0
193332063X	4.999999999999999
B00J1K4JOI	2.0
B00D55N4AK	1.0
B00JOPY3G4	5.0
098346961X	5.0
1479224251	3.0000000000000004
0307588149	4.0
B006FZIT4I	5.0
1468186183	2.9999999999999996
1921064668	5.0
B007SPPH1M	3.714236706689537
B00DLJPM9G	4.0
1439181799	4.0
1481004719	4.999999999999999
B00H4J4AP6	2.9999999999999996
1451527756	5.0
B006B22ZT0	5.0
B00J2JNS8Q	5.0
1585710261	5.0
1612183174	4.999999999999999
148002211X	5.0
B00KANX6Y4	2.9999999999999996
1489521534	5.0
B009LXGINU	5.0
0764206427	5.0
190795435X	5.0
1455521132	5.0
0989311287	5.0
B00BSX4U04	5.0
1481882902	4.0
0373831781	5.0
1477848347	4.0
B00CXWZWAQ	5.0
1439134588	5.0
1936413272	4.0
1482685302	5.0
000224053X	3.0
B00I9NSFDO	4.0
B00H41LOBC	1.0
0451228219	5.0
0441017029	5.0
0312347294	5.0
0307749436	4.0
0786808012	5.0
1483940993	5.0
1480054542	3.0000000000000004
1495307352	5.0
B00CU1K1G0	5.0
B005TDRJ70	3.0
B00CKH0X2G	2.0
B00BNXIJ06	4.0
146095758X	5.0
0143123629	4.0
0515131679	4.0
B00AGDONCC	4.999999999999999
B007SDHP0A	5.0
0985066385	4.999999999999999
B005V0F2SY	4.999999999999999
1434341178	4.0
0373861540	5.0
0983981914	5.0
B00B4XT7K6	3.0
B004NSV8JC	5.0
0451458346	5.0
B00B2B2LS0	4.0
1484843002	5.0
B00FC09WPC	4.0
B00D3P83TE	4.0
B006012RWW	2.0
B004AYDJM8	2.0
0985123257	5.0
1935152262	4.0
1416537635	4.0
B005HMGY0G	5.0
1781847924	5.0
B00C7FXMSI	3.0
1596320265	5.0
0061740063	4.0
B00CKBZTX0	1.0
1475066228	5.0
1847538991	5.0
0615731317	5.0
B00BPWNMD4	3.0000000000000004
B0095VONZS	1.0
1484053699	5.0
0451219783	5.0
1602393702	4.0
0991054202	5.0
B00BBX9B3C	4.434103260869565
1499608225	5.0
B007P0LUYS	3.0
0547076452	5.0
1601405405	3.0
B006Y37RXA	3.0
0557083028	5.0
0425245519	3.0
162322036X	5.0
1500263923	5.0
B005G7ZFXY	5.0
0393077411	5.0
B00BS28JB6	5.0
B00HCMBQVQ	5.0
B006FRP18S	5.0
B00A8S22OQ	4.480592801693719
1482659468	4.0
0441013937	4.0
0312875622	4.0
B003SX12A8	4.0
145584165X	5.0
B005LD3V70	5.0
1940887011	5.0
B0069VVQES	4.0
1608203646	5.0
1611189683	5.0
1450572375	4.0
1453725776	4.0
0764206060	4.0
B00KO9EIO6	5.0
B003MZ0OTM	5.0
0151014434	4.0
0615612369	5.0
B00B139754	5.0
B005FZ0NPM	5.0
B009YLKQNW	4.0
B00BOWTTNC	4.0
1466211636	5.0
B0080XNF74	5.0
0987741101	4.0
1490984798	4.0
B00DYVWVIQ	4.0
1481242873	1.0
1497435552	5.0
1477522514	5.0
0983744203	4.999999999999999
0758241399	5.0
1603424490	4.0
073942100X	4.0
B008MT8VMU	5.0
B00EYPUJB2	4.0
B00D4HBFHI	4.0
B005ME2DJK	4.0
B005S5OHSS	5.0
B00COC7ZI2	5.0
1846077397	4.0
0062032658	5.0
0758241380	5.0
B00DSVEDEC	2.504464285714286
B00GQBQFCO	5.0
B00DIKH6ZG	5.0
061554293X	3.0
B00BC4C2M2	4.0
B00B0QITYC	3.0
B00G047RLA	4.0
B005OBHMMO	5.0
B0091USXFO	4.0
B003SX0Y5M	2.0
0373777434	5.0
B00GPV5ZN0	5.0
0989108198	5.0
B006CRHK62	4.999999999999999
1441465162	4.0
B00C7COF6O	5.0
0380771586	5.0
0451417054	4.0
0451467310	5.0
1941450008	5.0
1492746622	5.0
0802119034	4.0
1416940901	5.0
B008MOGWS0	4.0
B005NWJK6K	3.0
1612810853	5.0
0452266564	5.0
B00HKMYCQY	4.0
0800733851	4.0
B00G8OGIEO	5.0
1479339962	1.0
B0054H1I7S	4.728576083414793
0578032902	1.0
0312595689	5.0
B009G4TY1C	5.0
1587432897	3.0
1605984000	5.0
0689865198	5.0
B00F6YHACG	2.0
B0055O0NQC	5.0
B00688GE7Q	4.999999999999999
B00GRCP66S	5.0
1605923087	3.0
B00GQIKG72	4.0
B004443YKG	5.0
1556438958	4.0
1453735151	5.0
B00GNQW24W	3.0
B00KI15QOG	5.0
B00B37ZSO2	5.0
B009AEM4YC	3.0
B00JDUMTSE	5.0
1497426995	5.0
1469957132	4.0
B006N2ZBD0	4.0
B007UJ65G2	3.0
B006VXAZKA	4.0
0983981949	5.0
B008GUEA8E	4.0
1482747634	1.0
B00HFUOZ5Y	1.0
B00A13YLV0	5.0
B00CGPLP4C	4.0
1476741182	5.0
B003SX0XY4	5.0
0984673040	5.0
0307455173	2.0
1456534467	5.0
B00ARON0OW	4.0
B0095JX7F2	2.5616992582602833
B0036ZAI4E	2.0
0989108171	5.0
9769528765	4.0
0989108155	5.0
B005FG17T2	5.0
B0031Y9CPG	5.0
B004YWQK1S	2.0
B009JUB3NU	5.0
0741444569	5.0
B006Q648F0	4.0
1419960539	5.0
0578060116	5.0
B006F6P1MK	5.0
B00C105MHI	5.0
B00A00BEWS	4.0
B00KY7X0OC	5.0
B006QYG9FY	4.0
1250041481	5.0
0312939736	5.0
B002TLTM8O	4.0
B009GMNJPG	3.0
B009TEX3WK	5.0
B00A7TZ0AY	2.0
B00H6TQF2A	5.0
B0068RBV9S	3.0
1477421971	3.0
0821774107	4.0
1489512292	4.0
0373860749	5.0
1482678225	5.0
0399158308	5.0
1449975224	4.0
0312309899	4.0
1476753164	5.0
B00I2VUH8Y	4.0
B009YM5XOS	4.0
B00B4IDNC4	4.0
0991309693	5.0
0557175216	3.66978484565014
B0074BE1GW	4.0
B00AVKAEMS	4.0
1419958658	3.0
B008L4O75G	4.0
0307407977	5.0
1466365951	4.0
0077276493	5.0
B0089H006A	5.0
1492200948	3.0
B005OAV2SA	5.0
0985236744	4.999999999999999
1495960390	5.0
1466324600	1.0
0843958936	4.0
1480039810	4.0
B00A8PP8IQ	3.0
1480145424	4.0
1417808268	5.0
B0096CH78G	5.0
1491269871	5.0
B005Y2MYNK	4.0
B00C8EUHQS	2.0
0956719287	5.0
0989108104	5.0
B003SX0XZI	5.0
0991309677	5.0
0986594253	1.0
1484972090	4.7777391304347825
B0054GYBWI	5.0
B00938UJQU	4.0
0425243834	4.0
B009LBORGC	3.0
B0085P68SU	5.0
1484861280	5.0
B00I9KPXV4	5.0
0451237633	4.0
B00A0GP1KS	3.0
1482708906	3.0
1484802039	5.0
0373797435	4.0
B00BND1UTS	5.0
B003HS4ZRQ	4.0
B0057Q0MRS	5.0
1463573049	4.0
1477808736	1.0
1105089231	2.9999999999999996
1480071110	5.0
0991309650	5.0
B007IVDGPU	4.0
B00BEJP1RS	4.0
B00EQC7HJK	4.999999999999999
B007TBK8DW	4.0
1481909282	4.0
1480256250	5.0
0956719260	4.0
1612181384	3.0
B00BE9T5TS	4.0
B00JCZSJQG	5.0
1489535799	4.0
0983573336	5.0
B00D3XWOUK	1.0
1500417483	5.0
0446572500	4.0
B00865MQQC	2.0
0956719279	5.0
0615959946	5.0
B00A5XIAEA	5.0
044101433X	4.0
1939298202	5.0
1456399489	4.0
0441012175	5.0
B00AAHC6HS	4.0
B005EGWISM	4.0
0758293437	5.0
149032643X	5.0
B00JK54EFS	5.0
1475082797	5.0
0991309634	5.0
B00L9HIR4E	5.0
0345504992	4.0
B00D3P8M2M	5.0
1493547658	4.0
1481058134	5.0
1455517062	4.999999999999999
B009VLZHVQ	4.0
1469982994	5.0
1479129429	5.0
0312301545	3.0
B00IJHQUH8	3.0
1470098725	4.0
1939786118	5.0
B008SG8BYA	4.0
B00AOHA8M4	4.0
B00J9YWEOS	4.0
0451221257	4.0
038552319X	5.0
B00BGVJ8WS	5.0
1482688409	5.0
B00JPJQA74	5.0
0985199792	4.0
B007VQABJ6	5.0
0615883001	4.0
0991309618	5.0
B008OYM3EK	5.0
1492874868	2.9999999999999996
1937438066	5.0
B00I4Y1BNO	4.0
0984724354	5.0
B009AM56TY	3.0
B004YQCGLW	5.0
1607379171	5.0
B00C825F1W	4.0
B007JP85IS	4.402439024390244
1480264520	4.0
B007DCYR3O	5.0
0345501578	5.0
B00C2E18A8	2.0
B0070ZDPF0	5.0
B00CJGUHR4	5.0
B00F5NSVBC	5.0
0764208322	5.0
B009HCVJIE	5.0
1463583710	5.0
0761139737	4.0
1601400896	5.0
B00ACVKFUC	4.0
B005NTW8QC	5.0
0385504519	5.0
B00BY6LJ72	5.0
0373210515	5.0
B0035N1ULC	4.0
B00F5I6B7I	4.0
0615726496	1.0
193332077X	4.999999999999999
0312538057	5.0
B0080USSYW	3.0
0843935693	5.0
B00BWG55KQ	4.999999999999999
B009V7ESVA	2.0
B005E0QWSA	5.0
0557058767	5.0
042519485X	2.0
1439102856	5.0
0758231423	5.0
0553062654	5.0
B00A4N2C6I	5.0
0316019127	4.0
193919394X	4.772924045651319
1907954023	5.0
0425263908	5.0
B009TU4VAW	3.0
B00H5XO33A	4.0
B00KB4CMD8	3.0
0156005832	5.0
0615841031	5.0
B00A6ROZ12	5.0
B006K7MNFM	5.0
B00HNWEA9K	5.0
0316019135	5.0
0425215415	1.0
B0090N4M1G	4.999999999999999
1494968525	5.0
B00G2LWCXY	5.0
1440090416	5.0
B0091I2S3Y	5.0
B00BRVXQWU	5.0
B0089MXR6K	4.486278137526981
1490487190	5.0
0385376111	5.0
B008GE7CN0	4.3794988610478365
0425263924	5.0
1596326719	4.0
B00HUCSP3K	4.0
1477849300	4.999999999999999
148496604X	4.0
0988264242	4.565896739130435
0989715477	5.0
147003655X	3.0
1490310835	3.0
B00FWFUXFK	5.0
1611603420	5.0
0425246108	5.0
144242916X	5.0
0615810756	5.0
0988264250	4.0
1938457021	5.0
B00H17SY8U	5.0
0989715469	4.0
0451230493	4.0
B00BLO9O92	3.0
0525423257	4.0
1484141393	5.0
B00DK2U7OY	3.0
1612182186	1.0
1905437013	4.0
B00C45BQT8	4.0
0345459946	5.0
B00C2L7N4G	3.0
B004MDLX9I	5.0
B008EDUPNW	4.0
B009WCOCLA	4.0
1781845832	4.0
B0042P5DA6	4.0
148234355X	5.0
0099555352	2.0
1470195526	5.0
1496074890	5.0
0099464462	5.0
1610343336	5.0
1937608271	5.0
B00B2X2F8E	5.0
1466219661	5.0
B00DXIFORA	4.0
1469960117	4.0
0151013896	3.0
B009B11BKW	4.82766990291262
0373861419	5.0
0451221958	5.0
B0080F0VIS	5.0
B00IWFOZIS	5.0
0843953934	2.9999999999999996
030788743X	5.0
B005KV26MY	5.0
0140306013	5.0
B00J3X0RWG	3.0
0373860536	5.0
0615835619	5.0
B0099XUAPO	3.0
B005SVVFL4	4.0
0312384378	4.0
B00FJZ2G6W	5.0
B0082ZE4R0	5.0
B00L4LFONW	4.0
B00AFEAD3K	3.0
1935171941	5.0
B00B03OXDG	5.0
0988275732	4.0
0425242188	4.0
B00AWST6W8	2.0
B00L0Q3578	5.0
B00B6JFKNG	5.0
1482743205	5.0
B0033AGQAW	4.0
1630350222	4.0
0373895631	2.9999999999999996
B007UC0YWA	4.0
B00B5GH7HM	4.0
B008SMSW1G	3.0
B00CW10KH8	5.0
B00E34UHZM	4.0
0578005816	5.0
B00727AM3Y	5.0
B006FRVSJ4	2.0
B00CDYOGXI	4.0
B00HV11I20	4.0
B007N8UM14	4.0
0425264394	4.603671706263499
1481999842	5.0
0765317710	5.0
0991763491	2.1167958434420417
1440433151	4.0
B00KFIUKB6	5.0
0312582668	4.0
0373210582	5.0
0983570744	5.0
B005IYXXRU	2.880361173814898
1590806824	5.0
B008LWR7AU	1.0
B005I6BHZI	4.0
0758222505	5.0
B009Y95U5S	5.0
B006KZ3V64	3.0
B004J4WJBQ	4.0
0804176787	5.0
0758231474	5.0
B005PP3DVS	5.0
B00941H4MS	3.0
0988301318	5.0
075826870X	5.0
0451239695	4.0
1477679146	3.0
B0093TKFVI	4.565896739130435
0981943667	4.0
B00A8E5ICS	4.0
B008XL0ZBM	4.0
B006QCLWNK	2.7298523308560956
0738841234	4.0
B0041T59IY	5.0
1939455111	5.0
B00FEH36WI	5.0
B004XECH3C	1.0
0765320088	1.0
B00CUJ3UTM	5.0
B00DWWEM4S	4.0
B009PG2GZC	4.0
B00E9AMK9G	5.0
0061771090	4.0
B007MIITQA	4.0
1420105418	5.0
B005C1MYW4	4.0
B005USIO78	4.0
1412965578	4.0
B006VHGWIA	4.0
B008G093ZO	4.0
B008KWR0YO	4.083129584352078
1742209874	4.0
B00BNFJ7QE	5.0
B00DAIUFCM	5.0
B00D5G561E	4.0
B00HLX9Z3C	5.0
1939673011	4.0
0399155139	5.0
B00FXXXZGU	4.0
1622415450	5.0
1250029880	4.999999999999999
0425252000	4.0
B00HTM7UDM	5.0
B00BS2ECK8	5.0
B00ADZ06QK	5.0
1475090404	4.0
0756400627	5.0
B007MSTQG2	5.0
B008GWT0NM	4.0
1937733114	4.0
B005VXOJ08	5.0
1479197009	4.0
B00C2LWJAY	4.0
0988978016	5.0
B00E89E6K4	5.0
B0082RJNZQ	3.0
B006WW9FZG	2.4171318575553413
1852853743	4.0
B00AJ5RDVA	5.0
1455526061	5.0
B00AJUV7AI	4.0
0060781939	4.0
1938786688	3.0
B005GXROO6	4.0
B006P5CH1O	4.0
B00E5JAIP4	5.0
0425217213	4.0
0989517934	5.0
B00D002DE8	5.0
B001TUYV7S	3.0
1463777175	3.0
B00IBNCU8I	4.0
0451231813	4.0
B00HJ692AC	4.0
076458829X	5.0
0307987647	3.0
1416954147	3.0
1600430074	5.0
0373862814	1.0
0778313514	5.0
B005W7A3HG	3.71410201457351
0578049449	5.0
0399146237	5.0
B0083UCPNO	5.0
B008DI0W2C	2.0
0312851820	5.0
B00DUFC9DS	5.0
1423140567	4.0
B00CNUW9AO	2.9999999999999996
B00C31H2VO	3.9321663019693656
1480529699	5.0
0615549012	3.0
0345313860	5.0
0373860641	5.0
1594266972	1.0
B0053HGM4I	5.0
0989517918	4.0
1479390046	2.0
B00BH8LFZI	5.0
0340495294	4.0
B005FCDTYM	3.0
B003TFE6RG	4.0
B00EP7EEOW	5.0
B008GN0G9I	3.0
0786017813	5.0
0615641040	5.0
0394586085	5.0
1466282835	4.0
B005GQRQ6Y	4.0
0440245435	5.0
1611189837	5.0
B00F60YLL8	5.0
0985872586	4.999999999999999
B00751MAS2	4.0
1478374233	5.0
1484042018	4.0
B006ML8JCW	3.2568609312365098
B004YTT2OI	1.0
B004E3XTGG	3.4102708803611734
B00CHP64IS	3.5322683706070284
1461006635	5.0
0983260710	5.0
0983831866	4.999999999999999
0615287441	5.0
1475043724	5.0
0061575429	4.0
B00I52PPT6	4.0
0425205282	4.0
B005QQL5G6	4.0
0425212807	1.0
B00AA4A7F4	3.0
B0083PN2QI	5.0
B008MJHYWI	4.0
0988408694	1.0
B00DLR6ZEY	5.0
B0038KX8S0	3.6150061500615003
0451235304	4.0
B00JXJOVYU	4.0
B005PHAHBU	5.0
B00AIC7K26	3.0
0307387135	4.0
B00GG5BJ08	4.0
B00IHG5VB2	3.0
0472031279	5.0
B007EE56AY	5.0
B00AHOLMVA	3.0
1479370053	5.0
B009F7K6EY	4.0
148270661X	5.0
0955698618	5.0
1463555792	5.0
1499382626	5.0
1484820800	4.0
0988656647	5.0
1741797209	5.0
B0034KC3RQ	5.0
0578122596	5.0
B00EX57GVE	5.0
B00HOIFMFY	5.0
0061718947	4.0
B00I5WBJAA	5.0
1449576249	5.0
B00HTPTXN4	5.0
0741453711	5.0
B00BFY4PGU	4.0
0615306217	5.0
B0093TFV08	4.0
075252920X	4.0
B00IGUOMGY	4.0
B003YORR8W	4.0
B00IBZKLZU	5.0
B007LS0JQE	4.0
0440245095	3.0
B00HES6DY8	4.0
B00H83KLLA	4.0
061552236X	5.0
1611099285	4.999999999999999
B00DWIZJT4	5.0
B00FBRKH8M	3.0
0307408973	5.0
146636016X	4.999999999999999
1491001011	5.0
1476761779	5.0
0307406318	5.0
B00B526GCS	3.0
B007U7KULA	4.0
B00IBL4PUQ	5.0
0439023483	4.999999999999999
1627404309	5.0
0984724397	5.0
1490473041	5.0
1416562664	4.0
1479190829	4.0
B005S6LHRQ	4.0
B00H343AA8	4.0
1612184774	2.0
B00I5WXAF2	5.0
B00A92MVLK	3.0
B00HK4EGY0	2.0
0451226801	4.0
B00AWKF1BQ	4.0
9769548634	5.0
0439023491	5.0
B00HNIAFXE	2.0
B00CVEMQM8	4.0
B00FEON3FQ	3.0
B00597RQUQ	4.0
1609280806	5.0
B004NIFNM0	3.0
B00I3SZJMU	4.0
1480086711	4.999999999999999
B004YX8WPO	2.0
1478298081	5.0
1480096954	5.0
B00ABPAG76	5.0
1455546941	5.0
B0092QUFRQ	5.0
0758238541	5.0
B00H4I97SM	5.0
B00L1MSLPM	5.0
1599987430	3.0
B007RUN7FG	4.0
0743566572	3.0
141995850X	5.0
145211322X	5.0
B00K00M7GK	5.0
B008OXJJYS	5.0
0451527534	5.0
149043013X	4.0
B00E0NOTLE	5.0
B00BACYZXU	3.0
B0045JK4BM	4.0
0440206707	5.0
1477809732	3.0
B00BCSHOJO	3.6429489927132446
1597802166	4.0
038079456X	4.0
0385340567	5.0
B00IMP3N86	5.0
B005DJV5J8	4.0
B003U89SC0	5.0
B009VRI3UC	5.0
B00ANTYLIK	1.0
B009MD66JK	5.0
B00CYKHQW4	5.0
1470100304	4.0
0425241742	4.0
B00JFHDJDE	4.0
B005IYY0CM	4.0
B007OALZAI	5.0
B00AA5CJ0Y	4.0
0316001759	4.0
1481028979	2.0
1492341703	5.0
B008MO6OEW	4.0
B009WU5TQE	4.0
1590513134	5.0
B00HGX5ASQ	5.0
0615647200	5.0
B00759NHSQ	4.0
B004K6MLIE	4.0
B0079R4H1A	3.0
B00JLW04KO	4.0
0989450252	5.0
0345607600	4.0
B009XIQVWQ	5.0
1927947111	3.5
B00BRSZGNU	4.0
098901312X	4.0
0988707489	5.0
1492908495	5.0
1939337550	4.0
0316001740	5.0
147826182X	3.0
B00AIB1XCA	5.0
B00APNQGQE	3.0
B0081V747M	4.0
1402264712	5.0
0981497810	4.0
1463566492	4.0
1599983540	5.0
1927947103	3.0
B004N62M26	5.0
1476783284	5.0
B0055Q81Z0	4.0
039915373X	5.0
0451240197	4.999999999999999
B0063T6ZUG	3.0
B0086QIB8I	4.0
0515140791	3.0
0441225519	2.0
0989450236	5.0
1468098578	5.0
B0082JA5NI	5.0
1466398167	5.0
B005MGEO36	4.0
B00F31FRKO	3.0000000000000004
0373831986	5.0
B00AIE5MII	5.0
B009D41FO4	4.0
161109965X	4.0
1479147109	5.0
0615834612	5.0
B00H6PUTGC	4.0
B008Z4Y5A4	4.0
1492843857	1.0
1940832934	1.0
038536315X	5.0
042524668X	4.0
B00959YEAE	4.0
B009YYEZUE	5.0
030758836X	2.917841648590021
1492291560	4.999999999999999
0345803507	5.0
B00BYLQHEC	4.0
B00L9RXBQI	3.0
080073324X	5.0
0425256030	5.0
1624110312	3.0
B005OY0JFI	4.999999999999999
B00989J3PM	5.0
0738707872	2.9999999999999996
0140449310	3.0
B00I9JLGWU	4.0
1468029568	4.0
B00J436CN8	5.0
B00727DPY2	4.0
0615718949	3.0
0982589409	2.0
1609289331	5.0
0316001732	5.0
1432701967	5.0
149097959X	5.0
B00B84B7DQ	3.0
043902353X	5.0
1482662434	4.0
0312853238	5.0
B00DL5T200	4.0
B00C126RFM	3.0
097732964X	4.0
B007NUVFN6	4.0
1477816534	4.0
1937273563	2.9999999999999996
B00DZX2Z66	3.0
1456325787	4.0
0425215903	5.0
B005F69N0C	2.220476911430734
B004DNWQ98	5.0
B005R1YMBU	4.0
B00BH786VA	5.0
0785250573	4.0
B00BQPT0C2	5.0
B005IDGQDY	4.999999999999999
0345543939	5.0
B005O1AH5S	4.0
B004MDLTRY	4.0
1843606143	2.9999999999999996
B006R6MUJA	2.0
B00GZANS6M	5.0
B00FQWQTH0	5.0
067178546X	5.0
B005NIOJA6	5.0
B005GFILNW	5.0
0505528223	4.0
0615429505	5.0
B00C4U6MJW	5.0
B00I8ZTOMO	5.0
1467976970	4.999999999999999
B004HKIPUQ	3.0
192073189X	4.0
0991379659	5.0
0983218692	5.0
B00E04F6D8	5.0
098870742X	5.0
B0079OSSWW	4.0
B005LXW3JW	4.0
B00H2WZZY0	5.0
B008PYLULG	5.0
147763407X	5.0
B00BY8QIVW	4.0
B00F1KAK86	5.0
1482782294	4.0
B00I8T240O	1.0
0989104419	4.0
0615707467	4.0
B0058V1JXI	5.0
B004TO6EEY	5.0
0439023513	4.0
0470879971	3.0
1440544603	3.0
B009Y3OAG4	4.999999999999999
B003PJ7CRC	2.0
1478231769	5.0
1455512079	5.0
0989450201	5.0
B004C44GF0	4.999999999999999
1938789040	5.0
B00IEOXS8A	4.0
1490477098	5.0
1476718202	4.0
1481917463	4.349485160508783
B005NWMIP0	4.460492227979275
145389523X	5.0
B008UWGNG0	4.0
0373861338	1.0
B004G8QZ92	3.2091310751104563
B005E8AM42	4.0
0615694403	4.0
B00CCI6D2W	5.0
B003CFBNL0	5.0
B00K56DJ16	3.0
1475184980	4.999999999999999
1601628951	5.0
B00GWXVROC	5.0
B00CDGDG9G	1.0
B007Z8M36Y	4.0
0345516370	5.0
075825881X	4.0
0615824404	5.0
1613330324	5.0
0099911701	4.0
1477848967	3.0
B00699917E	4.0
0061124230	4.0
0312370288	3.0
B00AJ7G4BI	3.0
0988707470	5.0
0671670557	4.0
B00BSB5B2M	5.0
1938789075	5.0
B0096CG1FQ	3.0
1940026016	4.666666666666667
B00DIGN69K	1.0
B008QMPMPM	5.0
B00GF4T5X8	1.0
1482628961	5.0
0310326281	4.999999999999999
0373831935	5.0
B005QEA87A	4.688028257852908
0307985148	5.0
B00H2RO6PY	5.0
B007NIQWWW	5.0
1484909917	5.0
B00C7HG9KY	3.0
1484952669	5.0
B007YNQ8PC	3.0
B00GDVZ96A	4.0
0312591063	5.0
B00BOU70EO	5.0
0451466225	4.594883997620464
1494274523	3.0
B00CCRTFSC	5.0
B00F0ZKG4K	4.0
B00C5W2FTA	5.0
B009FC62Y2	4.0
0451466233	1.0
1466202815	3.0
0758222491	5.0
B00JQKMOQI	4.0
B00KKVNHIQ	5.0
B00BD4EHZG	5.0
0963881450	3.0
1622340817	5.0
B006X09688	5.0
0425256960	3.0
B00C9QYUF4	4.0
1599980940	5.0
B00F2IRVCK	5.0
B004ZUS6DY	3.0
1481891243	5.0
0615755003	5.0
B009HUQH38	3.0
B00AZZQTHS	4.0
0307913090	4.0
B00CTRLBUA	3.0000000000000004
0758242093	5.0
0557098343	5.0
0425255662	2.0
1627404449	5.0
B00BTMGBD8	4.0
B00IFVXOQS	3.0
0679723110	1.0
B006PW4Y0O	5.0
B0073VIZB0	5.0
1442119861	5.0
0545044251	5.0
B007SABZPO	4.0
1463717091	4.0
0312976909	4.0
0505527308	5.0
B00AUMSP46	4.0
0061245607	5.0
1466438371	5.0
B00DV88VFO	5.0
1477403043	4.0
1475113706	5.0
1490470042	5.0
1461065712	4.999999999999999
0060558121	2.0
1452801797	5.0
B00AK2UISW	3.0
0768426685	5.0
B006O3MEZG	5.0
1477818359	4.0
061556805X	5.0
B007WTJBC0	2.0
1449561454	1.0
1934475297	2.0
B00FO60CH6	4.7777391304347825
B004GKMEHC	5.0
1600430198	5.0
0615631347	4.0
B00I17242Q	1.0
1456463462	4.0
1939203287	4.999999999999999
B00GY4OTHQ	5.0
B009FN80BY	4.620501138952164
B0092Q3DXY	2.9556239015817227
1627403183	5.0
B00IIUARXO	4.0
1482016931	5.0
0061231037	4.0
0440223784	4.999999999999999
0987745778	5.0
B006X7NG64	4.0
B00FM53CRG	4.0
B00GB92ZXO	3.0
1463663137	4.0
0988843315	5.0
146641300X	4.0
B008283TVO	5.0
148230810X	5.0
1932100075	1.0
1455526134	5.0
B005C5YZ86	5.0
B00CLJMALK	4.0
B00B1FE36K	3.0
B006T8FTS0	5.0
0312366612	5.0
0373730136	5.0
1468130315	5.0
B00BMEM3NA	4.0
B00AQ5L0Z8	5.0
B006X38JNS	5.0
1477589015	3.0
B00DHX5D86	4.0
B00ASP8XNS	3.88626907073509
B004HILQ8Q	5.0
1463584318	4.999999999999999
0061941026	1.0
1484021479	5.0
B007JK4AAK	5.0
B006T3T0A8	4.0
1495459225	5.0
1496177029	4.474739970282318
0615827500	3.0
1477451129	4.0
B00FFS2NTS	1.0
B0091V1M74	3.0
B00F2NMVFW	5.0
1490515011	5.0
1470105284	5.0
0061351601	5.0
B008LO6RTK	4.999999999999999
B0035N1UXA	4.0
0307586650	4.0
0373775466	4.0
B006YLK6P8	3.0
0615444326	3.0
1482383349	4.0
1482766116	5.0
0373896077	2.9999999999999996
161218460X	2.0
1452813396	5.0
B00BZPJRQW	5.0
B00HBJD0EG	4.0
0547747179	4.0
B00A94QQCI	5.0
1470179970	5.0
B00JD49EZG	5.0
1482792893	5.0
B00A70QIBI	5.0
B008J8LSWE	5.0
1476744084	4.0
B00FHNW530	5.0
1483957993	3.0
B00FB2IABS	4.0
B00BR3AT9G	4.0
B007UDOZ0Q	3.0
B00K1T42ZO	5.0
B00GQ0WGLY	4.0
B006XB6TSC	5.0
1499192630	5.0
0345533232	5.0
0099297701	5.0
0765317583	4.0
B00ETEB5QQ	5.0
B00HVCHG2A	5.0
B00ITEMSQ8	4.0
148122221X	5.0
B00EJQQW6C	5.0
1494230569	5.0
B00I481HSO	5.0
B008IJO2UO	5.0
B007NBCCA0	5.0
B00HMNA48Q	5.0
0373862288	5.0
B00ASR6WGQ	3.0
B00ATG0BUO	4.999999999999999
B004H1TQC6	5.0
0373534612	5.0
0983429707	3.0
149041925X	5.0
B008B11K04	3.0
1476725365	5.0
B00KLNSLBQ	5.0
0615806627	5.0
B00A0RLDC2	5.0
0811867013	5.0
B006LSTJGQ	4.0
0380822970	5.0
1478328231	5.0
B00AR2HMWA	5.0
B006KZ5N6A	5.000000000000001
1416583688	5.0
B00HLX54LE	5.0
B00BT0J8ZS	4.0
1571971440	1.0
1493799320	4.0
0615827551	5.0
B00A6KM05W	3.0
1600430112	5.0
0385529953	4.0
1611099137	4.0
0141310073	5.0
B007EE4VGO	4.0
B0091V56US	5.0
1491268727	4.0
B00HCMZZQ8	5.0
B00I4KRM8G	3.0
1627404422	5.0
039553349X	5.0
B00GBG6X62	1.0
B008RADS5O	4.0
B008BM7T08	3.0
1401917224	5.0
B00I3VAHZG	5.0
0615771521	5.0
B00928LV4U	5.0
1414366418	5.0
1483954048	5.0
B0057HDWM4	4.0
B005YU4GTW	3.0
B00HI1BE5O	5.0
B006IDG3AO	4.0
1463604815	4.999999999999999
1453860959	4.0
B004UB2TZ4	5.000000000000001
B00FKO8RZ6	1.0
1484085906	5.0
0345803485	2.0
174220466X	4.0
B00FL3VPD2	5.0
0449014509	5.0
1630350095	5.0
B00K31DCD8	5.0
B00IREVEZG	4.0
B00D3OUUIC	2.0
B00E6RNOB0	5.0
B00AJ3WCTU	3.0
B00HQ8WLM4	4.0
0615885438	4.0
B00AGAZNHE	4.0
B008G6RPJE	3.0
0778328503	4.0
0978573226	5.0
148413933X	5.0
B007YIX1PM	5.0
1456356534	3.0
0385738757	5.0
B00AG1JJ82	3.0
1492861324	5.0
0486447537	5.0
0373294212	4.0
