0802130623	5.0
0532152034	5.0
1859846955	3.0
0684815028	4.0
0060142782	3.0
1416559175	5.0
0060591854	2.5
1594202656	5.0
1482754533	3.0
0439597420	5.0
0778325377	5.0
1892714086	2.0
0764210866	5.0
0312198221	3.0
1884133258	3.0
0806525541	5.0
1567187285	4.0
0374512671	4.0
1400034639	5.0
0380728397	2.0
0684837285	5.0
0849920604	4.0
0143038338	1.0
0596000804	5.0
1852855339	5.0
014303832X	4.0
0618273433	5.0
0738200336	5.0
0439597412	5.0
0957715978	3.0
0800612655	4.0
B00BKN0NBC	4.0
015600125X	4.0
0385511043	3.5
0061132381	3.0
1567187277	4.0
0756400082	3.0
0982720904	5.0
0520217551	1.0
0973110910	5.0
0312539142	3.0
0345477170	1.0
0439597404	5.0
0394573358	4.0
0099503093	-Infinity
0060186399	NaN
0930852923	5.0
0740721135	5.0
0439136350	5.0
0140714820	3.0
046500217X	1.0
1600510450	5.0
0395877431	5.0
1567187250	4.0
1439172951	4.0
0201149427	5.0
0375713425	3.0
1578631734	5.0
0671775928	4.0
1560765984	3.0
0743201507	5.0
0531056333	4.0
1568812388	4.0
0679725164	-Infinity
0142003840	NaN
1439157316	3.0
0736922091	5.0
0471303011	3.0
1595549021	3.0
1595550003	1.0
0307237699	5.0
1595552669	5.0
1591024080	4.0
0679740783	4.0
0300100477	5.0
0060084383	5.0
B005VTN6N8	5.0
0312539134	3.0
0850301424	4.0
0786948809	3.0
0132126052	4.0
0231139624	5.0
1595549013	1.0
1439193886	5.0
1580083501	5.0
0061626015	5.0
1451620632	3.0
1439187193	2.0
1603426949	5.0
0804115591	4.0
0764206788	5.0
0271014415	4.5
0806627557	5.0
0029024501	5.0
0310220114	3.0
0786902620	3.0
1567187226	5.0
0393311600	5.0
0375700137	5.0
0307387305	5.0
0874770882	1.0
0195152735	4.0
0395248302	5.0
B0055LHRSM	4.0
0028644913	1.0
0897335627	5.0
0140289208	5.0
140226948X	1.0
1594204403	4.0
1567187218	3.0
0425164357	4.0
0684863529	4.0
089689276X	4.0
0940450070	5.0
0375700145	5.0
1573223123	5.0
0679776737	5.0
082542030X	1.0
0877283346	5.0
0691142165	4.0
0393925161	5.0
0060763442	3.0
0805081488	4.0
0061056901	5.0
0684844419	5.0
0802841325	5.0
0465026109	3.0
B00GCDOI6G	5.0
0062194437	3.0
0060838639	4.0
0674040759	5.0
0679760377	5.0
0786711922	4.5
0143036556	5.0
0375420703	3.0
0971919070	5.0
0767908864	5.0
0143037889	NaN
0684853396	3.0
0521831431	5.0
0307272834	5.0
0805067183	5.0
0553525832	5.0
0142002542	5.0
0300077505	5.0
0425156710	5.0
1561712493	5.0
0830815813	3.0
0393062481	5.0
009953682X	5.0
0375503544	3.0
0915815354	3.0
0664222730	5.0
034542333X	4.0
006055973X	5.0
1573441449	5.0
1560761563	3.0
0060194839	5.0
0064437485	3.0
0971919089	3.0
0465041760	5.0
1581802161	4.0
1587430878	4.0
038001159X	5.0
1402736002	5.0
006105691X	5.0
0151012784	4.0
0465038107	5.0
1560259752	5.0
1882926625	4.0
0312360177	2.0
031218008X	2.0
1935071068	2.0
0312420323	1.0
0395899680	4.0
159185413X	1.0
068484138X	2.0
0880387297	2.0
0691144788	4.0
0743470532	2.0
0764160001	3.0
0805079122	NaN
0312361432	4.0
0736913130	2.0
0099440687	4.0
0304353671	5.0
0875421849	5.0
1579124011	4.0
B005G4Z2CQ	5.0
B005SGINQE	5.0
0762419229	4.0
0800794788	5.0
0679734023	5.0
0061920622	4.0
1616201320	2.0
0192818481	5.0
0691017840	5.0
0930289633	5.0
0199746885	3.0
0307377903	5.0
0394417887	5.0
0380731126	5.0
0261103288	5.0
1596985518	5.0
1563897334	4.0
1930074131	4.0
1442402326	5.0
1468065343	1.0
0806652594	4.0
0743400682	3.0
0131470205	5.0
0671023934	5.0
1558704612	4.0
1935191756	5.0
1616382155	5.0
046500783X	4.0
0385483368	4.0
0307453375	1.0
0060088788	4.0
0813338786	2.0
0738723398	4.0
071672393X	5.0
0393061167	5.0
0399151079	3.0
0875420508	4.0
0786867752	5.0
0060858206	3.0
0028642333	2.0
0374185522	4.0
0847817156	5.0
0133957241	5.0
0679781242	4.0
0321673352	3.0
0670034703	2.0
0312867131	5.0
0307277674	5.0
0201154897	4.0
0307389146	5.0
0060758929	5.0
0349113343	NaN
1563891956	5.0
0307460452	2.0
0060674695	5.0
1936270137	4.0
0060192119	3.0
0399158413	5.0
0451465024	4.0
0321321367	4.0
0803734670	5.0
0060653752	5.0
1585422762	4.0
0895262509	4.0
0061997161	2.0
0201633469	5.0
0684823454	5.0
0312354312	5.0
1592573169	1.0
0465044050	4.0
0385498411	4.0
0806902906	2.0
0141183462	4.0
0684856387	5.0
0880708697	3.0
0877285136	4.0
0766107590	5.0
0385483376	3.0
0393058360	5.0
0792251253	3.0
1569754691	2.0
0375415289	2.0
1426200412	5.0
0140501983	5.0
0760709246	5.0
1616086734	3.0
0743597923	4.0
0465091261	5.0
0300120869	4.0
0691095272	5.0
0345440757	5.0
1581343167	4.0
0262133822	5.0
1591940656	5.0
0786949279	2.0
1613821174	5.0
1451633181	2.0
0786881283	4.0
0520224736	5.0
0374530505	5.0
0028642252	4.0
0689859406	5.0
0060505915	1.0
0198227418	5.0
0520073126	5.0
0743278917	3.0
148014178X	4.0
0802467776	4.0
0764211382	5.0
0195163389	4.0
1933771461	5.0
0764549758	5.0
0152001034	3.0
0691151199	5.0
0312376537	2.0
0877285160	4.0
1593762070	5.0
0451465067	5.0
1565849205	3.0
0618551050	4.0
0471150576	5.0
0380705745	3.0
0521398282	5.0
0785108688	2.0
0465037712	4.0
0620243198	5.0
068482471X	4.0
0801857074	5.0
1594770352	3.0
0641590571	5.0
0385474466	1.0
0142180300	5.0
0801858399	5.0
0764209051	5.0
0486600610	4.0
0312876904	4.5
0143058754	4.0
0684845695	5.0
0563534664	4.0
030758786X	3.0
0451462807	5.0
1893956288	5.0
0393070050	5.0
0865734291	5.0
0380705729	5.0
0300083408	5.0
0385425333	1.0
0446580090	5.0
0873648897	4.0
1571200851	5.0
0307587878	1.0
1442963549	5.0
0385523904	5.0
0486232956	5.0
1451645104	5.0
B005DR6LJE	4.0
0764223313	5.0
1596911255	5.0
081331951X	5.0
0374470278	3.0
0684803828	3.0
1579545017	4.0
B003B3NWBW	4.0
0823017001	2.0
0262530740	4.0
0736055290	4.0
1414326017	3.0
0714530905	3.0
1451660731	4.0
0192836285	5.0
0977140008	4.0
1490473246	4.0
1591843332	5.0
0691091722	3.0
0393047644	5.0
0684831902	5.0
0345453212	4.0
055334935X	3.0
0805062289	5.0
0143124048	1.0
006000679X	5.0
069111532X	5.0
0312319142	4.0
0060541644	4.0
0816039755	5.0
158243123X	5.0
0553107046	5.0
0060735414	5.0
0253345472	5.0
B00JMF2RDC	1.0
0806670371	4.0
1578632994	5.0
0374175268	5.0
0764209922	2.0
0060735422	5.0
0140296476	5.0
0140156046	4.0
0304367346	3.0
0060010800	5.0
0764210912	5.0
088368568X	5.0
1594485593	3.0
014011680X	5.0
0393305864	5.0
0761147632	5.0
0399507914	5.0
0199239207	-Infinity
0307986535	4.0
006185588X	5.0
0071802363	5.0
0879734337	4.0
0892819944	5.0
0226474089	4.0
0802844375	1.0
0312316097	5.0
0316515264	5.0
0312207697	4.0
0716736381	4.0
0520208684	5.0
0307269183	1.0
0786701684	5.0
1590516109	3.0
0195090888	5.0
1578631688	3.0
0425215679	5.0
0471183431	NaN
0312144474	4.0
0764205544	3.0
0061727660	5.0
038551851X	5.0
0976627604	1.0
0671021273	4.0
0393305880	4.0
0312233965	5.0
0143038281	-Infinity
0060735449	5.0
1463708653	2.0
0425202372	5.0
0830815058	4.0
0399154930	5.0
0984754806	5.0
0393060667	5.0
0195135326	5.0
0060006765	4.0
0060735457	4.833333333333333
0830827048	4.0
1481861182	5.0
0393059669	4.0
088368876X	4.0
0061728977	5.0
B009DIU4EW	3.0
1893554368	2.0
0060562544	3.0
1883010594	5.0
0801858305	3.0
0988305003	2.0
1885849532	4.0
1420802933	1.0
157770004X	5.0
1118116828	4.0
0521474477	4.0
0060736798	3.0
0670037877	5.0
0385511086	5.0
0964380331	3.0
0201440997	5.0
0590510789	4.0
0679420517	4.0
0465017290	4.0
0192838881	1.0
0156364697	4.0
030738604X	3.0
037542430X	5.0
0199566844	4.0
0375405836	5.0
0099255197	4.0
0071465790	3.0
0224619101	5.0
059600432X	4.0
0312427786	5.0
0312319169	4.0
1577700090	4.0
0312282060	3.0
0716703440	5.0
0307590615	3.0
0142180351	5.0
0446561770	2.0
0395461073	4.0
0446362778	5.0
0060955376	5.0
0915463733	2.0
1400030250	5.0
0345453204	5.0
0312867123	4.5
0874808227	3.0
1478360240	5.0
0300115466	5.0
0674024788	5.0
1567183808	5.0
0374516901	5.0
0915811928	4.0
0061007226	3.0
0452279062	4.0
0312579977	4.0
0521701473	5.0
0801065119	2.0
0674016386	5.0
081269192X	2.0
1470885409	5.0
1585676292	5.0
078694871X	3.0
0071382011	2.0
0849948282	5.0
0756669502	3.0
0747594007	5.0
0684830523	4.0
0061189391	4.0
1584502789	4.0
0340837950	4.0
0674016394	5.0
0312989687	4.0
0850308143	5.0
0984817301	4.0
1596913924	5.0
0521585295	4.0
0156005506	3.0
046504168X	4.0
0877281467	5.0
0786707933	5.0
1569243484	2.0
0865476187	5.0
0718025539	1.0
0375756450	2.0
006053916X	5.0
0671867806	NaN
0919345778	5.0
0786719915	3.0
037581356X	3.0
0500051321	5.0
0060630175	3.0
0878425624	5.0
0812982053	4.0
0374504938	5.0
1578700949	4.0
0195000528	5.0
002907052X	4.0
0143059114	1.0
0764208659	5.0
0060006927	5.0
0143035169	4.0
0345305167	3.0
0755322967	4.0
0553212788	4.0
0743270878	2.0
006166927X	2.0
0345295226	5.0
019517903X	4.0
0877281475	5.0
0750627689	5.0
0310286700	5.0
0964271346	5.0
0786903848	4.0
0465032710	5.0
097100420X	3.0
0345479890	4.0
0143124099	5.0
1412088763	2.0
0471252522	4.5
0307396398	3.0
0321112717	5.0
1451642997	3.0
0802713726	5.0
0312270828	1.0
1565631609	5.0
0785261044	5.0
0823040941	3.0
0375501037	4.0
1402757964	4.0
0684818868	NaN
0312421710	4.0
0743299698	5.0
006170654X	4.0
0764210955	1.0
0743286391	4.0
0615399851	3.0
0877284520	5.0
0517446499	5.0
1595581030	5.0
1861082614	5.0
0875420486	5.0
0670786063	4.0
0312303653	5.0
0300102321	5.0
0060815221	5.0
0753814323	5.0
0307885151	-Infinity
0517220849	4.0
0465051006	5.0
0060006900	5.0
0962451746	3.0
0802804233	4.0
0767931343	1.0
048625982X	5.0
1480198854	5.0
0380977931	2.0
0226258238	5.0
1586484036	5.0
1620299585	3.0
080106290X	3.0
0385334850	4.5
0060556579	5.0
0465087868	5.0
1841763950	4.0
039306235X	-Infinity
1893798283	3.0
0393062368	2.0
0595264549	4.0
0922356807	3.0
1601450893	5.0
0312876920	5.0
0312347294	5.0
0750937947	5.0
081182537X	5.0
1594743444	2.0
B006WXT8MK	5.0
0393311503	5.0
B00CKH0X2G	3.0
0375706135	5.0
0310240506	2.0
0805440178	4.0
0674026594	5.0
0671707744	3.0
0394529154	5.0
0061137316	5.0
0716732106	5.0
0312876912	5.0
0330294911	4.0
0140250913	4.0
0060889578	3.0
B005JT5DP4	3.0
0374299633	5.0
0312428391	5.0
0743248996	5.0
1579510523	5.0
0395759242	5.0
0446577448	2.0
0756622840	5.0
1852306920	3.0
0375420835	4.0
0007248075	4.0
1581802048	1.0
1558686150	4.0
0452010306	2.0
0143118277	5.0
0374514313	5.0
0964629100	-Infinity
014118776X	5.0
0425173410	5.0
0465027350	4.0
0312876939	4.0
0307339750	4.0
0758210221	4.0
0399152245	2.0
0815332181	5.0
0758203934	5.0
0674006135	5.0
1577314565	5.0
0671470450	3.0
0143124927	3.0
0884193748	-2.0
0345528581	4.0
0521443172	5.0
1627790527	5.0
0718144007	4.0
0374105235	2.0
0465002056	3.0
0140282556	5.0
0486268721	3.0
1592533868	5.0
1416598065	2.0
0834800799	5.0
0803732066	3.0
0486276341	2.0
1441761683	3.0
0440509289	4.0
1884737471	5.0
0143118242	4.0
081269547X	3.0
0380011670	5.0
0618095012	5.0
0375406263	5.0
0060520590	4.0
0764200720	1.0
037570390X	5.0
0465003370	5.0
0684834960	5.0
0465091067	5.0
0142000078	3.5
0877287643	4.0
0394576306	5.0
037550057X	5.0
0804714770	5.0
0578059541	1.0
0312959826	5.0
0142800821	5.0
155643684X	2.0
0830822038	1.0
048629868X	5.0
0030968356	5.0
014018998X	4.0
0679641041	5.0
0061053104	4.0
0060974680	3.0
0613243722	5.0
0465011012	4.0
0375500650	3.0
0233003126	2.0
0984295119	3.0
0517415283	5.0
0764554190	3.0
0140366709	4.0
006016848X	-Infinity
0465036317	5.0
1442402350	5.0
1401237215	4.0
0393309274	4.5
1557094489	5.0
0142004332	5.0
0137147783	4.0
0345404335	5.0
0671797182	5.0
0230623603	5.0
0143035983	3.0
0312583206	5.0
014029323X	4.0
0698116232	3.0
0571130135	3.0
1560255560	-Infinity
0830834079	4.0
1862077185	5.0
0307741095	5.0
1595581898	4.0
1595547932	5.0
0486471411	5.0
1857883497	5.0
0297829289	2.0
0385508441	4.0
042518109X	5.0
0875426638	5.0
0470276991	5.0
1442966793	4.0
0984295135	3.0
0941936600	5.0
0812692357	5.0
0375422625	5.0
080213680X	4.0
0151006040	3.0
0520224612	5.0
1939811104	5.0
0672322226	4.0
0156695006	5.0
0764210181	3.0
0684856239	5.0
0199239185	5.0
0061351806	4.0
0142003018	4.0
1570088497	5.0
1559632232	5.0
0911560076	3.0
0312313918	4.0
0805079882	5.0
0500050813	4.0
0452287448	5.0
0198601182	3.0
0805080872	3.0
1401940633	5.0
0873958993	5.0
0060560649	5.0
0618335404	5.0
0982206119	2.0
0800753429	3.0
0764210157	4.0
0316168718	4.0
0062101773	5.0
0061015725	-Infinity
1561580112	5.0
0465091105	5.0
1568363680	5.0
032127640X	5.0
0312945175	4.0
0684853159	5.0
0307339823	5.0
1933633085	5.0
0812979370	3.0
0691118507	5.0
0525952012	2.0
0198508034	5.0
1401352138	4.0
0922233179	5.0
1550548913	2.0
0801063442	5.0
0873513932	5.0
B005K6D1GE	3.0
156584758X	5.0
0425221636	5.0
1580626548	4.0
0399149422	5.0
0195314840	3.0
0307716074	3.0
1563892529	5.0
1402741294	5.0
0919345832	5.0
0525242465	5.0
1566192714	1.0
1936296004	5.0
0345440013	4.0
0595269443	3.0
0071455450	4.0
0060652381	4.0
0307743683	3.0
080419257X	4.0
0590460986	2.0
0618722319	5.0
0765309726	5.0
1582343853	4.0
1593640242	4.0
0060512180	2.0
0007281447	5.0
068485936X	5.0
082641267X	4.0
1880226944	4.0
B00DUB24MI	5.0
0195143051	5.0
0465002919	2.0
0954395662	2.0
0137142900	3.0
014027541X	3.0
1595545360	3.0
0307278824	5.0
1574215302	5.0
089587069X	2.0
0664223133	-Infinity
0140621806	5.0
0307278832	4.0
0028741013	1.0
1579904890	5.0
1569475814	5.0
0140168125	5.0
0060145765	5.0
0778322181	4.0
0684837102	2.0
1576583058	5.0
0764204335	5.0
0375401393	5.0
0743291832	2.0
0345408764	4.0
0898041376	4.0
0312341156	4.0
1595545352	5.0
0395955637	4.0
0674175700	5.0
0805067817	4.5
0198750242	3.0
0739315501	5.0
0307405753	3.0
0595403522	5.0
0786950161	4.0
0805210814	4.0
1559706112	5.0
0785212949	5.0
0425161951	4.0
1580130283	5.0
1550139894	5.0
0312953607	5.0
0547203888	5.0
0312536925	5.0
0743456904	3.0
0609609734	3.0
080507676X	5.0
0060584696	5.0
0385411472	4.0
0679742441	5.0
0307742318	5.0
0060013168	5.0
0345384725	5.0
0195042425	5.0
0440236479	2.0
0684835339	4.0
1616084286	5.0
0671794949	5.0
B0052LFTOO	4.0
0821261754	5.0
0595307337	3.0
0674023552	5.0
0060199512	4.0
1493547658	4.0
B008COYVCY	1.0
0805493476	3.0
1585421383	5.0
0764205617	3.0
0691009430	5.0
1933859121	5.0
0345380371	5.0
0307386171	5.0
0811718549	4.0
1582434220	2.0
0517003937	2.0
0312001924	4.0
1580230814	4.0
0440153255	4.0
0091795273	5.0
0609608428	3.0
0143114794	4.0
0399151753	2.0
0316328197	4.0
1934980706	2.0
0664232051	4.0
0801065224	1.0
043935806X	5.0
1883012406	2.0
0465017193	5.0
0841909105	5.0
0312544537	4.0
0465022537	5.0
187317604X	5.0
0375403515	1.0
0470406755	1.0
0830816062	3.0
0486442551	5.0
0800795431	2.0
0446532231	5.0
0006551386	5.0
0743287150	4.0
0374248559	5.0
0130293636	4.0
0451183193	3.0
0965678458	5.0
1400047714	5.0
0310237602	3.0
9996688445	2.0
0330426745	4.0
193806710X	5.0
1591025117	5.0
0143038583	5.0
067401071X	5.0
0802117899	5.0
1452062366	5.0
0316346624	5.0
0981631304	1.0
0871403633	4.0
0738706620	3.0
0195135156	5.0
019513513X	3.0
0201627337	5.0
0310200342	5.0
038530840X	5.0
0061551821	4.0
0393064492	5.0
0465069908	5.0
059543777X	5.0
1400054001	5.0
0345440072	5.0
1492385638	4.0
0714530387	4.0
0618352104	4.333333333333333
067188400X	5.0
0385500580	4.0
0140191917	5.0
0060930349	5.0
0380818191	5.0
0151005869	5.0
1937856402	1.0
0800708199	4.0
1571203672	5.0
0061547751	3.0
0201503972	5.0
039915258X	5.0
0553384732	5.0
0385537859	5.0
0061660183	5.0
0060530677	3.5
0792276825	4.0
0375401768	4.0
0061429252	4.0
0441019765	5.0
B005VTGIHO	5.0
0316024961	3.0
068480106X	5.0
0802130887	3.0
0385746407	3.0
0345418190	2.0
0345350472	4.0
0143038591	5.0
0062508865	4.0
0140288597	5.0
0812975448	5.0
0471252867	3.0
0375502025	3.0
0373862369	5.0
0471264822	3.0
0385662211	5.0
0970659172	5.0
1888363932	5.0
0671024183	4.0
0152023984	1.0
1587990601	2.0
0631175660	4.0
0060528370	5.0
0199214662	5.0
0452285461	4.5
0425189090	4.0
0385495536	3.0
0345400003	5.0
0520085841	2.0
1414104405	5.0
0143112627	5.0
0553587897	4.0
0739466224	4.0
0330419129	5.0
1400203759	5.0
1433245949	4.0
0517084791	5.0
0842318240	4.0
0140448950	4.0
071676038X	5.0
1561581135	5.0
1597260649	5.0
1402283962	2.0
1937584631	3.0
0758202946	5.0
0312373228	4.0
0811848140	5.0
0500051011	5.0
0471329851	Infinity
1595550275	3.0
0071771336	5.0
0965504786	5.0
0300098669	5.0
0521478170	3.0
0761131868	5.0
0195138260	5.0
0679420266	5.0
159174167X	5.0
0631189467	5.0
0061939897	1.0
0812966538	5.0
0618680004	3.6666666666666665
0787902667	5.0
0192806688	5.0
0500051046	5.0
0375700730	5.0
1882770595	4.0
1565845927	5.0
0738700495	5.0
0879307277	5.0
0060850523	5.0
095642760X	1.0
0852347073	5.0
1853673129	1.0
0198503113	5.0
1575420457	5.0
0743274717	5.0
0060392452	5.0
0880388382	3.0
0974931209	5.0
0374106452	5.0
0874774195	1.0
1560256036	5.0
0140258795	3.0
0385311214	4.0
0742552500	5.0
0716710889	5.0
0316404179	5.0
0806517727	5.0
0060510250	5.0
0140191925	5.0
0765303558	4.0
0374219125	3.0
0671493205	5.0
0099526832	3.0
0399165029	5.0
1482616610	2.0
0691124922	5.0
0809105543	4.0
0465084664	4.0
0345391810	5.0
1565923987	4.0
0674005392	5.0
0895260476	3.0
0061137871	4.0
0738202347	5.0
0764208365	5.0
0061733636	5.0
1595230726	3.0
080612606X	5.0
0805094539	5.0
0789446405	5.0
0425197530	4.0
1400042925	4.0
1481170422	5.0
0875848419	3.0
0385495552	3.0
0471399728	5.0
1494924013	3.0
0618239774	5.0
0691006954	4.0
0375753257	5.0
0863162339	3.0
0742538222	3.0
0393065782	5.0
0345331354	5.0
1466373830	4.0
0684863375	5.0
0312182074	3.0
0062511637	3.0
1934609277	4.0
0805081216	3.5
061806026X	5.0
0805211470	3.0
0064431916	4.0
0393008312	5.0
0374527946	5.0
0679432272	3.0
0679736476	4.0
0143116169	5.0
006056668X	5.0
0375501568	4.0
0060628626	3.0
0786948671	4.0
0870408216	5.0
0517595338	3.0
067167336X	3.0
0385516169	5.0
0195154207	Infinity
0375508260	5.0
0452011019	4.0
145162445X	NaN
1596985666	3.0
1458724395	4.0
094500110X	5.0
0393974294	5.0
0192806629	5.0
1416913629	3.0
076032350X	5.0
0313397910	5.0
0792262158	4.0
0465025544	5.0
1595554599	5.0
1586486837	4.0
1568587074	5.0
0840730349	1.0
0143122010	5.0
1905204027	2.0
0316300381	3.0
0465030912	5.0
1599552574	4.0
078522663X	3.0
159555324X	3.0
1586482467	5.0
0470540966	5.0
1400041511	5.0
1576751678	4.0
0195117298	-Infinity
1578632374	5.0
0060884738	5.0
0553103741	5.0
1563841487	1.0
0743294386	4.0
0062007688	5.0
0800636074	4.0
0395205484	1.0
0812970624	5.0
B00I8LLS54	5.0
0393062686	4.5
0312270267	3.0
1442347600	2.0
031242440X	5.0
1400030889	5.0
0345421825	2.0
1586482440	4.0
0268037078	5.0
0465072720	4.0
1844482081	3.0
0743260155	5.0
1613771517	5.0
1470181339	5.0
1560255692	5.0
0977308286	5.0
0781403405	3.0
0890514879	4.0
0195308913	3.0
1451611110	3.0
0393035050	5.0
0312203438	5.0
0226787346	5.0
0231131461	4.0
0395284252	5.0
0140191895	5.0
1401323944	4.0
082542982X	5.0
0446504122	4.0
0817437126	5.0
0385336497	5.0
0300104162	3.0
0813339367	5.0
0061379271	5.0
0830814388	5.0
0060859806	5.0
1935618466	5.0
0142428280	5.0
094140417X	5.0
0486449211	4.0
0871592827	5.0
078690108X	3.0
1579105912	4.0
0340750693	5.0
0387905189	3.0
1451645341	5.0
0882845306	4.0
0425207471	4.0
0912912065	5.0
0765333309	4.0
030739560X	4.0
0061059056	5.0
0935180893	5.0
0375700811	1.0
013184069X	5.0
0141188936	NaN
1571200606	5.0
0967009804	3.0
0439064864	5.0
0747243670	2.0
0060175869	5.0
0143144219	5.0
0425101339	5.0
0394716523	5.0
0151007640	5.0
0374131430	3.0
0786712112	5.0
1576831116	4.0
159691582X	4.0
0060524073	2.0
0766102971	5.0
1423110706	3.0
0425166422	3.0
1626361398	3.0
0767902874	5.0
082173833X	2.0
0895264080	5.0
0307932907	4.0
0061969788	4.0
0375422331	5.0
0380015390	3.0
1594674574	Infinity
0440508797	3.0
0393038912	5.0
0387310738	4.0
087728847X	5.0
188301039X	5.0
0521860695	4.0
0451527542	3.0
0802811213	2.0
1600374700	4.0
0684853914	5.0
0091949300	2.0
0195178238	4.0
0595165443	5.0
1405136944	5.0
089281750X	4.0
0486660974	3.0
0874807581	5.0
0142000957	5.0
0142196908	5.0
0394501101	5.0
1400053552	2.0
0393045218	5.0
1492184373	5.0
0465006396	5.0
0879759844	5.0
0941936562	5.0
0521368693	4.0
0375713255	5.0
0743243609	5.0
0131490508	5.0
0963065785	5.0
0140187812	4.0
042522788X	4.0
0312622376	1.0
0805209999	5.0
159403091X	5.0
1594771812	5.0
0465097197	5.0
0736918140	3.0
0811214133	5.0
1449962203	4.0
0762777931	3.0
0140390219	5.0
1591454239	3.0
0375714596	3.0
0060920084	4.0
0764202251	1.0
0896894304	5.0
1416587950	5.0
0394700147	5.0
0471741272	4.0
1891668080	5.0
1849050236	5.0
043920352X	4.166666666666667
1626363137	5.0
B00A29R22I	4.0
0446577081	4.0
038530532X	2.0
0385662165	3.0
0393048314	5.0
0684827603	5.0
0060975199	5.0
0374280398	5.0
0785812083	5.0
1304940837	4.0
0395207290	4.0
0060899867	5.0
1402784031	3.0
0312426216	5.0
0310251109	2.0
047004585X	3.0
0809085313	5.0
1470179873	4.0
0618246983	5.0
0143113100	5.0
0674485254	5.0
038552501X	3.0
0805067728	4.0
0500017980	5.0
0451149165	3.0
0425217655	4.0
0060558288	4.0
1558603204	5.0
0393059898	5.0
0425252868	5.0
0875521800	1.0
0470393750	3.0
0618485376	5.0
0913684503	5.0
0679642811	5.0
0486436772	4.0
0062061879	1.0
0671479903	4.0
0307338231	4.0
0470905298	3.0
0195150880	5.0
1439271399	3.0
0060008903	5.0
0764204076	5.0
0806651792	4.0
0375801359	4.0
078521626X	5.0
0674004140	4.0
0743235843	3.0
087584782X	3.0
067403175X	5.0
0307887170	2.0
0060185163	5.0
0618031685	4.0
1599320819	3.0
0345456580	5.0
0230601286	4.0
0801836824	3.0
0765311089	4.5
0786949821	4.0
0300120397	NaN
0312325665	5.0
076531410X	3.0
1583224890	4.0
037550785X	5.0
0385492529	4.0
156389100X	4.0
0963865439	5.0
0394710363	5.0
0140447571	3.0
055338466X	1.0
0805063315	5.0
0060001496	5.0
0972881301	1.0
0609609033	4.0
1887128751	5.0
0393309851	5.0
0674004124	4.0
073870783X	5.0
0143122916	3.0
1402284314	4.0
0385471610	5.0
0394710355	5.0
0895261065	2.0
030735122X	4.0
0802142931	5.0
1594202303	2.0
0765311070	5.0
1932855416	2.0
1567315372	5.0
0736952853	1.0
0851111939	3.0
0935036539	5.0
0345456521	4.0
157863184X	4.0
1439176191	3.0
0143038494	5.0
0486995917	4.0
1442350458	3.0
155365126X	5.0
0061779768	4.0
0961392177	5.0
0140254226	5.0
0385523343	5.0
0674005430	4.5
0374260990	5.0
1573443115	1.0
0743201612	5.0
0802140335	5.0
0316011533	5.0
038536315X	5.0
0375710043	3.0
0671441337	5.0
0812693906	3.0
0307455866	5.0
0231118627	3.5
0316018171	5.0
0743288335	5.0
B001NTMH1W	4.0
0871294273	5.0
014311316X	4.0
030728364X	5.0
0142800651	4.5
1578591252	5.0
0140088172	2.0
0071449027	3.0
0321660331	5.0
0143037137	5.0
0062107739	5.0
1581806205	1.0
0743482697	5.0
1423625870	4.0
0231102283	4.0
0374299846	5.0
0975276301	2.0
1558190538	4.0
0671027344	3.0
0520226151	2.0
0345391780	5.0
1439176175	3.0
0316633763	5.0
158062068X	5.0
1857442695	3.0
0307962954	5.0
1573223239	3.0
0801009855	5.0
0500510504	4.0
0691023565	5.0
0738705225	4.0
0399143505	4.0
1592170390	3.0
0743289684	5.0
1579127479	5.0
0192880519	5.0
0393059812	5.0
0465000924	3.0
1936239337	2.0
0471377430	4.0
0192860925	5.0
0891072330	3.0
0297825038	5.0
0307719820	5.0
1118185110	4.0
0865976317	2.0
0231120087	5.0
0316090301	5.0
0060929421	5.0
0385513968	5.0
0061059064	5.0
B00IWSWN2U	5.0
0060590254	4.0
0806130954	4.0
1402236611	1.0
1439194823	2.0
1616087080	3.0
0964487349	1.0
1585421952	1.0
0792264746	5.0
0140109625	5.0
0618634002	2.0
0446364339	5.0
0307279588	3.0
0786956194	4.0
0262071991	3.0
0801031745	3.0
0684867672	4.0
0892819111	4.0
0941401065	2.0
0471295841	5.0
0451239121	2.0
0679723072	3.0
0070379858	3.0
0805069488	5.0
1586484257	5.0
0691114811	5.0
0375411887	5.0
1477578749	4.0
0060193611	4.0
0143059300	2.0
0394759486	5.0
0345422392	4.0
1577949161	5.0
0195176618	5.0
1578700779	4.0
1851684786	5.0
0061097314	4.0
0385513992	5.0
0758201508	5.0
0061161640	5.0
0151010269	5.0
0679456376	5.0
0345387651	3.0
0843961449	4.0
0882801546	3.0
0140280553	5.0
0316013331	3.0
0374386714	5.0
0823059723	1.0
0131038052	5.0
0802117112	5.0
0395883822	5.0
1586485563	3.0
0812975596	5.0
0060193638	5.0
080271532X	3.0
0385500610	NaN
0736922121	5.0
0446579807	3.4285714285714284
1560257482	3.0
0307336492	1.0
0143120328	3.0
1593761015	5.0
0007181868	5.0
1593762348	5.0
1594205450	2.0
1555911595	2.0
0803261705	4.0
0738203548	5.0
0767926145	4.0
0761139885	4.0
0310292301	4.0
0312428189	5.0
0880797150	5.0
0786948523	5.0
0802130143	5.0
1561481858	2.0
0262631857	4.0
156043550X	4.0
031021792X	4.0
0387952535	5.0
0593038703	3.0
0028642430	2.0
0716734966	4.0
0739488341	5.0
0963845837	3.0
076420713X	4.0
0525947663	4.0
050005116X	5.0
0399134654	5.0
0061995215	5.0
0345455290	5.0
0446671991	5.0
1880226685	4.0
0520247027	3.0
0375826688	5.0
0195215826	4.0
0679444351	5.0
1591024811	4.5
1492899461	4.0
0312420234	4.0
014303667X	1.0
1930367430	5.0
0805077081	5.0
0006375170	4.0
0451528182	3.0
0691139296	3.0
0142004677	2.0
0441020011	5.0
0823023753	5.0
0195165993	4.0
1929631162	4.0
0785812873	5.0
0199211426	5.0
0142003344	5.0
0312946775	4.0
0805211594	5.0
0807569224	4.0
0671626884	4.0
0061995231	3.0
0394891899	4.0
0671646478	3.0
0802809758	5.0
0684819066	5.0
0061379131	5.0
1552976599	4.5
1402210876	5.0
0385497431	5.0
1555580416	4.0
0609800213	5.0
0944087035	5.0
0732909147	5.0
0552773328	5.0
0553093983	5.0
0826471609	4.0
0448412535	5.0
0716787334	2.0
0743203437	Infinity
0345408934	5.0
026269154X	5.0
0691006997	4.0
0965638308	3.0
0060548789	4.0
0385477813	4.0
0812932560	5.0
1594770425	4.0
0674000692	4.0
0307389006	3.0
091756152X	2.0
0764204963	5.0
067001883X	4.5
0802118399	3.0
0812564367	3.0
0451523253	5.0
0674437756	5.0
0321384830	5.0
0895260654	2.0
0060582677	5.0
0399508031	5.0
0060558121	5.0
0915230852	5.0
0739464418	5.0
0781408164	5.0
1561840297	5.0
0307265773	-Infinity
0307456293	5.0
0786708107	3.0
074321675X	5.0
0199254567	5.0
0736904271	5.0
0143112783	5.0
0374105987	5.0
0486440974	4.0
0091869722	5.0
0761536604	1.0
1499257171	5.0
157281294X	5.0
0786869208	5.0
0399508023	5.0
0915230844	4.0
0758201524	5.0
0380713004	5.0
0060590297	4.0
0674015770	5.0
0425167828	5.0
0684833328	2.0
1595550925	2.0
1444727931	5.0
0895261979	5.0
157954889X	5.0
0071471723	5.0
0312331576	3.0
0071498702	-Infinity
1611940559	4.0
0060531088	4.0
0071543821	3.0
0143035304	5.0
0486409244	4.0
0312425872	5.0
041507892X	5.0
0520232062	4.0
0385265573	4.0
0446691666	4.0
0387947914	4.0
1568582935	4.0
1461096405	5.0
0375423745	4.0
0758201540	5.0
0785269657	4.0
0764204920	5.0
0060571993	5.0
0060754036	1.0
0140007695	4.0
0060590270	4.833333333333333
0310335930	3.0
1592334148	4.0
0060789573	4.0
0985597100	5.0
1586402447	5.0
B00BGBIFF4	5.0
1594488959	2.0
0300108656	4.0
1594862958	5.0
1401916759	2.0
0091898234	5.0
0393003388	2.0
0684859955	4.0
0156010755	5.0
0060195339	5.0
1574867253	5.0
0615382401	2.0
1579546277	5.0
0764201077	5.0
0310325757	4.0
0465031269	4.0
080101252X	2.0
0452277043	3.0
0557582334	4.0
0470381884	5.0
0595144640	3.0
1560250003	5.0
0596002262	4.0
0307939650	5.0
0452280680	5.0
0737501006	5.0
0061769525	3.0
0684844095	NaN
0879306602	5.0
030737789X	5.0
015603297X	4.0
009928264X	3.0
0738708321	5.0
0345391691	1.0
1566637619	1.0
1932841660	3.0
081297252X	5.0
0800626796	4.0
1861086768	4.0
1466351578	5.0
0140174613	5.0
0892216948	5.0
0312155239	4.0
0674664795	5.0
0226901343	4.0
0671244175	4.0
0262572273	3.0
0618341501	3.0
0060932139	5.0
1591023491	5.0
0441004768	5.0
0735200939	4.0
081299342X	5.0
1595550941	2.0
0394875796	4.0
0879306629	5.0
0316109339	5.0
0767908287	5.0
1560766344	2.0
1558197095	4.0
0738705268	4.0
0195157427	-Infinity
0764201069	5.0
0806917458	5.0
041508833X	3.0
075921137X	3.0
0387900403	5.0
0393070107	2.0
0385527772	4.0
0802142923	5.0
0199229546	5.0
0743287991	4.0
1580623662	4.0
047086088X	5.0
0316114758	5.0
0743284003	5.0
B003JAH9R0	3.0
1586421581	3.0
0060563516	5.0
1568330596	5.0
1882593995	4.0
0199731705	5.0
067974049X	5.0
0684850753	4.0
0304355283	4.0
0199739676	5.0
006077939X	5.0
0316027030	5.0
B00811WUNA	3.0
026216180X	5.0
0764201050	5.0
1580176275	4.0
0520210646	4.0
0764123963	5.0
0425246299	3.0
B0093MU7QS	2.0
0195170431	5.0
0674015703	4.5
0823083462	5.0
0140296131	4.0
0764206702	5.0
0740706098	4.0
0809059185	5.0
0679723951	4.0
0674571762	4.0
0312181531	5.0
0195324870	5.0
0821226339	5.0
0802138888	4.0
0380713055	4.0
0823014010	5.0
0446539740	4.0
0882705857	1.0
1568586442	5.0
0843963271	4.0
0441016790	5.0
0684862719	5.0
0521158028	5.0
0312974779	5.0
0195314603	5.0
0345313372	4.0
0805016058	5.0
1439171211	5.0
074328075X	5.0
0143111930	5.0
0375825215	5.0
1621360210	2.0
0881845205	5.0
0786888202	2.0
0465092934	4.0
0805089802	5.0
0312644361	5.0
0393331636	5.0
0805052526	5.0
0060885483	5.0
0345409469	5.0
0486659690	5.0
0802139434	5.0
0962987506	2.0
0674011813	5.0
0786901756	3.0
0470947802	3.0
0802828760	5.0
1480236292	4.0
1561584010	5.0
0679640975	4.0
0609601423	4.0
0836117867	5.0
0307395391	-Infinity
0385525214	-Infinity
0385526547	3.0
068815087X	3.0
0984242007	5.0
0060277270	5.0
0679761276	5.0
0976403595	3.0
1433530139	3.0
0140187650	5.0
1451654405	3.0
0140152989	5.0
0099913801	4.0
0465021751	5.0
0789496097	4.0
0141027592	5.0
0609601431	3.0
1935487183	2.0
0679601392	5.0
0439071755	4.0
1620878070	5.0
084991437X	2.0
B000JRQ3LO	3.0
1416566716	5.0
1591026237	3.0
1400068401	3.0
0789480506	3.0
0671001280	5.0
0805210342	4.0
078523179X	2.0
0762428589	2.0
0870409743	5.0
0393058808	5.0
0671885111	5.0
0060199237	5.0
0140390057	3.0
0806948779	5.0
0465015018	3.0
B00D3S58EE	5.0
0307378845	2.0
0877289085	5.0
0465017681	5.0
0688151310	5.0
0156028719	5.0
0615580513	5.0
0385503857	Infinity
0758608594	5.0
0060393556	Infinity
0486203948	1.0
0312245513	5.0
0684818507	5.0
073820076X	4.0
1591391121	3.0
0140446176	4.5
0300115962	5.0
0345430093	2.0
0025853503	4.0
0226511928	5.0
0631176772	5.0
0393088693	5.0
0802714706	5.0
0785263314	1.0
0877286833	5.0
0895262002	Infinity
0735671761	5.0
0307405257	3.0
0300088655	5.0
0691004935	4.0
0345447719	4.0
0374363307	5.0
0439163528	5.0
1846033659	4.0
0786718900	5.0
0312868839	2.0
0099281996	5.0
0316561673	3.0
0802118518	5.0
0385468148	-Infinity
0316091170	4.0
0609601407	2.0
1557094705	5.0
0743446496	5.0
0812968905	5.0
037570230X	3.0
0688162886	5.0
0811712184	5.0
0881411744	5.0
0745654282	5.0
0719568315	3.0
0451207017	5.0
0399142533	3.0
1932236430	5.0
1893103013	4.0
0060841818	5.0
0789478293	4.0
1565633717	4.0
0195038630	5.0
0316037672	3.0
1601403305	5.0
068485421X	Infinity
0465017630	2.0
006180035X	5.0
1616386975	5.0
0060652934	5.0
0307269647	3.0
059516708X	1.0
0385510101	5.0
0060922915	3.0
0060984384	2.0
158743170X	2.0
0195136292	4.0
0877286868	5.0
0786018933	3.0
0521853249	5.0
0316016748	5.0
0688048323	5.0
0230603742	3.0
054705341X	3.0
0830733892	5.0
0313323399	1.0
0679750541	5.0
1426200927	3.0
0385523416	3.0
0060507268	5.0
0195170199	5.0
014011291X	5.0
0895260263	5.0
0373709234	5.0
0805086714	4.0
0465006957	4.0
0374517940	5.0
0609804995	4.0
0060761288	1.0
0060751002	4.0
0891097767	3.0
044024126X	4.0
048622483X	5.0
0486224848	5.0
0393065960	5.0
0786915501	4.0
0060512601	2.0
0446580503	5.0
0060557559	2.0
0452285216	5.0
1579550088	4.0
0028641442	5.0
0883780712	3.0
0979259800	5.0
0375710779	5.0
054723824X	4.5
0061345776	5.0
078601637X	4.0
0553051377	3.0
0060655186	-Infinity
0718158113	4.0
0060090650	5.0
0805060987	5.0
013145501X	4.0
0373895461	2.0
0060929588	5.0
1561586633	5.0
0060812451	5.0
0961539003	5.0
073820692X	5.0
0879755725	4.0
039304906X	4.0
0805210377	4.0
0756661021	5.0
0415254086	4.0
060960581X	4.0
031606744X	Infinity
0982465505	3.0
019286212X	4.333333333333333
0307357066	2.0
0547053460	4.0
0764210432	5.0
0062217208	2.0
0880797282	4.0
0425256529	5.0
0716740044	5.0
0877284245	5.0
0385520344	5.0
0375502637	5.0
0385482485	4.5
0865163529	3.0
0758229399	3.0
0963784625	3.0
0764206397	4.0
0307269663	5.0
0963129244	4.0
0297842781	5.0
0966991761	5.0
0830838988	4.0
031230448X	3.0
083083897X	5.0
1930097220	5.0
B0036TH3IO	5.0
0903505355	5.0
0486432963	5.0
1577780728	3.0
B0064S8ATK	5.0
0195138058	5.0
1844674223	5.0
0521552893	4.0
0674018427	5.0
0691133611	4.0
0192862154	5.0
0801478227	4.0
0520217977	4.0
0312209045	3.0
0812975278	4.0
0316501115	5.0
0870409786	5.0
0140144528	5.0
030738201X	4.0
0470114630	3.5
0679450777	5.0
0307700208	5.0
0060562978	2.0
0932813399	5.0
0671569155	3.0
0393050890	5.0
0674001672	4.0
0972082115	4.0
1880226634	3.0
0764204637	5.0
0891345515	5.0
0940322102	3.0
0385175353	5.0
1579180558	5.0
0312878265	4.0
1437703119	3.0
0679450785	5.0
0765305097	3.0
0380727501	4.0
0192834088	5.0
1880226669	4.0
0062502875	3.0
0446678503	4.0
0375709819	5.0
0486424596	5.0
1565632443	4.0
0812978358	3.5
075820230X	5.0
140004619X	4.0
0140390839	5.0
0133101029	4.0
0765305089	4.0
0757000266	4.0
1596916508	5.0
0300097603	5.0
1558607838	4.0
0375422986	4.0
1400064848	4.0
0762421029	1.0
1412812682	2.0
0307277224	-Infinity
0064451275	5.0
0809229099	5.0
1591022673	4.0
0979773601	3.0
0976729164	5.0
067978179X	5.0
0226041395	1.0
0631135421	5.0
0785209093	1.0
0198235453	2.0
068486309X	5.0
0375828249	5.0
1596380543	5.0
0345385764	5.0
0304354481	3.0
0140071075	5.0
0071410228	4.0
0767924479	3.0
1598560204	5.0
0131737988	3.0
0345440331	-4.0
0807009431	5.0
1589600630	5.0
0060742151	5.0
0871316579	3.0
0029021901	5.0
0786887842	5.0
0394582721	3.0
0312300948	5.0
0486227103	3.0
0345371984	5.0
1840462493	5.0
B00005X6M4	4.0
1401604005	5.0
0307383415	5.0
0262025485	3.0
0061358134	2.0
0395929687	5.0
0060914467	5.0
0547085907	NaN
0312962827	5.0
0840211155	5.0
0310203260	5.0
1402735987	4.0
0374502048	5.0
076070967X	4.0
0143112406	5.0
0679747885	5.0
0393072223	4.0
0312426852	5.0
0684859823	5.0
0786950692	4.0
0030295580	5.0
0941130053	5.0
0671746979	5.0
082632178X	5.0
0375405445	5.0
0201442302	5.0
0307463907	4.0
068486875X	5.0
0738701661	4.0
0142005126	1.0
0670891959	3.0
014009766X	2.0
0553572601	4.0
0385515065	4.0
0448420295	5.0
0201442310	5.0
0071445765	1.0
158243039X	5.0
0764202049	5.0
0465011535	5.0
0767920082	5.0
1840461136	4.0
080282126X	4.5
0880707755	3.0
0975599542	3.0
0805018565	3.0
0060809779	5.0
030680915X	3.0
0525951040	5.0
0764206419	4.0
0517189186	5.0
0771041411	5.0
1591430488	2.0
0767920090	5.0
0151005206	3.0
0393050823	3.5
156414674X	4.0
0385503024	5.0
1845076850	5.0
0465082726	4.0
0684811081	5.0
0374219737	5.0
1906821658	4.0
0471789828	2.0
0800722671	2.0
1594201870	5.0
0316075841	5.0
0571173977	5.0
0312568894	1.0
1574889737	4.0
0805077790	3.0
0877280789	4.0
1578631203	5.0
014311686X	3.0
143352306X	5.0
1557837546	2.0
0786863870	4.0
1594201854	5.0
0547247990	Infinity
067973452X	5.0
1883463483	3.0
0884897591	3.0
0521663830	4.5
0061433012	5.0
0786869186	3.0
0691029350	1.0
0374227349	5.0
0393020185	5.0
060960810X	5.0
0060197455	5.0
1401604889	3.0
0394716728	4.0
0307264793	5.0
0310334543	3.0
0451517938	5.0
0806520337	5.0
0713996714	5.0
0520205197	5.0
0340839368	3.0
0387900535	4.0
0470289716	4.0
1557044503	3.0
B00AK1IMXQ	5.0
0425192970	5.0
0451409361	3.0
0521010683	3.0
0060096861	2.0
0679429328	5.0
0883446855	5.0
0762413484	4.0
0060598964	5.0
0609606352	5.0
0881603813	5.0
0800796039	5.0
0970906307	1.0
0471084174	5.0
0262193981	5.0
0849943744	4.0
0375507523	5.0
1576739791	2.0
1560255846	5.0
0300065132	5.0
1846573262	5.0
0143116843	5.0
037550317X	4.0
0307390551	3.0
1434897745	2.0
0898708478	5.0
0764204645	5.0
0758611218	5.0
0060514485	5.0
1893762025	5.0
0884198898	3.0
0881603805	5.0
0393050831	5.0
0375831002	5.0
0143116851	5.0
0061234001	3.0
0765319675	3.0
0764204653	5.0
0393057488	5.0
0140449140	1.0
0738708216	4.0
0932538002	5.0
0195178033	5.0
1580131263	4.0
0975599518	2.0
0140264450	3.0
0156006537	3.0
0374202028	2.0
0385338015	5.0
0743230388	5.0
0914903268	3.0
014019536X	4.0
188292634X	Infinity
1611099455	5.0
0571239498	5.0
1591027675	3.0
1433677172	2.0
081664733X	3.0
043970040X	5.0
0061020680	5.0
1412040558	3.0
0525953728	2.0
0061436933	5.0
0143118692	4.0
0743246721	3.0
0141026162	5.0
0099280760	NaN
1550023780	5.0
0320037797	5.0
0471155144	5.0
055313079X	1.0
0262201259	2.0
0143142321	5.0
1582974225	5.0
0061020664	5.0
0739332570	5.0
0060516054	3.5
0380718448	3.0
1400043220	5.0
0811201880	5.0
0061672475	2.0
0679748199	3.0
0061349151	4.0
0465067867	4.0
034552893X	1.0
0884963799	1.0
0060012382	5.0
0786866756	4.0
0224063219	4.0
0140244646	5.0
0061020656	5.0
0312156723	2.0
141656683X	5.0
0312310390	4.0
0385482515	4.0
0375422188	5.0
037542217X	5.0
0547907249	5.0
1571741119	3.0
1932714480	5.0
0849943809	5.0
0679422714	4.0
006102063X	5.0
0312358377	5.0
1476704201	5.0
0385421311	1.0
0852299605	5.0
0061020648	5.0
0758218583	4.0
0596005121	4.0
158958113X	4.0
0230551947	5.0
0525476067	3.0
1439160406	3.0
006095339X	3.0
0983520801	-Infinity
0312864582	4.0
0877284997	4.0
0425234460	5.0
0700616349	4.0
0873512162	5.0
0143142356	4.0
0743287231	5.0
0062000675	2.0
0142001783	-Infinity
0674006526	NaN
0595289479	5.0
1597261025	5.0
0679442324	5.0
0877286701	4.0
1578590132	5.0
0061020621	5.0
1455134767	5.0
1566634792	3.0
0060853972	5.0
0385510276	5.0
026253200X	NaN
0805242007	3.0
0312349416	5.0
1935098462	4.0
146925204X	5.0
0785825517	5.0
0786926945	4.0
019286209X	4.5
0679409793	5.0
0061020613	5.0
0521448484	4.0
0691131171	5.0
0140367543	5.0
1879045486	2.0
1591794226	3.0
1441766073	3.0
0742536564	5.0
1416540261	5.0
0307274950	4.0
1592571727	5.0
0805210423	4.0
0743255690	5.0
0880387807	2.0
0395629853	5.0
1552096386	5.0
0900416351	5.0
0415174406	5.0
0425162052	4.0
0142004820	5.0
1432744429	1.0
B005SGIJ04	5.0
0192854496	5.0
1560255021	2.0
0064460118	5.0
1565541855	3.0
1931160783	5.0
0688172172	5.0
0007157150	4.0
0143038605	4.0
1418493023	5.0
0310265363	4.0
0805094202	3.0
0684810522	5.0
006124189X	4.0
071673561X	4.0
1427205450	3.0
078522887X	5.0
1581349645	2.0
0380811278	3.0
0804816549	5.0
0609802232	5.0
0330418386	5.0
015101485X	4.0
0879801107	5.0
0900416327	5.0
0521631440	5.0
1611941725	2.0
0940322064	5.0
031231521X	5.0
147676655X	3.0
0465005519	5.0
0525950621	5.0
0465006841	4.0
052182947X	5.0
0195159071	5.0
0195128796	5.0
0743281101	5.0
0140281630	5.0
0785214267	4.0
0966665732	5.0
0393059170	3.0
0895260387	-Infinity
0061002828	4.0
0316017922	3.0
097248535X	5.0
0446385050	4.0
0789748355	3.0
0312429258	5.0
0764209582	5.0
030726646X	5.0
1561840440	5.0
1582432910	5.0
0060930632	4.0
0446178063	3.0
1595586393	5.0
0785214275	4.0
1565924533	4.0
1841957976	5.0
0965439909	5.0
0061205346	3.0
0310257778	1.0
0882709224	1.0
0062012614	3.0
0312539673	4.0
1426731604	1.0
067163514X	1.0
0387202293	4.0
0525949615	5.0
0679736158	5.0
0195014766	-Infinity
0393060160	5.0
0425196518	4.0
081353433X	5.0
0307278441	5.0
0966074904	4.0
0760776385	4.0
0596002971	3.0
0451531574	5.0
0831752688	3.0
0802715982	5.0
0672312409	3.0
0743256182	5.0
0060558709	3.0
0345537068	3.0
0312560230	5.0
055309503X	3.0
0486467708	4.0
0060738170	5.0
0716733870	4.0
0061091847	5.0
047040924X	5.0
0809229072	4.0
0062517082	3.0
0321304543	3.0
0060906111	1.0
1616141689	1.0
0739488104	2.0
0981571646	1.0
0711210896	4.0
0061054895	5.0
083083446X	3.0
0679805273	5.0
0452298628	5.0
1586483129	5.0
0805057234	5.0
0984348514	4.0
0671743872	4.0
0061020699	5.0
0312970609	4.0
1561840483	5.0
1605509957	2.0
031600023X	5.0
1574557580	3.0
1616266392	4.0
0195117255	5.0
0451463722	4.0
0374270937	5.0
1582430306	4.0
0316159395	5.0
0873514742	5.0
0195173384	4.0
0192807226	5.0
067973743X	5.0
0874779502	4.0
0807032778	5.0
0195314441	5.0
0312430183	5.0
0307986233	5.0
0060094931	5.0
1883011523	5.0
081297977X	4.0
073946552X	3.0
037540404X	5.0
0061689246	4.0
0465085725	5.0
1600782841	3.0
0300108834	5.0
0778314936	5.0
1930953100	5.0
0975966006	3.0
0140449086	2.0
0985578629	5.0
156718782X	5.0
0553253638	5.0
0814322468	4.0
0767903692	3.0
0385506252	5.0
1416909257	1.0
006019247X	2.0
0226870332	4.0
0061173371	5.0
1433502208	5.0
0446576514	5.0
0446505315	3.0
0452289645	4.0
0521002931	5.0
0817463003	5.0
0060183543	5.0
1567182135	4.0
006213115X	1.0
0812977149	5.0
0306819287	5.0
0226595668	5.0
1885705026	5.0
1413313337	3.0
0061173363	5.0
0448443007	5.0
1573927171	5.0
1844670864	4.0
0393035158	3.6666666666666665
039914675X	3.0
0262122820	5.0
B00HIR0DLO	5.0
0465043097	3.0
0143104942	3.0
0813334829	4.0
0345339703	5.0
0306819295	2.0
1492916226	5.0
0684814811	4.0
0312421265	5.0
0007230206	5.0
0877288550	4.0
0740718665	3.0
0802717764	3.0
1582463158	3.0
0345448359	4.0
0142437085	5.0
1468172352	5.0
1578519314	3.0
1559707038	5.0
0691004129	5.0
1594486514	2.0
0449908976	4.0
0060590041	5.0
0877288569	5.0
0736003517	5.0
0320037800	5.0
0517146770	5.0
0786918403	4.0
0060858834	Infinity
140031870X	5.0
0060175966	4.5
030910310X	5.0
0679721134	5.0
0674016874	4.0
0007157177	2.0
0520230086	5.0
0553566067	5.0
0807009571	5.0
0684810468	5.0
0060890096	2.0
0262540428	5.0
0062206745	3.0
0747549923	5.0
0553587889	5.0
081282718X	5.0
0736044043	5.0
006009057X	5.0
140007696X	4.0
0307460983	3.0
0380751925	5.0
0465027822	5.0
0140390774	4.0
0312309457	4.0
0801077613	1.0
1401933904	5.0
0393071634	3.0
0884864510	3.0
0826413552	5.0
0393058662	5.0
0307272265	5.0
0201441918	5.0
0143142399	3.0
0060845503	5.0
0938410245	5.0
0312367333	1.0
0192804960	5.0
0374278806	5.0
0786905158	3.0
0684849569	5.0
0963144901	3.0
1892959046	5.0
0521444969	5.0
0375855718	4.0
0099513021	4.0
1894877179	3.0
0393045358	5.0
0743243749	5.0
0061020702	5.0
0860916464	5.0
0830827358	1.0
0374291357	5.0
0195178130	3.0
0399159215	4.0
0807821187	5.0
B00C479TN6	5.0
1442346272	5.0
0802119093	5.0
0198520115	4.0
0786701315	5.0
1563891654	3.0
0140171347	4.0
0192803611	3.0
0374169705	3.0
0821838172	5.0
031604461X	5.0
0060931043	2.0
0307276651	5.0
1578632412	5.0
0385501390	4.0
0312244967	5.0
0684052369	5.0
0465036724	4.5
0684863847	4.0
1565848403	5.0
0764227440	1.0
0060616296	5.0
0871403595	5.0
0452287081	5.0
0310209307	4.0
0307275329	5.0
0806525932	5.0
0060886889	4.0
0786905190	3.0
0684869128	8.0
0521627494	5.0
1477808736	3.0
0521635039	3.0
0375752501	5.0
0756622468	4.0
1439101191	3.0
1890087025	5.0
0486258130	5.0
0026009102	Infinity
1782004092	4.0
0312951426	5.0
0739104551	5.0
0310576113	4.0
0812930991	4.0
0684801582	3.0
1250030730	5.0
0764228749	5.0
B007JWYCW4	5.0
0140126783	5.0
0399231439	3.0
157870233X	4.0
0029023807	5.0
1594200424	5.0
161121078X	5.0
0375753850	4.0
067443000X	4.0
0615159168	3.0
0743276639	4.5
0823003590	1.0
0099274833	4.0
0880387793	4.0
0195148304	4.0
0140230122	5.0
0671663232	5.0
031219241X	3.0
0859653080	5.0
0738706388	4.0
0825435757	5.0
0764228730	5.0
1933580100	4.0
1591843634	3.0
0883685175	5.0
1893517055	5.0
0470126566	5.0
1416549595	4.0
0812972333	1.0
1455508594	5.0
1400033888	4.0
0307209830	3.0
0425098648	4.0
0312973691	4.0
1908844876	4.0
0809544601	5.0
0764228722	5.0
0195136306	4.0
0671027972	4.0
0140138773	2.0
1909628093	4.0
0805208984	3.0
0830725458	4.0
0446697583	2.0
0195085140	4.0
0375423125	5.0
0805078916	5.0
0465090990	2.0
0142000531	4.5
0805094164	4.0
0486260763	4.0
0307456625	5.0
1933064072	5.0
0060510609	5.0
0061146307	5.0
046502811X	5.0
0375708278	5.0
0312601867	4.0
0745649084	4.0
1401921892	3.0
0764207466	5.0
1595541721	5.0
0764207474	4.0
0500051410	4.0
0465076696	5.0
0807085766	5.0
1402758901	5.0
039304002X	4.0
0061146331	4.0
0891340971	5.0
0738708801	4.0
0471121045	4.0
0552527521	5.0
1585160040	5.0
1580060218	3.0
1840462647	4.0
075730334X	1.0
0375409270	4.0
0201834545	4.0
1593630379	5.0
0520237374	4.0
073820143X	5.0
0141040378	5.0
0738201448	4.0
1573929921	5.0
0446404373	5.0
0399164987	5.0
0451148398	5.0
1568584342	5.0
1929214677	5.0
0805074562	3.0
0521585198	5.0
0877282684	5.0
046508995X	5.0
1936227029	4.0
0451528441	5.0
0521796792	5.0
0805094121	5.0
0972658386	5.0
0963600117	4.0
0253347335	5.0
0201483408	4.0
0688146198	5.0
0689830467	5.0
0764207423	5.0
0738202746	5.0
0670034525	5.0
1585422037	4.0
0807085723	5.0
0316001821	5.0
0061057649	5.0
0060256532	5.0
0465004180	3.5
0345420039	4.0
0195112075	4.0
0312963599	5.0
0262042258	5.0
0002005395	4.0
0673999866	5.0
0553542524	4.0
0226905187	5.0
1568581289	4.0
0618592261	2.0
0805014020	3.0
1571203206	5.0
0805014039	4.0
1840726806	5.0
0671004107	5.0
0316010782	1.0
0385418485	4.0
1568812116	5.0
0061176141	3.0
0451822196	4.0
0618858679	5.0
0812977610	5.0
0425223019	3.0
1565926641	5.0
0590481096	5.0
0465022812	5.0
0375505520	5.0
0142003611	3.0
0393320782	5.0
0195037944	1.0
015101387X	4.0
1574889168	3.0
0385343248	5.0
0195372174	5.0
1594032211	3.0
0143114808	2.0
006143065X	5.0
1416537538	4.0
0312349106	4.0
0819530050	5.0
159276231X	4.0
1583334572	1.0
0345333551	4.0
0758606516	4.0
0521497701	4.0
1906860238	5.0
086571231X	5.0
0099244721	5.0
0895260034	3.0
0330390287	5.0
0738700037	5.0
0312095511	5.0
0061020397	4.0
1592285147	5.0
B005VTGE3W	5.0
0930289447	5.0
0060580542	5.0
1580089046	4.0
0465013058	2.0
0143034588	4.0
0805069135	4.0
0486616304	4.0
0306817381	5.0
038524388X	4.0
0028639367	3.0
0374261903	4.0
0804118892	5.0
0385497709	4.0
0471377902	5.0
0486299864	4.0
0764220489	1.0
1564559149	5.0
0805082107	5.0
0679429069	5.0
1932968261	5.0
0966190858	5.0
1621570339	3.0
B005SGDEIG	5.0
0743222245	2.0
0307888754	5.0
0307717720	5.0
0452284570	3.0
1933027010	4.0
0071353461	3.0
0289800897	2.0
0060891564	5.0
0979406315	5.0
0072121157	4.0
0316359556	3.0
0061438596	5.0
0262025795	3.0
0738703109	5.0
1844675335	4.0
0872209547	5.0
0387952896	4.5
0740747134	5.0
019515343X	5.0
0932813232	5.0
1567182186	4.0
0984933700	4.0
0547086121	3.0
0875420761	5.0
0684839296	5.0
0151011249	4.0
0375420991	3.0
0671528068	5.0
0399145885	4.0
1596914017	5.0
0865475571	2.0
0495007250	5.0
061850754X	2.0
0465073514	5.0
0486210405	4.0
1416553282	3.0
0520237315	5.0
0385343272	4.0
0452275636	5.0
0982604009	5.0
1564582442	5.0
046501870X	3.0
1596914009	5.0
0060392886	1.0
0395551137	5.0
0312349122	3.0
B005SGYJZ8	5.0
1403979782	5.0
0871924935	5.0
0764571958	3.0
0380010003	5.0
0099450259	5.0
030680669X	3.0
0812968778	4.0
0671219707	4.0
0471407933	5.0
0393061795	2.0
0451138937	4.0
0553081403	3.0
1565631382	4.0
0395321212	3.0
0060284595	4.0
1416556338	5.0
0521821495	5.0
0375822739	4.0
B001DD2U1K	5.0
0805056696	5.0
0375422722	5.0
0007162219	5.0
0393059480	5.0
B00E7GOMQ6	4.0
0684843285	5.0
0451465245	5.0
1565631366	4.0
1420925342	5.0
0805094970	5.0
0415119669	5.0
0823003035	1.0
0671607405	4.0
074356619X	5.0
0060973897	5.0
0471268895	5.0
0743284577	5.0
0595327249	5.0
0812966139	5.0
0310231973	2.0
0307277453	5.0
1616148071	5.0
0812968794	5.0
0385467923	4.0
0375422730	5.0
187918172X	4.0
0060541814	5.0
0312168276	5.0
0739359266	5.0
0691099863	5.0
1583940545	5.0
1583226281	5.0
0471369462	4.0
055356174X	5.0
0812968786	4.0
0399145796	5.0
0743578198	2.0
0764205706	5.0
0345476506	5.0
1591022428	5.0
0262101076	4.0
0307277461	5.0
094201815X	4.0
0786709790	4.0
0380724251	5.0
0679781560	5.0
0061775932	4.0
0151010897	3.0
0521629713	5.0
0802170412	4.0
0140282025	4.0
0674440757	5.0
0446679658	3.0
0978834690	4.0
0395779278	4.0
078710339X	2.0
0684856573	5.0
0385508980	3.0
0465044255	5.0
0307278727	3.0
0786903295	4.0
0226468011	5.0
0060908807	5.0
0345508602	4.0
0515102652	5.0
0312087012	5.0
0132733501	5.0
0399523391	3.0
0743272552	5.0
0374229791	5.0
0787946664	3.0
0310238587	1.0
0385359594	5.0
0306816083	5.0
0099492830	4.0
0099526409	4.0
038534757X	2.0
0131486861	4.0
0486630692	5.0
0385495161	5.0
0141034599	5.0
0060734787	2.0
0451193008	2.0
0618405682	5.0
1578633265	5.0
0199537259	3.0
0805076263	5.0
B00C16YL10	1.0
1406800384	4.0
0143114816	5.0
0345384229	5.0
0743276930	5.0
0738208949	4.0
0974633666	3.0
031264065X	2.0
1470094096	5.0
1587680092	3.0
0307720454	4.0
0143117998	4.0
1418543969	5.0
0801012899	3.0
0742511677	3.0
0781408695	2.0
0374292795	3.0
1580171907	5.0
0439139597	3.0
087728931X	5.0
1569473765	3.0
1557787883	2.0
1439138311	2.0
1585423459	5.0
0312286244	5.0
044900371X	4.0
B0045U9UES	3.5
055299703X	4.0
1934389129	5.0
0743216466	4.0
1401352081	5.0
0465019277	3.0
0375702105	4.0
0060931175	5.0
0060175400	4.0
0471379670	5.0
0671724991	5.0
0855329904	5.0
4817090014	5.0
0300000898	2.0
1578632765	4.0
0312954603	5.0
0425165582	5.0
0143116649	4.0
0765604809	5.0
0805210512	3.0
0465092756	5.0
B00C4ZX7U4	5.0
0374275637	5.0
0061335290	Infinity
0385507631	4.0
0312939019	5.0
0142001805	4.0
0890514410	1.0
1439197512	1.0
0966452402	5.0
0201406462	5.0
0802403476	3.0
0312355025	5.0
157863010X	5.0
0312427999	5.0
0195176049	3.0
0060518650	5.0
0742512975	3.0
0679407731	5.0
0679838821	5.0
0553816195	5.0
0805015280	5.0
1400042437	4.0
0674009363	4.0
0471569526	5.0
0465030491	5.0
0671687581	5.0
0465053130	5.0
0838577016	4.0
0380787830	3.0
030726369X	5.0
1570762597	3.0
0789752158	4.0
0679754792	5.0
0345468902	3.0
0609809989	5.0
0385315147	4.0
087542127X	4.0
0307877280	5.0
160094017X	5.0
1568584377	5.0
1585424749	4.0
0674930479	2.0
1400113245	3.0
0761142150	4.0
0743287649	3.0
B007P803T8	5.0
0393047458	4.0
0553213652	4.0
0201360802	4.0
156579429X	5.0
0071440259	3.0
1595550631	2.0
031225461X	1.0
0691124477	5.0
0399149325	3.0
0300107617	5.0
006201126X	5.0
0553106368	5.0
0872865002	5.0
0802141935	1.0
080244041X	4.0
125001610X	4.0
0609610627	5.0
0757000908	5.0
0201563177	5.0
0743242785	3.0
0756613647	5.0
0425158640	5.0
0062515551	5.0
0674008065	5.0
0754085473	2.0
0375875263	3.0
1840460024	5.0
0618082956	5.0
0309096227	5.0
1402775571	5.0
1475162154	2.0
0449911888	5.0
0807067938	3.0
0316098752	2.0
0385503245	5.0
0393045625	4.0
1563894548	5.0
0470292776	4.0
0670060720	5.0
1594200122	5.0
0143114093	4.0
0689829337	3.0
0553591630	5.0
0316651133	3.0
0804173524	4.0
1560259698	5.0
1593082118	3.0
0300126964	3.0
0310330718	3.0
030740515X	5.0
0804116970	4.0
0785226087	5.0
0316367893	3.0
0465030327	5.0
0201408252	3.0
0684827123	5.0
0231116403	5.0
0471113530	4.0
0465022715	5.0
1595550550	2.0
0805074422	5.0
0061147788	3.0
0615553028	3.0
0520230604	5.0
0872201775	3.0
0060855924	5.0
0195161998	5.0
0446578142	4.0
0070240353	4.0
0913866598	4.0
0756607051	3.0
1931468192	5.0
0671022091	5.0
1563891484	4.0
0312658656	4.0
1598631128	4.0
0385494718	3.0
0764550039	1.0
0061020400	5.0
0226476553	5.0
1591842611	3.0
0307353400	5.0
0201548550	4.0
0806905999	5.0
0061672688	4.0
0060597259	5.0
0441225519	4.0
0802851614	5.0
0199291152	5.0
0300142188	5.0
0281060908	4.0
1563891492	5.0
0471134473	5.0
0671728415	5.0
1597090778	5.0
0823015750	3.0
0393058980	5.0
0380700972	5.0
0385241933	5.0
0805096663	1.0
0521618266	5.0
0060829613	4.0
1861080204	5.0
0691050708	5.0
0061122416	3.0
0061147710	3.0
0801027284	4.0
0805242244	5.0
0684837366	1.0
1593274130	4.0
158648513X	5.0
140168968X	5.0
0521860016	-Infinity
0743243021	5.0
0470192739	5.0
0300078757	4.0
0830832491	3.0
0140276041	3.0
1563898926	4.0
0689833407	5.0
0060935723	5.0
0201309564	4.0
006223059X	2.0
0520089065	5.0
0060838582	4.5
0120884070	4.0
0201479486	5.0
067920394X	3.0
0786269669	5.0
0140233903	5.0
0375505636	5.0
0785811141	5.0
0375501290	5.0
0226476510	5.0
0312853238	5.0
044652560X	4.0
0743266587	4.0
0316010669	4.5
0312939167	4.0
1931836205	4.0
1903773067	5.0
0805070044	5.0
0300078730	5.0
0393058964	4.0
0786714417	2.0
006117758X	5.0
0676978584	5.0
0615575234	4.0
0062231839	2.0
039395904X	5.0
1453503013	5.0
0060581778	5.0
0060890312	5.0
0520213203	3.0
0099556316	5.0
1484823664	5.0
0307718921	4.0
0385485840	-Infinity
0812968808	5.0
069621184X	5.0
0201100886	4.0
0385509480	4.0
0385514832	5.0
1937758230	5.0
0399141383	5.0
1569757348	4.0
0805080295	5.0
0060903252	5.0
0143038826	5.0
0060892994	5.0
1582462569	5.0
0415110300	5.0
159276245X	5.0
B007JRMR2Q	3.0
0425191060	5.0
0156701537	5.0
0758234899	3.0
0142196339	5.0
0451163087	2.0
0465062792	5.0
026261183X	4.0
0738702552	5.0
0553382403	5.0
0684809338	1.0
0061451460	3.0
0143034480	Infinity
0195394291	5.0
0691146845	4.0
0395854059	5.0
080062937X	5.0
0809067226	5.0
1932594078	4.0
0786709936	5.0
0061231428	4.0
0805304029	5.0
0930852818	2.0
0802120342	5.0
034543658X	3.0
0374524327	5.0
0452295343	2.0
0375708111	4.0
1400040841	5.0
0978721004	5.0
0140433392	5.0
0393062171	5.0
0679734163	3.0
0345401026	5.0
159403057X	5.0
0374106789	3.0
0375705090	5.0
0756606543	3.0
0863161391	3.0
014303622X	5.0
0340824891	4.0
0060780703	NaN
0345376595	5.0
0937064009	5.0
1605985600	4.0
1439178305	5.0
0871591243	4.0
0520231929	4.0
0345341007	5.0
1882926536	2.0
0805079262	5.0
0823013952	1.0
0684853434	1.0
B009WWNZBS	3.0
0911910298	3.0
0441018181	5.0
0865433623	3.0
0684824906	4.5
0142001163	5.0
1432733931	4.0
0312255012	4.0
159420327X	5.0
0764206281	3.0
0767928350	5.0
0143118463	2.0
0553591622	5.0
0312304366	5.0
0345376579	4.0
0553078755	5.0
0470889284	5.0
0670030996	5.0
0767925246	3.0
0385476973	5.0
0679600728	5.0
0805088156	2.0
1552093026	5.0
0393308189	5.0
0486432084	5.0
1579900232	5.0
0521603250	4.0
1563890976	5.0
B0022NGHXC	5.0
0307394867	4.0
0061092177	5.0
1402738706	2.0
0061934712	3.0
0764201492	4.0
0830826661	3.0
0385505167	5.0
0806522607	5.0
0061493163	5.0
1591144078	4.0
0300095317	4.0
1570620725	4.0
0620308869	1.0
075664979X	5.0
1879181851	5.0
0700615717	3.0
0375421521	5.0
0805410015	5.0
0385511841	5.0
0679747567	5.0
0942299752	4.0
0062509594	3.0
0425163997	4.0
0505527308	1.0
0830817743	5.0
0807101508	5.0
0880641762	5.0
0312349289	5.0
0785260897	4.0
0316314668	4.0
0141321598	2.0
0195006992	4.0
160145015X	4.0
0700612696	5.0
1567181031	4.0
0618178929	5.0
0141439807	4.0
1559700211	3.0
1582973903	5.0
046502761X	4.0
0879755776	4.0
067169507X	1.0
0440222028	5.0
0470467266	3.0
0385488963	5.0
0393308197	4.0
160239976X	4.0
020163354X	4.0
0062030310	5.0
0679743146	5.0
0394502787	4.0
097878510X	2.0
1932857591	4.0
084993124X	2.0
0399155066	5.0
0130166294	4.0
1596351136	4.0
014143984X	5.0
1426208677	1.0
0387906134	5.0
0691155682	3.0
0764208071	5.0
0446540331	4.166666666666667
0964350416	5.0
0465004997	4.0
0809016435	5.0
0330258648	3.0
0375421556	5.0
1604190175	4.0
0486459101	4.0
0143113623	4.5
1416594787	5.0
0451147952	2.0
0751367508	3.0
0486266826	5.0
047092974X	3.0
1893036081	4.0
0393058077	5.0
067248448X	3.0
0809016427	5.0
0874778956	5.0
0140284583	4.0
1566631955	4.0
0140060286	5.0
0060537639	5.0
0385511809	5.0
0375413189	5.0
0801485606	5.0
0865715408	5.0
0060194480	5.0
014311493X	5.0
0300080247	5.0
1426752725	4.0
0740738054	5.0
0671036602	3.0
0061092193	5.0
0312261640	4.0
0446606529	5.0
0805076158	4.0
0393051404	5.0
075730480X	3.0
0385412142	5.0
0743284437	5.0
0849912962	3.0
1118141067	5.0
0140280197	1.0
0471423270	5.0
0465092667	3.0
0830828419	3.0
0375413170	3.0
1930486308	2.0
0786709871	5.0
0020768702	5.0
0375401199	5.0
0262530856	5.0
0964350408	5.0
1569755620	5.0
0877286167	4.0
0465054382	4.0
0062116150	3.0
0606006877	5.0
0471638609	3.0
0764208942	4.0
0979748577	4.0
0877286175	4.0
0486421333	5.0
1591025648	5.0
1564775666	5.0
1400066514	5.0
0805395717	4.0
0340924993	5.0
159668139X	4.0
030734147X	5.0
0060936991	4.0
0761832211	2.0
1603582703	5.0
0226092038	3.0
0882078135	3.0
0691089779	5.0
006076516X	5.0
0805210601	4.0
0061177571	3.0
0192806912	4.0
0307378756	5.0
0877286183	3.0
1400152984	5.0
0060520833	5.0
0060921013	5.0
0812571088	4.0
1492371629	1.0
0465078354	5.0
B00DQ33IBG	5.0
1935232622	3.0
0805078770	4.0
0765317583	4.0
0743215052	5.0
0816018952	5.0
0736908242	5.0
0802844499	3.0
031236976X	5.0
0393058875	5.0
0452289491	5.0
0446196134	4.0
1594031908	2.0
0307718026	5.0
0800795059	5.0
0687069831	3.0
0375414460	5.0
1466279370	1.0
0670030945	4.0
1572841036	5.0
0517885905	3.0
0465011209	5.0
0345437063	4.0
0307353486	1.0
1616086203	5.0
0140868577	5.0
0061170917	5.0
0871136643	4.0
0802136656	4.0
B00DOZFGSO	5.0
0330490265	5.0
0385529953	5.0
1602392293	5.0
0316180661	-Infinity
0393061639	5.0
0609605135	Infinity
1400062195	4.5
0060392185	5.0
B007SHH8XU	5.0
0618139303	4.0
0875421180	5.0
0262031418	5.0
1861003110	4.0
0306813769	5.0
0932551106	5.0
0060977493	5.0
0875844405	4.0
0684838613	4.5
1590593227	3.0
0226712125	3.0
1591023025	2.0
075820681X	5.0
0809564890	4.0
1572811226	4.0
0802487866	4.0
1620870568	5.0
0451526775	4.0
1567187196	5.0
1426203845	4.0
0767909186	5.0
0307390438	5.0
158180833X	3.0
0070428077	4.0
0060736682	5.0
1578632692	5.0
0895873532	5.0
0809016486	5.0
0743250281	5.0
1940658071	5.0
014240652X	5.0
0060726423	5.0
1594200203	5.0
0872864499	5.0
0471357324	5.0
0671023373	5.0
1416924698	5.0
0375703373	5.0
