1569715424	5.0
1597801402	4.0
1585476951	5.0
1621450252	4.0
0451462300	5.0
1455548987	5.0
0989740617	3.0
0786919035	5.0
1416559175	5.0
B00CV30XMO	4.0
0231141505	5.0
0984679456	5.0
0805089802	5.0
1439133387	4.0
0061161705	3.0
0151005613	4.0
0805003118	1.0
0545267129	5.0
B00AG4G93C	4.0
1426744889	5.0
0394448588	3.0
178092206X	5.0
0812976959	5.0
0307394050	4.0
0345362276	5.0
0985913312	2.0
1620070774	5.0
0800759117	1.0
1416556907	3.0
0857687689	5.0
0979600049	3.0
B009621GIS	4.0
061548428X	2.0
1907519777	3.0
015100692X	5.0
140418712X	5.0
1941134017	5.0
0373873239	4.0
B00JD0MVFU	4.0
0061662550	5.0
0757307507	5.0
B00FQZ8EWK	4.0
0977005046	5.0
0060084332	5.0
0937295108	5.0
1580080030	5.0
1400080533	5.0
1416553878	4.0
0985913304	4.0
0802714749	5.0
0310318920	5.0
0778315118	4.0
0679640967	5.0
0671472178	2.0
0345468694	4.0
1584855010	5.0
0765306840	1.0
0345528840	5.0
1452118698	5.0
0373059132	4.0
0345511166	5.0
0373657994	3.0
0002007770	4.0
0596809409	4.0
0615635369	3.0
1466437715	5.0
000766141X	5.0
1612182372	3.0
1495250423	5.0
0765318822	4.0
0451197127	5.0
0345511174	3.0
0140437657	5.0
047132969X	5.0
0547315813	5.0
B004H8G3V6	4.0
0395913624	5.0
1467946826	4.0
0062079077	4.0
1250000300	4.0
0060740752	5.0
0312609582	4.0
0312315961	3.0
B00AE01M5S	4.0
1592284434	1.0
0140434135	3.0
0439136350	5.0
1480802646	5.0
0615580572	4.0
0785105646	5.0
B00AKEWN9C	4.0
1401684947	5.0
061841911X	5.0
0452296749	5.0
1619492571	4.0
1400306019	5.0
1612182380	4.0
1481252143	4.0
1611944007	5.0
1602391483	5.0
0374278172	5.0
0987961500	5.0
1906144397	5.0
1451650027	4.0
0957374615	4.0
1469237164	4.0
1416938338	5.0
B0054LN48A	4.0
0609610325	5.0
0983256810	2.0
0263899403	4.5
0785149651	1.0
B00DKC36RO	3.0
019514824X	4.0
0954779274	3.0
B005BTO3YE	5.0
0316734969	5.0
0156013231	5.0
0470520698	5.0
0451412478	5.0
0385503857	2.0
1426710666	5.0
0099740915	1.0
0471404195	4.0
B006ZGBDCM	5.0
0606151419	4.0
0380786230	5.0
1584855002	5.0
B007QNPRUW	5.0
1491021217	4.0
0373657986	5.0
B004WKUUIQ	5.0
B005KMV5XY	4.0
B00KB46MKM	1.0
1416989536	5.0
B00IEJ7HWS	2.0
0439083702	5.0
B002GJRYSE	5.0
B00IX3QJO2	4.0
0441117597	5.0
0385504713	5.0
048622791X	4.0
0671793373	5.0
0060899220	5.0
0061245097	5.0
0451219007	5.0
1482390973	5.0
B00BAWAU5W	2.0
0786020423	5.0
037376099X	4.0
B006U5U8TC	4.0
1611790700	4.0
0099281996	4.0
143919386X	5.0
0307406105	5.0
075661161X	5.0
B005CHQY24	5.0
0757307515	5.0
1571745637	5.0
044173295X	5.0
0983398038	4.5
0553807854	5.0
0345528891	5.0
0806523794	4.0
0743555619	4.0
0451217292	5.0
0061245089	5.0
0425238733	5.0
0848742974	3.0
0373717709	5.0
0802140432	5.0
141654013X	4.0
0307969231	5.0
1571458654	5.0
B005ED63VS	5.0
1463571917	4.0
0762106492	5.0
0345326164	5.0
0615669166	3.0
1467980757	5.0
0761123148	5.0
0446524891	3.0
0312648707	5.0
1892389517	5.0
B00701D9LO	5.0
B009OWPEOW	3.0
1451539029	4.0
1890158631	5.0
B003YDXLJC	3.0
0615742327	5.0
0395881560	5.0
0786867345	5.0
1478161930	4.0
0671028375	5.0
0446563137	4.0
0310213010	5.0
0684844419	5.0
0375407286	4.0
0395952832	5.0
1844168077	5.0
0553593099	5.0
0615843492	5.0
0884111326	5.0
0345366239	4.0
130006742X	4.0
0752831992	4.0
146109111X	4.0
0060652926	5.0
B00EVSB3N0	4.0
0743598768	5.0
1616267143	4.0
0857206931	5.0
0340179414	5.0
0345497600	4.0
0374347255	5.0
0312289189	5.0
0765317907	4.0
009953682X	4.0
0984816712	5.0
1455574856	5.0
0316106755	5.0
0615618820	5.0
0253203317	5.0
1602600155	4.0
1611940508	5.0
0143038702	5.0
061591697X	4.0
0881846155	5.0
1560761563	4.0
1621082598	5.0
1414303467	5.0
0312428286	4.0
0310950856	5.0
B00HDKWGAM	3.0
0062074202	4.0
0375847057	5.0
1442346965	5.0
0006485944	5.0
0985104627	4.0
0553255754	5.0
0385114486	4.0
B00AKYRVH6	4.0
B00EB9Z902	5.0
0152524150	5.0
0312644302	5.0
1416532056	5.0
0545265355	3.6666666666666665
B004BDOTYU	5.0
0441842925	5.0
0983976473	4.0
0615626432	5.0
1885339283	4.0
0803260970	5.0
0451169514	5.0
1603180540	5.0
0743211383	4.0
0552525952	5.0
0843948779	5.0
0345311965	5.0
1562475150	5.0
B005J1TSTY	5.0
0062047809	5.0
1844165841	5.0
006207203X	5.0
0439598397	5.0
1465417001	5.0
0615660746	4.0
1447796950	3.0
B001GF6U4S	5.0
0062072064	3.0
1846030196	5.0
0843960892	3.0
0385507380	5.0
0385512724	4.0
B004AYDBVM	3.0
0374157065	5.0
0380842939	4.5
0261103288	4.0
0743272714	5.0
0060753676	5.0
1451620691	5.0
0786015039	2.0
0373776012	5.0
0451203070	4.0
0470372273	5.0
0955176220	2.0
0671692674	5.0
039915325X	1.0
0465003494	5.0
160312134X	5.0
B00H8AJILC	3.0
B008E0II5M	5.0
0811859061	4.0
1466386916	2.0
1495379930	5.0
0940322110	4.0
0064405885	4.0
0743292332	5.0
B009ET1EUS	4.0
B00514KSI4	5.0
0553062069	2.0
B00CJ1OEUA	5.0
0140437614	3.0
1468161660	5.0
158240755X	5.0
0152024689	5.0
0385483368	5.0
0545229243	2.0
0345542304	5.0
1906735611	3.0
0307737500	2.0
1616267127	5.0
1936383187	5.0
0940322129	5.0
0062011847	4.0
0972471901	3.0
B00HCJX4MI	4.0
0451182987	3.0
1475280904	5.0
0060264306	5.0
1439136807	5.0
0312106122	5.0
0553384902	4.0
0981003737	5.0
0671028383	5.0
B00C02S3NC	5.0
0763644900	4.0
0226983358	4.0
B005FLVQSE	4.0
1477520465	1.0
0441008011	5.0
0891079920	5.0
0764210416	5.0
0989138607	5.0
B007BC2Z8A	3.0
B00E9LXPIU	1.0
0142300160	5.0
0395898714	4.0
1595553045	5.0
0312604343	4.0
1477511520	5.0
1595552197	4.0
1594136149	5.0
1455504009	2.0
0312377428	3.0
0393059235	2.0
B004OL2JGY	3.0
0345538196	5.0
055359009X	3.0
0867905018	5.0
0373829191	3.0
0312364105	5.0
1580088449	5.0
1844165884	4.0
0375410848	4.0
0465004830	5.0
0982082401	4.0
0316119202	4.0
0195121996	4.0
031220891X	4.0
1601541015	5.0
0394846990	4.0
1846031087	5.0
0812519469	5.0
0987803794	4.0
031613399X	5.0
1453721096	5.0
1451660316	5.0
0615621600	5.0
0373777787	5.0
1563896389	4.0
0152163220	5.0
1593078862	4.0
0140501983	5.0
082221976X	5.0
1426752806	5.0
0007113080	5.0
1451683405	3.0
0553568159	4.0
1477817158	5.0
014056649X	5.0
1936493608	5.0
0140390839	5.0
0373870612	4.0
1416948953	5.0
0618477942	5.0
1563895064	5.0
0061997188	5.0
1492387258	5.0
0451196716	1.0
0307473740	3.0
1482313545	3.0
0375704132	5.0
1593074034	5.0
B00E254X8O	4.0
074326164X	5.0
149212401X	4.0
B002HJ1XCG	3.0
0143036939	5.0
0060512202	2.0
0743550404	2.0
0226583570	5.0
B00EVCIBKY	5.0
051754489X	5.0
1620610078	4.0
0375843892	3.0
037350165X	3.0
0786708220	4.0
1594772509	2.0
B003UN704I	5.0
0373778651	5.0
0812507436	5.0
147824738X	2.0
0373247591	5.0
1442369671	5.0
0426203895	5.0
0374475512	5.0
B00GSJIGNA	4.0
1484904788	5.0
0199538794	5.0
0143124889	5.0
0563477008	5.0
0451461932	1.0
0679722564	5.0
076532153X	4.0
0740721941	5.0
0452274001	5.0
0060776390	5.0
0547248040	4.0
0618354034	5.0
0345331052	4.0
B00CGTKC7E	5.0
0316013153	5.0
160318094X	5.0
0312873840	5.0
1414319703	5.0
142310336X	4.0
0156814757	5.0
0373657188	4.0
1466452986	5.0
0373711506	5.0
0613171373	5.0
0452296293	2.0
B007XXQZSI	4.0
1936593106	1.0
0373247575	4.0
0739456741	4.0
0373827822	4.5
B007JLHJHK	2.0
0307245640	5.0
0345344391	5.0
0062294776	4.0
0312341016	3.0
1492928569	5.0
0373777744	5.0
006136925X	5.0
0307954560	3.0
1595553061	5.0
1490506675	5.0
0743264738	5.0
0373657153	4.0
1414316224	2.0
B007J7NOXW	4.0
B004YXMEXA	4.0
0768441455	5.0
B000JMKU0Y	1.0
1401352243	4.0
1936297639	1.0
B00D1WW70K	4.0
0060293233	5.0
0800718542	5.0
1492367249	5.0
0061433047	4.0
1456494821	5.0
0316133973	5.0
0982432100	5.0
1604946318	5.0
0373178182	5.0
0449228487	4.0
0345523504	5.0
B007U7JTRG	4.0
1477558640	5.0
0385737386	5.0
0547273428	5.0
1595553053	5.0
B00APXK688	5.0
0345476700	4.0
1580172601	3.0
0531162095	5.0
0451240952	5.0
1590202961	5.0
0141439734	3.0
0553565079	4.0
0618477918	2.0
0800718550	5.0
0982432119	4.0
0061964239	4.0
076075943X	5.0
0099569353	5.0
0465008364	5.0
B00457VKIA	5.0
031227534X	5.0
0615609570	4.0
0393047644	5.0
097901882X	2.0
0439826012	5.0
1455599255	5.0
0152049495	5.0
0810916746	5.0
1904265839	4.0
1466294671	5.0
0060735414	4.0
1574717952	5.0
B003FL6X52	1.0
1494879190	2.0
B0052MSYRW	5.0
0517189186	5.0
0195331079	5.0
B009QNKTDU	3.0
1612185835	2.0
1577310799	4.0
1451542569	4.0
0345542282	5.0
B001UV3UIW	5.0
1604991771	5.0
0345523539	4.0
0743244710	3.0
1441892176	4.0
1477817522	4.0
0684849690	1.0
031226772X	4.0
0060735422	3.0
1453887024	2.0
1612182321	1.0
0786014547	5.0
0613262808	4.0
0060010800	5.0
1456480219	5.0
0307877094	4.0
0393302350	5.0
0425265951	5.0
B00F3TN96K	4.0
0983750254	5.0
1841766402	5.0
037377771X	2.0
144235948X	5.0
0345511565	5.0
097419123X	5.0
0778315991	5.0
1906821658	3.0
0465012884	1.0
1605045535	4.0
0873513193	5.0
B008C84HH4	5.0
0553062948	5.0
0373763557	5.0
0312373910	4.0
0060735430	4.0
0765342456	2.0
0684825252	5.0
0764937103	5.0
B00A0MQCJG	4.0
1551661799	5.0
089966945X	5.0
1579123902	5.0
B0062EVFKC	4.0
0441490557	5.0
1451661215	5.0
B00AA0MHUG	5.0
042526596X	5.0
0195393759	5.0
B005BCPGI8	5.0
B007YXJHWI	5.0
B00HMQZDYS	5.0
0099529734	5.0
147834816X	5.0
B00AU86EC0	4.0
0982073526	5.0
0345409973	5.0
141658028X	5.0
B008D6HXK8	4.0
0847823342	5.0
B002HJ1WYA	5.0
0758269056	1.0
0060735449	4.0
B005G4QEX2	4.0
0743254554	5.0
1475110782	4.0
B00DQH0GW6	4.0
0373829159	4.0
0373178115	5.0
0062267159	5.0
044023851X	5.0
0393073971	5.0
0825306329	5.0
0373876386	3.0
B001BR9WK0	5.0
014071491X	5.0
1401240313	5.0
0312169787	5.0
149035199X	5.0
0060735457	4.0
B00CCH4VIQ	5.0
1937044475	3.0
0316291161	3.0
147912866X	3.0
161218149X	5.0
B00CKASO60	4.0
1432784935	5.0
1439211841	5.0
0140566481	5.0
0957010338	4.0
0545027896	5.0
0553278398	4.0
1401219306	5.0
0930330277	4.0
0553762966	5.0
0393069001	5.0
037317506X	5.0
0373876394	5.0
0517580519	5.0
B00B7MWOEU	4.0
0451222202	4.0
0373657102	5.0
0765322803	5.0
0061583219	5.0
0060598964	1.0
0312877374	5.0
1480121789	5.0
1612182364	5.0
0316218952	4.0
014310487X	5.0
0763647519	5.0
1451684304	5.0
0547572557	4.0
B00AJBLUNQ	4.0
B004WXEVOW	4.0
0330309773	1.0
1611940028	5.0
1401941672	5.0
0061714305	4.0
0141180390	4.0
B00DCLMHPK	3.0
0099255197	5.0
B006VD56J0	5.0
1584850167	5.0
031215514X	5.0
0373763514	4.0
1490490639	5.0
B00K1I53MG	1.0
0615754287	5.0
B006H6D8RS	4.0
1476735247	4.0
0373742614	4.0
037541259X	5.0
0375831002	5.0
1401217109	4.0
1557834474	5.0
0007662394	5.0
B0020HR7KW	5.0
1456483307	4.0
1611880386	5.0
B005GQN0YG	4.0
156947043X	4.0
0205750354	5.0
0199539278	5.0
0812539036	4.0
0385343833	5.0
0984699112	4.0
1612182348	5.0
0307263436	4.0
0316129089	4.0
0375402314	5.0
0373742606	5.0
1426211597	5.0
B004XDXTYE	5.0
0061558265	4.0
140020092X	5.0
0373249330	5.0
0385513283	5.0
0679776338	5.0
0547572573	3.0
1453890246	4.0
0312382456	5.0
B008O0LKFC	3.0
1480126756	4.0
0399151346	5.0
0312187459	4.0
B009M8WEYQ	4.0
0061007226	5.0
0060874465	1.0
1908218924	5.0
B00BJTGQ6S	3.0
0451452615	5.0
0061020680	5.0
0373039859	1.0
0525953728	5.0
B004UI6UI4	4.5
0345504968	5.0
B008QJO4U4	4.0
0373218389	4.0
B005FGAJSW	4.0
0740755234	2.0
0785263268	5.0
1569713596	4.0
B00FF91KHS	4.0
0765328542	2.0
0743413032	5.0
0061031321	5.0
0448448394	5.0
0978507517	5.0
0618574921	3.0
0691058873	5.0
067003116X	5.0
1596430532	5.0
0373153309	5.0
0061020664	5.0
0060516054	4.0
B004UWPNJM	5.0
1461034868	5.0
1477628029	3.0
0061020672	5.0
0140714723	5.0
0307475255	5.0
0399222618	5.0
0768431018	5.0
1596913924	4.0
0385346808	4.0
B009CQNLXG	4.0
1599901455	5.0
1442432659	5.0
0140274065	4.0
0553385763	4.0
0316091014	4.0
0061472808	5.0
1582369518	5.0
B001892EI8	3.0
0553563386	5.0
0151006849	5.0
0451235843	4.0
0345528956	5.0
1468008862	3.0
B006X9ZBII	2.0
B007VDJEIS	4.0
0345536592	5.0
B00963VRWC	4.0
006102063X	5.0
1452805474	4.0
0062280635	5.0
B00CSR1E08	4.0
0132383837	5.0
1596528060	5.0
0802727948	4.0
0671027522	5.0
0439644836	4.0
1481280767	4.5
0446531251	4.0
B007T9QGYE	5.0
0615625622	5.0
0743293975	5.0
0263892085	4.0
0525479570	4.0
0062047779	4.0
0307271005	5.0
147741133X	4.0
0984419608	1.0
B00ADMR044	4.0
0007121121	5.0
0307387879	4.0
B005989ER8	1.0
1466220937	5.0
1568493126	5.0
1571107908	5.0
0060987103	1.0
0380975742	4.0
0380789612	5.0
1890626074	5.0
0316041173	5.0
B00IRO0RMM	4.0
0345387023	5.0
0515120995	5.0
0743255240	4.0
1466346728	4.0
147596546X	5.0
0316102490	5.0
0312347251	4.0
1607140578	5.0
0007493754	4.0
0385318375	4.0
1480294004	5.0
0984484671	5.0
1606525433	4.0
146646741X	4.0
0061147958	5.0
1477574573	4.0
B00558VIBC	3.0
147525895X	5.0
0764948040	5.0
034542039X	4.0
0743233468	5.0
0778327493	5.0
B003AOA4IQ	2.0
0670022667	5.0
161188067X	5.0
0963897276	5.0
0446405167	5.0
1594203415	5.0
0061989185	2.0
0373444923	5.0
0425155781	4.0
0679889310	4.0
0765314398	5.0
076531438X	5.0
0061991015	3.0
088368697X	5.0
0062014862	5.0
0195066340	5.0
0312600224	5.0
0330483218	5.0
1921633255	5.0
159179420X	5.0
0399157905	4.0
0764578618	4.0
0307476537	4.0
0061118184	3.0
0451463331	5.0
0307272761	3.0
1466445661	5.0
0689876335	5.0
0985959266	4.0
0062047752	5.0
1467936707	5.0
0761112146	5.0
0618065695	5.0
159240779X	5.0
0785128816	3.0
B009UQ77I8	3.0
0345317580	5.0
0142501239	4.0
1439159874	3.0
0345350596	4.0
0007410956	5.0
1481882902	5.0
B00BVC1SSE	4.0
0140366679	5.0
1594745196	5.0
0975539655	4.0
B00BFQEFZ4	5.0
0060838337	5.0
0525422285	4.0
B004UHLJFO	4.0
0316072788	3.0
0137020171	2.0
0316113115	4.0
0140566511	5.0
0143112082	5.0
0143037390	5.0
071371462X	5.0
000224053X	2.0
0064460118	5.0
0978850858	5.0
B0053HDJSK	2.0
0765304961	4.0
146626893X	5.0
0743233492	5.0
B0041T4FA2	3.0
0373032390	5.0
B004WTAWEE	5.0
1481979914	5.0
0739431234	4.0
0374299625	4.0
0873771621	5.0
B0095BDIM2	5.0
0764924958	5.0
014242188X	4.0
1490536914	5.0
0765326760	3.0
0801068231	3.0
B00F7V28VG	2.0
1448620503	4.0
0060872675	4.0
0743403622	5.0
1478314605	5.0
1609260740	4.0
B006TMY8TM	4.0
071563318X	3.0
0373768567	2.0
0982941102	4.0
067975704X	5.0
0316219568	5.0
0446363251	2.0
B007Y7L3EO	4.0
B00548LIKY	4.0
0778328376	5.0
B008GEA2CS	4.0
0060548940	5.0
1416588671	4.0
B007RORSPC	5.0
0373837437	5.0
0439296536	4.0
038534466X	1.0
1400108268	3.0
0441816533	3.0
1416596291	5.0
0767904133	5.0
1416955658	5.0
B002R0FRKE	2.0
B004X6MGZE	4.0
0192833944	5.0
1416940154	4.0
0525949607	3.0
B00K62P15Q	4.0
1480170402	4.0
0060937262	4.0
1612183182	5.0
B00EX8JRM2	5.0
0140714790	5.0
0141441038	5.0
014118776X	5.0
014144102X	4.0
1590790650	1.0
B00A1D1I0M	5.0
0099569426	5.0
1605293261	3.0
0760779880	5.0
0743233484	5.0
0553382640	5.0
0843960353	4.0
0393065847	5.0
1469984202	5.0
B0068478J8	5.0
0395485916	5.0
0674242505	4.0
0312994605	5.0
0310266246	5.0
0373184883	5.0
0395971268	5.0
0373770413	5.0
0061958042	4.0
1478313781	5.0
1423631951	3.0
0373210493	5.0
1442359919	5.0
1581826478	4.0
0373778317	5.0
1494887320	5.0
B005NXQQWU	3.0
0765320177	5.0
0061783188	5.0
0743572203	5.0
0452284457	5.0
1937945030	5.0
039592622X	3.0
0664239471	5.0
0764209558	4.0
0060591781	2.0
0310331838	5.0
0989244709	2.0
0804819610	5.0
0345330129	3.0
0373754353	4.0
0373776144	4.0
0451225155	4.0
069105052X	5.0
1416591427	5.0
0312363737	5.0
1590172884	5.0
0060089555	4.0
B006AL4YC8	2.0
B007IJK0PQ	2.0
1461151430	1.0
0739488104	1.0
B004XDVXZ6	4.0
B007VD3OLQ	4.0
0060976845	4.0
B00C1R2HZG	3.0
0595173438	5.0
142315956X	4.0
0786951931	3.0
1416586059	5.0
1885339143	2.0
0843940700	5.0
0812930185	5.0
1616951907	2.0
0140047484	5.0
1593073011	5.0
0312569033	5.0
0843959339	5.0
0061020699	5.0
0940322471	4.0
1400316138	5.0
0809024799	5.0
0345340396	3.0
1781080283	5.0
0143105396	5.0
0373265107	5.0
0306819643	3.0
1557045070	3.0
0486275485	5.0
1460200470	3.0
1595230637	5.0
0738519723	5.0
0143118234	5.0
B00A3FND06	3.0
009951169X	5.0
0978850874	3.0
1885339135	3.0
0988251000	4.0
0312283709	5.0
0375707050	4.0
0956770002	5.0
031280752X	5.0
1481252690	5.0
B00CHD0DXM	5.0
141699081X	5.0
1601541112	3.0
0140280359	5.0
B006P5TC08	5.0
0439227143	5.0
0007442920	5.0
0873514742	5.0
054503342X	4.0
0310331862	5.0
B009NIMVT8	4.0
038552398X	5.0
0373754388	5.0
1611941210	5.0
0448431041	5.0
0257658009	4.0
1493654055	5.0
0312606400	4.0
0982905424	5.0
1477661875	5.0
0060094931	5.0
0786882468	5.0
0809432501	4.0
1432713264	5.0
1495955877	5.0
1453602968	4.5
B00GBI3PLG	5.0
0385338740	5.0
0460874993	4.0
0142408972	5.0
1466497793	5.0
B00CA88MOG	5.0
0983190518	5.0
0684842076	5.0
1575421054	4.0
0340899751	4.0
0373773072	5.0
0399247386	4.0
1423606000	5.0
0812981618	4.0
076532279X	4.0
0060541903	5.0
1480144967	4.0
0132350009	5.0
1481997874	5.0
1475145578	5.0
0988475790	4.0
1935597361	5.0
1490496866	3.0
1937011240	5.0
1484931963	4.0
1490471103	5.0
1416589120	1.0
0984263500	5.0
B005FB45IM	2.0
B007152SZ2	4.0
0373265948	5.0
0830834079	5.0
0312354444	5.0
1478151706	5.0
0373658168	3.0
1605898961	1.0
0981279015	3.0
0451407237	4.0
0060541938	5.0
0785119477	3.0
1416555382	4.0
1476702829	3.0
0373769814	5.0
015204731X	5.0
0152047328	5.0
0756406072	5.0
0140320970	4.0
0547572425	4.0
1477530193	4.0
0007388160	5.0
0547572417	4.0
006211946X	3.0
B004Q9TCRI	1.0
0373178247	5.0
1934937487	5.0
1596914440	5.0
1401225683	4.0
0310320259	4.0
0061050555	5.0
1469215950	5.0
0316007625	5.0
0312537409	4.0
B008FF7CX0	4.0
0345336674	5.0
0743422732	5.0
B00758JRAY	1.0
0978850815	4.0
0373754744	5.0
0374111197	5.0
0312533012	5.0
B005I56ZS8	5.0
0738551007	5.0
038553826X	1.0
B00C112NVK	4.0
0805448888	4.0
1451684835	5.0
0061015733	5.0
1410458792	4.0
0312873964	5.0
B00HX471PS	4.0
1570614253	5.0
1451581211	4.0
0595486258	2.0
0811857050	5.0
0373778708	4.0
148116418X	5.0
1844167739	4.0
0393072592	4.0
0061780189	4.0
0446618772	5.0
1844166880	4.0
1490407081	1.0
0316049441	3.0
1461085977	4.0
0345545869	4.0
0785107444	5.0
1480213985	5.0
0060094958	5.0
006009494X	5.0
B00GTD1RBS	2.0
0743422759	5.0
0060175966	4.0
1404867171	4.0
1452549982	5.0
0618142339	5.0
0373245017	5.0
188525802X	4.0
1451660847	5.0
0786803614	5.0
B001A4E2OA	5.0
0399150838	5.0
B009NEIMFE	5.0
0061965677	4.0
0425266516	5.0
B00CEMC6BI	3.0
0982849702	4.0
006075995X	5.0
0312252943	5.0
0252028589	5.0
0312567243	5.0
1599218550	4.0
0978850807	5.0
0373657285	2.0
0142003069	5.0
0804801967	3.0
1476764298	5.0
0517580497	4.5
0743422740	5.0
0553108042	5.0
1482345285	2.0
1563896060	5.0
1404332995	4.0
1470077892	5.0
0385522703	3.0
1451533969	4.0
0618055096	4.0
0374220638	5.0
B00BI2PVSU	5.0
0373777825	5.0
1611880254	4.0
B00GQZ653E	3.0
B003Y5HDGC	2.0
0778314529	5.0
1936034786	5.0
1491090561	5.0
0020165811	5.0
0373445377	5.0
0979621135	5.0
B005GFIF0G	5.0
B009ZJFH8W	1.0
1484826493	5.0
B007SAKW9E	5.0
1484878930	5.0
0425230503	4.0
1595548890	5.0
0553575422	5.0
B009J6AHTK	4.0
1569717575	4.5
B00829DRP6	4.0
1470026236	5.0
0307743683	5.0
0061337587	4.0
0345496078	5.0
161194127X	5.0
0373776969	5.0
0979411424	4.0
B009H8LB0E	4.0
1937041034	5.0
0226452387	5.0
0061020702	5.0
B00AR5H53I	4.0
0399157042	5.0
0312342020	5.0
0060820675	5.0
1468008919	3.0
1582434646	5.0
1442427264	4.0
1492162698	5.0
1585427926	4.0
1426306881	5.0
1563899159	3.0
1569716234	4.0
B007SEV10E	5.0
1593078382	5.0
1484991613	4.0
0785107401	4.0
0307934179	5.0
0395895987	5.0
037375471X	4.0
0684852705	5.0
B005Z7L4EO	5.0
0752439464	5.0
1442488662	5.0
0316213373	1.0
1476730946	5.0
0811717267	5.0
0470497734	5.0
B008H459W0	5.0
0802870104	5.0
0373292244	5.0
1475070306	5.0
0988217600	5.0
0743264657	4.0
0141033746	5.0
0615492622	2.0
0970245823	5.0
0061147931	5.0
1452107947	5.0
1905399634	4.0
1439103305	5.0
0778312372	5.0
0439321611	5.0
1551664704	5.0
1478349395	5.0
1933515937	5.0
0452283957	5.0
0451156609	4.0
0670060577	4.0
0439365635	3.0
184416778X	5.0
1442352965	4.5
1434477614	5.0
0310209307	5.0
0945001428	5.0
0373178239	5.0
1611880297	4.0
0985607181	4.0
1561635294	5.0
B00FTQ1V4E	4.0
0312867212	5.0
0671027514	5.0
1561642827	5.0
B0096J74AU	4.0
1550139894	3.0
1937178099	2.0
006105710X	4.0
B005C5TCR0	5.0
0984892923	4.0
0822564858	5.0
1933648147	3.0
0060014016	3.0
0439049989	5.0
0684871432	5.0
0061468436	5.0
1606522450	4.0
1611099390	4.0
0465018025	4.0
0395315557	5.0
0812974964	4.0
1490522395	5.0
006146841X	5.0
0743205022	5.0
0970245815	5.0
1450580785	4.0
0152049150	4.0
0345504992	5.0
078942083X	5.0
0679741143	3.0
0142800376	5.0
0785102191	5.0
039587596X	5.0
0385333900	3.0
1937041069	5.0
0553806491	5.0
0373876246	5.0
B00DK8L8Z0	3.0
0393928098	4.0
0916103730	5.0
0140441549	5.0
0670011177	4.0
0743243757	5.0
9163094886	2.0
0760336911	5.0
B006423M6C	4.0
0425261220	5.0
1490387811	5.0
0843952377	5.0
1475085834	5.0
B007DCCVH8	2.0
0345504984	5.0
1451529082	4.0
0689822464	4.0
0743599357	5.0
1560989955	5.0
0373657684	5.0
1481063936	5.0
0142800384	5.0
0778314596	5.0
143916827X	5.0
0373877102	5.0
1404310339	5.0
1937041050	5.0
0061456438	4.0
0786932775	5.0
006196963X	2.0
034580323X	4.0
084871945X	5.0
1416576711	5.0
B00B0A5XW4	1.0
0451411773	5.0
0373210531	5.0
0778314006	4.0
0785125493	2.0
0375869034	5.0
1908168226	4.0
1603180346	5.0
0345509064	2.0
045146253X	5.0
0312878826	5.0
B008WDTFB2	2.0
0373484461	5.0
1492153117	2.0
1444727338	5.0
1426745974	5.0
193627731X	2.0
1935089447	5.0
1603582673	4.0
078140424X	5.0
0140047573	5.0
0763639311	5.0
0578085909	5.0
0345342445	3.0
0137016611	3.0
0525469435	5.0
0738708836	4.0
0515130621	5.0
0800787803	4.0
0380704161	5.0
0618304002	5.0
0316069434	5.0
142630840X	5.0
0373599331	5.0
1582973253	2.0
0312943563	4.0
0143117475	4.0
0800757181	5.0
1250001404	4.0
0689842880	4.0
0439284031	5.0
0307720950	4.0
0778313174	5.0
0553272918	5.0
1413310508	4.0
0778316203	5.0
0373207387	5.0
0393081818	5.0
0762437286	4.0
1481028642	4.0
0615565123	4.0
0195218868	5.0
1590587502	5.0
0140277447	5.0
0578000512	5.0
0439079462	5.0
0399161481	4.0
0547553102	5.0
B00FD9EVRG	4.0
B00AA2W2YU	4.0
0553231162	5.0
1479327255	5.0
B00E4583GK	3.0
B009XJALZ8	4.0
0316702706	3.0
1439167397	5.0
1595550658	5.0
0547722028	5.0
0670060852	4.0
162079277X	3.0
1484818571	5.0
0062279777	5.0
1588600238	5.0
1477592296	5.0
0142422010	5.0
0312533608	2.0
B009RBQLLU	5.0
B000GCFCOG	4.0
1594774021	5.0
0787983691	5.0
0531163954	5.0
1595827773	5.0
0142001430	5.0
0849975115	5.0
1937041123	5.0
0425263908	5.0
0743203925	4.0
0192854348	5.0
1599982595	1.0
1425751563	1.0
0440242746	5.0
031264454X	5.0
1477679995	5.0
0679411763	5.0
0985354704	5.0
1475212607	3.0
0156005832	5.0
0373754078	5.0
1937178250	3.0
B007OBXQUE	2.0
0547898738	5.0
B0053TREPW	2.0
0486223779	4.0
023034156X	4.0
0449210073	5.0
0140276130	5.0
0143119605	4.0
0972121102	5.0
1439102430	5.0
1937041115	5.0
0345434684	1.0
1420932020	5.0
1612354106	5.0
0425032795	2.0
1481100092	3.0
0374139806	5.0
0985029439	4.0
1571107800	5.0
0849948355	5.0
1439192316	5.0
0440242754	5.0
B00EP6TCHC	5.0
0060925817	5.0
B006C3M1WY	5.0
0380790947	5.0
0743276000	5.0
0143118749	5.0
1434400565	5.0
0810150670	5.0
0385533039	3.0
0761158464	5.0
0595358845	3.0
1929774222	5.0
0764227009	5.0
B00JOWRO7C	2.0
1401941028	5.0
0345350472	5.0
037387698X	5.0
1456337866	2.0
0578032147	5.0
0373774923	5.0
B004Z1JEVG	4.0
0982843623	5.0
1936493004	5.0
1439102414	4.5
0425263916	5.0
1594774056	2.0
0671004107	5.0
160010293X	3.0
B000FEGI4I	1.0
1401311067	3.0
B004VWLCKA	5.0
0394827996	4.0
1590203135	2.0
1461098378	4.0
1451677715	1.0
0805094598	5.0
1612182186	4.5
0316036919	4.0
0440242738	5.0
0544022165	5.0
0137021143	4.0
1612184367	5.0
1481979841	5.0
0547572298	5.0
0140436111	5.0
1481028693	5.0
0316093580	4.0
1569712131	4.5
0099585146	5.0
0802789226	4.0
0866835016	4.0
B004BSGXL2	3.0
0425232360	5.0
1467964409	4.0
0142401935	5.0
0857073524	5.0
0062025813	5.0
1432786598	2.0
0812977645	5.0
0806936983	5.0
006199779X	5.0
1477848827	5.0
1609980433	1.0
0316024597	3.0
0062073575	3.0
030794672X	5.0
B009AVP096	4.0
0670022985	4.0
084396068X	5.0
0349135886	5.0
B00ARXMWTW	5.0
0451460758	4.0
1463762070	5.0
0983434859	5.0
1582349835	5.0
1621570797	5.0
0373776292	4.0
0062073583	5.0
1572244038	4.0
B00694ZHXG	2.0
0590483293	5.0
193301637X	5.0
B00005XO3O	5.0
1442367636	5.0
0061939897	5.0
1579904084	5.0
0984510559	4.0
0020315910	4.0
0312347391	5.0
B0059HC0IO	2.0
0345336607	4.0
0761463275	4.5
0061537934	3.0
0553280945	5.0
0373778023	5.0
0156005816	5.0
0312681925	5.0
0312375891	5.0
0465002358	5.0
042511869X	4.0
0761315349	5.0
0882663917	5.0
0375719350	5.0
0930289455	1.0
B002YK44YW	1.0
0671853392	5.0
147674355X	5.0
0812567242	5.0
0711230188	5.0
0979478847	4.0
B009TD52OI	5.0
1482670534	4.0
0553242695	5.0
B00C3M447I	5.0
B005SGDEIG	3.0
0007167040	5.0
1599983834	3.0
0312620519	4.0
1595551107	5.0
0679752986	4.0
0373210132	4.0
0843938331	5.0
0812967402	4.0
1442449632	5.0
075640732X	5.0
0061370517	5.0
0060287659	4.0
0345416872	5.0
0451150619	5.0
1442154241	3.0
080240264X	4.0
0764200860	3.0
0761116249	5.0
0399536183	4.0
1477589562	5.0
1414325436	5.0
B0092XYEIK	5.0
0966396677	5.0
1452110549	4.0
0312582668	5.0
0345391810	4.0
0451419707	5.0
0060590319	2.0
0226771040	5.0
B001DCD3ZI	4.0
0778312712	5.0
0345527380	5.0
B005G47Y9A	4.0
0060908890	5.0
0862813077	5.0
0373754000	5.0
0373089104	3.0
1933929715	2.0
0373876920	5.0
B00AUMFZQW	4.0
B007YU6EVI	5.0
B003XVYJ2S	2.0
0385528086	4.0
0312611617	5.0
1483996891	3.0
B009FLOLY6	4.0
1414325452	5.0
0385323697	5.0
0312640137	4.0
B004XWB5P0	5.0
0143116177	3.0
0263804453	5.0
0061435066	5.0
0446562068	4.0
0553280902	5.0
0670888168	5.0
0807044393	3.0
B0037NB5Z6	5.0
1607013045	4.0
B00513D9HW	2.0
0988087219	4.0
0810989581	5.0
0385528094	4.0
0517268256	5.0
0785120149	4.5
1400316499	4.0
0373771827	4.0
1414325444	5.0
0823417344	4.0
B00CV2MGCK	4.0
006056668X	4.0
0843937440	5.0
0760343594	4.0
1469228920	3.0
1453736352	5.0
1484997212	4.0
0762782927	5.0
0441011322	4.0
0800732669	5.0
1423607465	5.0
B00EZE88SS	5.0
0440235219	4.0
0743294378	5.0
140680911X	4.0
0451407377	5.0
074348052X	5.0
B005JUPSK8	4.0
B00ET7Q4OG	3.0
0785121447	5.0
0842333916	5.0
0740738593	5.0
0989465055	5.0
1590588371	3.0
0373770901	5.0
0385522835	5.0
1935562398	5.0
0142426040	4.0
0060524464	5.0
162836226X	5.0
9749575253	4.0
0373086040	4.0
0982611919	5.0
0345518349	5.0
0765318164	1.0
0373877048	5.0
1420925342	5.0
0763621587	5.0
1401204430	4.0
B009SVIRES	1.0
0226115631	5.0
0811825558	4.0
1401603351	5.0
0848734343	3.0
0292707940	5.0
0743294394	5.0
1845378849	5.0
0307358666	5.0
142050374X	4.0
1564147460	5.0
0151008116	5.0
0143034502	5.0
0470906723	3.0
B00CB15FWO	5.0
0385347545	5.0
037319000X	4.0
0786951346	4.0
1554531810	4.0
B00KVTUGFO	4.0
0843945923	5.0
014242823X	4.0
B004UB4KNI	5.0
0345518365	5.0
0152012397	5.0
1477635556	5.0
0671730363	1.0
B000CPYJKU	5.0
1478354224	5.0
0982732201	4.0
0743251628	5.0
B008TQ0T8A	4.0
1477818243	5.0
0441000681	3.0
0738210811	4.0
0061583073	5.0
0345373952	5.0
0373240716	5.0
0615345859	5.0
0794516300	5.0
1470050021	4.0
0743294386	5.0
0062007688	5.0
1617980218	3.0
1599504588	5.0
0764202677	5.0
0684126761	5.0
1933417471	3.0
1426208146	5.0
0973877324	5.0
1480567981	4.0
B00BYHQ1WO	3.0
0843945931	5.0
1479196134	4.0
0544021711	4.0
0739443615	5.0
1423103149	4.0
1463577923	3.0
0684871726	5.0
034532451X	4.0
0373617712	5.0
080073176X	5.0
0140285539	5.0
0615786901	5.0
B003YCPLQY	4.0
0345522877	5.0
1468187953	4.0
1467946184	4.0
0807072907	5.0
1932219307	5.0
1448696224	4.0
0142429112	3.5
0373389930	5.0
014303541X	5.0
0595308937	5.0
1400049490	3.0
1589822714	4.0
1478343982	3.0
0451229916	2.0
0552093041	5.0
0061468398	5.0
014143998X	4.0
0671707140	5.0
B00DB4JKXU	4.0
0984248056	3.0
B0066DJYYI	2.0
0452277744	4.0
0060594756	5.0
0373825889	4.0
1423140575	5.0
140124095X	5.0
147754688X	2.0
B0076790LA	5.0
1468132857	2.0
0741443597	4.0
076135154X	5.0
1414312083	5.0
159285947X	5.0
1494303019	4.0
0520202775	4.0
0486443906	4.0
0806512091	5.0
0785107568	5.0
1401238211	5.0
0848804236	4.0
0393967972	5.0
B005HAY94Q	5.0
B006IIWZ4C	5.0
0380977265	4.0
157322197X	5.0
0374191921	5.0
B002SVQDWI	5.0
0345358759	5.0
B00F9XJQXK	5.0
1442440759	4.0
0345522893	3.0
1569718369	4.0
0441484980	5.0
B007TX62R6	5.0
B00IX07OIA	4.0
0141439971	5.0
0978791908	5.0
0890897026	5.0
0060572973	3.0
0764222228	1.0
0615542859	1.0
0451237560	5.0
0141188936	5.0
1416557253	4.0
0439064864	5.0
B005KKUVX6	5.0
0300088094	4.0
178176025X	5.0
0756675928	5.0
B006QOILDM	3.0
B00907YWNK	4.0
0307879496	5.0
0764208829	5.0
1477619011	4.0
0151007640	5.0
0099558068	5.0
1478305681	2.0
0061468363	4.0
B00EJXUDVU	5.0
1416584404	5.0
0982481748	5.0
B00ASQRZ4K	1.0
B009PP4QTW	4.0
1470124327	5.0
0439139597	5.0
076536445X	5.0
1587155613	2.0
0984856501	2.0
014242207X	4.0
1608198855	3.0
1453876146	2.0
0809556723	4.0
0735101396	5.0
1477805311	5.0
1604599235	2.0
1470102552	5.0
0399151613	2.0
0988712105	2.0
080509184X	3.0
B00D1WW8LS	4.0
1595827684	5.0
044900371X	5.0
1600859038	5.0
0641596081	5.0
0373598521	5.0
0373877447	4.0
0345534417	3.0
0399134298	4.0
B007VOTE0U	4.0
0060541873	5.0
1936305941	3.0
037582233X	5.0
B0017T0C2Y	5.0
0199773874	5.0
0345335287	5.0
1463898207	4.0
0399149783	5.0
0060175400	5.0
0451527542	5.0
1551660210	3.0
0373778813	5.0
0805005471	5.0
1481960873	5.0
0373794061	4.0
B004UBNG10	3.0
0316081051	5.0
038566740X	3.0
0590926675	4.0
0385340990	4.5
0545397367	4.0
0345513991	4.0
1563897083	5.0
0470916575	5.0
0756637651	5.0
B008H6GLJI	1.0
1560763183	3.0
0373775792	3.0
0142001805	5.0
1604360100	5.0
0370332288	5.0
0966452402	4.0
0062012177	5.0
1455516287	5.0
0312272057	4.0
0615771416	4.0
0345317408	5.0
0689867670	5.0
1416547495	5.0
1400202078	5.0
0307346609	5.0
0674076133	5.0
1447672852	2.0
0385349343	5.0
0451233166	5.0
0152938230	5.0
0425166449	4.0
1480539465	1.0
0143038044	5.0
0312321201	3.0
0684857057	5.0
0060931159	5.0
0380726033	4.0
B0060PZUAO	3.0
0307406318	5.0
0007317735	3.0
054757231X	2.0
0515028908	4.0
0439023483	4.166666666666667
0575075341	3.0
0399148019	5.0
0758225695	5.0
0373742401	5.0
0812993373	5.0
0152063110	3.0
1400314615	5.0
0141321008	5.0
0345513525	5.0
0140177191	4.0
0312426682	5.0
0142001821	4.0
006165552X	4.0
0375706976	5.0
0316081078	5.0
0061702587	4.0
0670018945	1.0
031608106X	5.0
B00ABNKH7W	5.0
0307877280	1.0
0297863924	4.0
0465020208	5.0
0800754484	5.0
0736929681	4.0
0143038095	4.0
0230606121	5.0
0446357170	5.0
1930584407	5.0
0446609315	4.0
145490559X	2.0
B0092MPU20	1.0
B00BF25WBY	5.0
0439702585	3.0
0446607134	4.0
0615213618	5.0
0307387178	5.0
0451464354	4.0
043920352X	5.0
1439102392	5.0
077831359X	5.0
0140568433	4.0
0553292455	5.0
0531124479	5.0
1470008955	4.0
0425086569	4.0
1493781987	5.0
0312545525	4.0
006178480X	5.0
0451528832	5.0
0812975936	2.0
0425098540	5.0
1420130390	4.0
0802779956	4.0
0385341407	1.0
0802449247	5.0
125001610X	4.0
0786918365	5.0
B00BPYDM50	2.0
0764205730	5.0
1937041182	5.0
0439568293	5.0
0547014341	4.0
1604943440	5.0
1559705159	5.0
1482090392	4.0
0764537148	5.0
0738706272	4.0
0951899813	5.0
0781445647	3.0
B007QQ6FPK	5.0
B009F19JFM	2.0
0505524597	1.0
1596910569	4.0
0312288840	4.0
014118146X	5.0
014200183X	4.0
B00EAEFYU8	4.0
1401218210	2.0
1438433948	5.0
1565122380	4.0
1893121070	5.0
1442336587	3.5
1562470043	5.0
0778314472	5.0
0756682614	4.0
1455616605	2.0
B004BDP94E	5.0
0451230094	5.0
0340863684	5.0
0060888741	5.0
B002B9MH7C	5.0
B00AP836G2	3.0
1937041174	5.0
0756656346	5.0
0989465004	5.0
0756406722	5.0
B004VF69LY	4.0
1612785905	3.0
0736421319	4.0
0140058346	5.0
0425234266	5.0
B005ED64SU	5.0
1423603664	5.0
0937295477	5.0
1420131419	5.0
0873513207	5.0
B00AR0T3Q0	3.0
0849916461	5.0
1591023076	5.0
0307970566	5.0
0738713295	5.0
0141441216	5.0
0688147380	5.0
1927601061	2.0
0451151224	3.0
B000OI11GK	5.0
078521626X	1.0
0393020312	5.0
1416928200	5.0
0060792299	4.0
1603183507	5.0
B00E3Y2FWA	2.0
067403175X	5.0
0439756685	5.0
0553062794	5.0
0615726585	4.0
0615520138	5.0
1468063030	5.0
0061945390	5.0
0373711034	5.0
0811874168	5.0
0140435123	5.0
0547572190	5.0
B00AQQ5FXU	5.0
0441799736	5.0
0689843615	4.0
0061043575	5.0
0465022715	5.0
B006T2TOR8	4.0
B005XR4BWS	4.0
1400068304	4.0
0027379108	5.0
0553106481	5.0
B004ZMBQYS	4.0
0615553028	5.0
0061463051	3.0
0307386775	5.0
0345318226	5.0
0823012662	3.0
0007264712	4.0
0373775946	5.0
0985724900	5.0
0373207026	5.0
B00GK58FNI	4.0
0061950726	5.0
1476783284	5.0
1480219851	3.0
1612184677	4.0
0937274992	5.0
0873513223	5.0
1425805345	4.0
1595552723	5.0
0230744818	2.0
077832768X	5.0
B004GNFTSA	3.0
0615636586	5.0
0393065200	5.0
1483905136	4.0
0879059117	5.0
014219672X	5.0
0446563072	4.0
1442194650	4.0
1428511482	5.0
0002318652	5.0
0061560898	5.0
1402284314	5.0
1481901907	4.0
0857687107	5.0
0061020400	5.0
B007XTYTNK	4.0
0060164662	5.0
0743254562	5.0
0764209744	5.0
1483980839	4.0
B00DX6NKDC	4.0
0375865810	5.0
B008RTTHDW	5.0
0226142698	5.0
0873513215	5.0
0345024850	4.0
0812975995	4.0
0061056898	5.0
0696230542	3.0
0312288352	5.0
0061470880	5.0
1602838267	5.0
0064437531	5.0
0985180471	5.0
1599901218	5.0
0062073885	4.0
1416928219	5.0
0843957352	3.0
0062059998	5.0
1619492660	5.0
0979047080	5.0
0688114490	5.0
1605420727	4.0
1478312696	5.0
B005DHMOIQ	2.0
1466398167	5.0
1601540892	5.0
0804814570	5.0
0307265803	5.0
1469965313	5.0
1591841747	5.0
0385513534	4.0
0684827573	5.0
0743224736	5.0
1600101968	3.0
0375834257	5.0
B00CDZU7SU	5.0
1477815678	2.0
B00BPGDP5K	4.0
1590582195	5.0
B006DTO23S	4.0
098500861X	5.0
0985008628	5.0
B0024FB01W	5.0
0989269833	5.0
0061122416	5.0
B007IWE54K	2.0
1594747156	5.0
0553452452	5.0
1566198208	4.0
0373657862	4.0
B00ES1IWVQ	5.0
1598163248	5.0
B00F64JFXS	2.0
1416563105	4.0
1477848126	4.0
0061992100	4.0
0761149619	5.0
0060174072	5.0
B00BNVJJQQ	3.0
0373778155	5.0
0345501640	5.0
1463740131	5.0
030758836X	4.0
B007QNPT8C	5.0
0439376106	5.0
0385501129	2.0
B004S2OXT0	2.0
0345803507	4.6
0786867809	4.0
0802126022	2.0
1586857614	5.0
055328942X	4.666666666666667
080073324X	5.0
0385194005	5.0
1596437383	5.0
0375849726	5.0
159474713X	5.0
0811829138	5.0
0857688006	5.0
1420108662	1.0
157954276X	4.0
0312368372	2.0
1594260648	4.0
0739354574	5.0
0375814620	4.0
0439298113	5.0
0142402575	5.0
0393321983	4.0
0373710194	5.0
1595230475	5.0
006123625X	5.0
0615624502	1.0
1441863222	5.0
043902353X	5.0
B0081LEM7W	2.0
0099528274	3.0
1598163221	5.0
0671578472	5.0
1596437391	5.0
0500510504	5.0
1451664540	4.0
0590459872	5.0
0671027328	4.0
1461174716	5.0
B007TEXH3M	5.0
0849956501	5.0
0988950510	5.0
0312853238	5.0
0345514130	5.0
0545129311	5.0
0007202474	5.0
0142002887	5.0
0786031204	4.0
0547572174	5.0
1463649312	5.0
1843108801	5.0
0515048666	5.0
0764955462	5.0
0893348627	5.0
1554533627	5.0
1589236696	3.0
1490415394	4.0
071800924X	5.0
0425191028	5.0
0552162566	5.0
0590020498	5.0
0582421276	5.0
0615575234	5.0
0764204904	5.0
0465003591	5.0
1588168220	5.0
1401209033	5.0
1601541783	4.0
0399106138	4.0
1891327550	5.0
0451404386	4.0
0451220978	5.0
0373657811	5.0
0060590254	4.0
1469259273	4.0
0937295078	4.0
0373657803	5.0
031267645X	5.0
0984553177	4.0
142620874X	5.0
0060936193	5.0
0373512066	3.0
1593691254	5.0
B00ALRTQ4I	4.0
1476724911	5.0
0756405483	4.0
1481229672	2.0
B008VNMIYY	4.0
0062273248	5.0
000719739X	4.0
0061059072	5.0
1932664084	4.0
0061582603	5.0
0812520297	4.0
0312992203	4.0
0060080930	5.0
1401213537	5.0
0330482165	5.0
1558326685	5.0
1563526395	5.0
1481262262	4.0
0143059300	2.0
0062059939	5.0
0373778597	5.0
B00D59O1W6	5.0
0755348001	5.0
0425259986	5.0
B00BF672YK	4.0
1450539513	4.0
0982192118	1.0
0615429505	5.0
0763603090	5.0
0312384491	5.0
1467976970	5.0
0394546741	5.0
1466241683	4.0
1400315492	5.0
1401209009	2.0
1482996367	5.0
1452655227	5.0
0974306681	5.0
0061161640	5.0
0141326085	5.0
0451228480	4.0
0380776162	4.0
0553268937	5.0
1441863265	5.0
0140143505	5.0
0307456323	5.0
B004TTHLQ4	2.0
0151007098	4.0
B00883UREU	5.0
0140280553	4.0
0746085508	4.0
0553471570	5.0
0670021555	5.0
0843936029	5.0
0440201977	5.0
038551350X	5.0
0553062379	5.0
0615871623	5.0
0983579253	5.0
0765357267	5.0
1468185527	4.0
0937295043	5.0
0738723479	3.0
1452655219	5.0
0373085923	4.0
0688109942	5.0
0373755031	5.0
0553278746	3.0
B009SF9K5E	4.0
B003TZLM3M	5.0
0439023513	3.5
0446564311	4.0
1569713782	5.0
0373778139	3.0
B005L4Z9OW	3.0
0446602590	4.0
0609809075	4.0
1451640188	5.0
1495469883	5.0
0615500951	2.0
0061134007	5.0
0425225747	4.5
1935597574	5.0
0373754590	5.0
0345543971	5.0
1420931687	4.0
0060563079	5.0
0307453278	4.0
0765321270	5.0
0312873689	5.0
0843939958	5.0
0763628344	5.0
1400074614	4.0
0451406532	5.0
0385327900	5.0
0061995215	5.0
0785227768	5.0
0062085484	4.0
0373776373	5.0
1935562002	5.0
B0078TYWVY	4.0
1595553223	5.0
B004O6MQXK	5.0
0060566116	1.0
0312243022	5.0
0595326757	5.0
0980153719	4.0
0743283961	5.0
1616260831	5.0
B004QGYBNG	5.0
0061010650	3.0
1451562306	4.0
0471267368	4.0
1935670727	5.0
0441790976	3.0
0373247958	5.0
1590806913	5.0
0764209779	4.0
1585426393	4.0
0393319296	4.0
0375846298	4.0
1469984016	5.0
0152024565	5.0
0937295019	5.0
0375719261	3.0
B00558RSXE	4.0
0743299094	4.0
0061685968	5.0
0804107688	5.0
1465408436	1.0
0375849793	5.0
0373876807	5.0
148027772X	5.0
1940026016	4.0
1608190625	5.0
0940322250	5.0
0312874561	5.0
1569719047	1.0
B007XLAM84	4.0
0743249623	4.0
B007QTTKZY	3.0
0373771940	5.0
1567182283	2.0
0373777248	3.0
0446527327	5.0
0786863943	4.0
0547572646	3.0
0717289664	5.0
148493086X	5.0
1463710488	3.0
1552976599	5.0
0373878249	4.0
0061040967	5.0
1596434333	5.0
1598796178	5.0
1596434325	4.0
0439806119	3.0
0261102664	5.0
0446389234	5.0
1938404017	5.0
0441008283	5.0
0486218309	5.0
0451223292	5.0
0345402391	4.0
0765322560	5.0
0373754558	4.0
1469984946	4.0
0373710976	5.0
1849087857	5.0
0307266648	5.0
0575074981	5.0
1596434341	4.0
0061092177	4.0
1562470345	4.0
081184658X	5.0
1601540043	5.0
0670910589	4.0
0553277839	4.0
0312641893	4.0
1456386786	3.0
1621570037	5.0
1938404009	4.0
0425215180	3.0
B00BLSZKS2	5.0
1401216528	3.0
0451458605	3.0
0061442933	5.0
B007QMMCI8	5.0
B00G1SIOAI	4.0
0385509529	4.0
1452661197	4.0
1612430449	5.0
0156319527	5.0
067089270X	3.0
0142419400	5.0
B00BMZ74PG	3.0
1599987597	3.0
0739374532	4.0
0465023258	4.0
1453760318	1.0
0061733148	4.0
0615621953	5.0
0451526767	5.0
1401215645	3.0
B00A81XMGA	3.0
0385312377	4.0
0373777698	5.0
1906144419	5.0
037377768X	5.0
0446547387	3.0
1401202349	3.0
0575014555	5.0
B007Z5Y3KQ	2.0
B00AB1NJV0	4.0
0307278670	3.0
0891419055	5.0
B00HMY7GCM	4.0
0765326949	5.0
0192825232	3.0
0756636035	5.0
1885593104	5.0
0393325997	4.0
0615550789	4.0
0705421716	5.0
067988338X	5.0
0446547395	4.0
B00AI72BTS	1.0
0615440819	5.0
0547572654	3.0
0982410263	5.0
0670025127	3.0
B004VS72IK	5.0
0615694918	1.0
0307474933	4.0
0739338862	4.0
0547572603	4.0
B00FO60CH6	3.0
1451667264	5.0
B005HAPWM4	5.0
0981663915	5.0
0800758978	5.0
0345385403	5.0
080075896X	5.0
0786940999	3.0
193639510X	5.0
030728090X	1.0
1620610116	3.0
0061020087	5.0
0765332310	3.0
1591026938	5.0
0609604201	5.0
0736423095	5.0
B004BDOVZW	5.0
0764959476	5.0
0151007152	4.0
0330258648	5.0
0671537865	1.0
0062225227	5.0
0671042483	5.0
0764200119	4.0
B008IXE44E	2.0
0982410239	5.0
1460902203	1.0
0373272030	5.0
0345347536	5.0
0345511875	5.0
0373742592	5.0
1596980907	5.0
B00CTSO14W	4.0
1571109544	5.0
0545241987	4.0
0843944900	2.0
0312641850	5.0
0140501827	4.0
1481056557	5.0
0345396545	5.0
0373191030	4.0
0312867077	5.0
0570050642	5.0
0786708549	4.0
0615448747	2.0
0393064727	1.0
0312872429	5.0
0843948043	5.0
B0068XJXJC	5.0
B005IDV2J2	3.0
0060166495	4.0
1466334681	2.0
0373742584	5.0
B005JM9U14	5.0
1594675171	2.0
0465002315	5.0
0738523267	5.0
0441516629	5.0
B008B0EFMU	4.0
0061540463	5.0
0373827954	4.0
0060590270	4.0
0989768406	4.0
0373777655	5.0
0553763091	5.0
1595828273	4.0
1419640682	4.0
0395869463	2.0
0152002278	4.0
0345324412	4.0
1480223999	4.0
1931254095	5.0
0345368436	5.0
0425158594	4.0
1590303466	2.0
1468026984	5.0
031233818X	5.0
1596434317	5.0
0425266745	5.0
B00F1H4SHS	2.0
1250003326	4.0
1439153884	3.0
1451625405	5.0
0385334176	4.0
1471710297	5.0
0152058265	4.0
B00AJWETR4	4.0
0743417100	5.0
0525949070	5.0
0373178433	4.0
B005ME39HU	5.0
1581800444	4.0
0345511425	5.0
B005L0XTKC	3.0
B00FTZ8JCM	3.0
0985817003	5.0
038551316X	5.0
0312321333	5.0
0316056863	3.0
B00I52QSEM	4.0
0764201085	5.0
0312853254	2.0
B003R7L7N2	4.0
0307939650	5.0
1442369167	5.0
0800732391	5.0
0671011367	5.0
1591795737	2.0
0373772386	4.0
0439861365	5.0
1439150311	4.0
031235777X	3.0
0132361329	4.0
0756404932	5.0
0684873893	4.0
0374299080	4.0
1885339739	4.0
0446613711	5.0
0547807686	5.0
B000VRBB3M	4.0
0140115854	5.0
0770436781	4.0
009928264X	5.0
1400152984	5.0
0982939833	5.0
0393059758	4.0
0843940190	5.0
1425912575	3.0
B004WTB2HU	4.0
0006514006	3.0
047009821X	4.0
B002Y26XYE	5.0
0140184406	5.0
0373775881	5.0
1453875166	5.0
B00BNW0YAA	4.0
1586853333	5.0
B004TCWI1O	5.0
1594746370	5.0
0373777604	5.0
1453660232	5.0
0373778937	5.0
0671430211	5.0
0571191290	5.0
1400073278	5.0
0316206849	4.0
1937957713	5.0
1469949776	5.0
B005EDNBNQ	5.0
0873374339	5.0
0764205412	2.0
0385519729	5.0
0525951369	5.0
0441014100	4.0
1426700687	2.0
0765319756	4.0
1406807257	4.0
1479151556	5.0
0446196134	4.0
0451173317	5.0
0778324109	5.0
0778327612	5.0
0553214209	5.0
145646471X	4.0
0982889100	3.0
0758238452	3.0
006230755X	5.0
0590039105	4.0
0141039280	5.0
0806511532	4.0
076531973X	5.0
0544114604	5.0
0373039549	5.0
0425187012	4.0
B007T9DCOQ	5.0
B00BCRZPO6	5.0
B004RQ842O	4.0
1569716498	4.0
0141181303	1.0
156971648X	5.0
B00GWPCIL6	4.0
B006M0IJ9G	3.0
0670022098	4.0
0451220137	5.0
0393315355	5.0
0442222009	5.0
0939218097	5.0
0060507403	5.0
1469902664	3.0
0843964103	5.0
031285630X	5.0
0373657455	4.0
1607012537	5.0
0373150903	5.0
0983572240	5.0
0939251906	5.0
0618393129	5.0
1595548211	5.0
0811876373	5.0
0143115421	5.0
1939416019	2.0
B004S7MLWQ	4.0
B006M3YJRO	3.0
0306813769	4.0
0375413111	5.0
0786021349	2.0
1612184669	5.0
0676974112	5.0
1453882723	4.0
0991686004	5.0
1933515759	4.0
156247037X	5.0
B00BTSNTFK	5.0
0062073826	5.0
0810983257	5.0
0886778352	4.0
0373293348	5.0
067977646X	5.0
1593079036	4.0
0373742509	4.0
0060734019	5.0
193383627X	5.0
1451588496	3.0
B00DSAJ7JO	3.0
B00E3JJ0OG	3.0
0800732324	5.0
0399535667	5.0
B004JF6DLM	5.0
0345523474	3.0
0451211243	5.0
0778314340	5.0
014132113X	5.0
0007257546	5.0
0060573775	5.0
079452026X	5.0
1401302505	5.0
0970493126	5.0
0310710863	5.0
0373249217	3.0
1553373820	4.0
0615756344	3.0
0373250207	4.0
1938857119	5.0
0393081214	3.0
0781405084	4.0
0321542894	1.0
0976626608	3.0
0615417175	5.0
0982312709	5.0
0373177119	4.0
1477849033	5.0
0373776705	5.0
1594202869	4.0
073932683X	5.0
0062049763	2.0
0345803493	4.5
0385519702	5.0
0399157298	5.0
0451232151	5.0
0061133973	5.0
B00C3GY1ZO	3.0
0062196243	5.0
0802129927	1.0
0967398398	5.0
0765317125	3.0
B007SNE0GC	3.0
076272756X	5.0
098004250X	5.0
031232135X	5.0
0547572697	4.0
