0316067369	2.0
039915731X	3.0
1416978038	3.0
0061449202	5.0
0141345659	5.0
0525953728	5.0
1444727338	3.6256476683937824
B007E0FCSY	4.0
0805093079	5.0
0557445019	3.0
0451151224	5.0
0763639311	3.0000000000000004
B007DCYR3O	2.0
034545264X	4.0
045052468X	2.0
0451184386	3.0000000000000004
0345535227	1.0
148261555X	3.0000000000000004
0142402516	5.0
0983321655	1.0
0425145301	3.0000000000000004
B00KC90VG2	4.0
0307932508	1.0
0307913090	5.0
B00FQW38B0	3.1617647058823524
044651490X	5.0
076363638X	5.0
1849058032	3.0
B00D8QHZYC	3.0
0399156909	5.0
0446608874	3.0000000000000004
0345455932	3.0000000000000004
B00BQGFSTA	3.0000000000000004
0451203534	4.0
0002007770	5.0
0743597923	3.1114258734655333
B008YQJEFY	4.0
0062234927	2.0
0142410705	5.0
B00GL59NY2	3.0
B004N62M26	2.0
0758221983	1.0
1442359889	3.0000000000000004
145151705X	3.0
0345528956	3.0
0670025992	3.0
0606238409	5.0
0758210183	1.0
0618969969	1.0
0743254562	5.0
0061257095	4.0
1419968084	1.0
0786838183	4.0
055311123X	3.0
1414339364	3.0
0307987647	5.0
0805083103	3.0
1439192561	5.0
B005COO1X6	4.493429995468962
0316101842	4.0
0743575318	2.0
0316013943	3.0000000000000004
1480522813	4.4796224796224795
1419965433	2.0
B008UUIGB2	1.0
014143984X	5.0
0307272621	1.0
0805096663	5.0
1441756027	2.0
0375851798	4.001489971346705
0399156828	2.0
0615621929	5.0
148413995X	3.0
1612184944	3.0
1495953939	1.0
0452296293	2.0
038536315X	5.0
0989050807	3.0000000000000004
0312942303	3.0
0062217844	5.0
0061449091	5.0
0375869638	3.0000000000000004
161427181X	4.0
B0076790LA	5.0
B0077C9VNQ	2.0
0553593064	3.0
030758836X	5.0
0345803507	4.0
1105086380	5.0
B009CHBNVW	3.0
081299289X	3.0
044650534X	4.0
1451690584	1.0
0615795870	2.0
0061449067	5.0
0988264242	4.0
0739458213	5.0
0007327064	5.0
0763617261	3.0
043902353X	5.0
0061573132	1.0
B006ZNG75I	3.0000000000000004
0061147974	5.0
0345533666	5.0
1405258217	3.0000000000000004
0062085530	5.0
0739474812	5.0
B00EX66ZKG	3.0
0385733100	3.0
1416544623	3.0
1579402356	3.0
0375414819	5.0
1596435526	2.0
031621941X	5.0
0983611726	3.0000000000000004
0061256803	3.0000000000000004
0786863668	5.0
0345803787	3.0
0812548183	4.0
B00AEWGPS0	5.0
0307476073	5.0
1477847979	3.0
0312365152	3.0000000000000004
0399159347	5.0
0060892056	3.0
0071629971	5.0
0984723536	5.0
0884111326	3.0
0743571266	4.0
0765359421	4.0
B00HRGXNQS	2.0
042514755X	3.0000000000000004
B006ZO9U88	4.0
0345523539	3.0
0758202946	3.0
0062235656	5.0
0312373589	2.0
1477849807	1.0
B008HRS2A8	5.0
0060890681	5.0
B0047DW9OG	3.0
B0084961ZM	5.0
1620401398	5.0
0451414187	3.0000000000000004
149293402X	2.0
0785807411	3.0000000000000004
0316013684	5.000000000000001
0316206849	5.0
1476762066	3.0000000000000004
1596434872	4.0
0007444117	3.973116691285081
0007447868	5.0
1477809481	5.0
0312207697	3.0000000000000004
1442303093	4.0
B00AB4KSIY	3.0
031604461X	3.0000000000000004
1595143068	5.0
1426710003	1.0
0307749649	1.0
1442346965	4.9093977108369184
B003EV5QIS	1.0
1250030951	4.999999999999999
0062085573	5.0
0307346609	3.0000000000000004
0307889173	5.0
0061448982	3.0
0425217299	4.0
0312537921	3.0
0545265355	5.0
0307265374	1.0
1587674211	5.0
1939217725	2.0
061834697X	1.0
0439023513	5.0
1442359919	5.0
0449808068	2.0
0763659479	5.000000000000001
0062200577	5.0
1484897528	2.0
0439023483	4.540192926045016
0743579631	5.0
0312606842	4.0
0316210684	4.0
B00ERSOTRQ	1.0
1477808736	5.0
0451169514	5.0
0385737637	4.494969378827647
B00JGYASWG	5.0
0743211383	1.0
1477816364	5.0
B00A3F1MJU	4.0
0345543971	5.0
0375870458	3.0
B00CHNTQWG	4.0
148482248X	5.0
0553591711	2.0
1496156528	5.0
1469990903	4.0
0140167773	5.0
0984103007	4.0
0307740811	2.0
B008DQLQ6A	3.0
0380805189	3.5650282731622447
0261103288	5.0
0062085484	5.0
0375856056	4.0
0345803485	2.0
0312355211	3.0
1442362383	4.94296785400127
1493547658	1.0
1412049024	5.0
0743292332	5.0
0804137897	5.0
0007271166	5.0
B0040SXUIM	1.0
0743566572	5.0
B0067R48QW	4.0
0757305733	4.0
1455515558	3.0
B00E0NOTLE	2.0
014241493X	5.0
0307473783	1.0
0345484177	4.0
0345528379	4.0
0071633383	4.0
158008270X	3.0
0515140872	1.0
0060098902	4.0
0345803493	2.0
0785134530	3.447105183388906
0547327935	4.0
0140054103	2.0
0007442920	5.0
1580631606	5.0
B003EINO0S	5.0
B00BINQ7NC	3.0
0738711500	5.0
