0849948290	5.0
1401601731	5.0
1590525477	4.0
0785229221	4.0
B00CDT5ZY2	1.0
0764211951	4.0
1414325991	2.9999999999999996
0800795792	5.0
0547577532	1.0
0307729311	4.0
0824919033	4.0
1433679469	5.0
1600062237	5.0
0785231897	5.0
0849947197	5.0
0849942985	5.0
1415869979	5.0
0849948169	3.6471238938053094
B00AQMEV8E	5.0
0849901197	3.0
084235090X	5.0
0849948282	3.0
0849947073	3.0
0451461320	2.0
0310314690	4.470987189148455
0310330718	5.0
0849920604	5.0
1433677164	5.0
0849921937	2.0
084992071X	4.551533219761499
078523165X	4.384615384615385
1414349971	4.0
0764210874	5.0
1414367392	4.593304843304844
0307729443	5.0
1418550663	3.0000000000000004
1596449381	4.0
1601423438	4.444135802469136
159555260X	5.0
0615442536	4.0
0849964784	3.0
1601423314	4.586206896551723
1595554912	3.0
1433521989	5.0
1414379366	4.0
0307457818	5.0
0849948150	4.347695990424895
0446583847	5.0
1590525574	5.0
0849919703	4.0
076420887X	3.0000000000000004
141433589X	5.0
1433536919	4.0
1400317029	4.0
1595549439	4.0
1442354755	4.0
0307729893	4.0
1400317037	1.9488910318225652
1440505861	4.0
0310331935	5.0
1418546496	4.0
1595549684	4.0
0849948266	3.9789069990412274
0849947057	4.0
1404189580	5.0
0671737430	4.0
0310338581	5.0
1578565073	3.0
1601420390	4.0
0307730409	4.0
0849947294	5.0
140007309X	4.0
1589976843	5.0
0764208659	3.4411910669975185
0764209507	4.0
1596693541	4.0
1490332820	5.0
1595550658	3.0000000000000004
0307886298	5.0
1595546286	3.0000000000000004
1418550760	2.0
1400316057	4.481468652580533
078523179X	3.4555555555555553
0849964687	5.0
1780780508	5.0
0849964563	5.0
1400203570	3.4510184287099905
0800795326	3.0000000000000004
1576835103	5.0
1401684947	3.0
0824956532	4.0
0310315476	4.0
1414315910	4.0
1414335881	3.9913194444444446
0310730538	4.0
0802403581	5.0
0849947162	4.66304347826087
1414311435	4.008680555555555
0307444961	4.0
0764208500	4.0
1603745505	5.0
0764208624	4.0
1404189408	4.504340277777777
1439240329	4.0
1404189769	4.0
1404189645	1.0
0764210823	4.0
0982662637	5.0
0849948126	3.9902740937223697
1601424671	5.0
1595552669	4.0
1589976746	5.0
0849946182	3.0000000000000004
0891123873	5.0
0307731715	3.0
0849947030	3.0000000000000004
0307444732	4.0
031027592X	4.0
084994810X	4.52257525083612
0849948118	3.0000000000000004
0307729761	4.0
1400317169	5.0
1400073804	4.493345164152617
B0083ZMP5C	3.0
140168968X	4.0
1401688489	4.0
1400203155	3.710361613351877
1439192677	5.0
1601424566	4.0
1414349815	5.0
1400203031	3.0000000000000004
1400204240	4.0
1451642865	5.0
0310293340	5.0
1418534390	5.0
0849948479	5.0
1414345542	5.0
1426110456	4.0
0764207873	4.0
1433679647	5.0
160142597X	4.551453260015711
1595549005	3.0000000000000004
141587171X	5.0
1595552642	2.9999999999999996
1595549242	4.0
0891091742	5.0
0399226168	5.0
0310336104	5.0
0849947014	4.0
1601424892	5.0
0849947138	4.566590629935076
1576834689	5.0
0985662123	3.0000000000000004
0310315441	3.0000000000000004
0891122885	5.0
1441766073	5.000000000000001
0915547872	4.0
1601421281	4.0
143352516X	4.0
1414334788	3.0000000000000004
0525422285	5.0
1596693584	3.0000000000000004
0824956648	5.0
031073701X	5.0
1404189777	4.0
159555274X	4.0
1615210210	4.0
1601425759	5.0
0310272440	5.0
1601423578	3.917535545023697
1440305366	2.9999999999999996
B00EFATPDO	4.0
1596448458	4.0
0827602529	5.0
082542030X	5.0
1400200369	5.0
0891123202	5.0
1610458206	5.0
1595551263	5.0
0785214127	4.0
B00BHQN6XE	2.0
031025065X	5.0
1401685285	4.085668534827862
1400073979	3.0
1404189602	4.0
B0040JI37O	1.0
1400316200	3.0000000000000004
1401685048	4.5097744360902245
078522887X	4.415430267062315
0741465353	4.0
0849948320	5.0
0849946263	3.466884709730172
1401605265	3.0
052911769X	4.0
1595554769	4.0
0736945792	5.0
0307446557	4.0
0310318653	3.0000000000000004
1595550283	5.0
0849918804	3.307967770814682
0785214259	4.0
1400202892	4.0
0849922070	4.7148988350705086
1400318726	5.0
0785228780	4.651887357699221
1455510084	5.0
1400202779	4.583476764199656
1400316669	3.900662251655629
0849947227	5.0
0849946018	3.4374999999999996
159555341X	3.746448087431694
1404189831	5.0
0849996198	4.0
0802411673	4.0
1611735270	5.0
0849946379	5.0
1414334095	5.0
076535084X	5.0
0307459500	4.0
1400204941	5.0
0307932796	4.0
0849946492	3.4445506692160612
0307730913	4.0
1400316456	5.0
1602600155	4.0
1595542884	5.0
1401685196	2.0
1400074800	4.0
078523182X	4.51796437659033
B009SRDRKQ	3.4571657325860685
1400316340	3.0
1401688217	2.0
1615211217	4.0
1401686397	5.0
0849947219	4.39304347826087
160006664X	3.0000000000000004
0849948428	5.0
1404189742	4.0
0812975367	5.0
0785231951	4.0
1595549048	3.0
0310266238	5.0
1595553533	4.0
1595552324	3.8017621145374454
0310440297	5.0
0849946484	4.6191950464396285
1601423489	4.0
1601422032	4.0
1595552685	2.9999999999999996
1595551476	3.399449035812672
0802436889	4.0
0849948304	4.477903391572456
1601420099	5.0
0849946247	4.804016064257028
160142129X	4.0
1418549924	4.0
0762424931	1.0
0310318874	3.0000000000000004
1414336365	5.0
1400316448	4.4784688995215305
B00797MO2E	5.0
0307729931	5.0
159555484X	5.0
B00B7UUO4O	5.0
0310266246	5.0
159554805X	5.0
1414348347	2.0
1400316332	3.9940310385992843
0849946476	3.433250620347395
1595551107	4.0
1400320941	5.0
1608993612	3.0000000000000004
1400203554	3.481865284974093
1595547916	3.6055979643765905
1616280670	4.0
1615216855	4.0
1410423611	5.0
076420954X	3.0000000000000004
1449726976	2.0
B002361KK8	4.0
084994645X	3.947831184056272
0849946107	5.0
0764209566	4.0
162136593X	5.0
0764208470	2.0
1600066631	5.0
1576839974	5.0
0849947553	5.0
0764210424	3.0000000000000004
0764210661	4.0
1414333072	5.0
0849921287	2.0
1400204879	4.0
1595553592	3.0
0451461401	5.0
0307729915	5.0
1595553231	3.0
1603425780	4.0
0310266270	4.0
1414371209	5.0
1400074975	5.0
1595542698	5.0
1400073405	5.0
1595542582	2.0
B007U7JSUO	5.0
0785222081	4.0
0307458857	5.0
1595552014	5.0
0849946212	4.771593883455022
1400320844	5.0
1442362383	5.0
0786256079	4.528401585204755
0615802974	5.0
1414338732	2.9999999999999996
1589976932	5.0
1400202442	4.2514064015518915
1400200385	2.968383017163505
1400203538	4.168053244592346
1400316022	5.0
1401686354	5.0
0849922356	5.0
B00A6GGF48	4.0
1440509867	2.505050505050505
1400202450	4.593304843304844
1590529170	4.0
0849946441	4.347746650426309
0891123350	4.488351254480286
0316240079	1.0
1590529294	4.0
160142339X	4.0
1401676324	5.0
1400202434	4.657253718473808
0373829981	4.0
141854891X	3.0
1400203643	3.0
0842389407	5.0
1595552243	4.027849740932643
0849920191	4.0
1433680696	4.0
1400315158	5.0
1433680459	5.0
140020254X	4.665690866510538
1400203406	3.545367717287488
076420856X	3.0000000000000004
1401686370	4.626959247648903
098541720X	5.0
0307457982	5.0
1400317223	1.0
1433501937	3.0
0615583083	5.0
1616260858	4.0
0310266289	5.0
1400316499	3.599701269604182
1602606900	5.0
0785228756	2.8947368421052633
0849921392	4.195157384987894
1423102592	2.0
B007TWL3VC	4.0
1595553207	5.0
0375501568	3.0
0307458830	5.0
159555355X	4.0
1494216884	5.0
1400203910	4.0
1400202701	4.313775510204081
052122862X	5.0
1601424086	3.541232227488152
1595552197	3.0000000000000004
0399161945	5.0
1400316952	5.0
1404186735	4.0
089221709X	4.0
B008KNBWLK	5.0
0307714845	4.0
1433538881	5.0
0891124144	4.0
1589977130	5.0
0849921244	4.497801231310466
0842365753	5.0
1590521560	4.0
1414329792	4.0
0684843161	5.0
1595543104	5.0
1595542019	3.0000000000000004
1589267109	4.008680555555555
0307459349	4.0
161521531X	4.0
1414372299	4.0
0849947626	5.0
0849946417	4.459190672153635
0785227601	4.0
1400071275	3.0000000000000004
1595552057	4.0
0307021068	5.0
1611161010	5.0
0307458016	4.0
1589976274	4.0
0849946654	5.0
0764203517	4.0
0310494443	4.0
0988410710	5.0
1400316731	5.0
1414348185	4.0
1414385048	5.0
B00I4F5WEM	5.0
1590522737	3.0
1401687520	3.0
1590520203	5.0
0345440757	4.0
1433676613	5.0
0152017720	2.0
0849947618	5.0
1433671166	4.0
1400202809	2.0
0989523004	4.0
078522663X	5.0
B00H3LUY32	5.0
159555324X	5.0
1401687407	4.0
1414320523	5.0
0615699421	3.0
1418543667	2.5370018975332074
1601425023	3.0
0849946522	4.0
0307589730	4.338872403560831
1598567055	4.5
1401675433	5.0
0310421055	5.0
078521321X	4.0
1400315999	5.0
1595551190	5.0
098540907X	5.0
0849946999	5.0
0764210297	3.0
0307731294	5.0
031032906X	4.0
1599903075	4.0
0785227628	3.0
1400205190	4.0
1433676605	5.0
1433677814	4.0
1589977386	5.0
1400204801	5.0
1451646208	5.0
1613821263	5.0
159555307X	4.0
0785209093	4.0
1595553088	2.0
1489514341	5.0
1400203716	4.0
0842384464	5.0
1595547886	5.0
1595544496	1.0
0307459535	3.4926660914581533
B006LDACNK	5.0
0439634695	5.0
0804186014	3.0
1433681919	5.0
1595546790	3.0000000000000004
0739438069	5.0
0310326095	5.0
0849946980	3.6650998824911873
1414336063	4.0
0307457117	3.8133903133903133
0307731146	3.0000000000000004
0849943477	4.120186697782963
0310276330	4.0
1414319703	5.0
1401675611	4.0
1400073480	4.36329802462067
0385528116	4.0
1414366930	3.8241206030150754
1449764045	4.0
1595547509	3.016528925619835
0890517908	3.0000000000000004
1601422946	4.4870075440067065
1595543392	3.0
0830745785	5.0
1401680089	4.550359712230216
1414326599	4.378821774794929
0310276349	5.0
1414365608	4.0
1401604005	4.779767233661593
1418543748	4.539306846999154
140031870X	5.0
B004TQ8GP2	5.0
1589973941	4.0
0310320321	5.0
1400318718	5.0
1442366109	5.0
1400203937	4.0
1404187804	3.2153846153846155
0307458784	3.4779982743744604
1401685420	4.0
0310328179	3.0
0849920698	4.5988128491620115
0849945992	5.0
1626527679	4.0
1470118114	4.0
1601421826	3.2006644518272425
0764210483	3.0
0310250684	4.734285714285715
0310276357	4.0
0310333873	5.0
078523215X	3.0
1589269241	4.663438256658596
0764208292	2.524017467248908
1617950734	4.0
1595553053	5.0
046501450X	3.0000000000000004
1400275032	5.0
1433513986	5.0
0529101157	5.0
084991910X	4.024765157984628
1601420749	4.0
1400316529	5.0
1433680734	5.0
B003N8G4UQ	3.0
0849900999	3.0000000000000004
030772929X	4.055651176133104
0840745745	5.0
1620612445	4.0
0310250676	5.0
0785227946	3.9767025089605736
1578564212	5.0
0800734564	4.0
1401603998	1.0
1589976312	5.0
0849910994	3.0000000000000004
1418543969	5.0
0785229183	5.0
0985409029	5.0
1400074029	3.7716000000000003
1565634128	4.0
0310743400	5.0
0743454529	2.0
031033554X	5.0
1427201412	5.0
0805447237	4.0
1400203082	3.0000000000000004
0764209809	5.0
0785229191	4.0
0688089437	2.0
1433537710	4.0
0764207865	4.0
1595548637	3.0000000000000004
B00HTFAPHC	5.0
1400319269	4.0
0307731472	4.0
0307352145	3.0
0770435211	4.0
0310730570	4.0
1414319355	5.0
0874868971	3.0000000000000004
0310742307	5.0
0060527463	4.0
0880706317	4.0
0307730387	5.0
140020304X	4.267548906789413
1414368747	5.0
0310716373	5.0
1400073154	1.0
0310344298	3.0
1400074487	5.0
1418549010	5.0
0764207830	4.0
0465058728	4.0
1400315921	4.0
1595548874	4.0
0771026277	5.0
1401684890	2.0
0765366665	4.0
1433679841	5.0
1595548750	4.0
0805449876	4.0
0849964830	2.0
1400072174	4.0
1400204151	4.0
1590525051	4.0
0800795059	5.0
0307730476	3.0
0736916091	4.0
0802403476	4.0
1400202078	4.135773317591499
140020206X	4.667065868263472
1400315913	4.47104580812446
1414365101	4.0
078523103X	5.0
1433679833	5.0
1401686842	4.0
1595547770	4.0
B00IVLYEDE	5.0
1601421516	5.0
1601423934	5.0
1400322561	5.0
1400202086	2.745716862037872
0310332079	4.0
0984052666	5.0
1596441046	5.0
1400315948	3.54898157129001
1434768511	5.0
1599953358	3.0000000000000004
0310325838	4.0
1449741339	5.0
160142034X	4.0
1433679825	5.0
0307729354	2.9999999999999996
078523120X	2.795652173913044
0736919228	5.0
0849948088	3.0
0529110113	4.0
0307730697	5.0
0849943752	5.0
0307730212	3.4956597222222223
076420890X	4.0
141436119X	5.0
1601781660	5.0
0310283140	4.0
0307458059	3.0000000000000004
1400205174	4.0
1938554035	5.0
0785232435	3.5486687036228717
0375810455	3.0
160142132X	4.589108910891089
084994709X	4.0
0425204138	5.0
1404189475	4.0
1414319673	4.8917849662555275
1418541753	2.469043151969981
0985409061	4.0
1414376693	5.0
158997624X	4.0
1418542938	3.3401937046004844
0849920736	2.0
0785228195	4.0
0849919622	3.9681227863046056
0739357204	4.0
1600060757	4.0
1595548548	4.6055979643765905
1470038358	5.0
1595547347	4.0
1595550747	5.0
0805447490	3.0
1892112000	1.0
193804200X	5.0
1595552928	4.0
0307590615	5.0
1433679809	5.0
0849964512	4.0
0688170412	5.0
1400316928	4.0
1933027800	5.0
159052537X	4.0
0785221689	4.0
0824956486	5.0
140020416X	5.0
0984093133	5.0
0310290813	5.0
0768442397	5.0
0399158154	5.0
1629026018	5.0
1418528412	4.0
0984144307	5.0
1595545395	4.0
0849948177	4.308033514046328
1414319576	5.0
0307730328	4.0
1414375581	4.0
0764211188	5.0
1601422520	4.4375
1595543090	4.0
