B005QEA87A	3.0
B00C7HG9KY	2.0
B0052EQXZU	3.0
1619211327	3.0
0373730217	5.0
1482582309	5.0
1461039754	3.0
0399161945	5.0
0141040343	2.0
B008G093ZO	4.541811846689895
1940041082	4.0
B00CCRTFSC	5.0
1476730091	5.0
0590254677	5.0
B0056B7QOQ	3.0
1607379171	5.0
159109805X	1.0
0743276949	5.0
B00HGX5ASQ	5.0
0451466233	5.0
B007JP85IS	3.0
B007W6BJV4	3.0
B00GURJSKU	5.0
0230755062	4.0
B006OV08QA	3.0000000000000004
B000OI11GK	4.0
0143170104	5.0
0263211053	5.0
0983706387	5.0
B00CTUWBRO	5.0
B008R15HCK	5.0
B00CJGUHR4	5.0
1478163143	5.0
B00AKCVNX6	5.0
B00C06484G	5.0
0767905199	4.0
1477808663	5.0
B008RDC2QC	3.2756972111553786
B008DM1Q0K	5.0
149217744X	4.0
B00AECHQBK	3.0000000000000004
B00IDHIGBM	5.0
0452298385	5.0
B003MGK8X8	4.0
0140435123	1.0
1626490031	4.0
1491219416	5.0
0373714548	4.0
1623004977	4.0
0984817301	5.0
1430325836	1.0
0156033674	5.0
1607377446	3.0
B00AT44YZY	3.0
B009GKRBT8	3.0
B008J35WEO	5.0
0452266564	5.0
1402245831	5.0
1481032585	5.0
1460948696	4.0
1477808671	5.0
B0054H1I7S	5.0
0743597923	4.0
1935254375	5.0
1481997289	2.0
1939962323	5.0
B007SABZPO	5.0
B0092ML9AC	5.0
B00BF41BLW	4.0
1482716909	5.0
0446527793	4.0
B00EV6JP6E	5.0
B00DV88VFO	5.0
B005CCM48M	4.0
1492169811	5.0
B007Y6AZUS	4.0
1938786688	3.0
B006P5CH1O	5.0
0606238409	5.0
B00CWFAQJQ	5.0
1939962315	5.0
1607379163	5.000000000000001
1490523103	5.0
1477680055	4.0
1468098578	2.0
0843957352	5.0
0373777205	2.0
B007UJ65G2	4.0
B00BL9AOD2	4.0
1611183758	5.0
0060560878	5.0
B00C9L5L52	5.0
B00FO60CH6	5.0
0425211983	5.0
B00ASFU5NO	5.0
1466398167	5.0
B00938WF58	5.0
1480522813	5.0
B00BSLDFZC	2.0
0452281105	2.0
B00DDURP3O	5.0
0373617712	4.0
0425263908	5.0
1476741182	4.0
0983706352	4.773919468045807
0062190563	3.0
0373820615	3.0
B00I7VVZAI	5.0
B007S312SG	4.0
B007RZBM0I	5.0
0263899403	4.184915550378566
B00AFB685K	5.0
B006E1A7W0	5.0
1477679995	3.0000000000000004
B001O5CGOI	4.0
0062278290	4.0
0307886263	4.0
0373776780	5.0
B0095JX7F2	4.0
0743476239	5.0
1477694919	5.0
B00AYYOSS2	5.0
B009MZQP0I	2.904109589041096
1455576506	5.0
0741478862	5.0
1484010671	4.0
B0091I2S3Y	4.0
148230810X	5.0
074345703X	5.0
1461085977	4.0
1495472418	5.0
1492259667	5.0
1481939084	5.0
1595581030	5.0
1492291560	5.0
4770031106	5.0
0345803507	2.9999999999999996
1482776472	5.0
147675652X	4.0
0425229254	4.0
1490487190	5.0
1489521534	5.0
1484816064	4.443636363636363
034580404X	5.0
B00557Z22E	4.0
0446547638	5.0
B00E0L7N8W	5.0
B00GWOXKPA	5.0
B007UDH6IE	4.0
147003655X	3.0
1490310835	4.465661641541038
0984827803	5.0
0615820433	3.0
1490530614	5.0
0615810756	4.0
1480125717	1.0
1482609010	5.0
B0056NX3ZU	4.151612903225807
B003VIWRH2	3.0
0983567743	4.0
0983398038	4.0
0758231741	5.0
0425263916	5.0
B006ML8JCW	3.0
1405258217	4.0
B00794UQ9K	4.0
061582434X	5.0
B006SLYXLM	5.0
1481859242	5.0
1609785665	4.0
0425251012	4.0
1482678225	5.0
8129115301	4.0
1484858913	5.0
1468026984	4.520510483135825
1481885065	4.0
0316036919	5.0
0425219437	5.0
1470077892	4.999999999999999
0061728306	5.0
0425266745	5.0
B00A72YZ0C	4.0
1843103478	5.0
1494341638	2.0
1611099528	5.0
1442472057	5.0
B00AJ2C50M	4.0
0615550177	3.0
B00D7H38ZM	3.0
1479218685	5.0
B00BMU99HM	4.0
B004ZUS1TI	4.0
1583145206	5.0
0985420502	4.0
1467938351	5.0
B009G9LJKG	3.0
1482500051	2.0
1432766627	5.0
B009AR5VAI	4.0
0989391906	5.0
B004INHR24	4.0
0743454529	5.0
B007P7ZW6S	5.0
0373797427	3.0
0446601853	5.0
1480230219	5.0
B004MDLTRY	4.0
0078029341	5.0
B00APT8BDE	4.0
B0066HBLUO	5.0
1479188255	5.0
0060956372	5.0
B00F1R693Y	5.0
B0098796PQ	5.0
0515131679	5.0
B0051VGSWW	3.3437102922490474
B004UVRD3W	1.0
0142418943	5.0
B009B11BKW	4.486143867924528
B0061YAUG8	4.0
1478215771	5.0
0061843407	2.0
1489516948	5.0
0505527936	5.0
149033274X	5.0
B0096CH78G	5.0
B0084961ZM	5.0
0446547573	5.0
B00FY54JYO	5.0
146815477X	5.0
B005Y2MYNK	1.0
B0082ORHUW	3.0
B00FWWSIMI	4.0
0380785315	4.065134099616858
1611183898	4.0
B00B0NOTTE	1.0
B0099GXVES	4.0
1479306282	3.0
0988308940	5.0
0394873386	5.0
B007SRM14Q	3.0
0143170090	5.0
B008J80L7W	2.9999999999999996
0316206849	4.0
1467976970	3.801756777222474
1493645889	5.0
1481835262	5.0
0007444117	5.0
1463692463	4.0
0985420529	5.0
148122221X	5.0
1467927368	5.0
0615706126	3.0
149095287X	5.0
B00408AQ98	5.0
1489509658	5.0
B0054GYBWI	4.0
B007NBCCA0	4.0
006230240X	5.0
1475070306	5.0
1442303093	2.0
1475972350	3.0
B00BISCUGK	5.0
0064409414	5.0
0345387651	3.0000000000000004
B007LS0JQE	3.9556149732620316
B005UA0WOE	5.0
1442430648	5.0
B007PPJOGO	5.0
B005HMGY0G	5.0
1611183766	4.456
0800733444	5.0
1477692304	3.0
B009EAV4V6	5.0
0758275048	5.0
B008FWBWRU	3.2756972111553786
B008EPGDWC	1.0
0804119627	3.0
B005639YOY	5.0
B00AHEW69M	4.0
0985258659	4.093526039178213
B006H96RO6	4.0
1599982196	5.0
B00BT1T1ZY	5.0
1469241943	4.0
B0058V1JXI	5.0
1475066228	4.0
0373039549	2.0
0985895659	5.0
1480226556	4.0
1480217840	5.0
B004KKXQZM	4.0
0793589665	3.0000000000000004
B00CCH4WKI	2.0
B009K99R9W	3.0
B00AMKMGCI	5.0
0373830025	5.0
0800733436	5.0
0671695126	5.0
184923888X	5.0
B00DGI5UQ2	5.0
0505527847	4.0
B0094XNQSC	5.0
B005NWMIP0	5.0
1440433151	4.0
0991763491	2.422740524781341
0983469903	1.0
0425246043	5.0
B0080HU6KY	5.0
B00JC6KVR0	5.0
014242059X	5.0
0762439378	5.0
1481916025	5.0
0800733428	4.526515151515151
0989416410	5.0
B006WU57VE	4.0
1442359781	2.0
B00A4F50MO	4.0
B00C2HEV22	4.0
B00GOGXV5A	5.0
1419970291	4.0
1250012570	2.0
B00597RQUQ	4.0
B00811WUNA	4.0
0062080903	5.0
1481042440	5.0
B00IBO1DBC	5.0
B00D7WKQRA	5.0
0345803485	2.9673192538923994
B00AQ2S0SG	2.0
1480096954	5.0
0671670689	5.0
1482545187	3.0
B008GTHB36	5.0
1468065343	5.0
1419965735	5.0
1481170422	5.0
B008CVO3CA	5.0
0800732324	3.0000000000000004
0758275137	5.0
0983736707	3.0
B00BD75Z0E	5.0
0263873668	4.378343949044586
1481058134	4.0
B00DYVWVIQ	4.0
B0059K0LZK	4.0
B009G3SLB2	5.0
B0055I1Z5G	4.0
B00H6DAPH2	5.0
0399162410	5.0
B004BA5GW2	2.0
1936261197	5.0
1623001250	5.0
149043013X	5.0
B005JYUWVY	2.0
1478247525	2.0
B004OL2JIM	5.0
0446585025	3.0
0345803493	1.95897903372835
B003V8BU84	5.0
1466243430	5.0
B00KEGP65O	5.0
1475121644	5.0
B009W9ZDHU	4.0
0007442920	5.0
B00CYKHQW4	5.0
1468028405	4.04102096627165
