0316105848	2.0
0679736093	4.0
074325337X	5.0
0393040054	5.0
0486270572	3.0
0061090662	5.0
0446532231	4.0
0312425155	5.0
0525952519	4.0
0805093079	5.0
1581824807	1.0
0345409469	5.0
0553347594	5.0
0340562714	4.0
0847826465	5.0
0307456625	4.0
0307595609	3.0
046502968X	4.0
0679730540	4.0
067166834X	4.0
0896899594	5.0
0756620597	5.0
B000MP7KWY	5.0
0465049060	2.0
0307946592	5.0
0060929375	3.0
0684818787	4.0
1568520913	4.0
0394758439	3.0
0385499078	4.0
0151001006	5.0
1400043581	5.0
0671026100	5.0
0060957867	4.620283018867925
1250048737	1.0
0385660065	4.634551495016611
0375725601	4.999999999999999
0679751238	4.0
0609601660	5.0
0892438916	5.0
037541486X	5.0
0452296528	3.0
0684818795	5.0
067942198X	5.0
081181503X	5.0
0002007770	2.931129476584022
0375434283	5.0
006081537X	3.0
0060565551	5.0
0887071562	5.0
0306812096	5.0
0393057941	4.0
0226805328	5.0
0060957875	1.0
0684849267	4.0
0674066979	5.0
0140277447	4.0
B000CQK05C	5.0
0399161481	5.0
0963473263	4.0
0399151435	5.0
0195170342	5.0
1573223158	5.0
1620878070	4.0
0316610984	5.0
0130282715	4.0
0394528360	4.737463976945245
0306814277	5.0
0307704254	2.0
156085118X	3.0
0140481397	5.0
1400046874	4.0
0684830671	5.0
0345375564	5.0
0439136350	5.0
0066211077	4.0
0345339029	4.242469879518072
1580084893	4.0
0195183657	4.0
0393058808	5.0
0345422473	3.0000000000000004
1439172951	3.0
0060082194	4.0
039915258X	4.0
0688141994	5.0
0452284732	5.0
0446578673	4.0
0140481346	5.0
1933615230	4.0
0805082379	4.0
1410440478	5.0
0385323832	4.0
1884592333	5.0
0974486051	5.0
0805069399	4.0
0060542411	4.0
0855329173	5.0
0345410483	4.0
0393059944	5.0
0307337073	4.0
0307237699	4.0
044020447X	5.0
0307274802	5.0
0374257000	5.0
0684826127	5.0
0385310994	5.0
0060530677	5.0
0679761020	5.0
0696233940	4.364173228346457
0811865770	5.0
0140058893	4.0
0809129906	4.0
0802132839	5.0
1592171575	5.0
0394499735	3.874680306905372
0684853744	5.0
0684807610	4.824130879345603
0300115962	5.0
B006SP2BS0	4.0
0060922540	4.0
0375411569	4.0
1933615699	4.0
0091883768	4.0
0312060270	3.4607329842931938
0739332414	5.000000000000001
0517584271	5.0
0812976746	4.386091127098322
031621082X	4.0
0679434631	5.0
1563677830	4.0
0679640924	4.0
0226730727	5.0
1586480804	4.0
1499328753	2.0
0300084293	3.0
1582434182	5.0
0446579548	3.0
0060899220	3.0
0743203941	4.540760869565218
091488123X	5.0
0684852624	3.0
0195181050	4.0
0345447719	4.0
042509040X	4.0
1416587217	4.0
0252069412	5.0
1566635721	5.0
0141301066	5.0
0061300195	5.0
0957091907	5.0
0517221810	3.0000000000000004
0684827476	4.0
0375414827	5.0
0805082387	4.0
0895262479	5.0
0375502025	3.5685884691848906
0465007201	4.0
1416563482	5.0
0393320774	5.0
0316009571	4.0
0688126340	5.0
0340822775	1.0
0553384503	5.0
0679444882	5.0
1933615435	5.0
0380000601	5.0
0399166963	5.0
0375726756	5.0
0060955422	3.0
0375725423	4.0
0061791768	5.0
0452269350	3.6202830188679243
0385420536	4.999999999999999
0452283043	4.335559265442405
1580087086	5.0
0195032098	5.0
0143121332	4.0
0375400648	4.0
073820563X	3.0
0743224418	5.0
0099464462	2.742857142857143
0807609951	4.0
0571225373	5.0
0316545120	5.0
0446527297	3.0
0440576474	5.0
0380805715	4.0
157120167X	5.0
0446604208	4.0
0451418433	5.0
093766054X	5.0
0393019624	4.0
0099244721	4.0
0671020870	4.0
0060652926	5.0
0143036556	5.0
1558324151	4.0
0762104201	4.0
0684853396	3.0
0553525832	5.0
1584790830	5.0
0525950745	5.0
0060544228	5.0
0060890681	5.0
0743225732	4.0
0316693286	4.0
0060105518	5.0
0380708353	5.0
0375400869	5.0
074323443X	5.0
0786888628	5.0
158008818X	3.0
0060915358	5.0
0684832461	5.0
0789450739	4.543726235741445
0446521728	5.0
0618680004	4.0
0786868414	4.0
0192802089	5.0
0330412701	4.0
0345516222	4.0
0767903161	5.0
0061537934	5.0
0743224434	4.0
0936184809	5.0
015603347X	5.0
0679432485	4.0
0688079296	4.0
0887309437	4.0
0375408592	4.0
0316066346	4.0
068984509X	4.0
0399155635	5.0
067145711X	5.0
1592761011	5.0
0452285216	4.999999999999999
1586482181	3.0
0847832961	5.0
0684856883	4.0
0807825085	4.0
0312193165	5.0
0743222245	4.0
0375409432	5.0
0446527289	4.0
0743243161	5.0
B009JST8MK	5.0
0345481496	4.0
0142003417	4.0
0316496596	5.0
1416590692	2.0
1400082366	5.0
0805060987	5.0
0140258795	5.0
0679746498	5.0
0316014516	5.0
0385494483	5.0
0671877399	1.0
0671692658	5.0
1600855040	3.0
0393096696	5.0
0892729406	5.000000000000001
0465047246	5.0
067157521X	5.0
0399131493	4.0
1591852919	5.0
0743246004	4.0
0375509038	3.0
157120296X	5.0
0375432957	5.0
0671534513	4.826681367144431
0141015357	5.0
0061093904	4.0
0375500464	1.0
0373210345	4.0
0743261879	3.0
039592720X	5.0
0312261837	5.0
0385507380	4.0
0143113909	4.0
0805069569	4.663179916317992
0061733636	4.0
0307713547	4.0
B00ASBZ4LQ	4.0
0671867369	4.434408602150538
0143038540	4.0
1936493616	3.0
0312342985	5.0
1400062764	5.0
157488123X	5.0
0671648799	4.454545454545454
0393964744	5.0
0486296148	5.0
0446891533	5.0
0684853558	4.0
031233074X	5.0
0517179865	4.0
1416556311	4.0
0307266397	5.0
0805069577	5.0
0815410735	3.0
0671743988	5.0
0316031062	4.0
038548335X	5.0
0142421375	5.0
1557506523	5.0
1416558977	4.544474393530997
0374125023	5.0
1599903326	5.0
0434291838	4.0
0721670113	5.0
0684865793	5.0
034549038X	5.0
0743226879	4.0
1933027002	5.0
034538623X	5.0
0374185522	4.723027375201288
0375709118	4.0
038531809X	2.0
0307290468	3.6966618287373008
0609803611	5.0
0449983676	5.0
0195146905	3.0000000000000004
0743261852	5.0
1929631057	4.0
0316929190	3.5134274010013655
068480140X	4.0
0307277674	4.105189340813465
0813916984	5.0
0143116827	3.0000000000000004
0805069518	4.0
0894803123	4.0
0936184752	4.0
080506950X	3.0
0375508260	4.0
0393321282	5.0
0394510496	5.0
0061096644	5.0
0684813637	4.850434782608696
0312263767	5.0
0307730093	5.000000000000001
1586482483	3.0
1572437901	5.0
0307887715	5.0
0330319922	2.0
157120086X	5.0
0345298063	4.0
0786720123	5.0
046502467X	5.0
0312938543	4.0
0441009239	3.0
0300108710	4.0
0399155139	5.0
0307265439	4.0
0671562509	4.0
141654786X	5.0
0805069526	4.0
B0042P5GOO	4.0
0618875530	3.0
157579277X	2.0
0143105930	3.0
1482096528	4.0
0700609199	5.0
0763625949	5.000000000000001
0743284577	3.0
089526272X	1.0
0688119123	4.0
159448550X	5.0
0684844168	4.0
0151027072	5.0
0679428828	4.0
0061092029	4.0
0440419441	2.0
0805069534	4.0
0743299841	4.0
0300139454	4.0
0425252035	5.0
0452279755	4.0
1607056690	5.0
0307881393	5.0
0195078942	5.0
0060584750	5.0
0374178909	4.0
0375502726	4.63061797752809
0765332019	5.0
0375708731	4.0
1584797959	5.0
1856696146	4.0
0143034758	4.721105527638192
0060193484	5.0
0312034504	3.0
0060502886	3.0
0674016963	3.0
0765323559	3.0
1560851511	3.0
0671673343	4.528857479387515
0066212839	5.0
1556527772	5.0
0312421133	4.0
0671741241	5.0
0029227968	4.0
0375408746	4.0
0446562416	5.0
0306818086	4.0
0679723250	5.0
0689851928	5.0
0743562623	3.0
0385507488	5.0
0470121181	5.0
0060081961	4.0
0781445434	5.0
1586481126	4.0
0805087192	3.0
0898701805	5.0
0141038985	5.0
0306808048	5.0
0312306261	5.0
0060121246	4.0
0395779278	5.0
0195007778	5.0
0811824497	4.649794801641587
0553271369	5.0
0767903145	5.0
0743243811	4.0
0060915331	5.0
1480529699	3.0
0330317547	5.0
0465024645	4.0
067154294X	5.0
1414319703	4.0
0140282033	3.0
0060175834	4.0
0099244926	4.0
0805082921	4.0
078688214X	3.0
0688077943	5.0
1592400043	4.0
082542982X	5.0
0385359594	4.0
0060937351	3.0000000000000004
1574327348	5.0
0848731034	5.0
0761128255	5.0
030680607X	4.0
080508715X	3.0
0743264738	5.0
0688162193	3.4895287958115184
0671217704	4.0
0375433430	3.0
0449219771	5.000000000000001
0425167720	3.0
0984825630	5.000000000000001
0099526409	5.0
0425189988	5.0
0140169539	3.0
0688156541	4.0
0761122745	5.0
0375405445	4.333088235294118
0671244094	4.314159292035398
0141034599	3.0000000000000004
0670063533	4.0
0764569112	5.0
1477417370	5.0
0143038915	4.0
0307277666	5.0
0842355707	5.0
0618405445	4.0
0312424442	5.0
0062133438	5.0
0684811448	2.0
0984825614	5.000000000000001
0375508473	4.502941176470588
0935278435	4.0
1580087329	4.0
031264065X	5.0
1587680092	5.0
0739334581	4.0
1439176833	5.0
0684813483	5.0
1419339788	5.0
0470125128	5.0
0061373311	4.0
0374292795	5.0
0142427772	3.0
1400065542	4.0
0316774707	5.0
015159547X	3.0
0312383703	5.0
0553295772	4.0
0385527209	5.0
0945707037	4.0
0684811073	4.733924611973392
0307275663	5.0
0743203399	3.5825242718446604
0061740403	3.0
0061994715	4.0
0374175268	5.0
0679440585	5.0
0300114311	5.0
0823218821	5.0
030682129X	4.0
1560231858	3.0
0879237996	5.0
1594485593	4.0
0936184582	5.0
067157714X	4.688311688311688
0671885650	4.0
0375422331	5.0
0029099110	4.0
044630557X	3.0
1586481789	4.0
0446526770	5.0
1574329367	5.0
0060586540	5.0
0393038912	5.0
0609808443	5.0
0060175400	4.105704697986577
0385337388	5.0
0743285026	3.0
1416550402	3.0
0451527542	4.0
1400095182	5.0
0671880187	5.0
0060095725	3.0
0751536822	5.0
0684814110	4.0
0345532023	4.0
0764552503	4.0
0060194162	3.0
1564772020	5.0
0195178238	5.0
061528194X	5.0
0375404546	4.0
0679463232	4.0
0312316097	4.0
0143038273	5.0
0374215146	5.0
0099451956	3.0
081541000X	3.0
0805056866	5.0
1741795273	3.0
0143115561	5.0
0966431502	2.0
0609808672	4.0
0374237131	5.0
0345532015	4.0
0810110245	5.0
046501397X	5.0
0877794200	4.0
1433502399	5.0
0312359861	4.0
0812511921	5.0
0312291191	5.0
1416547495	5.0
0156439611	5.0
0801064694	5.0
0375713255	1.0
0143144006	5.0
0026045702	4.609756097560975
0761117199	4.0
089480751X	5.0
0465045790	3.0
0140368140	5.0
0375866507	1.0
0945707061	3.0
0375414339	4.589416058394161
0739320386	5.0
0143038281	3.0
0140089225	5.0
0140249281	5.0
0812975707	5.0
0312309376	4.0
0375413243	5.0
0671456547	4.882112590799031
0151003084	4.0
031253907X	4.0
0765316196	4.0
0006479758	1.0
0848728254	1.0
0615559220	3.0
0140296271	4.290229885057471
0300080301	4.0
0375701044	5.0
0195159543	4.0
0446516503	3.0
1416557067	5.0
0743244745	3.0
143913765X	4.0
0812970497	5.0
031230935X	5.0
0486292576	3.0
1496147111	5.0
069452154X	4.0
0393068137	5.0
0671540939	5.0
0684802317	5.0
1934533033	5.0
0393060411	5.0
0312855117	4.0
0060936428	5.0
0764141295	2.0
043920352X	5.0
0425142078	1.0
0312983379	5.0
1933615184	4.0
0977898458	5.0
1589232275	5.0
0141182571	5.0
0195157133	4.0
0061096857	1.0
0679444904	3.964285714285715
1564776425	5.0
0440223016	4.0
0231133804	5.0
0316260495	5.0
0252012968	3.0
0066213711	4.0
0618556133	5.0
0553714430	3.0
0060921161	5.0
0061702560	4.0
0140120904	5.0
0140137556	5.0
0312427794	5.0
0393304124	5.0
0375500901	4.44988864142539
0743226070	4.0
0700603204	4.0
1564777987	5.0
0802138527	5.0
0307275639	5.0
B00630XXIW	5.0
0446607339	4.0
0060794410	5.0
0743418301	5.0
0385340567	4.0
1569802947	4.0
0449909336	4.63061797752809
1842122142	4.0
0559836392	4.0
0671570587	5.0
0385512198	4.0
0805073396	4.004366812227074
0394485289	2.0
0393066185	4.0
1574329146	5.0
0465008127	4.0
0954127560	5.0
0679642811	4.0
1579654347	5.000000000000001
0679446958	4.7360655737704915
0393046710	5.0
0002117088	5.0
0399152431	4.55090909090909
044657967X	5.0
0764544829	4.0
0060921781	5.0
0525953728	5.0
0743246969	4.0
1400044561	5.0
0143114093	5.0
0060163119	5.0
1563525232	4.0
0385489129	4.0
006144586X	4.0
1584792965	5.0
0307276902	4.146341463414633
1931847126	5.0
0374123543	4.256544502617801
077831412X	3.0
0306801280	4.0
0030266408	5.0
0060974060	5.0
1933615141	3.0
1571202250	5.0
0060516054	3.0
0674031520	4.0
0609610015	5.0
0316210919	4.0
0465022715	3.0
0671795678	5.0
1416549021	5.0
076151337X	5.0
0847829863	5.0
0761101470	5.0
1449316646	1.0
B0088CQPOM	4.0
0060955570	5.0
0671023179	3.0
0195045467	3.0000000000000004
014303538X	4.999999999999999
0375404945	2.0
0375756450	4.0
0988926490	5.0
006058081X	5.000000000000001
0976260816	5.0
0802119921	5.0
1400044103	4.0
0743243676	5.0
0307452360	5.0
0061950726	5.0
1574329057	5.0
0671747584	4.0
0881505811	5.000000000000001
0393065200	5.0
0316044695	4.677298311444653
0806134267	4.0
0312315600	4.4059753954305805
067152836X	3.0
0060006927	5.0
0307377849	4.0
0679735909	4.0
0977261107	5.0
0060518499	5.0
0192854054	3.0
0802714404	5.0
0688044026	5.0
006095339X	5.0
031236153X	5.0
074325547X	4.0
0028610156	4.0
0399155503	5.0
0330444085	5.0
0805062882	4.0
0895864762	5.0
0871136562	4.0
0395670292	5.0
B009BZFQ4U	5.0
0156788705	5.0
0231108842	4.0
059519897X	2.0
0312092393	5.0
1592406017	5.0
0696238292	5.0
0967266300	4.0
0061189359	5.0
1442350458	5.0
0345392612	5.0
0375505857	4.0
0061147710	5.0
037543190X	4.7518037518037515
0806523212	3.0
0393323943	4.0
0375504540	5.0
0060875984	5.0
1455134767	5.0
0803498691	3.0000000000000004
0743202945	4.0
038536315X	3.0
0671441337	5.0
0864427107	4.0
0613501349	3.0923645320197046
0688162746	4.0
031256550X	5.0
031615976X	4.0
0300098588	4.0
030758836X	3.420824295010846
068971534X	5.0
1492291560	5.0
0674479408	4.59850374064838
0743243021	4.0
0316097837	5.0
0307339386	4.0
1591840880	4.0
1400034582	5.0
0060188243	5.000000000000001
0671207148	5.0
0297817892	2.0
0307885151	3.598503740648379
0060837012	5.0
0805069054	5.0
0380731649	5.0
1600853358	4.0
0974470619	5.0
0304352845	5.0
0007410956	4.0
0684863650	5.000000000000001
0425133516	4.0
1441766073	5.0
1416540261	5.0
0307463451	4.0
0385514409	4.0
0060187166	4.0
0743255453	4.0
0394746163	5.0
1402747284	5.0
0061535680	2.8066825775656326
0316010669	4.0
0316159794	4.0
0743289684	4.0
0192880519	5.000000000000001
0140440720	4.0
0674443020	5.0
0140186409	5.0
0465020755	3.0
1782991034	5.0
0340898917	5.0
0684849119	5.0
0143118862	3.0000000000000004
0895261499	5.000000000000001
0679451900	5.0
0195162471	4.0
0316292613	3.375
1416546812	5.0
B00IC4QS84	2.0
0375400524	4.0
0312347294	4.0
0061671789	5.0
B00629ZRTC	5.0
0743202759	4.0
0061095397	1.0
0465003109	4.0
1891767003	2.0
1594201056	4.0
0099443635	3.0
1936399474	4.0
0345308239	5.0
0805069232	4.0
0935278664	5.0
1933495200	3.0
0470656751	5.0
0671685635	5.0
0780648838	4.0
0399153357	4.424689440993789
0374505845	3.0
0393064778	5.0
0028610105	3.7209971236816877
1439155208	2.0
014043223X	5.0
0805091181	4.0
0062008110	5.0
1400097924	5.0
0395869323	5.0
0307594009	5.0
0805069488	4.0
0375752285	4.0
0812976665	5.0
0385494580	4.0
0871139456	5.0
1477849807	4.0
006092988X	5.0
0877849919	5.0
1416591877	3.0
B007S0FU8W	5.0
0743248996	5.0
0521584361	5.0
0618226168	5.0
1449418279	2.0
1591846390	5.0
0547518269	5.0
0345531973	4.0
014101587X	5.0
1613756143	5.0
0020519001	5.0
0375410546	5.0
030726646X	5.0
0609804634	5.0
0805069496	4.0
0684810549	5.0
158261797X	5.0
0521821991	3.0
0671534653	3.0
0375504524	4.0
1422364054	4.0
0743552660	4.0
0743226712	4.0
0684856999	4.0
0345531965	5.0
0415235243	1.0
0553382403	5.0
0786868767	4.0
0811867811	4.0
0061020249	3.0000000000000004
1570613818	5.0
0812975111	4.0
006092635X	2.0
0143034480	4.367158671586716
0525949615	4.0
0385535775	5.0
0446517127	3.0
1557507929	3.0
0974537616	1.0
0786720972	2.0
0395599687	5.0
1442359919	1.841648590021692
0385729324	2.0
1440214298	5.0
148028887X	5.0
0446579807	5.0
1400081394	4.0
0312425902	5.0
0060838728	5.0
0684863022	5.0
0743572203	5.000000000000001
0743204735	3.0
0609804618	5.0
0521443172	5.0
044656740X	4.0
0765311054	2.0
0486280853	5.0
0801984963	5.0
0385493282	5.0
0060975768	5.0
1570670099	3.0
0060931302	5.0
0060825413	2.0
0671536818	4.5394045534150615
0393320278	4.0
1567311180	4.0
B009M7G1PU	2.0
0385044518	5.0
0811816486	5.0
0345427637	3.0
0743277287	4.0
0312245475	5.0
0345404777	4.5966587112171835
1589236084	5.0
0061143197	5.0
0316013315	5.0
1400051991	5.0
0671523740	5.0
0375422803	4.0
0399153152	5.0
074329047X	4.0
0312371128	5.0
0826211712	4.0
0452011604	3.0
0395855128	4.0
1589011961	3.0
1439178305	4.0
0062294377	3.0000000000000004
051770210X	2.0
1586404571	3.0
0805070664	4.0
141659275X	1.0
0385494106	3.0
0393311333	4.0
061822632X	4.0
0099429799	4.0
0786865229	4.0
0393019551	5.0
0671741454	5.0
0195079043	5.0
0307408493	4.0
0936184973	5.0
0373892055	4.0
0674000803	4.0
0156004801	5.0
0374299447	5.0
0785812636	5.0
0743266196	4.0
037550057X	4.0
0679404937	5.0
0385052154	5.0
0806526777	3.0
0060194995	5.0
1596915218	5.0
044657788X	3.0000000000000004
0345405609	5.0
0307388921	4.0
0142800821	4.0
006018471X	5.0
0684824906	5.0
0142003344	2.0
0394563492	5.0
0778800547	4.0
0399154221	4.762042389210019
0300084323	5.0
039914465X	1.0
0743205839	4.0
034541103X	5.0
1612186025	3.0
0226485862	5.0
0393074595	5.0
0805069224	4.39764705882353
0060976624	5.0
0385506198	3.479166666666666
0805069461	4.0
069113927X	4.0
1400034183	5.0
1891400207	5.0
0395177138	5.0
0613065425	5.0
0739304038	1.0
0743217810	5.0
0671892878	4.0
0395982111	5.0
155921001X	5.0
0060931752	3.0
068486214X	5.0
1579900801	4.0
0060974680	2.0
0440220688	3.0
0553078755	4.0
0762425954	1.0
0307280721	2.0
1585673455	5.0
0143123238	4.0
0393058263	4.0
0679781218	4.0
006016848X	5.0
0465036317	3.0
0802143377	4.0
0805069631	4.0
0060780983	5.0
0195097327	5.0
0375405380	5.0
006073132X	5.0
0451528921	5.0
0553502689	5.000000000000001
0671045792	4.0
0688122884	1.0
0312598920	5.0
1596687568	4.0
0195038347	5.0
0393060578	4.0
0140260781	3.0
0399156585	5.000000000000001
0143034898	5.0
1600859550	5.0
0440210275	5.0
0671676520	3.0
0671568175	5.0
034531221X	3.0
0465002528	5.0
0452278511	5.0
0375500898	4.0
0143113895	4.0
0446576514	4.0
0307389006	5.0
0006551807	4.0
0312170238	5.0
0316065765	4.0
0385510519	5.0
0684810271	4.552777777777777
068482793X	5.0
0231108346	3.0
0060594667	2.0
0060927623	5.0
1118532783	1.0
1561452165	5.000000000000001
0679600507	4.0
0061999245	4.0
0394480767	5.0
0060756659	4.0
0316117366	3.0
0465041914	2.0
0767915410	4.0
0060883529	5.0
0743202120	4.495601173020527
0307275167	4.0
014241722X	5.0
0805069429	4.0
1596914440	5.0
1574889230	5.0
0240802403	5.0
0763613827	5.000000000000001
0060628669	4.0
006092215X	5.0
0307407926	4.0
0345336674	5.0
1416556249	3.0
0743527992	4.0
0375421548	4.0
0743226127	4.0
0374531943	4.0
1569802432	5.0
0099743612	4.0
1618930559	5.0
0962096326	4.0
0385425473	5.0
0375431101	4.999999999999999
0936184671	4.0
033044123X	5.0
0679769781	4.520833333333333
0300120761	5.0
0671447548	4.513628620102215
0394428137	5.0
0807820202	5.0
0061015733	4.0
0393036022	5.0
0809105039	4.0
0813342627	3.0
0374281998	4.0
0802717780	5.0
0936184663	5.0
1561583634	4.0
0935278575	5.0
0452297494	5.0
1594032130	5.0
1567180167	5.0
0330487256	4.0
0394747909	3.0
0375507248	3.0
0805242805	5.0
0143034669	4.0
0446530999	3.0
0684847957	5.0
067121781X	5.0
0060193395	5.0
0345534522	5.0
0520062388	5.0
0684827905	5.0
0060746408	4.0
0688142028	4.0
0300137192	5.0
1607057468	5.0
0312945175	3.0
0970445717	4.0
0385508646	5.0
0262540428	5.000000000000001
0451192036	5.0
0312119151	5.000000000000001
0452291925	3.0
0345504348	3.0
1452101523	3.0000000000000004
0062548743	5.0
0936184442	5.0
0375408819	5.0
0812979362	5.0
0739359339	4.664246823956443
009956064X	2.3849658314350797
1561584940	2.0
0099685000	5.0
1491523409	3.0000000000000004
0811845052	5.0
0312043376	5.0
0743250206	5.0
0060195339	5.0
0743260244	5.0
0312829159	2.0
006075401X	5.0
0679412166	4.0
0803292945	5.0
0802133584	4.0
0062316869	4.0
0931969077	3.0
0061624772	4.0
0312282575	5.0
0312352085	1.0
0671769561	2.0
0740777432	5.0
0763612588	5.000000000000001
0767903617	5.0
1935096818	5.0
1880158353	5.0
0375713344	5.0
0393049949	5.0
0743245911	5.0
1560851813	4.0
0345408772	5.0
1584793414	5.0
0375507450	3.0
B004USSPN2	4.0
0786116102	4.0
1605294705	4.0
0679643613	5.0
0345433726	5.0
0393068471	5.0
0195147626	4.0
0895260603	5.0
0307743683	5.0
0811201805	5.0
0393045358	2.0
0143035908	5.0
080419257X	2.0
0060760958	3.0
0151972036	5.0
0670034053	5.0
015603297X	5.0
0307352145	3.0
0861711769	5.0
0805063021	5.0
0520242459	5.0
1416545182	5.0
0312264100	1.0
030011575X	5.0
B006OLOT74	5.0
0880706317	3.0000000000000004
0345408780	5.0
0140266712	5.0
1591024579	5.0
1400043891	5.0
0061006629	4.0
0345349571	5.0
0312319002	5.0
0140186832	5.0
0684803348	5.0
0060973722	2.9542743538767398
157432859X	4.0
0312868758	3.0
1594030804	5.0
1594200408	3.0
1426210191	5.0
0300123159	5.0
0140259198	5.0
1477849475	3.0000000000000004
0307353486	5.000000000000001
0141039280	4.0
0349108706	4.0
1416583688	3.0
0192823698	2.0
0151446474	4.463414634146342
0812970586	5.0
0446364800	5.0
0375507469	1.0
0345803221	5.0
0399151788	5.0
0684801337	4.0
1893554252	5.0
0375405976	2.0
0385516401	5.0
0767900146	5.0
0007386648	5.0
0345324250	4.583941605839416
B007XYIGR0	5.0
1934572500	4.0
0142423092	5.0
068485628X	2.0
0871951762	4.0
0394757793	5.0
0750922923	4.0
051722271X	5.0
0380727412	5.0
0717801918	4.0
0312626681	4.0
0826410014	5.0
0375413111	4.0
0060899735	5.0
067100221X	5.0
0316015059	3.0
0252010434	5.0
006185929X	4.0
0394555090	4.533810143042913
1558322442	5.0
0140237194	5.0
0451236963	5.0
0060008814	4.0
0140139400	3.0000000000000004
0684826631	5.0
0896895742	4.0
1586420003	5.0
0743211936	3.389140271493212
0465008267	4.0
0385339208	5.0
0471078646	5.0
0061340324	4.0
0671688774	5.0
0060573775	4.0
0140288503	5.0
0915992043	4.0
0613998057	4.0
0151567956	4.0
0061431389	5.0
0767902793	5.0
1561588482	5.0
0385318790	3.0
0006530702	4.0
014242613X	5.0
0195054652	4.332708528584818
0091795273	5.0
0715327135	5.0
0871136619	4.0
0306815729	5.0
1576751511	5.0
1400052386	5.0
0743249070	5.0
0060554800	5.0
0307277941	4.0
0801011418	5.0
1469205955	1.0
0345406141	4.0
0142002801	4.625000000000001
0394583760	4.0
0307360814	3.0
0316111457	4.999999999999999
0375505482	5.0
0307264882	5.0
1600851444	4.0
1586481843	5.0
0385515340	5.0
0060884266	4.0
0812974743	5.0
0375507426	4.0
0679756868	5.0
0385507968	4.0
0375505008	4.704974271012007
