0143120409	4.0
0743230388	3.0
054410210X	3.0000000000000004
1886940908	4.0
0316067369	1.0
0857686364	5.0
0143143646	2.5273972602739723
0765326353	5.0
0312359675	5.0
0399151346	5.0
0618509283	1.0
0425238865	5.000000000000001
0345515501	5.0
0982833970	4.0
0547577532	5.0
1463749392	2.0
1444727338	2.0
0525953965	5.0
0805093079	5.0
039308700X	5.0
0061779725	3.0
0375708278	5.0
1480563730	5.0
B00EBZMKXA	5.0
0982762313	2.0
1611099587	4.0
1250009499	3.0
0857686356	5.0
1453608842	5.0
0979181518	5.0
1616148713	5.0
006199104X	4.0
0470392363	3.0
1470081369	5.0
0312356064	3.0000000000000004
0330493310	4.0
098484130X	1.0
1571207856	5.0
0385349173	5.0
0060781009	5.0
0062001353	5.0
0525952977	2.0
0061779741	2.0
0765327473	5.0
0812977823	2.0
0989042936	2.0
B004UJ98GY	3.0
1416563687	5.0
0709091664	4.0
0307704254	4.513399153737659
1933622717	5.0
0307595951	5.0
059600897X	1.0
0330484966	1.0
B00ASQS51M	2.0
0061374229	5.0
B00B1H1VXQ	4.0
0399129650	5.0
0544114442	4.0
0373832702	4.0
0812975634	4.0
0307280489	5.0
1439148600	2.0
0615714692	5.0
1499603851	5.0
0385335709	5.0
1848566778	2.0
0142427969	5.0
0765317680	4.3197957762822
1596061200	2.0
0385537859	2.0
0312552211	4.0
0340979496	2.0
0385741049	1.0
1455525839	4.366178861788619
030727828X	1.0
0446525871	4.496825396825397
0142800562	3.0000000000000004
0743233468	4.005830903790088
1426201257	5.0
1439102430	5.0
0942018303	5.0
1565122798	3.0
143367940X	5.0
B007CZULLY	5.0
0307406334	5.0
080211962X	5.0
0525952969	1.0
0743224841	3.0
0399162380	3.0
0452295513	5.0
1479399531	4.0
0345487133	4.0
030758836X	4.0
0385501129	2.0
0307957276	5.0
0452297907	5.0
0061791784	5.0
1602393524	2.0
1480563900	5.0
1455521248	5.0
B005NIXW22	5.0
B00DFIE80W	5.0
0312655479	5.0
0310724198	5.0
0451188454	5.0
1494904489	5.0
0618012710	5.0
0060786744	5.0
0307406342	5.0
0307292134	5.0
0824947711	3.0
0307272400	4.0
0451188462	5.0
0786704632	5.0
0974014354	4.0
043902353X	5.0
1439102414	5.0
0345443020	5.0
0062035878	2.0
0375504443	5.0
1401921795	2.0
B003UBTWDM	4.0
0441010725	4.0
0375703527	5.0
B00G0686EU	4.0
0140131612	1.0
1615190201	5.0
0786714301	1.0
0448400901	5.0
0786170549	4.0
0812977610	5.0
1477663096	5.0
0140291768	4.0
0446531421	5.0
0553583174	5.0
0399157840	1.0
0743233492	4.025741466144376
0307749436	5.0
0312352646	3.0
0425256456	5.0
0099464462	5.0
B008LYMI0W	4.213323883770376
0399166432	4.0
0821779451	1.0
0399143793	5.0
030794672X	4.742745098039216
0553593099	3.0
1585421952	1.0
031238324X	5.0
0062112341	5.0
0743284976	4.0
076532699X	5.0
0452287898	4.0
1479190217	5.0
1592334407	5.0
0446506699	5.0
0375830995	4.0
0486266109	5.0
098867257X	4.0
1250045630	5.0
0446530220	5.0
0671318292	2.0
0143119494	4.0
0143059300	4.0
0198326769	5.0
1569757348	5.0
0399157824	5.0
1400163439	1.0
0316105422	2.0
0544034600	5.0
0743292499	5.0
0765301679	4.0
0307588920	4.0
1439192987	5.0
B00F08993Q	5.0
0743233484	3.017857142857142
0452285216	4.0
0446554995	5.0
0345289072	5.0
0312186754	1.0
1250014409	5.0
147674355X	5.0
0062262300	1.0
0451231899	4.0
0749082550	5.0
0062073125	4.0
0345444388	5.0
0446564311	3.0790960451977396
1442359919	5.0
1414358482	5.0
159562015X	2.0
0544191188	3.0
0060838728	5.0
0804139024	5.0
0471686174	5.0
0345458427	5.0
1250043360	5.0
0553382950	3.0
0425225747	4.659485530546624
0765311054	3.922824302134647
1491243821	5.0
0345455282	5.0
0345542886	3.0000000000000004
B009JITLTK	4.0
0143058266	2.0
0062237187	5.0
1414358474	5.0
0061208515	5.0
1455516783	5.0
1414358490	4.0
0312339216	3.0
0345527380	5.0
075093204X	5.0
0399134654	4.031446540880503
0765311046	3.9690402476780187
0778322998	1.0
1451620691	3.0
0671661876	3.0
0316198730	2.0
0984042393	4.0
1612386431	2.0
0061806927	5.0
044653143X	5.0
0446564370	5.0
1416541187	4.0
0399155449	4.838388411045722
1585428450	5.0
0738735140	4.0
0060548932	2.0
0007149824	3.0
0988672537	4.0
1594633177	5.0
1285434668	5.0
0316240079	3.0
0425072959	2.0
0615964958	4.0
0375707050	3.0
B005A7VZ6Q	1.0
0553588338	5.0
0140282777	4.0
0671028383	4.0
0679728740	4.0
1940026016	3.0
0307717925	4.0
073562268X	1.0
0375409513	1.0
0316014508	1.0
1935251732	1.0
B006Q56PR0	5.0
0972002693	4.0
0312209282	5.0
0374230595	5.0
0316176486	3.0000000000000004
0099538733	2.0
0399157689	5.0
0345533739	5.0
0399157565	2.552173913043478
0743294378	5.0
0446576972	5.0
0451407377	3.0
0312169345	2.991525423728813
0345538196	4.0
1596680911	3.0000000000000004
0312556187	2.0
0451419480	3.0000000000000004
0062092812	5.0
006073132X	2.0
079380647X	5.0
1477817255	4.0
0756408474	3.0000000000000004
1599632306	2.0
1444735861	4.0
B00HK6UA34	5.0
0451236378	1.0
0983729840	4.0
0553586610	5.0
006000844X	5.0
0679724680	5.0
1595542140	4.0
045124060X	5.0
0307913090	1.0
B00G3DC7RW	1.0
1453887660	3.0
0307956822	5.0
B00KAFX90I	5.0
1482396807	2.0
1616148152	5.0
0786000899	4.0
0743294394	5.0
0393039765	5.0
0061962155	5.0
0399157786	5.0
0743597923	4.0
0765331284	5.0
0307394956	4.0
0425241130	3.0
0316166308	2.974739970282318
1423463846	5.0
0307473740	4.0
0981985912	5.0
0446573019	4.0
1449433081	5.0
0307277224	5.0
B00AQ0AEOQ	5.0
078521321X	5.0
0140390847	2.0
B004WG5M4W	4.0
0312651228	2.0
0765307006	5.0
0743294386	3.4868421052631575
0399154140	5.0
0316166316	3.0
B0042JSSSG	3.0000000000000004
0345416899	3.0
0739443615	3.5188679245283017
067002628X	4.0
0307474933	5.0
1440322481	5.0
174334273X	5.0
1886940150	4.0
0765302624	4.0
0099505967	4.673956262425448
0143013742	5.0
0062240501	5.0
0674027868	5.0
1590120507	2.0
0307455173	4.0
0312619766	2.0
B009NKXAWS	3.0
B00BF25J30	1.0
0345505336	5.0
0062279386	1.0
0965677605	5.0
0446554979	3.8649142535844807
B00CHQBRB6	1.0
0307932540	5.0
1613822480	1.0
0312352573	4.0
0307474925	4.0
0345404378	5.0
0446520985	2.0
0143123424	1.0
0316018724	2.0
B00BMFEWQA	5.0
0441011594	3.0
0099462095	3.0000000000000004
0312300824	1.0
0061626813	5.0
0312860420	5.0
0554376903	5.0
0470457724	5.0
0310205522	5.0
0316224553	5.0
0399150846	1.0
1561487309	4.0
0345536703	5.0
B00CMXCWW2	3.0
0446530999	4.0
044650534X	4.0
1884804128	5.0
149442133X	5.0
1886940045	4.0
1430231920	5.0
0385507674	4.0
0316224588	5.0
0761122745	5.0
0307278867	3.0000000000000004
1929242751	5.0
0142428167	5.0
0446554952	4.06854130052724
0312271204	5.0
0399162925	1.0
0671018191	4.0
0843955805	5.0
0399157697	5.0
0345496779	2.0
0399157573	3.0
1571205063	5.0
0312868170	5.0
0061020052	3.0
B00B0N10IC	2.0
0871404125	5.0
0007299540	1.0
0882822799	4.0
1478152419	4.0
0385340419	5.0
1571203079	5.0
144237134X	3.952830188679245
1452659370	1.0
0843955678	3.0
0399149546	4.2125230202578265
0307879496	5.0
1442361557	4.0
0743467728	5.0
0312365160	5.0
0399158383	5.0
0425208818	4.0
073946289X	5.0
0399158375	3.377272727272727
0425226239	2.0
0345485041	1.0
0786891459	5.0
0553575422	2.0
B00AVBNBHM	5.0
0446523372	4.0
0671011367	5.0
1599901943	5.0
0743496728	3.0000000000000004
0743272072	5.0
0312606931	5.0
1933648228	4.0
0312104561	4.0
0983573123	4.0
0399159339	3.7930449533502966
1416563709	5.0
0399161775	5.0
0006514006	5.0
0984259422	4.999999999999999
1557836000	2.0
0843955430	1.0
0446580287	5.0
0765308509	5.0
0356502740	2.0
0809573040	4.0
1585422274	5.0
0312964528	4.0
0544263618	4.0
0399157387	5.0
0061749443	5.0
0385340990	4.0
0446580295	4.125730994152047
031218087X	1.0
0765317699	2.0
076536302X	3.0
0735622701	1.0
0312266855	1.0
0670023175	4.0
1455517135	3.0
038553292X	4.0
0345534557	2.0
0983112428	4.0
0312377037	5.0
0307275566	5.0
0451238974	5.0
0061990019	1.0
0385340761	2.0
0756605954	5.0
0399157263	4.0
0615834086	3.0
0399159312	3.0
0544114604	4.0
0307408973	5.0
1595824154	4.0
0307406318	5.0
0984016007	1.0
0898218020	2.0
0449006905	1.0
0310205026	5.0
0470110074	5.0
0452287049	1.0
031285630X	5.0
0307743659	5.0
0553386514	5.0
0307947076	4.6132111492936225
0399159266	3.5272727272727264
0399161465	2.0
007147658X	2.0
0316226106	5.0
1438444842	5.0
0547198485	4.0
0062015664	4.0
193988912X	5.0
0142196835	3.5122749590834696
0988788055	5.0
0307393852	2.0
0307272591	5.0
1439102392	5.0
0321587995	5.0
0195181212	5.0
0800721217	5.0
0330517783	5.0
0399161570	3.0
0307381757	5.0
0765305038	3.0
0345536665	5.0
0307386171	4.0
0099255197	4.0
B00CKIOUGU	5.0
0307399125	4.0
0553245015	5.0
0312860951	5.0
0345505719	2.0
1595143947	5.0
B005S0V67I	3.0
0440153255	4.0
0373776721	1.0
0307960498	5.0
0399153934	2.0
142673543X	5.0
1475005873	5.0
0316102865	5.0
0143115626	2.0
0974063681	5.0
0316216798	5.0
0393956555	4.0
0195320158	5.0
0743254880	3.0
076115678X	4.0
1442361867	4.0
0553585983	2.0
1452114315	1.0
0140119906	5.0
078686804X	4.0
0395353939	5.0
B008EXSAES	3.0
1552978737	5.0
0425252868	5.0
0976717786	2.0
0316097543	2.0
0230761607	4.0
