0545170931	5.0
0061122106	3.0
0316094625	4.25
0312680457	4.0
0983478260	5.0
0451461452	4.0
1423144333	5.0
1455548987	3.8
1402285515	3.3333333333333335
0778313395	3.0
1423153286	3.5
1421501686	5.0
0062070223	3.0
1477514120	4.0
B00J1WU41S	5.0
1482596709	5.0
0152053107	4.0
0062118722	4.0
B005C7CWFM	3.0
B00E55HXLA	3.0
0373210302	3.6666666666666665
0985018100	2.0
0578125439	5.0
0374281394	5.0
1442430389	4.0
0061853283	4.0
0061833681	4.0
1471324052	5.0
1456493124	4.0
0987726242	4.0
B004YZB8XU	4.0
0756400082	5.0
B00F007WI8	3.0
1439123128	4.666666666666667
1451657919	4.0
0385736800	3.6666666666666665
0062021281	4.0
1606844393	5.0
0002007770	5.0
1466437715	4.0
1936976218	3.0
0373828209	3.0
1469289652	4.0
1477473971	5.0
0615935656	2.0
1477816607	2.0
0545417791	4.0
B007TLNFSC	5.0
0987726218	5.0
0803738153	5.0
0312609582	4.0
149223575X	3.0
1599559420	3.0
0441018645	3.5
161696183X	3.0
B00JAXSEFQ	5.0
B00J9U5VSS	3.0
0061257095	5.0
0385741391	5.0
0988812541	3.0
1558749543	5.0
1616263644	4.0
B00KFUJX58	4.0
B00I66AA1E	5.0
1401218008	4.0
0062082256	4.0
1594267138	2.0
0425256138	4.0
0316122386	4.5
0618965815	4.0
125004524X	2.0
1423111443	5.0
0141346159	5.0
0763649309	4.0
1497394333	4.0
0786891416	3.0
1479359084	4.0
0857071955	4.0
0062117432	5.0
190891047X	4.0
1419701789	3.0
0142415995	4.0
B00H4GZBUW	4.0
1770411593	3.0
B00F1REB5M	3.0
1416986030	4.0
1451657900	4.0
0061449091	5.0
B00CRVFMTE	5.0
0989373827	4.0
0578112175	4.0
1439154279	4.0
0385740085	2.0
0385743114	3.0
1480124419	4.0
0544000137	3.0
0062105450	4.0
0786891424	4.0
1743218451	4.0
0765331802	4.0
0061245097	4.0
061579615X	4.5
0821780573	3.0
0778328473	4.5
0763647594	5.0
0385736843	4.0
0312658508	3.0
1494856913	5.0
0385536313	4.0
0988812517	3.0
B00KUDOBT8	4.0
B00F8P3A36	4.0
0980245389	3.0
0061992259	4.0
1493763121	4.333333333333333
1439178232	3.5
1442480610	3.0
B00COG3XFW	2.0
1423144341	4.0
1476727228	4.0
143914799X	4.0
1495972216	2.0
0152066438	3.0
0756407508	4.0
0061245089	4.0
1416947280	4.0
0763647586	5.0
1423153294	4.0
B009XU69GM	2.0
1402282451	1.0
0373802447	3.0
1416918744	3.0
B00BNZ6XV6	4.0
0439551234	3.0
1416918736	3.0
1402250894	4.0
1493585738	5.0
0373778295	4.0
1442458720	4.0
B00B2BXY5E	1.0
1468309900	4.0
0762447281	4.0
1477473939	5.0
1940883148	5.0
061581932X	4.0
0061833665	3.0
0062082272	4.0
0060562498	5.0
0425223256	4.0
0989373843	5.0
0312656742	4.2
B00DTELN9G	3.0
1561457426	5.0
0316010197	5.0
0062008242	3.5
0449906647	4.0
0399152393	1.0
0984975314	1.0
1407124366	4.0
0765335344	5.0
B00GSVVXYW	1.0
044640103X	4.0
0763653446	4.0
0385521227	3.5
0545424925	4.2
0979393590	1.0
0374384673	3.5
B00E62IF8M	3.0
1416950095	4.0
0385311400	3.0
146109111X	1.0
0312656734	4.0
1469201615	4.0
0060080817	4.0
B005JTNDEM	5.0
0545221307	5.0
1937007820	4.0
1439156891	4.0
B00B73H3K4	4.0
1483913481	5.0
0330458167	5.0
0452296366	5.0
1419682105	4.0
B00HUU13ZE	2.0
0767932501	4.0
0451229681	3.0
0062008269	1.0
1439147973	4.0
1489553207	3.0
1495423786	2.5
1400163439	5.0
B00826OCRG	4.0
0451462726	4.0
0064405842	4.0
1401341500	3.0
0312542704	4.0
0979663660	4.0
0980245346	3.0
0007491263	4.0
0989373819	4.0
1442423218	3.0
0373210361	4.666666666666667
0984592687	3.5
0547482477	3.5
B00KQ71P0G	5.0
B00HTJBDMO	4.0
0987489933	4.0
1938623541	3.0
1416589899	3.0
1461160243	2.0
0985804602	3.5
0595359590	5.0
1439155585	3.0
B00HX8NJNM	2.0
1442423242	2.5
B00CNTSVZM	3.5
0544191188	4.0
0373210337	4.0
B00HQSEA96	4.0
031238369X	4.0
031624662X	3.0
0761462171	2.5
1490969497	4.0
B00HWMQDVE	3.0
0345386698	3.0
0545461006	4.0
B00CK51IRC	4.0
B00J4XQSFK	5.0
0316221333	3.5
006221635X	3.3333333333333335
1493530682	5.0
0452296315	3.0
1492857734	3.3333333333333335
1616201320	3.0
006207203X	3.8333333333333335
0987232533	5.0
0385742657	2.6666666666666665
0446579939	2.0
0718178122	5.0
0373210345	4.0
0441013813	4.0
1416950052	3.0
1494458543	4.0
0062072064	4.8
0312424701	4.0
0425220168	3.0
0261103288	5.0
B00IMMXQY0	4.0
1620072998	4.0
0375858598	5.0
0140386335	5.0
0985804629	4.0
0373210353	3.0
0984680098	3.0
1250002990	3.5
0385741359	3.0
1606904507	4.0
0756406269	4.0
1442402326	4.5
B00FZ2EK54	1.0
1451664257	4.0
0316094609	2.3333333333333335
1442416971	4.5
B006TI8JLY	4.0
0985275227	4.0
0545476992	3.0
0425224511	2.0
1495414876	5.0
0515134899	3.0
0060825316	5.0
1595146652	3.0
0545229243	3.0
B004Z1FQ0O	1.0
0142411558	4.0
0615803830	4.0
1616267127	3.0
0385523882	4.0
0984592636	3.0
0545433819	4.0
0373210329	5.0
B00G0ZMWOG	4.0
1475280904	4.0
B00D6KEIJ0	4.0
1448607493	3.0
0525423893	4.0
0756981808	5.0
1400318432	4.0
067165831X	3.0
B00EK52IME	5.0
1849905177	4.0
014241591X	4.0
B00JUB3XJA	4.0
1478193484	5.0
B0062J11OM	3.0
0143115979	5.0
0991566661	3.0
0765325942	3.0
1595545417	4.0
0345533739	4.0
1609418379	5.0
073872341X	5.0
0141345659	5.0
1935597256	3.0
0545169151	4.0
0375856765	5.0
B00D8MYD6Y	4.0
B008HYPD58	4.5
B00C4VTIII	5.0
0765325950	5.0
0385751605	4.0
1609418387	4.0
1490559175	3.6666666666666665
1595545409	4.0
0375864393	4.0
B00AR34I80	4.0
038573428X	5.0
0735340242	4.0
1483909395	4.0
1561455784	4.0
0312614144	4.0
B00KWISN5E	4.0
0062089641	3.5
1494237229	4.0
031613399X	4.5
1477615717	3.0
1490347402	4.0
0545284155	5.0
0756407494	5.0
0373777787	4.0
0060765240	4.0
006210182X	3.0
0385739990	4.0
0399252622	5.0
1483948978	4.0
B0063UL9FQ	5.0
0615827837	5.0
0307720276	3.0
0375868763	3.5
0545284120	4.0
B00D5YWZFQ	3.0
1477817158	4.2
0983829349	4.0
0451469402	5.0
0060273224	4.0
1477818480	5.0
0062120166	3.0
0547239971	3.0
0375856781	3.0
0615861784	4.0
0571129277	3.0
0316197157	4.0
1419704036	1.0
1461058481	4.0
0375868771	4.0
0545169178	3.6666666666666665
0061957917	5.0
0061243302	4.0
B00HZ46GS4	4.0
0545284139	5.0
0515124648	2.0
1442457392	3.5
B00534QD18	1.0
0385740980	2.5
0062235591	3.0
0842383131	4.0
0373210299	4.0
1606842633	3.75
B00KAFC6MK	3.0
1490946810	3.0
076532153X	5.0
0062104926	3.0
193939290X	3.5
1476712980	3.3333333333333335
0345481283	5.0
0547248040	3.0
0345519477	5.0
0804177015	5.0
0142421871	4.333333333333333
0385538154	4.0
B009LTC8Z6	5.0
0425207234	4.0
1606842641	3.6666666666666665
1623420415	5.0
0778314618	4.0
0307473716	3.0
1476735603	4.0
1606192892	4.0
1451672721	5.0
0452296293	4.0
0062063073	4.0
0316074144	4.0
0062294776	4.25
0758214723	2.0
0061134082	4.0
B007N6JEQ0	3.0
147675652X	3.0
1416934758	2.0
0802789919	4.0
1484835263	4.0
1402243693	3.0
148488907X	4.0
0143124862	4.0
1440556652	2.5
B0086XGFTS	4.0
B00C4BA6A2	4.0
0615840841	5.0
B00686HQKW	3.0
0316074152	3.0
1940534291	4.0
0142406252	4.666666666666667
0316133973	4.666666666666667
0373210280	5.0
B00L1MSEZO	4.0
0316246573	5.0
0316080845	4.0
0062294784	3.75
0385737386	2.75
0345451422	5.0
1405258217	5.0
1476756546	3.0
0062060813	4.5
0758281528	4.0
0545424941	4.333333333333333
1491283610	4.0
1595545425	4.0
1423171020	4.428571428571429
1442419954	5.0
1477823859	3.0
1595545433	4.0
0983829314	5.0
0060824972	4.5
0613460510	4.0
0451226674	4.0
1451626851	4.5
0061734780	5.0
0061013889	2.0
0545060443	4.0
1490473246	4.0
141970530X	5.0
B00DFRJK9C	4.0
1849902860	5.0
0062118692	3.6666666666666665
0738721646	1.0
1937007014	5.0
0062128027	3.8333333333333335
0615757375	4.0
0142417718	4.0
0312383703	4.0
1423183096	5.0
1484118782	5.0
0778326624	3.0
0545060451	5.0
1622660315	3.0
1480066095	2.0
0399157158	2.0
0062026127	4.0
0385734212	5.0
0375865640	2.0
0821924060	4.0
1481870912	5.0
0374332649	3.0
1466336943	4.0
1416532870	4.0
1402277857	4.5
0991251717	4.0
0142417726	4.0
148231312X	4.5
0316086959	3.0
B00I48KN16	3.0
0062049690	4.0
0061583227	3.0
0440423546	3.0
0307388670	4.0
B00J47HAUS	4.0
0991401115	4.0
0805089306	3.0
1938499921	3.0
0804177031	4.0
1596435712	5.0
160684086X	5.0
0545060427	4.0
0143117742	5.0
1416532862	4.0
0142501557	5.0
1611099048	5.0
148207849X	2.0
0743443748	4.0
055338631X	4.0
1477672281	4.0
0983149801	1.0
0062318322	3.0
1469902109	3.0
1442444924	4.0
0061799289	5.0
141697170X	5.0
0062128051	2.0
B004UC5RVG	4.0
0545060435	3.0
B00JPQ5RBW	3.0
0545060486	3.0
1419707930	2.5
149609946X	3.0
0545334810	3.0
0756405718	4.5
1620612267	5.0
0758225458	3.0
1493513303	3.0
075822544X	3.0
1496074173	5.0
B00DQIXS3Y	4.0
162878007X	5.0
0761461752	5.0
1475061323	4.0
1477485066	3.0
0803739486	3.0
1416947205	4.0
0545027896	5.0
0545060494	4.0
0765330423	5.0
1118116828	3.0
1491006919	5.0
0385740913	4.0
0373657102	4.0
1492115150	3.0
0061583219	4.0
006009334X	4.0
0786950285	3.0
0451231155	4.0
1482777169	4.0
1595141758	5.0
160125217X	4.0
1628780096	5.0
1482340771	5.0
1455511641	4.0
0763647519	5.0
1482688514	4.0
0440223016	4.0
1491043032	5.0
1402285450	3.0
0385734263	4.0
B00G8BTRWW	4.0
1492812080	3.0
0800733770	4.0
0761388656	2.0
B009R4KU2S	4.0
0062117386	4.0
0802789994	5.0
1402277822	5.0
0312623038	4.0
0972751483	2.0
0985374217	3.0
1402798431	3.0
0983829381	4.0
B00KC8Q522	4.0
006056251X	4.0
0007149042	1.0
0061876763	5.0
0062117378	4.636363636363637
1620612291	4.0
1401302874	4.0
1416971750	5.0
125001851X	3.5
1483956563	4.0
0142417793	3.0
0441015581	5.0
0803738188	4.0
0545328136	4.0
1494954664	4.0
B00GFC89XC	2.0
054506046X	4.0
1481402854	5.0
B009WVJTNW	4.0
0545060478	3.0
0143114662	5.0
0765326353	4.0
0696240564	4.0
0099465825	5.0
0312187459	2.0
0985417056	2.0
006182593X	4.0
0062060783	4.333333333333333
0786955007	1.0
145162607X	5.0
0345412745	5.0
006121468X	3.0
014241168X	5.0
0316232955	4.0
1402273401	3.0
0307582884	4.5
1416590935	2.0
0062102273	3.0
0765326361	5.0
0061978086	4.0
1576835316	1.0
1618771167	4.0
B00EHMG34E	5.0
1449560822	4.0
0373210426	2.0
0545221269	3.3333333333333335
0738739677	3.0
0606106766	5.0
0615887341	4.0
1936413213	3.0
0984817301	5.0
0307476103	4.0
1494954443	3.0
1938857267	2.0
038574126X	3.0
031612558X	3.5
142310921X	4.0
0062257803	2.0
0312614802	3.5
0778313298	3.0
0448451115	5.0
B008VO1V32	1.0
B005HRYBAG	5.0
0385741286	4.0
0307237516	3.0
147007169X	4.0
0982272502	3.0
0802723101	4.0
B0041KLDWY	3.0
0425239748	3.0
1439199086	4.0
0373802366	3.0
B00CWFAQJQ	3.0
1481280767	5.0
1908844310	4.0
0061579270	3.0
1402273436	3.0
1461147328	3.0
1496015703	4.0
1620612925	3.5
B006WSVWF6	2.0
1434764311	4.0
1495281078	3.0
0062009494	4.0
0062091093	2.0
0062206281	4.0
098848370X	5.0
0345545079	3.0
159514658X	4.0
0061057517	4.0
0425245594	4.0
1483912922	5.0
0451219376	3.0
0316209724	3.5
B00HHJGI5S	4.0
B00KAF4K38	3.0
0061720852	2.0
0451218043	3.0
0312605919	5.0
B00JCELEZ0	5.0
0385741294	4.0
0060554738	4.0
B00JB0D4GW	3.0
B0097UPCES	4.0
1616951508	2.0
1939529328	4.0
0142417807	4.0
1484007735	4.0
0451219368	5.0
1455521124	5.0
1489521534	5.0
042521575X	4.0
0988204215	3.0
1434764338	3.0
1611183979	5.0
0345423429	5.0
0802734685	4.0
0545054745	4.0
0553563343	4.0
0307885151	5.0
1402789572	3.0
0312643365	5.0
1442488697	3.0
1492901679	4.0
1494415593	3.0
0547496389	3.0
1594486093	4.0
B00LLWDUDK	4.5
0758231997	4.0
1442421592	3.0
1622661583	3.0
0316209740	3.0
006197806X	4.5
0738730408	4.0
0545142997	4.0
0399257543	1.0
0547224850	4.0
1477847014	2.6666666666666665
0451463323	4.0
0062257838	4.0
0345457641	5.0
0805076824	5.0
0441016154	2.0
0451232305	4.0
0385346824	4.0
006173506X	3.0
006172081X	4.0
1936413272	4.0
1482685302	4.0
B00IIYHLM0	4.0
B009AEM4NI	5.0
1456527738	5.0
0451228219	2.0
1482063557	4.0
0765302306	5.0
B008QYC1KE	4.0
B00JDYC5OI	3.0
1594744769	4.5
1423139933	4.25
1495307352	5.0
0312566816	5.0
1492144371	4.0
B00LOWZ4KY	5.0
0763658359	5.0
193753068X	3.0
0312573804	5.0
B00IMSI09A	4.0
0345527224	5.0
9749375084	5.0
0062008110	2.0
038573848X	3.0
0061730289	4.0
0987775367	4.0
0544027078	4.0
0060548940	3.0
0671032976	3.0
0425221571	4.0
B00CNTSV7K	3.0
0425236625	4.0
0727842358	2.0
0373210477	2.0
1484843002	3.0
0312360282	2.0
1423160517	4.0
1481096494	4.0
1477822577	1.0
0373778384	3.0
1477424261	4.0
1611099838	4.0
0373210485	5.0
1494374560	4.5
0811873005	4.0
1466451033	3.0
0738723231	3.0
1599903229	4.0
B00LEZ9E4I	5.0
0062224077	5.0
1475098782	4.0
B00II4KD0W	4.0
1937546284	3.0
B00JQJ10VY	2.0
0987775391	4.0
B004SYA76Q	3.0
0312360290	1.0
1479103780	5.0
1416575383	3.0
0802120512	3.0
0989210987	4.0
1562827480	5.0
0615972535	4.0
1400005329	4.0
015204566X	5.0
0399164227	2.0
0922433569	4.0
0373210493	4.333333333333333
0316117994	5.0
1484053699	5.0
0062272586	3.0
098290505X	3.0
1607014041	3.0
0142411663	5.0
1937945030	5.0
1623000068	5.0
B00AXHNHLE	4.0
1938404610	5.0
0062104896	2.5
0756408792	1.0
1493515152	3.0
149031802X	4.5
144240373X	4.0
0373210469	2.3333333333333335
0312569041	4.0
B00AKVV4TA	4.0
B00F1RE1M0	5.0
B00I6ZBRW6	2.0
014242059X	3.0
1613400004	3.0
045146284X	3.0
0470903740	5.0
1453624821	2.0
1620612941	1.0
1442409053	3.7777777777777777
0991325621	3.0
0142409359	4.0
0310950945	5.0
1492141291	4.0
1442477164	3.0
145164342X	3.0
0385743874	3.0
1442422017	2.75
019533616X	5.0
0312569033	4.0
1469298651	4.0
0062116851	4.0
0689872372	4.0
B00BFIR2HU	4.0
1492706671	3.0
0141004312	5.0
144240907X	4.0
B0052YBLI4	4.0
1423164911	4.5
0375815317	4.0
0316056243	4.0
006202065X	3.5
080509461X	4.5
1482055988	5.0
B00L1PCW18	4.0
B00DRL96CC	5.0
0312360258	2.5
0142800821	4.0
0061986534	3.0
1480207217	3.0
1480078999	4.0
1490353267	3.0
1442436670	4.0
006209419X	5.0
0007442920	4.222222222222222
0671032992	3.0
0373210450	4.333333333333333
0425265137	4.0
B0088ELXE2	5.0
0062064223	3.5
B00IK5AGAQ	5.0
1469980355	5.0
080272096X	4.0
0312642970	4.75
1476730091	4.0
0345545834	3.0
0316404381	4.0
B00K9QUXAC	4.0
1466337524	5.0
0061735108	3.0
B00ASBB4O2	5.0
1442402350	4.0
1419701916	3.5
0373776586	5.0
B0062CWSBE	4.0
B004L2LL1A	4.0
0805094601	4.333333333333333
0374372837	3.25
0758281463	4.0
1495369560	5.0
0385302312	5.0
0062026089	4.0
0743572750	4.333333333333333
054758136X	5.0
0142406325	4.0
0006514642	2.0
B00EO2X0OS	4.0
B00KVOTDRQ	5.0
0062193856	1.0
0425198782	3.0
1423171179	3.0
B007NRVOBM	1.0
B00IXX4IYU	4.0
B00JY0FOUS	4.0
0385302320	4.0
0312379749	2.0
0738725943	5.0
0060835796	4.5
0545259088	4.0
0385738544	4.0
1491006897	4.0
0061999008	3.0
1423164830	4.5
1611091039	4.0
0061802360	2.0
B00ARI22MY	5.0
0689865198	5.0
0547482507	4.0
1250032970	3.0
0615809057	3.5
0007388160	5.0
0739476637	5.0
B00EPZUSYY	4.75
0778312771	3.0
1423146166	4.0
0786815639	4.0
1492306495	2.0
0547581351	4.0
1492228451	2.0
B00DPM7QCA	3.0
0061990655	3.3333333333333335
0141322209	4.0
1497455049	4.5
0552163295	4.0
1493658433	5.0
1599982900	3.0
1466402113	4.0
0615490034	4.0
0547482515	4.0
1451666179	4.0
0062121308	3.2
1470068982	4.0
0062123963	5.0
1940941423	5.0
B008KFXSDI	3.0
1591169151	3.0
B00IHQKGJ4	3.0
0375867333	3.6666666666666665
1451657218	4.0
0547581327	4.0
0399160655	4.0
0316693251	5.0
1442483784	2.0
1416958630	5.0
1626390487	4.0
1884573258	4.0
0547482523	4.0
1481814915	3.6666666666666665
B000JQUU00	4.0
1477817298	3.3333333333333335
147781728X	4.0
B00DMR0NTQ	3.0
B00DZG3VSY	5.0
0061009059	5.0
1455574449	5.0
1939045002	5.0
0142419672	4.0
0670020923	5.0
0385738579	5.0
1461085977	5.0
0062135953	3.6666666666666665
B00BGC6GG8	4.0
1453728406	3.6666666666666665
0545048869	5.0
0425267814	4.0
1451695594	4.0
0345545869	4.0
1480213985	3.0
1606840797	4.0
1423116364	1.0
0307931544	2.0
0061542881	4.0
B00IH8IDVA	4.5
1416974733	4.0
0789744473	5.0
0062068652	4.0
B00I4CD87I	4.0
0615776590	4.0
0545060508	5.0
0307479129	3.0
0061965677	4.0
0425266516	4.0
144248246X	4.0
B00H8KRLGG	4.0
1482088800	3.5
1933353511	5.0
0991936809	4.0
1616953225	2.5
1476764298	3.0
0062048279	3.0
1463581033	2.0
098834095X	4.0
1601251831	5.0
0373767609	3.0
B00DA7MHUQ	2.0
1470077892	4.0
0312642962	4.5
0316056197	4.0
0385522703	5.0
B00GQZ653E	4.0
0062123920	4.0
1491255692	3.0
1482082632	3.5
0312575653	2.0
1481004379	3.0
0807083054	5.0
B00I2FSYIK	3.0
0988425904	5.0
0312658494	4.0
B00CC6X8HC	1.0
1442488638	4.0
0758216416	4.0
1482594129	3.0
1250007119	4.0
0785160426	3.0
1452102279	5.0
0062060716	4.0
0451234111	4.0
0312575661	3.0
0312948298	2.0
0545464269	2.0
1417808268	4.0
0976180421	3.0
1940883121	5.0
0062235656	4.0
B00HAOB9ZE	4.0
1599905078	4.0
0758216424	4.0
1601253591	5.0
148205633X	3.0
1616030062	4.0
B00K3VVH6W	4.0
B00KPAHCZQ	4.0
1606192108	5.0
014311784X	5.0
1492760994	4.0
1452107955	4.0
0425214478	3.0
0988489112	5.0
1442488662	4.0
0307743675	4.0
1476730946	4.0
0007447868	4.0
0312369530	4.0
0758216432	4.0
B00KXCD6WO	3.0
B00408AQ98	3.0
1423116399	4.333333333333333
0803734735	4.0
0062135929	1.6666666666666667
1400052580	5.0
031257567X	4.0
0547840047	4.0
0316001929	5.0
1491253002	2.0
1477686789	4.5
0575097469	4.0
0778314553	4.0
0307743667	5.0
B00BNFLCGW	3.0
1491046880	5.0
0441015662	5.0
1493780557	4.0
1490346015	5.0
0143113496	4.5
0312605935	4.0
0898218020	4.0
0142421901	4.0
0547393091	4.0
0062351893	4.333333333333333
147784709X	4.0
0763656526	4.5
0062003313	4.0
1481422340	1.0
1937044114	4.0
1606192124	5.0
0385740808	4.0
1452114234	4.0
0425272346	4.0
0385734123	5.0
0062259652	5.0
1476760772	5.0
B00GOG9U14	4.0
B00DY8HARG	5.0
0803738277	4.0
1599909405	2.0
0988425947	5.0
1468013491	3.0
1500417483	1.0
078689136X	4.0
1481100920	3.6666666666666665
0615909264	5.0
0062060759	4.0
0547729960	3.0
1493648268	4.0
1491039701	3.0
B00CDYOO8A	5.0
0425272354	4.0
0425258025	3.0
1594487448	5.0
0545519837	4.0
0758276915	4.0
1442488603	2.0
140220521X	5.0
193885733X	5.0
1440563926	4.5
1606840746	3.0
B00L9HIR4E	5.0
0758281498	4.0
0738722871	4.0
9899734810	3.0
1476751803	5.0
0062117262	2.5
0805080813	3.0
0062004662	2.0
0399162410	4.375
0545519845	4.0
0062279203	5.0
1623650860	4.0
0373772106	4.0
1616262346	3.0
1477823905	3.0
1470065843	4.0
B00IQOJE4K	2.0
0812975839	3.0
0312577427	4.5
0425226492	3.0
B00DY8HASU	5.0
0230108539	2.0
B00DY8HASK	4.0
0385734158	4.0
0062003321	3.0
0142427225	4.5
0062235672	5.0
1439158495	2.0
1493767550	4.0
0989527417	4.0
B00K0KH74C	3.0
1936909405	4.0
B00K6QIH8K	5.0
0451462084	4.0
1938857364	3.0
0615883001	5.0
0307975983	2.0
0778314006	4.0
B00DFFMYOW	5.0
0778315339	3.5
B002YX0NX0	4.0
1478386606	2.0
147518400X	4.0
B00G8H2F0C	3.5
0451232682	3.0
0689852223	4.0
1477847103	4.0
1630350273	5.0
0425267067	1.0
0142425990	2.0
0316056588	4.0
1419953249	5.0
031605657X	4.0
1896944302	4.0
1442481722	3.0
1492175390	5.0
0764345575	3.0
1905026269	5.0
0989247988	5.0
0375829822	4.4
0983157278	4.333333333333333
1471133524	3.5
1402260466	4.0
0756406838	5.0
1599908182	4.0
0547566875	3.0
0062107828	3.0
1595549218	4.0
0143038583	5.0
0765316897	5.0
0310739306	3.0
1400068665	5.0
0545290147	4.0
0670012750	4.0
B0044KM2L2	4.0
0984120610	4.0
1250001404	4.0
B00E8901R6	5.0
1941098053	5.0
1565126831	5.0
193639362X	4.0
0615832989	5.0
1937053571	4.0
0345524241	4.0
B00CK503PA	4.0
0385731353	3.5
B00DPAFPQG	3.8
1456307142	4.0
0765316889	4.0
0615543332	2.0
1455599085	5.0
0385742010	3.75
0738727571	4.0
0811839265	5.0
0307949826	4.0
0983157251	3.75
0385743343	3.0
0373774982	3.0
1490560726	5.0
1936850435	4.0
037321099X	4.375
1451677758	3.0
1439167397	5.0
0375869069	3.0
B00BCK3LAI	3.0
1482763273	4.0
1908844671	5.0
0399533958	5.0
1479124591	4.0
1594486182	3.0
1612184324	5.0
0060934700	4.0
B00GCMGWMA	5.0
1492167762	4.0
0142422010	4.833333333333333
0374360073	4.0
0606328084	4.0
0373210973	2.5
1480265802	4.0
193919394X	4.0
1250010314	4.5
0615822762	4.0
0062229036	4.0
0983157227	4.666666666666667
144245413X	4.0
B00CRXXTT2	4.0
0312367384	3.0
1475244207	4.0
0385537859	2.0
076793010X	4.0
0061799491	4.0
1476763526	5.0
B00DLTLE7U	5.0
1608871827	5.0
0375870059	4.0
006211851X	2.0
1466455330	3.0
0802170048	5.0
193781503X	4.333333333333333
0385742037	3.0
0786838159	5.0
B00JDYN8Y4	4.0
1499142978	4.0
B009SF5ITG	1.0
1489519106	4.0
1419700219	2.5
0425235440	4.0
0989416496	4.0
0983526699	3.0
0758266960	4.0
0615741606	5.0
0312583923	4.0
0142422037	4.0
0061344621	4.0
0312380348	5.0
1439192316	4.5
146792928X	2.0
0316085944	4.0
1941098096	4.0
0983157200	4.4
0449815978	3.8
0765327546	5.0
B00JIB4LR0	4.0
0062217070	4.0
1423157427	3.0
0399155600	5.0
1622662326	5.0
0544022181	3.4
1118526503	5.0
0982175698	4.0
0670786152	5.0
0957624433	4.0
031232118X	3.0
0425267040	3.0
0578032147	5.0
B005230NB6	5.0
0439895766	5.0
B00CO7GIFI	3.0
148499583X	4.0
0385528914	5.0
1595145184	4.0
B00CE7B31M	4.0
1423157419	5.0
1484076249	5.0
1480043176	5.0
0425256383	3.0
193685046X	4.0
080214151X	4.0
0373210965	3.0
0957238908	3.0
0758266944	4.0
B00IJNDYV2	4.0
0800734459	3.0
0451417909	4.0
B007AT1JS6	5.0
0805094598	4.384615384615385
1612183034	3.0
0316036919	4.333333333333333
0778326055	5.0
0544022165	3.0
0988491001	4.0
B00H2WCTMQ	5.0
B00A510VDU	4.0
0061886394	4.0
1439190593	4.0
0385743378	2.0
B00C2L7N4G	3.0
0142422053	3.75
B00EJR4V0U	4.0
0061370908	4.0
B00IECLA3C	2.0
006182674X	4.0
B00HH1JVCI	4.0
1933718552	4.5
B002DR3WG2	1.0
0373711301	3.0
1423137876	4.0
B00FCRLDWA	3.0
1599903342	3.0
B00INCJGWK	4.0
B00K90J2MI	3.0
1442421258	2.0
B00EMT2FI0	4.0
B00A286XF6	4.0
0316175560	3.5
B00FIL33ZA	4.0
1453812954	5.0
0451460758	4.0
1423149858	5.0
0312354959	5.0
0062278819	5.0
B00EX07ZBA	2.0
0399257209	4.0
0374302103	2.5
B00J0KYFSO	3.0
0989281027	5.0
1402256337	1.0
006209534X	3.0
0764207075	4.0
1469922754	4.0
0060009268	4.0
1484994566	3.0
B005DTRYNO	3.0
0062294059	4.0
0062082078	4.0
0385739230	4.0
0373210116	4.0
1595145133	3.0
1442458526	4.0
0316033057	4.0
B00K0JG5C8	5.0
B00BD49WQU	5.0
1601251505	5.0
1936593254	4.0
0385753543	3.0
0758226926	3.0
1937744191	4.0
0062070088	4.0
0738736430	2.0
0761463275	4.714285714285714
0307588920	4.0
0060754753	4.0
B00DFFMYZ6	3.0
0451463803	3.0
B00CCVVKMW	4.0
B00F9EZCKU	4.0
0989281043	5.0
1630350222	4.0
B00FILC2FM	4.0
B00K9NWRLI	3.0
0425243044	5.0
B00CKOVBVQ	4.0
1619632306	4.0
0425198812	4.0
0385740220	3.6666666666666665
0843941979	3.0
0373210132	3.6666666666666665
1620141434	2.0
0385740247	2.0
1593155298	3.0
1493750461	3.0
0989416402	4.333333333333333
0385344139	4.5
014132855X	5.0
1481999842	5.0
149539090X	5.0
B0055T4BV0	3.0
0307990893	5.0
B00DU2QXGK	4.0
054750151X	1.0
B00CLHER5E	4.0
006212126X	1.0
0451419707	4.75
0307745384	4.0
0989416410	4.0
1612180868	4.0
159554268X	4.0
1442435003	4.0
B00J048MRK	3.0
1494794357	2.0
0062304828	4.0
0765336405	5.0
0470571152	5.0
1451617291	3.0
0451419715	4.333333333333333
1451621302	5.0
1595143378	5.0
0615719740	3.0
098590190X	3.0
0989416429	5.0
1402294603	2.0
1936305062	4.0
0399257276	5.0
B00DGGUM76	5.0
B009H6XPV4	4.0
0307341747	4.0
0345532740	4.0
1595143394	4.0
0061985791	3.6666666666666665
1416599002	3.0
1250044596	4.0
B00JD223TW	4.0
0316221112	5.0
0373876912	4.0
1250001412	2.6666666666666665
0805095837	4.0
0345331354	5.0
039925725X	5.0
0547076347	3.0
038549422X	4.0
1442484829	3.0
0399257268	5.0
0374323038	3.0
1479124540	4.0
B00GEEB24O	4.0
0061668036	3.3333333333333335
0061779814	5.0
0380780747	5.0
1496109686	5.0
B00EKTC29Y	4.0
0307458830	4.0
0316036064	4.0
1402271905	4.0
B005O3PM3I	2.0
1595145990	3.0
1937744248	5.0
0985832916	4.0
1494297523	3.0
1442442913	5.0
1937536165	4.0
0802720854	3.0
0374346674	3.0
0061646636	5.0
0230755062	5.0
1463576641	4.0
1938404130	5.0
1439197121	4.0
042526663X	4.0
1620072270	5.0
B00K7RPZFQ	5.0
140883233X	4.571428571428571
B00K2U4OGE	3.0
1607102552	3.0
1937135047	4.0
B00CVLI2X8	5.0
1401688721	4.0
B00KJICKNI	5.0
1494443252	5.0
0765333333	3.8
073872582X	3.0
1603093001	5.0
1423148495	3.0
1595144668	3.0
037321006X	4.0
1442402008	4.666666666666667
B0063KJJAI	5.0
147931255X	4.0
0316098329	4.0
0989674444	5.0
0385751877	4.0
0765333341	4.0
B00BZKITMK	4.0
0062117181	3.3333333333333335
0615537456	3.0
030723827X	5.0
B00G0J9CGS	5.0
148391366X	5.0
0802720870	3.0
0425264017	4.0
0062076108	4.0
0373210086	3.0
0547626142	4.0
0062114905	5.0
B00K9V2OPE	4.0
1423102266	4.0
1492767891	3.0
1492103748	4.0
0606238409	5.0
0399155597	5.0
1939455030	3.0
0373710836	3.0
0982543808	4.0
1596435569	4.0
0061441708	4.0
0062020633	5.0
0373607989	4.0
0061976016	4.0
030758898X	3.0
0062076116	4.0
1599906465	4.0
0451230965	4.0
1401688748	4.0
0802723098	4.0
0805091408	5.0
038574160X	3.5
0307745317	4.0
0142422959	3.6
0061715808	3.0
0983831831	2.0
1423140567	4.0
0142408654	4.0
0061231150	5.0
1477675957	4.0
0385742932	3.0
1625107161	4.0
0761387994	4.0
0307277887	3.5
1423107977	4.0
0451233182	3.0
0545240778	3.5
1595145958	3.0
0062068520	3.0
159474551X	3.6666666666666665
0062130145	3.25
1423140575	4.0
0142410977	3.5
0758272839	4.5
015206396X	4.0
0373210035	3.75
0545230500	4.0
B00EVHGN5Y	4.0
1401309658	3.0
1451697414	4.5
0142428280	4.0
0143107291	4.0
0316051632	5.0
1484812387	3.0
0062230921	4.0
1416509887	4.0
0141339195	5.0
0062135848	2.5
098212239X	4.0
162253848X	5.0
0758272820	4.0
B00JKW0680	3.0
0061965316	4.0
0552550299	5.0
0373210043	4.0
0802775985	4.0
1257931326	3.0
0062068539	4.0
B008O0QUU2	3.0
B00E8HLU46	5.0
1939455073	5.0
0312424442	4.0
0440211697	5.0
034545829X	3.0
0758272812	5.0
0425219437	4.0
1442402040	4.0
1416900306	3.0
1423127595	4.0
0373210051	3.5
0425241343	4.0
1452662584	2.0
0545434181	5.0
0062118455	4.0
1452663874	5.0
0373210930	1.0
0988695111	5.0
1439183368	4.0
1936460068	4.0
0062068547	3.0
0758273339	5.0
1468596659	4.0
B00HOY8AN4	5.0
1493659472	3.0
1416990674	5.0
0060882131	3.0
014242207X	3.4
0312360827	4.0
0061791555	5.0
0060788194	5.0
014311882X	5.0
1423110706	4.0
1483959813	4.0
0425238598	5.0
1416509879	4.5
1402262124	3.0
1442485256	3.25
0988047217	4.0
0312367465	4.0
0312614780	4.5
1936305941	3.5
0062107798	3.0555555555555554
0385733119	4.0
1466269472	4.0
0544264975	3.0
0802117813	3.0
0316221082	5.0
0778324214	3.0
0385733135	3.0
0062003259	3.6
0062197258	3.5
0373210914	3.5
098869512X	5.0
0988695138	4.0
0778325555	4.0
1420100971	5.0
0312534884	4.0
1476755094	5.0
1491244658	3.0
1491266015	5.0
0312323859	4.5
1599901609	4.0
1442486597	5.0
0618683070	3.5
0547739664	5.0
0805090983	4.0
0370332288	4.0
0060882158	4.0
0738718688	2.0
1492940003	4.0
0152065709	5.0
1596439092	3.0
B0092QBP8Y	4.0
B00KGREQZW	4.0
0307346609	5.0
0451233166	3.0
B00JDPXCWG	5.0
0451217098	3.0
1416936351	4.0
0547608322	4.0
0557489563	4.0
0805090991	4.0
B00513PJ20	4.0
1476761779	4.666666666666667
0007317735	4.0
B00FXZK6XS	3.0
1595145931	3.0
0547738307	2.0
B00IIUBPHG	5.0
B00635UBW8	4.0
0062102907	4.0
0316042781	3.0
0439023483	5.0
B00JZZODA4	3.0
B007L9V58Y	3.0
1250048133	3.0
054529018X	3.0
0758269269	4.0
0399161465	4.5
1477817336	4.0
0345522478	3.5
1907519505	3.0
0061214655	3.0
0465068626	2.0
0812981383	5.0
0547599803	4.0
0062127373	4.4
1451673418	5.0
1416547037	4.0
B009YLRDQK	4.0
0316041440	5.0
0547739621	4.0
0984996907	5.0
0345522494	5.0
0439023491	5.0
0425238555	4.0
0441017975	4.0
1495416046	5.0
0062293605	4.0
1451641818	5.0
1939392756	3.5
1612186963	4.0
1602827435	3.0
160953039X	4.0
1451641850	4.0
1250006317	3.0
0399256865	4.0
B009R4P7J4	4.0
0375857826	5.0
1482772973	5.0
0316123536	5.0
0062026771	4.0
1402784031	4.666666666666667
1250021944	5.0
0060882190	3.0
B00LDD8NDO	5.0
0743566572	4.0
0441019706	4.0
0786818603	5.0
149043013X	4.0
0758269242	3.0
1477809732	4.0
B00BATNREQ	3.5
B00JTJ2F2O	4.5
145557631X	3.0
1597802166	4.0
0992142202	1.0
0312614799	4.0
0385338252	4.0
0812973771	3.0
0061701246	3.0
0758269250	4.0
0312360819	4.0
0312375069	5.0
1482725789	5.0
0316228532	3.5
1781767734	4.0
0061349496	3.0
031602712X	4.0
0446519383	4.0
0805089926	3.0
1908844582	4.0
0805090916	4.0
1402784058	2.0
0989479900	5.0
140278404X	3.5
0525422471	3.0
0061914657	4.333333333333333
0982500505	2.0
0441018521	5.0
B00KANKYJE	3.0
0062217135	3.3333333333333335
0061985848	4.333333333333333
B00CPG1UII	5.0
0385743203	3.5
B00JOPR0ZK	4.0
0765327457	5.0
1599901684	3.0
1423157516	4.0
1491010266	3.0
163035015X	5.0
0061985864	3.3333333333333335
0545283744	4.0
0385523386	2.0
0385739184	4.5
0142402516	4.0
0385732554	4.0
1630350168	5.0
1477473831	4.0
0062060554	4.5
1940014018	4.0
031603116X	4.0
0374524777	5.0
0061673560	3.0
1937053687	5.0
055358183X	4.0
1490431446	4.0
0545327865	3.5
1481142658	5.0
1463525966	4.0
B007LAGRG8	3.0
1494289105	3.0
0385740166	3.2
0062198505	3.8
0062023586	4.0
0062264338	3.0
1476783284	5.0
0375814663	5.0
B00KSFTUAI	4.0
0307589293	4.0
0316003956	3.0
0670025992	4.0
1250002826	4.0
0547688377	5.0
0061799319	4.0
0671737791	5.0
1616145471	3.0
0061869740	2.0
B00H0V069M	5.0
B004EYUHRE	3.0
0451240197	5.0
014219672X	4.5
0307719871	3.0
0316040096	3.5
1612131719	5.0
0399254234	4.0
0989407403	2.0
0385736932	3.5
1476733805	4.0
0689865406	3.0
0547688369	2.6666666666666665
1439159661	3.0
1118490193	5.0
1630350192	5.0
0989450236	3.0
0764210734	5.0
0545107105	5.0
B00I47UCSQ	3.0
0843957352	4.0
1451608446	3.0
1401324231	3.0
031604007X	4.0
0385522002	4.0
0061985813	4.0
1442466251	4.666666666666667
1478259531	4.0
1613775792	3.0
B00DEJ9500	4.0
0062027913	4.0
0765319853	5.0
1620610914	5.0
0062273280	2.6666666666666665
0062036866	3.0
0985180412	4.0
1630350125	5.0
0756406757	4.0
0671019740	5.0
1466339101	5.0
0062003941	5.0
1619630621	4.75
0545052351	3.0
0814412998	5.0
B00L7W9UYW	5.0
B008X6R6OG	3.0
0062003933	5.0
0312943636	4.0
0061914681	5.0
1494203081	4.0
1936976366	4.0
B00B6N9A4M	3.0
1492759333	5.0
148012561X	5.0
1937053644	3.0
0441020860	5.0
0812967941	5.0
0545429609	3.0
080273443X	3.0
0451461398	4.0
B00IQOFTEE	3.0
0062221213	4.0
0385342217	4.0
1416990658	4.0
1490530185	4.0
0061869708	2.5
0987534351	4.0
006200395X	5.0
1476763623	4.0
0307589250	3.0
0989479927	4.0
1489568859	3.0
0671027344	2.0
0061659282	2.0
043902353X	5.0
0547859260	4.0
0307388522	5.0
1595145060	5.0
1463739176	3.0
B00KLBHX44	3.0
B00G8BHJB8	4.0
1484829379	4.5
0989479919	4.0
1493560336	5.0
0886778891	5.0
0307271684	4.0
1440552614	3.5
015205300X	4.0
1843108801	4.0
0425247562	3.0
B00GG16OO8	4.0
0373618689	4.0
B00LZKMXBI	4.0
0061441686	3.5
1477820140	4.0
1402250924	5.0
1439197091	4.0
0307409120	3.0
1423161629	3.0
006219237X	2.0
0425244466	4.0
0606002952	5.0
B00BMKRL86	4.0
0340837780	3.0
0452296234	3.0
B00540L9II	3.0
1480255513	5.0
0545020786	5.0
B00L82ZQ8K	3.0
0373210264	2.6
0312303467	4.0
0062227327	5.0
0505528231	4.0
0425212866	4.0
0143188720	4.0
0062273248	4.0
0743258541	3.0
075824200X	3.0
193774406X	5.0
1442457325	3.0
1439197083	4.0
0425256448	4.0
0804119600	4.0
1940716020	3.0
144245864X	2.0
0061284394	2.0
0312577176	4.0
1849905231	5.0
1599904780	4.0
1402271875	5.0
0062083260	2.5
0505528223	4.0
0345535073	5.0
0061801313	4.0
1451625847	4.0
0615429505	5.0
0062114875	3.6666666666666665
1402281218	3.5
0452297540	4.75
0061668125	5.0
1466355018	4.0
1440552649	3.5
B00GEEB15Y	4.0
0141326085	3.7142857142857144
0385742770	4.0
0062273264	3.6666666666666665
1423168232	4.333333333333333
0857071459	3.0
0425255131	4.0
0373210248	4.0
1938397355	3.0
1476756503	4.0
1440721726	3.0
0544108841	5.0
0307245306	4.0
1499236212	3.0
B00J8TVM60	4.0
1499291019	4.0
0439023513	3.5
B00HZWSJIQ	5.0
1439197059	3.0
0061659223	3.5
1466429798	5.0
0425253384	5.0
0989450201	3.3333333333333335
1416975888	4.5
0615500951	4.0
0738736376	3.0
0375859551	4.0
0061344591	5.0
B00BEK71Q6	4.0
1476718202	5.0
0987136445	4.0
145389523X	4.0
0425231119	3.0
0141348291	2.0
1442365560	4.0
1599903423	4.0
0373210221	3.0
1595144579	4.0
0451462610	3.0
1491263849	4.0
0385739141	3.5
098518048X	5.0
B00CCI6D2W	5.0
B00B8VXG2E	3.0
0312201656	5.0
0984786368	5.0
0152050841	5.0
045122406X	4.0
B00DJB6KE2	3.0
1492886181	5.0
1612186041	3.0
1416978933	2.5
160684220X	3.0
0312387962	2.5
B00GSI39YW	5.0
0373618662	4.0
0061953407	3.5
1469984016	2.0
0590109960	3.0
1476712913	3.0
0099911701	4.0
0553588451	2.0
085707802X	4.0
1461060524	2.0
1601252994	5.0
0441020011	4.0
0373778589	4.0
B00JIV2YA6	3.5
0425232476	5.0
0062006150	5.0
0984325662	5.0
0061626317	3.0
B00H3TWIGK	4.0
0545284171	5.0
B0076LR1GW	4.0
076115020X	4.0
0545042143	3.75
1466234970	3.0
1455583650	3.0
B00JPRUYBO	4.0
B007WMQXZ0	5.0
0983429774	5.0
0142003255	4.0
B006ZVW3T4	3.5
0545537460	4.5
B00CCRTFSC	4.0
1461006953	3.0
1463768591	3.0
0373775490	3.0
1938404017	4.0
0802720730	5.0
0985266325	5.0
0983429766	3.5
B008173I62	4.0
0062020528	4.0
1480568503	4.0
0803736738	4.0
1595143203	4.0
0805092668	4.0
0385738773	3.0
1606842323	4.0
193915605X	4.0
0544087445	3.0
1451683782	4.0
0061450545	3.6666666666666665
1623420571	4.0
0802720749	4.0
B00700EYL4	3.0
0307913090	5.0
1491208295	4.0
0061450553	4.0
0811874605	4.0
054525132X	4.333333333333333
0142003239	2.0
0756407133	5.0
0803736746	3.0
1452661197	3.0
0373778538	2.0
0615500099	4.0
031608090X	4.0
0345531450	5.0
0142419400	3.25
0312648065	3.0
0983429790	4.0
0345495357	4.0
0803736754	4.0
0451229851	3.5
0062314254	5.0
1496145437	4.0
B00BWHWKFS	4.0
1416983406	4.0
0688003125	3.0
0142421715	3.25
0316199699	5.0
B00DK43O7E	2.0
B00HBR0QIG	1.0
0316067954	4.0
1448609070	5.0
0062305301	2.5
1490336869	3.0
1416926836	5.0
0857662627	3.0
061577637X	4.0
B009G4Q3NY	4.0
1479386928	4.0
1595143238	2.5
0062257242	4.0
0316067962	4.0
1606840576	4.5
1628736097	5.0
0316199680	5.0
B00GLSBYYG	3.0
0385742827	1.0
0375869751	3.0
1612624421	5.0
1402262035	4.0
B00IMUGN7E	4.0
1620610116	5.0
1452885400	4.0
146211380X	5.0
0312364423	4.0
0871164221	5.0
0547904312	2.0
0316201561	3.0
0373210183	4.4
0547853149	2.6666666666666665
0399151931	4.0
0142419435	4.5
1484869346	4.0
0062326201	4.333333333333333
0375868437	4.0
1620610132	5.0
0345511875	2.0
B00IKMZYK6	5.0
1476776040	4.5
1480114065	3.0
0486439984	5.0
0316234478	3.0
0373210159	3.0
1423153987	1.0
0982953720	3.0
125005236X	4.0
1490552413	5.0
0062006207	5.0
098994610X	4.0
1612620086	5.0
B00BE9WA8G	5.0
1935429744	5.0
1937744140	5.0
0399158553	4.0
1442484896	4.0
0985266341	5.0
1491251948	4.0
1476712883	4.0
0316127183	5.0
0547341261	2.0
0062092995	4.5
0345523865	4.5
1476776016	4.5
0615827500	5.0
1478720476	4.0
0345523881	4.0
0425232514	2.0
0553589822	4.0
0670013196	4.333333333333333
0615895611	3.0
0307595110	4.0
1491523409	4.0
098587791X	4.0
B004S7JCYG	3.0
B00IQOFT5I	4.0
0547853157	3.6666666666666665
1463540760	3.0
0425266745	4.25
B00EGJ32II	4.0
1250003326	5.0
1599907879	3.3333333333333335
B00F1R9BKM	4.0
B00EJRTPW4	4.0
B00HBQWGYO	4.0
0143116304	4.0
0763655074	4.0
B00KUEGX16	4.0
0545165741	4.0
B00KUCK4V8	3.0
B007V42Y7A	2.0
B005ME39HU	3.0
0778313433	4.0
1601254679	5.0
0060882255	4.0
1476763607	4.0
B00BW4AYV8	4.0
1423134818	3.0
1492788678	5.0
0689865392	3.6666666666666665
149617707X	4.0
0061957895	4.0
0547554826	5.0
149215928X	5.0
0451235681	4.0
0758266928	4.0
0142426555	4.0
B008J2MMNO	4.0
B00CDW3SDE	3.0
0778326756	4.0
0985324708	3.0
1442441798	5.0
1402284284	3.0
B0083ODXSG	4.0
0811871509	4.0
1420111795	3.0
0062024035	5.0
1250005140	3.3333333333333335
1937178277	5.0
1493511459	5.0
0062279483	2.4
031294361X	4.0
0758269161	4.0
0345533240	3.0
0778324109	3.0
0486436861	5.0
0899571735	4.0
0982729790	1.0
1250030951	4.0
0425242757	5.0
0989479951	4.0
1475079370	5.0
142316332X	3.0
0062090364	3.875
1401322557	4.0
0385743297	3.6666666666666665
1423165993	4.0
0310332079	3.0
0061849278	4.0
1250005124	5.0
078974113X	4.0
1622660404	4.0
0062085808	4.0
0671536141	5.0
0547223250	3.0
0425238660	4.0
0440237556	3.0
162411024X	3.0
B00HCMZZQ8	2.5
0007423632	4.0
0062299034	4.0
0062090399	4.0
0062012037	5.0
0761462724	3.0
1416963812	4.0
0062299018	4.0
1497518091	3.0
0547863365	4.0
0738713708	3.0
0812995201	5.0
0991686004	4.0
1478290447	4.0
0062024027	4.0
0441016766	4.0
0143122177	4.0
1630350087	5.0
0345513657	3.0
0983782334	4.0
0739380338	5.0
0062199773	4.833333333333333
006222560X	3.0
0758269153	3.0
B0093MU7QS	1.0
0983782369	4.0
1742201164	5.0
1476759529	4.5
B00JY3ZZV8	4.0
B004JF6DLM	4.0
0785153942	5.0
1630350095	5.0
0451231295	3.0
0316197084	4.5
1908844647	3.0
1938857119	3.0
1482351323	4.0
1480030821	5.0
1402277946	5.0
B00F28IKXY	3.0
125004295X	4.0
B0087HI44W	1.0
0062012010	3.0
0451155963	5.0
0615885438	4.0
0425224074	3.0
0062200348	3.5
0007289103	2.0
0385738757	4.25
1416958436	3.0
1490317767	5.0
B00I3LDM9Y	4.0
1477436820	4.0
B00I2PH6AW	3.0
0451222350	4.0
0983934150	4.0
1451626339	4.0
0738735930	4.0
0147508436	4.5
B00BD2PT8M	4.333333333333333
B00JXW6GFE	3.5
006201451X	5.0
0373803362	4.0
0373210779	4.0
0739336800	5.0
0802722369	5.0
B00DG261UW	5.0
1416978836	5.0
193705330X	4.0
1492176486	4.0
0312668325	3.0
1620610833	3.75
1440552703	3.0
1479321737	3.0
B006XWY424	3.0
0553591754	4.0
1416583270	4.0
0385743564	4.0
1480127973	5.0
B00J6UKC0S	3.0
038534340X	4.0
0062014536	3.5
1423154126	5.0
0765328666	4.5
0316153915	4.0
1630350044	5.0
B006HN8MSG	4.0
1483918777	3.5
1442452161	4.333333333333333
0062026518	4.5
006180519X	4.0
1937053326	4.5
1499564244	5.0
B008VSW614	4.0
B00AI12WP2	5.0
B00J4RDTEY	2.0
1622661273	4.0
B00I7X5ML4	3.0
B0090RVAIA	5.0
1451650051	5.0
0142181129	4.0
1630350060	5.0
1416963790	3.0
B00BFQDFZA	4.0
0425226735	4.0
031619008X	4.0
1475235941	4.0
1476718784	3.0
0446571628	5.0
0307341542	4.0
044657161X	4.0
0373210760	2.0
0345524497	3.0
1497454999	4.0
1416563687	5.0
0425238776	4.0
0989624315	4.0
000738422X	4.5
0399159398	4.5
0399160388	3.0
0312644388	5.0
0982729707	3.0
0061797022	4.0
1601252684	5.0
162061085X	3.0
B00JAZT88G	5.0
0374349053	5.0
0307341569	4.5
0061345717	4.0
055380698X	4.0
0373210736	4.0
0385730284	5.0
0738738042	2.0
006213308X	2.0
0451210689	2.0
1468097350	5.0
1419709283	4.0
1601252692	5.0
0763614211	4.0
0345511190	5.0
0451229231	4.0
038574224X	3.0
0373210744	4.0
1467957984	4.0
B00HE4ZDZC	5.0
0061797081	2.0
0803737238	1.0
1461079853	4.0
B00GXJIPAE	4.0
1908844019	2.0
0062184687	2.6666666666666665
1402242816	4.0
B005MPELOE	3.0
B007HBY0VK	5.0
B00IDNIY4K	4.0
0989539113	4.0
B00GW24MK4	4.0
0756406668	5.0
1481060139	5.0
0425213463	4.0
1492822604	4.0
1432712985	3.0
1463790732	4.0
1401341942	3.0
0439929830	4.0
0062071130	3.263157894736842
1494723352	4.0
1469992833	4.0
0061797057	4.0
0375843051	4.0
0316044776	3.0
0061663417	4.0
0061345725	5.0
0756405327	4.0
0316017175	4.0
B00JG7JNSS	5.0
1594746168	5.0
0803737262	2.0
0985030208	5.0
1400162556	5.0
0373210728	3.3333333333333335
0763648434	5.0
1939276136	4.0
037321071X	3.3333333333333335
0375855939	4.0
1491041706	4.0
006208576X	3.0
0312609140	2.0
B00IC5DIOA	4.0
1476764603	4.0
1611188296	4.0
B00AFZ316K	4.0
1455599271	4.0
1419699393	5.0
0615634095	5.0
0465006108	2.0
034552621X	3.0
1499190433	2.0
1439190356	3.0
1500260290	4.0
0316212822	3.3333333333333335
1451649916	3.0
B006BAEAOA	4.0
1495344894	5.0
0385741774	4.0
1595143173	4.0
1500240680	5.0
0765325543	4.0
1601253907	5.0
0812981901	5.0
0441018238	5.0
0062020366	2.0
143919033X	4.0
1582349606	4.0
B008RZYAXI	4.0
1423160894	3.0
1442426705	4.0
1484817095	3.0
B0087OXSS2	3.0
1493788868	5.0
B00DTTEDM0	4.0
0982827334	5.0
1408426250	4.0
1595143181	5.0
0312583729	5.0
0060841826	4.5
B00ECZ6W1A	4.0
1496116151	2.0
1480076678	5.0
1250045630	4.0
0062306812	3.0
0857206931	4.0
069221593X	4.0
031616027X	4.0
098860793X	5.0
000748805X	2.0
B00K7J7ACA	1.0
0062071165	4.0
149097136X	3.0
1442423668	5.0
0991457927	3.0
0373211201	3.0
0857661000	2.0
1455574856	4.0
067002189X	5.0
B00B1JDYE8	4.0
0385753780	4.0
0062302426	4.25
1595542884	4.0
0062302418	4.25
006230240X	4.333333333333333
1439190321	4.0
1479103438	4.0
B00EXOFDVU	4.0
0062074202	1.0
1416589430	4.0
042526856X	5.0
1442423692	4.5
0615650929	3.0
1423121287	4.0
0439895979	4.0
B007PUYE8W	5.0
1597775894	4.0
B00DG261NY	5.0
1416589422	4.333333333333333
0385741790	3.3333333333333335
0312594410	4.0
B00FUWKLH0	5.0
1479145211	3.0
B004RQA6Q6	3.0
1442413441	4.0
0061547913	2.5
B00J9P60YC	4.0
0743211383	3.0
0525423400	2.5
0062062247	2.0
0425269841	5.0
0983665834	3.0
0307395340	4.0
B009EGRNS8	4.0
1612190421	5.0
1940655005	3.0
B00D7Z4FW4	5.0
0307956350	4.0
0989970078	2.0
0983632901	5.0
0373803397	4.0
0446559903	5.0
1477849971	3.0
0802734375	2.8
0312662130	4.0
1479155489	4.0
1416589449	5.0
006207119X	3.2
B00GG5ILU4	4.0
B00CK55QTS	3.5
159990487X	5.0
B00E70Z8Y2	5.0
0988256819	4.0
006187812X	4.0
160684038X	4.0
B007N3HEWY	3.5
0615637981	4.0
0316253391	4.0
0451218558	4.0
0802736106	4.0
0312658907	5.0
0515144665	4.0
0545123283	3.3333333333333335
0983736707	4.0
0425232581	4.0
0557131294	2.0
0142419044	3.3333333333333335
1416953558	3.0
0425243230	4.0
098366580X	3.0
1468161660	4.666666666666667
1402259638	4.0
1484846400	4.0
1250031044	4.0
042526985X	3.0
0615860826	5.0
1456477544	5.0
0062067966	4.0
0991148312	2.0
1908844078	3.0
1439136807	4.0
0061242411	2.0
1599559064	3.0
0374214913	4.0
1933718757	3.0
0061996203	4.5
0615483305	3.0
0615668232	4.0
0763644900	5.0
B00GY9SK4O	4.0
1416994068	4.0
141698643X	2.0
1612131239	4.5
0451232828	3.0
1442426675	1.0
1492206776	5.0
0575081384	5.0
1495300315	5.0
0545123267	3.857142857142857
0307931889	3.5
0375866566	4.285714285714286
1442450304	3.0
1401204651	5.0
1476744130	4.0
162061135X	4.0
1496026063	5.0
0758294433	4.0
1938404378	3.0
014200202X	3.0
0375833641	4.5
044101819X	4.0
0451228863	3.0
0765311771	4.0
0142420980	4.0
0982845286	4.0
1927792282	5.0
037321118X	5.0
0307279863	4.0
1492764167	5.0
1937744477	4.0
1626362084	4.0
0399156224	4.0
1477808663	2.0
1451661649	5.0
1451660316	5.0
B00EI5XX7U	3.0
1482051850	3.0
0062015079	4.0
0312939620	1.0
0062245384	4.0
1491015489	4.0
1477697969	5.0
1896944094	4.0
0061138037	4.0
1477808671	2.0
1416968571	3.0
077043598X	4.0
0142410705	3.0
0062286722	4.0
1423157192	3.0
038071907X	1.0
1469995980	4.0
0765334437	3.0
1939392500	3.5
0805092528	4.333333333333333
0525954112	4.0
1442476966	1.0
0316020702	5.0
1440567735	2.0
0441014607	4.0
1490505776	5.0
0547435606	4.0
1620610078	3.6
B00E9MCRLA	5.0
0062015052	4.5
149223835X	3.0
B00HNF4ID0	5.0
B00KPIPQJ2	3.0
0307379345	4.0
B00FIWMEU4	3.0
1478150742	4.5
1416983309	2.0
0751536601	4.0
B00D1F1DNY	3.0
0803736819	2.0
1420894609	3.0
0803739095	4.0
0345546601	4.0
0062017683	3.0
0062211196	1.0
0373775571	4.0
031254667X	3.0
0345523962	5.0
0812971744	4.0
0307711773	5.0
B00CQYAXK0	4.0
0373211155	4.0
1596914785	3.0
0345531582	4.0
1455576506	4.0
1250005655	2.0
B00J1SP9FI	2.0
B00DG8ZYA4	5.0
000752417X	2.0
0615785824	3.0
1494388588	4.0
B00ET5PQEC	4.0
0142408425	3.0
061545402X	1.0
1250005647	3.0
0983129797	4.0
0756407052	3.0
1495344797	4.5
0982582366	1.0
1423153626	3.0
0062190423	2.0
1480474274	4.0
0761453717	5.0
0425274462	3.0
0451235134	4.0
0307394999	4.0
1439183147	4.0
1476744106	5.0
0641934173	5.0
1490436529	5.0
076531178X	4.0
0525952373	4.0
034554661X	4.0
1490420185	5.0
B0089LOOK4	3.0
1439171173	4.0
0425266869	5.0
B00IN62OX4	4.0
0547959109	3.5
0812217268	4.0
1416955208	5.0
031609062X	2.0
1594744424	4.0
1463609337	2.0
0143122681	5.0
006149190X	4.0
1620610027	4.0
1621250547	4.0
B00FJYT102	5.0
0140109277	3.0
0425264203	3.0
1451648626	4.0
1604890290	4.0
149047238X	4.0
0307276740	4.0
0373803400	3.0
1416950427	4.0
0615671039	5.0
098871583X	5.0
0793805430	5.0
1482584212	5.0
0399159347	5.0
0679760806	4.0
1491231130	5.0
1466263938	4.0
1611090245	4.0
146765101X	4.666666666666667
0062018973	4.0
1491276029	5.0
0671874519	4.0
B00GT0NLZQ	3.0
0373771177	4.0
0312546661	4.0
0615827446	5.0
0984946446	4.0
0553386786	4.0
1455501808	4.0
0385341636	4.0
1497470161	4.0
0441015999	4.0
0985865202	3.0
0545427630	3.0
1455599247	1.0
B006T2KUPI	4.0
0761462651	3.0
0316056731	4.0
1416950419	1.0
148410630X	5.0
B00GKZNBAU	4.0
1416563709	4.0
0996052917	4.0
1442403152	5.0
0310742307	4.0
073949547X	4.0
1492872148	4.0
144235948X	4.5
1582433453	3.0
077831247X	4.0
1596433531	3.0
1416994815	4.0
1481948997	4.0
1908844965	4.0
0515149519	4.0
1442403187	4.0
1492186775	3.5
0991678508	5.0
0312568894	4.2
0099458322	4.0
1599900513	5.0
0142427551	4.2
0373775555	3.0
B005GVY46E	4.0
0062222694	3.0
B004Z1N2GE	3.0
1469227886	5.0
B0071BAPEC	4.0
1606841734	1.6666666666666667
1932386904	5.0
0425253511	4.0
039916295X	3.0
0758273541	5.0
0425208907	2.0
0307599477	3.0
0142420905	3.0
080272373X	5.0
159514398X	4.75
031619011X	4.0
1416563725	3.0
1439183112	4.0
0803733771	4.0
0615600743	4.0
0142427543	4.0
0762446390	5.0
0375866507	4.0
030789570X	4.0
184607908X	3.0
1476735271	5.0
1494240491	4.0
1453786899	1.0
0743254554	4.0
0451221346	4.0
148051652X	2.0
148252502X	5.0
0743579631	4.5
006224535X	3.0
1463529686	4.0
014241557X	5.0
0761457259	3.0
140275132X	2.0
1449427766	5.0
0385732066	4.5
1402284586	2.0
0758273533	4.0
0060525118	4.0
1451658036	4.0
161218149X	4.0
1482012294	5.0
0615861326	5.0
1484117018	5.0
B00DL011JU	3.6666666666666665
B006QAKEZY	4.0
0142420921	3.6
0545551455	4.0
1479325295	2.0
0385341679	5.0
0451461088	3.0
1490401822	3.0
1455599204	4.0
0821776827	3.0
B005U8GQT6	1.0
1622660757	5.0
1620610094	5.0
1594486476	4.0
0786849576	4.0
B00FO9GANS	4.0
0345546679	4.0
1594485151	5.0
1936305747	4.0
1466371080	3.0
0374351384	3.5
0761377522	5.0
1442445831	4.0
0316041688	3.0
1466212381	4.0
1937053369	3.0
0312352182	3.0
160684170X	3.25
0670021067	5.0
0062121847	4.0
0345533399	4.0
0553386778	5.0
1480225649	3.0
B006VD56J0	4.0
1439182698	4.0
1442445807	3.875
1480082589	3.0
006000455X	2.0
1416990496	5.0
1612185843	5.0
1476735247	5.0
0671874535	5.0
0375831002	4.666666666666667
1442427159	1.0
0062014552	3.6666666666666665
0061138061	5.0
1493673580	2.0
0385732090	5.0
0307276732	3.0
1937053385	5.0
1483901890	5.0
0062026542	4.0
0803739044	4.0
0062027875	3.0
B00DG261BG	4.0
014242093X	5.0
0385341652	5.0
0375971424	4.0
1599908441	3.6666666666666665
0988715880	5.0
B00GOJN0US	2.0
080756589X	4.0
1475031904	4.0
0763655597	4.5
0399151346	5.0
0804176809	3.0
1442435704	4.0
1476706891	3.0
1849902348	5.0
1565125614	4.0
1416541527	4.0
1442432683	1.0
0062195263	3.0
044651912X	1.0
0425257150	4.0
0557445019	2.0
0060751967	3.0
0345535227	3.0
0615680046	5.0
0821780042	4.0
0062048651	4.0
0615877540	1.0
0983630402	4.0
1421527723	4.0
1620151766	4.0
B00CX5V74I	4.0
006202468X	4.0
0786839171	3.5
1578568234	3.0
B00CK52XOE	4.0
0224093908	4.0
1565125622	4.0
0385743459	3.0
0425257169	4.0
0765327228	2.0
1442432659	3.0
1402238622	3.0
B00E7XUGM8	5.0
1423147944	4.0
0007430590	4.0
1620151731	5.0
0802727956	4.0
1423121317	4.333333333333333
141043382X	4.0
1484038487	5.0
1482524759	3.0
1595546294	3.0
1937053458	3.0
1408835193	4.4
0316002860	2.0
0385742118	2.0
0062085611	4.5
0821780026	1.0
1416541551	4.0
0061253847	4.0
1423121325	4.0
1442430001	5.0
0312551371	3.5
1480180289	4.0
1936564432	4.0
0316134074	3.0
0142300942	4.0
0062201808	2.5
B00BFNYG1A	5.0
140006984X	5.0
1402297866	4.0
B00GLT2F2U	5.0
1118497821	5.0
0399256687	3.5
0142412597	3.0
0553593617	4.0
0756406528	4.0
0425216632	4.0
0312624670	2.5
0696227150	4.0
B00KEXIBUE	4.0
1494233339	4.0
1476717516	4.0
0307463249	4.0
1492109568	4.0
1416989404	5.0
0984531106	3.0
0307716546	4.0
0316254770	2.5
1423146662	4.0
1423157311	4.0
1937007588	4.0
B00KBA582Y	3.0
1416989412	2.4
1937053407	3.5
0425242099	4.0
055338483X	5.0
0553384848	5.0
1476717524	4.0
1400067251	5.0
1453617221	4.0
0553593625	3.0
1451629540	4.0
0615811752	4.0
1937530256	3.0
0374364753	4.0
145550372X	5.0
148120811X	5.0
1476751404	4.0
B00C0UFBFW	5.0
1423146654	3.5
0547223994	4.5
0375835318	4.0
0778314189	4.0
1423160959	3.0
125002708X	2.0
0441018343	5.0
0765315238	5.0
1423134664	4.0
073935650X	5.0
0385733208	4.0
0375863427	3.0
0374161860	5.0
1616951966	2.0
0957496168	5.0
0345527682	2.0
1499192975	4.0
1483956962	5.0
1599900572	5.0
1444722808	4.0
0062255657	4.5
1492237868	4.0
098959470X	4.0
0307463214	4.0
1492301205	4.0
0316056634	5.0
1423134672	4.0
1463695403	3.5
0312649916	3.0
0061870935	4.0
0451230124	4.0
0385734549	4.0
0142004820	5.0
B0035LDNZK	4.0
0451235819	5.0
0545151465	4.4
0345501861	4.0
1416989439	1.5
1416960597	4.666666666666667
1250058236	4.0
0451239350	5.0
0547624573	3.0
0062071041	3.6666666666666665
0441017029	5.0
0761457976	3.0
0786808012	4.0
1442433132	3.25
1423157370	4.0
1479157996	3.0
148419487X	1.0
1421534886	4.0
0062272152	5.0
0778329216	4.0
0312622848	4.0
031260985X	4.0
0316090530	4.0
1940652073	5.0
B00KB3YL0Q	4.0
0345531701	4.5
B00EX0POAY	3.0
0609807919	5.0
1468184415	3.0
0544108620	3.5
0751552615	3.0
0989206475	4.0
149033274X	4.0
1416964134	5.0
1416590544	5.0
0061718173	4.0
0983797587	3.0
1613820259	2.0
0373776179	3.0
0425247740	5.0
0345501845	5.0
1250002672	3.6666666666666665
0385740344	3.0
0758232004	5.0
0385739354	5.0
1476708657	5.0
B00G42SPV4	5.0
0399155767	4.0
0061783161	3.0
B00GANFU4W	4.0
1596437103	1.0
0345531736	4.0
1439190208	4.0
0061345660	3.0
037584077X	4.0
1940887038	1.0
0609807900	4.0
0374373663	4.0
1442460725	5.0
1442303093	4.0
1416939172	3.0
0805095519	4.0
1595143068	3.0
1406332933	4.0
0763637076	4.0
B009HD1MXU	4.0
1595143084	4.0
1490916636	5.0
0425238814	5.0
1402260520	3.5
0743294424	4.0
0615928854	4.0
0805091165	4.0
B00FI9FKL2	4.0
1250026628	2.0
1500196169	4.0
0307716511	4.5
0843962968	4.0
1622661176	2.0
B00DBDZGNE	3.0
0240814959	4.0
0061783188	3.5
1423104870	4.0
B005110E0O	3.0
1478198052	4.0
0385533780	2.0
1491296518	4.5
B00BNFOR1Y	3.0
149436641X	4.0
0062071076	2.0
0385739370	4.0
1250001315	3.5
0778329259	5.0
0399165142	3.0
B00CH3DBZY	4.0
006233106X	4.0
0316068667	5.0
0316090573	3.0
080278450X	4.0
037377611X	4.0
1442421177	3.0
0375868275	4.0
1456566059	2.0
1489591095	4.0
1470088002	4.0
0330453866	3.625
0062220969	3.0
161963130X	3.0
B00I2VUKKY	3.0
0241951941	2.0
B00AFZ5OW4	4.0
0385740360	5.0
1599904985	3.5
B00HP1JZ5I	4.0
B00I15VLI6	4.0
B008H45KJC	4.0
0545333024	3.5
0316068675	3.5
0312382030	5.0
1442472715	4.5
1423149769	5.0
0763640670	4.0
0425242021	4.0
0385342063	4.5
144246075X	2.5
B00852PZUA	5.0
1494751534	4.0
1595144358	4.0
1416974342	2.0
0061783196	3.5
0843962976	4.0
0615826814	5.0
B00I6ZS6IE	2.0
1402244495	4.0
B00E4Y7N2G	3.0
1609074602	5.0
1605047066	3.0
0316002895	4.0
0670012092	3.3333333333333335
0765331268	5.0
0989316041	4.0
0761461280	5.0
144245041X	3.5
0615692931	4.0
0743272226	4.0
0802721826	5.0
0765332590	4.0
0345516044	5.0
1401685560	3.0
B00D2D1ME0	4.0
B00EWS0K3I	4.0
1250050367	4.0
1406330337	3.3333333333333335
0373777434	3.0
0595710700	4.0
0470949546	5.0
0778326918	5.0
0765331276	5.0
0451467302	3.0
0061962163	5.0
0451194861	4.0
1477646353	4.0
0451417054	5.0
B00I6ZXO9U	4.0
B00K395P12	3.0
0743583884	4.0
1416940901	4.0
1622539052	4.0
0307474712	5.0
0811218678	2.0
140226402X	3.0
1416590595	4.0
0441014739	4.0
042525674X	4.0
0375842454	3.0
0765331284	5.0
0143124544	5.0
1463583273	4.0
1463757239	5.0
0886773784	5.0
1939173655	3.0
0373802803	3.0
1596431083	5.0
0307589978	4.0
B00FZ08D9K	4.0
1605425877	3.0
0515144592	4.0
1606841696	4.0
1402268408	3.0
1406330345	4.0
0374324727	4.0
0425218422	4.0
B00E1IAQWE	5.0
1442457031	3.0
B00G950LIQ	4.0
0578133512	5.0
0547858647	2.0
B00KJ1E7ZO	3.0
1492297488	3.0
B009R5IE48	2.0
141698450X	5.0
1402262272	4.5
0061255637	1.5
1482747634	4.0
1452102643	2.0
1771550880	4.0
B00BY5XRUA	5.0
1476741182	4.666666666666667
0385750684	5.0
1471115755	5.0
0615859763	5.0
0007230206	5.0
006178320X	4.0
1935661957	3.0
1618850849	3.0
1482669781	2.0
0671744216	5.0
0989780716	4.0
1442407603	4.0
0988891646	3.0
0385337450	2.0
1439152780	5.0
076145361X	3.0
1620247968	4.0
0758232012	4.0
0439740517	5.0
B007HU7NXS	5.0
1442472669	3.0
0802736041	4.0
B006HYLXPE	3.0
1495472418	5.0
1475004494	3.0
0307346587	5.0
1416984526	5.0
1402244428	3.0
1442450444	2.0
1606840312	4.0
0062123505	4.0
1423170288	4.0
193774437X	4.0
1623420768	5.0
B00F1R9E1I	3.0
0545495873	5.0
156931778X	5.0
1484973380	3.0
0143124501	5.0
0441017800	3.0
0375869530	4.5
0440235510	5.0
1416911553	2.0
B003YOSC54	3.0
0758294379	4.0
0812982533	3.0
0307346595	5.0
1463708343	3.0
146794825X	3.0
0312643802	5.0
0738714844	4.0
1402287585	3.0
B004FEG2RW	5.0
B004YWKA1Y	4.0
1421402262	5.0
0152063846	3.0
0385740417	4.0
0715307703	5.0
0425253678	4.0
034552277X	5.0
0441014771	4.0
1250040159	4.0
1489515313	3.0
B006XJW1AE	4.0
0615860788	5.0
1585367877	4.0
1451533969	3.0
1476753164	5.0
006157662X	5.0
0898218462	5.0
006085880X	3.0
1491052295	4.0
0345544110	3.0
0373210817	4.0
0385738919	5.0
0151015392	5.0
1463787936	5.0
0692208879	4.0
0399533656	4.0
0547194919	4.0
1452662673	3.0
1594746141	4.0
1846075637	4.0
1423175123	4.333333333333333
B00CQY7T3E	2.0
B007XXQWZ4	5.0
0062026488	4.0
0399156186	4.0
0152062580	5.0
0307976815	3.0
0312624697	1.0
0985133503	5.0
1482680955	4.0
006226768X	1.0
B0035LDNV4	3.0
0307931900	5.0
0312624689	1.0
1492164429	4.5
014242899X	3.875
B00BB3KD0W	3.0
B00B8376JG	5.0
031604461X	1.0
0192835203	5.0
B00E718YVA	4.0
0843953284	3.0
0778312372	4.0
B0064GU2AM	4.0
0441017835	3.0
1594746125	4.0
054760842X	3.5
1595547525	3.0
1595548866	3.0
1590710169	5.0
1416912045	5.0
0553592351	4.0
0374380864	1.0
1908844833	4.0
0811871754	4.0
1442352965	5.0
0312610041	4.0
0373774338	4.0
1484802039	5.0
1490329935	4.0
1479269670	4.0
1479298158	5.0
0312949111	3.0
B00HLTBDZ4	5.0
1620611295	4.0
0385737637	4.333333333333333
1481909282	3.0
0062026429	4.0
1493616269	4.0
1484148037	3.0
0142425036	4.0
0312656270	1.0
0062015788	3.0
0992118212	5.0
1451684436	3.0
0062187546	4.0
B005DB46WO	4.0
B009XKX2FS	4.0
B00BHLGZJ6	4.0
1471133567	4.0
0802733840	4.0
1423121309	4.25
0747598002	5.0
B00ERAPWDO	4.0
1612184421	4.666666666666667
0307346501	4.0
B00F5DF9QC	2.0
0312656262	1.5
0805090614	5.0
055359236X	4.0
0307381757	4.0
1118134141	4.0
0312656289	1.0
1406330396	5.0
0578127725	3.0
0425261220	3.0
1455508594	4.0
0373294468	4.0
0062010077	5.0
148117567X	3.5
0307346528	5.0
006125309X	5.0
0062280678	2.6666666666666665
1611099366	5.0
0451226941	4.0
0156768070	4.0
147671441X	5.0
0670014680	3.0
0142800384	4.0
1442445939	4.0
0142429406	4.5
B0046ZRNEG	3.0
1599558645	3.0
0373293127	2.0
B00B0A5XW4	3.0
0805091920	4.0
1439195870	4.0
0373210531	4.0
1622660161	4.0
031253275X	2.5
0312532768	3.5
0373775806	3.0
0615890415	4.0
0385339151	4.0
1402237669	4.0
0763639311	4.333333333333333
0007257031	4.0
1482638428	3.0
0373796730	4.0
0451234871	4.0
0984035044	5.0
1497322081	3.0
0451232208	3.0
1439195862	5.0
1451665326	4.0
1595140743	4.0
0373210515	4.333333333333333
0763662585	4.5
0988489198	4.0
0778313174	4.0
143916519X	4.0
B00DPYZZXA	5.0
0670072818	4.0
1441850457	4.0
042519485X	4.0
0345534050	4.0
0142414883	5.0
0802723462	3.6666666666666665
B006UON5ZW	4.0
B00EAEG78G	3.0
0373210523	3.6666666666666665
1496129628	4.0
0060871040	3.0
1602862222	2.0
0345510089	4.0
149600938X	4.0
054784803X	3.0
0778316211	4.0
0141040378	4.0
0615878776	5.0
0062048503	3.25
0374379912	3.75
B009ZW8G28	4.0
0385339143	4.0
0312362994	5.0
0758234937	3.0
1416576754	4.0
1600108687	4.0
B00HOKH5OS	4.0
1622662784	4.0
1622661451	4.0
B003ODI79Q	3.0
B00GRH8S5O	5.0
1885469128	3.0
0061688983	4.0
1622660129	4.0
0425263908	5.0
1601253788	5.0
B00I9KFMXS	5.0
0545290597	4.0
B008DQU0CQ	4.0
0307272621	2.0
0778328201	3.0
1406337609	4.5
1479305049	3.0
0425269205	3.5
0312561288	3.0
0141339624	4.4
B00IRIHL6S	3.0
B00GQ6CZRS	3.0
0373210507	4.0
1401340822	5.0
1601252463	5.0
1908072075	1.0
0985029439	3.3333333333333335
B00G6N3IA4	5.0
0062077902	3.6
0312382529	4.0
0062299301	3.0
1442344911	4.0
0385376111	3.6666666666666665
0802777252	4.0
B00HYOTZD8	4.0
0451463455	4.0
1933718129	4.0
0553385607	5.0
0061923036	4.0
1475222440	4.5
038533916X	4.0
1936976013	3.0
1482660393	2.0
B004S81POK	4.0
0345534093	4.0
0425263916	3.0
0062085530	4.0
0615574092	1.0
1439144257	4.0
0316217492	3.0
0425238970	3.0
0307740994	5.0
0547445288	3.0
B00F0IWKFK	4.0
0345518853	3.0
1421526786	4.0
0988489171	5.0
B00KF0URBM	4.0
0312348665	2.0
0345500652	4.0
0439026946	4.0
B00CO7GN1W	3.0
0312605390	5.0
0062265970	4.0
0062218743	4.0
1466354267	3.5
0802734189	3.0
1401232167	1.0
0375870415	3.75
0804122903	3.0
1439157510	5.0
0312599072	4.0
0061962686	4.0
B00DE21RK8	4.0
0451462939	4.5
0345539788	3.5
0385263481	4.0
1499707975	3.0
1439183813	4.0
0395510600	5.0
0307269876	3.0
147676316X	4.0
0544056779	3.5
0804137145	5.0
030788743X	4.5
0307977463	2.0
0375870423	3.0
0312599064	4.0
0061935085	5.0
B0074WDRY8	4.0
0425221210	3.0
0061964417	4.0
1500377554	3.0
006196266X	3.5
1611098866	4.0
0971851522	5.0
0062064649	3.0
0060739592	2.0
0061989711	4.0
0385738382	3.0
0143170090	4.0
0547763441	2.5
0143118390	5.0
0062265946	3.3333333333333335
B00CUFSIIY	5.0
1442445688	4.0
1490428305	3.0
1416957707	4.0
0062085573	4.2
0984919406	2.0
1606843230	3.0
1439144214	3.0
147674355X	4.0
1620612402	4.0
B009V7GHR8	5.0
161963144X	3.5
0061965766	3.0
B00KD3W8TK	4.0
0373210574	3.25
1476731535	4.0
073873070X	2.0
0062117602	4.0
0385742428	4.0
1595547916	4.0
B00K67D67Q	3.0
B00FMFFZIU	4.0
1626810923	4.0
B00I3IGJRO	4.0
147674047X	4.0
B009XZXW2Q	4.0
1594744602	4.0
1594745935	4.0
0345537181	4.0
0373777590	5.0
0375870458	5.0
0312583516	4.0
0425234509	2.0
0061438596	5.0
0373210582	4.5
0374382670	4.0
0425230155	4.0
0990013812	4.0
1483964868	3.0
B00LWSNUQ0	4.0
1250012570	3.75
0451468287	5.0
0373777582	4.0
1416984488	4.0
0312583524	4.0
148114975X	4.0
031612611X	5.0
0804176787	4.5
037321054X	4.0
B00DRERCX4	4.0
0373210558	3.857142857142857
B00AZ9JRR8	4.0
B006UIU11Y	5.0
0988301318	5.0
1594745919	4.0
1475278837	4.0
1461095719	4.0
1491272201	4.0
1492706558	3.0
1442403888	4.0
1440561052	1.0
148120646X	5.0
0399156526	4.0
0061947075	4.0
B00IJZV9RG	2.0
B00HY03FJM	4.0
B00BSNKLNY	4.0
1455582689	3.0
1416986200	3.0
0316245534	5.0
1476740496	5.0
1440309205	5.0
1936413310	3.0
0099450259	5.0
0062001817	4.0
0578130203	5.0
B00C2RXWQS	2.0
0345806654	3.0
0062297600	4.0
0989707350	4.0
1442406828	4.0
1478340045	3.0
0615693903	3.0
1927940052	5.0
0060779632	5.0
0312575939	4.0
0142426040	4.428571428571429
0525953043	4.0
1401220908	2.0
0143170104	4.0
0345507312	3.0
B00DK42NWG	3.0
0312575947	4.0
1478391626	4.0
0061963135	3.0
1423113381	4.0
0989339270	4.0
0802798225	4.5
0312379838	3.0
160061759X	4.0
0307932508	3.0
1938257464	4.0
1442409096	4.0
1416990283	4.0
1442345462	4.0
0007163541	5.0
1475009860	3.0
0312575955	5.0
B00HYQJPC2	5.0
B00C2DQCBY	4.0
B00JVXUIP4	2.0
B00HBRNRXM	4.5
0440236525	4.0
1494740176	5.0
031624676X	5.0
0805088296	3.0
0399246177	3.0
1937044254	3.0
0743251628	5.0
0307711595	4.0
1416990291	4.0
0061583073	4.0
0982713940	5.0
0312869584	3.0
0373777558	4.0
0142417114	4.0
1594746400	4.0
0670016780	2.5
0345542452	4.0
1419704281	3.6
0989339246	5.0
0805088288	3.0
0425263150	2.0
1607066017	5.0
B00JH08C36	5.0
0375875298	3.5
1466493283	5.0
B00JNTUNB0	3.0
1479215090	1.0
0312609833	4.0
0007245815	4.0
0307987647	5.0
0764227947	3.0
1492121169	4.333333333333333
0385660804	5.0
014241977X	3.1666666666666665
0374532915	3.0
1482680858	5.0
1450553680	5.0
144241314X	4.0
B00FJ6DW00	4.0
0061998699	4.0
1481158643	4.0
031605609X	5.0
1476754144	4.0
0316399612	5.0
0547868537	5.0
147500544X	1.0
B00IOU3ZCI	4.0
1442429518	1.0
0307932540	3.0
0312609841	4.0
1480243205	2.0
1492772844	3.0
0142419796	4.0
038573977X	5.0
1455598992	4.0
1451611595	5.0
B00L0N6LSG	2.0
1442459395	3.5
1620612429	3.3333333333333335
B0076790LA	4.0
0578095351	5.0
0142411825	4.0
159990554X	3.0
0143038907	4.0
0988273632	4.0
1476746532	5.0
0312651317	2.0
0545627044	3.5
B00IE4QU7Q	1.0
0765332450	4.0
B00IFRMIU0	2.0
1442440759	2.0
1480285080	4.0
B00E2PKMTI	4.0
B008LCP77A	3.0
1492210609	5.0
0316084190	5.0
1442497602	4.0
0316198684	3.0
039915647X	4.0
1477808000	3.0
1497585368	5.0
015204616X	3.0
0307744434	4.8
0060092645	4.0
0606262520	4.4
0062238426	4.5
0989339289	5.0
0375870407	3.6666666666666665
0142411841	4.0
0440245443	5.0
148391321X	5.0
0822207974	4.0
1484864883	3.0
147677594X	3.0
1442361557	3.0
140632132X	3.142857142857143
0763661198	4.0
0062207296	4.0
0061747041	4.0
1580052657	5.0
1470124327	3.6
B00JSISQ1U	5.0
0307473120	5.0
B00CBO0BXO	4.0
0547628382	4.5
1250021529	4.0
0805089519	3.0
0061735051	4.0
061568677X	5.0
1470131439	2.0
1616952636	4.0
1937053164	4.0
1494488558	4.0
1477816429	2.0
B00DGCIVIW	3.0
1471113418	4.0
0062069403	3.0
1854249681	4.0
0373802307	5.0
0985049030	4.0
B009CE4TG6	5.0
1416986189	3.0
B007EE56AY	4.0
1469905833	4.0
031615427X	3.0
1491291419	3.0
0345501160	5.0
0615910521	5.0
0989433404	5.0
1563892626	5.0
1451616457	5.0
1402229992	5.0
1622660102	4.0
038566740X	1.0
0375868917	4.0
1481113704	4.0
0984020845	3.0
B007U11YD4	2.0
B00KA0AGJK	4.0
0544003470	4.5
1476747016	5.0
B00J1ROOZU	4.0
1492976423	5.0
1442341955	4.5
0345523318	4.0
B00B1UVSAY	4.0
1482761807	5.0
B00BAXFG2I	3.0
0985029412	4.0
149294484X	5.0
1442408626	4.0
0062187457	3.0
0670784826	4.0
1479384674	4.0
0545040639	3.5
0547712154	4.0
1492305413	4.0
0615631622	4.0
B00EX16M54	3.0
0062004999	2.0
1423118235	4.5
0451225953	4.0
0345523342	4.0
1419541943	5.0
0803739265	3.0
0984035095	5.0
0547581297	3.0
0307272591	5.0
0062002325	3.0
1479209244	5.0
0802728383	4.0
006178480X	5.0
0374379939	2.0
0385736681	3.5
0805089500	3.0
0062002368	2.0
B00FIN0UWW	4.0
B00H4I97SM	5.0
044023655X	4.0
1907411003	2.5
0385739710	4.0
B009L5XXCW	4.0
0989339211	4.0
B005IMCYVI	4.5
0525953868	2.0
B00L7DRQME	5.0
1478132744	1.0
1484162226	5.0
B00LK1BG1A	5.0
1423118251	5.0
1416959408	5.0
B00IU0T29C	4.0
0761461981	3.0
0545296706	3.0
0316010707	4.0
0142406422	4.0
0810984202	3.0
159514370X	1.0
B00CYKHQW4	5.0
1442421622	4.0
1937053148	4.75
0987925512	3.0
0547942087	5.0
0425263991	5.0
0615900305	3.0
0062187414	1.0
0765333716	4.5
0440234808	4.0
B00A73LZ6I	5.0
0141340762	4.0
0373210655	2.0
0578141809	5.0
1250045584	1.0
1416916229	3.0
006087421X	4.0
1492863017	4.0
0984828206	4.0
0752886185	5.0
1476744920	3.0
0312621353	3.6666666666666665
B00ARA2YK2	4.0
0307276902	4.0
147522186X	4.5
0061935123	4.5
0898656354	4.0
0263883361	2.0
0440234816	4.0
0142401668	3.0
B00CGFJ1DE	2.0
098562776X	4.0
B00G2V3300	4.0
0064408183	3.0
0804136572	4.0
0062279874	3.75
1492908495	5.0
0312355092	3.0
1442421762	4.0
0615828388	4.0
1467940151	3.0
0375504338	5.0
0373210671	3.0
0765329646	3.4285714285714284
0425241815	4.0
1494836394	5.0
1849163944	4.0
030745102X	4.0
B00DG26170	5.0
0373210639	3.8
1596064854	4.0
0553385526	5.0
0425237796	3.0
0544164504	3.0
0761374086	3.6666666666666665
0544022491	4.142857142857143
0615649882	4.0
B004NIFBTU	4.0
1606843192	3.0
0985008687	5.0
0385742371	3.0
1590789490	5.0
0061236225	5.0
1442421797	3.6666666666666665
B008EB3YAU	3.0
098805406X	4.5
0312658656	5.0
0545060397	4.0
0446563072	3.0
1573446602	3.0
1439275300	3.0
0547564597	4.0
0553385518	5.0
0743254562	5.0
0804136599	4.0
0062279890	4.0
0544022483	4.0
1455576093	2.0
0345526546	4.0
0062059998	2.8
1471750353	3.5
B00EN8QAMM	3.0
0373210612	4.0
0373803443	4.0
1442403918	4.333333333333333
1618140272	3.0
0778313077	4.333333333333333
0758265980	3.0
0545055857	4.666666666666667
147677210X	2.0
0307886263	5.0
1612182070	4.0
0985008628	4.0
0385741049	3.0
0399257764	3.75
0061962767	4.0
0373210620	3.0
0375849734	4.0
B00DY91L70	3.0
0061490008	3.0
0312590563	3.1666666666666665
0989104478	5.0
0451222725	2.0
1908844132	4.0
1479201359	4.0
0307272516	3.0
0062021389	4.0
0312132921	5.0
B00LKNP4T8	4.0
1612182089	4.0
0345538544	5.0
1491230592	5.0
030758836X	5.0
1476740518	5.0
0615771106	4.0
1495457834	4.0
1416580948	5.0
0061936464	5.0
0375849726	5.0
0984828222	4.5
1606843141	3.0
1402284764	4.25
159514191X	5.0
0525423389	4.0
1622662687	4.0
0142404748	3.0
0739354574	5.0
0199744505	5.0
0385537522	2.0
0763660094	3.8
0385741081	5.0
1416913181	3.0
0765326582	3.0
0988054035	4.0
0062059963	3.4
0061490024	4.0
0061962740	2.6666666666666665
B00DE50M2E	4.0
1493515330	4.0
0385344406	4.0
0062062794	3.3333333333333335
0062267884	3.0
0985008660	4.0
0810984172	4.5
0312853238	2.0
1401232213	4.0
B00CC68G9M	5.0
0062025724	3.6666666666666665
0062233653	4.0
0985591498	2.0
B00BY5QXDS	2.0
B00FI5RKMI	3.0
B00I44WXH2	4.0
1423143388	3.0
0547423152	3.0
1496010299	4.0
0973813237	5.0
1423166000	4.0
1441861033	4.0
0373211104	3.8333333333333335
0545298393	4.0
0991789717	2.0
B00HNCAPFI	5.0
0441019455	4.0
1423133161	2.0
1469259273	5.0
B004WX1BNG	4.0
1439193975	3.0
0062206885	1.0
0373211112	4.0
0385740573	2.5
0316196126	3.0
0385352093	5.0
1416580956	4.0
1423134494	3.0
1489580174	5.0
0441020429	5.0
0316185485	2.0
0062059939	3.7333333333333334
B005UPRT9A	4.0
0373211120	3.3333333333333335
1484159403	3.0
006227239X	2.5
0062011995	3.5714285714285716
1495300978	4.0
0385336810	4.0
060617110X	3.0
0525425926	4.0
B00925R6M4	4.0
1477848932	2.0
0312605250	3.0
1449537871	4.0
0385535783	5.0
0803738897	3.8
0374322287	5.0
0451228006	3.0
0756407680	3.0
1442422246	1.0
1493505106	3.0
0062333038	3.5
1442443162	3.0
0738710180	3.0
B00ITZRDW6	4.0
0061449156	5.0
1250014409	5.0
1451657889	4.0
0143034480	3.0
1250009073	3.0
0062103733	3.3333333333333335
0385730306	5.0
1454702486	5.0
1439178321	2.0
1478204184	2.0
1478229462	3.0
0805097945	5.0
1444914464	4.0
B008DM3W02	5.0
038574059X	1.0
0374316414	3.2857142857142856
1493514075	5.0
0373210698	4.333333333333333
145162056X	4.0
0345527011	3.0
B00L2LLC0S	5.0
075662746X	4.0
0062118811	4.5
073936474X	5.0
098739231X	1.0
0061431834	5.0
0441018165	4.0
B00K2GAUC0	3.0
0345543971	5.0
0989463990	4.0
146635190X	5.0
1401310915	4.0
0374316422	3.0
0749012560	5.0
0385738293	4.0
0141337168	4.333333333333333
0141331860	4.0
1475296576	4.0
1439167656	4.0
0547330081	5.0
0062135317	2.75
1423399269	3.0
0340839937	5.0
0451180429	4.0
0062085484	3.857142857142857
1622660080	4.0
146370903X	4.0
0738737216	4.0
1476755604	2.0
0061231401	5.0
1565126297	3.25
0062077880	5.0
1442443197	4.0
0451226259	3.0
1416569758	3.0
1492226122	5.0
B00AGXGY6U	3.0
1480568880	3.0
B009WWNZBS	4.0
0804176663	4.0
014241493X	3.5
0991789741	4.0
1440565511	3.0
0380811081	3.0
B00BSB5B2M	4.0
1599902591	3.0
B008J6HBCW	3.0
0062103768	4.0
B00JX1IEZA	4.0
0224096397	3.0
1466243430	5.0
1442459530	4.0
1499646704	5.0
054522490X	4.25
B00AAQVTYU	4.0
1558324089	4.0
0143118463	5.0
1482628961	5.0
0451231619	5.0
0141331879	3.5
0307985148	4.0
1492379522	2.0
1477805028	4.0
0399156356	4.0
0307267989	4.0
0989492559	5.0
1402265581	5.0
0985589981	4.0
0373892543	5.0
1616951273	1.0
0743296435	3.0
0439806119	4.25
1482023261	5.0
1462110347	4.0
B00FJ3CMOU	3.0
0373777671	5.0
0985334576	3.0
B008PVQ0AK	4.0
0545197732	4.0
B0088GGSR2	2.0
0374175306	3.0
0061996181	4.4
0152061886	4.0
1475156456	3.0
1616952598	2.0
0399156348	5.0
0142420840	3.0
0062125958	1.0
1481023616	5.0
1550372556	5.0
1420103733	5.0
0312641893	4.545454545454546
B00AZZQTHS	3.0
1484025849	5.0
1456578235	4.0
1742209521	4.0
0373211082	4.0
B00EQMK918	4.0
0062072099	4.0
014131088X	5.0
0738732486	3.0
B008GGB8OW	4.0
1599903059	3.0
1489583165	5.0
0142423904	3.5
B00A6NG154	4.666666666666667
098558999X	5.0
B0085BEENU	4.0
B00LBBM60Y	4.0
B00GQBH9BU	3.0
1606841440	3.5
1599903083	4.0
B00KCE1ISM	5.0
1608323684	3.0
0738732478	4.0
0312380976	4.0
0062113933	4.0
0984799141	4.0
0373211058	2.25
0060513659	3.0
0984799125	3.0
1426713118	3.0
1606841459	3.5
B008GN81ZE	4.0
1477805052	5.0
0307948196	3.0
1469982781	4.5
0547757735	4.0
0385738315	3.0
0778312534	4.0
0557364639	4.0
1491072067	3.0
0803737610	4.0
0060575913	4.5
0451216954	3.5
1462110339	4.0
B00CQYAWAG	4.666666666666667
0312380968	4.0
1402277598	4.0
0984799133	4.0
0316065781	4.0
B00KIRNA3Y	4.0
0061726826	3.0
1479330094	5.0
B007YJ9KGA	5.0
1476755590	4.0
030728090X	5.0
1938529006	2.0
0451419448	4.0
0425265889	4.0
1609089464	5.0
1595142312	1.0
1599557924	4.0
0373718497	4.0
006172680X	3.4
1466208171	3.0
1419950509	3.0
0142423912	4.0
0061726834	4.666666666666667
0441015832	4.0
B009K54CPU	1.0
1250033608	4.0
0606262423	5.0
0007124015	5.0
1612356087	3.0
0142420891	4.0
0061689459	4.0
1481073915	3.0
1599904349	3.0
B00CGFJ16Q	3.5
0545597587	1.6666666666666667
B00ALUF3RO	2.0
1442429607	4.25
1479372749	4.0
B00BYK0OE2	4.0
0330246666	4.0
0761458298	3.0
1250014468	4.0
0761462309	4.0
1462003907	2.0
1599908735	5.0
0374314721	3.0
B00KAJE9YE	5.0
0062009702	4.5
0062004018	3.5
1582348014	5.0
1471727963	4.0
0385738358	3.0
0989869016	4.0
0061670871	5.0
0060294698	5.0
1455503053	4.333333333333333
B00J6U1DOW	4.5
1582970831	2.0
0375860967	4.0
006211395X	3.0
0316027413	3.0
1599908727	4.0
0061996165	4.0
1477848150	3.5
0988585936	3.0
0670012254	4.0
1478306890	5.0
0062027565	5.0
0670012246	3.0
0985817003	2.5
1408852217	4.0
0375813756	4.0
1580052533	4.0
0989391906	5.0
B008HRMAPG	4.333333333333333
0312674724	4.0
044640098X	4.0
0062224735	4.428571428571429
1439177813	4.0
0061056480	3.0
0060828390	4.0
0316213101	5.0
1477848169	4.0
0988585928	5.0
142312197X	4.0
0316035920	4.0
0060096942	3.0
0804136610	4.0
0307352145	5.0
0312368437	3.0
1937053288	2.0
1620401398	3.0
0373774559	4.0
0373775881	5.0
0307473236	1.0
0062110837	5.0
0316125873	4.0
0743496744	4.0
0373777604	5.0
1493668080	4.0
0765330598	3.3333333333333335
076532959X	5.0
159474503X	4.0
0007382227	3.0
0525422099	5.0
B005Z1CUK2	4.0
0007444117	3.111111111111111
0983671907	3.0
B00CC68FE8	4.0
0547371489	4.0
0307275558	1.0
B008B11K04	3.5
0345535405	5.0
0992004101	4.0
0553385593	5.0
1477444890	3.5
1481957597	3.0
1496088018	5.0
0765320320	4.0
1475005555	3.0
0985589930	4.0
1480292117	4.0
1480141283	3.0
0451467965	3.0
0761451625	5.0
0141039280	5.0
0062118781	4.25
0761458263	4.0
1416583203	3.0
0061584452	4.0
B00AP5NNWC	5.0
038573784X	5.0
1491269650	5.0
014241543X	5.0
1477816577	2.0
1416572589	4.0
1938436059	4.0
0062060988	4.0
1620612380	3.6666666666666665
1594745021	4.0
0374324956	3.0
0373130058	1.0
1456450557	5.0
1250017599	4.0
1499104987	4.0
B007C8EYXC	4.0
0307950476	5.0
1612185983	2.0
1484044177	4.0
1483912647	3.0
014241980X	3.25
1623007372	5.0
0545654572	4.0
B0073OGHJO	4.0
0312380984	4.5
B00JVWNSA2	3.0
B00DTZ3PAK	5.0
B004YWGKGS	4.0
1590513185	4.0
1601254245	5.0
B00GRMDWQ4	4.0
148485828X	5.0
B00K4LDB0Q	3.0
1453860959	5.0
1493700650	4.0
1597488984	1.0
140006788X	5.0
B00JI0KDXM	4.0
0345803485	2.0
0062248731	2.5
B00K9ZLW3K	4.0
0062082310	4.0
B00FEPGGJ0	2.0
1595144919	5.0
0983593167	2.6666666666666665
1463519788	3.0
0061186473	4.0
0449014509	4.0
0312429851	5.0
1455557714	3.0
0060091290	4.0
1402215274	4.0
0373775873	3.0
0061238961	3.0
0778327655	3.0
149744814X	3.0
1480561436	4.0
0451225856	3.5
0763656798	5.0
0142418528	5.0
1416572597	4.0
0307394808	5.0
0761459545	4.0
0545166667	3.0
1497382742	4.0
B0067MSQEC	2.0
0451232151	4.0
0451466683	4.0
0985817038	3.0
1416968237	3.0
0316125849	4.333333333333333
B00EBEFDXA	4.0
194095102X	3.0
B004FGLMHU	4.0
0765329581	3.5
