1450430112	4.564102564102565
1401220347	4.0
032171962X	4.0
0399155821	4.0
0761456368	5.0
0312429509	4.0
0345515986	5.0
1936096625	4.0997229916897515
0307591484	4.0
1400318459	5.0
1404105298	3.502529510961214
1400317134	3.4693877551020407
0310442419	5.000000000000001
031044022X	4.0
0805093079	3.0
0794418899	4.295387634936212
1414363915	5.0
0143118579	5.0
034552795X	4.0
0764434047	5.000000000000001
0307390942	4.0
1440512264	4.0
0756668530	5.000000000000001
0307956393	5.0
093584841X	5.000000000000001
047057092X	3.0
0553386700	5.0
0849920604	4.0
0470947802	3.0
0761457224	5.0
0470592702	5.0
1591454824	4.0
1416985131	5.0
0061584991	4.0
140418712X	5.0
1601423799	4.0
1416987312	4.0
0761456384	5.0
159555260X	5.0
079442600X	4.0
0761451927	5.0
1423636228	5.000000000000001
0061662550	3.0000000000000004
1416575642	5.0
0133158721	3.0
0307737179	5.0
1465409831	5.0
1848190514	4.0
0849948150	5.0
0679009523	5.0
1599900483	4.0
0002007770	4.0
1416991824	4.0
1118115546	4.0
0312315953	4.0
1597775010	2.0
0310331935	5.0
159240832X	5.0
0240523822	5.0
031264521X	5.0
0062049607	5.000000000000001
0373293976	4.0
0307266192	4.585365853658536
0307730999	5.0
1400317150	4.040404040404041
0545178436	3.0
1742202225	4.0
159233041X	4.0
006171951X	5.000000000000001
0393075370	2.0
1742205739	5.0
1582434395	4.0
161696183X	3.0
0316353167	4.0
0061778761	5.0
1568989970	4.0
0470902906	4.0
1416583289	3.0
1591261902	4.0
1400203570	4.33038348082596
0374349053	4.0
038552871X	5.0
1416560181	4.738317757009346
1603583777	5.0
0870409743	5.0
160469050X	4.586159169550173
1591797829	3.0
0307341569	4.0
1401604803	5.0
1118008189	5.0
0306818809	3.0000000000000004
0470648406	5.0
1439100020	2.9999999999999996
1422175626	2.9999999999999996
1418537888	4.0
1416979727	3.0
1416938338	5.0
006219447X	5.0
0307291146	5.0
030727067X	4.52
1404189769	3.0
047045198X	5.0
0767914708	5.0
0761455485	3.0
1118553985	4.0
0307452468	4.0
0849948126	4.378743961352657
019514824X	5.0
0061714283	4.0
0060775858	5.0
0547370261	4.0
1426710666	3.0
1416949003	5.000000000000001
0310716004	4.0
1433507781	3.0
0761456333	3.0
0312428227	3.0
1414311427	4.0
084994810X	5.0
0849948118	4.0
1590513460	4.0
1400317169	5.0
1612183298	4.0
1400073804	4.0
0470425245	5.0
0761455493	3.1599999999999997
0547358113	4.0
161218328X	5.0
1595549013	4.0
1401688489	4.0
0385743114	3.0
159726136X	5.0
0307957276	2.0
014044615X	5.0
0137009275	3.0
0670021466	5.000000000000001
0931674948	5.0
0743299361	1.0
0789749130	4.0
1426110456	3.0
0312658508	4.0
0321832876	4.0
1414315813	4.0
1400311403	4.512428298279159
111813821X	3.43
0310515076	4.0
0618986766	4.343680709534368
0312368488	4.0
031236847X	4.0
1591797853	4.0
1118490266	4.0
B00ALIN0XK	5.0
146541438X	4.0
140000439X	3.0
0718019164	4.0
0133091929	4.0
1440213690	4.0
0807594806	3.0
0789742985	3.0
1400072948	3.0
0439590809	5.000000000000001
076145327X	3.0000000000000004
0830732934	5.0
0761455469	3.0
0743269977	4.0
0307969231	4.0
1404189777	5.0
1416989552	5.0
1400318033	5.0
0307588270	4.0
0794418821	3.327706057596822
1449513778	1.0
073903698X	5.0
1118345851	4.0
0312565852	5.0
1742200893	5.0
1401301037	5.0
0062060023	2.5170454545454546
1416972218	3.0
0761454594	5.0
1401675131	4.0
0545240042	2.0
0849946387	1.0
0061626864	3.0
0451227492	4.0
1594868239	5.0
0547976526	5.0
047008037X	5.0
0137019963	3.0
1594711976	4.510791366906475
1416958819	5.0
0307480569	5.0
0547248067	4.0
1400316669	4.059241706161138
006156754X	4.0
0307716619	4.0
0849947227	4.4590690208667745
1595552219	5.0
1413303587	5.0
0307454290	5.0
1590514750	5.0
0811874680	5.0
0849946379	5.0
0761455418	4.0
076145540X	5.0
1595552693	5.0
1400204828	5.000000000000001
1595542884	4.319290465631929
0375401954	4.0
1595543732	4.0
0061560944	3.0
1433526905	3.0
0811871185	3.0
0064470059	5.000000000000001
0849947219	5.0
0307269620	5.0
0310950856	4.0
1595553533	4.0
0240811755	4.0
0679771476	4.0
0842321624	5.0
0804165858	5.0
054404584X	5.0
0785213066	5.0
0807000574	2.0
0395470307	1.0
0547254725	4.0
015206513X	2.9999999999999996
0761453245	5.0
1404189734	4.532679738562091
1414348347	3.0
159185413X	5.0
0151012792	4.0
0060730552	4.0
0764162667	4.0
0312383223	4.334645669291338
1400203554	3.0
0451169514	5.0
0977954536	3.0
0761453695	2.0
0761455876	3.0
0743211383	3.0
0061766720	5.0
1400315395	4.653084982537834
1401939813	4.0
0446364495	5.0
0312539517	3.0
1416589457	3.0
078974290X	4.0
0805093435	5.0
1416906355	3.0
006207203X	5.0
0062121030	4.0
0307956350	4.0
1442421053	5.0
1585365165	2.0
0373210345	3.0
0385521685	5.0
1416950052	4.0
0307729915	5.0
1595554440	4.0
0310318572	5.000000000000001
1741799236	5.0
0553282093	5.0
0486247929	5.0
1558324194	3.9857312722948866
0740784315	4.690239043824701
0794417906	3.3464203233256353
0312641699	2.0
0061993158	4.0
0312581580	4.0
0261103288	3.0
067964444X	4.0
0061778702	5.0
0060731427	4.0
1416909850	3.0
0470372273	5.0
0761454527	5.0
0740783459	4.0
0151013667	2.0
0061579521	5.0
0785263713	5.0
1844165868	4.0
0764209418	5.0
030737792X	4.0
0811859061	4.0
0767905385	2.0
1416954406	5.0
0684811960	4.0
0805092560	2.0
1118173023	4.0
0807504874	3.956381260096931
0312368089	3.0
1603582096	4.0
1600775411	3.0
0890516073	5.0
024081178X	4.0
158834455X	4.0
0415656850	3.0
1605296864	3.6858585858585857
0547394608	4.0
1452119570	4.0
1449341756	5.0
0375503994	5.0
1599907909	5.0
1595552243	5.0
0385336748	5.0
0071800670	5.0
1596438762	5.0
0740783440	5.0
1400318432	4.0
0451227484	4.0
1616284927	5.0
1118173031	5.0
0671028383	3.0
0544025830	5.0
0811871150	2.0
1592333583	4.5278810408921935
0553591746	3.0
0553590413	5.0
0870409786	4.0
1400202701	4.0
1595553045	4.0
1595552197	4.0
0399245073	5.0
0307394972	4.0
0545123267	2.0
1400314410	4.476439790575916
0596001207	3.0
0761454624	4.0
0195374622	4.0
0972542418	4.0
1594203199	3.0
0544105192	5.0
0140177396	4.0
0375410848	5.0
0470616334	5.0
0375706771	4.0
1433523493	4.0
1849351724	5.0
1742209637	5.0
1416543279	4.076363636363636
1556527993	4.0
0373892411	4.0
0761454632	4.0
0936184744	5.0
1934030260	4.0
1400311381	4.0
1416556109	4.371428571428571
1416593535	2.0
1433526514	4.0
0553528947	4.0
006170363X	4.0
1595553029	2.9999999999999996
0062015079	5.000000000000001
0307701557	4.0
0312378777	4.0
0486265889	4.0
1603420800	4.0
1118566009	3.0
081187690X	4.0
077043598X	4.0
1570916527	5.0
174179921X	3.0
1595545875	4.0
1416974814	5.0
0307394956	3.0
080217065X	3.0
1590520203	3.570458404074703
0618251294	3.0
0312364121	5.0
0385532431	4.0
0060273224	5.0
0142404039	3.0
1416948953	4.0
0061703613	3.0
0979359627	5.0
0446343455	4.0
0399241965	5.0
0761454616	3.0
0761455949	2.0
0345505352	3.4960629921259847
0345506200	4.0
0131439871	5.0
0062110780	3.0
1595544534	4.4
0375843892	3.91970802919708
0439925932	4.0
0761462236	4.0
1932565728	4.0
0446538566	5.0
193349512X	4.0
160320072X	5.0
1933495138	5.0
0761461388	5.0
0547939957	4.0
0307379345	3.0
0061256684	4.404004711425206
0310329191	3.0
034553025X	3.0
159555307X	4.0
1118027388	5.0
0785209093	2.0
0310941962	3.541946308724832
0865475873	5.0
1426760493	5.0
1427205531	5.0
0310712548	5.0
1433681919	5.0
1935597299	5.0
1413312543	4.0
0761458190	2.0
1595546790	5.0
1856696324	4.0
0141013451	2.0
1742207413	2.0
0761453741	4.0
1439201633	2.0
0786883006	5.0
0061562343	5.0
0345542231	4.0
0979018803	2.0
1413312535	5.0
0761459057	5.0
0307245640	5.0
1585366889	4.0
006149416X	3.0
1401604005	4.714528944381385
1604334908	3.0
1477817166	3.0
0307730069	4.0
006136925X	4.0
1418543748	5.000000000000001
1441834257	3.7422434367541766
1475217765	5.0
1595553061	2.9999999999999996
030798656X	5.0
0761452869	5.0
0743264738	5.0
1583946055	4.0
0310320321	5.0
0451412907	4.0
386521584X	5.0
0307394999	4.0
0849920698	4.814147018030513
0764209027	5.0
0761458174	4.0
142212584X	4.0
0240815637	5.0
1400065720	3.0
0307732215	3.541935483870968
0240813456	3.0
1596911255	5.0
0915297019	4.0
0761453725	5.0
0345471016	4.0
1250002125	4.0
1449393314	4.0
0789743035	4.0
0873373553	5.0
1601422806	3.0
081186801X	5.0
0674013255	5.0
0761461345	5.0
0062514873	5.0
030737937X	2.0
0310332796	5.000000000000001
1413312551	5.0
1401603998	4.466019417475729
1591792576	5.0
0345803787	4.0
1593372566	3.0
1429090219	4.440993788819877
0345453212	4.0
1416556184	4.0
0849917026	2.0
1454904461	5.0
0307378888	4.0
0061583251	4.04
0310324793	5.000000000000001
1439117616	3.9170673076923075
0441014682	3.0
0761458158	4.0
0761120149	4.0
1604070757	5.0
006166118X	5.0
0307589676	5.000000000000001
1603580646	4.0
0547223102	5.0
1401310435	4.441071428571428
0763624462	5.0
111847497X	2.0
0062026127	3.0
0061558281	4.0
0312555113	4.0
1604991771	4.020910209102091
0132755106	4.0
1441892176	5.0
1119951380	3.0000000000000004
0553577956	5.0
0137032498	5.0
0689876394	5.0
140031707X	5.0
0425226344	3.0
1742205682	5.0
1413310796	5.0
0307959376	5.0
1742203027	4.0
1477807748	5.0
0345520041	4.0
0800795180	5.0
1609580427	5.0
0849919665	3.0
1118402006	4.0
158270256X	4.0
0794421997	3.0
0545093341	3.0
1591796962	4.0
030759064X	5.000000000000001
0778327973	4.0
1451661215	3.0
1416572678	3.0
0805087117	4.0
0761452834	5.0
0781444993	5.0
0226076903	2.0
0446547425	4.0
0195393759	4.0
0310716020	4.0
0764209906	5.0
143352306X	3.0
1442497009	4.0
0061930059	4.0
0143144006	5.0
1401204244	3.0000000000000004
1450463592	5.0
038551851X	5.0
1250000815	4.0
0849919681	4.0
160342086X	4.0
1418541532	5.0
0425227650	4.0
1579653456	4.0
141696150X	5.000000000000001
1400008395	4.999999999999999
0914941615	5.0
084873274X	4.480769230769231
1557534624	5.0
0761461752	3.0
0132485567	4.526119402985075
1416547274	4.0
1416575731	5.0
0968838928	5.0
0061210056	5.0
0312040156	5.0
1477849173	3.0
0446409480	3.994475138121547
1250029201	4.0
B008BX4O78	5.0
1400008387	5.0
0553805258	5.0
054724889X	4.0
1594744041	5.0
0345383990	5.0
006123883X	4.0
0764227777	5.0
0310286891	5.0
0312370830	4.084726867335563
0321585453	3.0
0307591972	3.0
0786950285	4.0
0307264785	5.0
1450438156	5.0
1416990003	4.071319018404908
1433526557	5.0
1595545050	4.0
0547550782	4.0
158997624X	4.0
0240522141	5.0
1401302866	3.0
078974256X	4.0
0972030107	4.0
1416597980	2.8311688311688314
0310439310	4.0
0062069217	3.0
0849919622	2.4969512195121957
0761457240	5.0
1595549404	5.0
0062235540	4.0
1595548556	5.0
1585365505	5.000000000000001
0307378462	3.553003533568905
0761461736	4.0
0470930683	5.0
1592536131	5.0
0345338545	5.0
0345524438	4.0
1439102139	5.0
174220564X	5.0
0786836237	4.0
068985983X	5.0
1401302874	5.0
0375504044	2.0
0849948185	5.0
0689859848	5.0
1449720528	4.0
1413306284	5.0
0307463974	5.0
1595547207	4.465573770491803
0307730441	5.0
0240818733	5.0
1594488681	4.0
140020092X	5.0
1595545034	3.0
140168582X	4.0
1590523172	5.0
1400308534	4.3009584664536735
1400008476	5.0
1434768716	4.0
0345523253	5.0
1419552376	4.782091917591125
076145974X	5.0
0310267153	5.000000000000001
1551520672	5.0
0618883959	4.0
1416541527	3.5443037974683542
1401940277	4.0
1426205406	4.0
1413319432	4.0
1595551654	3.0
1416590935	5.0
0849901197	3.0
1401939295	3.0
0785263268	4.540389972144847
1416953884	5.000000000000001
1118775082	4.0
0849948282	4.455035971223022
382283730X	5.0
0740781529	4.0
1401340903	4.0
0849920728	3.466019417475728
0743252160	5.0
0811865452	3.5670498084291187
0312649940	5.0
1400205646	4.0
084992071X	5.0
1494735482	5.0
1416990844	5.0
0307704114	4.285219399538106
014104179X	4.0
0345521080	4.0
078523165X	3.5799373040752354
0061726192	4.0
0761459774	4.0
0761458441	2.9999999999999996
1400202140	2.315242494226328
1595550313	4.0
0786818697	2.0
0062094548	3.0
111830635X	5.0
0679009647	5.0
0849919703	5.0
0764207318	4.0
0811866793	4.0
1400317029	4.563039723661486
0553807781	4.0
1413310621	4.0
0345517830	4.0
0756655323	5.0
0547315937	4.061224489795919
111821658X	5.0
0778329631	3.0
1892154285	5.0
1596913916	4.0
160358255X	5.0
1603582568	5.0
141694804X	4.0
0307985857	3.0
0764208659	4.0
0761455388	3.0
0132383837	4.0
0764209507	4.0
0061373265	5.0
0761456244	4.58
1742205860	3.973262032085562
145168875X	3.0
1400067677	3.0
1562614789	5.0
081297574X	5.0
0470246677	4.0
1440215782	5.0
111830859X	5.0
0310336694	5.0
1591797705	5.0
1572241241	3.0
0979456304	4.0
0778326152	4.0
1401942024	4.0
0743575318	4.0
0307593983	2.0
0143142356	5.0
0062289861	5.0
0312368100	1.0
1416553541	5.0
1933615346	4.0
1594202583	4.0
1593154917	5.0
0142002631	5.0
158008253X	3.5016025641025643
0310325560	5.000000000000001
1601423225	5.0
0375725776	2.9999999999999996
0439838444	3.0
1450429297	5.0
1477847030	4.568627450980392
0761459723	5.0
0385343337	5.0
0061766216	4.0
1400071755	5.000000000000001
076360013X	5.0
0061176044	4.0
0553593625	3.0
0881928623	5.0
1118287584	5.0
1595547193	5.0
0061665746	5.0
1605292796	5.0
0385527934	3.0
0425223396	3.0
0310292131	5.0
0761149872	4.0
1615190678	5.0
0613113837	5.0
1416936017	4.271186440677965
1440506507	5.0
0689876335	4.0
0307914208	3.0
0062194348	3.239031770045386
0316182540	2.0
0061628344	5.0
0689863012	3.0
1591796881	3.0
1401340970	5.0
0374161860	5.0
1419692887	5.0
1441766073	5.0
0545142997	1.9481481481481482
0316068284	4.0
0340770708	3.0
0789749262	5.0
0833524658	5.0
0761455345	4.0
0470497254	5.0
0761458859	4.0
0764205102	5.0
1416950796	5.000000000000001
0553806882	5.0
0061236012	4.0
0137020171	3.0
1413311903	4.0
0385743491	4.511400651465798
1558324240	2.0
0240816277	5.0
1416987258	4.549469964664311
0786891327	4.0
006170301X	4.0
0545210127	4.0
0140186409	5.0
0470767901	5.0
0767932684	4.532534246575342
1440305366	5.0
1416975284	5.0
1592333427	5.0
1400200369	4.0
1582979987	4.456681350954479
013706506X	4.0
0310723485	5.000000000000001
0765304961	4.0
0061826871	3.0
0470416831	5.0
039306235X	4.0
0307280322	5.0
0062071041	4.0
0307592294	4.0
0312606362	4.0
147780739X	3.0
0137065078	3.552397868561279
037389225X	5.0
0761458824	4.0
0316013587	3.0
0982555067	5.0
0307272702	3.0
0385537700	5.0
0310326052	5.0
1611800579	3.920962199312715
0451230531	4.0
1118490320	5.0
1416955666	4.105220883534137
0373210027	4.0
0671707744	5.0
0849922070	4.666666666666666
0849918804	3.5309446254071664
1741794706	5.0
1742204902	4.0
159555341X	4.6866995073891635
1601438761	4.0
0312373589	3.0
1422157296	3.7852246763137853
1416590544	4.551056338028169
0829427201	4.0
1742204910	4.0
1442422491	5.0
0849946492	4.0
1596916591	5.0
0689858027	5.0
1615211217	3.0
0679724176	5.0
0061452564	4.0
0310266238	5.0
0060737298	4.0
1558324275	4.0
031026622X	4.020689655172414
0849946484	4.4310645724258295
1418549924	5.0
1611098998	4.0
1416971270	5.0
1402779798	4.0
006212532X	4.0
0761455302	4.0
0802715583	5.0
0137145500	5.0
0761455787	3.5869894099848714
1400202515	3.0
1495491137	5.0
0061995037	5.0
0764208268	3.0
0373892241	3.3188097768331564
159554805X	1.0
0307269973	5.0
1595548068	2.0
1936976188	5.0
0446527165	3.0
0545151422	5.0
0849946476	3.0
0689852789	4.57989417989418
0310318467	4.0
0312077165	5.0
1565126076	4.0
0842337911	5.0
0310433223	5.000000000000001
031071673X	5.000000000000001
1600066631	5.0
1416939156	5.0
0689858094	3.6045816733067726
0061928224	4.0
0137079273	4.0
0689829531	4.0
159554450X	5.0
0804176434	4.524438573315721
0061721786	4.0
0345386108	2.0
0446556513	4.0
1595544518	4.0
0971727937	5.0
0767930886	5.0
0811876942	5.0
1612187137	3.0
1442409053	5.0
1413306934	5.0
0330461001	5.0
1400004454	4.0
0679805273	5.0
1435458443	3.0
0156033593	4.0
0385333102	5.0
0761455736	5.0
054506631X	4.0
1433668238	3.065068493150685
1439157618	5.0
1742200516	4.0
2848019425	5.0
0310715881	3.0
1400316138	5.0
3906196003	4.0
1401686354	4.0
1423164911	5.0
1400316146	5.0
0743550439	5.0
0373892292	3.0
054761215X	5.0
0849946441	4.0
0470471948	5.0
0802119565	4.0
0060742690	4.0
0762745657	5.0
1561795976	5.0
0740785508	5.0
1434766926	3.0
1467710679	4.0
141699081X	4.520210896309314
0761453563	3.0
1416569987	4.0
0761455744	5.0
140020254X	4.0
0671045814	4.0
1400073987	3.0
1400203406	4.106194690265487
0373892284	3.0
193299310X	5.0
1250025737	3.0
0310291224	5.0
1592289800	3.0
1416556680	5.0
0007442920	5.0
1410419592	5.0
1416986324	4.29831595829992
0767931750	3.0
0672335972	5.0
0310331862	5.0
0688115187	5.0
0143117378	4.0
1442403772	4.0
1416556206	3.0
1400203910	2.0
0310289858	3.0
034580676X	5.0
0761461280	4.0
1743219083	5.0
0761454500	5.0
0345464869	2.0
1401685560	4.0
0806527285	3.0
0763600512	5.0
092961903X	5.0
1426211643	5.0
0312541910	2.0
159555338X	3.6782786885245904
1595540091	3.0
0761452338	4.626204238921002
0684844257	5.0
1420083805	4.0
0123850037	5.0
0761454519	3.0
0307990745	3.0000000000000004
1401310710	5.0
0385527187	4.999999999999999
0761453660	3.0
1595543104	4.0
0132350009	3.0
0470423544	5.0
1404186964	4.0
0739370383	2.0
1595543597	5.0
0672335557	3.0
1439153663	4.0
0340964367	4.0
0761462139	3.0
0061928240	3.0
1770852255	4.0
0062077562	4.0
0670020974	2.0
1596915781	4.0
0312385188	4.0
0470455586	4.0
0312595689	5.0
0761452303	4.413010590015128
1422171647	5.0
1401935230	3.0
1433676613	5.0
1433522268	5.0
0307264211	4.0
0740776959	4.0
1118177665	4.631278538812785
1413313337	4.0
1477817271	3.9130434782608696
0739475312	5.0
0764209183	4.0
1573244775	4.0
0810945126	5.000000000000001
0761462589	4.0
1843109026	4.0
0849946522	4.0
0761458093	3.0
0312380720	3.0
1416967591	3.0
1400313457	3.0000000000000004
1595551190	5.0
1426211678	5.0
0789429624	5.0
0849946514	5.0
0849946999	4.055350553505535
1413313329	3.0
0789749734	4.0
1433530708	3.0
0761461264	5.000000000000001
0785227628	4.0
1450432077	5.0
0307395987	5.0
0547232802	5.0
1413309267	4.0
0061450758	3.5841584158415842
0448434113	4.0
0849932343	5.0
1595545344	5.0
0307459535	4.0
0761458077	3.0
0886778182	4.0
0316693251	2.0
0849946506	5.000000000000001
0061710245	3.0
0849946980	3.9100719424460437
0547243944	5.0
0470918853	5.0
0385337450	4.0
1419549952	4.0
1414337272	5.0
140168551X	5.0
045122566X	3.0
0761453628	3.0
1595547509	5.0
0470470690	4.0
0761144609	5.0
0824948580	5.0
1419549944	4.462328767123288
1844166880	4.0
0143145088	5.0
0982555091	5.0
1414337280	3.0
0761461248	5.0
0307381358	3.0
184819014X	3.0
1593274718	5.0
1606840312	4.0
140031870X	5.0
0230611699	4.0
0767929829	3.92991452991453
1416974733	4.0
1416964053	3.0
1404187804	4.668726823238567
0375423508	4.0
0316036129	3.0
0470767596	4.0
0307480593	5.0
034552361X	2.0
0807086142	4.0
0316247545	5.0
0812982533	5.0
0138158053	3.0
1400044944	1.0
0764208292	4.367718446601942
0544157567	2.0
0761458050	5.0
0547144245	3.0
0373774389	4.0
140224004X	5.0
1449405827	1.0
1605501166	3.1991084695393757
1400074312	5.0
1932458506	5.0
1741797357	4.0
0062048279	4.329113924050632
1595546642	2.9703588143525743
0671009249	3.0
144243614X	5.0
0307461831	5.0
193559737X	4.676344086021506
0451228731	3.0
0307929248	5.0
0062213024	2.0
0310949548	4.456521739130435
1416986723	5.0
0811871312	5.0
0007299540	4.0
1433526255	5.000000000000001
159276309X	4.165932452276065
1741799961	3.704161979752531
0310242371	5.0
1416938656	3.0
1416939989	4.0
0061725374	4.0
0307464539	4.0
1595552901	3.5094637223974763
1416938664	5.000000000000001
0794419348	5.0
1565129938	5.0
1416959122	5.0
0385424345	2.0
0761461671	5.0
0425230503	4.0
0312289871	2.0
047049770X	5.0
1465414576	5.0
0740755633	2.0
1400203082	4.4089456869009584
1466560177	5.0
1607142708	4.0
0470976780	4.0
0385524072	3.0
1439102473	4.0
0310272106	4.0
0761458042	5.0
0393328406	3.0
1416545182	4.0
1413310672	4.0
1586484931	4.0
0312659334	3.0
015101406X	4.0
0340770732	4.0
0679742034	2.9999999999999996
0470524529	4.0
1439150109	4.0
0470432861	5.0
140020304X	4.7115165336374
0310344298	5.0
0470565071	3.0
0062268546	4.0
0764207830	4.0
0385736762	5.0
174179997X	5.0
1591135834	4.0
0240816641	4.0
0470497734	5.0
1413313736	4.0
0849920779	3.5383177570093456
0240815319	5.0
0988217600	5.0
0757306349	1.0
0307278824	5.0
0312362919	5.0
1477847057	4.0
1741797314	4.0
1595547525	4.0
140031299X	5.0
140000490X	5.0
0595447511	4.0
1595548866	4.431740614334472
0747578834	5.0
0312590822	3.0
1439110077	4.455696202531645
184416778X	4.0
1118067789	5.0
0321704215	3.0
0805091963	4.0
1558323759	4.790713324360699
1591452392	4.617529880478087
0385337000	5.0
0451155750	5.0
0679009264	4.0
1416597646	4.0
1400314739	4.0
1603580336	5.0
1603582517	4.0
140160451X	5.0
1843109093	4.0
1401302726	4.0
1592333907	5.0
0761451838	3.0
0764207814	2.0
0761458468	5.0
1111545480	5.0
0778326543	3.0
078523120X	4.46423658872077
0399165940	5.0
0812982592	5.0
0373774745	3.0
0307589994	4.117202268431002
0547393083	3.0
0984053859	1.0
0240810902	5.0
1592331734	5.000000000000001
0061827258	4.061093247588424
1400314720	5.0
1741799910	5.0
0811867676	3.9808383233532934
0470497742	5.0
141330527X	4.0
1118045998	5.0
006198390X	4.478190630048465
193351244X	4.0
1413312810	5.0
0307590526	4.0
1416542949	4.519083969465648
0470450258	4.528641571194763
1402797672	4.0
1433526670	3.0
0345515609	3.0
0718024249	5.0
1743214251	5.0
0307461440	4.0
0374305188	5.0
1594487456	5.0
0446394009	5.0
1118018370	5.0
1741799945	5.0
0310320291	4.0859213250517605
0385536038	4.0
1413307019	5.0
0929619021	5.0
077832740X	3.881239242685026
1416587853	5.0
1892112000	1.0
031236427X	3.0
0805242872	5.0
1477816380	5.0
0316083399	5.0
1452107920	3.57566765578635
1743214243	5.0
1741799937	4.0
1401604536	4.0
1413300855	4.0
0373892713	4.518026565464896
0761457127	4.0
1594745234	3.0
0307446298	5.0
0061246336	4.0
141691028X	4.534923339011924
043935806X	4.0
1595545395	5.0
0811869881	5.0
0807044717	5.0
0446538647	5.0
0307730328	2.0
0849964768	3.0
1605298476	4.0
0140065350	4.0
0199927928	3.0
0312587481	3.0
0825305152	2.0
0764537172	4.0
159554920X	4.0
0761455280	3.0
0821778080	4.0
0061995541	3.0
006145205X	4.464716006884682
0310292468	3.0
158008463X	5.0
0812974530	5.0
0143117483	3.0
0062331159	5.0
1595553711	4.0
0811869938	4.0
1599903725	2.0
0312359322	4.0
1416954619	5.0
0310293308	5.0
1582701989	4.0
0547807961	4.0
0307593436	5.0
0143038583	5.0
1400068665	4.0
1418550663	3.0000000000000004
1593274297	5.000000000000001
1416583025	3.0
0385660065	3.0000000000000004
1401600646	5.0
0132963035	4.0
0801894611	5.0
1932841385	2.0
1118311833	4.0
1400204666	5.0
0385527632	2.474074074074074
143912468X	4.0
0397303998	5.0
1477848894	5.0
0240811909	4.0
0761459618	5.0
0312538057	3.0
023076651X	5.0
0330460668	3.0000000000000004
1452572917	5.0
1740593456	5.0
0671737430	5.0
0547553102	4.0
1400005051	3.5142857142857142
1578565073	5.0
1592135420	4.0
0747585873	4.0
1934030961	5.0
1938170156	5.0
1401340806	2.0
1118117972	5.0
0761459626	4.244698205546492
0240814177	3.0
1400316057	5.0
0345528603	3.0
0312362994	3.0
1400082935	4.0
1404189572	5.0
0385618506	4.0
1404187391	5.0
0802716709	4.0
1400081602	4.341162654139753
1416950222	5.0
0743597222	4.999999999999999
0385333404	4.0
0761174931	3.0
0307948560	3.0
1419553542	4.0
1439109087	3.0
0553592882	5.0
1401310192	5.0
0061836923	3.0
0761461914	4.0
1477816402	3.0
1569245134	4.0
0547390092	4.0
1416599436	5.0
0849946182	4.568259385665529
1477847154	4.38235294117647
076145523X	3.0
0061915416	5.0
0761455248	3.0
1571745890	5.0
0684807610	5.0
1416964851	5.0
0307396045	5.0
0307729761	2.0
1404189513	4.786726323639075
1933615699	4.5145299145299145
1400318254	4.532347504621072
1439158878	5.0
0312583923	4.0
0316001821	4.0
0345500679	3.0
0399155619	3.0
0312383886	4.527145359019265
1742202896	4.0
1933538562	5.0
0307452689	4.0
1599903717	4.0
0471353124	4.0
1416594191	5.0
1595542604	4.0
0373874340	4.0
1573447870	3.0
0812978951	5.0
054780797X	5.0
1555916538	3.0
0740792563	5.0
031266768X	4.0
031232118X	3.0
0385537883	2.0
0743583078	5.0
1416585273	5.0
1416586121	5.0
0451176464	1.0
1595550224	4.0
1595547061	4.0
0385528914	5.0
0307888789	5.0
0062072226	5.0
1442421231	5.0
0615361161	1.0
0761456554	5.0
1118764048	5.0
0547504195	2.0
0785229213	4.999999999999999
1742200249	4.0
1416939415	3.0
0761456562	3.0
1413306438	4.0
037371310X	3.0
0137021143	5.0
0849964482	5.000000000000001
0061886394	4.048780487804878
1477816410	4.488372093023256
0873895568	3.0
0399156518	4.0
1595550291	2.0
0785214127	4.473154362416106
1414364601	4.0
1416971122	1.7765793528505394
0743599845	5.0
0794423167	4.0
0785228772	5.0
1410422445	3.0
0761453016	4.0
1400203759	3.9796380090497734
0099464462	4.0
1418548731	5.0
0156106981	2.0
1414348118	5.0
0849948320	5.0
1595553797	4.0
1118517687	5.0
144131041X	5.0
0891098836	5.0
8862933185	4.0
0812978978	4.0
0806528419	2.0
052911769X	4.0
076145652X	3.4829545454545454
0307952193	3.0
1400202892	4.0
1413302017	5.0
0761452176	4.568627450980392
076531908X	3.0
076420839X	4.0
0373892144	5.0
0823099016	3.0
076793055X	5.0
0374322171	3.0
B00507GMIM	3.0
1440528438	5.0
0761453032	5.0
8862933177	3.0
1416590668	3.504187604690117
0812992814	5.0
0547073283	4.0
1400203732	5.0
0373210116	5.0
0310439078	3.0
0143170090	2.0
0763661651	5.0
0761453474	5.0
0761454322	3.8260211800302573
1596434198	4.0
0761456988	5.0
1401685196	5.0
047047405X	4.0
0761456503	3.0
1400314283	4.471358428805237
0470502142	4.0
0143118390	5.0
024081813X	3.0
0802120644	2.0
0743264096	5.0
0547636458	5.0
1623650143	4.0
0806528877	2.0
0306822725	4.0
0767930576	3.0
0307887898	3.878531073446328
0307272605	3.0
1416558934	3.0
0060850523	2.0
1416599452	2.0
1416567402	5.0
0061173509	4.0
1416567887	5.0
074359679X	3.0
1598875337	5.0
0195395255	4.0
0743499220	5.000000000000001
0789749335	5.0
0141023384	2.0
1118446712	4.0
0764208381	5.0
158536536X	2.0
0547076789	3.0
0307888754	4.0
0470769327	5.0
1591797268	4.0
0547556225	3.0
1400320941	4.083892617449664
1416590692	4.0
0080466176	5.0
0761455639	5.0
0099406136	3.0
0786913134	5.0
1935052519	5.0
0240521870	5.0
1937715205	2.0
1595544887	4.0
0794420095	5.0
0307592138	4.0
0764206176	4.0
0849946107	4.0
1594745935	5.0
0373892195	4.0
1400004586	4.5215946843853825
0849921287	4.0
1416941347	4.0
0060590319	3.0
0553591967	3.0
1416560807	5.0
0373892179	4.0
1576737802	5.0
1599471531	3.0
1400316472	3.0
0373892187	4.0
1404187731	5.000000000000001
1442481773	5.0
1416984488	4.0
0486286029	3.0
1932458018	5.0
0805094539	5.0
0761451293	4.0
0307458857	4.0
0310949602	5.0
0240812417	5.0
0975919008	5.0
1118818342	5.0
1118608569	5.0
1118352785	5.0
0345532740	2.0
1400202442	5.0
0865475571	5.0
0761462392	4.52
159279744X	3.0
1118725794	3.0
067002161X	4.0
161623797X	5.0
1600066739	5.0
1400316022	4.0
1416556311	4.0
1416941320	5.0
1419683667	5.0
0764208330	5.0
1400202450	5.0
0310724228	5.0
1477810285	3.0000000000000004
0321768434	4.0
111807470X	5.0
0811861112	3.887905604719764
1400308887	4.570458404074703
0448436469	5.000000000000001
0740781022	5.0
0765320088	2.0
0310724244	4.0
8862933150	5.0
0547995482	3.0
1606841491	4.0
1449316573	3.0
140031514X	5.000000000000001
1400315158	2.537906137184115
0739353993	5.0
1433680459	4.0
1442344989	5.0
0316219266	3.0
0137022077	5.0
1400316499	4.310924369747899
0373892160	4.0
1400315166	4.0
0785228756	2.0
081187138X	4.0
0547858205	5.0
193156129X	2.0
0679767193	4.0
0870408216	5.0
1250026385	5.0
1607477289	5.0
0761453539	5.0
1843109174	5.0
0743236009	2.0
0812992881	4.0
0399155147	4.0
1742209866	5.0
0670020834	4.0
1118066707	5.0
1416938931	5.0
1449311652	4.0
0529120801	5.0
1119961327	5.0
0802869858	4.0
0061905267	4.0
1401303064	2.0
0451412710	3.0
1416544364	4.054290718038529
0764202219	4.0
158243719X	5.0
0689873956	4.0
0307460681	5.0
1595544313	4.701986754966888
1584850396	5.0
0743573722	4.0
0007337701	5.0
141433382X	2.0
1118510666	4.0
006199605X	4.0
1573244627	5.0
0789315831	4.0
140168520X	5.0
0849920043	5.0
0767915305	4.0
0670020850	4.0
1598804901	3.0
0446177938	4.0
1595551085	2.7731629392971247
1439121982	5.0
044652414X	5.0
0374281602	4.0
1400316855	4.593900481540931
0061148075	5.0
1741797292	5.0
0794419046	2.9999999999999996
1419549898	3.0
031032808X	3.0
159555324X	4.0
0307907546	5.0
1413313213	4.0
1416572848	2.235294117647059
0142417114	5.0
1595551077	5.0
1595542116	5.0
0767930509	4.0
1451685815	5.0
1612186068	4.0
0307460665	5.0
1741797284	4.673965936739659
1936493837	4.4921383647798745
0757000495	4.0
0151010897	5.0
1595551069	4.0
0547237561	5.000000000000001
0778804550	4.0
0061255599	4.0
0307986799	4.0
1451636881	3.0000000000000004
1603580859	5.0
1591797152	4.0
1416560874	4.0
1414324065	5.0
0380791021	4.0
0133066274	4.0
1401322603	5.0
0807509108	4.0
1414336063	5.0
1596916729	4.0
0061772437	3.0
0425229262	5.0
0892760451	5.0
0307587606	3.567307692307693
1594488819	3.0
031026314X	4.0
159554870X	4.0
0373892217	3.0
0316818119	5.0
0132180243	4.0
1400004616	5.0
1416942165	3.0
0596002351	5.0
1111545502	5.0
1118647610	5.0
0849920000	3.996515679442509
1455573205	5.0
1594488827	4.0
0762442158	4.0
1416591125	4.0
0199858446	5.0
0373892209	5.0
1404190066	5.0
1442414030	4.0
1400316413	5.0
0375868569	4.0
030795210X	5.0
031264812X	5.0
0671693808	5.0
0761457089	5.0
0375821821	5.0
0310250684	3.677639046538025
0345441400	3.0
0062121693	4.0
0802119166	4.553003533568904
0345426266	3.0
1611090024	4.0
1604360143	4.462091503267975
0976876078	4.0
0961725516	3.0
054425208X	5.0
1603580867	4.0
0195397916	5.0
1400275032	4.556291390728477
1594487502	3.0
081186958X	4.0
0062126903	4.0
1742209858	5.0
0819563366	4.0
0515147540	3.0
0761457097	5.0
038535293X	3.0
1609004167	4.0
1401685676	4.0
0785261826	5.0
0310290775	3.0
0439064864	5.0
0785227946	4.570458404074703
1589976096	4.0
0764209272	5.0
0061233781	4.0
0439783100	3.0
1742204171	5.0
1435460065	4.0
0307884848	4.0
1418543969	4.0
0609607480	3.5303867403314912
0312428812	5.0
1400074029	2.0
1566912296	3.0
0374292795	4.0
0470641924	5.0
0689835604	4.0
1414323611	5.000000000000001
1439138311	4.0
0312587511	4.0
143476625X	2.0
1595555056	3.0
0764207504	5.0
0738721875	5.0
1118615689	5.0
0439903548	4.0
1433526360	3.0
0811867358	3.39766081871345
0374289158	2.0
0544073770	3.0
1595545255	5.0
1401940544	4.0
0061478741	4.0
0789741083	3.0
1439140634	4.0
0755344561	1.0
1477816437	4.0
0451411471	4.0
0374143420	4.0
1433521903	4.0
1594864446	5.0
1401685617	4.0
0761453911	5.0
0385531737	5.0
0061336149	5.0
1414307152	5.0
1452257825	4.0
1400073154	4.0
076145702X	5.0
1400074487	5.0
0761457038	5.0
0689856520	3.7864406779661017
1595545239	4.027811366384522
1400315921	4.0
0240521013	2.0
0061131245	4.0
1477816461	5.0
0375434313	5.0
0761457046	2.0
1404190023	5.0
1433528525	3.0
1604360100	4.581178160919541
1413319378	4.0
1400042445	5.0
1401601588	5.0
0547222475	3.487644151565074
140020206X	3.674019607843137
1416906959	4.0
1450497101	4.0
084313271X	5.000000000000001
1594746486	4.0
0375864571	4.0
1442341955	2.0
0794421741	5.0
0307729265	3.0
0143142070	5.0
0547645716	3.0
1595547894	2.0
1553654854	5.0
1400202086	5.0
0778327744	2.0
0307588114	5.0
0812695933	5.0
0545035287	4.640046296296296
0312276885	4.0
0316042781	4.0
0439023483	5.000000000000001
1469204991	4.0
0553383485	5.0
0873374231	5.0
1400314615	4.999999999999999
0310951127	5.000000000000001
1592403700	5.0
0062071750	4.0
0764202251	4.0
0812981383	4.0
1742200184	5.0
147781647X	4.0
1603582630	4.0
1477816488	5.0
0060581069	4.0
0307730212	4.0
0195369882	5.000000000000001
0061284904	5.0
1848190204	2.0
1416958576	4.292732855680654
0439023491	5.000000000000001
0393070212	5.0
043920352X	5.0
0310431611	3.0
0767922468	4.0
0132733102	5.0
076532170X	1.4935543278084715
0544052897	5.0
1556438222	5.000000000000001
0425086569	5.0
0061713244	4.0
1439108935	5.000000000000001
034550111X	1.0
0312375042	2.0
0544261879	5.000000000000001
0679009329	5.0
1400314631	5.000000000000001
0938978217	5.000000000000001
0375843221	5.0
0761458328	5.0
081186779X	4.0
0307730670	4.0
147937136X	3.0
0399159126	5.0
1427209278	5.0
1426212674	5.0
0525951202	3.0
0470482176	5.0
1852250437	4.0
0385529848	4.0
1932815481	4.0
0763611328	4.0
0764205749	5.0
0553386522	4.0
1400315956	5.0
1416959408	4.0
1477816496	5.0
0240813286	3.0
1931559430	4.0
0761457011	5.0
B007WOPUHU	5.0
1416575987	3.52
1578563763	4.0
0789742438	3.0
1936010054	5.0
1416597328	4.0
0312278586	5.0
1596436077	4.453961456102783
0761139850	5.0
0060874228	4.0
0761456007	5.0
1597775398	2.0
0312621353	4.0
B005GNBUNM	5.0
0785231897	2.9711375212224107
1416550232	4.0
0446535869	2.0
0060084448	4.0
111829405X	4.0
0738705209	4.0
0811866548	5.0
0061470856	4.0
159233055X	5.0
1936010046	3.5142857142857142
076420842X	5.0
0448436167	4.0
0310247772	3.5094637223974763
0811864367	4.0
1414367392	5.0
1596449381	5.0
1400315069	5.0
0062049739	4.0
0316734896	5.0
0615442536	1.0
1423170997	3.695686274509804
0132357798	3.0
0761461841	4.0
013235778X	4.0
1416561390	2.0
1401601634	4.0
1599901692	5.0
1742200397	4.0
1604991801	3.0
0761456465	3.0
0307378705	3.0
1413307221	5.0
0764208403	5.0
1401310052	3.527881040892193
0240521765	4.0
0399155929	5.0
1932735186	5.0
0310319943	4.453468697123519
0307716368	4.0
1439157014	4.0
0312658656	2.0
0849947170	2.0
0316040096	5.0
1452105006	4.0
1573446602	4.0
0778326381	5.0
0470647620	5.000000000000001
0761456481	3.0
0425227936	3.0
1595552715	5.0
0140187537	5.0
0761459510	5.0
1418550760	4.0
0764207571	3.0
0345441036	4.0
1400202361	5.0
0385522002	5.0
006072563X	4.0
0849947162	5.0
0393071952	5.0
0439680999	5.0
031242941X	1.0
0595506518	5.0
0307265803	4.0
1404189408	4.0894901144641
1413304133	5.0
0767921763	5.0
0425227529	3.0
054715240X	5.0
0312852363	5.0
0441015050	4.0
1556437080	3.0
1595553630	4.433962264150943
0151014264	3.0
1400005159	3.8242424242424233
0740757237	5.0
0761461809	4.0
0312363907	4.0
0761456457	5.0
0545052351	3.0
0307444732	4.0
077043620X	4.0
0061132217	3.0
1414367341	2.0
1440318417	4.0
0689855664	4.0
0062047523	5.0
0814412998	5.000000000000001
1741047145	4.029508196721311
0312428596	5.0
0761149619	5.0
0793514789	5.0
159554609X	5.0
0750682264	4.0
0789748193	4.0
0545233445	4.562787407145384
1400318130	4.0
1603581014	4.0
1936493578	5.0
1603582347	3.0
1589976533	5.0
0446526932	5.0
0765326574	5.0
030728364X	5.0
055328942X	2.0
0789742853	4.0
0761455574	3.0
1414345542	3.0
1477847243	5.0
0761456422	4.0
0811865665	4.0
1413307655	5.0
0761456430	5.0
0345530608	4.121527777777778
0756631599	5.0
1601423446	5.0
0547427522	5.0
0849947138	4.571033210332104
0764586475	3.0
0307388522	2.2467532467532467
0740706004	5.0
0345526112	4.0
1742200362	4.0
0374126879	4.6735357917570495
0399245340	5.0
1596436069	5.0
0312853238	5.0
0811878988	4.0
1933615559	5.0
0761455590	5.0
0812976886	4.0
0547195583	3.0000000000000004
1586421514	5.0
1843108801	5.0
1594865671	5.0
0778328112	4.0
1416556842	5.0
0470189592	3.0
030795627X	5.0
1442420499	4.0
1400005124	5.0
B00JFI71DC	3.0
1118185110	4.0
1571203990	5.0
1416951075	3.0
1416971483	3.0
0307446549	5.0
0761456406	4.0
0547248199	3.0
1401685285	3.0
1579127843	5.0
012374914X	5.0
0452295386	5.0
0547342497	5.000000000000001
0849901359	3.813968253968255
1933495200	5.0
0849946263	4.19935170178282
1414366906	4.0
0062227327	5.0
0307446557	5.0
042523200X	4.0
1400313279	5.0
0761455566	3.0
0761456414	4.0
1595544712	4.0
1400202779	5.0
1413308910	5.0
0802121624	5.0
1416968733	4.559084194977843
0385344473	2.0
1433671697	4.999999999999999
0321699424	3.0
0470687266	4.0
1595541691	4.0
0060730897	5.0
1450413994	5.0
0139642625	5.0
0061944904	4.0
0849946255	3.352367688022284
0307958841	4.0
0672332205	2.0
0801891620	5.000000000000001
0373881355	4.0
0230613675	3.521594684385382
1422121062	4.0
0307587959	5.0
1442420073	5.0
0545055873	4.073025335320417
1595544704	4.503496503496503
1616381388	5.0
078523182X	5.000000000000001
1600613012	4.0
1400316340	3.526041666666667
084994841X	4.290615539858729
1419682016	2.9999999999999996
1604690011	5.0
1558326693	3.0
111828738X	4.535836177474402
1416986510	4.0
1595552324	4.544964028776978
0764210327	4.0
1595551476	4.0
080509489X	4.0
0240811631	4.0
0849946247	5.0
1595553657	2.0
0486267652	5.0
1605292176	4.0
1573443972	2.0
1400068371	4.0
0132230852	4.0
1250009073	4.0
0262012782	3.0
0310436923	5.000000000000001
1400316332	4.572610294117648
1595549153	3.938566552901024
0312428170	4.0
0373771983	4.0
1605293024	4.0
1400004233	4.55379188712522
1416986529	4.0
0849976162	5.0
0345527011	3.4905956112852667
0764201832	5.0
0761456848	4.0
0425213765	4.0
0399155589	3.0
1595554572	5.0
1601423071	5.0
034553283X	3.0
0062088513	3.0
1558324062	4.999999999999999
0310432138	5.0
0738735051	4.0
0761139893	5.0
1414309074	5.0
1558327568	4.0
1599472511	4.0
0376020598	5.0
1595542590	3.9838998211091234
0373892071	4.187887130075707
1576839974	5.0
0310949734	4.999999999999999
0307739821	4.0
0307453278	5.0
0312549679	5.0
0137015445	4.0
1595553231	4.7735011102886755
1434764966	5.0
0761454675	5.0
0761456856	5.0
1612182925	4.0
1558324070	4.552028218694885
1599951967	3.061433447098976
0385528191	5.0
1426206542	5.0
0446563048	5.0
0547126522	4.0
0767927001	5.0
0470487275	5.0
0764210319	4.0
1595553223	5.000000000000001
0849946212	5.0
0736092269	5.0
0062077880	4.0
0385529058	4.5607344632768365
0761453792	4.0
0764209779	4.0
0470449942	3.0
0373892055	3.3946957878315134
0547417330	5.0
1404187642	4.0
0307956679	4.0
0061438456	2.0
0310319986	4.0
0310419174	5.000000000000001
1573244570	4.509404388714734
006133698X	5.0
161620253X	3.0
1599902591	5.0
0768428424	1.0
0761455981	4.0
1844167917	4.0
034553199X	3.0
0794420184	3.265822784810127
0761453326	4.0
1434705358	5.0
0764209795	5.0
0811874540	4.0
0062129902	4.0
1558324089	4.563258232235701
0849921392	4.8551996489688465
1595551026	2.0
1401215734	4.0
1595553207	4.28388746803069
1606840134	5.0
0345510976	4.0
0307409082	3.0
0312591063	5.0
1595542027	5.0
0399250786	5.000000000000001
1404186735	5.0
0123757177	5.0
0743297768	5.0
1849058040	5.0
1423377028	4.0
080217051X	3.0
0854049657	5.0
1118076877	3.0
0470617780	5.0
0750684917	1.0
0307954870	5.0
1433526409	5.000000000000001
0446578924	4.674388674388674
0977818861	3.0
0441014941	4.0
1936740125	4.0
1595546855	3.9941060903732812
1595542019	4.0
0195373421	3.0
0312641893	4.0
0307459349	5.0
1595546863	4.0
1742209521	4.308126410835215
1741797144	4.999999999999999
1589976150	5.0
0307458016	3.6609124537607887
1565124073	5.0
0451412826	4.0
1607477181	5.0
1931257159	4.0
1416958886	4.0
1400316731	2.5485008818342147
0441014976	4.0
0061956953	3.5841584158415842
0810124939	2.0
140031321X	3.518324607329843
0764208098	5.0
1604070811	5.0
0061999245	4.0
0671019228	2.0
1591799279	5.0
0307589730	5.0
0781403707	4.0
158297702X	4.0
0330456717	3.0000000000000004
0789748649	4.0
078521321X	3.544964028776979
1594205027	5.0
0803738943	5.0
0137029101	3.0
1594869154	4.55281690140845
1599905256	5.0
0375430008	3.0
0137135556	1.0
0761453857	5.000000000000001
0399146113	5.0
030744645X	2.0
0805962867	4.0
1416954023	4.412121212121212
1741797101	5.0
1477805060	3.0
1416585818	5.0
1400203716	4.0
142621183X	5.0
0373892101	3.0
1449316190	5.0
0399155074	3.0
1401685765	5.0
030728090X	1.0
1416942033	5.0
030737839X	4.0
0764208071	5.0
111801720X	5.0
0240520939	4.0
1604991461	3.0
0794419143	4.417763157894737
0544045602	5.0
1605296473	4.0
1568461488	2.0
1401204589	3.0000000000000004
157174617X	5.0
0764203622	5.0
1595547754	4.0
1426212704	4.999999999999999
1434767280	5.0
1439142734	3.0
1413312659	5.0
1416570799	5.0
0061013765	5.0
0061804347	4.0
1400202841	4.498257839721254
0486417735	5.0
111806352X	5.0
1465409351	3.984356197352587
1426212712	5.0
0061782149	4.0
0307587991	3.477310924369748
1416585834	5.0
1401341268	2.0
1414348134	5.0
0123749530	5.0
1601420730	4.0
0689861877	5.0
0785227814	2.0
1589269241	5.0
1617950734	3.4786729857819907
0240815513	5.0
097424340X	5.0
1595770003	5.0
030773014X	5.0
144973331X	3.0
1400202833	4.0
0470398256	4.0
0689847122	4.0
0345533666	5.0
0849912962	5.0
1616201614	5.0
0761453849	4.0
0307595595	5.0
067174139X	4.0
0739359339	5.0
0761451668	5.000000000000001
0310714842	5.0
1741040051	4.0
0312554168	4.0
0061351601	4.0
0970341806	3.0
1599904365	5.0
076366040X	3.4684014869888475
0310284325	5.0
0143116304	3.0
0521758521	4.0
0743288408	3.164869029275809
0345479726	3.0
0785229183	5.0
0618861882	3.0
B00563EXZ4	4.0
1439128871	4.0
1426210159	4.0
0061841358	2.0
0689869738	3.698396793587174
1595548653	3.9320388349514563
1416971807	5.0
0312674724	4.0
1434766381	5.0
031033554X	4.0
0345506502	2.9714285714285715
0743272072	5.0
0761453822	2.0
1449718124	5.0
1742201199	5.0
1414345534	5.000000000000001
1250028272	4.0
1416991417	4.475609756097561
1595548637	5.0
1595548645	2.9999999999999996
0898864607	4.0
0553374451	5.0
009928264X	5.0
1740595025	5.0
0375703799	4.0
0849909783	3.0000000000000004
1400008654	4.052631578947368
0385530528	4.0
0345536746	4.0
1118433076	5.0
1465414347	5.0
0761451617	1.0
0761458247	5.0
0765317583	4.0
0544166647	5.0
0061470902	4.0
1603420762	5.000000000000001
1250005140	3.0
0789741164	5.0
1401684890	3.0
0060543965	4.0
1416959343	4.0
0761459588	4.0
0671793446	5.0
1118104560	5.0
0310293294	4.0
0373774567	3.0
0553385593	3.0
0061934771	5.0
0761452958	3.0
0385528213	5.0
052171494X	5.0
054514311X	3.868421052631579
0195396901	4.0
0448458713	5.0
0471754471	2.0
1416914455	2.9999999999999996
0099481685	3.0
0061584452	5.0
0849900956	2.4719222462203025
0544022084	4.0
078523103X	5.0
031028435X	5.0
1416592199	4.0
0486411575	5.0
1936493063	5.0
0767932382	3.0
0385529953	5.0
0321712080	4.0
0446548227	4.0
1589976118	4.0
0099519852	3.0
0470903198	5.0
0812993012	5.0
1416559132	4.0
0451161351	4.0
1596432500	3.363329583802025
1434700569	4.0
1422179702	4.0
0803273371	4.0
0761459561	5.000000000000001
0778327639	4.0
0385481969	3.0
0848732634	3.0
111807775X	5.0
1595548211	5.0
0849948088	4.0647482014388485
0898219108	5.0
1452104670	5.0
0345486455	5.0
076420890X	3.4550359712230216
0312626681	2.0
0696237105	5.0
0349103232	4.0
184819031X	3.0
1400008263	5.0
1416572570	4.0
1416913548	4.0
1401931510	3.0
0761458239	4.0
0812995201	4.0
1416938869	5.0
1416939717	5.0
081186524X	4.0
0312427654	4.0
0061373486	3.42965367965368
0307458059	5.0
054529441X	4.355613577023499
0618194576	5.0
1439137315	5.0
031044067X	5.000000000000001
0761461884	5.0
1416563628	4.50294695481336
0743500415	5.0
0761451609	5.0
0307730107	4.0
0312369727	3.6502636203866428
0061728608	4.497257769652651
0060798904	5.0
0618393110	5.0
006168984X	4.0
0448433400	5.000000000000001
1423422465	5.0
1742204678	5.0
0071381392	1.0
076145649X	4.0
0761458204	5.0
1118017277	5.0
0849900921	1.0
0761456031	3.048780487804878
1418550795	4.0
0307457176	4.0
0811875067	4.0114649681528665
0310319064	4.0
0240812085	5.0
1416959300	5.0
193281535X	4.0
1416551662	3.9770992366412212
1590308743	5.0
1404104828	5.0
0679009450	5.0
1600109500	5.0
1439159114	4.0
0399169288	5.0
0345533267	5.0
1416596542	4.999999999999999
0452289459	4.0
0785221689	5.0
0375829288	5.0
073932683X	5.000000000000001
1603420797	4.559154929577464
006143440X	4.0
0794419992	5.0
1418528412	4.0
1612185975	4.0
1416588930	2.5350427350427354
0761459553	2.0
1416991476	3.503355704697986
0060738871	3.0000000000000004
0679442626	4.0
1416948643	3.7344573234984195
1439159106	5.0
0745661521	3.0
0307951790	4.0
