1475218117	5.0
0743281616	5.0
0719555698	4.0
1477690751	4.0
0425178595	4.0
034071820X	4.0
0060002484	5.0
B003UNL98G	5.0
0425248305	2.5
193361501X	5.0
0061995541	4.0
0525952519	3.0
1444727338	5.0
1931290520	5.0
089555254X	5.0
B003O86R5M	5.0
0425158985	5.0
0345528816	5.0
0060938099	5.0
0140254544	5.0
1599791803	5.0
0316069434	4.333333333333333
0446600261	5.0
1557509174	3.0
B00AW4GU58	1.0
0061007358	2.5
0765359146	4.0
0765359154	4.0
0692000399	3.0
0451207475	4.0
0425223477	5.0
1581108117	5.0
0061132381	5.0
0547884591	4.0
0446583847	4.0
1483979911	5.0
1937387844	5.0
0385517831	1.0
0002007770	4.0
1455511676	4.0
1451665776	4.0
0670024783	5.0
034061773X	5.0
0312384521	5.0
0756406854	5.0
0857205668	5.0
1466410485	4.0
1482020750	4.0
1587710498	5.0
0373002211	4.0
0007419449	4.0
0446584703	5.0
0380812894	1.0
0306804646	4.0
0312280750	2.0
1477593144	5.0
034552750X	5.0
0345422473	5.0
0743597222	5.0
1442361476	2.0
0142001430	4.0
0452284732	5.0
0060899689	5.0
1607052431	5.0
0764221965	5.0
B005UHJAK4	2.0
1410440478	4.0
0385537859	3.0
0312646976	4.0
1477679995	5.0
1592536875	3.0
0345527526	4.0
0786891416	3.5
0312655460	5.0
B003DTMV2A	5.0
0060775858	5.0
0340979496	2.0
0061985945	5.0
1475266227	5.0
0786020415	5.0
0764221957	5.0
1484199111	5.0
1476763534	3.0
0141395303	2.0
125000098X	5.0
0679602895	3.0
0307957276	5.0
0615829139	5.0
0060899220	4.0
1492874248	5.0
0765305798	2.0
1434764214	4.0
1250000971	5.0
0380800233	5.0
0385342578	5.0
1594488398	4.0
1572243759	5.0
1490310835	4.0
0316055433	5.0
0756612950	3.0
0618273484	5.0
0310220114	5.0
031232118X	3.0
0451188462	4.0
0060584033	5.0
0425255298	5.0
042525528X	5.0
0375412883	5.0
0345515579	5.0
1400066271	4.0
0062009389	5.0
0786170549	5.0
1466338105	4.0
0316036919	5.0
0345515587	5.0
0316734950	5.0
0446564079	4.0
0061256803	5.0
B00847CGV2	4.0
0380730065	5.0
0671020641	5.0
9705800235	4.0
0615680550	3.0
1556528213	5.0
0446520659	5.0
B007REFPBQ	5.0
0345433165	5.0
1484020448	4.0
1935925040	5.0
1558580093	3.0
0345515595	5.0
0446527297	4.0
0441017150	4.0
0842322973	5.0
1595550046	5.0
1402236972	2.0
0743224892	5.0
0310240867	5.0
0345507037	5.0
0099244721	2.0
0857662325	3.0
1477800662	5.0
0307943232	4.0
B0061YAUG8	4.0
0515127299	4.0
085720341X	4.0
1612187218	4.0
0452296366	4.0
0060784156	5.0
B00B5JA3BG	3.0
0615750192	5.0
0375406182	4.0
0609607804	4.0
0099416158	5.0
006222851X	2.0
0385523416	5.0
0312984936	5.0
0141345713	3.0
0062136585	4.0
0310821800	5.0
0689861796	2.0
0312542704	3.0
0451225090	5.0
0060193506	1.0
0330412701	5.0
0061537934	4.0
1490973109	5.0
0399131434	5.0
0061997102	3.0
157224447X	5.0
0615869424	5.0
1594482659	5.0
0312352557	5.0
1418040010	5.0
1423379020	5.0
0345434471	5.0
0671319485	4.0
1476734615	2.0
1482761491	5.0
0345435796	5.0
1612186343	3.0
0345434226	5.0
1425919669	2.0
0061242845	5.0
1401215815	2.0
1492162914	5.0
0738712477	4.0
1882972732	5.0
1491086424	4.0
0316210684	4.5
0802727611	5.0
0671692658	5.0
0375407006	5.0
1477417656	3.0
1250014522	5.0
B00CCU394U	5.0
0718178122	5.0
0375700757	2.0
144236761X	5.0
0989416410	3.0
0743573641	4.0
0898707730	4.0
0373895453	4.0
0434020362	5.0
1595825738	3.0
042520250X	4.0
159582488X	3.0
1250012570	3.0
1586606743	5.0
0310201209	5.0
0345439732	5.0
0385180101	5.0
1440536090	3.0
B008SUUSEW	1.0
0595288413	5.0
0800758471	4.0
0312342985	5.0
1594483779	5.0
0345427505	5.0
1442362383	4.5
1401303277	3.0
0446522856	4.0
0312631669	3.0
0545123283	3.0
0765357593	5.0
1586605879	5.0
0615566413	4.0
0316221112	4.0
1475046707	4.0
030745469X	3.0
1927384095	4.0
0743457536	3.0
B007OZSCI6	5.0
0811841529	5.0
0147712564	5.0
0345457129	1.0
B00D192118	3.0
0310266165	4.0
0553502719	5.0
B00IODZ3PC	5.0
B001IP0UH4	1.0
0991522206	5.0
0316069418	2.0
0983741719	5.0
0316176486	2.0
0575081384	2.0
1455504009	5.0
0451412729	5.0
0446553972	5.0
0545123267	4.0
0787980544	5.0
0399157565	2.0
1584793384	5.0
0385257406	1.0
0061992704	5.0
0312205406	5.0
B00ATRCPSE	5.0
0615306039	5.0
1451684754	1.5
0399159509	2.0
B00822WKBA	5.0
1480153583	4.0
0143170104	5.0
1602860866	5.0
0985726733	5.0
0399146423	4.0
B008O4LHA6	5.0
0316097446	4.0
0312651325	3.0
0983741700	5.0
0307265439	5.0
1477809511	2.0
0806531436	4.0
0307932508	5.0
B00CRLQL12	4.0
0062120395	2.0
0312380828	5.0
0553528947	4.0
0394570553	5.0
0060765240	5.0
0739339656	4.0
0446514152	5.0
0857660551	1.0
0743597923	1.0
0385535937	4.0
0151008116	2.0
0446519839	5.0
075820230X	4.0
0307393860	4.0
0330433725	5.0
0385488858	5.0
1585422789	3.0
1470088207	5.0
014023313X	2.0
B00IWSZMNC	5.0
031023834X	5.0
0394467442	4.0
0451184726	4.0
0765321378	4.0
0606238409	4.0
0802120113	2.0
1484838726	4.0
0312263996	5.0
0802720889	5.0
0439146712	5.0
1458200744	3.0
0451191013	1.0
0312322933	5.0
0470137517	2.0
1593936524	4.0
B00BBFP0DU	4.0
0345369432	5.0
0743270363	5.0
0312983301	5.0
B004NSV4D2	5.0
0140071083	3.0
0451417143	2.0
1401312802	5.0
1250039029	4.0
0345505336	3.0
B00KE9ZBII	5.0
0060542098	5.0
0671601296	4.0
0778313522	4.0
144183009X	5.0
1455584371	5.0
0307932540	4.714285714285714
0786016094	5.0
B009RRNRXO	5.0
B007NK64H8	5.0
0345384687	5.0
0842386874	5.0
1401203140	3.0
1494388588	4.0
099109526X	5.0
0340712538	3.0
0451457439	2.0
1400065755	4.0
0385488866	5.0
0297846531	4.0
145162137X	5.0
0061358134	5.0
1401309658	2.0
1596065583	3.0
0843961139	3.0
1442366109	3.0
0312651317	5.0
0758228902	5.0
0060799250	3.0
085953846X	5.0
038534757X	4.0
1401912273	5.0
1456494821	5.0
B007B1WH02	5.0
0385508522	3.0
0310240646	5.0
0857521012	3.5
1477578013	4.0
0307275000	5.0
B00CA1SF9U	1.0
0312377630	5.0
0316198684	5.0
0985428732	5.0
0316036234	1.0
0060833203	5.0
0307744434	4.0
0986032840	4.0
0843953519	3.0
0452298202	5.0
0615775373	4.0
160961111X	4.0
1400025079	5.0
0785271864	5.0
0806536063	3.0
0060734558	2.0
0939631970	4.0
1602861307	5.0
0375433694	3.0
140632132X	5.0
0749009802	5.0
1455529397	3.0
0312319142	5.0
0399159347	3.6666666666666665
B009V5BXEW	5.0
B00E8LU3BS	5.0
0786891459	3.5
1466462736	5.0
0800719050	5.0
0312289510	5.0
1479226874	2.0
1451674309	4.0
1451691467	5.0
0307387135	2.0
0857208675	5.0
1495419509	5.0
1416509879	1.0
0446606081	4.0
0071456678	3.0
0143142291	5.0
0061843407	5.0
0062336592	5.0
0062003216	5.0
1612511163	5.0
0984666648	4.0
0375422331	3.0
1616264438	5.0
0848710991	5.0
1551660210	5.0
B00FY54JYO	5.0
1599954109	5.0
0751536822	5.0
0812975928	5.0
0964261081	5.0
B009CIXI82	4.0
1439148384	1.0
0440218500	2.0
0751541184	5.0
0312323859	4.0
0370332288	4.0
0380800829	4.0
1434400816	5.0
1469227886	5.0
1439170282	4.0
1414310552	3.0
0395346371	5.0
B00A9V2XG4	5.0
1450497101	4.0
0061989169	5.0
1569475938	4.0
0736901957	5.0
0026045702	4.0
B00HFD4BSW	5.0
1469241943	3.0
0547608322	2.0
0898702976	5.0
0062060619	2.0
0425227898	4.0
0843957751	5.0
0275936775	5.0
0312309376	5.0
0671456547	3.0
1250006333	3.0
1492895202	5.0
0060539755	4.0
0006479758	5.0
0345382412	5.0
B009Z7F8B0	1.0
0843961198	4.0
0399161465	5.0
0345522478	3.0
1416557067	3.0
0307730697	5.0
0451410351	2.0
0805098208	2.0
037550883X	5.0
031230935X	5.0
0765330423	4.0
B009YAVVAU	4.0
1449925030	4.0
0966661400	5.0
0345421418	4.0
034542140X	5.0
0310219442	4.0
0515143804	2.0
1470008955	5.0
B004TNIXYY	5.0
0981613519	5.0
0983741735	5.0
0553385445	4.0
0375432183	5.0
0762438967	5.0
0099550113	4.0
1594486255	5.0
B0090GMY18	5.0
1401312667	5.0
B009C9C77E	5.0
0375831002	5.0
0743453972	5.0
B00AS9KEGI	5.0
0895871475	5.0
0373829175	5.0
0439287197	5.0
0849943728	3.0
084994371X	5.0
0451234693	5.0
1456324608	5.0
0738720569	5.0
0312531583	5.0
0743200705	2.0
0312531591	5.0
0306822377	5.0
0312426232	4.0
0399157182	4.5
1475031904	5.0
045141912X	5.0
0312382456	5.0
0984588205	4.0
1439102767	5.0
0547816561	3.0
1434767868	3.0
0671015575	3.0
0987856863	5.0
0345422317	3.0
0142001740	4.0
0842356223	5.0
0743453956	5.0
B00EBZMKXA	5.0
006109272X	5.0
0030266408	5.0
0061856436	1.0
1596471085	5.0
0986842818	4.0
1468180215	5.0
0446612103	5.0
1612184227	5.0
038071843X	5.0
0340837950	5.0
0778328538	5.0
054774501X	1.0
0871164833	5.0
1455882828	5.0
0060888644	5.0
0919985386	5.0
0345533291	2.0
B00AHE20W0	5.0
1439152802	4.0
1439102740	5.0
0062082353	4.0
0671023179	5.0
0857662295	3.0
B006WBRFBS	5.0
0743554434	5.0
0764205137	5.0
0759290148	4.0
0061950726	5.0
0471207942	2.0
1461138612	3.0
1480219851	2.0
1455521175	5.0
147007169X	5.0
1602396825	5.0
1611099447	4.0
0380788314	5.0
0553107305	4.0
0312382464	5.0
1402754434	5.0
1401229247	2.0
0061020648	4.0
0312531540	1.0
0446531251	4.0
0062113372	3.0
0310330734	5.0
0812975510	2.0
0670076074	4.0
0060586125	5.0
1481128345	5.0
1250034485	4.0
1591141303	5.0
1442349042	3.0
0061965804	5.0
1492314528	1.0
0393020126	5.0
0983520801	5.0
0142501220	5.0
B0082XLZ3I	5.0
1608090248	3.0
1931709696	5.0
0425231194	2.0
1478189746	4.0
0425232042	1.0
0143142356	4.0
0374270325	5.0
0738720879	5.0
0898706904	5.0
B00A5MREAM	5.0
0312241259	4.0
0805096663	5.0
0140258825	4.0
0985115602	1.0
0743572270	5.0
0615801951	1.0
0380486032	5.0
0316069353	5.0
161218510X	4.0
1483995038	4.0
031609210X	4.0
1451527756	4.0
1937007588	5.0
038536315X	5.0
0312941463	5.0
1605040258	5.0
055338483X	5.0
0451211405	5.0
1416989412	5.0
0385344430	5.0
0553384848	5.0
039916443X	5.0
0671866311	5.0
0446531081	4.0
0143142372	5.0
0449012751	4.0
0060520752	5.0
0399132635	5.0
030758836X	4.0
0736919171	3.0
0312997493	5.0
0470222689	5.0
B00DFIE80W	5.0
1449417140	4.0
037382968X	5.0
0307262995	1.0
098477890X	4.0
0446578576	5.0
0880709391	5.0
B00FDVBRKI	3.0
0809572559	5.0
0307292134	5.0
0345530608	5.0
0671027344	5.0
0345435648	5.0
0099457156	3.0
0684829533	4.0
0345404912	5.0
140003129X	5.0
0060555610	4.0
0425133516	4.0
0439799597	5.0
0739474812	5.0
0425194531	4.0
1477823069	2.0
061589710X	3.0
0425236676	3.0
B008YPOUPE	4.0
0062257838	5.0
0345413865	4.0
0061535680	4.0
0345430190	5.0
0802117791	2.0
074326875X	5.0
0310291062	5.0
014025448X	5.0
1483987434	4.0
0451413431	5.0
1606411659	4.0
0985241306	4.0
0763632635	4.0
0062085441	5.0
074327394X	3.0
1597970786	5.0
030726999X	4.0
1423139933	1.0
1450225039	5.0
0739431234	5.0
1450413986	5.0
0739327364	5.0
0385484992	5.0
1478100427	3.0
1846033780	3.0
0758278454	5.0
0778317005	5.0
B007Y15SQ4	5.0
B008XLONUQ	5.0
0385344473	4.0
0345480260	5.0
147870523X	4.0
006092988X	3.0
B00B0MKRDW	5.0
1935597760	4.0
031095097X	5.0
0451414187	4.0
0345531973	3.0
0399121994	5.0
1400108268	4.0
0452288835	5.0
1564745317	4.0
0451531388	5.0
0452297540	4.0
0547229895	5.0
1423631706	5.0
0758201508	5.0
0451215117	5.0
031026622X	5.0
0316789771	5.0
0595302130	5.0
0307749649	5.0
0307337332	5.0
097895484X	1.0
0606069615	3.0
1469984202	4.0
0345531965	3.0
B003VYC7BM	5.0
0525949615	2.0
0316219347	4.0
0061125350	3.0
0758278438	5.0
0312362234	5.0
0446527165	3.0
0230014801	3.0
0751550213	4.0
1442366680	4.0
B0094BDBRK	4.0
0345404769	5.0
0061685992	5.0
0842337911	5.0
1416975888	5.0
0061134007	3.0
0751306460	5.0
0375708111	5.0
0312650035	5.0
0316040924	3.0
1442365560	5.0
0374359539	5.0
0316789798	5.0
1580628559	4.0
0615492398	5.0
0895260115	3.0
0316069515	4.333333333333333
0345404777	5.0
B009Q3WOCY	1.0
0345386108	2.0
0061097152	4.0
1484180453	5.0
1599951967	5.0
1439128294	1.0
0399134654	5.0
0972844708	5.0
1938849051	5.0
0792752627	4.0
0451226496	5.0
0062294377	2.0
1932714073	4.0
0312265077	3.0
1401308848	5.0
148257764X	4.0
0061231401	5.0
006191648X	5.0
0330419668	5.0
033045255X	5.0
B005YSUS1Y	4.0
1455503339	5.0
0374361649	5.0
0099911701	4.8
0880708468	5.0
1579908772	3.0
0805091599	5.0
0380775271	4.0
0743435427	5.0
0553582909	5.0
0345449622	1.0
1936730715	4.0
141433558X	4.0
0989180468	5.0
075536189X	5.0
0446573051	5.0
0786868724	5.0
0345807294	5.0
1592289800	5.0
0062064584	5.0
0768919754	2.0
0425183491	5.0
0060513608	5.0
1937120341	3.0
0312331541	5.0
0307887839	5.0
B004ZG6R4I	5.0
0312591063	5.0
0758254091	2.0
0312871996	3.0
0425219542	3.0
0060598808	5.0
1612430457	5.0
0006476155	4.0
0349118914	4.0
0743458966	4.0
0778314936	5.0
0307990745	5.0
1479292400	5.0
0140270590	5.0
0451239644	5.0
1482644207	5.0
0385302312	5.0
0446530980	3.0
0765307154	5.0
1439153663	4.0
0393037304	4.0
0805092439	4.0
1613770979	4.0
0451230825	5.0
076145277X	5.0
0345533631	3.0
0345404785	3.0
0743271157	5.0
159863853X	5.0
0385302320	5.0
0825305977	5.0
0425104346	5.0
0143124544	4.5
1477818367	5.0
0061733148	2.0
0316166308	4.0
1250017777	5.0
0786273283	5.0
0739439014	5.0
1478111046	5.0
0316117366	5.0
0807101508	5.0
0446573019	5.0
1455520640	4.0
0316166316	1.0
0989846113	5.0
0615655769	5.0
0316789704	5.0
1469215950	3.0
0307264203	1.0
0517064871	5.0
0061120626	5.0
0312537409	4.0
0553111248	5.0
B00GL5Q1XS	5.0
060631640X	5.0
159403236X	4.0
145161036X	3.0
0399155066	5.0
0061784796	5.0
1479135925	5.0
1595544496	5.0
0743571878	5.0
1580114873	4.0
1939203287	5.0
1481810790	3.0
0743477200	3.0
0307712508	5.0
0898705258	5.0
030728090X	4.0
1439172390	4.0
1480588032	3.0
038553826X	3.0
033044123X	1.0
0859537285	5.0
1930486774	3.0
0765357607	5.0
1477805079	1.0
0061009059	4.0
0615584799	4.0
0312378823	5.0
0310249597	4.0
0764228900	5.0
0310249589	3.0
B006PJFUAU	5.0
1612187099	4.0
0786836504	5.0
0345533437	3.0
0451213262	5.0
0310227550	5.0
0743227433	5.0
B00CMXSLQS	5.0
0758201540	4.0
1612182615	4.0
0061690449	5.0
B005JM9U14	5.0
0743296419	1.0
0727881205	3.0
9669603420	5.0
098663106X	4.0
0451216768	4.0
1466404345	5.0
0786836512	5.0
0345533666	4.666666666666667
0670847917	5.0
0307932885	5.0
146624447X	3.0
0312205511	4.0
0060817089	5.0
0425187217	4.0
0738712671	5.0
0715328638	5.0
0385522703	5.0
1250010098	5.0
0061624772	2.0
0758214626	2.0
0060598891	5.0
0988354500	3.0
1590202457	4.0
0425258076	4.0
0817316116	5.0
0557175216	4.0
0425101452	4.0
0060185546	5.0
1605043451	2.0
B007SAKW9E	3.0
0205514081	5.0
1556614446	5.0
0738719676	4.0
0553142151	5.0
1601549709	5.0
0321205685	3.0
0671047337	5.0
0061056480	5.0
B007H19NGM	5.0
0345430204	5.0
0544217624	4.0
0872864286	5.0
0451235681	4.0
1455578452	2.0
0393081427	4.0
0156030322	2.0
0739437208	5.0
0007281447	5.0
B0096CH78G	3.0
1566250242	5.0
0006514006	5.0
B007NQNE7A	4.0
0062110837	5.0
0451225406	4.0
0446359688	5.0
0842356290	5.0
1470097443	4.0
0345543041	3.6666666666666665
0316206849	3.5
0060598875	5.0
0007444117	3.0
0061056006	5.0
B008DVVLYW	5.0
0373510403	5.0
0778313468	5.0
0758203373	5.0
1434816494	5.0
0316233196	5.0
0349108706	1.0
0307263991	1.0
B008MFVH9S	4.0
1556614438	5.0
0982589972	4.0
0736908471	5.0
0451410467	5.0
B00BR4NIH0	4.0
1599953358	5.0
0312606842	5.0
1416559132	5.0
0007386648	5.0
0345466608	5.0
0806534850	5.0
0425251403	3.0
0062213652	5.0
0312367775	5.0
0275225305	3.0
B00C7FX4RM	5.0
0743271181	4.0
0312929994	5.0
082491340X	5.0
0446572985	4.857142857142857
0060598840	5.0
1434444538	5.0
0441016766	4.0
0739334670	5.0
1456399489	3.0
0310217385	5.0
054742485X	5.0
0805061282	2.0
1479143707	5.0
0345803485	1.0
0385339208	5.0
1406330396	5.0
B00DK8L8Z0	5.0
0615649297	5.0
0307273571	4.0
0399159010	5.0
0452281725	2.0
0060598824	5.0
0399161562	4.0
0805098542	5.0
0679882898	3.0
0671319728	5.0
0671047310	5.0
B00GEGHZI4	1.0
0983797854	5.0
0784713502	5.0
0312381611	5.0
0307717372	5.0
B005TF1B9K	5.0
0979748593	4.0
0345803493	1.0
0399158154	5.0
0609607103	5.0
0142428558	4.0
0307265730	1.0
B00AQOY5RO	5.0
0517577003	5.0
0764564870	5.0
0385509901	5.0
