1939564026	5.0
1582974578	5.0
0425180433	5.0
1559704012	1.0
0141040343	5.0
1461076382	4.0
193361501X	5.0
B0094X1O0O	5.0
1444727338	2.0
0312243359	5.0
097043443X	1.0
1466362286	5.0
0307456625	5.0
0316198838	3.0
1565122461	4.0
0143118579	3.0
0679730540	5.0
0375708278	5.0
0988761904	5.0
B004KSQX2C	5.0
0330449605	5.0
0307272672	4.193612774451098
0374271569	4.0
1612184340	5.0
0843948507	5.0
1477633960	2.0
0375725601	5.0
1452879818	5.0
0140367217	5.0
1599904608	4.0
0002007770	3.572327044025157
0671042858	5.0
1411665899	3.475890985324947
0399107770	5.0
0316710571	1.0
0340923245	5.0
1455599085	4.0
B007MQZ9J2	4.0
0843956151	5.0
0812977823	5.0
0307341542	4.0
0670024783	4.0
0399161481	4.0
0963473263	5.0
1888054506	5.0
1452657122	5.0
0141040378	4.0
0747245096	5.0
B00359FHZ6	2.0
0441004016	5.0
1423477758	5.0
0349106452	5.0
1468087797	2.0
0984026525	5.0
0307341569	5.0
1442361476	5.0
1410440478	5.0
0880488646	5.0
0751549118	5.0
0312366043	2.0
0765319977	4.0
0425228738	5.0
0789750139	1.0
0809572451	4.0
1441758321	5.0
0345542924	3.0
0451221753	3.0
1932841555	4.0
1450511872	4.0
0486203948	5.0
0140058893	4.466691203533309
088240489X	5.0
0312428227	1.0
1469217554	4.0
0143038389	5.0
0060955406	4.0
0440204232	5.0
0399162380	4.0
1605420832	5.0
0062077902	5.0
068480106X	5.0
1452834989	5.0
0140012486	5.0
0618834486	4.0
1477493751	5.0
B00DHIZN7C	3.0
0061135879	4.0
006113127X	5.0
037576061X	4.0
0062049801	4.0
0061673234	5.0
1442369183	5.0
B005FZMVB6	5.0
1573225312	1.0
0674011635	4.0
0615685870	1.0
0988523108	5.0
0140132708	2.0
0385418485	3.0
B005P9FSQM	3.0
9875661473	4.0
0307740994	4.0
0142401137	4.0
073949015X	5.0
0307739538	3.0
0983863512	4.0
0865714738	4.0
1573221368	4.0
1466354267	4.0
0786867345	5.0
0307476073	2.0
0823077233	4.0
1456309501	4.0
1439192529	3.0
1560259736	3.0
0451239482	5.0
0380713713	4.0
0804723109	5.0
0061961353	4.0
0547248067	5.0
1935597647	4.0
0374302103	2.9999999999999996
0451450965	5.0
030788743X	4.0
023070932X	4.0
1480018341	4.999999999999999
B007AIQO0A	3.0
0143170090	2.616379310344828
0141345713	5.0
B007704KZM	4.0
014024980X	5.0
0060193506	2.9999999999999996
0544114396	3.0000000000000004
0061537934	5.0
1401303242	3.0000000000000004
B006AO1QKS	1.0
B006BF2KCO	5.0
6169076925	4.0
0099509229	5.0
B004I8WNR8	4.0
B00CD41N6Q	5.0
0849900158	5.0
0385021747	5.0
1461138582	2.0
1573441228	1.0
1573221562	4.0
0891418873	5.0
1426707665	4.0
1419667394	2.0
1611940966	4.0
0449214265	4.0
B00J9P60YC	5.0
0060510250	4.0
0062062247	2.0
0759286132	5.0
0471749559	2.0
0060878061	4.0
0425243214	3.0
082031661X	2.739837398373984
1571310800	4.0
0060833149	2.0
0446579939	4.0
080932217X	5.0
0385475713	5.0
0330451561	3.0
0966481615	4.0
0451169522	5.0
0758220324	2.0
1439191867	4.203319502074689
140225721X	4.0
0099472287	5.0
B005BHQTFC	5.0
0312282990	5.0
1442362383	2.96763202725724
0061824550	5.0
B003XVYJ2S	3.0000000000000004
B004XDWRGK	2.0
0743292332	4.0
0802120202	4.0
B00578LEKU	3.0
0557612004	3.0
0802119689	3.0000000000000004
1478709979	5.0
0982175612	5.000000000000001
148262642X	4.0
0140437614	5.0
061858532X	5.0
038531387X	5.0
1472803337	5.0
0140187464	5.0
006207993X	5.0
0865478619	3.0
1463782950	1.0
0679736476	5.0
0061779814	4.0
B00D4DUPUA	2.0
0679643109	4.0
0307279855	5.0
1490904387	5.0
0252062361	5.0
0143122274	4.0
031618845X	5.0
0767905997	5.0
1599552310	1.0
0312659067	4.0
0143170104	4.0
0310229200	5.0
0930031717	5.0
0434020842	4.0
0786711647	5.0
019513818X	1.0
0061873470	4.0
B007UGJ27O	1.0
1468142607	5.0
0060734973	5.0
0140441239	5.0
0452011248	5.0
B000FC0RRY	5.0
1460974425	5.0
0440201225	5.0
0307358666	4.0
0375840397	5.0
0743597923	1.0
0393062627	5.0
1591398398	5.0
1612187145	5.0
0451196716	3.0
B0098T5T2I	3.0
031023834X	5.0
1560851511	5.0
0606238409	2.9999999999999996
1118134613	5.0
1595545867	5.0
0312207859	4.0
0060505915	5.0
1463777175	3.0
0812977017	5.0
1401020410	5.0
0895263807	4.0
0671510053	4.0
0671739166	5.0
080483251X	5.0
0688168957	5.0
1480522813	5.0
0140150943	5.0
1597772992	5.0
1560851341	5.0
0316188425	5.0
B006T80SPY	4.0
0062088122	1.0
0060594527	5.0
1461004454	5.0
0762780703	5.0
0553274872	5.0
1402256302	4.0
0984561609	4.0
0345505336	5.0
1598879251	4.0
0330317547	5.0
B009DVHZ96	5.0
0441715923	5.0
1478343508	5.0
0307932540	5.0
B00DZEQXW2	4.0
1887521143	5.0
1612184944	4.0
0151342873	5.0
0062065246	4.0
1560851570	5.0
0399157352	1.0
0061000116	4.0
0895267152	5.0
000752417X	3.0
0525953019	3.0
1480232327	5.0
0979876869	4.0
0843950463	5.0
1492816612	3.0
1599906406	2.9999999999999996
0812534433	5.0
0307700666	5.0
0843961139	1.0
1594032238	5.0
031255513X	5.0
0380977265	5.0
1442366109	5.0
0684855216	4.0
0452297591	3.887254901960784
0446519634	1.0
0312952813	5.0
1426702388	3.0
0525952373	5.0
0312283555	4.0
B00DPOFI9Q	5.0
1581607474	5.0
0156148501	2.0
1470138727	2.0
1414317301	4.0
0727881310	5.0
0810970686	5.0
0141188936	5.0
0812522451	5.0
1601631499	4.0
1481069764	5.0
0312858493	5.0
B007MX6PNE	5.0
0143112880	5.0
0964712407	5.0
1468199587	3.0
0671743058	5.0
0802732682	5.0
0743467728	4.0
B0053WRO54	5.0
0439796636	4.0
0674615255	5.0
B0035FZLTW	5.0
0446582212	5.0
0954870778	3.0
0547576722	1.858024691358025
0786703881	1.0
1940984068	5.0
1477816429	4.0
0307387135	4.0
B005SUBI6W	4.0
B007CLETKW	4.0
0061655511	5.0
0062092642	5.0
0060188707	5.0
0805019669	5.0
1481969668	5.0
B002R5B0WI	5.0
0452295831	5.0
0451224671	4.0
0425227677	5.0
0312950489	5.0
156512569X	3.185633575464083
0060175400	5.0
1490991204	3.0
0312380429	4.071428571428572
1477808833	5.0
0940985098	4.0
0446609560	1.0
0141439521	5.0
0451192192	5.0
0375434313	3.0000000000000004
B008VRY2GM	3.0
0500279284	5.0
0989464105	4.0
9810877765	3.4410480349344983
0099458322	5.0
0140232451	2.0
0307275442	5.0
0345317408	5.0
0312359861	2.0
0061340634	3.0
0307346609	3.1681574239713775
6167503230	3.0
0615154417	3.0
1469241943	3.0
B00GM3E1BI	3.0
B00J69Y3PY	2.0
1605944319	5.0
0340920246	1.0
0984725482	5.0
044900483X	3.0
0439023483	5.0
0385295960	4.0
0972937218	5.0
0140177191	2.0
0984035079	2.9999999999999996
0060956445	5.0
B0055PQ4BO	1.0
1452101280	4.0
1453271090	5.0
0500281335	5.0
B005407BL2	4.0
0816167524	4.0
0143115529	5.0
0517580519	1.0
0312614578	2.0
0439023491	4.072527472527473
0307272591	4.0
1451651651	4.0
096463600X	5.0
B00BBYGXHI	5.0
0139554106	5.0
B007956J0O	4.0
0385736681	4.0
B00B56PP26	5.0
0976261308	5.0
0802797342	2.9999999999999996
019283620X	5.0
1596922516	3.0000000000000004
0399159126	5.0
0802150616	5.0
0375831002	4.526515151515151
097935210X	3.5961904761904764
1477529705	2.0
0553382160	1.0
B004UIZYFY	5.0
0307276732	2.0
1933060727	5.0
1597802166	4.0
0316216798	5.0
0140263357	5.0
0425135772	4.0
1402241429	3.0000000000000004
1491277106	5.0
0061445886	4.0
1425734073	3.780252100840336
0312383304	2.0
0802150594	5.0
0061986704	2.9999999999999996
0312576463	2.4934782608695656
B007JDNGXE	2.0
1461111587	1.0
981427660X	5.0
0143039539	5.0
0385265700	5.0
0140060898	5.0
0765315211	5.0
0307475263	5.0
0449000729	4.0
0765302152	5.0
0451209540	4.0
0345504968	5.0
0425245152	3.0
0060956402	5.0
0307582884	2.0
1409910350	4.0
0679752455	5.0
0804173524	4.0
0393065464	4.0
006039322X	3.0
0615680046	5.0
0061856436	2.9999999999999996
0983321655	4.0
6167503052	4.0
1456711458	2.0
158234356X	2.0
0385479565	5.0
1104973944	5.0
1482399636	2.0
1592402941	4.0
054774501X	4.0
0615569617	2.0
0984817301	2.9999999999999996
0553129341	4.0
1467940151	2.9999999999999996
0517207419	5.0
0143119532	5.0
1476707723	2.0
0805094261	3.0
0307378705	2.0
0615706770	3.905829596412556
0981989705	2.0
0972831002	3.0
0688112048	5.0
0140187766	4.0
014219672X	4.567836563645888
0345528972	5.0
0307275841	2.0
B0083V4T3W	1.0
158297358X	4.0
0330450972	3.0
0747251002	5.0
0345491327	1.0
148956621X	5.0
1578514878	3.0
9813018828	5.0
0192834622	1.0
0312288352	3.0
0521565642	5.0
0425246035	3.0
B00I0W61OY	2.0
0330334611	5.0
0345410319	4.0
0060987103	5.0
1603818251	5.0
0872860051	3.0
0316442178	5.0
0553589113	3.0
0765317680	3.0
1616145897	4.0
042519499X	4.0
0061147958	4.0
0985008628	3.5788423153692612
0425233146	5.0
0934893721	1.0
0061122416	1.0
1455865230	5.0
B00FBDV6AY	4.0
B00DUKC1ZO	5.0
1455134767	4.0
B005CDYQOQ	2.9999999999999996
0393057658	4.0
0312605919	1.0
039916443X	3.0
1581154178	4.0
0300098588	5.0
0615772684	3.0
030758836X	5.0
0385501129	3.0
0449912558	4.0
0140120831	3.0
1451617585	2.0
0061658197	5.0
6167503044	4.0
0307885151	4.0
0091799597	5.0
0786717939	5.0
0671027344	5.0
0875795234	1.0
0060562366	2.0
0060564784	4.0
1933633638	4.0
0345390458	4.0
0374161860	3.0
9881553873	3.0
0028639448	5.0
0345527682	4.0
0739474812	3.0
0743471792	5.0
0061230944	1.0
B003PPDB8K	4.0
B00CHSMVBE	4.0
0142428949	4.0
1467953288	5.0
050020392X	5.0
0312853238	2.0
0743289684	2.0
0345515463	2.0
1608324168	5.0
B009ZL7INW	4.0
1479365408	4.0
1250058236	5.0
1401303331	5.0
1934597031	2.0
1432744429	2.0
0981827837	5.0
030798933X	2.0
1453503013	5.0
1460926846	1.0
B006KHGWAO	4.0
030726999X	4.493927125506073
0140187103	5.0
0099443635	4.4824016563147
0966857909	5.0
B00537SKMA	4.0
0812974018	5.0
0399158812	5.0
0307718921	4.0
0061128856	1.0
1590171993	3.0000000000000004
0679762671	5.0
1439172803	3.0
1555177875	1.0
0758258860	2.0
0752271946	5.0
142360105X	3.0
0060724501	4.0
0060762225	5.0
1481161792	3.0
1479101389	3.0
0140431160	5.0
0375719229	5.0
0451159330	1.0
0615429505	5.0
1475287437	4.0
B004MPRE9O	4.0
0252060121	5.0
0804816565	4.0
1442303093	4.0
1938067061	4.0
0374514313	5.0
B007VQORS2	1.0
0380776162	5.0
0141441038	5.0
0307749649	4.0
006212532X	5.0
0670022403	3.0
0307278271	5.0
B00IWWT60I	5.0
1469984202	5.0
0061451460	5.0
006092635X	3.0
0582435676	4.0
039333399X	4.0
156085121X	5.0
0060545690	5.0
0439023513	3.6399437412095645
1442359919	5.0
0751550213	5.0
006220422X	4.0
0316154741	3.0
1451645678	3.0
0307263193	5.0
1416592946	5.0
1573221201	2.0
0375724834	5.0
0060838728	4.0
B002OHD194	1.0
0380794802	3.0000000000000004
0199546215	2.0
B00H8AIN72	3.0
B005JEVQ28	2.9999999999999996
1469283174	3.0
0345542886	2.0
0345330129	4.0
1604507551	3.0
0739326074	5.0
1493540599	4.0
1614750742	5.0
1844267229	5.0
0912365951	5.0
1451699425	3.9124293785310735
1938618076	5.0
1475296576	2.0
0961519762	5.0
0545522439	5.0
0843960531	1.0
1935597329	4.066371681415928
B007FGF110	5.0
1419970291	3.0
0140185135	5.0
0765311046	5.0
0307477479	5.0
1565126297	5.0
0385296479	4.0
0399122400	5.0
1909623180	5.0
061557677X	2.0
0143036688	5.0
0553287893	5.0
161608135X	5.0
B0087PTQ96	5.0
0345484851	5.0
0982126123	5.0
042513749X	5.0
0671740113	5.0
0312949804	3.0
1933515171	4.0
0312283709	2.0
0684842572	5.0
1455163449	5.0
161218071X	2.0
0446573051	1.0
0843949783	5.0
148027772X	4.0
0679641041	5.0
B0079NEJNU	4.0
B004TPCQWC	5.000000000000001
1453821724	1.0
1400042704	3.0
B004MMEA0I	3.0000000000000004
0765331268	5.0
0345348656	5.0
0451180232	5.0
0394560620	3.0
0307931528	5.0
0842386564	5.0
054733608X	4.0
1920143319	4.0
0156006049	4.0
1930486731	2.0
B0052MG42Y	1.0
0679642366	5.0
0345345150	5.0
0349118914	5.0
1618080245	5.0
0345495144	2.0
B00JHXCUEU	3.0
0615928323	2.0
0143113429	2.0
0060392827	4.0
0553274325	5.0
0312420390	4.0
042514173X	5.0
0979607000	2.9999999999999996
1439153663	4.0
1468112066	3.0
0345336895	5.0
0312010443	5.0
0385741952	5.0
0307452921	5.0
0751307726	1.0
0739374532	5.0
081120118X	5.0
0060594667	4.0
145151705X	3.6998977505112483
0984799141	4.0
0375760385	5.0
1887521488	5.0
1605949299	5.0
0099460920	5.0
1887521003	5.0
1470109689	3.0
B002FDLNVU	5.0
0615507719	1.0
0312982585	5.0
0345471172	4.0
0451168380	5.0
0061243418	1.0
0446324825	1.0
1422144208	1.0
0980806607	3.0
0345370554	5.0
B0064TJBHE	4.0
1439173249	5.0
1477509402	3.5228519195612433
0312423209	5.0
0764228919	5.0
B0096DXFYK	3.0
1476741182	5.0
0960688609	5.0
0399157484	2.0
B00F7GMGTK	5.0
0312421273	5.0
1580052339	4.0
0451226763	3.0
0821408399	5.0
0547744943	4.0
0472031503	5.0
0988257645	5.0
1579123686	5.0
0061009059	1.0
1612181554	1.0
0230769152	3.0
0981279007	1.0
006206777X	4.0
1893036081	1.0
0399159894	3.0
0700611592	5.0
6163055020	4.0
1455839957	2.0
0316154520	5.0
B007S450R4	1.0
0805077456	1.0
0395870461	5.0
037550723X	2.0
1484884957	5.0
B005DGFV5U	2.9999999999999996
1477809449	3.0
1250005981	3.0000000000000004
0451216776	5.0
0446520950	5.0
0765302969	5.0
0440126711	5.0
0800759605	3.0
055277572X	2.0
0553808036	5.0
B006JK717K	5.0
0684853159	4.0
B009GIOOJ0	5.0
0875792529	1.0
B00BYK0OE2	4.0
0988032716	3.0
1477480900	2.0
0312979398	4.0
0812906241	5.0
074324088X	5.0
B006HIJO9W	2.0
0060931906	5.0
1453865349	5.0
0060294698	5.0
0060931914	5.0
0452295297	4.0
038072541X	4.0
0843951699	2.0
0425266745	5.0
0307951154	5.0
0399158308	5.0
B004GUSASE	3.0
006194100X	5.0
0810995212	5.0
0991426517	5.0
0971249180	2.8239277652370203
1781250022	1.0
0983023808	5.0
038551316X	1.0
0743219627	5.0
0399157050	3.0
0006550339	5.0
0060081694	1.0
0446523372	5.0
B00ED1QGXC	4.0
0440224039	5.0
1400203082	5.0
0307743683	5.0
0979411424	2.0
1481046314	4.0
0345419677	5.0
0312857616	5.0
0987671715	3.0
1595130543	3.0
0380729407	5.0
0451526570	5.0
1481163299	4.0
0802132073	4.0
1442346272	5.0
0843955430	5.0
0140566570	5.0
B006X7FEDM	3.0
0982517203	5.0
B005Z7L4EO	2.0
0765317583	3.9756097560975605
B0056HQSW6	5.0
0765307782	5.0
0778323250	3.0000000000000004
0982589964	4.0
0684803348	4.0
042513301X	2.0
0385413416	4.0
0684804433	3.0000000000000004
0061147931	1.0
1935812009	5.0
0985775602	4.0
1451638353	5.0
0307275566	5.0
098118071X	2.0
0141039280	5.0
0451156609	5.0
1467982733	5.0
B008CX0BZG	4.0
0689866453	3.0
0452287081	5.0
0451194004	5.0
0385090021	5.0
1579128009	5.0
1492909777	5.0
1497577217	2.0
9810539169	3.743589743589743
0307743659	5.000000000000001
0307947076	3.0
1934606324	5.0
1559708530	1.0
0385394233	4.0
0026009102	5.000000000000001
B007C8EYXC	2.0
0307950476	3.0
0976108291	5.0
1612183565	4.0
0898798485	5.0
B003UV985O	5.0
0547203888	5.0
0962884715	5.0
1605421413	5.0
0425246043	2.0
0451221230	4.0
0547237650	5.0
0385338147	3.0
1490424601	4.0
1492953261	4.0
B005NWF9T2	5.0
1482735245	3.0
0380817160	5.0
1890626120	1.0
0991686004	4.0
1565849949	5.0
0252010434	5.0
1621419932	3.0
1461189268	4.0
0345346297	5.0
0802717136	5.0
0156537060	5.0
0812932927	3.0
0375823514	5.0
0140185933	5.0
B004S81QXU	2.0
0981279090	1.0
1453860959	4.0
1451695756	5.0
0007194161	5.0
1490907157	5.0
1475110405	5.0
1481058134	5.0
1937856062	2.9999999999999996
0307265749	3.0
0425171949	5.0
0140022651	5.0
0671547461	1.0
0345504984	5.0
0553584537	5.0
1616952776	2.0
0425098648	3.0
0316018783	5.0
1463534922	1.0
1490368078	5.0
1556523890	5.0
0061133973	5.0
0140137440	5.0
B0054TR7GM	5.0
1478186674	3.0
1442366087	4.0
