0440229219	5.0
0061146315	5.0
0027109917	5.0
0312278586	4.110993453985368
0671876422	4.0
0545052424	5.0
0152022724	4.0
0152019448	5.0
0060521872	5.0
0671534718	5.0
0141301163	5.0
0152053107	3.0
0689806698	5.0
0671039415	5.0
0439176824	4.0
0061146307	4.999999999999999
0142300837	5.0
006447187X	4.594256999282125
0689829574	5.0
B00C22YCMG	5.0
0312872399	4.0
0553258524	4.0
0142402516	5.0
0142500283	4.0
0440210941	5.0
0385731345	2.0
037584516X	3.470798182998053
0375845178	4.0
0439597412	4.0
0064408183	4.715066354410617
0060976241	5.0
0802137008	4.0
0142300608	5.0
0439284031	5.0
0345468694	4.0
0060277270	5.0
0671039520	5.0
0886775167	5.0
0689821867	5.0
1481207474	4.0
0385732562	5.0
0786808551	5.0
0439597404	5.0
0671039512	5.0
0440228476	4.0
0385323816	5.0
0060288132	3.8981253841425936
0007136838	5.0
B007RMHRMS	5.0
0340687517	4.0
0375845151	5.0
0060278234	5.0
0060280778	5.0
0590396838	5.0
0439136350	5.0
0066239621	4.0
0312288352	5.0
0064472981	5.0
068486004X	3.0
0606328084	4.0
0307281698	5.0
0689821409	5.0
0375845143	4.0
0590383884	4.314854452054795
0590447319	5.0
0312368585	5.0
0380773155	5.0
0385322747	5.0
0439576520	5.0
0064472817	5.0
0152016090	4.999999999999999
0743412486	5.0
0763614211	4.533158048495472
0060233346	5.0
014250047X	5.0
067988291X	4.0
0060751649	5.0
0312379358	5.0
0590104667	4.0
0886774144	4.0
0394805720	4.686573766865738
0671007637	5.0
0064472922	5.0
0142000205	4.0
0025853503	5.0
0152168133	5.0
0743412494	4.0
0316001821	3.3971907920405773
0152016082	5.0
0439540208	5.0
1573222496	5.0
030728364X	5.0
1455521124	4.0
0142500275	5.0
0140012486	5.0
0007171684	4.8629839471199245
0152024603	5.0
0141302038	5.0
0743223306	4.0
0064470652	5.0
0316182540	5.0
0743400291	5.0
0671027344	4.791590909090909
067103748X	5.0
0441007570	4.0
0440227100	5.0
0152045627	5.0
0064472833	5.0
0689841140	4.791559000861326
0060085452	5.0
0763655082	3.0
0064408086	5.0
0312853238	4.0
1463695403	3.0
0312198493	2.0
0064472825	5.0
037586136X	5.0
0099914700	5.0
0064472949	5.0
0312867514	5.0
0060085444	5.0
034544227X	3.0
0743437314	5.0
0142501107	5.0
0582421276	5.0
0671028006	4.0
0517204770	5.0
0786808012	4.484797861677247
0671028014	3.0
0671034928	5.0
0064473783	5.0
0439755409	5.0
0756405483	5.0
0743444299	5.0
1558747613	5.0
0743244281	3.0
1937551857	3.0
0385742614	4.0
0679746048	4.329749844945214
0060097477	3.0
0671039490	5.0
0064406962	5.0
0395510600	5.0
0756956684	1.0
006447352X	5.0
1550376640	5.0
006092988X	5.0
0671551345	5.0
0440984696	5.0
0545291518	3.0000000000000004
0312269234	4.499827764381674
0375821813	3.0
0140306013	5.0
014131513X	5.0
0385336810	5.0
0671551361	5.0
0375829873	4.0
0064405842	3.0
0786807067	4.65128574861812
0385325959	5.0
006114097X	2.0
0609807900	5.000000000000001
0698119916	5.0
0671551353	4.0
0060292903	4.0
0141035005	3.0
0373718284	3.0
0738700495	4.0
0671039474	5.0
0679882901	5.0
0679783571	5.0
0743403649	5.0
0451458354	5.0
0142301086	5.0
0786807075	5.0
0060277300	4.0
0141309814	5.0
0886774004	5.0
B008PZ6QJG	5.0
0380814439	5.0
0060241497	5.0
015204566X	5.0
0007167040	5.0
0316099007	5.0
033039780X	5.0
0451459318	5.0
0743412478	5.0
0060298790	5.0
0060838728	5.0
0142501182	5.0
0689850484	5.0
014130975X	5.0
0064473627	4.4454791737216395
0743412524	5.0
0440219329	5.0
0142408492	3.0
0385729332	4.181775575790038
0064472655	5.0
0060589345	4.0
1937551520	4.0
0590395882	5.0
0590554093	5.0
074340078X	4.0
0886775639	5.0
0061098361	4.0
0312201656	5.0
0886774543	5.0
0471548340	5.0
0345413369	5.0
0060976845	5.0
0373777582	3.0
0261103288	5.0
0020452705	1.0
0439521300	4.0
0671551388	4.0
0441007023	4.0
0590394681	4.0
0439404371	5.0
0060096071	4.339558187201093
0375826688	4.0
0064406970	5.0
0060298774	5.0
0385327935	4.137016631481386
0064406849	5.0
0142402850	5.0
0020427859	4.0
0062209612	5.0
0060752017	5.0
0060194995	5.0
0689849249	4.557081807081808
038549422X	5.0
074342221X	3.0
0064472671	5.0
0345413350	4.0
0060298782	4.0
1906931216	4.0
0671028022	5.0
038532331X	3.0
0152275177	5.0
0312872380	5.0
0671534726	5.0
044100945X	5.0
0802137938	3.0
0061057045	4.0
0451458842	5.0
0786885971	4.0
0689858205	4.0
0399237208	5.0
0060930934	5.0
0374266425	4.0
1416514937	3.0
0679801146	5.0
0545334748	4.0
0385326742	4.301337812706221
0385741928	4.0
B00BXSSJJC	4.0
0385327706	4.0
1462111564	4.0
B00IHCNQT0	3.0
0385327943	4.423915935089119
0613630130	4.0
0060526777	3.4998276456394337
014131088X	4.830923507462686
0374461554	5.0
0316910333	3.951029996385978
0786805706	5.0
0689868472	5.0
0439073367	4.0
0743400526	5.0
0312170238	4.0
0374308497	5.0
0312869576	5.0
1558744630	5.0
0590554085	4.0
0449703746	5.0
0886774632	5.0
0886773784	5.0
0763621552	4.0
0345413377	5.0
0743412508	4.0
0689868227	5.0
0765343266	5.0
0446609838	4.0
1468303716	1.0
0689824688	5.0
0312869584	4.0
0140386882	5.0
0439240700	4.65128574861812
0060094907	3.0000000000000004
0743400771	4.0
0758205953	2.0
1416514929	3.0
1626490015	4.0
0743412516	5.0
0060571314	1.0
0425246957	3.0
0060575913	4.0
0345339703	4.0
0590396285	5.0
0451457897	4.0
0615788084	3.0
1451666179	5.0
0439324599	5.0
0062108050	4.0
0152166637	4.0
0141310472	5.0
0786807083	5.0
0441010032	5.0
0439240719	2.0
0142302384	5.0
030728090X	4.0
0385730713	4.590083270249811
0671577921	5.0
0142302392	5.0
0064407454	4.454777884308085
0141310464	4.478562005277044
0743400836	4.0
0385496036	3.0
039568093X	5.0
1551800594	5.0
0060293152	4.8960080269476105
0140328742	5.0
0385730721	4.522440392706873
0688155464	5.0
0446617687	5.0
0786807091	5.0
0007124015	5.0
0140621199	1.0
0553561618	5.0
0440983568	5.0
0064408639	5.0
0613171365	5.0
0060293233	5.0
0142406252	5.0
0385731949	5.0
0763618470	5.0
0451458656	4.0
0375890246	3.501033769813921
0064472272	4.442748091603053
034542865X	5.0
0671041177	5.0
0988695103	4.0
0142302376	5.0
0689815433	5.0
0758269412	3.0
0060294698	5.0
0385731957	5.0
0061479934	4.7943011057556
074321546X	5.0
0689868278	4.999999999999999
0060734558	5.0
0316911488	4.0
0373718241	4.0
141655050X	5.0
0312428812	4.030973451327433
0606006877	5.0
0385324057	5.000000000000001
0312422156	3.0
0060294671	4.780999848965412
0141305800	5.0
0671039938	5.0
014038572X	5.0
0142300675	5.0
0439121957	4.0
0385327439	4.999999999999999
0439139597	5.0
0151015392	5.0
014131110X	4.0
0312867522	5.0
0743454529	5.0
0671014757	5.0
0684856093	4.0
0553296981	4.0
0064470954	4.442918192918193
0374332657	4.86019507663725
1450733514	4.0
031284879X	5.0
1250007119	2.0
0316666009	5.0
059048141X	4.0
0744000416	2.0
0060541628	4.0
0385734212	4.531992687385741
0671003755	5.0
038573008X	5.0
0142402486	5.0
0312367465	5.0
1442487674	5.0
0373290276	5.0
037582233X	4.794115345488692
0385743033	5.0
0061067121	5.0
0689801734	4.0
0340770732	4.0
0786806532	4.55761316872428
0689843372	4.406974440261541
014028009X	5.000000000000001
0142500593	5.0
0375829075	5.0
1476730946	2.0
0606224890	5.0
0152017682	5.0
0441013252	5.0
0064472914	5.0
0060725141	4.999999999999999
038532720X	4.664865770406666
039923490X	5.0
0786808705	5.0
031604461X	3.0042253521126754
0061067156	5.0
0142501557	5.0
0786806540	4.999999999999999
0440228514	5.0
0142500585	4.999999999999999
0446525537	4.71233148295004
0439286069	5.0
0064407470	5.0
0385737505	5.0
0060725133	5.0
0307743667	5.0
0590554115	5.0
0786805692	4.0
0060294655	4.500172354360565
0142301515	5.0
0590554107	5.0
0395069629	1.0
0385734360	4.0
0679801111	5.0
0141310073	4.354761904761904
0689850921	5.0
0141302690	5.0
0590485954	4.0
0060725125	5.0
0689835892	5.0
0439120411	5.0
0316098981	5.0
0143038095	5.0
0451198638	5.0
0590110020	4.0
0345486455	5.0
0141309199	5.0
0689868464	5.0
0385326262	5.0
0385734379	3.0
0425206548	5.0
0743407865	5.0
0385737521	4.0
0375829067	5.0
0060725117	5.0
006009334X	4.0
0974008664	3.0
0060757353	5.0
0060734019	4.0
0689868456	4.999999999999999
0373777922	3.0
0380005239	4.999999999999999
0375857826	5.000000000000001
067980112X	4.0
0812522729	4.0
0679801138	5.0
0375811745	3.0
0066236959	4.0
1929494173	5.0
0689870639	5.0
0439242193	3.0
0671874535	5.0
0679882898	5.0
067988288X	5.0
0671014773	5.0
0553258540	5.0
0451167805	5.0
006440823X	5.0
0007149042	4.0
0385737548	5.0
0744590779	5.0
043935806X	4.5068219633943425
0060005521	3.0
B00BCG0U2E	3.0
0440422256	5.0
0671039946	4.0
0142404241	5.0
0440228964	5.0
