0316024759	5.0
B0075R4RAU	3.0
0425250873	4.0
0778325377	4.0
0451232437	4.0
0446532479	4.0
1420123912	3.0
B00872VBNS	3.0
B009NFH6OG	3.0
0985018100	5.0
B006BHMD4C	3.0
0803496192	5.0
B00BS442S8	5.0
061569540X	5.0
0451233778	4.0
045123376X	4.0
0473194716	4.0
147509552X	3.0
0553592610	4.0
098372251X	3.0
0142300608	5.0
1937387844	5.0
037543318X	5.0
1611940907	4.0
B00EBUCBIY	4.0
0739082426	5.0
1493734628	4.0
B009YQ8J6I	3.0
B007WZHRNO	5.0
0786020873	5.0
0425256189	5.0
1463783175	5.0
1250023882	3.0
B00522PBLY	4.0
0451200810	1.0
0983023859	4.0
1455502715	5.0
0441018645	3.0
B009QFC756	4.0
0786031522	1.0
1936413116	4.0
1612186742	3.0
B00BCSNMXG	4.0
B00HL0M9YM	3.0
0801065275	5.0
B004RQD3J8	4.0
0425256138	4.0
1565123514	2.0
0060788704	4.5
1460927176	5.0
0451403525	4.0
0263899403	3.0
0141346159	4.0
B00ANZ1JWA	5.0
1466231971	4.0
0786891416	4.0
146376359X	4.0
1439154287	5.0
0991676300	4.0
B00AJ1BKPO	3.0
1621451151	5.0
0765361663	3.0
1468110489	4.0
1466340207	4.0
0988060809	2.0
0544000137	5.0
0310318963	5.0
B00I2E9YTY	5.0
0061245097	4.0
0312553404	4.0
037300222X	5.0
1616389621	5.0
B008LH94FG	4.0
B00DGYKGQ0	5.0
1442480610	4.0
B00403N2YY	4.0
0756407508	5.0
0966110579	4.666666666666667
1436389917	4.0
0061245089	4.0
B004IEAESW	4.0
0985867329	3.5
B00B1WRI56	5.0
0312656742	3.0
1480106623	3.0
1937698424	2.0
0451221702	3.0
0373261047	3.0
146818475X	4.0
0307476073	4.0
1492704156	5.0
B008MY2PH2	4.0
044640103X	4.0
0062204343	5.0
045123197X	4.0
B005KB86TQ	5.0
1495435792	4.0
0374384673	5.0
B004I6DFLS	4.0
1479190217	4.666666666666667
0385742614	2.0
1450518222	5.0
B0063PR97I	3.0
0689873794	4.0
1937007820	4.0
1609289021	2.0
0988751003	4.0
0553584162	4.0
B00FNYW5WY	3.0
0764211323	2.0
0451229681	4.0
B007V3M9TO	3.0
0811864898	5.0
0062089706	5.0
1611940982	4.0
0544106539	5.0
0141345713	5.0
B00BVOI0ME	4.0
0786011947	3.0
1463550626	5.0
B00ADD2Q3S	4.0
034551209X	4.0
1452839565	2.0
1479101257	5.0
0060193506	4.0
0061997102	5.0
B007XSOAK8	4.0
0988105411	4.0
0505527022	4.0
0811859495	2.0
0547482477	5.0
1414336365	4.0
1466372702	4.0
B00B5Q2Q8M	4.0
0843962658	5.0
0307908259	4.0
1611940974	5.0
0988918102	4.0
1597894818	5.0
B00BFMJTLS	4.0
0061624217	1.0
B004GUT1M8	3.0
015644450X	5.0
1453811850	4.0
1937733297	4.0
1623220092	3.0
0805464298	4.0
1484056841	4.0
1481009222	4.0
1419667394	4.5
0985777338	4.0
1477587136	4.0
B006R4RTSE	5.0
B007XK66IA	4.0
B006QQRH3A	5.0
B0080HU6KY	3.0
006207203X	5.0
B006PTFQE0	5.0
0425212548	4.0
0425152316	5.0
0345423399	4.0
0446579939	4.0
0718178122	4.0
0441013813	4.0
B00ALGQKDE	4.0
B007VEM96G	4.0
1482588218	3.0
0261103288	5.0
B009UDZPJY	5.0
0451460103	4.0
1402271727	5.0
1468149547	5.0
0756406269	5.0
1621362450	5.0
0778323617	3.0
B00IR60GKS	4.0
0425266354	2.0
B008PUQGQE	5.0
0786854448	3.0
0988577216	4.0
B00CLXC296	4.0
B00AA3W83O	3.0
B00AGABFQC	5.0
B0058ZX4K0	4.0
077832494X	3.0
B00CTPW5PW	4.0
1489575529	4.0
B00966A1JY	5.0
B009QQ12CY	4.0
0060264306	5.0
0985777303	5.0
0310289025	5.0
1482657384	4.0
1492844446	4.0
0373712421	4.0
0446401056	5.0
0983360774	3.0
0373484291	5.0
1466378050	5.0
1416566384	3.0
0374230595	3.0
0307277674	5.0
B00DWO3ZIU	1.0
1466338741	5.0
0987685171	4.0
0991680456	4.0
1585743526	4.0
160047912X	3.0
0967478626	5.0
B00GJQEGO0	5.0
B007OMB11O	4.0
B007XSNFAE	4.0
1463548397	5.0
130080484X	4.0
1477809511	5.0
0060721510	5.0
099184260X	5.0
0062089641	4.0
006078749X	4.0
1935711369	5.0
0756407494	5.0
0446579904	5.0
B004JN0R8O	5.0
1476745005	4.0
0743597923	5.0
1590520203	5.0
1477649972	4.0
0957158459	4.0
0984502203	4.0
B006MYOWKM	3.0
B00E9DYJTC	4.0
0515120286	5.0
B007JL6IYU	5.0
096747860X	5.0
0967478618	4.0
0451229738	5.0
0312945086	5.0
1461058481	3.0
0545284139	5.0
0786011890	4.0
0515124648	5.0
1420112384	3.0
0060530928	5.0
1878424599	5.0
0679642218	5.0
0425228185	5.0
0373210299	4.0
B009T4Y6LW	4.0
0316039772	4.0
0310214378	2.0
0740785133	3.0
1480522813	5.0
1480126152	4.0
B00E9VI8QE	4.0
0615747930	5.0
1770841458	4.0
1476712980	5.0
1491296917	4.0
B005EV84PS	4.0
1490410392	5.0
075823127X	4.0
0062204408	5.0
0613171373	5.0
B00BMFEWQA	5.0
B009OZN608	3.0
0316074144	4.0
1613755279	5.0
0425213919	4.0
B00DNLJ04A	5.0
B004M8S698	3.0
0956889808	5.0
B007N6JEQ0	5.0
1481126822	3.0
1439156808	3.0
0615743552	4.0
0764223321	2.0
1451625529	5.0
0451462807	3.0
1442366109	5.0
0312531176	3.0
0316074152	3.0
1902881591	4.0
B008CQ8HZO	1.0
0373210280	3.0
B00AQA6JJ0	4.0
147755730X	5.0
006201983X	1.0
B0061RK2ZY	3.0
1423171020	4.0
1613755260	5.0
1453600698	4.0
0578052881	4.0
0964704803	1.0
1420111892	2.0
B00BEOZCJU	4.0
1611099056	5.0
0425218732	5.0
0800795156	5.0
B0095WWGN8	4.0
1482071851	4.0
0446199540	5.0
1936185741	4.0
1780883102	3.0
1478377968	5.0
0142417718	4.0
B00HYOUZBE	4.0
1463690029	4.0
0062290363	3.0
0778326624	4.0
0980878985	5.0
0062243152	4.0
B00846UJPS	3.0
1482385635	3.0
1401310435	5.0
0786753684	4.0
0312555113	5.0
1466336943	4.0
1478351322	2.0
1451648286	5.0
075820891X	3.0
073872162X	3.0
B00FE3QHH8	5.0
0446199559	5.0
B005E7K0MW	5.0
0375508414	5.0
0142417726	5.0
0980878993	5.0
0061583227	4.0
098600670X	3.6666666666666665
0981595448	5.0
0805089306	3.0
1451628684	5.0
0821761374	5.0
1451661215	4.0
0062019805	2.0
B006YTTVHO	5.0
0985258659	5.0
0849921996	5.0
1453816747	4.0
0425226328	5.0
0312994044	4.0
B00A3K44BS	2.0
1482314487	3.0
0446199532	3.0
1489568360	5.0
1492895202	5.0
0756405718	4.0
0615760996	4.0
B0099S7IUO	3.0
0505527847	5.0
0425259250	4.0
0312553390	3.0
0451235509	4.0
0615694195	3.0
1937007065	5.0
1570671508	3.0
B00907YUOG	2.0
0091801664	5.0
1449925030	5.0
0061583219	4.0
0984716513	2.0
1250011914	3.0
0786950285	4.0
1595141758	4.0
0446401994	5.0
0505527855	4.0
0857520792	5.0
1420111876	3.0
0425238326	4.0
0061632686	3.0
B004FN1M0U	4.0
1936185725	4.0
1842230301	4.0
0393081575	5.0
0385507836	5.0
1858945232	5.0
0736929460	1.0
006056251X	4.0
0062117378	5.0
1420111884	3.0
B005ORR6HE	5.0
B00BO3R6K4	5.0
1582341338	3.0
B007VFP390	5.0
B003V8BU84	4.0
0778313387	5.0
1402265859	2.0
1940099250	4.0
1491235985	4.0
045141912X	5.0
0823405818	5.0
0977147428	3.0
1448208548	3.0
0425146405	5.0
0061007226	5.0
B00ALYQPRM	4.0
0978976215	4.0
0800730801	5.0
B00ILV96BO	5.0
1595547169	5.0
080653303X	5.0
006121468X	3.0
1612185304	4.0
B007XSN73E	3.0
0842356223	5.0
1456428810	3.0
0307582884	1.0
0060773758	4.0
0312556608	4.0
0987981420	3.0
B004P1J2U4	4.0
0307338487	1.0
B009M84M0K	3.0
B008D6HZII	4.0
1479295477	4.0
0307704114	5.0
0971369496	3.0
0470578300	5.0
B00GJMBFS4	5.0
0984817301	3.0
0425209067	5.0
B007U7GQHM	3.0
1594480745	3.0
142310921X	4.0
1940161088	4.0
0061099341	5.0
0451464621	4.0
0152062165	4.0
1599555166	3.0
1480168181	5.0
1910206024	2.0
B00C1LFF6A	4.0
1481280767	5.0
1495998908	4.0
1466487046	4.0
1454703970	5.0
1930754655	5.0
0373062664	5.0
0373885555	5.0
B00AFVK9UU	3.0
0060987103	5.0
1479245186	4.0
0615686613	4.0
0786868910	3.0
0977147460	4.0
0764204270	5.0
B00I5RD19M	4.0
0762107235	5.0
1439160856	3.0
B00HLRWREC	4.0
0451219376	2.0
0451222962	4.0
161188067X	4.5
B007VDZ2XO	4.0
0451218043	4.5
1434799883	4.0
031227307X	5.0
0061699934	4.0
B0063M2E4O	4.0
0345528506	1.0
1599901412	5.0
0451219368	4.5
042521575X	4.0
0446546305	4.0
0425269590	4.0
0446547638	4.0
0345423429	4.0
1475125186	4.0
B0070P65HK	5.0
0380710994	4.0
B003E6M6Z4	4.0
1402789572	5.0
1479216631	3.0
0767931343	1.0
B009DQ3LK8	3.0
B0090RV3JG	5.0
0977147436	4.5
1481882902	4.0
0140366679	5.0
B008ENPD8O	4.0
0805088806	3.0
0545142997	3.0
0547224850	5.0
1492195049	5.0
B00CXWZWAQ	5.0
0425269574	3.0
0441016154	3.0
1484087011	3.0
1439276838	5.0
0425227731	3.0
006173506X	4.0
B00GZ8C8B0	5.0
1439160848	4.0
0986883107	5.0
0441008534	4.0
1480532266	5.0
0061926000	3.0
0984571604	4.0
B005UHJ04U	1.0
B0043GX2FW	4.0
0451228219	5.0
B0062BYFG6	4.0
1423139933	5.0
1594744769	5.0
1615664238	2.0
B00CXFH4MC	2.0
1478251859	3.0
B006PXUNXK	4.0
1439156786	4.0
B007S63PS8	4.0
0801068231	5.0
1932461337	5.0
0515131679	4.0
1482683539	4.0
0310318890	5.0
9749375084	5.0
067141125X	1.0
B005CRVFLO	4.0
0373444966	5.0
006082543X	4.0
1480219207	5.0
0758210205	2.0
0800759648	5.0
0375857109	3.0
080075963X	4.0
B006LFWDJY	5.0
0312360282	4.0
B006J7GQOW	5.0
1480078972	4.0
006114097X	4.0
160928609X	5.0
0310266238	5.0
1480170402	4.0
B007APJ0D6	4.0
0061140988	4.0
1461123941	3.5
B006AXT6G0	4.0
1937733181	4.0
1599903229	4.0
0061986577	4.0
0758210221	3.0
1479187380	3.0
B0032JTTJO	4.0
1605040878	5.0
0312360290	3.0
B00GD32A9M	4.0
1479341096	4.0
0062262300	4.0
B00H8ZL1M6	3.0
0985929421	5.0
1921240288	4.0
159789298X	5.0
0615441866	3.5
0310241804	5.0
1477529136	5.0
B005I5ELT8	5.0
0991595904	4.0
1611880610	5.0
1600476902	4.0
147927013X	4.0
0395353009	5.0
1478266902	4.0
0756911869	5.0
0739015575	5.0
B00DDD8L6G	4.0
1939713218	4.0
0316069515	5.0
0385335318	5.0
0140167773	5.0
1582430772	5.0
0451461525	3.0
B004TO5YK4	5.0
0062102222	2.0
B00EAR08PQ	5.0
B008I6JQKS	5.0
B007ODZFJ2	3.0
1442409053	5.0
B006OJRKAE	5.0
B00CFOCACK	4.0
B00GKMZGAQ	4.0
1482743779	5.0
146376524X	4.0
B00DU0D3BK	5.0
0517586509	5.0
B004NBZD6S	3.0
B00DR4Y0AM	5.0
0740754807	2.0
0060548932	4.0
0743550439	4.0
0373444974	5.0
1478181672	5.0
1489504168	5.0
006198650X	4.0
0060752017	3.0
0307750833	5.0
0312360258	3.0
061578688X	4.0
0373444990	5.0
B00EYMXM2I	5.0
1469907682	3.0
0982555032	5.0
0007442920	4.0
0987775340	5.0
0345500938	4.0
0451414365	1.0
B00BINQ7NC	5.0
1458200663	5.0
0373210450	3.0
0688091490	1.0
045122521X	3.0
1416501622	4.0
B00DPKRKAU	5.0
031028984X	4.0
0425221628	2.0
080073386X	4.0
B00HG2M15C	3.0
0877180067	5.0
0615450849	3.0
0312642970	4.0
0553246089	3.0
0547150954	3.0
1468058347	4.0
0764205609	4.0
0553092421	5.0
0312969171	5.0
1493500937	1.0
0312949545	4.0
B00A8LYX3Q	5.0
0385302312	5.0
0743572750	4.0
1416501630	4.0
B008LY9AWG	3.0
1936564092	2.0
0340932759	2.0
1439154996	5.0
B00EBSRTJM	3.5
0743400526	5.0
0800733851	5.0
0385302320	4.0
061597550X	1.0
1467995886	3.0
0312970129	2.6875
0988198002	3.0
0062014072	4.0
147522219X	3.0
1570624097	5.0
0547150938	3.0
161213016X	3.0
0060937661	3.0
0739476637	5.0
B0073BFH1G	3.0
B00IZS0680	4.0
0739015478	5.0
0061961299	5.0
0985607130	4.0
1499606893	4.0
0877180059	5.0
193199367X	4.0
0547150946	3.0
0441019188	2.0
B004TO6CK0	5.0
0451465156	2.0
0988410826	4.0
0062121308	3.0
0515145491	4.0
1611091012	3.0
B0057P6M46	5.0
148269607X	5.0
0375867333	3.0
078621953X	4.0
0062019740	2.0
0307712508	5.0
1936539942	3.0
1442483784	3.0
148021132X	4.0
1481147633	5.0
B007XSNGI0	4.0
B00KETXL1C	1.0
0062135961	2.0
0375421319	5.0
0385738579	4.0
1605047449	4.0
0980048001	5.0
0985607106	3.0
B004LROPC2	4.0
1480138258	4.0
B00F64A1YK	4.0
1461085977	5.0
1453728406	5.0
1492768839	5.0
1470157578	3.6666666666666665
B008NOOQ2I	5.0
B00HRIJVFS	4.0
143915497X	5.0
B008C3HIA2	4.0
B00GEFNMAU	2.0
0989901009	4.0
0800733819	2.0
1480278416	1.0
0983492700	5.0
0983887977	4.0
0765328089	2.0
1477421971	4.0
0743464583	5.0
1477604928	5.0
0441016944	3.0
0060817089	5.0
0316027650	3.0
0778324796	4.0
0425216292	4.0
0312642962	5.0
1612187072	3.0
0152062106	3.0
0989405036	3.0
0982264828	5.0
073946289X	5.0
0061582042	4.0
0843964391	5.0
1477672125	5.0
B007SAKW9E	5.0
0615840787	4.0
0393068471	5.0
1427201412	4.0
1470026236	4.0
0615442374	4.0
B004HFRMQE	5.0
0312357540	5.0
0425206866	3.0
0915368587	5.0
1417808268	3.5
B009ZYX7DE	4.0
B009SZJCKW	4.0
0446547573	5.0
0515093866	3.0
0312253427	4.0
B00AMOC5Z2	3.0
140020304X	4.0
0842356290	5.0
0061582018	3.0
0399160671	4.0
B004WPP8YW	4.0
031218087X	5.0
0330489445	4.0
B008DVVLYW	5.0
B00J16SQFU	5.0
1475199325	3.0
1935961144	1.0
0451412656	5.0
1451620829	1.0
B00A9D0HMO	4.0
B004GXAZ0C	4.0
0441015662	5.0
B002FU6LYC	3.0
0825441161	3.0
0061582034	4.0
1620160307	3.0
1936127776	5.0
0547393091	4.0
0843963018	5.0
0312532563	2.0
B00IR13CZO	5.0
0756656230	5.0
B008UL4DT0	5.0
B007055KA8	3.0
0547203888	3.0
0451236718	4.0
0984835962	4.0
1250004047	4.0
0547729960	4.0
B006889PVS	1.0
1401302734	4.0
0451223411	3.0
1477818529	5.0
0786862882	5.0
1938499859	3.0
0615749844	2.0
0451232372	5.0
1461189268	5.0
B009NQO2TW	1.0
1576736164	5.0
1479143707	4.0
0988518988	5.0
0615608329	3.0
B00AVDMVQC	3.0
0312193300	4.0
0451412621	4.0
B00AY7G05I	4.0
1477809600	4.0
1493547658	4.0
1611941237	3.0
1469982994	4.0
0381980375	4.0
1460995457	3.0
0425143260	5.0
0312577427	4.5
1250009715	5.0
B00BXKXGFM	4.0
B005TF1B9K	3.0
0345512103	4.0
B004DI7P8K	3.0
0060098902	5.0
0312325967	5.0
0345512111	4.0
B00AWX69S2	4.0
1590582365	5.0
1499321147	5.0
0778314006	4.0
0451166604	2.0
1475049404	4.0
0061030120	4.5
0985558326	5.0
1936127210	4.0
0441019730	4.0
068485001X	5.0
B009CGEEYQ	4.0
0142425990	3.0
0316056588	4.0
0449910067	5.0
B0093SYRC2	4.0
0140047573	4.0
B0053PVHTU	4.0
B006MLKZWO	4.0
0786015241	1.0
098303124X	4.0
B005QCYZZS	4.0
1617392448	3.0
0756406838	5.0
0312577206	3.0
0062107828	3.0
B00DQO436O	3.0
0545422906	5.0
0989283607	4.0
1888146958	3.0
1466410477	4.0
0140185224	5.0
0615292496	5.0
1479366420	4.0
0385742010	3.0
1439216436	3.0
0983157251	4.0
1481136070	2.0
0670024783	5.0
0141439491	2.0
0978594061	3.0
0316194689	4.0
B000G0KF2M	5.0
149216206X	4.0
1484097130	3.0
B0073X6EP2	4.0
0062273159	5.0
0061370916	3.0
0425218937	4.0
B00DI8FDT4	4.0
B00ACDF0EG	4.0
1603818375	5.0
0385537859	4.333333333333333
1463408625	4.0
0553587064	5.0
089909399X	5.0
B005VCFRRS	3.0
B0058CX17Y	4.0
0425222195	1.0
B00DTNGTQE	5.0
1490544690	5.0
0553277340	5.0
0842335684	4.0
0425235440	4.0
1935738275	4.0
1780882955	2.0
B00AW1NNA6	1.0
1569474540	4.0
0061043494	5.0
0553587072	4.0
1466205458	4.0
0316024961	4.0
B008VS9RA2	4.0
1439192316	5.0
0786021993	4.0
1494904489	3.0
0595358845	2.0
1453885986	5.0
B005IAQD26	4.0
1492968455	4.0
B00IDC8QBC	1.0
B0082UWKKS	2.0
0786005866	4.0
B009GJRGEO	2.0
0451114590	5.0
0385528914	2.0
0380772280	3.0
1475265115	4.0
0425239829	5.0
B00AY6Y02O	5.0
1484076249	3.0
0425256383	4.0
1442488352	5.0
0340822775	2.0
161188053X	4.5
B005S1X3XW	4.0
0316036919	3.0
148399600X	5.0
1416961321	3.0
B00F77FFMO	4.0
147932812X	5.0
0985558342	5.0
B00CDG7CO6	5.0
0061370908	3.0
0451458443	4.0
1493653369	4.0
B00BG9PX1A	5.0
1475116721	4.0
0330419129	4.0
B0061WIL66	1.0
0061242640	5.0
0515142220	4.0
0615624049	4.0
0441017150	5.0
0849948320	5.0
B009KWESJ8	2.0
0140448950	2.0
0345528670	5.0
B00J4C6LXU	5.0
B00JCJBM7U	4.0
0989417700	5.0
1453812954	3.6666666666666665
078601783X	5.0
0446616427	4.0
0452298784	5.0
0758202946	3.0
B005VDE8LI	3.0
0970070241	4.0
0982792824	3.0
B00BPB9L3U	5.0
1601544715	5.0
1492807249	3.0
0446616419	4.0
1931018499	5.0
0446404780	5.0
B005LY6LB2	2.0
0983943729	4.0
0985929537	3.0
B00F2GSY46	5.0
050552810X	4.0
1401687369	5.0
047052832X	5.0
0983979731	2.0
0615744729	5.0
0965651355	5.0
0505525089	3.0
0451463803	3.0
0879307277	5.0
0312382189	5.0
0452289815	3.0
0385312520	5.0
031217005X	3.0
0425210138	2.0
1432796364	4.0
0756406005	4.0
1419959395	4.0
0373262175	4.0
0989416402	3.0
037380315X	4.0
0380725908	3.0
080240264X	4.0
0061668060	4.0
0486410927	5.0
0671729462	4.0
1401341764	4.0
0425246965	3.0
014132855X	4.0
0373444877	5.0
B008WV90JQ	4.0
0060878061	4.0
B00DCQKH66	2.0
0615458122	2.0
054750151X	5.0
0615511716	3.0
B00BI420CS	4.0
0060590319	4.0
193849928X	5.0
B005O08HNS	4.0
B009X2QQ0Y	1.0
0425210111	4.0
1414325460	4.5
B00BDW1JNQ	5.0
0310266157	2.0
0764209663	5.0
0385344120	5.0
0805095837	3.0
B00B9EQPI2	4.0
0786890746	4.0
B007Z4D9MA	4.0
0985934913	4.0
193738764X	4.0
0061962228	4.0
0811841529	4.0
0974457949	3.0
0064406989	3.0
0764559850	5.0
1413454763	5.0
0310266165	5.0
B00BSU080S	1.0
0061668036	5.0
1400315166	4.0
0786890754	5.0
0061779814	4.0
B00IA4UVPC	1.0
B00J2EBU4K	4.0
0984856595	5.0
0316154695	3.0
0446541982	2.0
0230755062	4.0
1482643472	5.0
147505792X	5.0
0983155410	4.0
1612179797	4.0
0451236254	4.0
073660944X	5.0
1439133956	4.0
B008GWT0NM	4.0
1453887660	5.0
0385344074	4.0
B00GKS31HK	3.0
0061998249	3.0
B00AWJW0O8	4.0
B00D89OGB4	4.0
067169071X	5.0
1482096528	4.5
B008RPQM2K	3.0
B00EJXIO7U	4.0
1482703513	5.0
037321006X	4.0
0345476999	4.0
0758284845	4.0
1442402008	4.0
B00DOFIAH8	4.0
0989128903	4.0
0804109540	2.0
1605044040	4.0
0373210086	4.0
0547626142	4.0
1481213229	4.0
0800757998	4.0
0515145327	4.0
1611943728	5.0
1484813685	4.5
B0082TWQAI	4.0
1416578137	1.0
1461017726	5.0
0062076116	5.0
0451458508	5.0
0738712515	5.0
0764211145	5.0
0807007005	4.0
0778326810	5.0
1629290785	3.0
B009WC5ZAW	4.0
1482063638	2.0
0595434789	2.0
0307989828	5.0
1938887034	5.0
1439259623	5.0
034549217X	3.0
0345492188	3.0
1933678089	4.0
0978514815	5.0
0758222572	4.0
0451459849	4.0
1414336063	5.0
B008OKM0Z6	4.0
0793806569	5.0
0557075378	3.0
0547892624	5.0
B005LPECCG	5.0
0982903391	3.0
0451233182	4.0
B003UD7VOC	5.0
B004U35ANK	4.5
0878393315	5.0
1620930161	5.0
0547626150	3.0
145162137X	4.0
0615730000	5.0
0505527693	2.0
0373210035	5.0
0830837027	5.0
0764204807	4.0
0345492161	3.0
B00D2KJVHS	4.0
0312376316	1.0
0345343263	5.0
0778313530	5.0
1416509887	5.0
1499186509	4.0
B005LAF5M2	3.0
0061239097	3.0
0679406832	5.0
0373210043	3.0
1475007671	4.0
1599905108	2.0
0976876078	5.0
B00HG5R4T2	5.0
0615469779	4.0
B007YUE0GO	4.0
1442402040	3.0
1479369446	5.0
1600763170	5.0
0373210051	4.0
0425207463	3.0
0988447819	4.0
1935096931	4.0
B005HQ77RG	2.0
0553382195	3.0
B009Y7KU82	4.0
1468596659	4.0
0984856501	4.0
014242207X	4.0
1453876146	5.0
B00CWKKZKQ	1.0
0803474679	3.0
0316282014	4.0
0373445261	4.0
0060788194	4.0
B004PGNNI6	4.0
1416509879	4.0
1418497177	5.0
1416963960	4.0
0988047217	5.0
0312614780	4.0
0786032553	4.0
1936305941	5.0
0062107798	4.0
0544264975	1.0
B006S4C6YA	3.0
0800722469	4.0
B00ING7934	4.0
0547232292	3.0
1401685617	3.0
1481960873	3.0
1451640560	5.0
0984213325	4.0
1451555652	2.8181818181818183
0615801048	1.0
1481983512	4.0
B00GPULOIG	3.0
B0068OYDRS	3.0
0062003259	5.0
076111937X	5.0
1451674775	5.0
0451164962	4.0
1475120761	5.0
0778325555	4.0
0451456718	3.0
014303717X	5.0
B008VRY2GM	4.0
0805090983	4.0
0811705161	3.0
1496178297	5.0
0345523784	5.0
B00IVOMXYI	4.0
1468041657	5.0
0803474687	4.0
0615801056	1.0
1476729603	5.0
0451410599	5.0
0991086902	4.0
B007QUUVCO	5.0
1482000091	3.0
0451233166	4.0
B007BVNF4O	5.0
B00513PJ20	5.0
0805096299	2.0
1599214946	3.0
144240776X	5.0
B0094JF00I	5.0
0439023483	4.333333333333333
0451204603	3.0
1479382493	5.0
1484873319	3.0
B009EC25F8	4.0
1477655549	4.0
0786891254	5.0
0061214655	5.0
0425251527	5.0
0547599803	4.0
1470174189	5.0
0425243907	5.0
1416547037	3.0
0983705410	4.0
B009YLRDQK	4.0
0439023491	5.0
0385343612	4.0
0441017975	4.0
0671025449	4.0
1451641818	5.0
1617520489	3.0
1475235313	4.0
1463762542	5.0
0312375042	4.0
1606390139	4.0
B004M8SYU4	4.0
B007KMJAJI	4.0
1611942446	4.0
0978594037	2.0
1590586603	5.0
0373802730	4.0
B00D1CPG5I	1.0
0547608349	4.0
0983918805	3.0
0446618241	5.0
0743566572	3.0
B00BBKEEVO	5.0
B00E0NOTLE	2.0
147592464X	5.0
B00BVW7DTC	4.0
0989203506	3.0
0062194178	4.0
1456324608	5.0
0441016669	3.0
1481006843	4.0
0060515104	5.0
0316228532	1.0
193164361X	5.0
B00558UO7Q	3.0
1416949615	4.0
1492912980	4.0
B002HE1IBW	4.0
1593104464	5.0
1625289995	3.0
0441018521	5.0
0380790890	1.0
1480277703	5.0
0061985848	4.0
1455512427	5.0
B005HAWAZG	5.0
0451461320	5.0
B007792F46	3.0
0385523386	4.0
0385739184	3.0
055358846X	2.0
0446405361	5.0
B00JDN00UA	4.0
1482731517	2.0
141697895X	5.0
0062060554	5.0
1557664536	2.0
0553588478	5.0
0062107712	4.0
1939551072	5.0
B00E34EUZA	5.0
193646022X	3.0
1936564653	4.0
1482796066	5.0
0385740166	3.0
1416978976	4.0
B00DSOOLFK	5.0
0757317642	1.0
B004CLYEQ4	2.0
0062198505	4.0
0451402103	5.0
141377766X	2.0
0140046380	4.0
0758221983	3.0
0778324184	4.0
B009BTQJ2O	3.0
B00G6BLT1Q	4.0
0061869740	3.0
B004U362DC	5.0
0983735921	3.0
1482663724	4.0
1609280954	4.0
0938497529	5.0
B005Z37B90	3.0
1932695206	4.0
0547152442	5.0
B00AN8ZPWW	3.0
B004RHRUWI	4.0
0843957352	4.0
031602046X	4.0
0843958626	4.0
1250008115	4.0
B0082XLZ3I	5.0
080078796X	4.0
074145453X	5.0
1479149780	4.0
0312942311	4.0
0061869724	4.0
1940051002	3.0
B00ECZ6QT8	4.0
1455599182	5.0
0307338282	2.0
0143116231	5.0
0425201376	4.0
0062124269	3.0
0060563478	5.0
1482033933	3.0
0615347347	5.0
0449002942	3.5
1935178237	4.0
0356500276	3.0
030727828X	5.0
0312363907	4.0
0756406757	4.0
034053236X	5.0
B00B1Z7VWS	4.0
B000U0NSV8	4.0
0451224906	4.0
1602608113	5.0
038536315X	5.0
0425247546	4.0
0062071246	4.0
0345350383	5.0
0312942303	5.0
0736938559	5.0
1466330767	4.0
B0058O0PXK	4.0
1400318130	5.0
0441005241	4.0
1612185592	5.0
0441020860	5.0
B00DFIE80W	5.0
0982328680	5.0
0988314908	5.0
B00BNA9PTS	3.0
147933054X	2.0
0425238601	3.0
0062107739	4.0
1470035359	4.0
B007UDH6IE	4.0
0061869708	4.0
0451211634	3.0
B0072Z5EHA	5.0
143367999X	5.0
B00GQ4JG2C	4.0
0451227190	5.0
1448635403	3.0
149108149X	5.0
1477630988	4.0
0547859260	5.0
0743202961	1.0
B00GNFM83S	5.0
B00974IOLC	4.0
1468199277	4.0
B00DL5T200	4.0
1493560336	3.5
1463671210	2.0
0985976802	4.0
1477663096	5.0
0425235513	5.0
0440244692	1.0
B005MUEXWE	4.0
1481928562	4.0
193769853X	2.0
0425244466	5.0
1432825925	5.0
0606002952	5.0
0881927104	5.0
B0055PMJMW	3.0
1402236611	1.0
B0092MT3Y6	5.0
1484020561	4.0
0615807054	2.0
0373210264	4.0
0425212866	4.0
1481229672	5.0
0988482274	4.0
B00AOP0CCM	4.0
B00A43ZQI4	5.0
0786017724	3.0
1612186009	5.0
0345480260	4.0
0984723528	1.0
B009CDW9VE	4.0
1599904780	4.0
0312965095	5.0
B007Z9AKJK	4.0
146625453X	5.0
1481262262	4.0
0062083260	4.0
B004JN0DFQ	5.0
B009RVG6CY	3.0
1605048577	4.0
0312925883	5.0
0553157671	5.0
1481241354	4.0
0061097314	5.0
098401571X	4.0
0758201508	3.0
B00DV0XIBY	4.0
0141326085	5.0
0062083295	4.0
B007VQORS2	1.0
1481995383	4.0
0843961449	4.0
B00CAW3G66	3.0
0764201867	5.0
0307749649	5.0
037321023X	4.0
B008S22KEG	3.0
1573443972	3.0
0765357267	5.0
0984887806	4.0
0557614341	5.0
0020425651	4.0
074344874X	5.0
B00FYW9VHC	1.0
1441481370	3.0
B00FCKGFMU	3.0
1619352532	5.0
1883841178	4.0
B008EMMOYG	4.0
B004TO6EEY	4.0
0439023513	5.0
0345494881	1.0
1414358482	5.0
1466429798	3.0
1442365552	4.0
1489519874	1.0
1481907662	5.0
1416599142	4.0
0316222542	4.0
0062100297	3.0
1461117011	2.0
0425231119	4.0
B00FROU2PW	5.0
0373210221	3.0
0515143480	3.0
1480157228	4.0
0385739141	4.0
B004FPYZLQ	4.0
1484180453	5.0
B009AMB3MI	4.0
0316222534	3.0
0425223558	4.0
0987921738	2.0
0395353238	4.0
1416978933	5.0
045141411X	5.0
1623220157	3.0
0615787975	4.0
0764209779	5.0
0099911701	4.0
0553588451	2.0
B00KC13II8	5.0
1612186017	4.0
1466262192	3.0
B00AMRGX2A	5.0
0385739168	2.0
0983735964	4.0
0373210205	3.0
0062112244	5.0
075536189X	3.0
1585674710	5.0
1481814761	4.0
0764209795	5.0
0545284171	4.0
1470058871	5.0
0553593803	4.0
1556612850	5.0
1414358466	5.0
B004FPYZKM	3.0
B0081VXDZY	3.0
0983266387	4.0
0425212912	3.0
B006ZVW3T4	5.0
1907809007	5.0
1602903786	4.0
0312540825	5.0
1482516489	5.0
B003CYLX9S	5.0
B00946TX4A	4.0
1475906900	3.0
B007RUW1R6	5.0
061574785X	4.0
0441014941	5.0
0061986399	5.0
0802720749	3.0
B008KRX0RK	2.0
0615435459	5.0
B008TSC2E2	4.0
1617740225	5.0
0380727625	5.0
0307913090	5.0
0425220524	3.0
054525132X	5.0
1607377446	5.0
0756407133	5.0
0451230825	5.0
B009LVWN40	4.0
B008UAQPRO	5.0
B00IJL27MQ	4.0
006180259X	1.0
0345531450	2.0
0446603066	5.0
1606840592	4.0
1617520373	4.0
0451229851	5.0
149226038X	5.0
1463717091	5.0
0786273283	5.0
1451571615	3.0
0375728228	4.0
1492927104	3.0
0142421715	3.0
B00295R188	3.0
0825442656	4.0
0451460936	2.0
140221085X	2.0
000727405X	4.0
B007GNOVY0	5.0
098417382X	5.0
0553574701	5.0
B004D9FX88	4.0
0578034077	4.0
B004BA52QW	4.0
006092893X	4.0
077832365X	3.0
0425212955	5.0
1420114840	3.0
B00AFW95SQ	3.0
1481904671	3.0
B005MMNZYE	3.0
0821731629	5.0
1475032722	2.0
1477509402	4.0
0473193132	4.0
0553251643	1.0
0375869751	2.0
0758201524	3.0
1453866655	4.0
B009VSDN42	4.0
B00H5UAEZY	4.0
1492704199	4.0
0547341245	3.0
1484931777	5.0
0316201561	4.0
0778326705	4.0
1938135504	5.0
1481215124	3.0
0547853149	3.0
034547001X	3.0
1616952156	5.0
1611940559	5.0
B00EXFGE6C	5.0
068816689X	5.0
B0073XV1XM	4.0
0765363046	5.0
1484002709	2.0
B005C5YZ86	4.0
0671751174	5.0
0739314009	5.0
0316222496	4.0
B00ACBN29I	4.0
006095616X	5.0
0373210159	3.0
1414361114	5.0
1494214520	5.0
1892520400	4.0
0758201540	4.0
140193501X	5.0
0736909923	3.0
B00BE9WA8G	5.0
147920711X	2.0
0983582904	3.0
0380791366	4.0
0061798940	4.0
1457505215	3.0
0985597100	5.0
B0071MLLGM	2.0
B00BEBZUVI	5.0
0425245829	5.0
1938383567	5.0
1936305208	4.0
0316127191	3.0
0547853157	4.0
0800720741	5.0
1466224657	5.0
B00949P94K	5.0
006075401X	4.0
1250003326	3.0
1616200766	4.0
B0051UAUJ0	3.0
0425230740	5.0
1932841644	4.0
0425208818	4.0
1250030927	1.0
0778313433	3.0
B00BZPJRQW	5.0
0312321333	5.0
0312943601	5.0
1442369167	5.0
0446401846	5.0
B009I3TO4S	3.0
0451223691	5.0
0451412435	5.0
098196480X	3.0
0061765163	5.0
1580176224	5.0
0425263657	1.0
0061957895	4.5
0743417593	5.0
B007LNVZLM	5.0
1477419497	5.0
0515147001	4.0
037380265X	3.0
0007446306	3.0
0805425551	4.0
B008N102ZG	4.0
0765365669	5.0
0062223879	2.0
B009QRJVPI	5.0
1416963839	4.0
148267579X	3.0
1442439459	4.0
0982587309	2.0
B00BB1RF78	4.0
B009YLFHXG	5.0
0451222385	5.0
1492880094	4.0
0425201392	4.0
0544102622	3.0
1250030951	5.0
0373445121	5.0
0099481685	5.0
0976708515	2.0
1491272813	4.0
0062090364	2.0
1434765083	3.0
0061628018	4.5
B00BVOHUC0	3.0
1596912898	3.0
0800734521	3.0
0399153721	4.0
B0083HRISE	4.0
1491201630	3.0
149431598X	5.0
0786032464	5.0
0385394233	5.0
B00ILG76QQ	4.0
0778326780	4.0
0141032235	1.0
1416963812	5.0
0451223659	4.0
0385734379	2.0
B004W9NIOU	2.0
B007YXBOBA	4.0
1481959719	3.0
0441016766	5.0
0062024027	3.0
B00HBI9712	4.0
0984528105	3.0
0989042901	5.0
B00DT85AG4	5.0
1892523531	5.0
1481816489	4.0
006222560X	4.0
B009UN8X66	1.0
0983193819	4.0
1476759529	5.0
0385341768	3.0
0786024860	4.0
1482085925	5.0
0988821958	4.0
0764206702	5.0
B004TO64OE	5.0
0399159010	4.0
1451650884	5.0
B00FDXPUYU	4.0
0307265749	3.0
1463601344	4.0
0061431389	1.0
B007PW339G	2.0
1451650892	1.0
0778325474	3.0
B007M0M8EW	3.0
1612183786	5.0
B00G09WXN2	4.0
097857320X	1.0
0978573218	5.0
0765365650	3.0
1434700577	4.0
B0054TR7GM	5.0
0451222350	4.0
0557037875	3.0
B004QOAZS8	3.0
1493696254	2.0
1434766411	4.0
0988861992	5.0
193656453X	3.0
B00DDNLHBM	4.0
0439795702	5.0
1619215004	5.0
0764206370	5.0
1467931314	5.0
1939450012	5.0
1770670807	4.0
B0040ZNTJK	5.0
1439167176	5.0
0373802021	5.0
0756407923	5.0
0765328666	5.0
0857686356	3.0
0615571603	3.5
0505523973	2.0
0062026518	5.0
0977005046	5.0
0007236360	5.0
1416994084	4.0
031237917X	5.0
0312379188	4.0
0738727326	5.0
0373210752	5.0
B008F70DZM	3.0
B007DZCDAK	1.0
061570445X	5.0
1416991824	5.0
0373445075	1.0
0821773844	4.0
031262168X	5.0
1416963790	5.0
1476763305	5.0
0671691392	3.0
0307341542	5.0
1468170546	4.0
B006QSOP56	4.0
1416538682	5.0
0857205668	3.0
0983768307	1.0
1475116535	3.0
193981622X	4.0
0982946740	5.0
1600614620	5.0
0374349053	4.0
034552750X	4.0
0451220897	5.0
B00DQ3BOLC	4.0
0957325606	5.0
0451166884	5.0
0385730284	5.0
1609288149	4.0
B0040ZNTEK	5.0
1469237164	4.0
B00AQABZXA	4.0
1468097350	4.0
0394839730	5.0
0441020518	4.0
B008GETO0O	5.0
1441758321	5.0
0800719093	5.0
B00B1MGPAK	4.0
B009AMAYS2	4.0
1451606796	4.0
1440475172	4.0
038574224X	1.0
1426710666	4.0
0385730292	5.0
B0080ID326	3.0
0821773836	5.0
0425234355	3.0
1451698062	5.0
1605420832	4.0
1479399531	3.0
0312379145	5.0
B007HBY0VK	4.0
0615809529	5.0
0989539113	4.0
B008IMBGIM	4.0
0425238725	4.0
0756406668	4.0
0987337211	4.0
1479109584	4.0
1592122779	3.0
B0070I9VJ6	5.0
1484016327	5.0
1908192550	3.5
1939450071	4.0
0985717211	4.0
0316055433	2.0
0544114515	4.0
1470124106	3.0
1490416110	4.0
0988723409	4.0
0425192008	4.0
0595003664	5.0
B00H8FCL16	1.0
0345515579	3.0
B007G25V6S	5.0
B00E477CME	5.0
0312609140	2.0
1475076851	4.0
B008HAZR0I	4.0
B00G1DIJI0	4.0
0345515587	3.0
B00958HUN8	5.0
0399142533	5.0
0130325996	5.0
B00CL1H0TA	4.0
1414378572	5.0
0756406684	3.0
0984813225	5.0
B00E5NCK5Q	4.0
0765325543	5.0
1466338342	4.0
B008G5WMBG	5.0
0786022183	3.0
B00GVMSFQM	5.0
0843947489	5.0
0345515595	3.0
0231146361	5.0
1442426705	5.0
0983256853	3.0
0765325551	4.0
0547731140	3.0
1592334407	5.0
B00EVSB3N0	5.0
0786866004	5.0
0800719980	5.0
0988564319	4.0
B00EEKR39I	4.0
B004XT6L8E	3.0
0316153990	4.0
B003K16VDG	4.0
0778329348	4.0
1475084498	5.0
0375501347	5.0
0373211201	3.0
B00H876DYU	3.0
0615802931	5.0
B00AP7VM3W	5.0
0446556823	4.0
0615618820	5.0
1605042943	4.0
0983952450	5.0
1416589430	5.0
1578565235	4.0
1933515252	3.0
0449702146	5.0
0006485944	5.0
B00HWI5OP4	4.0
0439895979	3.0
1477692304	3.0
B007FIQMHU	2.0
B00FVCFDO0	5.0
B004TMB64Y	2.0
1416589422	3.0
0967944414	4.0
B0050PJZLK	4.0
0452283485	4.0
0812968972	3.0
B0079Q0HU6	3.0
B00DGV36BU	4.0
1936564505	4.0
0340953950	4.0
031603326X	3.0
B00E4OH7PO	2.0
0425269841	4.0
147839708X	5.0
1461014522	5.0
193911800X	4.0
B00J8OV1FM	4.0
B00HMUR5QI	4.0
B00GWY51SY	3.0
B0089EI560	4.0
0439405572	5.0
0425149145	5.0
0985722614	4.0
1935961721	4.0
1580115217	3.0
1416589449	4.0
0758267657	4.0
0439405580	5.0
1484915577	3.0
1257814419	4.0
0759681058	4.0
B007N3HEWY	5.0
0553286447	5.0
1475116500	4.0
0965735354	3.0
045146057X	4.0
0983952493	5.0
0451238117	4.0
1936564521	4.0
B008R98TKO	3.0
B0073H86H2	2.0
0985583908	2.0
042526985X	4.0
0765337509	5.0
057809245X	5.0
B00CHRXNEE	4.0
B007AZ2CNQ	3.0
0800719913	5.0
160746408X	4.0
0345353358	5.0
B005IYEWHA	4.0
1616284927	3.0
1466381213	5.0
1416994068	3.0
1416939261	4.0
141698643X	3.0
0615457045	4.0
0373776039	2.0
0312378750	1.0
1481982001	4.0
0345454944	5.0
0061138010	4.0
B008WHEF04	5.0
0545123267	3.0
044101819X	4.0
0061367036	3.0
0441009239	4.0
0764204637	5.0
1484947185	5.0
1483991393	2.0
1483994422	4.0
1477570748	4.0
0451220900	2.0
B00EN6RU5U	4.0
1590808762	4.0
0985370203	5.0
0505524384	3.0
0718158970	5.0
1439180911	5.0
061577072X	4.0
0061138037	3.0
1461026415	4.5
0306820390	1.0
0590442449	5.0
1580052037	4.0
B0086VEHPY	4.0
0765334437	3.0
142348598X	5.0
B00AMHDUMQ	4.0
1426203934	5.0
B00EX9MK0C	5.0
145160680X	4.0
1250005671	4.0
0985023031	4.0
1467900109	4.0
0062015052	5.0
B004TO684A	5.0
1468113054	5.0
1456301152	4.0
1613181280	4.0
0765368676	5.0
0321934946	4.0
B00AVQKI96	5.0
0060788380	5.0
1599952548	5.0
B001CN45MS	4.0
1480222518	4.0
0811733882	5.0
0061990965	5.0
B003X976CA	4.0
0062248472	5.0
0553271369	5.0
1463513267	3.0
1481973975	4.0
1478288892	5.0
0373775571	2.0
0739438069	5.0
006075981X	4.5
1456512315	3.0
1250005655	4.0
B007NK64H8	5.0
0440422620	3.0
0062065246	4.0
1479220213	5.0
0425217035	4.0
0989050807	2.0
1456559818	5.0
1449563570	5.0
0402366174	5.0
0987966405	4.0
1939056012	4.0
061545402X	3.0
0061128643	4.0
1250005647	4.0
0756407052	4.0
0983129797	4.0
B00HFEHOOE	3.5
052595239X	2.0
1612182739	5.0
B00BTNA7HS	3.0
0740797581	3.0
0451412907	5.0
B00AMGBUKQ	5.0
0830711589	5.0
1401685420	3.0
0615604218	3.0
1479382639	5.0
0142408433	5.0
0060821477	5.0
1439171173	3.0
014009766X	4.0
B006OA1W4S	3.0
0399157573	3.0
0060821469	4.0
0373244045	5.0
042518756X	4.0
0425221997	3.0
B00IOVIA4U	5.0
0425264203	4.0
0613173538	5.0
0440226589	3.0
B0065USXZS	2.0
B007SNYV6Q	3.0
0778312461	5.0
0451409396	5.0
0983540330	5.0
0425221903	3.0
B006VXOMKY	3.0
0373445016	4.0
1420121693	5.0
0505526956	4.0
1611090245	5.0
1612173853	4.0
0451461045	3.0
080279534X	3.0
B00C80JZLA	3.0
0373445024	5.0
1596910380	5.0
B00AF2NBZ4	4.0
1608090949	5.0
0786014547	5.0
B00IGKCOCI	5.0
B0042JSLOC	4.0
1401312616	4.0
0310742307	2.0
0983750254	5.0
0375854517	5.0
1451664729	5.0
0751541184	5.0
0425225488	5.0
0312568894	4.0
1611090229	5.0
0061687308	3.0
B004XW2NDI	5.0
0142427551	5.0
148129220X	4.0
B00AQ2ZH1Y	4.0
B00A2W83R8	4.0
1606841734	2.0
0758259255	4.0
0451236432	5.0
B00D7203GE	4.0
147834816X	3.0
0615429084	4.0
0988701200	5.0
031620126X	1.0
1479236659	1.0
0060885432	5.0
B006T88RNE	4.0
149030343X	4.0
B00EXS1XZ6	1.0
0312360614	3.0
0983291268	5.0
0399149104	4.0
0061118443	3.0
0984951822	4.0
0983052840	5.0
1402287615	4.0
0373445059	5.0
0985023066	4.0
0857385178	2.0
1453774025	4.0
0306810123	2.0
B008KM258A	4.0
0615780113	5.0
0800721322	5.0
0060540753	5.0
0451464133	4.0
1611090202	4.0
0061210056	5.0
0310721431	4.0
0758259239	4.0
0786020377	1.0
141655176X	4.0
0142420921	4.0
149428409X	5.0
1482792338	3.0
0061118451	3.0
1250030617	4.0
0312614578	3.0
0800733304	5.0
1452846324	2.0
B0064P9O34	4.0
0451232011	1.0
B00G8UVD66	4.0
B0094XNPPG	4.0
0064401871	5.0
1481044060	4.0
0800721330	5.0
0451234669	5.0
0985555807	3.0
1479352837	5.0
B003K16UNM	4.0
0859530124	5.0
B00IGJ8UU4	5.0
160684170X	4.0
B004WXEVOW	4.0
0451225724	5.0
B006VD56J0	4.0
0373445032	4.0
1442445807	5.0
B009C9C77E	2.0
0375831002	5.0
0781448913	5.0
0986008931	4.0
1416551786	4.0
0061138061	5.0
0373445040	5.0
1475154771	5.0
0373731957	2.0
0743296362	5.0
B007H7QTG8	4.0
1484966341	5.0
000639325X	5.0
0425207617	1.0
006111846X	4.0
1463648979	5.0
0985647701	4.0
0061992763	4.0
0988701243	5.0
1480224332	3.0
0545317010	3.0
0679440569	1.0
B008OBWJCO	5.0
0811706222	3.0
1940559928	4.0
194055991X	4.0
0143143646	1.0
B00E9N6WOM	3.0
1608090205	3.0
1461111587	3.0
0765337495	5.0
B00BAHB2FE	5.0
0525950699	5.0
0765337487	5.0
B006WQM2NE	4.0
1935605887	3.5
1439155054	5.0
0800795792	5.0
1612183123	4.0
0142001740	5.0
0985066318	3.0
B004UHLJNG	4.0
0425201570	5.0
0060751967	4.0
0761148574	4.0
1609282914	4.0
B00427YNV4	5.0
0062048651	5.0
075640343X	4.0
0802405835	4.0
0060567643	5.0
B00D6SCXY4	5.0
0985764341	4.0
1565125622	3.0
1439152802	5.0
0470085525	5.0
0310724392	4.0
0988170116	5.0
0441019633	5.0
141043382X	4.0
0451235843	5.0
0987671782	5.0
1592535240	5.0
0778328783	3.0
B0084HWC70	4.0
1439193312	2.0
0778326128	4.0
1621362760	5.0
1481875515	4.0
0312551371	3.0
0764205145	1.0
0758218583	3.0
B005HR6HTY	5.0
0441019617	4.0
B007J4YRFE	4.0
B002TG4MRK	3.0
1616265949	4.0
1469951312	4.0
0310330971	5.0
B00FQQ1A8Y	5.0
1490341684	4.0
0425205983	4.0
0061958034	4.0
B00HVLQERY	3.0
B0050I686M	4.0
0756406528	5.0
0312624670	4.0
0764206443	4.0
1402267169	4.0
0982705611	2.0
0143142356	5.0
1936564467	4.0
B009XNCNB4	5.0
0786019301	4.0
1494300672	5.0
1402272529	5.0
B005WKGMSC	2.0
1477403787	5.0
1434799409	5.0
1481004719	4.0
B00AYUOCAA	3.0
0764129546	5.0
0425155781	3.0
1416544607	5.0
1439190259	4.0
1482741512	4.0
0615554156	4.0
0547223994	4.0
147924600X	5.0
0764206427	5.0
1402267185	4.0
1466466561	5.0
144235819X	1.0
B006LTB8BE	4.0
0989148912	2.0
1439155038	5.0
1477543856	5.0
0451462491	5.0
0979518245	2.0
0307460185	5.0
045146379X	5.0
0316056634	5.0
1936564475	4.0
0312649916	4.0
B009ZL7INW	4.0
0984988114	5.0
0425225550	4.0
0060924829	4.0
0451239350	5.0
1597896098	5.0
0985241306	3.0
1478297611	3.0
0061783145	4.0
B007OIGW4Y	5.0
1416975608	4.0
0441017029	4.0
1423157370	4.0
1482627825	5.0
0878391584	4.0
0739431234	5.0
0988222507	4.0
042519213X	2.0
0399143793	5.0
0470447583	5.0
147813223X	5.0
0061128856	4.0
0373210027	4.0
B00EW40INE	5.0
B005YGGKBI	3.0
B00BVOQ2Y2	5.0
0061958069	4.0
0849922070	4.5
1620070014	2.0
0061783137	3.0
0345531701	4.0
1402267134	5.0
1470159791	3.0
097718661X	4.5
045123801X	4.0
1935597760	3.5
0801072735	5.0
044024577X	3.0
0756409616	4.0
0451461991	3.0
0061783161	3.0
0062102648	5.0
1450705715	4.0
0345531736	4.0
0981999352	5.0
0434142727	5.0
0452272041	5.0
1416940154	5.0
B0052UV0IO	4.0
146995575X	5.0
1939548039	4.0
0061958050	5.0
0735330387	5.0
B005HMGY0G	1.0
1462046886	5.0
1402260520	3.0
1469984202	5.0
0312994605	4.0
1463516401	3.0
1416940162	4.0
0805091165	3.0
0786034076	1.0
0061958042	4.0
033039780X	5.0
0316076260	5.0
0307716511	3.0
0345451910	5.0
1470047527	5.0
0932790313	1.0
0804139024	5.0
0061783188	4.0
B00A3L6BHM	5.0
0446892521	5.0
1410423611	5.0
1469283174	5.0
1475151802	1.0
0136065902	3.0
1595821031	5.0
0615739229	5.0
1250001315	5.0
192779207X	5.0
B006TJDJKE	3.0
1483927571	4.0
B007MDF8OG	5.0
0380780410	5.0
0152063900	4.0
0451228669	5.0
1438211082	1.0
0330453866	2.0
0061097152	4.0
1416940146	4.0
1453885684	5.0
1936092190	4.0
0062220969	5.0
B006LSTKWO	4.0
B007ZTEW4Y	2.0
B00AYV3CSM	5.0
1467943401	3.0
0425149013	5.0
0312383363	4.0
B009HX98X6	5.0
147758613X	4.0
1475299850	1.0
1466276584	4.0
0061795151	2.0
0615782078	3.0
0452274664	3.0
0345543750	5.0
0615732615	4.0
0811702677	4.0
B00H5WQ1NG	4.0
0385334443	4.0
1416974342	2.0
B00HEU3QVE	3.0
0061783196	5.0
1416520392	4.0
B0073XXP4U	3.0
B00A4157CQ	4.0
0446528056	4.0
145169508X	5.0
0062270486	5.0
1416520384	4.0
1416567356	5.0
1439163480	5.0
1453681795	4.0
0764282239	5.0
B0082CA0Z8	4.0
1401685560	4.0
0892968540	5.0
B007QE7J2A	4.0
0545102448	5.0
B005BFXEPC	4.0
1466476850	4.0
0062074040	5.0
B009KWO32U	5.0
0615724965	4.0
B00B2FOHOC	2.0
B00EV6J75S	1.0
0985188618	4.0
1482509954	4.0
B00HP9ZGI0	5.0
B00A1E8SNG	2.0
0451417054	4.0
0609607529	4.0
0941520021	4.0
0985321008	4.0
0425251063	4.0
0441014739	4.5
1606841688	4.0
1609285972	4.0
1616084677	4.0
1612174191	5.0
1481179160	4.0
0307589978	3.0
B0089LOHAG	3.0
1583457348	5.0
1477406794	5.0
1463721285	5.0
1565129997	5.0
B00688GE7Q	4.0
1606841696	4.0
0982520824	4.0
0425218422	4.0
0984697411	4.0
1402269730	5.0
149218487X	5.0
0373770812	3.0
B00C8X8Q5S	4.0
0991245504	4.0
1451531346	4.0
1479258946	4.0
B00JW1WLLY	4.0
B00BATNQHY	4.0
1461039673	5.0
B005WKCZGA	3.0
B00BSDZOP4	5.0
1594149542	4.0
143470257X	4.0
B006QA73KI	5.0
0973673621	5.0
006178320X	4.0
0312421273	5.0
0425240347	4.0
1927134609	4.0
1597896101	5.0
0671741187	5.0
1426702264	2.0
0439795699	5.0
0981279007	4.0
B006HYLXPE	4.0
1402218176	2.0
0606235035	5.0
1490583378	3.0
1847679269	3.0
0446520950	5.0
0446618756	4.0
097367363X	4.0
0441017800	5.0
1620958813	5.0
B0079OSS2M	4.0
0595440096	5.0
0451236335	4.0
0061731161	4.5
0345278372	5.0
0152063846	5.0
1935661981	5.0
0764222589	4.0
0446618748	4.0
1432734199	5.0
0615778763	4.0
B00987U6OG	4.0
0380724332	3.0
0316507172	1.0
0061731153	5.0
B0030F2SAC	4.0
0671769561	3.0
006085880X	4.0
1600595871	4.0
0425215342	2.0
0151015392	5.0
0061667854	4.0
1579622224	5.0
0547194919	3.0
B005FG1HI8	4.0
1481093789	4.0
1432780026	3.0
0062026488	5.0
1480080012	5.0
0312624697	4.0
054402883X	4.0
0061667846	4.0
B00B6Z6D5Y	4.0
1611098068	4.0
0441017843	3.0
1481093770	4.0
B008X3NCRE	4.0
0688029159	5.0
0312624689	4.0
B00B2M3NSG	4.0
0060577924	5.0
0310440858	5.0
B00DPK9NI2	4.0
1494398095	4.0
031604461X	2.5
0451413520	4.0
048629157X	5.0
B008XLF8SM	4.0
1897562454	3.0
0451238974	3.0
0802120075	1.0
1594746125	5.0
1478197595	3.0
054760842X	5.0
1105779629	5.0
0553592351	5.0
B003ZK53YU	5.0
1589975480	5.0
0060002050	1.0
B00HUUB2WI	5.0
0671578189	5.0
061514716X	5.0
1477808736	5.0
0615651593	3.6666666666666665
0764207814	4.0
B009H6SB68	5.0
1463797303	3.0
0425215385	4.0
0425215393	3.0
1559706589	5.0
0345503678	3.0
0957544375	3.0
B005FA30E8	4.0
034550366X	4.0
097779556X	4.0
1602862567	5.0
0615662234	3.0
1909734039	3.0
148001589X	5.0
0800733428	4.0
0764207822	5.0
0385340222	3.0
1611099390	5.0
B00APRWY9I	4.0
0747598002	5.0
B00DJA5YOU	5.0
0982991363	4.0
1598806602	3.0
055359236X	5.0
1496149203	5.0
B0097HAPDY	2.0
1482320827	5.0
0451214994	3.0
0373877579	5.0
0307461440	5.0
B008G50USS	2.0
0062048686	4.0
B006XGU5L4	3.0
0778314103	3.0
0312323778	5.0
B007PXL3TW	5.0
0345503651	4.0
0062280678	2.0
0786718188	5.0
1934755451	5.0
143916827X	1.0
1250049377	5.0
0778324397	5.0
1478209151	1.0
0060821507	4.0
B006BE4OUG	3.0
1480225541	5.0
0801850975	5.0
B00EFAT458	4.0
0615705804	4.0
B007VQABJ6	4.0
0061667862	4.0
1464200092	5.0
B009CKE9T2	3.0
0345492544	2.0
B0070ATV4E	4.0
006440031X	5.0
0312945744	1.0
1444727338	5.0
0385339151	4.0
0060782366	5.0
B005K7UFVM	4.0
1478190655	3.5
0743212835	5.0
1492886491	2.0
B002KFD0WI	4.0
148397555X	5.0
0451234871	5.0
0345492552	1.0
147764265X	4.0
0957282605	3.0
0061778982	3.0
0615345077	3.0
1492723088	5.0
0545139058	3.0
1439195862	4.0
1482661691	5.0
B00F9ULR1C	4.0
0615484042	5.0
B008YQJEFY	3.0
0984751955	1.0
0595011020	5.0
B004GNFUSO	2.0
0778326489	4.0
1595551999	5.0
031603780X	4.0
1455527831	5.0
1490900322	5.0
B004TO69EE	5.0
B005E8F77Y	5.0
1481896156	5.0
0595447597	3.0
1466375132	3.0
B00440DTPA	3.0
0062048503	4.0
162079277X	4.0
0778326497	5.0
0385339143	4.0
B00ADEJ8WY	2.0
1416576754	4.0
B008MICZ8M	5.0
0140367438	4.0
0310730538	5.0
0743597222	4.0
0451241118	4.0
B0086WCFN4	4.0
B0092J7DVO	5.0
0615832563	5.0
0425263908	5.0
B004QGY35W	4.0
1461195535	4.0
0987214942	3.0
0425269205	3.0
0345467531	4.0
0141339624	5.0
1468063359	5.0
0615486673	3.0
0316068144	5.0
1480144258	4.0
1483940047	5.0
0985009845	3.0
0373266154	3.0
0860685411	5.0
0316001821	5.0
1611943396	5.0
0756407753	3.0
B008AD4KQY	4.0
0385376111	4.0
0425263924	5.0
0316069485	5.0
0739458213	4.0
0553589261	2.0
1612173233	5.0
0425263916	5.0
B0050PJOSY	4.0
0615722091	4.0
B007UJZVI0	4.0
B00B8SAI78	4.0
1481247816	5.0
B00AJM4E2Y	2.0
0778316262	4.0
B0078T6YHY	5.0
0615473350	5.0
0451411374	4.0
045122941X	5.0
1484102630	5.0
1466354267	5.0
1490358803	4.0
149964244X	5.0
076033773X	1.0
0375870415	4.0
0062073575	4.0
1466219661	5.0
0061964409	3.0
0439779863	5.0
1439183813	5.0
1416598146	3.0
1463762070	4.0
0307943232	5.0
0989435113	5.0
B008Y8LJ5A	4.0
0152064087	3.0
B005OR3SFS	5.0
0451229444	3.0
1463584644	4.0
0399140174	2.0
0061935085	5.0
1611735270	5.0
0061964417	3.0
0062064649	2.0
0451461630	4.0
B00CGPLWLI	4.0
0375503781	1.0
B00870FFCS	4.0
B006LWJ75K	4.0
1466211717	4.0
B00BSGKN4S	5.0
0544114396	3.0
1456466119	1.0
1466219688	4.0
B008F447PC	4.0
0061965758	3.0
0451218744	4.0
B00A0C9T5U	3.0
1428511768	3.0
1420125052	5.0
147674355X	5.0
0983887942	4.0
1483984486	4.0
B00JQPGPAE	1.0
0061803677	2.0
061553483X	4.0
0981979602	4.0
044652901X	2.0
078602500X	4.0
0451409914	5.0
0671581910	5.0
0060581859	5.0
0486428699	5.0
156947981X	3.0
0988234807	5.0
0931548624	4.0
0983887918	4.0
0762759704	1.0
1475148755	5.0
B008R54ZWO	5.0
0312977379	5.0
0425230155	5.0
0060581840	5.0
0758253257	3.0
0615801439	5.0
0983887926	3.0
B0055X0CNC	4.0
1933515082	3.0
B001Q8V6MQ	4.0
0671577875	5.0
0425242137	5.0
077832298X	3.0
B00D67DWCW	5.0
1466443723	4.0
1496198212	2.0
0440013712	2.0
B008PD6KNA	5.0
0373210558	5.0
0452264987	5.0
B00EE89HQW	5.0
0757303315	5.0
148954805X	4.0
B00AHRE74G	4.0
B00HPBZS4U	4.0
B00486U5Y8	4.0
1463525435	4.0
1479255912	4.0
006177894X	4.0
B00I2CJCWU	2.0
0768425034	4.0
1442344989	5.0
061585219X	4.0
0988536811	4.0
0062102567	5.0
0446695602	5.0
1938383044	5.0
1492707872	5.0
B005USIO78	5.0
1480088439	4.0
0764205714	5.0
006198843X	4.5
0451412729	5.0
1484903250	3.0
0547345933	4.0
1617521361	5.0
1590305973	4.0
B008QPW5J0	3.0
B006GDWQZ2	4.0
0312575939	5.0
0312575947	5.0
0441019285	4.0
0764205722	4.0
0312379838	4.0
1611090091	4.0
1400104394	1.0
0547345925	4.0
0984824502	5.0
1451679165	5.0
0778324613	4.0
1490406948	5.0
0425209601	4.0
0802755941	5.0
0312575955	4.0
1590583930	5.0
B00AN9ZF5S	5.0
1439187312	4.0
1492101583	5.0
0312111339	1.0
B007GU0Y3A	4.0
0061583073	3.0
0982611935	3.0
159080631X	5.0
0451458990	5.0
1470088223	5.0
B007SYX1KC	5.0
0758210183	2.0
1482050781	2.0
0316098795	5.0
1455121924	4.0
B00A05XOX0	5.0
1478318155	5.0
0967303583	5.0
1479215090	4.0
0756408148	5.0
0778313999	4.0
0380793679	3.0
0764210262	4.0
0805076255	1.0
0142429112	4.0
1927792002	5.0
0425178846	3.0
0786027606	1.0
0778315703	5.0
1455584371	4.0
0307932540	5.0
061548719X	2.0
193973004X	4.0
0312559755	4.0
0842386874	5.0
0060898925	4.0
1451611595	3.0
0060898917	2.0
B00CZF93MY	5.0
0965879402	1.0
1475043740	4.0
0767926439	2.0
B005OC5QXK	5.0
0142418471	5.0
0979962439	5.0
0060898933	3.0
1463623852	5.0
142670237X	4.0
0982344244	3.0
0451239725	5.0
1463690649	4.0
0984125892	5.0
1453899227	4.0
0739439170	5.0
1439172269	4.0
B005JT5EX0	3.0
006087418X	5.0
0373445687	5.0
0425256820	5.0
1466267224	4.0
0606262520	5.0
1451635559	3.0
B000PHWDLW	4.0
0060572965	3.0
1478157178	5.0
B00HA01FWA	4.0
1902881346	4.0
0439783100	4.0
0615493866	4.0
B00907YWNK	2.0
0446500127	2.0
0060572140	3.0
0425197158	5.0
B00BRLB2TE	3.0
1478305681	4.5
0545093120	5.0
B00AU77POC	2.0
0615710042	5.0
B009KUWWD4	3.0
0307718123	5.0
B005MHHAW2	4.0
0983001901	5.0
1610261399	4.0
0887393020	5.0
1416986189	2.0
0956588077	4.0
B0089JSLOQ	4.0
0060188707	2.0
0786016965	4.0
1479370053	3.0
0373278063	1.0
076420310X	5.0
0764203118	5.0
0373794061	4.0
B00HU90KR2	4.0
0312949294	4.0
0545093104	5.0
1595716858	5.0
1481113704	3.0
B008VZ4WUK	4.0
075252920X	2.0
0615770576	5.0
0983135401	4.0
B0070X9XDU	5.0
0778313107	5.0
0764204459	5.0
B00IG9ADUY	4.0
0764203126	5.0
0345523318	3.0
B00B07BEC0	2.0
1469241943	3.0
B0089LODPU	3.0
0446693065	4.0
0545035287	4.0
0679439382	5.0
0307272583	4.0
0800719255	5.0
0988111802	5.0
B00ATHPR7U	4.0
1478395117	3.0
0825442389	4.0
149449082X	1.0
0316098736	4.0
B009YAVVAU	4.0
1612963129	3.0
0800719263	4.5
B00413PIWM	5.0
1420121421	1.0
1416959432	5.0
1484133714	5.0
1457506238	5.0
0263873080	5.0
1480086711	4.0
B004TNIXYY	5.0
0451458923	4.0
0312949251	4.0
0800733533	4.0
0778313131	4.0
0982578911	2.0
0545093147	5.0
0451224639	4.0
1604943440	4.0
B006QZJERI	4.0
0986879800	3.0
0007374755	2.0
1401603327	5.0
B007PKM2AE	4.0
0756405963	5.0
0312964854	5.0
0758225229	2.0
B00AKOIQHU	5.0
0340863684	5.0
1449450792	5.0
0312203063	4.0
0989465004	5.0
0440234808	4.0
B0095MLLT8	3.0
1478163151	4.0
1451620535	5.0
1455503959	5.0
1623220572	4.0
0312278586	5.0
0399151583	4.0
0060874228	5.0
B004GUSHTQ	4.0
B007IVWLNS	5.0
1250024633	4.0
0738713295	4.0
B004WPOHVM	4.0
0743206045	5.0
B0098B0HHI	2.0
031609918X	3.0
0316099198	4.0
1492770183	3.0
0982589468	4.0
0061935123	4.0
1451620527	4.0
0615726585	5.0
0842384936	5.0
B007124QP0	5.0
0842300414	5.0
B00F2675PU	4.0
1467940151	5.0
0373210671	4.0
0765329646	3.0
1482689928	3.0
0615553028	4.0
0356502465	3.0
B00FB0GWRE	4.0
B00DWLBBNY	5.0
1563334984	5.0
0425237796	4.0
B0013MTIZ2	3.0
0982772025	3.0
B00D7HD8QQ	4.0
0515143812	3.0
1606843192	5.0
0385742371	4.0
1423201787	5.0
B007MB5514	5.0
0061236225	4.0
0446563072	4.0
0312973098	5.0
0671726668	5.0
1463632096	2.0
0843948892	5.0
0062242563	5.0
0425213773	3.0
0061935107	5.0
0615841325	3.0
0547745001	4.0
B00CKZQFSY	4.5
B009HCWLHM	4.0
0345526546	5.0
0061662410	3.0
1439253935	5.0
0062059998	4.0
0515146900	4.0
042514223X	5.0
B005MGEO36	4.0
0385298838	5.0
1605041599	4.0
B008UUIGB2	5.0
B0088VHLPK	4.0
1480218944	4.0
B009P4RXRK	4.0
B00843W7EC	5.0
0982589441	2.0
1402214006	2.0
1490533680	5.0
1932695621	3.5
0316069353	5.0
B007ZF9KLI	3.0
0451222725	4.0
0062073427	4.0
0307743926	2.0
0451231678	4.0
B007P0LWSW	4.0
030758836X	3.5
0615772447	3.0
0061147702	4.0
0345803507	3.75
0981769004	4.0
B00JV1EPYG	3.0
0312360401	5.0
1416580948	4.0
1451662351	3.0
1624820328	3.0
0615760457	4.0
0739354574	5.0
0061215325	3.0
0345530608	5.0
1455503983	5.0
B00BEFTQN2	4.0
1930754469	5.0
1556612443	5.0
B00AHW1VW2	3.5
0061962740	3.0
0452285933	4.0
1420108654	2.0
1494794861	5.0
B006ZYGYP0	5.0
B005FIN9YG	5.0
1461174716	3.0
0312667574	2.0
061563964X	5.0
B007E8GZ2S	5.0
144242351X	5.0
B00ESPHK10	4.0
1483987434	3.0
1591858828	5.0
1441861033	4.0
0553071289	4.0
0756406323	4.0
1489539042	5.0
0307446549	4.0
0451238265	4.0
0441019455	5.0
B008N04QYA	5.0
1463606656	5.0
0988191237	2.0
042514352X	5.0
0451229312	2.0
1597899372	5.0
B009XGD2DY	5.0
0316099112	3.0
0451459423	5.0
1461069335	4.0
0307446557	5.0
0425232018	4.0
1595553673	5.0
B0053003F4	3.0
0439888069	5.0
031603777X	4.0
1433681846	5.0
0312981554	4.0
0441018114	3.0
0758246854	4.0
B00GFXNK12	3.0
0441020429	5.0
0385343140	4.0
1451611668	5.0
0062059939	5.0
0547076649	3.0
B005I6B2JE	4.0
0979720214	4.0
B006LEDIIK	4.0
1414334095	3.0
1620291436	5.0
076273566X	5.0
1602606811	5.0
0991379659	4.0
0957309414	4.0
B00CAUH1O6	5.0
0882849948	5.0
0425191060	5.0
1466431687	3.0
B00642CEB6	4.0
0061990817	4.0
0425153789	4.0
0316037761	5.0
0425217299	4.0
0307446530	5.0
B008R2O1FI	5.0
0646582720	3.0
1490973451	5.0
193716540X	3.0
0385730306	3.0
B00H146VT2	4.0
1453691863	4.0
0451219945	4.0
B009V0GQRQ	4.0
0751550213	2.0
0451458125	3.0
0425213765	2.0
0385311575	2.0
1455859184	5.0
0938728156	5.0
B00AVB46K8	3.0
1469955989	4.0
0070563357	2.0
B00DKCQRXE	5.0
B00I5NAXN8	4.0
031612091X	5.0
1401310915	5.0
0985129603	3.0
B008BDBL1A	2.0
0983571708	4.0
B00DYLG32G	4.0
037380217X	5.0
1416564039	5.0
0971629277	1.0
1612182925	4.0
B007MB67UM	3.0
B005XQYUW0	3.0
0547330081	5.0
1612250645	5.0
0062135317	3.0
0062085484	5.0
1620291444	5.0
0553268929	5.0
1935670727	4.0
0786018623	4.0
B005FQN2A4	3.0
0451226259	4.0
0595465501	5.0
061548039X	4.0
0982126123	4.0
0316099171	2.0
1452819432	5.0
0373442556	3.0
B003ZYFBB6	2.0
1466396806	4.0
0312373791	4.0
1481179365	4.0
0310727618	3.0
1616267488	5.0
1619211335	4.0
1451699689	1.0
1460942280	4.0
0786031603	5.0
0142001163	3.0
1582348898	5.0
1499646704	5.0
125710473X	4.0
1616260858	5.0
1612353797	4.0
0446542105	2.0
077832818X	5.0
1494715228	5.0
0451231619	5.0
B0080K3EW8	3.0
0062004042	3.0
0345510976	5.0
B004ZG6R4I	5.0
B00CD70JWW	1.0
B00AX1D3GE	5.0
B00AMGOCHE	2.0
B00B6P911C	5.0
0446675121	5.0
0425256960	3.0
0553343777	4.0
1490423397	5.0
0765356317	4.0
098949120X	5.0
0312651201	4.0
1478172894	5.0
0312641893	4.0
0452298385	5.0
0804108560	3.0
0979607000	5.0
0061458031	5.0
0061733156	4.0
0615577830	3.0
1470019795	5.0
0983031800	5.0
1402268637	4.0
193475563X	3.0
0345533631	5.0
0615765262	4.0
0743238524	4.0
0778312526	5.0
1606841440	3.0
0764202790	5.0
1612351204	4.0
1470044706	3.5
0739439014	5.0
0807101508	5.0
0333631706	3.0
0984799125	5.0
0781403707	5.0
1781593205	5.0
1483922014	4.0
1938383125	4.0
0778312534	5.0
B00DUX3DVM	3.0
0757313728	5.0
157673899X	5.0
B00BPGXF82	4.0
0505527316	4.0
0451216954	4.0
1467981486	4.0
B00B871PNU	3.0
B009NG1VIM	5.0
0061726826	5.0
0615793312	1.0
0736914064	5.0
1889025046	5.0
0061136158	4.0
0373261365	3.0
0061784796	5.0
B00F4KWTHI	4.0
1479372722	4.0
0451464095	4.0
030728090X	4.0
0440912873	5.0
0756408032	3.0
B00BGHSCUG	2.0
B00BB5IPW8	4.0
1494808293	4.0
1477805079	3.0
B00AWGED8W	4.0
0778312550	4.0
0976778866	5.0
006077407X	3.0
0441015832	4.0
B004H1T7MK	3.0
1593107145	5.0
0768440475	4.0
B00CH9GOMA	2.0
1105613968	4.0
0425216071	3.0
1481056557	5.0
0007124015	5.0
1460935136	5.0
0615447899	4.0
B0080SA5S6	3.0
B00HO1NYDS	4.0
1442429607	3.0
0984431128	5.0
0615487076	4.0
B00FYVZPL4	5.0
1250014468	5.0
0061941026	3.0
B00DCEDE6I	3.0
1599790025	2.0
0345533666	3.0
0451226305	4.0
0451459520	3.0
0061136166	4.0
0062004018	4.0
B00B1YM77S	1.0
B00AW1G31W	4.0
B00GK50H66	2.0
1475283334	5.0
1936955105	3.0
1423207858	5.0
1492706388	5.0
B007IP9844	5.0
0982618492	4.0
1477848150	5.0
1463740611	3.0
0393050939	5.0
B0069INV1W	2.0
0764208942	3.0
0615875653	3.0
0316056863	2.0
B003ZUYQE8	4.0
0441015891	4.0
B007EI62I0	5.0
1478338490	4.0
B00ARME0MU	5.0
B004A14RI6	4.0
044640098X	5.0
0062224735	4.0
B007P7ZW6S	5.0
1460971663	4.0
B006151SD6	4.0
B0045OUPNY	5.0
B008J8LSWE	4.0
0557045061	3.0
0446608386	5.0
0451415949	2.0
0316213101	3.0
B001FB52E2	5.0
0060853379	3.0
0778327604	5.0
B009H8B5UA	4.0
B006RD0WAM	5.0
1432793578	4.0
1484933982	4.0
B008WBSWY0	5.0
0425240568	5.0
0987749307	4.0
0316206849	4.0
B00742WT1U	1.0
0007444117	3.0
1414378424	4.0
1428511083	4.0
0547371489	3.0
0547607342	4.0
1492909750	4.0
1496092996	3.0
B001VLXML6	4.0
055358278X	5.0
0373262604	2.0
0451410238	5.0
1615216227	4.0
1612185932	5.0
1477849475	5.0
1491023139	2.0
0141039280	5.0
0061730939	4.0
0156027135	3.0
1414378416	4.0
B0057AOXS8	5.0
0985888210	4.0
0615722172	4.0
0615756395	5.0
B00HSCHK3I	4.0
1470027313	4.0
0615215904	3.0
0007386648	5.0
1618680129	5.0
1595548211	5.0
1401323413	5.0
0505526875	4.0
014241980X	5.0
0671735594	1.0
1495326616	5.0
B00GVKM9NE	4.0
0816050244	4.0
0778323285	5.0
075820681X	2.0
B00CPEFQMG	2.0
0385512295	5.0
1463604815	5.0
B004WSQE9M	3.0
0061728608	5.0
B00C5W86XE	3.5
1414376693	5.0
0345803485	3.5
1572226269	5.0
B0040ZNTKO	5.0
0987261959	4.0
0764204521	5.0
0970493126	5.0
B00563SLRU	5.0
B0069HLDJU	4.0
B009WZH4BW	4.0
014242613X	4.0
B007K3D5IE	4.0
B00C7VZTGU	4.0
0765329573	5.0
0671319728	3.0
1629550019	5.0
B0088P0K8G	4.0
0451225856	5.0
1450241344	5.0
0451411528	5.0
0425207978	2.0
1483919285	4.0
B005FX0KRU	4.0
0345803493	3.75
B009C04FCI	2.0
B00I6DDCRG	5.0
0451232151	3.0
0373294212	4.0
1442359315	1.0
B00EUM9T88	3.0
0615637086	4.0
0394419480	2.0
