0312383304	3.0
0399155945	1.0
1439102767	4.9182140445644835
1611099455	4.0
0615556310	5.0
0316099759	5.0
0743296435	5.0
1594487480	4.0
0374532281	3.0
0062198890	4.0
0988662027	5.0
0345528816	5.0
0061452181	2.0
0743418700	5.0
0143170104	5.0
1611097843	5.0
0263211053	4.0
0316069434	4.589891209402048
1478163143	5.0
0312577206	4.875410648980352
0062060554	5.0
B008LY9AWG	2.0
0452297176	5.0
B0095BV5FO	5.0
0525952527	2.0
0061257079	2.0
0007236360	5.0
034552893X	4.0
1439102740	5.0
0345528840	5.0
0002007770	5.0
0143124544	5.0
0312577214	4.78811682469375
0671042858	5.0
0743554434	5.0
1557996083	5.0
145162803X	5.0
0778324621	4.0
078670246X	1.0
0060172789	3.0
1455520640	5.0
0345515536	4.0
0374224242	4.0
0778313980	4.0
0399143823	5.0
1463509952	3.0
0307718417	5.0
1455512877	3.0
006088732X	4.0
0743281640	3.0
1442349042	5.0
0307987647	5.0
0743597222	4.0
0425266060	2.0
0061784796	4.0
0062248472	4.0
042524413X	5.0
B008LYMHL2	3.9372539939800877
0312364423	4.999999999999999
0312655460	1.0
0345467531	5.0
0385338309	3.0
0385361661	3.0
0316033782	4.0
0316069353	5.0
B00F9W2UQG	5.0
038536315X	1.0
B0095VDEBC	4.0
0547759266	4.0
030758836X	3.222222222222222
0007245823	5.0
B007FEAEW8	4.0
0316069485	4.532703659976387
1492287881	3.0
1451633157	4.0
B0055PMRSS	4.473298033282905
0312428367	3.0
0312554184	1.0
0374281092	4.0
0557941229	5.0
0312952813	4.0
0451231449	5.0
0957091907	5.0
0857521012	3.0
0671776126	5.0
0061573132	4.0
0373774389	4.0
0345533666	4.0
0758229542	5.0
1591142040	4.999999999999999
039915308X	2.0
0446530085	4.0
0399157573	4.0
1470077892	4.0
0964343363	1.0
006085880X	4.0
1477619011	5.0
0061671789	5.0
0307476073	2.0
030726999X	4.0
1594744769	4.0
0060927488	5.0
0399159347	4.0
1470124327	1.0
B0055PMJMW	4.0
0061938343	5.0
0812981340	2.9999999999999996
0307379175	2.0
1932033408	5.0
0446547565	5.0
0312628269	5.0
097939726X	5.0
0849922070	5.0
1442358254	5.0
0345546881	2.9999999999999996
031603438X	5.0
B009XGD6LM	4.0
1612186009	5.0
0312364083	4.742256771529213
0823050572	5.0
0751552615	5.0
0385343140	4.0
0345467507	5.0
0446547573	3.0
0380785315	5.0
111882623X	5.0
1469227894	5.0
144235948X	1.0
0399157700	3.472263868065967
0143170090	4.118245699055004
0446539252	4.0
0316206849	4.0
0345530888	2.0281167108753317
0345460685	4.0
0316220221	4.0
0307267687	3.0
0312599099	5.0
031604461X	3.0
0805421300	3.0000000000000004
0061147931	3.0
0425259854	4.008502963153826
0843961449	3.0
0307749649	3.0
0307718387	5.0
0307346609	4.0
039306123X	5.0
B00B8SAI3M	3.0
0141039280	5.000000000000002
0765307405	4.0
0143144006	5.0
1483995496	5.0
0385322798	4.0
147674355X	5.0
0340920246	2.0
0061711640	3.0
0446677035	2.0
1439102724	5.0
0312594410	3.0
0316210684	5.0
0778313476	3.0
0985777338	5.0
0007386648	5.0
0061690392	1.0
B00CA6YYIQ	2.0
0553586130	3.0000000000000004
0312591829	5.0
0312044194	5.0
0671536818	5.0
0345484274	5.0
1250001315	4.0
0312380755	5.0
0451198514	5.0
0316069515	4.551527994646443
1442365684	5.0
147780885X	3.0
0451419707	1.0
0517580519	1.0
0307700119	2.0
0312426569	4.0
1927675197	4.0
B007LBD71A	1.0
1442362855	5.0
1470180642	5.0
B0048EJZ46	1.0
0312370830	3.0
0810921464	5.0
0345803485	2.0
045141411X	2.0
B003RWS5Q4	1.0
0800732324	4.0
B00DK8L8Z0	3.0
0307273571	4.0
0553586149	3.0000000000000004
1470038358	4.0
1475271093	5.0
0385342063	5.0
014242613X	5.0
0345505719	4.0
1466331445	4.0
1468161660	5.0
0375831002	5.0
0142421375	5.0
0963796844	5.0
159051520X	3.0
034554241X	5.0
1455523038	5.0
0143115626	1.0
0446573051	4.0
0385343833	2.9999999999999996
B00BEK6EJQ	3.0
031609983X	4.0
0312591837	2.9999999999999996
1939065453	1.0
0805090037	1.0
0345528921	5.0
0316069418	5.0
