B00GXV16H6	4.0
0385528701	5.0
0312359314	4.0
0765329743	2.9999999999999996
1936964457	2.9999999999999996
0843958308	5.0
0345515501	4.660053799596502
B00EOER0G0	5.0
034071820X	2.0
039915809X	4.0
0743292510	4.999999999999999
145161747X	5.0
B00G4LJE74	2.0
B008IU9JJW	3.8751311647429176
1938067363	3.0
0425201457	4.0
0743487842	4.0
0446577391	3.8368200836820088
0544319494	5.0
0385480431	3.0
0399256512	4.0
0312360312	5.0
0312359322	5.0
0984369104	2.9999999999999996
0316069434	4.3295677799607075
1935961764	4.0
1469218208	2.0
B007WEYYPY	5.0
0743292502	5.0
0385660065	5.0
0812982142	5.0
B008O58I4S	2.0
B006ZPRRVY	5.0
0399152776	5.0
014305838X	3.0000000000000004
0399158081	1.0
0756407958	4.0
0385517831	4.0
0002007770	5.0
1608090345	3.0000000000000004
0399162577	2.9999999999999996
0099549050	4.0
0195141822	5.0
0312266456	5.0
B004M8RWHA	3.0
0307341542	5.0
0399161481	4.658412235979607
0451412036	3.0
0786020873	4.489106753812637
061572647X	4.0
1402792808	4.0
0385536100	4.999999999999999
1593154828	1.0
0446584703	5.0
0544319486	4.0
B00359FHZ6	3.0
0061926515	2.9999999999999996
B00BN7OVI6	5.0
0307341569	5.0
0786020881	4.0
1439192561	5.0
0765326434	4.0
0399154531	5.0
0142001430	5.0
0143142232	4.0
B00D5765T0	4.0
039914496X	5.0
0425263908	4.0
0399139141	5.0
0452286913	5.0
0385537859	3.5235404896421847
B00I7VVZAI	5.0
0451233964	3.4314928425357873
1468097350	1.0
0440242746	4.0
042524413X	5.0
0553576798	5.0
1475141963	2.9999999999999996
1451640218	4.0
0786891416	3.0
0312534906	2.938002296211251
0399157808	1.0
0451465849	4.615793780687397
0062064835	5.0
0786020415	4.0
1452854343	3.4845580404685834
0385536518	5.0
1475049838	3.0
1480209929	5.0
0307406334	4.0
B007BRZZPA	3.0
0373266154	4.0
0142422037	3.0527497194163864
031621082X	4.0
1492887552	5.0
0399162380	5.0
0312534914	5.0
B008VRADEW	4.0
0312380348	5.0
125000098X	4.0
1601424442	5.0
1590308255	5.0
0312379145	5.000000000000001
1477805761	4.0
0451219244	5.0
1455521248	4.2409909909909915
0778327140	5.0
1479277754	5.0
1477493751	3.0
1934848085	5.0
1494904489	4.0
B005FD1YMU	3.0000000000000004
0385536313	2.0
0316055433	2.9864364981504314
1442369183	5.0
0316734942	4.615754082612873
0440220734	3.0000000000000004
0307749584	4.50122249388753
0786891432	4.999999999999999
0345467795	5.0
0316044776	5.0
0399156925	5.0
0312291272	4.0
0425263916	5.0
1611099765	5.0
0738727113	5.0
B00E1XASLI	4.0
0316009571	1.0
1481160370	4.0
0743486927	5.0
B0087WZAIU	1.0
1440151717	3.0000000000000004
1470018926	1.0
0399142533	4.4578177727784025
0440242738	5.0
073949015X	4.0
0446564079	3.0000000000000004
0007447094	4.0
0727864289	4.0
031234161X	5.0
0553591916	4.0
1451665164	5.0
1456484249	4.0
B009277Q86	1.0
0425141233	5.0
1453806024	4.0
1453885765	5.0
1481916459	3.0000000000000004
1608091015	4.0
0970273517	2.0
0451231740	2.9999999999999996
097587005X	1.0
0099581876	1.0
1439157510	5.0
0451418433	5.0
061547683X	1.0
0307932583	4.0
1456486438	4.0
0553591924	4.772784544309115
0451185196	5.0
B00GGMKQMS	3.0
0307943232	4.7067669172932325
B008S22NMU	3.0
0451221958	4.0
0345497600	4.372654155495979
B009YHLQ5S	4.0
0595314465	5.0
0440106443	4.999999999999999
1439193843	4.0
0375705171	5.0
042522807X	5.0
0316154601	5.0
B00ARITAC4	5.0
006196266X	5.0
0345528204	5.0
0399144994	2.0
0143170090	4.0
0345505085	5.0
B003PJ7BVY	4.0
160819163X	4.0
045123393X	2.9999999999999996
0061537934	5.0
0307588920	4.0
0679771476	4.0
1439192987	1.0
1481846485	4.0
1933515015	4.464392093149201
B004YR149G	4.0
0446195979	4.0
0425126064	4.0
0385344325	4.850623330365095
0345434471	5.0
0399153691	1.0
0553565044	4.0
1455527203	3.418589743589743
0061711640	4.462819089900111
B0094YDMUI	4.0
0451413199	4.0
0595359590	5.0
1847443796	2.9999999999999996
0345449711	2.0
1573221562	3.0000000000000004
0345386213	5.0
0385334338	5.0
0399148930	5.0
1463605005	4.0
0425264394	4.773376159885795
0141399996	5.0
0313364990	1.0
0345514068	4.0
1423487958	4.0
0980037727	1.0
1475148755	5.0
B005PFOIGW	4.0
0553591711	3.0
0965678415	4.0
0440220793	4.999999999999999
0307956350	2.0
0061806935	5.0
0718178122	5.0
0786890738	4.54121151936445
078689072X	4.808903821923561
0399146504	4.0
1490389571	2.0
0312422520	5.0
B00JPEJME2	5.0
0140513280	5.0
0143057286	5.0
0440245621	4.999999999999999
0061711861	5.0
1594034826	4.0
0399164162	4.0
0615719740	5.0
0440221870	2.0
1480587117	4.0
1605983519	4.999999999999999
0470289066	4.0
B009H6XPV4	4.0
B005C50KA8	4.999999999999999
0312611617	4.0
0062021877	4.0
0738735140	4.0
0399164154	5.000000000000001
0557727383	3.0000000000000004
B00AW25C22	1.0
0307595870	5.0
0062021893	4.0
0061097489	4.0
0307717925	5.0
0749083603	4.999999999999999
B00B3DROPW	4.0
0316059862	5.0
1492707872	5.0
0062073168	5.0
0316069418	4.8037291462217855
0316155306	4.0
0399148612	4.306192101413944
0060585617	4.0
0451412729	3.3973509933774837
0307394972	4.0
1490904387	4.0
0399157565	1.0
0385257406	3.0000000000000004
0345476972	4.0
0345538196	4.8041936478569225
0786891297	5.0
0451204891	4.0
B00F70L99O	3.0
0316074330	1.0
0142428469	5.0
B00ATRCPSE	1.0
0446583146	5.0
0345448278	2.9999999999999996
0767915313	5.0
1606350552	5.0
B0017DPWO8	4.0
0060505931	1.0
0312946392	5.0
0385336209	5.0
0983729840	5.0
0061930237	2.9999999999999996
1468184016	3.0
1849087970	5.0
0446538345	5.0
0765326809	2.0
1453887660	4.0
B004M8S7WO	2.0
1612186084	2.0
0062120395	2.0
0545652200	3.0
0307750930	3.9010526315789473
B0064I72LC	1.0
0451225120	4.0
0345476999	4.0
0307750922	4.4053191489361705
044617792X	3.0
0446177938	3.0
044652414X	5.0
1611941318	3.0
0060534044	4.0
0743597923	5.0
1594205159	2.0
1405909781	4.0
B005K94PB6	2.0
0307394956	5.0
0140252827	5.0
B00GD7Y1BS	5.0
B007PVCVFY	5.0
1841766496	5.0
0307473740	3.0
0449001598	4.0
0385338600	5.0
0060731478	4.0
0385336667	4.999999999999999
0316211222	5.0
0316036277	1.0
149212401X	4.0
0399146644	5.0
0061148067	1.0
0399156445	5.0
0061957917	5.0
1480050571	4.0
0446562416	3.876427829698858
0385336675	4.815868263473054
0345505107	4.0
0061015601	5.0
0525953493	5.0
0061013420	1.0
0399146237	3.9972006220839815
0743270363	4.0
B00A0M85KK	3.0000000000000004
0785211578	5.0
0374532915	5.0
B00H4E568Q	5.0
0765365359	2.0
0451205782	5.0
0399159304	3.0000000000000004
0316097497	4.0
0061987328	5.0
1414319703	2.0
0307932540	4.104532839962997
0061656003	2.9999999999999996
1479222631	5.0
1613822480	3.0
0143123548	2.9999999999999996
1476709157	2.0
1493690086	5.0
B005FDDFAE	4.0
1482053837	3.0000000000000004
143915709X	5.0
0440224748	5.0
039915180X	4.0
0062092847	4.0
0316096156	5.0
0312364318	4.0
B004CLYO8W	3.0000000000000004
052595239X	3.0
0375415483	2.9999999999999996
0451163834	4.0
0399157107	5.0
0451462807	4.0
0684855216	4.0
0399156496	3.0000000000000004
1936178141	4.0
0345358759	5.0
0312952813	5.0
1451616805	5.0
0451414098	5.0
1477635513	5.0
0312364326	5.0
1475007671	5.0
0976876078	5.0
031257357X	5.0
0375415475	5.0
0307275000	4.0
0316045187	2.0
0399157336	4.0
0692011218	4.0
0743274997	4.0
1612182747	4.0
0399157573	3.0
1467983101	5.0
0312941919	4.515441959531416
0399147365	5.0
0743579674	5.0
039914868X	3.0000000000000004
1612183646	3.0
0751542245	4.0
0399158022	3.0000000000000004
1930486456	2.9999999999999996
1439157073	5.0
0984856501	3.0000000000000004
0553295772	4.663165791447861
0446547204	4.0
0340840161	3.0
0345458915	3.4659735349716447
B005D75Z8C	5.0
0857208675	5.0
B007N6A4DW	1.0
1401302815	5.0
0380806355	5.0
0877842965	5.0
0375403477	4.0
0786014547	5.0
0375431039	5.0
1930486448	4.0
067157714X	3.0
1414319355	2.0
0312950489	4.564000000000001
0671023217	5.0
B007OWQUTC	4.0
0312377045	3.0000000000000004
0061766143	4.0
0786024941	5.0
0345532023	3.0
076530788X	4.0
0061655961	4.0
0316154075	3.0
0142427799	5.0
0985838280	5.0
0062130358	4.0
0345532031	5.0
0374237131	5.0
0345505751	3.0
0615684343	4.0
147825422X	4.0
0385349580	5.0
0345458931	4.464356435643563
1469241943	3.0
0399159312	3.6933962264150946
0778325563	5.0
1930486464	3.0
0316154067	4.0
1481999079	2.0
0399149104	3.0
0743255402	4.0
0439023483	3.4985148514851483
1476703221	5.0
0425269051	5.0
0452282950	5.0
141658661X	4.0
0451225708	4.0
0553592483	2.0
0060525118	1.0
0399164731	5.0
0312953968	4.0
0451410351	4.0
0345505735	4.0
1447259297	4.483370288248337
0451411668	5.0
B0045OUDT0	3.0000000000000004
0517580519	1.0
0312965966	4.0
B00IB3R5PQ	5.0
0399158294	4.0
0385492510	5.0
B00CKVE6U2	5.0
0312940645	3.0000000000000004
0547237782	5.0
0425132048	4.515441959531416
0446360589	5.0
9814361267	4.0
0385340559	4.503806538289298
0061348171	3.0
161194001X	2.0
0684872870	5.0
B009CI07JK	1.0
0515146048	2.0
0399158286	4.0
0345544293	3.0
0446618241	4.0
0345505719	3.6567992599444956
B004LB4FBE	4.508639308855291
0312323891	2.0
0595434371	5.0
B009C9C77E	5.0
0743453972	4.0
0375831002	5.0
0061143413	2.9999999999999996
1456324608	5.0
0385342500	4.999999999999999
0385340567	3.3536231884057974
0983802920	5.0
0515090204	5.0
0143125311	5.0
0553576801	4.456827309236948
0425252868	3.0
0984725008	3.0000000000000004
0825420164	4.0
1596871369	5.0
0312383304	2.0
0805087745	5.0
030793313X	4.581913364812153
0515106402	5.0
0345447859	5.000000000000001
B005Q0X6C8	2.0
0399151583	4.0
0062003992	5.0
1602860173	5.0
1461114853	4.0
0307943194	5.000000000000001
0061711934	5.0
0743219589	3.0
0449224384	3.0
0452298814	5.0
0743453956	4.0
1612183360	4.0
0399151575	5.0
0312580738	1.0
B007WZML7G	1.0
0385341598	5.0
0345515633	4.65551425030979
0615569617	5.0
0316210919	2.66307541625857
0312291337	4.0
1612183379	5.0
0984817301	1.0
0451414101	5.0
0525953973	4.0
0671023195	5.0
0356502465	5.0
1608090221	4.0
0385351372	5.0
B004CLYEQ4	5.0
0143143662	5.0
0060577657	4.0
0615706770	4.0
1455501514	4.0
0143144510	1.0
0802119921	2.0
0446533424	2.0
1455521175	4.643257151505979
0399147071	5.0
0061031542	4.0
0553297090	4.0
0143144529	5.0
0330450972	3.4845580404685834
0316058858	5.0
1612183352	4.0
0595430805	5.0
0399140433	3.0
0671026682	2.9999999999999996
B007GFGR36	1.0
159240409X	4.0
1250034485	4.0
0345526546	4.0
1455550957	3.1824196597353493
0140231994	5.0
1442349042	2.0
1608090485	2.0
0399156836	4.0
B00G2GMRCU	4.0
0399155988	4.0
0060556935	4.0
0451163494	4.0
0984452605	5.0
0399152474	4.0
1623650925	2.0
1864711345	4.0
044024370X	3.0
0989038009	2.0
1440181209	4.0
0385323719	3.0
B004XJ6Y1S	1.0
0446616907	4.0
141659518X	4.7705274605764
0970504950	4.0
0312625510	5.0
1439181799	1.0
0312347480	4.5133819951338205
038536315X	4.0
0446531081	3.4845580404685834
0307743926	5.0
1439156336	2.0
030758836X	3.5323955669224216
0345528506	2.855409504550051
0316159778	3.0
0312611579	2.9999999999999996
1608090264	4.01418439716312
B00DFIE80W	4.74639175257732
0345447832	5.0
1401302467	4.0
1456487612	4.0
1416595163	4.068432671081678
B00EHMG35I	5.0
1478295856	4.0
1451606699	5.0
0451211634	3.4845580404685834
B001D69R0O	5.0
B008CPQG9O	4.0
1468006002	5.0
0060562366	2.0
0399162496	2.0
1611944112	4.0
0060564784	5.0
043902353X	4.47459584295612
0778329437	5.0
0345527682	3.0
0060739681	4.0
B003UBTWDM	3.0000000000000004
0060556943	4.0
B00C5TOQ7M	4.0
1493560336	2.953488372093023
074326875X	5.0
0345515463	5.0
B00BPB38DY	2.0
0451413431	4.319747013352074
0399154213	2.0
0307749436	4.772696704774714
030797071X	5.0
1479168653	4.0
030726999X	5.0
1760080934	5.0
0099443635	5.0
044022179X	5.0
0399143793	4.514075887392901
1439194823	2.9999999999999996
1482926474	4.49554367201426
0984723536	2.0
0446580848	2.9999999999999996
1469248387	3.0
146111196X	5.0
1416592962	5.0
0515131679	5.0
0615426468	4.0
0440122147	1.0
9749375084	5.0
B0064H8NE8	1.0
074343675X	3.0000000000000004
0984723528	4.0
0385535511	4.999999999999999
0785242708	5.0
0804165742	4.4762826718296225
0380780445	3.0000000000000004
1613820259	1.0
0399158804	5.0
0896896110	4.0
0399141383	5.0
0758210698	1.0
1495300978	2.0
B00AR2CGLC	4.0
0143057588	5.0
B00FFIYD46	5.0
0399157700	4.0
0843960124	3.0000000000000004
0451239377	5.0
0451180410	5.0
0743292499	5.0
0452297540	4.0
0142417181	5.0
034551548X	4.531893004115226
030726646X	5.0
0340770066	5.0
031026622X	4.0
1480170402	4.0
0451228480	5.0
0316199869	2.0
0843961449	5.0
0099453452	4.0
0425191060	5.0
0307749649	4.622626838592626
1611098998	5.0
0679759263	4.0
0446573094	3.6537043245055316
B001V9KG4E	3.0000000000000004
0143143832	5.0
1469984202	5.0
0345531965	4.0
1608090299	4.0
0451239385	4.0
0345539451	4.0
075481761X	5.0
0062262300	4.0
0446527165	4.0
0505526069	4.0
0439023513	4.024825446082234
B00EHMFBLA	4.0
0446564311	1.0
0615777759	5.0
0316154741	4.585868498527969
B0083ZQRP6	5.0
0425155722	4.0
0446579807	5.0
B005CRQ4U6	1.0
1494887320	5.0
0812966678	5.0
1453640487	5.0
0060530383	5.0
0399148817	5.0
1475231407	3.0000000000000004
0470585897	4.0
0974590045	5.0
B008EXNMZA	3.0
0743436733	5.0
0312955006	4.5346153846153845
B00A6ICOWS	4.0
0615803733	4.0
0553578693	5.0
0316069515	4.43172268907563
039915423X	5.0
014242059X	4.0
0786031824	5.0
0843960531	5.0
160809006X	4.0
193514202X	2.9999999999999996
0399134654	5.0
0451180429	5.0
0312379080	5.0
034553946X	5.0
1616951907	4.999999999999999
0395353238	5.0
0451206460	5.0
0553578685	2.9999999999999996
0316198730	3.5225806451612898
146626568X	4.0
045141411X	5.0
0143035355	4.0
0345491599	4.0
1940026032	5.0
0330419668	4.0
1477849823	4.0
1454703539	5.0
074327041X	5.0
0156004801	2.0
034548133X	5.0
0873589238	5.0
0307387828	4.0
0062072188	4.0
0441020011	5.0
1455515558	1.0
1933515171	3.94919168591224
0804108536	4.0
1612184073	5.0
0425152898	5.0
0525953086	3.639494026704147
1482719436	4.0
0446573051	4.61021005051848
0553287400	4.0
1611062306	5.000000000000001
148027772X	5.0
1940026016	5.0
1626361657	1.0
0553763245	4.999999999999999
B00A0B7NQI	2.0
0451232704	3.969001148105625
0316002895	5.0
0345475526	5.0
1906694400	5.0
0399156119	2.0
0399149821	4.0
0393061434	5.0
0399157689	5.0
B00A1SCEQY	4.0
0446576972	4.0
0394560620	4.0
1444756451	2.0
B004P1IXQ8	3.0
B00BPD0A8S	2.0
0806527285	3.0
1484989953	5.0
0975363506	5.0
0375405380	5.0
1480086886	4.0
0374281947	5.0
0547744986	4.0
1611097843	3.0
0615448755	1.0
B00CLFCP14	5.0
146629471X	1.0
0399148728	5.0
0312323921	4.0
0812978447	5.0
B00BJW6AIE	4.0
0983213836	5.0
0316693200	5.0
0060185716	5.0
1439153663	5.0
0857386999	4.0
0394559894	3.0
0451230825	5.0
B00A4R8JOI	4.0
148020725X	5.0
0743294270	2.9999999999999996
0393064921	5.0
0399155007	5.0
0743271157	2.9999999999999996
0446519960	5.0
0399157662	3.958393113342898
0143124544	5.0
B007AE2RDW	4.999999999999999
1841761915	5.0
1439165645	1.0
0451239407	4.0
0399159843	4.0
1595540075	3.0
1612186173	5.0
0316117366	5.0
0446578703	4.0
0446573019	4.42380800679622
1416569545	4.0
0979362903	4.0
1593155484	4.0
0399157654	4.0
0842353607	5.0
0316166316	4.493397358943577
1908824166	4.0
1469215950	4.0
0374184232	5.0
0451239415	3.0
0449224813	4.0
0595486088	4.0
0399165274	5.0
0307474933	4.0
145288126X	5.0
B007IBUSUQ	4.0
0307395987	5.0
0060563907	5.0
0316018953	5.0
0985159022	1.0
0425135020	1.0
0816526672	5.0
0061015733	4.0
0984377204	5.0
1612181554	5.0
0007107927	4.0
0399900578	5.0
0981279007	3.0000000000000004
0446359637	4.0
1466315946	5.0
1409114430	1.0
1455839957	5.000000000000001
055356160X	3.0
1612187099	4.021198830409356
1477809449	2.0
1442367318	5.0
0446520950	3.499394673123486
1416591001	4.0
0345528085	3.0
1416585834	5.0
0595440096	3.0
B0061QMQLS	4.0
0312938640	4.0
0615606997	5.0
1612187064	4.5
0375500863	1.0
0345533666	5.0
0399148744	5.0
0399155279	4.0
0553584375	4.0
0984789383	1.0
0399157697	5.0
0312554168	4.0
0452295297	5.0
0316018708	5.0
039915986X	5.0
0312283423	5.0
1480263184	4.0
0061731153	5.0
0446358576	4.0
1416572783	5.0
0060281359	5.0
1416550518	5.0
0971249180	1.0
0002242052	4.0
073946289X	5.0
0312939590	4.0
1416585850	5.0
1442369167	3.0
0399160450	4.0
0071779841	4.0
0671047337	4.0
1477808701	4.0
B007A577SQ	3.09841827768014
039914613X	2.0
0385524072	5.0
0553588079	5.0
0316603570	4.0
0312364083	3.0
0553588087	4.472195121951219
B007AR2ITW	2.0
1480504246	5.0
1442346272	5.0
B0087308ZY	5.0
0786020466	2.0
0316097519	4.005528680027644
1611098068	5.0
0316206849	2.0
0399160671	5.0
0449224406	3.0
0825610982	4.0
B008DVVLYW	4.127129206481097
0979518202	5.0
0446525774	3.5278048780487805
0451412656	4.0
0345534557	2.9999999999999996
0060530413	5.0
085720307X	5.0
0312366280	5.0
0141039280	4.0
0679767789	5.0
0312625529	5.0
1475079370	5.0
0896892697	3.0000000000000004
1467982733	5.0
0099525259	3.394475920679887
0399137424	4.515441959531416
0451415930	5.0
055389787X	4.0
1449512925	5.0
0451410467	5.0
0061876895	5.0
1468035274	5.0
0307985989	2.0
0739315501	5.0
0312389566	4.449414270500532
B00EB0GTMI	5.0
1491201630	4.0
B00B3VX4ZI	5.0
0452297095	4.0
0007386648	5.0
1497324475	5.0
068485628X	4.530120481927711
B004ZUT15G	2.9999999999999996
146759542X	4.0
0425194809	5.0
0557299349	5.0
0316152196	5.0
1482757443	3.0000000000000004
147780871X	3.0
1439158487	2.0
0743271181	1.0
1607146290	5.0
0848802780	4.0
0446572985	4.624668183541905
0099453193	3.0
1482735245	4.0
B00BNPM8YC	1.0
0399157077	5.0
1612183573	4.0
1463604815	5.0
0988518988	2.0
0061827010	4.0
0330517783	4.029580936729663
140006788X	4.0
038533947X	3.5017751479289942
0316018775	4.510893246187364
0345803485	3.0
1480211168	4.0
0980017106	3.0
0399147268	4.12074074074074
0553584529	5.0
1611099358	5.0
1468002171	5.0
031261201X	4.0
0375433392	4.585688073394495
085720873X	4.048375451263538
1934848476	5.0
1455839906	2.9999999999999996
0385337272	4.0
0399160477	4.0
1612183786	2.4558823529411766
0615639496	2.5188141391106043
0671047310	5.0
0385339453	4.0
1455820067	5.0
0399150439	5.0
0307960498	5.0
0553584537	5.0
0399153934	1.0
0143113445	5.0
0786021365	2.0
1612184405	3.0
1463534922	5.0
0007303017	5.0
0446539740	4.484558040468584
1442361867	4.30537084398977
0985621214	3.0000000000000004
0345803493	3.0
1477822801	3.0617678381256654
0786012668	5.0
0446353957	3.5040983606557377
1442359315	3.0
0060738871	5.0
0525954600	5.0
0505527995	5.0
0070362408	5.0
1442366087	5.0
0786032251	3.0000000000000004
