1598163574	5.0
B00K9V6IF6	5.0
1602728712	5.0
042523522X	4.0
0425241912	5.0
1455548987	4.666666666666667
0425237893	5.0
B007TXFIC6	5.0
0062023004	5.0
1614953716	3.0
0985817089	5.0
B00D97NXWS	3.0
B00J1WU41S	4.0
1482596709	3.0
1615818987	5.0
0452297605	5.0
0425224570	5.0
B00JCYUS4I	4.0
0373210302	5.0
1484924886	5.0
B00B6LRUOG	1.0
B006C9VHG4	5.0
0615911684	3.5
B0044XUYWS	5.0
149353985X	5.0
0062023012	5.0
B00KMJM6VK	5.0
1484018516	2.0
1456493124	4.0
0987726242	5.0
0425250865	5.0
0307949613	3.0
0060837381	4.0
0615669107	4.0
0425241920	5.0
1490970444	4.0
1937909255	5.0
1492141372	5.0
0373885695	4.0
0985817097	3.0
0373622449	4.0
0425240606	4.0
1608201171	5.0
B00F007WI8	4.0
148390329X	5.0
037543318X	4.0
0425259226	4.0
1466437715	5.0
1482708612	3.0
0446576085	4.0
B00CP8MUQC	4.0
1402294484	4.0
1499661835	5.0
193519223X	3.6666666666666665
B00B3OEWK6	4.0
1477473971	5.0
B00IMSRUPA	4.0
1611183804	5.0
1934531553	5.0
0987726218	5.0
1598162217	5.0
1493755544	4.333333333333333
B009QFC756	5.0
0061257095	5.0
1490523103	3.0
0451233794	5.0
1847288650	5.0
1492133779	4.0
1623808944	5.0
B00ICNBDP8	4.0
0765349132	4.0
1494957612	4.0
B00I36DKA0	4.0
098577990X	3.0
1594267138	4.0
B00GL6FUMU	1.0
B00J44T4YQ	3.0
0425258793	5.0
0425256138	5.0
1613727119	4.0
0316122386	5.0
1419965433	4.0
B00GLOJ58W	4.0
0553444719	4.0
B00C8AUHVW	3.0
1452110700	5.0
0345525345	5.0
0373778287	3.3333333333333335
0988206978	5.0
1479359084	3.0
1439154287	5.0
0061985945	4.0
1934129127	5.0
B00AMVNLIU	5.0
1449085075	5.0
1493632639	4.0
0451415507	5.0
B00E42TZQ0	3.0
B00FY54N4U	5.0
1495960234	2.0
1940883172	5.0
1451657900	5.0
0615488617	4.0
1480209929	4.0
1471605639	5.0
0062127667	5.0
B001CNR8KO	5.0
0615922376	5.0
0062224840	4.0
B00A73QHFW	5.0
0316097713	4.0
B00I7D06Z6	4.0
0061245097	5.0
061579615X	5.0
0670022799	4.0
0988893126	4.0
0451465873	5.0
1493547496	5.0
B00GBLQMEA	5.0
1490440224	5.0
0425235211	5.0
0988812517	5.0
0987726277	4.0
B00EQ7PK7Q	5.0
B00F8P3A36	5.0
B00FJGGIF6	4.0
B00HP3Q4XM	4.0
B007VDMOY4	3.0
0307406105	3.0
0615806023	4.0
1439178232	3.0
1494244381	5.0
0425241904	5.0
B004P1JN0S	5.0
1599903946	5.0
B009W3QEHO	5.0
1608204235	5.0
1934166987	5.0
0061245089	5.0
1494853884	5.0
0615669166	4.0
0615867855	3.0
1613727135	5.0
0373778295	2.0
B00FLXIXVE	5.0
1940883148	5.0
B00B86NOEY	3.0
1423111451	4.0
0955988004	5.0
1466216360	5.0
148261376X	5.0
1478209518	5.0
0425233456	5.0
0615796982	4.0
0821766252	4.0
B00I2CPY4U	5.0
B00HQM8X68	4.0
1932300228	5.0
0957540418	5.0
0743291026	5.0
1615812806	5.0
B00I64D4QO	4.0
B00IPDVGJ8	3.0
034552537X	5.0
0062267906	4.0
B00EJRMCPG	5.0
1493676237	5.0
142154346X	5.0
B003IGDDFM	5.0
0440246520	4.0
1421543478	5.0
146109111X	3.0
B00J4S6YWC	5.0
1492110221	2.0
B00CJJWSWI	3.0
1937007820	4.5
1609289021	5.0
1626490791	4.0
0451231996	5.0
B00G8UF0JM	5.0
1250011043	4.0
0440246512	4.0
B00DSOY4RA	4.0
1484070291	5.0
1569709165	5.0
1938623533	3.0
145647796X	5.0
0030574862	5.0
B00IFH4NI0	5.0
B00GXUXOG8	4.666666666666667
0452298997	5.0
B00GXUXOFO	4.0
0061997102	5.0
0062237241	4.0
1938593103	5.0
1466429267	4.0
B00I6BQZFE	5.0
B00FHHX6T8	5.0
1490964630	5.0
B00942EA8S	5.0
0440214920	5.0
1492933171	5.0
0985804602	4.0
1494344548	2.0
B00DDHE1H0	5.0
B00IVC0DE2	4.0
0743435338	5.0
B00CRMATNW	4.0
1484952987	5.0
1492248258	5.0
1490572082	5.0
1569709106	5.0
1495379957	4.0
B00J4XQSFK	5.0
B00DLATS18	5.0
B00938YEES	4.0
B002HE1GS2	4.0
1493530682	4.0
1469252317	4.0
1479156345	5.0
1623806313	5.0
1937551520	5.0
006207203X	5.0
B00AIVXGXE	5.0
0425233421	5.0
1494375796	5.0
B00INIMKKO	3.0
1937551539	4.0
B00AAZOMBI	4.5
B00GQAEUEK	4.0
0143120433	5.0
B00JD0GCOG	5.0
0425245403	4.0
0425263290	5.0
B00IRRNJYC	4.0
1605046078	4.5
B00KB5P1BM	5.0
1483939219	5.0
B00CKHW04A	5.0
0985804629	4.0
B00588SO7U	5.0
1476752214	5.0
1938639081	1.0
0316094609	4.0
0984880488	4.0
0425245411	5.0
1496123727	4.0
B00GSXTFFY	5.0
0451419944	4.0
061858532X	4.0
0595097081	5.0
B00HL1P4DO	5.0
1591332397	5.0
0615803830	2.5
0373131836	5.0
1934129186	5.0
0373510187	3.0
0373885628	5.0
B00G0ZMWOG	4.0
0957540426	5.0
B006SLZA3M	4.0
1781082332	3.0
B00EQWVPXO	3.0
B004YLO0FC	2.0
B00CZ8MCG0	5.0
B00COXCJP0	4.0
B00GY34GUM	4.0
0758206291	5.0
1934129194	5.0
B005ZKJ8NA	3.0
1615819428	5.0
B009VSVWHW	5.0
B009SGX2H0	5.0
B00CCKE052	5.0
0062272543	5.0
B00G1J1EN6	4.0
0062273876	5.0
B00BQ3BVKI	5.0
0451237331	4.0
042525139X	5.0
1940041082	5.0
0380803240	3.0
1479149187	5.0
1602729255	5.0
B00H7Q6GCQ	4.0
B007P7HX4M	5.0
1451684754	4.0
1440565597	5.0
0758284616	5.0
0615424686	4.0
1490559175	4.0
0061957933	5.0
1470107163	2.0
1476709351	4.0
B00FPRP6XY	2.0
B00ANG3YPO	4.0
B00H707SG0	4.0
0756400864	5.0
042524377X	4.0
0425243788	5.0
B00CQUW9YC	2.0
1602729247	5.0
0553593145	4.0
1478248262	4.0
0345508874	5.0
1466211431	4.0
0505526581	4.0
1492852937	5.0
0778315916	5.0
0300107897	5.0
1250003482	4.0
B00LKJMA8A	5.0
0545284120	3.0
B00D5YWZFQ	5.0
0425241130	5.0
1477817158	3.0
0451469402	5.0
0984502203	5.0
B007G0Z714	5.0
B00BCMK80M	4.0
1607376202	4.0
1451512716	5.0
B0035ROVSM	3.0
0425243796	5.0
1492888095	5.0
B00E254X8O	4.0
B00GIXEKIQ	4.0
0615803873	4.0
006227256X	4.0
1490962050	5.0
1493609475	5.0
0425255778	3.5
1569709211	4.0
0061957917	5.0
B00IQKDCHY	5.0
B008R9U308	2.0
B008KUCDDY	5.0
B00HZ46GS4	4.5
0758295316	5.0
045123734X	4.0
0425241149	5.0
1615814612	5.0
1569700877	5.0
0425258807	5.0
B00J4B0THU	4.0
0515124648	4.0
0385311397	4.0
1615815945	5.0
1936695480	5.0
1475191332	5.0
034550884X	4.0
0062235591	4.0
B00C44PW5I	5.0
1615819487	5.0
B00HY09X52	3.0
0758210353	2.0
1480257621	4.0
B00570MHZ4	4.0
1490946810	2.3333333333333335
B00B93AMHI	3.0
1476712980	4.857142857142857
1469926903	5.0
B005JKMWRU	4.0
0547248040	1.0
B008IL48BK	3.0
B00K3WXIFE	5.0
0615839878	4.0
0451227972	5.0
0345519477	3.0
0451465067	5.0
B00JOW4AEM	5.0
0515149985	5.0
1494378787	4.0
1495978419	5.0
1476735603	4.0
1603700269	5.0
0316074144	5.0
B0092GJGGC	5.0
0062294776	4.75
0440246555	4.0
0425251381	5.0
147675652X	4.5
1493569724	4.0
0399157107	4.0
1250035910	3.0
0452297591	4.0
0615840841	4.0
0849920698	4.0
1627980784	5.0
1603703330	5.0
142012126X	4.0
0062292129	4.5
0142406252	5.0
1482518325	2.0
1491087463	4.0
0062294784	5.0
B0035ROVOG	5.0
1476756546	5.0
B00BPD59Y8	3.0
B009QJMUUE	4.0
B0096421XU	5.0
147670936X	5.0
0758281528	5.0
B00ANG3YN6	5.0
0425251373	5.0
1492338141	5.0
1423171020	5.0
1442419954	5.0
1938857402	5.0
0595276733	5.0
0440246539	5.0
1476752192	5.0
142781824X	5.0
0425243761	5.0
1492784184	3.0
B00IF4MD08	5.0
B00IB1I7BO	5.0
0425251322	5.0
B007PZ9G2Q	4.0
1478212241	5.0
B00GKBHJIO	4.0
1936185741	4.0
0615757375	5.0
1623802792	4.5
0062290363	5.0
B00DW9PVTG	5.0
B0051HEXZA	4.0
1432771671	4.0
1495925927	3.0
B00DG9L4B6	5.0
0425251314	5.0
1461099889	4.0
1480066095	4.0
1481870912	5.0
0738721638	5.0
073872162X	4.0
B00B35DKKS	5.0
1453875042	5.0
1599987619	5.0
0425240673	4.0
0062078119	5.0
0425265951	5.0
148231312X	5.0
0312540094	5.0
0984990178	4.0
B00I48KN16	4.0
0615585736	4.0
B00ILILD1S	5.0
1452664943	3.5
1491243570	5.0
B005IYZG3E	5.0
0425255700	4.0
1569708754	4.0
0778315991	4.0
0307464873	5.0
1613727186	5.0
B00HPMD68O	5.0
B00KPIDRW0	1.0
0312674627	4.0
1482706830	5.0
0425251349	5.0
B00HUNPHYE	4.0
B003TLMIOI	4.0
1466427507	5.0
B00E1VUCDY	2.0
042526596X	5.0
B004AM59T6	4.0
0547271204	2.0
0425215679	3.0
B00CM1ZMYY	5.0
1610053095	5.0
0425251330	5.0
045146589X	5.0
B00HDMMF56	5.0
1492720194	5.0
0982073526	5.0
0062128051	5.0
0765342464	4.0
006079156X	5.0
B00BLWB5SC	2.0
0595273610	5.0
0062267159	3.0
B00DIRZ0CK	4.0
1491200421	4.0
B00IIEGFOU	5.0
1596325127	5.0
0451466306	5.0
1478121831	5.0
1494788373	4.0
162878007X	5.0
1475061323	5.0
B00GJBV6MA	5.0
B00E63ML0O	5.0
0316043877	5.0
B004RQD43S	5.0
B00FJOKMEQ	5.0
1467913006	5.0
1452664935	4.0
B00CBXBI4G	4.0
1491006919	4.333333333333333
1470180642	5.0
0062289357	4.0
1492863602	5.0
0765309890	5.0
B00HCNCJ7K	4.0
0451235517	5.0
B00GKKU1NU	4.0
0440423562	5.0
1492306509	5.0
1628780096	5.0
B00JTIZW7U	4.0
0756401356	3.0
B00IQVDSYK	2.0
1938857461	5.0
B00H5XAQOU	4.0
1492812080	5.0
1615810293	4.5
0062078178	5.0
0615359116	5.0
1595548548	4.0
0758269005	4.0
0451235525	5.0
0440211077	5.0
1490490639	4.0
0451232496	4.0
1936185725	4.0
B004ZZH42S	5.0
0425251306	5.0
B00DF3SCEA	4.0
1608200728	5.0
0142180351	5.0
B00H5GMYBA	4.0
B004OEIRNA	4.0
B00A73HWJC	5.0
B00JZO5CFK	5.0
B00EFB7Y90	4.0
B00814K01Q	5.0
B00ESV1OKW	5.0
B002CVTX5I	5.0
B00CTLAF62	4.0
0545328136	4.5
B00GFC89XC	3.0
0670023264	4.0
074990917X	4.0
1781165998	5.0
B00IWIX7NY	5.0
B00EKX6HZU	4.0
0425227723	5.0
B003P9X6HC	4.0
0345533062	3.0
B00AMCW3NI	4.0
1475095651	4.0
0446556556	5.0
0988204223	5.0
0307351459	2.0
0062069128	4.0
0062063820	4.0
B00IPR1Z2M	5.0
1475057385	4.0
0525951555	3.0
0606106766	4.0
1936413213	4.0
0307275825	5.0
B00C4BA64I	5.0
0807022071	4.0
B00BMTQNQ8	3.0
1611880637	4.0
B00G88MQQY	5.0
B00IZFD3PQ	5.0
B00GNRGP2G	5.0
0062069144	5.0
1620612917	5.0
1481136194	4.0
B00BK50QYY	4.0
0741430746	5.0
B00BECGBA6	5.0
0515147184	5.0
B00CWFAQJQ	4.5
0615964079	4.0
1481280767	4.0
1495998908	5.0
1608206734	5.0
0989037347	5.0
0758288875	3.0
1843102064	2.0
0991054261	5.0
B00AND5YIM	3.0
1609280784	4.0
149429169X	3.0
B00LP3ULFU	5.0
1495281078	5.0
148238745X	5.0
0345545087	3.0
0615822886	2.0
1490329560	4.0
1492121606	5.0
1934166839	5.0
0983706352	4.0
156970905X	5.0
B00GBIYX8A	5.0
1500105503	4.0
0345545079	3.0
B00CQ6P9OI	5.0
0991841174	5.0
B00FB2APCK	5.0
140227033X	5.0
B008JYK7FC	4.0
1934166847	5.0
161188067X	5.0
B00C0QEKK8	5.0
B00JX3SJ1W	5.0
0738709840	5.0
B0083X8468	4.0
0375866930	4.0
B00CQ808TW	4.0
147760796X	4.0
B003XREY40	3.0
B007QERCAO	4.0
042522774X	4.0
0989668401	3.5
B00AGFRFYI	3.0
1492259667	3.0
1484007735	4.0
148023964X	5.0
B00BEJCW9I	4.0
B00FO6WOZY	3.0
1489521534	4.666666666666667
0988225115	4.0
1569709084	5.0
1494224887	5.0
0615741932	4.75
047061451X	5.0
1938215001	4.0
1569701113	3.0
1483966763	5.0
1442488697	3.5
B00FAFJU8S	4.5
1478155302	4.0
0425262952	5.0
B00LLWDUDK	4.5
1623801389	5.0
B0090RV3JG	4.0
1936393948	4.0
0425261611	5.0
0345456319	5.0
B00DDZ6OKY	4.0
1569709092	3.0
0345548124	4.0
1603818464	5.0
1612185339	5.0
1493751263	4.0
B005RXVMO8	4.0
1600090303	3.0
B00JU93M6Q	5.0
098966841X	4.0
B0039PH73Q	5.0
0441016154	4.0
1499128789	5.0
B004OR1GTY	5.0
1451607792	5.0
B00EV61K26	1.0
1936413272	4.0
1482685302	5.0
0441008534	5.0
193556000X	5.0
0007101112	5.0
B00BMU99HM	3.0
1456527738	3.0
0451228219	4.0
0615766412	5.0
1482063557	3.0
0425258874	5.0
1483940993	2.5
1490542353	4.0
B008QYC1KE	4.0
B00JDYC5OI	5.0
1495307352	4.8
0615749089	5.0
1934129062	5.0
B00EMZQ5GC	5.0
1492144371	4.0
B0089P7G14	4.0
1420118617	5.0
0425258866	5.0
B009YLMK9A	4.0
B0037Z6K6S	5.0
0983712204	1.0
B00CEHHWW6	5.0
1402270305	5.0
1613722133	4.0
B00D6Z5M54	4.0
0984381503	2.0
162929070X	5.0
1603701397	4.0
1576735788	4.0
B00K0YPPME	3.0
1598165224	4.0
0758200889	5.0
1608203603	4.5
B00KX8FP5E	5.0
1934166006	5.0
1603700072	5.0
B00B0GUEU4	5.0
1933664142	1.0
1593156286	5.0
1600540341	5.0
1569709041	5.0
B00EBGBKN0	5.0
B007BKFKWK	5.0
1615819584	4.0
0615630197	4.0
0425258890	5.0
1484836707	4.0
B00HV33EGG	5.0
0312992432	5.0
149273294X	5.0
1463584997	5.0
B00BED26UE	4.0
1420118633	5.0
0373605153	5.0
1494374560	3.0
0971223262	5.0
0425212602	3.0
B00CWJLRAO	5.0
1489554408	4.0
B00HTJJST4	4.0
B005LQUXJG	4.0
0615688381	5.0
1466266732	5.0
0452296463	4.0
B00I8SIL8E	1.0
0615972535	4.0
0373778376	5.0
1938397118	4.0
0615675085	5.0
0373210493	4.0
0425258831	5.0
1484053699	5.0
B008MMXCMQ	5.0
0062272586	4.0
1494480581	3.5
1620071797	5.0
0991054202	5.0
1481932861	5.0
0451237137	4.0
B00GBOP0FO	3.0
1500263923	4.0
B00HGZE238	5.0
B00AXHNHLE	3.0
1615728864	4.0
0345330129	5.0
1601832249	4.0
1935540440	5.0
0312992416	5.0
B00BH45OG8	5.0
B00AB05RRU	5.0
0062300350	5.0
B00BNF9E8U	4.0
1613725205	4.0
1493774778	4.0
0345518314	4.0
B008LB9A56	4.0
B008AXX9CK	5.0
0061134244	5.0
0425225976	4.0
1442409053	3.0
0062241443	5.0
B006OJRKAE	4.0
B00LILB7F2	3.0
B00CPSGLEE	4.5
1610402545	5.0
1442422017	4.0
0615612369	5.0
0451459237	4.0
B00AJBLO1O	5.0
B00BFIR2HU	3.0
1481985337	5.0
B00413PT9Y	5.0
B007K3E2PY	4.0
0345545931	5.0
1934531626	5.0
1608202348	5.0
1423164911	5.0
0553216260	4.0
1455550523	4.0
1626490619	5.0
B00ATWDHJU	4.0
1480207217	5.0
B005Q13CT4	5.0
B00IDW1B6O	4.0
B00KNFU0OS	4.0
0756689929	5.0
1490417737	5.0
0452296420	5.0
1598831240	5.0
1569709009	4.0
0743453069	4.0
B00LKRDIUG	4.0
B00BED271C	5.0
B00B3FMD6K	5.0
031609756X	4.0
B00AP2VVVK	4.0
B00B1INX6I	4.0
0451234189	4.0
0615483771	4.0
B00GVLVQAK	5.0
B00IK5AGAQ	5.0
1476730091	3.8
B00J29BP5E	5.0
0316404381	3.3333333333333335
0061231231	5.0
1595324151	5.0
149040399X	5.0
0758281463	5.0
140228408X	4.0
B00GEQ6J40	4.0
1495369560	3.0
0307990745	5.0
0425208648	5.0
B0075Q9LRA	5.0
156970869X	4.0
B005PZ8XCW	4.0
037313116X	5.0
0968677630	5.0
B005HFK81E	3.0
B0041KKSFC	5.0
B009R8DHRE	4.0
B004EBTNIQ	5.0
1941450008	5.0
1939786177	4.333333333333333
0615273149	4.0
1484931963	5.0
1420104829	4.0
1490943846	5.0
149738737X	5.0
B00ICNBKN8	4.0
192706340X	5.0
149295490X	5.0
1250015596	5.0
B00HMTXSA6	5.0
0062133349	4.0
0738734896	4.0
1484054172	4.0
B00A30AJYY	5.0
193755158X	5.0
0595429262	3.0
1603700129	5.0
0425258920	5.0
B00EPZUSYY	4.0
1492159476	5.0
B00IDQCROU	4.0
B00D2KE11E	3.0
1497455049	5.0
1613724853	4.0
148234873X	4.0
B004JZYAVW	2.0
B00FIWNVRY	5.0
B007S6QY2W	3.0
1623780810	4.0
1419951653	5.0
0988798514	4.0
1451586094	5.0
1494722631	5.0
1939786150	5.0
1492110159	5.0
0615667503	5.0
B0037BS2J0	5.0
073873487X	5.0
B00AOBIQ3S	5.0
1940941423	5.0
149210695X	3.0
B002G1YGTC	5.0
B00ENQUA84	5.0
1494211270	4.0
1610261003	4.0
0955984556	4.0
1626390487	5.0
0425267822	5.0
1481814915	4.0
1477817298	5.0
1494937115	5.0
B00CQQW1ZI	4.0
147781728X	5.0
0989108171	5.0
B0053YND7A	4.0
B0031Y9CPG	1.0
0425251470	4.0
0987855905	4.0
1439177619	5.0
B00JW4RP6W	2.0
B00CLVAK1K	5.0
148265864X	5.0
0143121006	3.0
0778327809	4.0
0451238508	5.0
1461085977	5.0
1481972995	5.0
1453728406	3.0
0307947912	4.0
1467984337	5.0
0425263452	5.0
1936305461	5.0
1560235993	5.0
0425149412	5.0
B00DHR89BK	5.0
0425163717	5.0
1569707340	5.0
1495419800	3.0
0979504880	4.0
0451238516	5.0
1606480626	4.0
1453815325	4.0
0764209140	5.0
0425266516	5.0
1484120906	3.5
1421564211	5.0
1480199265	4.0
B006BG5K8O	3.0
B007XY2SGA	5.0
1419652427	5.0
1476764298	5.0
0425251497	5.0
162061037X	5.0
1626490570	5.0
0451239857	5.0
B00DA7MHUQ	4.0
1470077892	5.0
1484116895	4.0
1482762897	5.0
1494266741	5.0
B00CK8CKZS	4.0
B00GQZ653E	2.5
0758203101	5.0
0778314529	5.0
B00CX9K2FE	5.0
B004MDLO7Y	5.0
0425258076	5.0
1613727038	5.0
0373445377	4.0
0425214494	5.0
0425255808	3.0
B00CKURM1I	4.0
0756402514	5.0
0615858082	4.0
1494906082	5.0
0553575422	5.0
B00CC6X8HC	5.0
B00JPSSNPC	4.0
1442488638	3.0
1490393250	4.0
B00DDVMAN8	5.0
0738734829	5.0
B00EMWZBGU	5.0
1575668890	5.0
1492769339	5.0
0547792778	5.0
B007575JAC	5.0
1423108744	5.0
1934166928	5.0
160820412X	5.0
B00A8C3W2I	5.0
0399157034	5.0
B007ZVX57M	4.0
0062231294	4.0
1482582163	5.0
1940883121	5.0
1554106559	5.0
059515686X	5.0
042525142X	5.0
B00HAOB9ZE	5.0
1482727668	5.0
B0064F5Q86	5.0
0446547573	5.0
B00C8EUHQS	4.0
0451231090	5.0
0152166696	3.0
B00K3VVH6W	1.0
0425267806	4.5
0345536983	5.0
1879194570	5.0
0988489112	3.0
006180679X	1.0
0425251462	4.0
1476730946	5.0
B00GN9D85Q	5.0
B00408AQ98	4.0
0988206951	5.0
1490933646	5.0
1495212505	4.0
B002NOGDRU	4.0
1937909441	5.0
1623802695	5.0
B00IPXKR8E	5.0
B00FO60EWE	4.0
B00F7J1UYO	4.0
1602021244	5.0
B0071HBAQI	5.0
B002NOGDSE	5.0
B00K9ASXEQ	5.0
B00I9KPXV4	5.0
B00DR5HZXK	4.0
B007BEV56Q	5.0
0758276931	5.0
B00BW4UMA6	4.0
1494342928	3.0
149538389X	5.0
B0049B2FHW	5.0
B00E1MPQI4	5.0
1481258885	5.0
0062351893	5.0
0763656526	2.0
B00KVTUJSS	5.0
0425272346	4.0
1476760772	4.0
1490302484	4.0
B00DY8HARG	4.0
0425251403	5.0
0756401224	5.0
B00EBRUB5C	5.0
0425246043	5.0
B00IR0PNX4	5.0
B00IIF4K4G	5.0
B00HNW4J3M	3.0
B00CKWTFJ8	5.0
B00F0SXP6S	5.0
0312553498	2.0
B002HUU0A6	3.0
0989697010	5.0
B00BUTLKGS	4.0
0425272354	3.0
1470141159	5.0
1482582120	5.0
B00HV5YQEI	5.0
0505527979	5.0
1939786134	5.0
149594123X	5.0
0316018775	5.0
0765329328	5.0
0451412621	5.0
B009P4C5SC	4.0
1482545187	4.0
B00DXOT35I	5.0
149757613X	5.0
B00EO46KES	4.0
0451224752	5.0
B00K0NWRFI	5.0
0778313255	5.0
1481058134	4.5
1469982994	4.0
0143125435	5.0
0373026056	2.0
0988851121	4.0
B0057H71HQ	5.0
B003UHU3FW	5.0
B008WOUNIK	5.0
061588699X	4.0
B00CH3NV4U	4.0
1495443507	4.0
1470098725	5.0
1492381233	4.0
0312577427	5.0
1939786118	4.666666666666667
1593592116	5.0
1479327573	3.0
0451236750	5.0
0425252744	5.0
0778314596	5.0
1451639406	4.0
0451236742	5.0
0142180246	5.0
1615812113	4.0
0525954600	5.0
0991309618	5.0
B00F7VM708	5.0
B005EUR83I	4.0
B00IA6QWP8	5.0
B008GTILJO	2.0
B00JZCLT7W	4.0
1934166758	5.0
B004PGNENK	3.0
0451232682	4.0
1477847103	2.0
B009CGEEYQ	4.0
1495200388	5.0
0425267067	2.0
0316056588	5.0
1607379171	4.0
B00CIEBODI	3.0
158571125X	2.0
1480057770	5.0
B00BXVLPJA	5.0
1607777908	3.0
1615816585	5.0
B00FJ1E9IY	4.0
1939403014	4.0
1471133524	3.5
0553565699	5.0
0307390705	4.0
B004DNWL66	4.0
0312577206	5.0
B003100UEM	4.0
0615703364	5.0
0451218361	5.0
0978986121	5.0
0615590586	4.0
1605922323	5.0
1941098053	4.0
B0087IOAGM	5.0
0989247953	5.0
1601833040	4.5
1499247621	4.5
1611880513	5.0
0425258130	5.0
0425239853	5.0
1455526975	5.0
0373836066	5.0
0425251500	5.0
B008JQQCOK	5.0
1615796851	3.0
B00GU2Y0L2	5.0
0886776384	5.0
1484021959	4.0
1455599085	3.0
099039641X	5.0
B00KP176C4	5.0
0451416619	5.0
0380758806	5.0
0312854889	5.0
1482763273	4.0
1479124591	5.0
B00G086UTG	5.0
B00EKPKROA	5.0
0615945694	2.5
B00IA96FJS	5.0
145550825X	4.0
1419953273	5.0
097898613X	5.0
1480217328	5.0
1402272464	4.0
1476730601	5.0
B00IJFF3ZK	5.0
0615822762	4.666666666666667
1594269556	5.0
1615812172	4.0
0142001430	5.0
B00CRXXTT2	4.0
1475244207	5.0
1935192426	5.0
0451233964	5.0
B00EPUQ4EM	5.0
1401311040	5.0
098776120X	5.0
1476763526	5.0
B00DH6R912	4.0
0425222195	5.0
1615813497	5.0
1940976006	5.0
148276895X	3.0
B00HNWEA9K	4.0
0340979496	3.0
0373131658	5.0
B00K283O3U	5.0
0976744198	2.0
1499142978	4.666666666666667
1489519106	3.0
B009JQFO7K	5.0
1627984488	4.5
1613727348	5.0
1613726015	5.0
0989416496	5.0
B00JBV41Y0	4.0
B00F0G6JRW	4.0
B00HY0K7O8	5.0
B00BGWZCZE	5.0
0142422037	5.0
0863159567	3.0
1476718970	4.0
1941098096	2.0
1468112422	3.0
B006QFPHJC	4.0
1940976030	5.0
0989247910	3.5
1623805635	5.0
B00D4QDDWO	5.0
B00CVQYMA0	5.0
0425168131	5.0
B00AN9907W	5.0
0425236781	5.0
1401311059	5.0
B00G07B4GQ	3.0
0553384759	4.0
0971708932	4.0
1484154207	5.0
B00AYOSV6C	5.0
0451231325	4.0
1607352990	5.0
0615810756	3.0
0425260410	5.0
B00A9V2XJQ	4.0
1483935906	5.0
073872758X	5.0
1490995935	5.0
1480043176	5.0
0425256383	5.0
0425255050	4.0
1596326727	3.0
B00IGMQJ3Q	5.0
0984734104	5.0
1402282699	4.0
0316036919	5.0
159998346X	5.0
0758287860	4.0
B008858X0I	4.0
B00KZ6524I	5.0
0380789132	5.0
B00HH1JVCI	4.5
1626491410	5.0
061576567X	4.666666666666667
0979311020	5.0
0099464462	4.5
1569701415	5.0
1613726872	4.0
B00BJL0A0O	5.0
1631420038	5.0
B009RDMZ86	4.0
B00INCJGWK	4.5
1612183085	3.0
034530280X	5.0
1451672926	4.0
B00IA7X40S	4.0
B00A286XF6	4.0
0373732228	3.0
B00CH4PA52	4.0
B009B11BKW	4.0
B00DRN5X72	5.0
B00KNJQ2T6	5.0
1495205215	4.5
B00J0KYFSO	3.0
0451467396	5.0
0452298784	4.0
1497478332	4.0
B00B8U421O	4.0
B00IJJBJR2	4.0
1484994566	4.0
044655572X	5.0
0615613373	4.0
B0035N1V5M	4.0
1420124196	5.0
B00FS1YZ20	5.0
B00KJ2VB7K	5.0
B00C8VW0JS	4.0
B0053ZGAW4	5.0
0425268330	4.0
0761463275	5.0
1402280009	3.0
045123393X	5.0
1909306703	5.0
0060754753	4.0
B00JENO6X6	5.0
0595222676	5.0
B00CCVVKMW	4.666666666666667
B00A9ET4NG	4.0
1620612887	4.0
B00K9NWRLI	4.0
B008YHADA8	5.0
1420100165	5.0
B00GJ2G7UA	4.0
B00CCUVR7G	5.0
B00CO73GA8	4.0
0452298768	5.0
1623803098	5.0
B007K3E3OE	5.0
0515151165	4.0
0399157409	4.0
1628090006	4.0
1933809000	5.0
0316033030	5.0
1936558068	5.0
B00EKJGRJ0	4.5
0989416402	5.0
0451237498	5.0
1569709343	4.0
B008XP6652	4.0
0978753119	5.0
0979311063	5.0
1481999842	4.0
0451415361	5.0
149539090X	5.0
0451228545	4.0
0451419723	4.0
1440433151	4.0
B00IPOCJ2K	4.0
1484976703	5.0
B00B7T18UY	5.0
1569709351	5.0
B0092BBHL4	2.0
0451419707	4.0
0446555789	5.0
0989416410	4.5
1611249562	5.0
0972109838	5.0
1494794357	4.0
0451229886	5.0
0062304828	5.0
B00BGBZGOW	4.0
0451419715	4.0
0979311055	5.0
097210982X	5.0
0425245640	4.0
0451236181	5.0
0989416429	5.0
1936305062	4.0
149967886X	5.0
1499305230	4.5
0374135061	5.0
1569708037	5.0
B0052PO51I	4.0
0425253287	4.75
0451229894	5.0
0978986113	5.0
B00GYLAZJU	4.0
147008726X	5.0
B00I1WAG44	4.0
3867870365	5.0
0979311047	5.0
0451415345	5.0
1400202434	3.0
B0083UU2X4	3.0
1492271225	5.0
1479299936	5.0
B00EWZNC0E	4.0
156970936X	4.0
0399154345	4.0
B00IPJI7N0	4.0
1495915409	5.0
B00810NPJE	1.0
1569709378	2.0
B00HBY8UVO	4.0
193453174X	5.0
1482319055	4.0
1494308681	4.0
1555834949	5.0
B00EKJGRJK	2.0
B00CLECQ28	5.0
B00BLCK3ZI	5.0
B00CNVZZ68	4.0
0061779814	5.0
B00D1HOOJW	2.0
0978986105	5.0
B00EFPO5KM	5.0
0975870033	5.0
160820409X	5.0
B00BXV0G9U	5.0
B00CZXWTHC	3.0
1479311251	4.0
B00AOB8L8I	4.0
B001ET66ZE	4.0
1495461432	4.0
1494297523	3.6666666666666665
0758269226	5.0
B00GOZTPGK	5.0
B00D8PVTNG	4.0
B008NBYHPC	5.0
1484093666	5.0
0425252019	5.0
0451459806	5.0
1463576641	5.0
0230755062	4.0
0425176614	5.0
B00KXIIZ3I	3.0
0615788297	5.0
B007KFGSDQ	3.0
1492295175	4.0
B00HTHI4XW	4.0
1490368574	5.0
1250029880	5.0
0425252000	5.0
B009CHLCTA	3.0
1479225703	2.0
B00BS2ECK8	4.5
1494443252	1.0
B00E8F97LQ	5.0
0615582052	2.0
1423148495	5.0
1482703513	4.0
1599906449	4.0
B00AIR9Q46	4.0
0316133779	5.0
006017143X	4.0
B00C6EHDFS	4.0
B00LODPZIE	5.0
0425252035	5.0
1477454543	4.0
098877139X	5.0
B003LL2U3A	5.0
B00F3IYPOQ	5.0
0312605889	4.0
0425264017	5.0
0062076108	4.5
B00EOHBONW	4.0
0373210086	4.0
B00381AL3Y	5.0
B008OFFSZA	5.0
1933440228	5.0
1432828134	4.0
B00LBGT882	5.0
0143123327	5.0
1494874911	5.0
1492767891	5.0
1492103748	4.666666666666667
0606238409	5.0
0307393879	3.0
0486448789	4.0
0758269218	5.0
B00J7TK3FW	4.5
B003U89S66	4.5
0062076116	4.0
0451230965	4.0
0425267997	5.0
0802723098	4.5
0525953493	5.0
B00DAI2Z6Q	4.0
031609966X	5.0
B00AFCYR4S	4.0
B00A3MVBF8	5.0
0452297370	5.0
B00CH143BM	5.0
B004PYDOC8	5.0
1484967836	2.0
B005Z1CGIS	5.0
B00EEQKF9C	4.0
0375861904	5.0
1601831315	4.0
149979178X	2.0
B00HEX4NSQ	5.0
B00GUNB9RO	5.0
0060808233	5.0
B00B3D4YDW	5.0
B008S4PH3A	3.0
B00H9MJL48	4.0
B005CK4CXE	4.0
B00HTJHH1A	4.5
0425266605	4.0
0425255956	5.0
B00F1W0RYQ	5.0
B00KP12A0M	5.0
1491260734	3.0
B00IX7LBLE	5.0
0143123300	2.0
B006SBC58A	4.0
161026049X	4.0
1626491321	5.0
1479390046	5.0
B0097ROWUQ	4.0
1939786096	5.0
0505527693	3.0
0451233190	5.0
B00DK41PC0	3.0
0373123264	5.0
0786017813	3.0
1497587557	4.0
1489515690	2.3333333333333335
B00KMEELLS	4.0
1461084539	5.0
1477594965	4.0
B00AEE6W04	5.0
1402278519	5.0
193978607X	2.0
1611188989	3.0
1607377330	5.0
1423131606	4.0
1844883078	4.0
0979777399	5.0
1495461424	5.0
1257931326	4.0
B00HBUPBC4	4.0
0983953171	5.0
B00F7CJKVQ	5.0
160820054X	5.0
B00DPM7VHU	5.0
1402258933	5.0
B00DPM7VI4	4.0
0425240010	4.0
1452662584	1.0
0988771373	4.0
1452663874	4.0
1623802547	4.0
0988695111	5.0
0062024175	3.0
B008J6RN0C	3.0
1599982153	5.0
B00HOY8AN4	5.0
B00BH4M45C	5.0
1569708967	4.0
1612356397	5.0
B00HSYBLYA	4.0
1423129342	5.0
0738734713	5.0
0991374541	4.0
061575712X	4.0
0451413644	5.0
1470097532	5.0
1615812261	5.0
0984562109	5.0
B007TGHDA8	5.0
1442485256	3.6666666666666665
1451674791	5.0
0988047217	5.0
1489516948	5.0
0786032553	5.0
161581793X	5.0
B005GSS26K	4.0
1936305941	5.0
1499150555	5.0
0062317253	4.0
1615813586	4.0
0060793538	5.0
0991190912	4.0
0451413636	4.0
1608208400	5.0
034545782X	5.0
0425251586	5.0
0373210914	4.0
0425217620	4.0
1603700897	5.0
0446600989	5.0
0312587538	5.0
1476755094	5.0
0451238834	5.0
1499670028	4.0
0312323859	4.0
B005MMJFOS	5.0
B00C2FCC0M	3.0
B00HSOWDLU	4.0
1586558056	5.0
B00EZWA8S8	5.0
1482571145	4.0
1492940003	5.0
1484954556	4.0
B00IBZKLZU	5.0
1489568131	5.0
1453681027	5.0
1492184373	5.0
0373210922	3.0
1495488527	5.0
1442485280	5.0
0451238850	5.0
0425251578	4.0
0451211790	4.0
B00BTG44MY	5.0
B00IY5RIXA	4.0
1623809193	5.0
0547608322	5.0
1476761779	5.0
B007FZJO5K	5.0
1904224253	5.0
1938314840	3.0
B008O55NAU	3.0
B004R1QBT2	5.0
1609280822	5.0
0152063110	2.0
B006QXG41Y	5.0
B00F3L4KIE	5.0
1484197313	5.0
B00L8HZ572	5.0
0312587554	5.0
0425246167	5.0
0061348155	3.0
0062132717	5.0
1479341940	4.0
0451413601	4.0
1291475621	5.0
0062222473	4.0
1933389192	4.5
1482547473	4.0
1616950498	4.0
0425246183	5.0
B00KH4YEPG	5.0
B004CJ810G	4.0
1608204057	5.0
B00BWEV9PI	4.0
0425239888	5.0
0692221506	5.0
B00JH65TA4	4.0
1495416046	4.0
B00FEON3FQ	4.0
B004CJ8110	5.0
1609280806	4.0
1941098134	5.0
160282875X	5.0
0425246175	5.0
1482728834	4.5
1933440244	5.0
B00DAIUG08	4.0
1451641850	4.0
1608208443	4.0
1455520799	5.0
0373773560	5.0
0425243915	5.0
0425246191	5.0
0375857826	4.0
0425239896	3.0
1622415485	4.0
145163952X	5.0
1497564042	4.0
B00CJ0RAPW	3.0
0989117375	4.5
1495362817	4.0
0615674364	4.5
B00COU1A7G	3.0
1937254550	4.0
B00E8NJHLS	3.0
1615817913	5.0
149043013X	5.0
147592464X	4.0
B00FWHTQHO	4.0
1489515607	4.0
B00JTJ2F2O	3.0
1592220193	5.0
1475005873	3.0
0312605862	3.0
1499645066	4.0
1482525240	3.0
0441014003	5.0
1587711273	5.0
B008O53PM8	4.0
1569708959	5.0
B00B9YEG1A	4.5
0451417194	5.0
1451683677	5.0
1615812237	5.0
B00J3G03HW	5.0
0765303477	5.0
0615913970	2.0
0375824006	5.0
B009UVL9L4	4.0
1494253151	1.0
1482732858	2.0
B002HE1IBW	4.0
B00IU19DHM	4.0
0441018521	5.0
0425251608	5.0
0991046854	4.0
1934166634	3.0
B00BGZSXAW	5.0
0425240940	3.0
1939816130	5.0
1250002842	5.0
1494286068	5.0
0061985848	4.0
039914708X	5.0
1477409289	4.0
B00CJV1T4Y	5.0
098488789X	5.0
B00KC8FP5K	5.0
1423157516	5.0
1494286084	5.0
1250009499	5.0
0974419524	5.0
0989450252	4.5
1423101952	4.0
1940832977	4.0
0991046862	4.0
B00J3BIBGC	4.0
0988707489	4.5
1492108421	4.0
1494289105	5.0
B00ECZZRDO	3.5
B00DOOXQSM	5.0
0451415418	5.0
B00AIB1XCA	5.0
0982073593	4.0
0984887873	4.333333333333333
0143122924	5.0
1611099676	5.0
0345423623	2.0
1615814051	5.0
1614954704	5.0
149377767X	4.0
0373131763	5.0
1479262773	5.0
B004N62M26	3.0
0345528719	3.0
1476783284	4.666666666666667
1461138612	4.0
1495329321	5.0
0425251624	4.0
1480219851	5.0
1482694042	5.0
0991046870	5.0
1456332015	5.0
0571255752	4.0
B00H0GED9Q	3.0
B009LRWVF0	5.0
B00G6BLT1Q	5.0
0425247597	4.0
B00H0V069M	4.6
014219672X	4.75
1416599975	2.0
B00DVLLIYW	5.0
B00HKMUFU6	4.5
1492828211	4.0
1484980662	4.0
B00C6ZTNAU	5.0
1453734864	5.0
B00784Y66A	4.0
0425251616	5.0
1481047272	4.0
B00IHPKPFK	5.0
1630350192	5.0
0989450236	5.0
1599983559	4.0
1250002834	5.0
B00JBC11P6	5.0
0595263097	5.0
1936202085	3.0
147670886X	4.0
0425235556	5.0
159883052X	5.0
B00436F00W	5.0
1611880459	5.0
1466398167	5.0
1934531006	5.0
077831524X	4.0
098250053X	5.0
0991046897	4.0
0425246205	4.0
042524752X	3.0
1616146745	5.0
0062107763	5.0
B00B97XOJM	2.0
1451643608	4.0
0451232518	5.0
1476762317	5.0
0989117316	5.0
B00IKGXWYC	5.0
B008XB10AC	4.0
1937044742	3.0
B00BFQAN7S	4.0
1602608113	5.0
0062071246	4.0
039916443X	5.0
0373122837	5.0
0263877957	5.0
B00FB1F9CW	5.0
B006OIRC5S	4.0
1612185592	4.0
0385501129	4.0
0755206827	5.0
B0064EIC9C	3.0
0425246213	5.0
B008ENAWJ4	4.0
0441020860	5.0
1933809183	5.0
B00DXU05C2	3.0
030728364X	2.0
080273443X	4.0
0062221213	4.0
1484816064	4.5
B00JVFBYLE	5.0
0062107739	4.0
0425259544	4.0
1500204048	4.0
0987534351	5.0
0886777550	4.0
1613727267	5.0
1476763623	4.5
B00H3M921G	4.0
0786717939	5.0
0615650430	1.0
0425243192	5.0
1475159161	5.0
1611944112	4.0
1432745506	5.0
0425246221	4.0
0982500513	5.0
B009MTO9UW	5.0
B00A6VHADI	5.0
0380801213	5.0
1500209724	5.0
B00G8BHJB8	4.0
0425270793	4.5
0984887849	5.0
1470161044	5.0
B00HTFLAXU	2.0
B002WTCIWU	4.0
0425247562	5.0
1623802482	5.0
1495361454	5.0
1569709262	5.0
1497465141	5.0
1484154193	4.0
1451689012	5.0
1623220173	4.0
0312591462	4.0
B00663HCTM	5.0
1484889029	5.0
1938848144	4.0
B00G1N5ASW	5.0
0886774454	5.0
160370115X	5.0
0312642695	4.0
B008NXA7OU	2.0
B0092V0XCS	2.0
0451233808	5.0
B00A9V2X3C	5.0
1909306800	4.0
1939820227	4.0
0984887822	5.0
1602729999	5.0
1615817158	5.0
0451417208	5.0
0425252086	5.0
B00A22UVL4	4.0
1937551857	5.0
1495395693	5.0
1451689004	4.0
1569709270	5.0
B00CD36FS8	4.5
B00ENVYVHA	5.0
1939927951	5.0
B007UX8L1A	5.0
0425235521	5.0
0778317005	4.0
0061284394	4.0
0989041697	4.0
1909306819	5.0
1404189831	5.0
B00E2YJYSY	3.0
0373778597	5.0
B00A6JN95I	5.0
B00IK623BA	4.0
1495320103	4.0
1496035151	4.0
B00CD36FVA	5.0
B00AEB5ECE	4.0
0615429505	4.0
1461072514	5.0
B00JI34U0G	2.0
B00JGE6E9C	5.0
B00DLQJXQC	5.0
B00BE2Y7CK	4.0
0441010652	4.0
B00KMQS67G	2.0
0140432485	3.0
1452655227	5.0
0345458370	4.0
B00HYDXYK4	5.0
0778327299	4.0
0615458068	5.0
098870742X	5.0
1490494871	5.0
042523553X	5.0
1476756503	4.0
0345527488	4.0
0984887806	4.0
1482782294	4.0
B009HX8I8C	5.0
B00HI9KDM6	4.0
B00G197KV6	3.0
1618974289	5.0
B0058V1JXI	5.0
0451415493	5.0
B00A22UVNC	4.0
0452297559	4.0
1937551873	5.0
0316175668	5.0
0987803735	4.0
B00HZWSJIQ	5.0
0425252051	5.0
1484893964	4.0
1439102724	5.0
1481907662	4.0
1483954951	5.0
B00BKJYBUU	3.0
1494204339	4.0
0989450201	4.666666666666667
B00FK1ZRXY	4.0
1611249694	3.0
1496130367	5.0
1608200388	5.0
1590805607	3.0
B00LS7LA7G	2.0
B00BEJ16GI	5.0
0345541790	4.0
B00BEK71Q6	5.0
B00CUIK2G2	4.0
1477424083	5.0
B00G4AZ6EA	5.0
1612186033	5.0
0425252043	5.0
1626490872	4.0
B00D4ZL5K2	5.0
1934166685	5.0
1492111228	4.0
1601832478	4.0
141996593X	4.0
0987921738	4.0
1481042440	3.0
1492886181	4.5
0425257762	5.0
1602020523	5.0
045141411X	5.0
161495514X	5.0
1934531863	5.0
B00DN6J1BC	4.0
0425252078	5.0
1465395628	4.0
0983713707	4.0
042525206X	5.0
1469984016	1.0
1496006631	5.0
B00CS1HN4U	2.0
B00HMQVE4G	4.0
1937007715	5.0
0451230752	4.0
B00KUXMZ8M	5.0
0615717217	4.0
0441020011	5.0
B008IU9SSE	4.0
0451415469	5.0
0425245772	5.0
B00JIV2YA6	3.0
B00BT4RWAM	5.0
B00KL13UYQ	5.0
B00BE6PP7W	5.0
1468190067	5.0
1493643274	2.0
B00A22UVIM	5.0
0670022845	3.0
0425257754	5.0
1613330316	3.0
B00AG3A1YG	4.0
0451230760	5.0
0451224094	5.0
1291001492	5.0
B008ZKVBZK	5.0
1927129095	4.0
0755397703	5.0
1495978281	5.0
1466234970	4.0
0958666431	5.0
1455583650	4.0
B005QEA87A	4.0
B00FIROTZ2	5.0
1484909917	2.0
B00K4AE11K	4.0
1602020582	5.0
B00HJZF38S	5.0
0425245837	5.0
0451236122	5.0
B00IJCB3M0	5.0
B00FVVJHS4	4.0
0425252132	5.0
0425253465	5.0
B00CCRTFSC	3.0
B00C9KNYUM	2.0
1490974377	5.0
B00KTUZ5IS	5.0
B00IWD65I8	5.0
1461006953	3.0
0762436840	5.0
0373775490	4.0
1481131087	4.0
0983429766	4.0
0985266325	5.0
B00E18WWXK	5.0
1619213621	5.0
031226917X	5.0
1620152053	4.0
1475180586	5.0
0373754558	4.0
193554022X	5.0
B00FCZ2Q96	4.0
B00AXT0PWQ	3.0
0758292384	5.0
B00IGCUGA8	5.0
B008TSC2E2	4.0
0979692989	1.0
1932100032	4.0
B00ANV96ZG	5.0
1938404009	5.0
178029056X	2.0
0991192818	5.0
1480029858	4.0
1475184948	4.0
B00KV13TKG	4.0
0615644627	5.0
0062019554	5.0
B00EFPNV1G	4.5
1602020566	5.0
031608090X	4.0
B00BTMGBD8	5.0
0345531450	5.0
1619210576	4.0
0425252159	5.0
B00KTE0JJY	5.0
B00BMZ74PG	4.0
B00GWVSZ2G	4.0
B00DUXS4Z2	5.0
098321252X	4.0
0425245853	5.0
0451229851	5.0
0800719794	5.0
B004H1TM2A	5.0
0979692997	1.0
0425228479	4.0
0446527793	4.0
B00HTJBE6O	3.0
1933440112	4.0
0987029088	4.0
1492790117	4.0
B003BAGTOW	5.0
B00EO2ONH6	4.0
1569700990	5.0
0451236149	5.0
0991209206	5.0
1455585351	5.0
B00I8PDLV4	5.0
B00IY4NDG2	5.0
1609283139	5.0
1455520810	5.0
B00820YRF4	5.0
0988223635	3.0
1489528865	5.0
B00AKI4IX2	5.0
0393339726	5.0
B005MZHT84	3.0
B00CTWARPK	4.0
B00I55XQX0	5.0
1477820213	5.0
0452297486	4.0
1620610116	5.0
1596328363	5.0
0982788088	5.0
B004D9FX8S	5.0
1492255874	5.0
148419540X	4.0
B00EHU46AE	4.0
1420134442	4.0
B007RP4KTI	5.0
1480132705	3.0
1484869346	5.0
193976940X	5.0
1934531812	5.0
B00C2TCQUE	5.0
B004OYTSJW	5.0
0983212546	4.0
160820040X	5.0
1496145445	5.0
1476776040	2.5
B00EJMVTDM	5.0
B00G7RANLG	4.0
0425242773	5.0
B00CXFTSQW	4.0
125005236X	4.8
0615448747	4.0
0345529170	4.0
B00HKR9GO2	4.0
1492997897	3.0
0425252116	5.0
B00BE9WA8G	4.0
1480200425	5.0
B00FW7KL50	5.0
0452298792	5.0
193908704X	5.0
0985266341	5.0
1495459225	4.0
1476776016	3.6666666666666665
B00C6ZTN64	5.0
1555838596	5.0
1609280075	5.0
0446555800	5.0
0982727178	5.0
0988275708	5.0
1939087066	4.0
0992466512	3.0
0425262383	5.0
0425252108	4.0
1470086115	5.0
1481133691	5.0
B00L02WUR8	5.0
0425266745	4.75
0615942423	5.0
B00DRBGHO2	5.0
B00KUEGX16	5.0
B009J9Q2GE	5.0
B00CZDVPC2	5.0
042523603X	5.0
0425236048	4.0
B00LLDYYIE	3.0
1492265225	3.75
1598160109	4.0
0142300675	4.0
0425263665	5.0
B00BTGSI94	5.0
1476763607	3.0
075826917X	4.0
1595142754	5.0
B00EFDNTNI	4.0
B004HFRKMA	5.0
B00BHIBSAK	2.0
1492788678	5.0
0446568260	5.0
B00F0N4B16	3.0
0425251675	5.0
0425236056	4.0
0971708959	5.0
0451233018	4.0
0312263015	5.0
1402296231	5.0
1482652226	4.0
0061706876	5.0
1937856224	5.0
0345535871	4.0
B00K1T42ZO	5.0
0425242730	4.0
042524802X	4.0
B00HRI6W2I	4.0
B00IB24LOA	5.0
B00AXDNVHS	3.0
1934496170	5.0
B00I92F2VS	4.0
1484081501	5.0
0425242749	5.0
B00A9MYM4E	4.0
006207606X	3.0
0345533232	5.0
0345521250	4.0
B00ETEB5QQ	3.0
0758271492	4.0
0991481704	5.0
1605045411	5.0
0451233026	5.0
B00EEPZ5HA	4.0
B00JW96SJC	5.0
193344018X	5.0
1409224171	5.0
1490339973	4.5
0615789684	4.0
1934496162	3.0
0425242757	5.0
B00HQ6KQNW	5.0
149033730X	5.0
B00GEE2C34	4.0
1482003244	5.0
1475079370	5.0
1939087023	4.0
B009IB8LX0	4.0
078523103X	5.0
0451234367	5.0
156970886X	5.0
0446568236	2.0
B00II7OXGE	5.0
1492339946	5.0
B00I92V1BS	4.0
1555838545	5.0
149271397X	1.0
1481153226	5.0
0425238660	5.0
0425251640	5.0
B00BCA1QU0	5.0
B00DL3X0BE	5.0
B00BCA7JTM	4.0
1599989700	5.0
B00G5QOASQ	3.0
1442406593	5.0
B00IW8ADMW	1.0
0062299034	3.0
0373772327	5.0
0615799019	4.0
B00FEN4PHM	2.0
1927129885	5.0
0062299018	4.0
1482772825	5.0
B004S7MLWQ	4.5
B00DSGN7TE	5.0
1250007798	5.0
0425258262	5.0
B00DYUMCPY	5.0
0991686004	3.0
0143122177	4.0
0425236013	5.0
B00HBI9712	5.0
1933440120	3.0
B00D749D1I	4.5
0983800650	3.0
0451231279	5.0
0983934177	5.0
0988348268	4.0
1941098010	5.0
B00KKT5TMU	5.0
B00AMOOHB2	5.0
B004QQ3MGS	5.0
0615301053	5.0
1615812334	5.0
B004UWU9IM	3.0
B00LFS2W7U	4.0
1491091673	3.0
B00AQ13MJO	4.0
0440246490	5.0
1627980024	4.0
B007M0M8EW	4.0
B007Q2MKF8	5.0
B00GB36DDI	5.0
0910355037	4.0
B00HT73RHK	5.0
B00JCZJFAU	5.0
0615498124	5.0
0425224074	4.0
1933440155	5.0
0425264971	5.0
B00BB2E0U2	4.0
0738734608	5.0
1569707502	5.0
1941098037	5.0
0425251659	5.0
1569708835	5.0
1615816712	5.0
1402293186	4.0
0425248011	5.0
0345525655	4.0
1494762099	5.0
1420117076	3.0
B00HDYISJ6	5.0
B00BD2PT8M	5.0
B0040JHPM8	4.0
1598160060	5.0
1466240415	4.0
B00E251RHY	4.0
0425251721	5.0
B00CV30XMO	3.0
0062117882	5.0
145161747X	5.0
1494931451	5.0
0987941097	4.0
B0050DEHYM	3.0
B0035LDMYW	4.0
0451231589	5.0
1619216337	4.0
1934166510	5.0
B008NF06HG	3.0
B005LV7O1Q	3.0
0345528816	4.0
148480502X	4.0
B009KX8UPA	4.0
0399155813	4.0
1937223124	4.0
149099792X	4.0
B00GKBIQNG	5.0
0316072842	4.0
B00I5SWYZS	5.0
B005R12O24	2.5
1933720212	5.0
1483918777	4.5
0425251713	5.0
0975436635	4.0
B00EO7E0QU	5.0
0142411108	5.0
1451642466	5.0
B00F2OB8EG	5.0
0758204051	5.0
B00BANON2W	5.0
B00KF073C8	4.0
1455523224	4.0
1937551903	4.0
0345528840	4.0
B004AYDC6G	4.0
042525173X	5.0
0142181129	4.5
0425251748	5.0
0385538537	4.0
148403726X	3.5
B00C4ISOPO	5.0
1456552430	5.0
1416583297	5.0
0451414691	5.0
031619008X	4.0
B008ND0KFQ	4.0
0425260690	5.0
B008L2UTIW	4.0
0956998518	3.0
0425157628	5.0
148258252X	4.0
1497454999	4.5
0987941070	5.0
1402269056	4.0
1939816238	4.0
1484920066	5.0
1402284675	5.0
B0058OJ8AG	3.0
B0057ZJO7I	4.0
B00KYETHVA	2.0
B0085MKCYE	4.0
B00GG4TJAQ	5.0
B00KRW2LV2	5.0
B00JHOR29C	5.0
0985030240	5.0
1491252022	4.0
0988715805	5.0
B00K3NBQX4	5.0
1499108826	5.0
1455578363	5.0
1482692163	5.0
1939927196	5.0
1628279109	4.0
B009K51W0I	5.0
1462039634	4.0
B00IJOAQ3U	5.0
1419968939	4.0
B00J4RM4IG	4.0
1611880327	5.0
147500382X	3.0
B00A4AOMT6	5.0
1490405461	5.0
1491021217	4.0
1490406794	4.0
0425245004	5.0
1461079853	5.0
B0057WU6YQ	5.0
0425259668	5.0
B00B4FU7DA	4.0
1622661230	5.0
1481178547	5.0
147010279X	5.0
1477817506	4.5
1481060139	4.0
0451231570	5.0
1481268503	5.0
1609288122	4.5
B00JE1POB6	5.0
0989740633	4.5
B00L0SI6TI	1.0
149298079X	5.0
B00C0ZVKHK	3.0
1615815473	4.0
042525528X	5.0
0983398038	3.0
0451415965	5.0
0982270402	5.0
0615613969	3.0
B004WT6IKQ	4.0
0062219006	4.0
B007SBTUB4	5.0
B00HX1BD7I	4.0
1939276136	4.0
1455578347	4.333333333333333
1603701931	4.0
1480162310	4.0
1934166502	5.0
1402269021	4.0
0749080973	4.0
1490425071	5.0
B00HBY8SIY	5.0
B00H5D0046	4.0
1611188296	4.0
1455599271	5.0
1492371289	4.333333333333333
1935192671	5.0
B002ZG8EJQ	5.0
B00APEYBBU	5.0
1494724693	5.0
0140254137	5.0
1401684904	5.0
B006RFILRQ	4.0
1439190356	5.0
1482018403	5.0
1493698036	5.0
B0088NGZWI	5.0
B00IGAG44M	3.0
1478230592	4.0
0345519949	4.0
1620153653	5.0
0786022183	5.0
B007HNMA0Q	3.0
B00A4CQXIM	4.0
1484817095	3.0
B004INHR24	5.0
1602729654	5.0
1493788868	4.0
1401301045	3.0
161372442X	4.0
1602729638	5.0
1480076678	5.0
1492375675	2.5
1480297275	5.0
1250045630	5.0
0857206931	5.0
B00FGFY86G	4.0
1455574880	4.0
0425244598	5.0
0982827326	4.0
B003R7LAPM	3.0
1492271012	5.0
1455574856	3.0
1420118986	4.0
B00B5XDXPA	5.0
0062302426	5.0
1605048216	3.0
0425234320	4.0
B00ILKTBSI	4.0
B002DOSBOS	4.0
0062302418	4.5
006230240X	4.333333333333333
B00CV30XCY	4.0
0983906599	3.0
149102609X	5.0
B00F9AO81S	4.0
1933389850	5.0
B00C1NCUL6	5.0
B00DJF2862	4.0
0738737526	5.0
0446365327	5.0
0991280717	4.0
B00L19CQPG	5.0
B00H06NWNY	4.0
B005ISCTW6	5.0
B00A9LTGDM	4.0
1416953582	4.0
1432753444	5.0
0062114743	5.0
B00A06NRFY	4.0
042525657X	5.0
0425256588	5.0
1482528150	5.0
B0059JGY6G	4.0
045123152X	5.0
B0050PJZLK	5.0
B00HWI6JBC	5.0
0758290829	5.0
B00GO2UAZS	4.0
1493539493	5.0
1631050826	4.0
B009I7VYXS	4.0
1607374129	5.0
1603704116	5.0
1569708258	5.0
1479145211	3.0
B00AHJUGCQ	5.0
193380923X	5.0
B00J9P60YC	5.0
B00F3H6S1A	3.5
1933809248	5.0
1934166553	3.0
0425269841	5.0
1934081035	5.0
1602728364	5.0
0425243214	5.0
B007T2PI04	5.0
B0012W11D0	5.0
0758231687	5.0
B00AV56Z8K	4.0
B00770DHGK	5.0
1615818561	4.0
B008T3UYBK	4.0
B00IRB5TAU	4.0
0060958073	4.0
1482008238	5.0
0425252167	5.0
B00KP3J7XS	5.0
1495979237	2.5
1934166561	5.0
042524587X	5.0
0981608728	5.0
1569701628	5.0
B00GG5ILU4	4.0
1495458881	5.0
B00CK55QTS	3.0
0373605463	5.0
B00LCCXDNG	5.0
B00II5P8QA	5.0
B008JYCVW4	5.0
1480053112	5.0
0615997503	4.0
1468161660	4.0
B00DUGZHYK	4.0
B00EDZQOBC	4.0
B00HFU5SBO	4.0
144235321X	4.0
0425269868	3.0
042526985X	4.0
1494414546	4.0
1490997954	2.0
B0051GTE6O	4.0
0425252183	5.0
006193836X	4.0
B00DNMRWFI	5.0
B00JIWJ78C	3.0
1491072032	5.0
B005IYEWHA	4.0
0758267630	4.0
B00BTIDW4S	4.0
1569702977	5.0
1426310595	5.0
0425160394	5.0
1482764318	4.0
B00GY9SK4O	4.0
1623808502	4.0
1493779087	4.0
1591823323	5.0
1402265468	4.0
042524461X	5.0
0307931889	5.0
B0089MSTTU	5.0
1493670417	4.0
B00HI1BJ54	5.0
B00HQ7TEW0	5.0
B00BFQDGN6	4.0
B00JDPX5BE	5.0
0425241599	5.0
0373211198	5.0
0060959355	5.0
0758281102	4.0
1613720114	4.0
0425232654	4.0
1484125460	5.0
042525223X	5.0
0425252248	5.0
B00HNKFZGE	5.0
B00C8YTDP4	5.0
B00KE0BK5U	5.0
B00KIT5RKQ	5.0
1613721447	3.0
1497412218	5.0
1481099132	4.0
B00FXAG6MS	3.0
0062019430	5.0
1569708339	5.0
B00D4V1X94	5.0
0758269471	4.0
B008D6Q4WG	5.0
B005VRZ1EM	4.0
1569701709	5.0
B007EE4WOK	3.0
0989138631	5.0
0976604582	5.0
1477808671	5.0
1461026415	5.0
0595441254	5.0
1569708355	4.0
1603818952	4.0
1939962323	5.0
B004ISLP3G	4.0
0976604574	5.0
0349402965	4.5
1476735204	5.0
B005Z53TA8	5.0
1938701062	5.0
1484154800	3.0
B00G7GBIL6	2.0
0140386882	4.0
B00J0YWQ90	5.0
B00571KIA4	4.0
0452298490	3.0
B00I1K95RK	5.0
B00E1C8QUE	5.0
1599987244	4.0
B00K5CASSM	5.0
0446520802	4.5
B006LFPTIG	5.0
1620610078	5.0
1939962315	2.0
B00FO81XXG	5.0
B00KZPHXDW	5.0
B00E9MCRLA	5.0
1626490252	5.0
B00KPIPQJ2	4.0
1456301152	4.0
B00FIWMEU4	5.0
B00KHGDPZ4	5.0
0615849601	3.5
1478150742	3.0
1499156472	4.0
0312594496	5.0
B00K71PV1K	5.0
0425209423	4.0
B00CV30WWU	5.0
0425252213	5.0
B00G5R2FOG	5.0
0425239233	5.0
B008YXE3GC	4.0
B005U3Z570	5.0
0345546601	4.0
0425239241	5.0
1608201635	5.0
0738734594	5.0
B00BGWOVR4	5.0
1481845535	5.0
0373775571	5.0
0425240223	5.0
0985850132	5.0
1484884604	5.0
B00H3HRPRY	5.0
1492170348	5.0
B00HWIBDQI	5.0
0373285442	3.0
1455576506	4.5
0425252205	5.0
1493690086	5.0
B00J1SP9FI	4.0
B0082EL6JA	3.0
1496032764	1.0
1494388588	5.0
0451415191	5.0
B00KPVQ6E8	5.0
0425262480	5.0
B00CX5V5DG	5.0
0425240231	5.0
1495344797	3.0
B00IZ5QU1U	4.0
B00BBWTI36	5.0
0813925630	5.0
0425244601	5.0
0451415183	4.0
0425266877	5.0
1490436529	4.5
0983682313	4.0
0525952373	5.0
0425241572	5.0
B00IXX9SWW	4.0
0446194204	5.0
1491035048	5.0
B00IDGBCFK	5.0
0778316815	4.0
B00DPJ3J1U	5.0
0786022175	5.0
0451236475	5.0
0425252221	5.0
0425239268	5.0
1620610027	5.0
1623807131	4.0
0373244045	2.0
0425241580	5.0
0515154075	5.0
0451236467	5.0
0452297117	5.0
0425240258	5.0
0425264203	5.0
B006O5IIXQ	4.0
1495493237	5.0
B00FAQVS8M	5.0
0515129925	5.0
0373278284	5.0
B00DOPMQ1E	4.0
B00FITS078	4.0
1469905612	5.0
1469998165	4.0
0671743058	5.0
160601465X	5.0
1455599255	4.0
098871583X	5.0
B005CX8RGE	5.0
1455578312	4.333333333333333
B00BMYV3HW	4.5
B00ASP8HYS	5.0
0399159347	5.0
B007HQ58CK	5.0
1491276029	4.0
0425262456	4.0
1494879190	5.0
061563978X	3.0
1484836162	4.0
B009RSFSRG	3.0
1603701958	5.0
1490910433	5.0
1497470161	5.0
1934531057	5.0
1605045985	5.0
0976604523	5.0
1494256800	3.0
1936305704	3.0
1933963018	2.0
0345546636	5.0
1493798332	4.0
1481083635	5.0
0758286872	5.0
1936850613	3.0
0062107550	5.0
1492761966	5.0
052595368X	3.0
1555832903	5.0
B008VHD6AU	3.0
1484865510	5.0
1482594471	4.0
1490917039	4.0
1934531022	5.0
144235948X	5.0
1484164210	5.0
1484013387	5.0
161581552X	5.0
1479313262	4.0
1481948997	4.0
1908844965	5.0
1451575017	3.0
1492186775	5.0
006228360X	2.0
1610405129	3.0
1938383648	5.0
1615814221	5.0
1611880343	5.0
B00J1R63MM	5.0
0758286856	5.0
1940745845	3.5
1608207781	5.0
B00GQHCBI0	4.0
0345546660	4.0
0425253511	5.0
B00D7203GE	3.0
0062317474	4.0
159514398X	4.0
B00IKKZIRW	4.0
0062107534	4.0
B004UN4B7G	4.0
0425240215	4.0
0062018965	4.0
B00CV30X2E	4.0
1476735271	4.0
1623804981	4.0
B00HCHHP8Y	4.0
0976604507	5.0
B00HA5SBC2	5.0
B007XAFECY	4.0
B0050COC8E	3.0
1615813780	5.0
0451414705	5.0
0425258394	4.0
0425251764	5.0
147000870X	5.0
B00DKOEE6E	3.0
1627982116	5.0
B00DUWZC76	4.0
0312668368	5.0
1455599220	4.0
1499505078	5.0
1451606834	5.0
0345545354	3.0
1597410640	5.0
B008RMAZSA	5.0
0425262413	5.0
1494392690	5.0
B00HFU5S46	3.0
B00H12A1UY	4.0
B00HTP1L7K	5.0
B00AK1IMXQ	5.0
145162641X	4.0
1490401822	5.0
1615819096	3.0
B00DQCU7RU	4.0
1477808620	3.0
B00GL3Q176	4.0
0345546679	4.0
0451234669	4.0
B00E3VTXJG	3.0
B00BW9FHOM	5.0
0425251756	5.0
0973346965	4.0
B0043EWX5Y	5.0
B00IA9TLBM	5.0
B00AMOODZM	5.0
0062317458	5.0
0857157477	5.0
061564385X	4.0
0980101883	4.5
1623804949	5.0
1455575224	4.0
B00HSOHSQU	4.0
B00CK55RJ2	4.0
B00BK7UE5I	3.0
B00BMU0EIA	5.0
061581414X	5.0
1476735247	4.5
0451234677	4.0
0595269141	5.0
1619215020	4.0
1743341474	3.0
B00KIZ6IPS	5.0
0062014552	4.0
0778315568	4.0
1603640339	4.0
1938383605	5.0
B00EICW1W6	5.0
B00CI3WCBM	3.0
1481016881	5.0
0758281129	4.0
1483901890	5.0
0062027875	4.0
1484920147	4.0
B00K5ZBYAU	5.0
031609983X	4.0
1609288998	4.0
B00JCELI60	5.0
B00EDDBT9G	4.333333333333333
B00D4KMZHY	5.0
B00HUWQBMC	4.0
0988715880	4.666666666666667
1481711164	5.0
1615815503	5.0
0451225740	4.0
0316178454	4.0
B00GOJN0US	5.0
1934531081	4.0
1590212355	5.0
B004ISLQCG	3.0
B00FJE9026	5.0
1481205072	3.0
1608090205	5.0
0804176809	5.0
0778315452	4.0
1934496359	5.0
B00KCAP936	5.0
1575661748	5.0
0692004645	2.0
0451232798	5.0
0778315460	4.0
0380812525	4.0
1475210507	5.0
0345504968	5.0
1615815597	5.0
1499752822	5.0
1937223000	5.0
B00BABTBWQ	4.0
B00FJ3CPCO	4.0
0615680046	4.666666666666667
B0092MTG70	4.0
0615877540	5.0
0984117571	4.0
1604359986	5.0
0425251837	5.0
1480278807	3.3333333333333335
0615890547	5.0
1460979796	5.0
1477653430	4.0
1623802261	5.0
0316228435	4.0
1456552309	3.0
B00FLKRA4S	5.0
034552893X	4.0
1479397032	5.0
1927715067	5.0
1935089544	3.0
B00E7XUGM8	5.0
1620151731	5.0
140228019X	4.0
0441019633	5.0
141043382X	4.0
B00E0MYF0K	4.0
148482606X	4.5
1484038487	5.0
B00HV83D76	4.0
1934166413	5.0
1619352389	5.0
0738712183	5.0
0451235843	5.0
0061924687	4.0
1484136950	4.0
0989246515	4.0
1482017229	5.0
B00FMX1QXU	5.0
0425251853	5.0
0778314154	5.0
1569702020	5.0
1586649574	5.0
B00J5O4AK8	2.0
B00HZ3NG74	2.0
0316159352	5.0
1492254398	3.5
1475210531	4.0
B00GLT2F2U	5.0
1937774120	5.0
1615815562	5.0
1420129783	5.0
0425217965	5.0
B00FH076RI	5.0
B00DFJNSNE	4.0
B00ERJMY9U	4.0
0062136003	3.0
1491286318	4.0
0615646158	4.0
B009ZCA21Q	5.0
189712662X	5.0
0425251802	5.0
0345501896	4.0
1484185064	2.0
B00H5I834U	4.0
1466276525	4.0
1928662072	3.0
1480083976	5.0
0425258424	5.0
146697320X	3.0
0684836270	1.0
0758207875	4.0
1934531251	5.0
0778327493	4.0
037321085X	5.0
B00BXNM9QG	5.0
0932870961	5.0
1477435360	5.0
B006J8QBH8	5.0
0060853972	5.0
1937007588	5.0
0886774268	5.0
1416989412	5.0
0615811752	4.0
B004QS98KU	5.0
1439170665	5.0
0756402166	3.0
0345265858	3.0
B00EZ8PNK0	5.0
B009JVSCO2	4.0
0060975598	4.0
0804176825	5.0
1481020838	4.0
1476751404	4.5
0062306022	4.0
1491008113	1.0
1466445661	3.0
1451695918	4.0
B00F8LQ1JK	5.0
0425257126	5.0
0778304736	5.0
B00F1R0RWI	4.0
073935650X	5.0
B005MKK0U8	5.0
1615814248	5.0
0425251829	5.0
B00CNQ7BG0	5.0
1616951966	4.0
B00BSX4U04	5.0
0957496168	5.0
0451238095	5.0
B008O53MOE	5.0
0473240610	1.0
0778314197	5.0
B00A7LJNS2	4.0
1608208958	5.0
042525710X	5.0
1492301205	5.0
1936185210	3.0
B008JI94PM	3.0
0988363267	3.0
B00AMIH8Y6	5.0
0425251810	5.0
0425245144	5.0
1250058236	4.5
1892065169	5.0
0451239350	4.0
B00BHQN6X4	4.0
0451238028	5.0
B00IHTA3QC	5.0
097977733X	5.0
B00589WQRS	5.0
0976422611	5.0
1451609108	4.0
0425247732	4.0
142012403X	4.0
1495208826	3.0
0615691560	3.0
1420124048	4.0
1612354416	3.0
0738733067	5.0
1480805629	4.0
B00653XLN4	4.0
1601831358	4.0
0778329216	4.0
B006Q6HCM6	4.0
0345537009	4.0
B00HXYM7HK	4.0
1463788363	5.0
1940652073	4.0
1615817395	5.0
1495443043	5.0
0957496184	5.0
B007Z4UI42	5.0
0316036218	5.0
0345531701	5.0
B00F4F0E3Y	3.0
1937223086	5.0
0525951954	5.0
B00JVSP3YA	5.0
149033274X	5.0
B00EJ7AAH8	4.0
045123801X	4.0
1466306882	4.0
156512250X	5.0
0451419634	4.0
0451461991	3.0
193732947X	4.0
1613098847	3.0
0786719524	5.0
B00APEYAMU	4.0
0345531736	5.0
B00C74R66I	5.0
1491226676	4.0
0425247759	5.0
B00A9H95JQ	3.0
1477571086	4.0
0373732589	5.0
1406332933	4.0
B009HD1MXU	4.0
B00J93293U	4.0
B00I15VLBS	4.0
0425260720	5.0
1490916636	4.333333333333333
0979777356	5.0
1909192295	5.0
B00DNPQSPK	5.0
0425234452	4.0
1495356744	2.0
0373773927	5.0
0345538366	5.0
0615731317	5.0
161315027X	5.0
B00BS9LGU0	1.0
B00BY5XRHI	5.0
1500196169	5.0
1615810773	3.0
0553576283	5.0
1423169395	5.0
1451646968	4.0
0727869817	5.0
1937223035	5.0
B00FK13WV8	5.0
161372568X	5.0
0452295580	4.0
1491296518	3.0
148188607X	5.0
B00I8P1KNU	4.0
1490355456	2.0
B00AZ8BADS	5.0
1402282729	4.0
0440245737	4.0
B00DKAH97O	5.0
1615810706	5.0
0451230973	5.0
0440212812	5.0
0425264270	5.0
1933389990	5.0
0345538390	5.0
045141523X	5.0
1623806658	4.0
014312272X	4.0
1489591095	2.0
B006WR5PIW	4.0
0451458370	4.0
B00B3KPBSW	4.0
1940165016	5.0
B00FIL334Q	4.0
1419970291	4.333333333333333
0738712175	5.0
0738736120	4.0
B00JRJXGWO	5.0
B00I2VUKKY	4.0
0373778791	3.0
B00CK52XJY	4.0
B00DK44LI0	3.0
B00HTAXTOS	4.0
1491065621	4.0
1466483059	5.0
B005VFXAOC	5.0
B00387FDF4	5.0
0062100033	4.0
B00K08STYG	4.0
B00GT6651C	5.0
1494751534	5.0
B00K9ODF5E	4.0
1490381716	5.0
0979777313	5.0
B00F6BFSZ0	5.0
0976422603	5.0
1482707691	4.0
0312349483	5.0
1484813642	2.0
B00B3YDF1S	5.0
0738733075	5.0
1467973270	5.0
1936782111	3.0
B0073V061M	2.0
0446528056	5.0
0451232704	5.0
1451695098	4.0
B00DK42O66	4.0
0758287100	5.0
0738712159	5.0
0989707334	5.0
0312306342	2.0
0373774397	5.0
0765331268	5.0
B00JM2DYMS	4.0
1484069684	5.0
1608208109	5.0
1477661875	5.0
0802721826	5.0
B00BTIEB5M	3.0
1250050367	4.0
0441008046	5.0
B0046A9Q7S	5.0
B006CRHK62	2.0
0991634209	5.0
1609285980	5.0
B00D4MUTB6	3.0
0425253694	4.0
1626491488	5.0
1490471103	4.5
B00KTK56P0	5.0
0425251063	5.0
B00KY8G61A	5.0
1484056345	4.0
0441014739	5.0
B00BLSMKYO	5.0
B006KGNTM4	5.0
0143124544	4.5
1939661188	4.0
1463583273	5.0
1606599364	4.0
B009I4RHFU	5.0
0615678645	4.0
B00KFMKU6W	5.0
B00EQIOK62	4.0
1573222984	4.0
1482632462	4.666666666666667
B00HX0B1BC	5.0
0615825524	5.0
042525237X	5.0
B00GXKIC8S	5.0
B00LE0W33M	5.0
0451239423	5.0
0425252388	5.0
B00JX5YTR8	5.0
0595092810	5.0
1620611279	5.0
B00J2G703I	4.0
B00IWAZG2W	5.0
1602728496	4.0
0547858647	5.0
160202037X	5.0
1927792126	5.0
1497596130	4.0
B00HGK8ZWM	3.5
1482747634	5.0
B009B4BXWU	3.0
1494205823	4.0
B0095JX7DY	5.0
B004EEORPW	5.0
1476741182	5.0
1494444410	5.0
006178320X	5.0
B00H9JGL08	5.0
1451656378	4.0
1482669781	4.0
0373132085	5.0
B00K11Q7VY	5.0
0989780716	4.666666666666667
1477489940	5.0
1439152780	4.0
1613720033	5.0
1484105796	4.0
B00HXJ52AE	5.0
0451460715	5.0
1569709513	5.0
0451238990	5.0
1481133470	4.0
1615813829	5.0
1495472418	5.0
099145703X	5.0
B004HZXHOA	5.0
0615752179	5.0
1493671898	4.0
B00727LIBY	4.0
1629290246	4.0
1402244428	5.0
B00E2QS6SG	5.0
0425229130	5.0
037373252X	4.0
1423170288	4.0
1623420768	5.0
0425252353	5.0
0441017800	5.0
0451235010	5.0
161581079X	5.0
0595440096	5.0
1603703691	5.0
146794825X	5.0
1492904260	5.0
B00E3W7LSK	4.0
0985323639	4.0
B00EWSE6R4	2.0
B00ADZHUDW	4.0
0345533429	5.0
1489512292	5.0
B00CVS2KHK	4.0
978160820X	4.0
1623005329	5.0
B00GSWF888	4.0
1451533969	3.0
0451458427	5.0
1476753164	3.0
0985323604	4.0
1491090561	3.5
B00GTVCXK4	5.0
B006I19EQG	5.0
0373131593	5.0
0985538562	5.0
0451171357	5.0
0373776985	5.0
1613720874	5.0
B004UHYPZK	5.0
1452662673	5.0
034553476X	4.0
1466324600	4.0
0615638589	5.0
098863340X	5.0
B00I1VX9YO	4.0
B00CP7M572	1.0
1489578897	4.0
1494812118	5.0
160928206X	4.5
B00KKZHJ9U	5.0
B00IDVBEYY	4.0
0670060550	1.0
0984499350	4.0
B00LWPCFZA	4.0
B00DFDDI7G	4.0
1623803535	5.0
B005SVWUW2	4.0
0956719287	5.0
B00DIJYWZO	5.0
1623804868	4.5
1495262375	3.0
161194211X	4.0
0615930255	5.0
1934531146	4.666666666666667
0988633442	5.0
0991426738	5.0
1494875713	4.5
0615592392	4.0
B00F7CJKAC	5.0
B00CO9R68O	5.0
1595548874	4.0
0312853033	5.0
0451237625	4.0
014242899X	4.0
0758281048	4.0
0956719295	5.0
B007IP3VM4	5.0
1908312963	5.0
1477508724	4.0
0985538546	5.0
B00HDSBXP8	3.0
1611183529	5.0
1497330084	4.0
1939564077	4.0
1934531154	5.0
0989318605	4.0
1416912045	5.0
1496030001	5.0
0553592351	5.0
B00FE3QMT6	5.0
B00G4JYE8K	2.0
0451237633	5.0
B00H69LNFY	4.0
0738719668	5.0
1782020136	2.0
0670026697	5.0
140225816X	5.0
1611880297	5.0
1492873535	4.0
0451457951	5.0
B00H130UTK	5.0
0312606842	3.0
1463573049	4.0
B00JTIME9E	5.0
B00EQC7HJK	5.0
B00I15VL86	5.0
0991426711	4.0
B003K16TME	5.0
150011300X	5.0
0956719260	5.0
0451233204	5.0
1484148037	3.0
0451234537	5.0
1416991689	5.0
0425251888	5.0
1481023012	4.0
0897542177	5.0
0451221230	5.0
0062187546	4.0
1615813896	5.0
B00I15VKWI	5.0
B00HY019I6	4.0
B00BHLGZJ6	5.0
0312890001	5.0
0956719279	5.0
B00KKSUQCY	5.0
1453635041	4.0
1471133567	4.25
0615748996	5.0
B00F5ARWZQ	3.0
0670014699	5.0
B00IGBAMJ4	5.0
B00ERAPWDO	4.0
0451234545	5.0
0061340782	4.0
B00F5DF9QC	5.0
B00GM00FDY	4.0
B00EV07TD6	5.0
1569702055	5.0
1423122607	5.0
1482314150	2.0
0451234553	4.0
B00CQWHYFE	4.0
0993702325	5.0
0425262553	5.0
1595783938	3.0
0684829916	5.0
B00BRK1EGQ	4.0
0425251896	5.0
1613723962	4.0
B009K54NPE	3.0
0446616176	2.0
B006GWZ1KK	4.0
1780882300	4.0
B00EYJ2LGY	5.0
1481083538	5.0
B00E1LAGAI	3.0
B008JHXMZ6	3.0
0684829924	5.0
0345528921	5.0
B00HBY2SSU	5.0
B00I2HG4DK	5.0
B00LC9KZNK	5.0
B00C026WKI	5.0
1938383915	5.0
149600275X	4.0
031253275X	4.0
B00JD7TX4A	5.0
0451140451	5.0
B00FUZQZZO	5.0
0758266510	5.0
0989451216	4.0
1596323272	4.0
0062267744	2.0
0385339151	5.0
B00BYLQP6W	5.0
0989163377	4.0
1601832168	5.0
B004MPRAG6	4.0
B00CJGUHR4	3.0
1613725124	5.0
1477585540	5.0
B009149ENA	5.0
B001892DIO	4.0
0937552933	4.0
147523130X	5.0
0991732766	3.0
1481152572	4.0
1555837638	3.0
1849030286	4.0
1491068116	4.0
1936307286	5.0
1499246773	5.0
B00G2EDARS	5.0
B008CLZKRC	5.0
0451460383	5.0
0373210515	5.0
B00HRLU924	5.0
0515152889	3.0
0312576366	5.0
B007V96SLS	3.0
0989175340	5.0
099173274X	4.666666666666667
B002KFD0VY	5.0
1933720484	5.0
0984965327	4.0
0615414168	5.0
B00EUBZS9I	5.0
0452297826	5.0
B006UON5ZW	3.0
0425257274	5.0
0345510089	4.0
1934531316	5.0
1615810811	5.0
1463514743	5.0
0062048503	5.0
B000VKVZQM	5.0
1451652003	3.0
B00CHUZHJU	2.0
1592797016	5.0
0738736023	5.0
0425251977	5.0
0425257282	5.0
1936413353	4.5
B002JGZAT4	5.0
B00HOKH5OS	4.0
0778329526	4.0
1483949273	4.0
B008M31VIC	2.0
B00BL9AOD2	3.0
1622661451	5.0
1402270216	4.0
B00436EZGC	3.0
B00J2GEM0W	5.0
B00C9P35GU	5.0
0425263908	3.25
B00436EZGM	5.0
B00I9KFMXS	5.0
0425251926	5.0
1477679995	4.0
B008ZDQHDS	3.0
0425245233	5.0
1493632876	4.0
B00K026F6G	4.0
0425269205	3.0
1611183626	5.0
B00KOGTM6I	5.0
1402280491	4.0
160928173X	5.0
1402284853	3.0
B005P9F5Y2	4.0
B00D0TAZQ2	5.0
1480144258	5.0
B00ASBPT16	5.0
1250007151	4.0
B0091I2S3Y	1.0
1490502408	3.0
B006I2RN9U	5.0
1908072075	5.0
1481953214	4.5
1608208818	5.0
0615494293	4.0
B00G6N3IA4	5.0
B00H50K9R2	5.0
0615933262	4.0
B00COA6HWY	4.0
0938817833	5.0
0345363310	2.0
0756407753	5.0
1490487190	4.5
B005JDRTEI	5.0
B00IDGC3V2	5.0
B00GLY8DR6	4.0
1470005867	5.0
0738727121	4.0
0425263924	3.3333333333333335
1402284888	4.0
148496604X	4.0
1480258296	5.0
1605044520	4.0
0345537122	5.0
0425246582	4.5
B004S81POK	4.0
B00K6PXFN8	4.0
1468110276	5.0
0451234839	5.0
0425263916	5.0
1461045401	3.0
B00DXXZAI8	5.0
1480032042	5.0
0785229213	5.0
B00IOV7OVU	5.0
0307740994	3.0
1420130439	4.0
0451233514	5.0
B00KF0URBM	5.0
B00AQ81JZG	5.0
1623803454	5.0
B00957T6IQ	5.0
1476714150	4.0
B00DT74XFY	4.0
B00DS6DN66	5.0
1402280467	4.0
0451450957	5.0
B00ADO64B2	4.0
B00BE7FA6M	5.0
B00958I9BU	5.0
1495490394	4.0
B00BWBENRM	5.0
B00748O78C	3.0
1495269655	5.0
1499707975	5.0
0062064630	5.0
1615810870	5.0
1490911081	5.0
B004SPEF1I	4.0
0385376154	4.0
B00727EPQ4	5.0
1481802224	4.0
1420875701	5.0
B0082ZE4R0	5.0
1475206313	4.5
B00DXKHIJU	4.0
1478382627	4.0
0451468279	2.0
B00HWVKINO	5.0
0758265247	5.0
149477125X	5.0
1623650143	4.0
B00457VITG	4.0
B00EMHHYL0	5.0
0764206192	4.0
0345537165	5.0
1451695160	4.0
042524217X	5.0
B00K5Y8BCK	4.0
1555835848	5.0
0425242188	5.0
B00B6JFKNG	5.0
0425197964	5.0
0345537149	5.0
1492351024	3.0
B00AHE23SQ	4.0
B00IQRN5GA	4.0
1492809438	5.0
1250015618	4.0
B00D63HZJC	4.0
B0056372HA	4.0
1609288394	5.0
147674355X	4.5
1461054397	4.0
0425242196	4.0
B00B5GH7HM	5.0
1495937216	4.0
1480114480	4.0
0451418883	5.0
0553577255	5.0
B00K5EH8YC	4.0
0738739936	5.0
0615531768	4.0
B00H6JBFAW	4.0
1476731535	4.5
B00I8ZGNY6	5.0
B00A9WU2B6	5.0
0345534905	4.0
0373125380	5.0
1480055549	5.0
1569708495	5.0
B00I5MBZK4	5.0
0758265220	5.0
1603702180	5.0
0983887918	5.0
0345537181	5.0
B00JRQ08HI	5.0
B0072IKLUC	5.0
B00BTFHQS4	4.0
1478243627	5.0
B00GF6BVXI	4.0
B00GPUXFF6	4.0
0979504821	5.0
1606597205	1.0
1569701857	5.0
0451231708	5.0
0374184445	5.0
1560235586	1.0
1623807867	4.5
1463765142	5.0
1935192809	5.0
1493752650	4.2
0446574481	4.0
1940071127	5.0
0804117586	5.0
1626490511	5.0
0984478701	5.0
0451468287	5.0
1476764468	5.0
1402258550	4.0
1627620516	4.0
B00FB7HIWA	5.0
1492889571	3.0
B0041OSC4W	5.0
0345534921	5.0
0451417518	5.0
0061965707	4.0
1493759256	5.0
0738726672	4.0
1934841048	5.0
B00E4WFF0A	4.0
1608200043	5.0
0988301318	4.333333333333333
0451239695	5.0
0981943667	4.5
B008BNEYDC	5.0
B00DDXKA1U	4.666666666666667
B00G1M18CK	4.0
1475278837	2.5
B009VM0QY8	3.0
1495935485	5.0
1496106164	4.0
034553719X	5.0
B0063H63KA	5.0
B004K6MK8U	4.0
B008UWGE3M	5.0
B00CUJ3UTM	5.0
1937551318	5.0
B00D4B53UE	4.0
B00CBPPSPE	3.0
0345534913	4.0
1602822204	5.0
1615810854	4.0
B00EUBGT7I	2.0
0142003697	5.0
0982160119	5.0
0099450259	5.0
1495927857	5.0
1935560166	5.0
0525954287	4.0
B004TGTZ5C	5.0
0425243486	5.0
145169346X	4.0
1605040908	5.0
B006OIRYTC	5.0
0425252493	5.0
1620612461	2.0
B00AIBQ6P4	5.0
0545561442	4.0
B003N3V61S	5.0
0451465261	3.0
B0086WQ72O	5.0
0738731285	5.0
098884690X	4.0
142012322X	4.0
0595385125	5.0
B00FCCGS84	4.0
0425264475	5.0
0985726733	3.0
B00IVSF77Y	5.0
B00GCVZEG6	5.0
B00HLX9Z3C	1.0
042524220X	4.0
1629550140	5.0
1927036380	4.0
0451465245	5.0
0989339270	4.5
0451237102	4.0
0425252485	5.0
1481952838	5.0
0802798225	5.0
1598831259	5.0
0981737285	4.0
0307932508	4.0
1601831749	4.0
1935540599	5.0
0312380828	3.0
0451234081	5.0
0062273655	4.0
0425255549	5.0
1600060951	4.0
1492973327	4.666666666666667
0451237110	4.0
B00CGKP6EW	3.0
0345543793	4.0
B00BD8ZTI6	5.0
1470040220	4.0
0738731269	5.0
1938786688	1.0
0984924019	5.0
0988273608	5.0
1933417471	4.0
0345542452	3.0
0989339246	4.5
B00BS3J7F2	4.0
1622538064	4.0
1477680055	3.0
1477672435	5.0
0451231813	4.0
1494282011	2.0
B00LH06W5O	5.0
1427830169	5.0
1455549177	4.0
0425242234	5.0
0312628110	5.0
0425252450	5.0
0756408148	5.0
147501080X	4.0
1492121169	5.0
014241977X	5.0
B00GCYPOHM	5.0
1482680858	4.0
B005FSIQKI	5.0
0615965652	5.0
B00HMP4JEO	3.0
0425253783	5.0
1493756168	5.0
B009ZJQ28Q	3.0
0758292058	5.0
B008C80X8Q	4.0
B00GTV1D4Q	5.0
1481158643	5.0
1934166391	5.0
1469955229	4.0
1476754144	5.0
0473254204	1.0
B005KDCOCE	4.0
B00C31H2VO	4.0
0373732686	5.0
0451239709	5.0
B00JO8YPG4	5.0
0307932540	5.0
B00JUCHUMK	5.0
1495291685	5.0
0451235363	5.0
B00I810LB6	4.0
0553584480	4.0
0525953019	4.0
1937551253	5.0
0992254817	1.0
B00AVC7SDY	4.0
149526842X	4.0
B005KD7CTO	4.0
B00K9O53UO	3.0
0345522893	5.0
B0082PXOQM	5.0
0984293035	2.0
B00CKN4QZU	5.0
B0090UJK84	4.0
1569707235	5.0
1497585368	4.5
B00HGW82TG	5.0
1490550100	5.0
0743435931	5.0
0738731293	4.0
1250043786	3.0
0989339289	5.0
B00GWP09YO	5.0
B00JDS1MVG	5.0
B00GBQ9H5Q	5.0
0615666337	4.0
1463542828	4.0
160272816X	5.0
0738736988	5.0
1402266952	4.0
B00EQANHJ6	5.0
149477920X	5.0
0345532244	5.0
B00HZU3LP4	4.0
147677594X	5.0
0451236637	5.0
B00563Y5ZC	5.0
0451235304	5.0
0425252418	5.0
1470124327	3.0
0425247058	5.0
B003TLMKQE	5.0
042524704X	5.0
1494488558	3.0
0425247074	4.0
0451235320	5.0
0451236653	5.0
1495404471	5.0
1482563975	5.0
045123796X	4.0
1565126319	4.0
1613721609	3.0
0425247066	5.0
1470070081	5.0
B00KLPW3K4	4.0
B00HY0GZD0	5.0
1617734748	3.0
0060175400	5.0
B007HQZ1HC	4.0
1937909557	4.0
141996920X	4.0
0988656647	5.0
0615875793	5.0
B009FX20X8	5.0
B00IGBGADQ	5.0
B00JD28AJ4	5.0
0425252434	5.0
B00AVA4NFW	5.0
B00CLD7G0Q	4.0
0778314421	4.0
1599985691	4.5
B00IM4RLQC	5.0
0756401569	4.0
0984020845	5.0
B00BEQP450	3.0
1402266987	4.0
B00IO05YO0	5.0
B00KMWQZPU	4.0
B00B687AX0	5.0
B00EBUPSLG	5.0
B00J1ROOZU	4.0
1490371788	4.0
1492976423	5.0
1499764529	4.0
B00DD0TZOQ	5.0
B00FX00BTM	5.0
B00AVA4NH0	5.0
B00IDU5OIW	5.0
0451458907	5.0
0425252426	5.0
1615810099	5.0
0345532260	4.0
0615887767	5.0
0345535316	5.0
B007Q2CBPC	4.0
1623800323	5.0
B00EORVJL4	4.0
1490412727	4.0
0446610771	5.0
B00KYZYJD0	1.0
1492305413	4.5
1499216181	5.0
0802721745	3.0
B00C7AK1F0	4.0
0983203326	5.0
B0058EAGYI	4.0
1586558471	5.0
1470033917	1.0
B007Q2VJGE	4.0
B00HK4EGY0	4.0
0965834565	4.0
B00CUEGU4E	5.0
0345523342	4.0
0425251993	5.0
1479188972	3.0
0981737242	4.5
0307741346	4.0
B00CZEIQMI	4.0
0143125567	5.0
1451521014	5.0
1478376848	5.0
1492161209	5.0
1484133714	4.0
098320330X	5.0
0425247023	5.0
0451412761	5.0
B004TNIXYY	5.0
B00FIN0UWM	4.0
B005Q13HO4	5.0
B00INHWULE	5.0
0615652581	4.0
0989121879	4.0
1612184758	2.0
B00FIN0UWW	4.5
061555749X	4.0
B00CBZATTE	4.0
B00AGGKQ16	4.0
B004EPYTAE	3.0
0983775702	5.0
0989339211	4.5
B00BSBR5R6	5.0
1555837549	5.0
0991841115	3.5
1601831730	4.0
0425247031	5.0
0758213247	5.0
0670025674	4.0
1478132744	5.0
0986879800	5.0
1469935678	5.0
B004AHKD9M	5.0
1484164881	5.0
B00JL1GWS8	5.0
0062089064	4.0
B00IU0T29C	5.0
0345535332	5.0
B00INF67LU	5.0
B00CYKHQW4	4.5
1615815740	5.0
0425260003	5.0
0451236629	5.0
0425263991	5.0
0062187414	4.0
B00LDTQ2ZY	2.0
B00HVFB1IM	5.0
B00K4LW0SU	4.0
B00JNKELZI	3.0
0425236447	4.0
1463763212	4.0
0425261409	4.0
1482639645	4.0
1480536466	4.25
0980101867	5.0
1933389796	5.0
B008O53T88	4.0
1300730862	4.0
B00JFGHXPU	2.0
1250035309	4.0
1460922638	5.0
098562776X	5.0
0615729614	5.0
B00HES323I	5.0
B00GKKU12G	5.0
160370776X	5.0
1598161024	3.0
1484935640	3.0
0061733954	4.0
B005S5O5CQ	3.0
0449006034	4.0
1492908495	3.0
0425244075	5.0
1442421762	5.0
B0083FXTB6	5.0
B004T3AXEW	4.0
0989269868	5.0
1451685033	3.0
B00KLDHOTQ	4.0
1609284089	5.0
B0092MTI9Q	5.0
0988194325	4.0
0451225805	3.0
1476744947	5.0
1494935953	4.0
1493686798	5.0
0140233946	5.0
149484172X	4.0
0425256081	4.0
045123474X	5.0
1419956655	5.0
148188669X	2.0
B00KUEZRSQ	5.0
B008EB3YAU	4.0
B005S6L6OU	5.0
1480092681	4.0
1601832060	4.0
0446563072	4.0
0373775938	5.0
B00FGFYIS4	4.333333333333333
061568906X	5.0
1432825542	5.0
0425270351	5.0
1937698971	5.0
0988194317	4.0
149171395X	5.0
1609288432	5.0
1481000144	4.0
1623803373	4.0
0615946429	4.0
B00C43FKHY	3.0
0441008755	5.0
B00CC68G7Y	2.0
0615980376	4.0
0738727024	5.0
0763656801	5.0
1619378590	5.0
B007CKQ2KS	4.0
0886774012	5.0
0425181685	5.0
0425232042	4.0
B00IHMDHW6	4.0
1940071097	5.0
0345538552	4.0
1615814469	5.0
0738727032	5.0
1451688997	4.0
B009P4RXRK	3.0
0991379632	4.0
B00BRW1A04	5.0
0985008628	5.0
1491008385	4.0
0738727016	5.0
B00EW9Y916	5.0
0345537203	5.0
0425236412	4.0
0425259994	5.0
042524668X	5.0
0425246698	5.0
042517140X	5.0
0671877437	5.0
0373778155	5.0
B009ZP5NNU	4.0
1623800285	5.0
0345803507	5.0
B003PPDAXQ	5.0
B00F0TWIIS	3.0
1934129232	5.0
B00BI4J0S0	2.0
B00KI4KIC8	5.0
0425256030	5.0
0738708720	5.0
B00C4U6MOC	3.0
0553589377	3.5
1598165410	5.0
0425236420	5.0
B008N5TI66	4.0
1897126891	5.0
0991379616	5.0
B003TU271I	5.0
0425244040	5.0
B005JE2H08	5.0
0345543912	5.0
B00C4G79F2	4.0
0425257355	4.0
0425262707	5.0
B00DE50M2E	5.0
0399155953	5.0
0385344406	5.0
1492299073	4.0
B00D9V7LR2	4.0
0062267884	4.5
0312853238	4.0
0312945833	5.0
1605040274	5.0
0425244059	5.0
0451231694	5.0
B00HAYV7KQ	5.0
B00FIL6SRA	4.0
1497497132	5.0
1586559990	5.0
0373211104	5.0
B00KOSOX2O	5.0
1492156590	5.0
0989104443	5.0
0312376855	4.0
1420125141	4.0
0441019455	5.0
0786963719	5.0
B008IVED8I	5.0
0727881744	5.0
1480170623	3.0
1492101400	4.0
1484823664	4.0
0345543939	4.0
1612185142	5.0
0992106818	5.0
087779930X	5.0
1490392602	5.0
1613725884	4.0
0143123866	5.0
B00A4EWS4S	5.0
0312376847	4.0
B009LR0PDK	5.0
0615581927	3.0
0451470672	3.0
0385344473	2.0
1489580174	3.0
0441020429	5.0
031609739X	4.0
0373211120	5.0
1934129291	5.0
1484159403	5.0
B009Y6AP8I	4.0
1627985247	5.0
0786963735	4.0
0380788144	4.0
156970709X	5.0
1467976970	4.0
1481835262	4.0
0989104427	5.0
B002YQ2JA2	5.0
1602606811	4.0
1620610574	4.0
B00B0FSH9A	4.0
0547229895	5.0
1598830120	5.0
B00DP7UCG2	5.0
0062127756	4.0
1934166251	4.0
1481275119	5.0
0062333038	4.5
B004Q3RL4U	5.0
0425153789	5.0
0425259978	5.0
1492740357	5.0
042525996X	5.0
1560235683	5.0
B007TCQKRY	4.0
0615715095	5.0
0312376863	5.0
B00IMEYM2S	4.0
161372456X	3.0
1250014409	5.0
142012515X	5.0
0345537270	4.0
B00DC244DW	4.0
0062103733	5.0
B00HI04BEG	4.0
1935540653	5.0
0425246671	5.0
1439178321	1.0
B00E5UZ66E	4.0
162380647X	5.0
0957309422	4.0
0977867048	5.0
0854491627	5.0
1420118803	4.0
096772550X	5.0
0373210698	5.0
B00L2LLC0S	5.0
1494863197	4.0
1455859184	4.5
B004W9CMII	4.0
B004CYERLS	5.0
0989104400	4.333333333333333
1495469883	5.0
0425230260	4.0
1603707743	5.0
1608201236	5.0
0425255565	5.0
0345517695	4.0
1935192949	5.0
0451239547	5.0
B00CK51JT4	3.0
1420118811	4.0
B00CC68FMK	4.0
0975088491	5.0
0425255557	5.0
0758201931	5.0
0307596869	3.0
B00JJZLJRU	3.0
1423399269	3.0
B00IH487I8	4.0
0373776373	5.0
B006QADQ5E	5.0
B003370JSK	4.0
0615868401	2.0
0451416309	5.0
0425230287	5.0
0345533712	4.0
1476755604	4.5
1481006290	4.0
1492188123	5.0
0425255581	5.0
1569708398	5.0
1479283231	4.0
1595964819	5.0
1619212676	5.0
B00L85OBBU	4.0
B00F942VRC	4.0
0425255573	5.0
1423124235	5.0
B00BSB5B2M	5.0
B0054LNYJE	5.0
161372327X	5.0
1420125125	4.0
1499215738	5.0
1615810978	5.0
B00C5TOCTE	4.0
0451238249	5.0
1613723296	3.0
1569700435	5.0
0061733970	4.0
0425212408	5.0
1477805028	2.0
B0067MYS3U	5.0
1449593089	5.0
0989492559	5.0
0886773520	5.0
1477807683	4.0
B00HLME45W	4.0
045123961X	5.0
B00ECNT9AS	4.0
B0092MPUNY	5.0
1610090314	4.0
1402297173	4.0
1600091369	5.0
0425244989	5.0
0595190146	5.0
0983797870	5.0
B00JL41NPW	5.0
0451226321	5.0
B00JQKMOQI	4.0
0985129646	4.0
0515147400	4.0
1420111388	5.0
1484020162	3.0
B00DSDPTTI	5.0
1600377483	4.0
0615961142	5.0
0452297060	5.0
1478333626	5.0
1481018361	4.0
1482004992	4.0
0452298385	5.0
0425244997	5.0
1626490392	5.0
0373211082	5.0
0446542962	3.0
1482781336	4.0
B00HANNA9S	5.0
B00629ZTOU	3.0
B006M3Y9ME	4.0
B007ETKYNI	4.0
0758211376	5.0
B00GVZZQ2A	5.0
B00GZK6N8C	5.0
0996005412	5.0
B003YOSYYS	5.0
0425255662	3.0
1492793639	5.0
B00A6NG154	4.0
B00KYFNFW6	5.0
B00HAGFLJM	4.0
0425209725	5.0
0756408008	4.0
B00BKTNDD6	5.0
0778313859	5.0
1569708479	5.0
B00CU4RX22	1.0
1494962772	4.0
1608200884	4.0
1613724624	4.0
0425246701	5.0
B00KCE1ISM	5.0
B00GEEB4U6	4.0
0843954752	4.0
0425251292	5.0
1555839487	5.0
0451240634	5.0
0451237005	5.0
1477805052	5.0
1938383125	5.0
1469982781	4.0
B009T9SCOO	4.0
B00IBHSZ4M	4.0
B00422LLMS	3.0
B004BA56ZE	5.0
B00I027XG4	2.0
0984825932	4.0
1590210492	5.0
B007HBKNG6	5.0
0547237448	5.0
1470027399	5.0
148480399X	4.0
0615650082	5.0
B00IU23HZU	5.0
B00GKBHISA	5.0
1569701849	5.0
B007ZFDTWE	5.0
1402277598	4.0
B00KIRNA3Y	3.5
042526890X	5.0
1623221064	3.0
B00FO60CH6	5.0
0312653832	5.0
0451235231	5.0
1477805060	5.0
0425251241	5.0
0425252574	5.0
034553364X	5.0
0996029419	5.0
1476755590	4.782608695652174
0451415086	5.0
030728090X	5.0
B00HI9DL0W	4.0
1623806399	3.5
B003XVYGXK	4.0
0425265889	4.0
1481982559	4.0
B00JPN5FMG	5.0
1466426330	5.0
1466208171	5.0
1419950509	3.0
1615818049	5.0
B004TDN7SG	4.0
0425252566	5.0
148230810X	2.0
0979066158	4.0
0425240592	5.0
0812979575	5.0
045141506X	5.0
148121425X	4.0
1402269919	4.0
1599904349	4.0
B0066T25E8	3.0
0345536703	5.0
0545597587	4.0
B00BS3AE7W	5.0
1402266898	4.0
0989972887	5.0
1426713169	3.0
0062218964	4.0
B00FMRSS3W	5.0
1620612321	4.0
148115981X	5.0
B00BYK0OE2	5.0
B00HCUWVSU	5.0
1937733009	4.0
1250014468	5.0
B002WB0ZSC	5.0
1490530614	5.0
B00HFA9QBM	5.0
1462003907	4.0
146854389X	5.0
0316196142	5.0
B00361EXIA	5.0
162380941X	5.0
B00HJ695KO	5.0
B00DZSOC62	5.0
0446520721	5.0
149284960X	3.0
1603815503	4.0
1490515011	1.0
0988585901	5.0
006221893X	4.0
B005WXN1RE	4.0
0142180882	4.0
B00H3I2172	5.0
045123524X	5.0
044900127X	5.0
B009AB2U2Q	2.0
B006J372FS	5.0
0152058265	4.0
0061996165	3.0
B00EXTVSHI	5.0
0989972860	5.0
1475191626	4.0
161309910X	3.0
B005DOWX8U	5.0
1492827436	4.666666666666667
B00KLRM1NQ	3.0
B008WHJIPG	5.0
B009ZKEA20	5.0
0786003545	5.0
1402266839	5.0
0425240541	4.0
1608203042	3.0
0785229191	4.0
0451237862	5.0
1611099188	4.0
0425238237	5.0
B00GENANEU	4.5
B00KTI9R6Q	5.0
B00LP0NPB0	5.0
1432793578	4.0
1623800269	5.0
B00FOAAM3G	5.0
0451467973	3.0
1492767387	5.0
1481936603	4.0
0385519729	4.0
0425241890	5.0
0425252558	5.0
0670025593	4.0
1416998071	4.0
1419958437	5.0
1460918681	4.0
B007T9QEKK	4.0
B00CMI2SYY	4.0
B00AMIX8L8	5.0
194056509X	5.0
0451467965	3.0
1602021481	5.0
0425238253	5.0
1463752601	3.0
1605044555	4.0
B004HKIGS2	5.0
0985386517	5.0
0143124382	5.0
1493661442	4.0
0425238261	5.0
1491269650	4.5
B00ET55KLQ	5.0
0425240576	4.0
1591331935	5.0
1499324855	4.0
0425157229	5.0
B00J83JHCW	4.0
0749908971	4.0
1451684681	4.0
1500140872	5.0
1611099137	5.0
0515140880	5.0
B00AX19UG6	5.0
0452297095	4.0
B007QHJURE	5.0
0441017630	2.0
1450200850	4.0
1937252272	5.0
098997281X	5.0
B00II9EBH8	4.0
1781845123	5.0
B008QY8YGY	5.0
1440486247	5.0
0989492508	5.0
B00DTZ3PAK	5.0
B008O53SPW	5.0
1595829547	3.0
0987320726	5.0
1613721528	5.0
0778314332	4.0
B006IP5QZ0	5.0
B00CJFMX8G	5.0
1478220198	3.0
0984825916	4.0
0345506936	1.0
1402275757	3.0
1451684665	4.0
1453860959	5.0
1937252264	4.5
B00ESFDZPK	5.0
B0062OCP74	4.0
B009T9SCDA	4.0
0451232143	5.0
B00HZ1E544	5.0
B00HBTG2AK	5.0
0425262790	5.0
B00CNDJ6PM	5.0
1466293683	5.0
1455820067	5.0
B00GF0BJWW	5.0
B00E9DHLFG	5.0
1482687313	5.0
149744814X	4.0
B003NX7BZ8	5.0
B00GSC9SUM	4.0
B00B6JFK9U	4.0
1250009952	4.0
0425241866	5.0
B00GKKU0OK	5.0
B00DYTYI20	5.0
0425207978	4.0
B00HZ1E530	4.0
1497382742	5.0
1490368078	5.0
1603701656	5.0
160928402X	5.0
1483953173	4.0
1451684649	4.0
0451237838	5.0
0425252507	5.0
0451466683	5.0
1569707987	4.0
0985817038	4.0
B00EBEFDXA	5.0
0679733760	5.0
B00IO3QQZI	4.0
B00BH0VTQG	4.0
1495234967	4.0
045123782X	5.0
B00LWBR25M	5.0
