0385528701	4.0
0446555118	3.0
0312429509	4.0
0761456368	5.0
0936552034	3.0
0345806093	5.0
1841765619	5.0
039333077X	2.0
0062070223	4.0
031044022X	5.0
0765343800	5.0
000649885X	5.0
0374532281	1.0
0062024329	2.0
1569474338	5.0
0373622430	2.0
0919934900	5.0
0062277324	4.0
0517703912	5.0
1118515668	5.0
034552795X	4.0
0060198338	3.0
1476704589	3.0
0805088946	5.0
0745680968	2.0
055380653X	5.0
0061824747	5.0
0304357146	5.0
1891369245	4.0
0385537654	4.0
0898705746	5.0
1594487251	5.0
015100692X	5.0
0061567159	3.0
0553108301	5.0
0307949613	4.0
039587744X	4.0
0778315118	4.0
0071422706	4.0
0061934364	5.0
1605984809	3.0
1477805966	3.0
1250038944	3.0
0470384611	4.0
0385736800	3.0
0789749173	5.0
1591025397	5.0
037543318X	4.0
0002007770	4.0
0133384225	4.0
1606844393	4.0
0898041406	5.0
0007190042	5.0
0449211177	3.0
0385536356	5.0
0345311949	4.0
0061558230	5.0
0743417518	3.0
0553099744	2.0
0385351488	4.0
147780594X	5.0
1477805958	3.0
1469289652	5.0
0061709719	5.0
1118641345	5.0
1118115554	5.0
0553298062	4.0
1477816607	4.0
0886775299	4.0
0374177023	5.0
0375701427	5.0
0310220173	3.0
0156031914	4.0
0811866688	5.0
161696183X	4.0
0778315126	5.0
0345352467	3.0
0061257095	5.0
039589171X	4.0
1477849505	3.0
0439136350	5.0
1401941214	5.0
0373002211	3.0
1936976226	5.0
0385741391	5.0
0380012863	5.0
0316024740	5.0
0062276026	2.0
0553298054	3.0
0761461701	5.0
1455522317	3.0
031233513X	3.0
0062279939	4.0
0671667211	3.0
0452283884	4.0
0765340739	3.0
0761456325	5.0
006219447X	5.0
0307291146	5.0
1477817972	4.0
042519681X	2.0
0240810880	5.0
0345467779	4.0
1422192199	5.0
159420571X	5.0
0373778287	1.0
1936976234	5.0
055380782X	4.0
013306476X	5.0
1596060581	4.0
0684838575	4.0
0761456333	5.0
0684855925	4.0
0394499735	5.0
0307743802	5.0
B004TQNNIW	5.0
0375701451	5.0
0547506147	3.0
0312060270	4.5
0151005648	3.0
1595549013	4.0
0770434169	5.0
1118141849	3.0
0553298038	4.0
0316592382	5.0
0385743114	4.0
0062105450	3.0
0312655452	5.0
0544000137	3.0
1611090733	5.0
1440561222	5.0
0062224840	1.0
015101325X	5.0
0761456309	5.0
0345425960	5.0
0778321835	5.0
0789749130	5.0
0312282907	3.0
1477848215	3.0
038553762X	5.0
0385536313	5.0
0805093494	5.0
0316734942	5.0
0312428243	5.0
0761458972	5.0
0330412744	3.0
0307718867	4.0
0932040381	5.0
0895262479	5.0
1855321106	5.0
0745649262	4.0
0446555126	3.0
0470257636	4.0
044657869X	5.0
1611090717	5.0
1594204411	3.0
0375414819	5.0
0373002254	5.0
0099914700	3.0
0805096531	4.0
0316734950	5.0
140000523X	5.0
0440226023	3.0
0062279971	5.0
0060828412	4.0
4805312289	5.0
0385420536	5.0
0061230898	4.0
0553106503	5.0
1453299335	5.0
0809045990	1.0
0312272766	5.0
0679761691	5.0
0679727779	2.0
0062060023	4.0
1400069351	5.0
159420442X	5.0
1475002955	1.0
0345345304	4.0
1594204438	4.0
0399152393	3.0
0199964270	4.0
0761454594	5.0
0380817934	4.0
0345359941	5.0
034552537X	5.0
0470484098	5.0
0743470567	5.0
0061803863	4.0
0060840978	1.0
0750686154	4.0
0307594122	5.0
1477809473	5.0
0375869204	4.0
1558324151	4.0
054784865X	5.0
0517886537	5.0
0132965054	3.0
B003S3S36E	4.0
1612184189	2.0
0953797643	5.0
0151997357	5.0
0380817926	5.0
0778315193	4.0
1855859262	3.0
1440561265	4.0
0316150487	4.0
0240812611	5.0
009953682X	5.0
078688861X	5.0
0399155406	5.0
0312873794	4.0
0230342256	2.0
034542333X	3.0
0778327183	5.0
0143057464	3.0
0062228323	4.0
076532640X	5.0
0977434907	5.0
1591791707	5.0
1594205795	3.0
0062136585	3.0
1602600155	3.0
0393039242	5.0
0062135252	3.0
0547577397	5.0
1477809481	2.0
0679781277	5.0
0007491263	3.0
0385534574	5.0
0375409440	5.0
1455512125	5.0
0866221387	5.0
054404584X	5.0
0778327191	3.0
0544148304	5.0
038541952X	4.5
0226393747	5.0
1573221376	4.0
0307587827	5.0
0618705643	5.0
0307908259	1.0
0547254725	4.0
0062225286	5.0
1107017351	5.0
0761453245	4.0
076145456X	3.0
0151002517	5.0
0061242845	4.0
0375409432	5.0
0316154865	5.0
1439155585	3.0
0778320553	4.0
0544191188	3.0
0060929103	5.0
0099523558	4.0
0805069798	4.0
0761455876	4.0
0345435397	4.0
0802120466	5.0
147780949X	4.0
0547972598	4.0
054797258X	4.0
0345435389	4.0
0471119784	5.0
1401939813	2.0
006221635X	2.0
1118686276	5.0
007148499X	1.0
0755392108	5.0
0060508175	4.0
0312199511	4.0
1623651298	4.0
1616201320	4.0
0310257433	4.0
0385742657	5.0
0718178122	5.0
0470414960	4.0
031215593X	4.0
1596915595	3.0
0061136786	3.0
0307595412	5.0
0895296721	5.0
1852427159	4.0
0399167439	5.0
0261103288	5.0
038553809X	4.0
0842332340	4.0
0805070788	5.0
0967310806	5.0
0399163077	4.0
1477805907	4.0
0761451498	5.0
B003RWS5Q4	5.0
0307377938	2.0
0743292332	3.0
0385495315	5.0
039458404X	4.0
0671023934	4.0
006232246X	5.0
0684833743	4.0
019982830X	5.0
0307888940	5.0
1612184197	5.0
0312353839	5.0
0752874209	4.0
1600775411	4.0
1477805915	5.0
038548335X	3.0
0060192216	5.0
0312864876	2.0
0061995363	5.0
1612181937	3.0
0804138281	4.0
0684842696	2.0
0684867974	5.0
1853918490	5.0
1477805931	4.0
1573222666	3.0
1477813535	1.0
1558747796	5.0
B007B2G0KY	4.0
0875420508	1.0
0446616605	5.0
0684018721	5.0
1400318432	5.0
0765309076	4.0
0345410076	5.0
1594204497	5.0
0761462155	5.0
1594170525	5.0
1118479416	5.0
0811871150	3.0
1250000335	5.0
0756407591	4.0
076531004X	5.0
030681188X	4.0
0316929190	5.0
1477809503	3.0
0307277674	1.5
0316155306	5.0
1250047080	3.0
0060172517	5.0
0802120385	3.0
0385535910	5.0
1455515140	4.0
0307700682	5.0
1250020832	5.0
0380803240	4.0
1594203199	4.0
0765333562	3.0
0544105192	4.0
0875968805	5.0
0805094725	2.5
0060254920	5.0
0307907767	4.0
0373777795	2.0
0060792833	4.0
0062293478	2.0
1572241950	5.0
1477817131	5.0
0140252800	5.0
0062225308	5.0
0310334985	5.0
0142800902	5.0
1433523493	5.0
0830813241	5.0
0385347340	4.0
0375867422	5.0
1597496472	4.0
0345472365	4.0
0547763271	5.0
038534998X	4.0
110767932X	5.0
0062089641	4.0
0761462252	5.0
1433526514	5.0
1250006538	5.0
0373777787	3.0
0812967224	4.0
0399146415	2.0
0399155368	4.0
0743250532	4.0
0380803267	5.0
0374280991	3.0
1250003482	4.0
0679644881	5.0
0553568159	3.0
0544105176	5.0
1612187145	3.0
0547939949	4.0
0060584750	4.0
0778324869	4.0
037550186X	4.0
1585422789	4.0
0766144550	2.0
0374388296	3.0
0143034758	5.0
0761455949	4.0
0062259539	2.0
1596916982	5.0
0802120350	5.0
1433213265	4.0
0062110780	5.0
0375868771	3.0
0156006189	5.0
1250003490	3.0
0544028589	5.0
1118510887	5.0
0385347316	5.0
0547939957	5.0
0307378497	5.0
0307406954	5.0
0671510053	5.0
0547466323	5.0
0385336675	5.0
0060508183	4.0
0671035827	3.0
0062235591	4.0
1439197334	4.0
0062205749	3.0
1606842633	4.0
0307389189	4.0
0310201063	5.0
0330491636	4.0
1611099099	5.0
1118464354	2.0
0345532449	4.0
0399163808	4.0
1426760493	5.0
0802144314	3.0
0802122124	4.0
0385267649	5.0
0767903145	5.0
0345481283	5.0
0761462201	5.0
1475041799	3.0
0062093703	5.0
0061964204	5.0
0373777752	3.0
0141013451	3.0
0316066524	5.0
0373777736	5.0
0345533763	5.0
0062503731	1.0
0399147799	3.0
1451672721	4.0
1118130278	5.0
0865478910	2.0
0778324893	5.0
0380794764	4.0
1623651204	4.0
0547898169	5.0
0375707670	5.0
0123877660	5.0
1477817166	2.0
1604334908	3.0
0345345207	5.0
0781805503	5.0
0345472357	5.0
0684845695	4.0
0761452869	5.0
1118134664	3.0
0307594130	3.0
0805065377	5.0
1442366109	5.0
0143124862	4.0
1440556652	4.0
0439688825	5.0
161218717X	3.0
0385350996	3.0
0547640234	5.0
0544029003	4.0
0982021305	1.0
0345430514	4.0
1467708879	4.0
0307732215	5.0
1568493703	5.0
0385737386	4.0
0375501851	3.5
0312304099	5.0
B0090SQZ9S	3.0
0399167382	4.0
1250002125	5.0
1601425082	3.0
0312427719	5.0
0345497627	5.0
0547792638	5.0
1423171020	5.0
0062133438	5.0
0399158421	3.0
0812982886	5.0
1118451023	4.0
1451655398	4.0
0133115291	5.0
0596517963	4.0
0307951030	5.0
0553295780	1.0
1477807721	4.0
0778315975	3.0
0452265177	4.0
1400068819	4.0
0345803787	2.0
0745661815	3.0
0393047644	5.0
0385490526	4.0
1439102120	5.0
1440533113	3.0
1611099056	4.0
0446178608	5.0
0375838929	3.0
1477488138	3.0
0310324793	4.0
0385498497	5.0
0062128027	5.0
0312319142	5.0
0547661193	3.0
0553095404	2.0
0316154059	4.0
0062290363	3.0
0307961206	3.0
1414387857	4.0
1612184987	4.0
0778314650	4.0
0062004794	4.0
080508889X	4.0
0586021868	5.0
0062026127	3.0
0802122159	2.0
1608680150	5.0
1491513551	5.0
0385616066	4.0
0345523539	5.0
1612183654	3.0
0307885941	4.0
067157714X	5.0
0440993717	4.0
0312950489	4.5
0745669786	4.0
0399507914	5.0
1477849580	2.0
0375412174	4.0
0345531175	5.0
0802122140	5.0
014028009X	2.0
0778315991	2.0
1250047021	3.0
1609580427	5.0
0307464873	5.0
0316154075	4.0
030759064X	5.0
0060083972	5.0
0761461779	5.0
0345391101	2.0
0307278948	4.0
0192835793	4.0
0781444993	5.0
0761452834	4.0
0553582437	4.0
0312377037	3.0
1414310552	3.0
1477807756	5.0
1400052467	5.0
0062268414	2.0
1612182305	5.0
0385340761	4.0
0062084801	3.0
0099529734	5.0
0743289641	5.0
0753177196	5.0
0140058508	5.0
0385739915	4.0
1250035058	3.0
0385351410	2.0
0316154067	3.5
0310221536	5.0
0375700188	4.0
0307452891	4.0
0778325326	5.0
0061714321	4.0
1555976425	5.0
1440533156	3.0
1612183689	5.0
0761458107	5.0
0006479758	5.0
1401359736	4.0
1612186718	5.0
0688100120	3.0
0440236355	5.0
1441830707	4.0
006218850X	5.0
1933662336	5.0
081185647X	3.0
184176115X	3.0
0761123695	4.0
0440203430	4.0
0399153608	5.0
0060956690	5.0
0062190830	5.0
034553686X	3.0
1400008387	5.0
006123883X	4.0
0345534212	5.0
0770436854	4.0
0060574534	4.0
0307962571	5.0
0307591972	4.0
0778326675	3.0
0805095187	5.0
034543059X	3.0
0761458123	4.0
0553375628	5.0
1452124574	4.0
1401302866	4.0
0062078178	3.0
0061774804	4.0
0312987722	4.0
0770436889	2.0
0060921161	3.0
1594487340	4.0
0062198793	5.0
0385535066	5.0
0736909893	5.0
0062235540	5.0
0345441249	4.0
0062259512	5.0
0312623038	4.0
1573223093	4.0
1400064473	4.0
006200476X	5.0
0756402697	4.0
0812969057	4.0
0307406989	5.0
0385507836	1.0
0062037676	3.0
0385350112	4.0
0307961222	5.0
0062117378	5.0
0446605174	4.0
0345453204	4.0
0553383256	5.0
0805095160	5.0
0670015652	3.0
161218233X	5.0
0312591837	3.0
1855326078	2.0
0374521603	5.0
1477817107	5.0
0312304927	4.0
1481402854	3.0
0849948290	5.0
0061009881	4.0
006227306X	5.0
0310207088	5.0
0393019578	5.0
031020707X	5.0
0385342438	3.0
0988767325	4.0
1612186637	3.0
0061007226	5.0
0143142798	4.0
0451452615	4.0
140194244X	3.0
0062107968	3.0
0061991066	2.0
0544142934	5.0
0778326586	4.0
B0052F4KKE	5.0
1414383649	5.0
1594486034	3.0
0778325253	4.0
0375724885	5.0
1603583882	5.0
0395944023	5.0
1595147004	5.0
0553110721	4.0
0740755234	4.0
1585424382	5.0
1118775082	5.0
0140275363	5.0
0156717700	5.0
0440129613	4.0
0062069128	4.0
0714839388	5.0
0062026879	5.0
1250007070	5.0
0345533054	5.0
1452668388	3.0
0312569912	5.0
0310441692	3.0
0312540272	3.0
0062232509	4.0
0140274065	4.0
0671023179	2.0
1451623828	3.0
0849948274	5.0
1572318090	5.0
0062257803	1.0
0811866793	5.0
0061726168	4.0
1596061103	5.0
1400323703	4.0
1612183581	5.0
0770436056	4.0
0201328003	5.0
1594486050	5.0
0345517830	5.0
0307949702	5.0
0062069144	2.0
1455521175	5.0
0425193896	4.0
0310949912	5.0
0812983386	4.0
0307275833	3.0
0881505811	5.0
0547953569	4.0
1585428760	5.0
0743496477	5.0
0310439361	4.0
0310207096	5.0
0778315002	5.0
1401910858	5.0
0786888598	3.0
0451224728	5.0
0195182685	4.0
0449223043	4.0
0385537794	5.0
0865473927	5.0
1570761590	5.0
1250010691	5.0
0375408061	5.0
0385527519	5.0
037541472X	4.0
080702208X	5.0
076416564X	5.0
0380977923	4.0
0345545087	3.0
1477847022	5.0
0312253486	3.0
0765316110	2.0
0544129911	4.0
1623650925	3.0
0764552481	3.0
0312180861	4.0
0785249397	5.0
0061707872	5.0
0312965680	4.0
0307477401	5.0
0871591073	5.0
081120099X	5.0
1250007038	5.0
0684818868	5.0
0553564684	3.0
0060515163	4.0
0803740514	5.0
1477812393	1.0
0805097767	3.0
0547196210	4.0
0743286391	3.0
1400069432	5.0
1616951508	4.0
0449912558	5.0
0399157905	4.0
0446521000	5.0
0060393203	3.0
0547622376	5.0
0062194348	5.0
0062047752	4.0
0312539223	5.0
0618319409	5.0
0307885151	5.0
0062069187	4.0
0399165525	3.0
193108100X	5.0
0394724135	5.0
0062297031	4.0
1594486093	4.0
0684829533	4.0
1118094808	5.0
0544113543	3.0
0385334842	3.0
031225346X	3.0
0195399781	5.0
0345458974	4.0
0761458859	5.0
0062257838	4.0
0345457641	5.0
0061535680	3.0
0375411666	5.0
0761453172	5.0
0385537751	3.0
0373777086	5.0
1937707784	4.0
1433532492	5.0
0340898917	3.0
1250034604	2.0
0813912660	5.0
1611099854	5.0
0062008129	5.0
0743571398	3.0
1119970563	5.0
037570745X	3.0
0385537700	5.0
0765312581	4.0
0380790254	4.0
0446564109	5.0
0061998532	2.0
037377835X	3.0
0674026578	4.0
0310240506	5.0
1118678567	3.0
0553804642	5.0
1611099862	3.0
0394529154	5.0
0385336608	2.0
0062008110	4.0
1594204306	5.0
1477809597	4.0
071563318X	4.0
1612185398	3.0
0802119557	3.0
1939337399	3.0
161218538X	3.0
0425244237	5.0
0307409368	5.0
1400068142	3.0
1442482540	5.0
0547367546	4.0
0060648317	5.0
0307908348	5.0
1603584323	5.0
0307360318	5.0
0201632888	4.0
0300166311	3.0
0395759242	4.0
014101587X	5.0
0307908364	5.0
0340899360	5.0
0802120520	2.0
0807400556	5.0
0547555008	4.0
1250016843	5.0
1558324275	5.0
0345541537	3.0
0547852835	5.0
1623651352	2.0
0375502327	4.0
031214380X	5.0
054792853X	5.0
1611099846	5.0
1118247213	5.0
1888809655	5.0
0778315088	3.0
0743226712	5.0
1400202515	3.0
0060905204	5.0
1250063183	5.0
0778315096	4.0
0373778376	2.0
0143057340	3.0
111872562X	5.0
0345444388	4.0
0091636809	5.0
0373210493	5.0
0446608912	3.0
0373778317	1.0
0886773326	5.0
0060838728	4.5
0425141551	4.0
1118434668	5.0
0743400542	3.0
1600476902	4.0
0062283235	3.0
0143036475	4.0
0805093311	3.0
009949308X	5.0
0895554658	5.0
0671536818	5.0
0618658653	4.0
0306821931	5.0
B009JW2AXK	5.0
0345470664	2.0
0061032212	3.0
0140167773	5.0
0062107909	5.0
1612187137	5.0
0062102222	5.0
0062284576	2.0
1452271895	5.0
0312640242	2.0
1476702918	5.0
1250003504	5.0
0385337981	5.0
0330461001	5.0
0310950945	5.0
0765316978	5.0
0385743874	3.0
0062116851	5.0
0062065653	4.0
0375703918	4.0
0399157980	5.0
0761454403	5.0
3906196003	4.0
1401686354	5.0
0764124285	5.0
1423164911	4.0
0375711538	4.0
006097771X	4.0
1841760897	4.0
054761215X	5.0
1250047978	3.0
0547612168	5.0
1612184073	5.0
0373210442	4.0
0399155317	5.0
031033716X	5.0
0446573051	5.0
1118339215	5.0
0544107713	4.0
031255835X	5.0
0761455744	5.0
0380803232	4.0
1433527073	4.0
1401686370	5.0
0982555032	5.0
0340953616	5.0
1416558861	5.0
0671892878	4.0
0345422171	3.0
0778324834	4.0
0062220500	2.0
0874778654	5.0
0310331862	5.0
0310950929	5.0
0345475526	4.0
1250006651	5.0
034580676X	5.0
0451225228	5.0
006222106X	4.0
006193142X	4.0
0307594076	5.0
0312205767	5.0
161218703X	5.0
0307381307	4.0
1596438924	4.0
B0084B08HM	4.0
1477817255	5.0
0553092421	4.0
1442450894	5.0
0195038347	5.0
1855323028	3.0
1118443500	5.0
0307452956	3.0
0140270590	4.0
0770435602	5.0
0761455841	4.0
1585744972	5.0
1439126062	4.0
0812981618	5.0
0679724672	4.0
0399156585	5.0
0373892780	4.0
0140293248	4.0
0060185716	5.0
0544061039	3.0
0393037304	5.0
0547625383	3.0
185391908X	5.0
0743400526	3.0
0671662341	5.0
0672331195	5.0
0830834079	5.0
0380977109	5.0
055338628X	3.0
1888767340	2.0
0307464911	5.0
1401935230	5.0
0307951103	3.0
1433522268	5.0
0679600507	5.0
0521757800	4.0
006222543X	5.0
1118273834	5.0
0310333555	5.0
0515121495	5.0
0399144587	4.0
0618127135	5.0
0307266869	5.0
0151012709	5.0
0544109414	2.0
0974029092	4.0
0385350848	4.0
0345524926	5.0
0849946514	5.0
0061051403	3.0
0451203895	4.0
1433530708	5.0
0240811348	4.0
0553111248	3.0
0061713783	4.0
0399168540	5.0
0142004383	4.0
0062121308	4.0
0062113763	5.0
1590529359	5.0
1611091012	5.0
147675666X	4.0
0307594033	5.0
0743250478	5.0
B007M29RBM	5.0
1118611314	4.0
1595545336	5.0
147780529X	5.0
0316693251	1.0
0307955524	2.0
013306638X	3.0
0679643656	4.0
0547482523	4.0
1477817298	3.0
1451684835	5.0
147780966X	4.0
0062203215	3.0
1567186947	1.0
0062135953	4.0
0062237470	5.0
1555976387	3.0
0982555091	4.0
0307947912	5.0
0307887804	5.0
0061015725	5.0
1476714819	4.0
1561585807	5.0
0805098143	2.0
0312379706	4.0
0385347235	4.0
1442360925	4.0
0062068652	3.0
0807086142	3.0
0393327965	5.0
1592403883	3.0
1451684819	3.0
0375501959	3.0
0060083816	4.0
1594631395	2.0
0062237446	5.0
0373777892	3.0
1456481878	5.0
0465075096	4.0
0789200554	5.0
0778315843	4.0
0770436919	5.0
1416549994	4.0
1616953225	3.0
1477809694	5.0
0812979362	4.0
0060817089	5.0
0786865059	5.0
0062245074	3.0
0778314510	5.0
1595546642	4.0
0425187217	3.0
1612786669	5.0
0062088254	5.0
0140513221	3.0
0812972724	5.0
0738209562	4.0
0061449725	4.0
0373777825	3.0
0618134298	4.0
1781681597	4.0
0778314529	5.0
0618964401	5.0
0399158383	5.0
0152025162	5.0
0307378527	5.0
0807083054	5.0
0312365152	5.0
0778326500	5.0
0547385420	5.0
0547792786	5.0
0761458034	5.0
1400043638	5.0
0006550339	5.0
031020710X	5.0
0385489641	5.0
0330444573	5.0
0544225252	5.0
0310228077	5.0
0765317354	1.0
037300205X	5.0
0345536959	2.0
0609609785	5.0
0060922583	4.0
1400068940	4.0
0007281447	5.0
0425133052	5.0
0812981693	5.0
0312230796	5.0
0553051954	2.0
1480504246	5.0
0778326519	5.0
0345350588	5.0
1742202292	5.0
077831586X	3.0
159780004X	4.0
0307986659	5.0
1118461304	5.0
067944288X	3.0
0415657075	5.0
0310344298	5.0
0547244371	4.0
0375758232	2.0
0062268546	4.0
0547807430	5.0
0230341845	4.0
0345477324	3.0
0143125478	5.0
0761459340	4.0
0399160671	5.0
1400096146	5.0
0807013196	3.0
0345354915	4.0
0345349571	3.0
0312022824	5.0
0446675784	5.0
1595545360	5.0
1400323665	4.0
1616951419	4.0
0553477439	3.0
0843959800	5.0
0547840047	5.0
0765330369	2.0
1118317092	4.0
0060145765	5.0
076145800X	5.0
0684852713	4.0
0307743667	4.0
0778315886	1.0
0312625529	3.0
0240814452	4.0
0804137722	4.0
0062122630	5.0
1611090598	2.0
0385337000	3.0
1451637691	4.0
0745649211	5.0
037389273X	4.0
161695146X	5.0
0375504133	5.0
0151004293	3.0
0399150455	5.0
0062060740	5.0
0240522044	5.0
0778315894	4.0
1480408069	5.0
1594486107	4.0
0307878007	5.0
0385536496	4.0
1612183565	5.0
0345534352	5.0
0316232912	5.0
0743456904	3.0
143352970X	5.0
0380819597	5.0
1439158487	5.0
0312374062	5.0
1844135764	5.0
1451637683	4.0
1611090571	3.0
1596913975	2.0
0671231081	4.0
0452283930	1.0
0307962695	5.0
1594487448	4.0
1401931758	5.0
193351244X	5.0
0670015547	4.0
0312088620	5.0
0547898207	4.0
0471157279	4.0
1433526670	4.0
0060563729	3.0
0307961354	4.0
1611097177	5.0
0062117262	4.0
0374305188	5.0
0805088776	2.0
1612182216	5.0
0062197339	4.0
0738708569	5.0
0767902793	5.0
0006530702	5.0
0062279203	4.0
0345526732	5.0
0133066339	5.0
1452107920	2.0
1623650860	4.0
1413310664	3.0
0312926022	5.0
0143113445	5.0
1616952776	5.0
0826309712	4.0
1426759517	5.0
0765329336	5.0
0373892713	5.0
1612183557	4.0
1401600190	5.0
0060098902	5.0
0778314596	5.0
B008679OR4	1.0
043935806X	5.0
0765338289	2.0
0307336727	5.0
1612182224	5.0
0967591821	5.0
1616148772	5.0
0142000868	4.0
0385535171	5.0
0765302268	5.0
0875161804	5.0
0778315339	5.0
1455501654	5.0
B005HW43F4	5.0
161218698X	5.0
1477848436	5.0
0385536577	4.0
1612184332	4.0
0446532231	4.0
0312427573	5.0
1594487480	5.0
1477848428	4.0
0307273512	4.0
007145148X	5.0
0802121918	5.0
1565122461	5.0
1616201126	3.0
0140047573	5.0
0745312748	1.0
0553110845	5.0
0060841664	4.0
0521710057	5.0
1118457471	5.0
1422194191	5.0
0825307325	5.0
0064410129	5.0
0380820498	4.0
1611453232	5.0
0137016611	4.0
038082048X	4.0
1611097169	5.0
0553565699	5.0
0613094905	5.0
0983263329	5.0
161218300X	4.0
0786868821	3.0
0547807961	4.0
0307593436	5.0
1469218208	5.0
0310739306	3.0
0376020601	2.5
1401942326	2.0
0240817222	2.0
1118184777	5.0
0312358482	5.0
0553568728	2.0
0316695068	5.0
0849948398	5.0
1400044677	3.0
0061660116	4.0
0316346624	5.0
0060005726	5.0
147782314X	3.0
044661159X	4.0
0743436040	4.0
1118592050	5.0
0312577214	3.0
0312071116	4.0
0006498604	5.0
1612186971	4.0
0062294903	2.0
0029089263	5.0
0345433785	4.0
1841761028	4.0
0446532215	2.0
0385742010	4.0
0307949826	4.0
0578000512	3.0
0385743343	5.0
0062223704	5.0
0393064476	5.0
0316347965	4.0
037321099X	5.0
0310438152	5.0
0778320715	4.0
1439167397	4.0
1118117972	5.0
0375869069	4.0
0978774949	5.0
0553587048	3.0
0062132822	2.0
0547722028	3.0
1250023637	4.0
1612184324	4.0
0684808528	4.0
0060889632	5.0
080509329X	3.0
0345536223	4.0
141430580X	3.0
0062291882	3.5
145164485X	5.0
0553277375	5.0
0399152598	3.0
0446579769	3.0
0062229036	5.0
0465054862	5.0
158479903X	5.0
1477847146	4.0
0553578979	4.0
1477816887	4.0
080212061X	5.0
006211851X	3.0
0375726500	2.0
0340979496	1.0
0060530677	5.0
0307961524	5.0
1250024951	5.0
0385536518	3.0
087833906X	2.0
038534368X	3.0
0470824298	4.0
0553804561	5.0
0062021028	4.0
0865471606	5.0
0312301596	5.0
0849947022	5.0
1107602696	4.0
0375425365	3.0
0395944171	4.0
0062335944	3.0
0449815978	4.0
1611099757	3.0
0062217070	5.0
0877795460	5.0
1612184359	5.0
0345477367	4.0
1118526503	5.0
0670786152	5.0
1401941028	5.0
054780797X	4.0
0547807988	5.0
0805093257	4.0
0345332601	5.0
0385537883	4.0
0312268831	4.0
0451229010	4.0
0547839537	4.0
0399156925	3.0
0060897295	4.0
0842370889	1.0
1250011612	4.0
1611099765	5.0
0140132708	5.0
0373210965	4.0
0123814200	5.0
0143144200	5.0
0062309668	3.0
0345456440	5.0
0345348176	4.0
030727179X	3.0
1118551591	5.0
0307588033	4.0
0446532266	2.0
0345350480	4.0
0743464907	4.0
0133121291	5.0
0778326055	4.0
0547393105	4.0
0544022165	5.0
1612184367	5.0
082760775X	5.0
0553578944	5.0
0553099957	5.0
0060916095	5.0
0385743378	4.0
1887901159	4.0
0446602612	4.0
0151013403	3.0
1585426059	5.0
0345400003	5.0
1611099730	5.0
1408839806	3.0
1133593542	4.0
0802120660	5.0
0330419129	3.0
1599471507	4.0
0761453016	5.0
1400203759	5.0
031025065X	5.0
0385533462	1.0
0547391315	4.0
0099464462	5.0
0312429355	4.0
1616147911	4.0
0446562041	4.0
0812992806	3.0
0380805715	4.5
1118386574	4.0
0373777159	5.0
0451418433	2.0
1612183085	5.0
0385500521	4.0
0060555114	5.0
0345528670	5.0
0316702765	5.0
0130257133	5.0
0061287539	3.0
031603438X	5.0
143353293X	4.0
1401941087	4.0
076531908X	2.0
0446616427	5.0
0553812173	5.0
030795871X	2.0
1932994106	5.0
0199360316	4.0
0761453032	5.0
0307955699	4.0
0316693286	2.0
0312157088	5.0
0316154601	5.0
0062294059	3.0
1612183093	5.0
1416556745	5.0
1611099714	5.0
1433531623	5.0
0553804553	5.0
1400203732	4.0
0307908488	5.0
1250033896	4.0
006087807X	5.0
0679768068	5.0
0395656680	5.0
0756650151	5.0
0062195514	4.0
0452289807	2.0
0385753543	4.0
0915556278	5.0
1119992818	4.0
1480441945	5.0
1401687369	5.0
0679768076	4.0
0345330064	4.0
0374128731	4.0
0307955664	3.0
0240811992	5.0
1611099722	5.0
0399155635	5.0
0452285453	5.0
0399144986	3.0
B007ROQFZG	5.0
0061173509	5.0
1416556761	5.0
0399167617	4.0
0310250633	5.0
0471285714	3.0
0310293723	4.0
0060392452	4.0
0803257538	4.0
088001024X	5.0
1440541892	5.0
1433525801	3.0
1401901875	5.0
0062207628	4.0
0700608206	4.0
0609606905	5.0
1118249747	5.0
0874774195	5.0
0345468473	5.0
0385311214	5.0
0195387627	5.0
0441010555	5.0
0785261796	4.0
0307907171	3.0
0061242683	4.0
0785260463	4.0
0385350813	3.0
1741040809	3.0
0805069550	3.0
0060539070	2.0
0307953068	5.0
159555467X	5.0
1426774494	5.0
0451419723	3.0
0470592087	5.0
1118244044	4.0
0375700757	4.0
0061962244	5.0
0307745384	4.0
0553591967	4.0
0553254642	5.0
0743204840	5.0
B009ECEO16	5.0
0470138076	5.0
1595542698	5.0
1452652252	3.0
006221960X	5.0
0062184849	3.0
1477849726	3.0
1442435003	5.0
0684834804	5.0
1594204233	4.0
1616144831	5.0
1590799992	2.0
0470876328	3.0
0765336405	5.0
0805094539	5.0
0761451293	5.0
1591140951	2.0
0547905599	5.0
1880656329	3.0
1401944140	2.0
1611097975	5.0
1433530333	5.0
1573220256	4.0
1451687133	3.0
0966435508	5.0
0345532740	5.0
0345425324	4.0
0440169127	5.0
0399155686	5.0
0345391829	5.0
0743257367	5.0
0805082557	4.0
0385366396	4.0
0062021877	3.0
B0016RR5KE	5.0
0553299514	4.0
1439142009	4.0
030771683X	5.0
039916765X	2.0
1400202450	5.0
0143116177	1.0
078601525X	5.0
1401341780	5.0
0373778465	3.0
0312428081	3.0
0891077995	5.0
0765320088	4.0
034549038X	3.0
0805082549	5.0
0679409041	3.0
0399146725	3.0
0761455620	4.0
0316702749	5.0
037570910X	5.0
0802120679	5.0
0007172826	4.0
0307271722	5.0
0735669627	5.0
1623651026	4.0
1612186149	5.0
0307266389	2.0
0385525818	4.0
0062073168	4.0
1451577907	2.0
0373778457	4.0
0060566698	5.0
0151686564	5.0
0553586602	3.0
0142004464	5.0
0446527688	5.0
1611748992	5.0
0812590554	3.0
0316921467	5.0
0385516169	2.0
0061727830	4.0
0743294378	5.0
0310334748	5.0
0385350732	3.0
0515134678	4.0
0374346674	5.0
1594204284	5.0
144248781X	4.0
0547903782	5.0
0151010404	5.0
0440509238	4.0
1841764094	4.0
1608199770	5.0
0345529006	5.0
039307157X	5.0
0316073016	5.0
141654786X	5.0
0330419994	5.0
0767904656	4.0
1401341799	5.0
1250041546	4.0
1576737330	1.0
0609608738	4.0
1477817360	2.0
0006499163	5.0
0679732179	5.0
0307885305	4.0
1250004578	4.0
0743294394	2.0
0374281602	4.0
0307358666	5.0
0151008116	4.333333333333333
0061691216	3.0
0761463313	3.0
0763625914	5.0
013299674X	4.0
0374178909	4.5
0156030497	5.0
0618246940	5.0
1449320104	5.0
0745671470	2.0
0345529022	4.0
054792772X	3.0
0745651887	5.0
0688166121	5.0
1572434651	3.0
0385533500	4.0
0743294386	3.0
0671673343	5.0
0825306930	5.0
0307461513	5.0
0316073032	5.0
1936493837	5.0
0789749858	5.0
0141010118	4.0
039305196X	2.0
0064408655	4.0
0547892632	5.0
0684869403	4.0
0066210623	4.0
0547567375	4.0
0743270363	1.0
030726632X	5.0
1595548726	5.0
0553808133	3.0
0553293397	4.0
030795563X	5.0
0385350775	5.0
0544039041	4.0
0345531345	5.0
0778313522	4.0
0547892624	5.0
0547820119	5.0
0345428447	5.0
0307277887	4.0
1595555013	4.0
1107658209	5.0
0802121020	5.0
0765330261	2.0
0064408663	5.0
0547899262	5.0
1455526010	4.0
0062130145	4.0
0345302745	4.0
0345458281	5.0
0547626150	3.0
0241129494	3.0
0307917371	5.0
0385537050	4.0
0761463305	3.0
1455573205	2.0
0807001732	4.0
0142428280	5.0
1596985690	5.0
0743480953	5.0
0547974957	5.0
0062230921	4.0
0778313530	5.0
0802122345	4.0
0767902025	5.0
0133092585	5.0
0425221768	5.0
0399158677	3.0
0679406832	5.0
0310250684	5.0
0385336462	4.0
1118646312	5.0
1586174509	5.0
0517223317	4.0
0880296674	4.0
0857521012	5.0
1893831248	5.0
1416549633	3.0
054425208X	5.0
0060195460	3.0
1250039290	4.0
0765307049	4.0
0807819565	3.0
0062126903	5.0
0385348452	3.0
0140433880	5.0
1401936474	4.0
006000438X	5.0
0345396685	4.0
0805098038	4.0
0439064864	5.0
0672333279	4.0
0061458570	5.0
0817302298	3.0
0307884872	3.0
0307884848	5.0
1416595546	1.0
0700606505	5.0
0373210930	4.0
0070283931	4.0
1611090482	5.0
031032453X	5.0
1118247922	5.0
125001171X	4.0
081298000X	4.0
1250019699	2.0
0374168717	5.0
0307590437	5.0
0743486234	4.0
1595543082	5.0
0778325539	5.0
014242207X	5.0
0316230812	5.0
0679009353	3.0
0399149775	4.0
1439149445	4.0
074565973X	5.0
0310235944	5.0
1594487529	4.0
1433681285	3.0
0375414126	5.0
0307387135	5.0
0132885948	4.0
1595555056	5.0
0062088149	5.0
1433526360	5.0
0385340540	3.0
0544073770	4.0
0988047217	5.0
0375434305	4.0
1401940544	5.0
0375403477	4.0
0374135800	5.0
1477815589	2.0
0393038912	4.0
0441003303	5.0
0399148450	3.0
0399149783	5.0
1401685617	5.0
0399147101	4.0
0812993314	5.0
0399149767	3.0
1477847162	5.0
0062197258	5.0
0373210914	5.0
0310324564	5.0
054410935X	3.0
0802813879	5.0
0310235936	5.0
0312534884	4.0
0307406784	4.0
0394757653	4.0
1590515498	4.0
0340829370	5.0
0316156493	4.0
0765305240	3.0
0142000957	4.0
1413319378	5.0
0547739648	5.0
1416537074	5.0
0765305224	5.0
0307907961	3.0
0374533857	4.0
0767908163	5.0
0310235928	5.0
0804137609	4.0
0230616399	4.0
0312311885	3.0
0802121047	4.0
0470824271	5.0
0062073923	5.0
0385538367	4.0
0805096299	5.0
0062060619	5.0
0312642806	4.0
034554773X	5.0
0544096452	4.0
0547738307	3.0
0307720896	4.0
0062102907	5.0
0446548588	5.0
0547519737	4.0
0743464893	3.0
0140390219	4.0
1612186955	5.0
0812993373	5.0
1250048133	1.0
0547617283	5.0
0140296271	5.0
0345423607	4.0
1477817336	4.0
0553592483	5.0
0778325571	5.0
1940787009	4.0
0802828949	4.0
0062127373	4.0
0805096272	3.0
0060936428	5.0
043920352X	5.0
0240814150	5.0
0385492510	5.0
1401943616	5.0
0544052897	3.0
1400068622	5.0
0307590402	4.0
0062293605	2.0
1477817328	5.0
037571894X	4.0
1477809708	4.0
1400044634	3.0
0745651828	3.0
161109044X	5.0
0373777922	5.0
0544261879	5.0
0785329803	5.0
0745660789	5.0
0547608349	4.0
0988797917	3.0
0451201558	4.0
037540340X	2.0
0312939450	3.0
042518739X	3.0
0307907988	5.0
0393045250	5.0
0547687125	5.0
1477809732	5.0
0310333490	5.0
0688146570	5.0
0062194178	5.0
0743428323	5.0
0385340567	3.0
1582342423	4.0
0062119796	4.0
0801867037	4.0
0307962792	4.0
1416540423	5.0
0062234463	4.0
038512838X	5.0
074326455X	5.0
0553575953	4.0
0375760474	4.0
0306806983	4.0
0451224930	1.0
0062244752	5.0
0805090916	4.0
0399152431	5.0
0151004412	4.0
014039012X	5.0
0061672238	5.0
0544126688	5.0
B005GRF3QI	5.0
1118226151	5.0
0062217135	4.0
0385536690	4.0
1400047838	5.0
0374228825	5.0
0253210585	3.0
030798690X	5.0
006447187X	4.0
0547763956	5.0
078521626X	4.666666666666667
0312324340	4.0
1477849890	4.0
0060820829	5.0
0099494140	5.0
0385732554	5.0
1612184227	3.0
0060185163	5.0
0310247772	2.0
0804138788	5.0
1477847235	3.0
0141009829	5.0
1582343586	3.0
1118490177	5.0
0385338198	4.0
0801893402	5.0
1421409429	5.0
0547634528	5.0
030796292X	4.0
1611099676	2.0
0062198505	5.0
080212996X	2.0
0399159053	5.0
0062264338	4.0
0345528719	4.0
0761457321	5.0
0307465209	4.0
0375400354	5.0
0743223861	4.0
0399147071	4.0
0544027701	1.0
1439157014	3.0
0553297090	4.0
0553107305	5.0
0679444327	5.0
0671024256	5.0
0394710355	5.0
0143038435	4.0
1401929230	3.0
1250045134	2.0
037540032X	4.0
0618959653	5.0
0307887146	5.0
1118490193	5.0
0470534982	4.0
0192834622	5.0
1401938175	4.0
0521176670	5.0
0571309224	5.0
0307958000	4.0
0385720599	4.0
014318749X	5.0
0307961656	4.0
0786866977	4.0
0671774719	4.0
0345528735	3.0
0345536371	4.0
0143117564	5.0
1447262859	4.0
1118226119	3.0
1611099668	3.0
0547893159	5.0
1477847278	4.0
0064401111	5.0
038536315X	4.0
0671441337	5.0
0062071246	5.0
1594204993	5.0
0547669208	5.0
0688053394	3.0
1480439703	3.0
0898159083	5.0
0142001538	5.0
0670015709	5.0
0553282816	5.0
B0056O2D2S	5.0
030728364X	5.0
0307388514	5.0
1611099633	4.0
0812995139	3.0
0062194100	4.0
0380731649	3.0
0061672262	5.0
1439170878	4.0
0684844915	5.0
055359253X	5.0
0345435648	4.0
0099457156	4.0
1412981778	5.0
0345502965	5.0
0770436250	5.0
0062310755	3.0
0307388522	5.0
0441010601	4.0
0451224922	2.0
1477847251	3.0
1620403560	3.0
1611099641	4.0
0547417713	4.0
0345423658	4.0
067102731X	4.0
039915907X	5.0
0060820810	5.0
0618959610	4.0
1612184243	4.0
0811878988	5.0
0743289684	5.0
0761455590	5.0
B004MDLU32	4.0
0142000221	1.0
1440552614	4.0
0345515463	5.0
1582973547	4.0
1414326815	5.0
0307595919	5.0
0375414932	3.0
0544263669	4.0
030795627X	5.0
0061684228	4.0
0143188712	4.0
1401945333	3.0
0380974215	5.0
0857389297	2.0
0062287877	2.0
0061432733	4.0
0345519833	3.0
0385532253	5.0
0714863637	4.0
0684807122	3.0
0062240307	5.0
0345528794	4.0
0670918466	4.0
0143188720	5.0
0825307287	3.0
0307933555	5.0
0761455566	3.0
0684853027	4.0
0060193611	3.0
1623651123	1.0
0812992938	5.0
0062083260	5.0
0307958841	4.0
0140431160	5.0
0060987324	5.0
0373881355	2.0
0802126065	5.0
0395633206	5.0
B006JALRCA	5.0
1611097894	5.0
0767914171	5.0
0060740221	5.0
0857051873	3.0
0812977300	2.0
084994841X	5.0
1565124901	5.0
0849948428	5.0
1419682016	4.0
1932994238	5.0
034551548X	5.0
0802120768	5.0
1401932002	5.0
080212075X	3.0
1440552649	4.0
0807084964	4.0
0385742770	4.0
B007VQORS2	5.0
0060544376	5.0
0066621097	4.0
1477833447	3.0
0544146247	5.0
0811864308	3.0
0553471570	4.0
038551929X	5.0
0151014604	3.0
0547905688	4.0
0446530565	5.0
0061432717	4.0
0544108841	3.0
0471293202	3.0
0060544368	5.0
0374108994	3.0
0306821761	5.0
1250043344	4.0
0871592118	5.0
0060545690	5.0
0373771983	5.0
0312365748	5.0
0446549177	4.0
0316154741	5.0
0345480287	3.0
0375410538	5.0
0307263193	5.0
0062007475	4.0
067974830X	4.0
0446579807	5.0
0312425902	4.0
0615738141	4.0
125003003X	5.0
034553283X	5.0
0547691130	4.0
054410577X	5.0
1468035835	5.0
0061134007	5.0
0743457676	5.0
0062100297	3.0
0310437822	5.0
1594488096	4.0
0345541790	2.0
0743435400	4.0
0062103326	3.0
0385533543	4.0
0307962903	3.0
0316040924	5.0
1442365560	5.0
0312266154	4.0
1402210043	5.0
0143143859	5.0
0062273205	2.0
1477816909	4.0
0802122515	4.0
0679724362	5.0
0345497929	5.0
0345539478	3.0
0307886670	4.0
0099494175	5.0
1586485547	3.0
0375826688	5.0
1580620604	5.0
0375421963	5.0
1433530457	5.0
0312382278	5.0
1400041716	5.0
1592556736	5.0
0061953407	5.0
0671877011	4.0
0843948442	4.0
0385534892	5.0
0345523903	4.0
085707802X	5.0
0156004801	4.0
0446606928	1.0
079226164X	4.0
0062220756	5.0
0805095713	4.0
1580089356	5.0
0544108809	5.0
0812992954	5.0
0399146601	4.0
161620253X	5.0
1594481482	3.0
0865477647	3.0
0802120792	5.0
1250043395	3.0
080653415X	5.0
1434705358	5.0
0345461983	4.0
0307986071	5.0
0373778570	4.0
0062206451	5.0
1400069254	5.0
0062129902	5.0
0805090037	5.0
0544025954	5.0
189035001X	3.0
0060899190	5.0
0440220688	3.0
0316208264	5.0
4770030754	5.0
0915721058	4.0
0745665446	5.0
1477809864	4.0
1401924352	3.0
0805089004	5.0
1250032709	2.0
0525426035	4.0
B004S7JCYQ	3.0
0061130400	3.0
0781410495	4.0
0671793829	5.0
0375409505	5.0
0544074114	4.0
0374183392	5.0
1595546871	4.0
0470879483	4.0
1450434045	5.0
0544022912	3.0
1433526409	5.0
1611097835	5.0
0140041575	5.0
0771071329	3.0
0316156507	5.0
0544087445	5.0
0307949060	3.0
0345450477	4.0
185532458X	4.0
111832885X	5.0
0547195605	5.0
0785261761	5.0
0061896454	2.0
0345538064	4.0
0307886751	5.0
0307913090	5.0
0307346781	3.0
0805092676	5.0
B0061V4DVO	4.0
0875964575	4.0
0373778538	3.0
0553562738	5.0
0807033405	4.0
1596914696	5.0
0307886727	5.0
0807001813	5.0
1401936318	5.0
0306810220	4.0
0062274627	4.0
0553568043	5.0
0312598955	3.0
1400069165	4.0
1623650666	2.0
034541215X	4.0
0449907481	5.0
1449435483	5.0
0765333228	4.0
0517338416	5.0
0425129616	5.0
0812992997	5.0
0471647977	1.0
0743204786	5.0
0789748649	5.0
B0053GC6SU	4.0
1594746761	4.0
1573222747	5.0
0553581066	4.0
0671017063	4.0
0062305301	5.0
1118157834	5.0
1118095146	5.0
030726310X	5.0
0553568035	4.0
0786869216	5.0
0062282263	5.0
0553568027	5.0
1573229385	4.0
1440501831	4.0
0770435874	4.0
0345312007	5.0
0345538080	3.0
0345461142	2.0
0373777205	5.0
0062257242	4.0
0060090375	3.0
0812993411	5.0
0307908542	3.0
0914955063	5.0
014004020X	4.0
0385742827	2.0
0060648082	5.0
0375869751	3.0
0345475720	4.0
0316018953	4.0
0855329602	5.0
0451234383	2.0
1612183727	3.0
0452276543	5.0
0060214163	3.0
0091726433	5.0
0743477200	4.0
140000473X	4.0
0394318447	5.0
0547904312	5.0
0547853149	2.0
0399151931	5.0
1250052343	1.0
1616952156	5.0
0345347536	4.0
1612183735	5.0
0132900432	4.0
0385347022	5.0
0441013651	4.0
0547898045	5.0
0446617687	4.0
0375406425	5.0
0060755334	5.0
0385265573	4.0
0062108166	3.0
0375856455	5.0
0778326713	5.0
0486413373	4.0
0684847957	5.0
0061804347	4.0
1250005981	3.0
1477807268	4.0
1118004361	5.0
0060746408	4.0
0440126711	5.0
1891743007	5.0
0761453830	5.0
054410305X	5.0
0385351968	3.0
0123749530	5.0
0307461602	4.0
0751547875	5.0
1477808590	4.0
1442484896	4.0
0375508368	5.0
0007189885	5.0
0399151923	4.0
0062092995	5.0
0807820423	5.0
030773014X	4.0
0778314758	5.0
0007391595	5.0
0385528256	4.0
0143036610	5.0
0385498799	5.0
1477807276	5.0
0240811143	4.0
0307268845	3.0
0547853157	4.0
0679640355	5.0
0060195339	5.0
1555976123	4.0
039916748X	3.0
0064473597	5.0
1416595619	4.0
0399167498	2.0
0062316869	1.0
076366040X	5.0
0609809431	5.0
0679722645	5.0
0399103422	5.0
0875420281	2.0
0812994787	4.0
157061881X	5.0
0743442547	5.0
1572841486	2.0
0312428936	5.0
1477817409	2.0
1250030927	4.0
1595549978	5.0
0544027760	5.0
1118484207	2.0
1401941761	5.0
0345526910	4.0
1477814388	2.0
1611090369	5.0
111800745X	5.0
0132361329	4.0
030798687X	3.0
0812993462	3.0
0802121187	3.0
1250030935	3.0
1934080004	4.0
0786862688	5.0
0679722653	4.0
0452283736	3.0
1595548645	5.0
0470882239	5.0
0553374451	5.0
015603297X	5.0
1118104579	5.0
0380729407	4.0
0307731472	5.0
0156030322	5.0
0718014219	3.0
0345535871	5.0
0449809978	5.0
1118230132	3.0
0312359977	5.0
0316097756	5.0
039916393X	3.0
0763665215	4.0
0778314782	3.0
0062115286	5.0
0062279483	2.0
0345348001	5.0
0544027787	4.0
0735200939	1.0
076146140X	5.0
1569474710	5.0
0143118951	5.0
037389290X	3.0
0544102622	3.0
0812993446	4.0
0307599590	5.0
0745679234	2.0
0307387232	4.0
1452255512	3.0
037377673X	5.0
0060090383	4.0
1439150338	5.0
0374173184	2.0
0770436315	4.0
039332642X	2.0
0373002289	4.0
0312366280	5.0
0805096175	4.0
0688147747	5.0
0544114604	2.0
0544022084	5.0
0062090364	4.0
111855017X	5.0
0345526945	5.0
1585790125	5.0
0061876895	5.0
0679722602	4.0
1421405962	4.0
0060935227	5.0
006207380X	5.0
1594486344	5.0
0312426321	4.0
0399165703	4.0
0446618144	4.0
0778324125	5.0
0316152196	4.0
0794421857	3.0
0373250223	1.0
0345453549	4.0
0547863365	4.0
076533271X	5.0
0671890913	5.0
0307275981	5.0
0765327376	4.0
0812995201	5.0
1401940471	5.0
0060897317	5.0
0679722610	5.0
014028852X	4.0
1426749503	5.0
0373250215	3.0
031044067X	5.0
1936976404	3.0
0761456066	4.0
0199552320	3.0
1855322846	4.0
0062267493	3.0
0547681704	5.0
0807032999	4.0
0345803000	4.0
054763014X	5.0
1742201164	5.0
0679722629	4.0
1594485038	2.0
1611099595	5.0
0770437613	3.0
0062133950	3.0
0307265749	5.0
0743264452	5.0
0805097457	5.0
1433514451	5.0
1433679922	5.0
0062194070	4.0
0385538456	4.0
125004295X	4.0
0385534094	2.0
0062200348	3.0
0399169288	5.0
0345533267	4.0
B00CW16O28	4.0
0842360565	3.0
1400323460	5.0
0745679277	4.0
0679789758	5.0
0310494478	5.0
0851513514	5.0
0142002801	4.0
1477817468	5.0
1250040310	3.0
1612183794	4.0
0307379663	5.0
B00492CPQW	2.0
0553573411	5.0
1552124177	5.0
1400204186	4.0
0316881716	5.0
0395981328	4.0
0310948959	5.0
0399152792	5.0
1581820453	5.0
0345456688	4.0
0345515501	5.0
0307591484	4.0
0062195379	5.0
0609610368	4.0
071483839X	3.0
0739332449	2.0
0802119824	5.0
0399162119	5.0
0805093079	2.0
1594486395	4.0
1440552703	4.0
1551667010	3.0
0544114574	3.0
140006404X	5.0
0553591754	4.0
0345528816	5.0
0553590421	5.0
0345330684	4.0
0385535481	4.0
0312930488	2.0
0765304678	5.0
014318976X	5.0
0544114590	5.0
038534340X	5.0
0670021016	3.0
0316153915	4.0
0374123667	5.0
0553386700	4.0
0778315584	2.0
0765320703	4.0
0310328764	5.0
0345330676	4.0
0062103237	3.0
1612184588	4.0
0778326233	4.0
0849964660	5.0
1451675364	5.0
0062244876	4.0
0345435737	5.0
0061625124	4.0
0385534140	5.0
0679009523	5.0
0745659918	5.0
0399152776	4.0
0345528840	4.0
0140390030	5.0
0143038788	5.0
0380800675	4.0
0140187650	5.0
1433530139	5.0
1612183220	3.0
0375704930	4.0
0142000310	3.0
1590304063	4.0
B000CQK05C	5.0
0718176855	2.0
0312979738	5.0
0307268373	4.0
1469210932	4.0
0399151435	5.0
0310208068	4.0
0062195344	3.0
0394528360	5.0
006171951X	5.0
1612183239	3.0
1611099560	3.0
1250006082	1.0
0964366509	4.0
0061432687	5.0
0060521546	4.0
0307452492	4.0
1118721551	5.0
0312986033	4.0
0307718417	5.0
0345339029	5.0
1596923660	5.0
1579549020	5.0
0553762877	4.0
1250039819	5.0
1611099536	3.0
1118116410	5.0
0307960447	4.0
0060082194	5.0
0316496995	4.0
140519670X	2.0
081299308X	3.0
0373210736	5.0
147005812X	5.0
0743278402	4.0
B00A9N9MAM	5.0
0385536771	5.0
0805098720	2.0
0385347804	2.0
054402589X	3.0
0770437680	5.0
0743278410	5.0
0385503857	4.0
0385335830	4.0
038574224X	4.0
0099740915	5.0
0142800562	4.0
1611099544	1.0
0399154523	2.0
0870493973	4.0
0140058893	3.0
0375704957	5.0
0312852487	4.0
1433507781	5.0
1615190783	5.0
0060795484	5.0
068806082X	5.0
1612183298	4.0
161218328X	5.0
0778326276	4.0
0375704965	5.0
0062184687	4.0
0452296722	5.0
0671038591	5.0
0312360525	3.0
0062309897	3.0
0316206121	5.0
0071415130	3.0
0375411321	5.0
0761459812	5.0
0778326292	5.0
0544074815	4.0
0812993071	5.0
0375409009	4.0
0440423074	4.0
0316055433	4.0
0770436374	3.0
0811876438	5.0
0399162135	4.0
0375704973	5.0
1416534288	4.0
0393307115	4.0
0312565860	4.0
0060924713	4.0
1118490266	5.0
0151014124	5.0
0385468148	4.0
1250019354	4.0
0307279049	5.0
0307476405	2.0
0345528891	5.0
0060510862	4.0
0804138680	2.0
0375756140	4.0
1742200001	2.0
0849947251	5.0
0062064851	4.0
0373210728	4.0
0345476263	5.0
0375500081	5.0
037321071X	4.0
006208576X	3.0
1933615435	4.0
1400069777	4.0
157805110X	4.0
0062208357	4.0
0385742282	4.0
0399142533	4.0
0446603708	4.0
0886773083	5.0
0399162127	4.0
0307958108	4.0
0312540574	4.0
1438529147	4.0
0810942682	5.0
0061791768	4.0
0544114523	5.0
161109951X	5.0
1611099528	4.0
0152060723	5.0
0547976518	3.0
0399145621	4.0
0195038630	5.0
0812579488	4.0
0544232690	5.0
1857885619	5.0
1118465245	3.0
1594632146	3.0
034543448X	4.0
0062310070	3.0
0345434498	5.0
081297218X	4.0
0373777396	3.0
1466554037	4.0
1442426705	5.0
1414359489	4.0
1401301045	4.0
0547976526	4.0
1582461570	5.0
0547731140	4.0
0670032549	4.0
0310200164	5.0
0615499708	5.0
0060652926	5.0
0761455442	5.0
1477800662	5.0
0307742911	5.0
1421410729	4.0
0385347863	5.0
0345457145	5.0
0307887200	5.0
0778316041	4.0
0761455450	5.0
1477807292	5.0
0385323867	5.0
0316153990	4.5
0778329348	4.0
0385335881	4.0
0761455418	5.0
0310338174	4.0
0385753780	5.0
0544034724	3.0
0143038702	4.0
0316734586	4.0
0547636695	5.0
1612185002	4.0
1433526905	5.0
039916216X	5.0
0547774338	4.0
0399162178	4.0
0385536755	3.0
0849947219	5.0
039914255X	5.0
0060761288	3.0
0936184809	3.0
0312622945	5.0
1608198278	5.0
0547571607	5.0
1579550088	4.0
1118343638	4.0
0345434471	4.5
1118795881	3.0
0805096973	5.0
1847670156	5.0
030771795X	5.0
0195174550	4.0
0316058572	5.0
078601637X	2.0
0385741790	4.0
0849947200	5.0
006212109X	5.0
1612185010	5.0
1118487478	4.0
0615716474	1.0
0007449232	4.0
0399144331	4.0
1608199584	5.0
0452283485	4.0
0399145664	5.0
0380818825	5.0
0307279898	3.0
0399157646	5.0
0743235355	4.0
1608443043	3.0
0062062247	3.0
1594205337	5.0
047004733X	5.0
0062241796	5.0
1250014522	5.0
0061998850	5.0
074566007X	4.0
0671534513	5.0
0062121030	5.0
0778322742	5.0
0307956350	5.0
0544028090	4.0
019286212X	2.0
1891024051	5.0
1401938949	4.0
0547450486	5.0
0544105672	5.0
1250014506	4.0
1612182801	5.0
0671867369	5.0
067964444X	5.0
0060731427	3.0
0778313808	5.0
0375839895	1.0
0948390611	5.0
0553286447	4.0
0544032101	5.0
0767905385	5.0
0345458443	3.0
0763614270	5.0
0805092560	5.0
0778316092	1.0
0007148976	3.0
0240811798	2.0
0061778737	5.0
0446603775	5.0
0312358296	5.0
1250031044	5.0
0316240079	5.0
1936003252	1.0
0062273345	3.0
0375502661	4.0
1599907909	5.0
0345457129	3.0
0679749535	3.0
0345494997	4.0
0743291476	5.0
0061998869	3.0
1594204012	4.0
1935597663	4.0
0060652950	5.0
0553591746	2.0
0765337517	5.0
0316501115	5.0
0547601174	4.0
1581349750	4.0
0306812746	4.0
0802777511	5.0
0743201140	3.0
0451215540	3.0
1477808655	4.0
0345454944	4.0
0399148612	5.0
0310494540	5.0
0936184752	5.0
0062080830	2.0
1477807322	5.0
0761453776	5.0
0141001895	3.0
0385349505	5.0
0198205600	4.0
0684813637	5.0
0898156289	5.0
0765311771	5.0
0141004924	4.0
0062257390	2.0
1116671115	3.0
0061140325	4.0
0743582438	5.0
1849351724	4.0
0385336209	5.0
0778313727	5.0
1477807330	5.0
0385351836	5.0
147781759X	3.0
1934030260	4.0
0802122558	5.0
0345406400	4.0
0140236341	4.0
0399150927	5.0
0446195596	5.0
0375508015	5.0
0060509058	4.0
0307451984	5.0
1416593535	5.0
0340980710	4.0
0310330157	5.0
0062015079	5.0
0062245384	3.0
0547055218	3.0
0745653812	4.0
0123849179	4.0
0307701557	5.0
1594205396	5.0
0446514152	3.0
077043598X	4.0
0765330075	5.0
174179921X	5.0
1577310705	5.0
0385532431	4.0
1603585044	3.0
0553525468	3.0
0393315606	3.0
0765310422	4.0
1573221791	3.0
0307886840	4.0
0786860766	4.0
076145375X	2.0
084231413X	3.0
0199737509	4.0
0062270397	5.0
0142003387	5.0
0140390847	2.0
0452152984	5.0
0373250754	5.0
1250039010	4.0
1933495138	4.0
1567182003	5.0
0679441859	5.0
0307907317	4.0
0373605560	2.0
0778325725	4.0
0812993969	4.0
0374231400	4.0
0060882328	4.0
0136105688	5.0
0470888032	5.0
1477808698	5.0
0345530268	5.0
0751536601	4.0
0062202235	5.0
147780868X	4.0
1620405032	3.0
0785209093	1.0
1477807365	5.0
0691004005	4.0
B005UJU6NC	5.0
0140071083	5.0
0385349548	3.0
0062211196	4.0
1433681919	5.0
1250043999	4.0
0345442997	4.0
1400043956	4.0
0137054254	3.0
0062216880	4.0
0763647926	5.0
0441715923	5.0
0553586416	5.0
0312869363	5.0
0399156267	5.0
0099244926	4.0
0306821664	4.0
0345542231	3.0
1449563570	4.0
0739456741	3.0
0375869638	5.0
0679722580	5.0
1612182763	2.0
0553297988	3.0
0307245640	5.0
044022473X	5.0
1604063165	5.0
0062092847	5.0
0807044695	2.0
0307379361	4.0
1594204071	5.0
0240814797	4.0
0307955893	5.0
037542167X	4.0
0761156968	5.0
0062190423	5.0
1250026563	5.0
0684868776	2.0
1480474274	3.0
1402264119	2.0
1583946055	5.0
0451408888	3.0
0393072223	5.0
0553470558	4.0
0547569335	4.0
0786866039	2.0
1440212805	5.0
1591799112	5.0
1623650348	5.0
111809459X	4.0
0375405445	4.5
0137047983	5.0
0307950174	1.0
0061128678	5.0
0425266877	5.0
0345442970	3.0
0814473695	1.0
0316399833	3.0
1845076001	5.0
0062207938	3.0
0393037010	4.0
0385360797	2.0
1118169735	5.0
0060766123	5.0
0778316815	3.0
B00BMEMPI8	5.0
0547959109	5.0
0374199639	5.0
0385739567	4.0
0307889092	5.0
006199930X	3.0
042518756X	4.0
1592333184	5.0
0394588010	3.0
0307379388	4.0
0307946924	5.0
077832575X	4.0
0553258397	4.0
0061233544	5.0
0345523997	4.0
0312941919	4.0
1411668790	3.0
1591792576	3.0
013296497X	3.0
0465081401	1.0
0307388212	2.0
111849895X	5.0
0062208381	4.0
0307378888	5.0
030737887X	5.0
0240812182	5.0
1611090245	5.0
0062091565	4.0
0800719050	4.0
0062112902	5.0
0240817877	5.0
1937715094	4.0
0099154102	4.0
0553100890	4.0
0399147357	4.0
1594746265	4.0
0307599493	4.0
0553386786	5.0
B004LX069M	5.0
1612185835	4.0
1476747237	2.0
111847497X	5.0
032179401X	4.0
0062267582	4.0
0761462651	4.0
0385537255	5.0
0061900648	5.0
0307889068	5.0
0880706430	5.0
0060882387	5.0
1442403152	5.0
0310742307	2.0
1856176037	5.0
0345507940	4.0
0544196376	5.0
1469227894	4.0
1400032407	5.0
0307599469	5.0
1418549010	5.0
0385737734	3.0
1611098181	5.0
0786014539	2.0
0671755064	3.0
0307889033	3.0
0312977956	3.0
0375414347	2.0
0061233595	3.5
0345532031	4.0
1742205690	4.0
1611090229	3.0
0446361887	4.0
0307271080	5.0
0062222694	2.0
0345532015	5.0
0553569082	5.0
1627790071	5.0
014311686X	5.0
0307452417	5.0
1477808604	4.0
143352306X	5.0
006219965X	4.0
0307461351	5.0
0547868715	5.0
1561589640	5.0
0465045790	4.0
037543237X	3.0
006114343X	5.0
0847823342	3.0
006056038X	3.0
0470671548	5.0
0062103172	5.0
0544158903	3.0
0399149104	4.0
0307962105	4.0
148051652X	4.0
0307958086	3.0
0671456547	4.9
1594486468	5.0
0761457259	4.0
0765309416	5.0
0857385178	4.0
0399137122	5.0
0778314200	5.0
0451225708	4.0
159448645X	5.0
1250029694	4.0
0761516042	5.0
0547773943	5.0
0671655744	5.0
0345545354	2.0
0060540753	5.0
0812970497	5.0
1611090202	4.0
1476725888	4.0
0807003298	4.0
0060935340	4.0
1477849173	2.0
0307981274	4.0
1597801054	4.0
0062200461	3.0
1616952431	4.0
161218586X	5.0
0812993144	3.0
0307595099	5.0
0778315541	5.0
1612185878	5.0
1477808620	5.0
0765309408	5.0
0847838404	3.0
0312370830	2.0
0141182571	5.0
0156032821	5.0
1603209573	4.0
0804835659	4.0
0062106260	5.0
0312323689	4.0
0307450694	4.0
0778314227	5.0
076530502X	4.0
1401941672	5.0
0770436404	5.0
143470372X	4.0
0060852577	5.0
0312860951	5.0
0761457240	5.0
1414318014	5.0
0375831002	5.0
1401217109	3.0
1250021707	5.0
0312953984	5.0
0061234001	5.0
0345524438	5.0
0062014552	3.0
077831555X	5.0
0778315568	2.0
0307718344	4.0
0740713957	5.0
1611098157	5.0
054777396X	5.0
0778314235	5.0
0770437729	5.0
0375971424	5.0
0615571549	2.0
1250037271	3.0
1426211597	5.0
0886776074	4.0
1477817581	4.0
B0011TS2X6	5.0
0807050520	5.0
0316043397	5.0
0547738501	5.0
193281518X	3.0
1611099455	4.0
1416563792	4.0
0547859058	5.0
0778315452	5.0
076145974X	5.0
1400067200	5.0
0061020680	5.0
1590516400	3.0
0671024051	4.0
1565125614	5.0
0312301448	5.0
1612183123	5.0
1594864152	4.0
0142001740	5.0
0133040240	4.0
1401940277	5.0
0345463099	4.0
0141026162	1.0
0345535243	3.0
0345504968	1.0
055357888X	2.0
1584792965	5.0
1400069866	4.0
1596910429	3.0
1401939295	5.0
1453254951	4.5
0804722773	3.0
0062048651	5.0
1594204705	5.0
038534158X	5.0
0312876513	3.0
B009N08ONS	5.0
0879804211	5.0
0385538618	4.0
0312426135	4.0
1612184464	4.0
0751336998	5.0
1594488223	5.0
0061672475	5.0
0743287282	4.0
0061020672	4.0
0060735023	4.0
142217770X	4.0
1479711705	4.0
0307475255	5.0
1250018196	4.0
0765328550	5.0
1931561362	4.0
034552893X	5.0
0375507604	3.0
0385743459	3.0
1615190635	5.0
0743451759	5.0
0743254333	1.0
0679744614	5.0
0470600322	5.0
0373210876	4.0
0375404945	5.0
0801010659	4.0
0778315479	5.0
0060555661	5.0
0802119921	4.0
0385341571	5.0
0778323099	5.0
0062103105	4.0
0375422188	5.0
037542217X	5.0
1595546294	4.0
0062105760	3.0
0778326128	4.0
1118375394	5.0
006102063X	4.0
0345451902	4.0
0895267845	5.0
1611098114	5.0
0765300176	4.0
1596060247	4.5
0385477163	5.0
1118527984	4.0
0385755430	3.0
1933622717	2.5
1615190643	5.0
0330484966	3.0
0062201808	5.0
0515116475	2.0
140006984X	5.0
0544114442	5.0
0091554802	5.0
006095339X	5.0
0345379802	3.0
1400069858	4.0
0385534280	4.0
0615599001	5.0
0871401754	5.0
1933515104	5.0
0060556935	5.0
1401942024	3.0
0547934874	5.0
0312552696	3.0
0143142356	2.0
0745659810	4.0
0062289861	4.0
1558322035	5.0
1592557457	5.0
0470828536	5.0
0060648767	5.0
0553578855	3.0
0310442575	4.0
0316254770	3.0
0312864590	4.0
0062015702	4.0
0849947391	3.0
0743233468	4.0
037321085X	3.0
0761459723	2.0
159420473X	5.0
0316011770	4.0
0385535546	2.0
1594488258	4.0
031235830X	4.0
0385534221	5.0
0802119999	4.0
0671024086	4.0
0312337442	4.0
0804164851	4.0
1572243422	2.0
1565122550	4.0
0312266324	5.0
0316735949	4.0
1615190678	5.0
0745659837	4.0
1455523305	5.0
0061658197	5.0
0246123672	4.0
0727840134	5.0
0743473981	4.0
0932813534	5.0
1616147857	3.0
0778314189	5.0
0312429215	2.0
1440531943	5.0
0446672238	5.0
0140291873	5.0
0743457013	5.0
0307593967	5.0
0375863427	4.0
0312979819	5.0
031615931X	5.0
0304352845	4.0
0060504072	4.0
0061160911	3.0
1616951966	3.0
0812984250	4.0
1594631816	3.0
0062255657	5.0
0061093602	5.0
1596060204	4.0
0761455345	5.0
0804138567	4.0
0807050555	4.0
0805099921	2.0
0743245423	5.0
0385743491	4.0
0451231457	3.0
0240522427	3.0
0307120007	2.0
1416960597	2.0
0310735084	5.0
0547547846	3.0
1118109120	5.0
0553813129	5.0
0007157150	1.0
0375400524	4.0
0786808012	4.0
1442433132	5.0
0446403342	4.0
0547985584	5.0
0609804898	5.0
1455547387	1.0
0399143793	4.0
0385524854	4.0
0385742991	5.0
0671577727	4.0
0330418386	5.0
0399162070	5.0
0028610105	4.8
0195314395	4.0
0312571623	4.0
0062024620	5.0
0375756884	5.0
0345805054	5.0
0544108620	3.0
1452110212	5.0
0062024612	3.0
0385177259	5.0
1440531951	4.0
0316219568	4.0
1422157296	3.0
0240811887	5.0
0307887324	5.0
1933515163	5.0
0195071328	5.0
0743281101	4.0
0140281630	4.0
0942143027	5.0
0375505849	5.0
0345529413	3.0
0312337469	3.0
0671787454	4.0
0316017922	5.0
1595540105	5.0
0345531736	5.0
0449907635	5.0
0789749696	5.0
0764524836	5.0
0374525439	5.0
1841761788	4.0
0989620905	5.0
0316118850	5.0
0399134824	3.0
1612183182	4.0
0307888622	5.0
1603585206	5.0
0141441038	5.0
0874778204	5.0
1452109222	4.0
0307730808	5.0
1611098998	3.0
034545197X	5.0
1611097665	4.0
076145795X	4.0
1118655443	3.0
1855322110	5.0
0761457968	5.0
0307277186	4.0
0373892233	4.0
0547615647	4.0
0060954655	4.0
0345538366	5.0
0007506236	5.0
0060752440	4.0
1595548068	5.0
1477818073	4.0
1612183190	4.0
0609603108	5.0
1939410037	4.0
0345451910	4.0
0307700127	5.0
1565126076	5.0
0061053562	5.0
076360108X	5.0
1250013305	3.0
0399157522	5.0
0399144218	2.0
0060530383	4.0
0307986276	5.0
0761457933	2.0
006232344X	4.0
0547615655	2.0
0765313472	3.0
B00HXYM7DY	4.0
0060528060	5.0
0060089539	5.0
0849902401	4.0
0060738170	4.5
0312955006	5.0
1596062002	5.0
0060089555	5.0
1400204755	5.0
030726291X	5.0
0385474989	5.0
1451699425	5.0
0761457941	5.0
067165604X	3.0
1400051754	5.0
B007EMQCY0	5.0
0765312131	4.0
1440531994	5.0
0842305068	1.0
0441009441	4.0
1559210249	5.0
0830834478	5.0
0380799014	5.0
0439404371	4.0
0062294377	4.0
070060748X	4.0
0373777469	4.0
006079867X	4.0
0061020699	4.0
0312277032	5.0
0470387408	1.0
0786864133	4.0
0373895313	4.0
0307886883	5.0
0765333023	5.0
1250024897	4.0
0060192577	3.0
0345522818	5.0
0307387828	5.0
0745644775	4.0
1611098947	2.0
081269502X	4.0
0307362566	3.0
034554241X	5.0
1611098955	4.0
0375421734	4.0
0385335776	4.0
0374105677	5.0
0917651367	2.0
1467710679	4.0
0881507199	5.0
1401938809	5.0
0552779709	5.0
0307700135	4.0
0385346433	4.0
0547985576	5.0
0385506198	4.0
030795207X	5.0
0842373195	1.0
0307280721	4.0
080703276X	1.0
0060937203	5.0
1616080299	4.0
0345348656	4.0
0571223109	5.0
1400074304	5.0
0547959214	1.0
1597775940	2.0
1401685560	4.0
0399158774	3.0
0380724340	2.0
0312650116	3.0
0385507577	3.0
0374281947	4.0
0373777434	5.0
0060089598	4.0
0062249894	3.0
0151011877	3.0
037377740X	4.0
0778326918	5.0
0385337418	5.0
0761453660	5.0
1440554579	5.0
0062285505	5.0
0399158766	5.0
0062316206	4.0
1451655096	2.0
1611098939	3.0
1569249261	5.0
0812508424	5.0
156947849X	5.0
1477816399	5.0
0312306326	3.0
0452288312	5.0
1612183905	5.0
0865546932	3.0
1401925421	5.0
0446577847	3.0
0786711515	5.0
0345803280	3.0
1616952342	5.0
0815410530	4.0
0385507593	4.0
0385347669	5.0
0123750792	5.0
1433676613	5.0
038080798X	5.0
0373777450	4.0
0345461371	5.0
0765306298	4.0
080509069X	3.0
0007519532	4.0
1616492082	3.0
0140320970	1.0
0375404031	5.0
1612186173	5.0
1595553371	5.0
0778314952	5.0
1400049350	2.0
0061989207	5.0
0743445880	5.0
0800871863	4.0
0307393755	3.0
0547985533	3.0
0307955958	3.0
0316008958	3.0
1477800832	1.0
0470470666	3.0
0811874869	3.0
0062107496	4.0
0778325601	4.0
0927978245	5.0
0062202359	5.0
B006ROF6BQ	5.0
1452102643	4.0
1603582916	5.0
0671003941	4.0
1612183964	4.0
0062065114	5.0
0465036759	5.0
0804170746	4.0
0804136823	4.0
0007230206	5.0
0312421273	5.0
0061710245	5.0
0310903335	4.5
074566265X	5.0
0312862830	3.0
140168551X	5.0
0778326942	5.0
0886772400	5.0
1594205280	4.0
0345448359	4.0
0312595697	3.0
0743445864	4.0
0886773733	4.0
0778314979	5.0
076145361X	4.0
054773848X	5.0
0312378823	3.0
031226142X	3.0
0470470690	5.0
0802120059	5.0
0310333989	5.0
0743570537	5.0
0553275852	4.0
0875428886	1.0
111844132X	5.0
1611091470	4.0
0066209773	5.0
044650534X	5.0
159606630X	3.0
0394800842	5.0
0802120040	4.0
1416591001	4.0
0743253965	5.0
0786719443	5.0
0310320682	4.0
0060532181	4.0
006128856X	3.0
1559708395	1.0
0143124501	5.0
0894803417	5.0
0375756922	5.0
0307480593	5.0
0871592703	5.0
0137153155	4.0
0385349408	5.0
0765332574	5.0
0307378187	5.0
0133249263	4.0
0756402972	4.0
0307955982	5.0
0544157567	4.0
0804139091	4.0
0778324303	5.0
0380733285	4.0
0345805038	5.0
0802120032	5.0
0743445848	5.0
0470445726	5.0
0307266427	5.0
0062201050	5.0
1453297944	5.0
1400074312	4.0
0374207682	5.0
0061565989	4.0
006211817X	4.0
0307480585	4.0
0446618748	5.0
0441068588	5.0
0765332582	4.0
0744002532	5.0
1572840811	5.0
0062213024	5.0
1118017447	4.0
0756402980	3.0
0061576638	2.0
0679768645	5.0
0671769561	3.0
0307700968	4.0
030770095X	4.0
0761451870	5.0
0767903617	5.0
042521799X	5.0
0452281784	4.0
0764227467	4.0
0804136866	5.0
1611098092	4.0
0761457186	5.0
0446601977	5.0
067940676X	5.0
1565129938	4.0
0399160213	3.0
0448089076	4.0
067157812X	5.0
0470430699	4.0
1611091454	5.0
0393046680	4.0
1477808701	4.0
0316666009	2.5
031032551X	5.0
1594746141	5.0
1594631719	4.0
0789747979	5.0
0385524072	5.0
1451672489	4.0
0684180561	5.0
0061020702	4.0
0240812298	5.0
0199922071	5.0
1612182682	4.0
055357891X	1.0
0307976815	4.0
054402883X	5.0
0062300709	4.0
0547738463	3.0
0060564652	5.0
0448089084	5.0
1400032520	3.0
0340770732	4.0
0785107886	4.0
1611098068	5.0
0399156178	4.0
0240816641	5.0
0547970439	5.0
0425157474	3.0
0062071858	4.0
1477816348	3.0
1611091438	3.0
0310333172	5.0
0547725140	5.0
0060530413	5.0
1616951885	5.0
0547970447	5.0
0684836254	5.0
0789742268	5.0
0062027794	4.0
1440557675	5.0
0060653205	5.0
044808905X	4.0
0547875126	4.0
0374380864	4.0
B0052UYJDC	3.0
0805091963	5.0
0679642730	5.0
0312610041	4.0
1890208515	4.0
0964366584	5.0
0345484088	4.0
0373776993	4.0
0310209307	5.0
1477807403	3.0
0553259768	4.0
0062503227	5.0
1616952326	3.0
0761451838	5.0
0745659896	3.0
0765300966	4.0
0312389566	5.0
1611099374	5.0
1611098041	5.0
0547678312	5.0
0812984307	4.0
0307460134	4.0
0393045390	5.0
0374289077	5.0
0786714603	2.0
0425194809	4.0
1469237318	1.0
0448089033	5.0
0553089293	2.0
1477808728	3.0
147780871X	5.0
0062279661	4.0
0062187546	4.0
1575668459	5.0
156947057X	2.0
144931905X	5.0
1440536775	4.0
0785275290	3.0
0385537328	5.0
0547859082	4.0
0062307304	5.0
1611099390	5.0
1581351003	4.0
0805098577	3.0
0804136890	1.0
0761115706	2.0
0448089041	4.0
0345463102	5.0
0062094505	3.0
0380521830	5.0
0399147268	5.0
1611099358	5.0
1480435627	4.0
0743463668	5.0
0778314103	5.0
0385536038	5.0
0156029987	4.0
0448089017	5.0
0062237845	5.0
0312674945	4.0
1477816380	5.0
0345463110	4.0
0060394145	4.0
0062228919	2.0
0547330774	4.0
1477849270	3.0
147780742X	4.0
0062280678	2.0
1477807438	3.0
1611099366	5.0
1612184405	5.0
0547992653	5.0
0764542613	3.0
0345456831	3.0
0307264645	5.0
0812993241	5.0
0304356352	4.0
0151011818	4.0
0375411151	4.0
1477808760	3.0
1594488320	5.0
0375828192	2.0
0761459790	5.0
0448089025	5.0
0578111381	5.0
0385336195	5.0
0807044717	3.0
0060885599	5.0
0375415505	4.0
1908147768	5.0
0825305152	1.0
0310731828	4.0
1482066300	3.0
0141040343	5.0
0307263703	5.0
0805242171	4.0
111856264X	5.0
0805095497	2.0
0307456625	5.0
0345540700	2.0
0345534034	5.0
1585425117	5.0
0553050214	4.0
0553574175	5.0
1469210711	5.0
045052468X	4.0
0345342445	5.0
0312360312	5.0
0312383894	3.0
0618055312	5.0
1451657706	5.0
0374343969	4.0
1592400639	5.0
0062105655	5.0
0805097201	5.0
0425193500	1.0
0140084991	4.0
0375505547	5.0
0553574167	4.0
0843959630	4.0
0385529813	5.0
0312315716	5.0
1781682704	1.0
034550903X	3.0
0763662585	4.0
0062506676	1.0
0099728605	4.0
0761459618	5.0
0312538057	5.0
0446613789	2.0
1411665899	1.0
0345433300	4.0
0307596915	4.0
1595549684	5.0
0307715159	4.0
0553574159	5.0
1118641108	4.0
0140277447	4.0
1620401207	5.0
0316078395	3.0
0345534050	4.0
0547553102	5.0
125000716X	5.0
0151014329	3.0
0345449703	4.0
1602862222	5.0
1934030961	4.5
1938170156	5.0
0385538758	3.0
0547232799	5.0
0544114329	4.0
0062291408	3.0
0312424094	5.0
0060004878	5.0
1879605074	5.0
0385537433	2.0
160774502X	3.0
0881928720	5.0
0385618506	3.0
0547813376	2.0
0385504535	5.0
1451641311	4.0
0374533326	4.0
0061688983	4.5
0743403533	4.0
1400033594	4.0
055325555X	5.0
0553592882	4.0
1451649282	3.0
1477849319	4.0
039916541X	4.0
0743223527	4.0
0307379930	5.0
1594488371	3.0
0307272621	3.0
1595547088	5.0
1477816402	5.0
1400069548	4.0
1612182194	5.0
077831622X	1.0
0061962643	5.0
0312675291	3.0
0143119605	5.0
1594487049	5.0
0060935618	3.0
1250007151	5.0
0300137540	4.0
0544087089	5.0
0060598689	5.0
0684807610	5.0
0860685411	5.0
0316228117	5.0
0316001821	5.0
0307596907	5.0
0345363310	3.0
0062219251	4.0
0312383886	5.0
0441007325	3.0
0745680798	4.0
0451219244	2.0
006229931X	3.0
0060277475	4.0
037570471X	4.0
0440218659	5.0
0525950753	5.0
1581349106	5.0
0060084103	4.0
1936976013	5.0
149350892X	5.0
0976118106	2.0
0310336104	5.0
0345537122	4.0
0380813793	4.0
0345534093	2.0
0307888789	4.0
0062072226	5.0
0547516177	4.0
160819938X	2.0
0778322939	4.0
1608198065	5.0
1250008468	5.0
0763665665	5.0
0007217838	1.0
0761456554	5.0
0316217492	4.0
1742200249	5.0
0312850093	4.5
0143035096	5.0
0547848013	5.0
0618858679	5.0
0345352661	4.0
1419711326	5.0
0307958345	5.0
0312340702	5.0
1611090954	4.0
1477816410	5.0
0345324609	5.0
1118680774	5.0
0553103237	5.0
0345428811	4.0
1401943276	5.0
0310217601	5.0
0544230272	3.0
1477800891	5.0
0886772397	5.0
0850459605	4.0
0672321688	3.0
0061894443	5.0
1416537538	5.0
074346270X	5.0
0446527297	4.0
0307886107	5.0
0132875241	5.0
0375503757	3.0
1594487081	4.0
0399166793	2.0
1615190902	3.0
0345320239	2.0
1477818170	3.0
0330390287	5.0
0385263481	5.0
006230268X	3.0
044023476X	3.0
0307943232	5.0
0143186426	4.0
1421410966	5.0
0312095511	5.0
0307269876	4.0
1416533168	5.0
0765309297	3.0
0099415062	4.0
0544056779	5.0
0745660290	4.0
0525249788	5.0
0440157587	5.0
1611090938	2.0
0307977463	3.5
0547974590	5.0
1611735270	3.0
0061964417	3.0
1936493411	5.0
1615190910	4.0
1611098866	3.0
0385376154	4.0
0743403517	4.0
0310439078	5.0
0143170090	4.0
0761453474	5.0
0312261845	4.0
1616953152	4.0
0761456503	5.0
0765334275	5.0
0060974370	4.0
0544114396	4.0
1623650143	4.0
0316691097	5.0
0306822725	5.0
0767930576	4.0
1421405571	5.0
1611098874	3.0
067145711X	5.0
0310439086	5.0
0761456511	5.0
0062064657	4.0
0345496973	2.0
1938793013	3.0
0240812832	4.0
0007167040	5.0
0446527289	3.0
1597800732	5.0
0099282194	5.0
0395266823	5.0
076145344X	5.0
0373210574	5.0
157062089X	5.0
0099406136	3.0
0062117602	3.0
1421410915	5.0
1937715205	5.0
1582701938	2.0
0062105620	5.0
0425264394	5.0
0761461078	5.0
0761114068	3.0
1594745935	5.0
0373777590	3.0
0312374984	5.0
1441305041	5.0
0061774596	4.0
0805096701	3.0
1250034779	4.0
0874776384	5.0
074346625X	4.0
0140281584	5.0
0679752927	5.0
0307908038	5.0
039592720X	5.0
0385348991	4.0
0761461094	5.0
0375702938	5.0
0613685725	4.0
0345478274	5.0
006228553X	4.0
0312374992	5.0
1611098858	5.0
1556434308	5.0
1582973261	5.0
0451417518	3.0
0345428838	5.0
0143186434	5.0
1118608569	3.0
1118352785	5.0
0618113738	4.0
0399145885	5.0
0425132935	4.0
0373210558	4.0
0886772370	5.0
0399148914	5.0
0547763484	5.0
0802120202	5.0
0312610769	5.0
0312596855	5.0
0679779159	5.0
0143038990	3.0
1586483234	1.0
0470553731	5.0
0156001411	1.0
0544026934	5.0
1587761157	2.0
0307956555	5.0
0060883960	5.0
0544114353	4.0
0199922667	4.0
0307908054	3.0
1611098831	5.0
0743226631	5.0
0871599074	5.0
0062293192	4.0
0547995482	4.0
0399145877	3.0
1250013879	4.0
1433680459	5.0
0385536933	4.0
0374192049	5.0
0345358805	4.0
061885990X	2.0
0470587946	4.0
0316871125	5.0
0246130474	5.0
0062209841	5.0
0312642326	3.0
0312313195	3.0
0385343280	4.0
0385335660	5.0
0736094342	4.0
0547519273	5.0
1612185290	4.0
0061717142	3.0
1250033470	5.0
0385742444	5.0
0316069418	5.0
0778324710	4.0
1250026385	5.0
0345806654	4.0
1607477289	5.0
0062297600	5.0
0671219707	4.0
0671318586	5.0
0761453539	5.0
0743236009	5.0
0762782927	5.0
1616951397	4.0
0679721037	5.0
0156029057	4.0
1478183438	4.0
0756628768	4.0
1477818227	3.0
0060779632	5.0
0156031361	4.0
0802869858	5.0
0310331234	5.0
1620403048	4.0
0877939322	1.0
0143170104	3.5
147780756X	5.0
0345549074	2.0
0761457909	5.0
0307744493	3.5
0307265439	4.0
006225930X	4.0
148195282X	1.0
0684835665	5.0
0596529759	5.0
0061782203	4.0
0547637241	5.0
074356619X	1.0
0307377385	4.0
0375503803	5.0
030790752X	3.0
1611098815	3.0
0140430350	4.0
0809557673	2.0
1595547819	5.0
0804178526	4.0
0399156453	5.0
0763667358	3.0
0761453512	5.0
0618197370	4.0
0452277337	3.0
0805242953	3.0
0804108692	5.0
0062236679	5.0
0980139414	5.0
0345543793	1.0
0385752725	3.0
0312643721	5.0
0307907546	5.0
0805094946	5.0
1416534407	4.0
0373777574	5.0
1477818243	2.0
0310335612	4.0
0061963119	4.0
0373777558	3.0
044100900X	3.0
0345497422	5.0
0679772618	4.0
0060958294	4.0
0143113526	4.0
0767930509	3.0
1594746400	5.0
0140249435	3.0
0062132393	4.0
0670016780	3.0
0307576531	4.0
1477807594	3.0
1451685815	5.0
0140546685	5.0
061809542X	5.0
0385487517	4.0
0373777566	5.0
0521849853	3.0
0743463161	5.0
0553100203	5.0
0553383086	3.0
1416544399	5.0
0399152911	5.0
0778313999	5.0
1451636881	3.0
0310257700	5.0
1250001048	5.0
0399146237	5.0
0670018554	5.0
0062025066	4.0
1841760919	5.0
159554786X	5.0
0547868529	4.0
0553584464	5.0
1611800021	5.0
1885217862	3.0
0618334661	5.0
0425186458	4.0
077832463X	3.0
0547745915	5.0
1596916729	5.0
0745661696	4.0
1250014360	5.0
0061774618	4.0
0547868537	4.0
0778315703	4.0
1442429518	5.0
0765321793	5.0
0802120172	4.0
006227189X	4.0
0374228469	5.0
0373837860	5.0
0156029022	5.0
0061782246	4.0
0688077943	5.0
0062218808	2.0
1250018714	3.0
0736919856	5.0
030795479X	4.0
B00849WUJI	3.0
0385359594	5.0
0440225833	5.0
0688162193	5.0
034580404X	1.0
0399148876	4.0
1603583904	5.0
0307986330	5.0
1612182976	5.0
0449219771	5.0
0553583158	4.0
0060746769	2.0
0312280041	4.0
0618197338	4.0
0310213274	5.0
0345522893	3.0
0544031563	4.0
1848190271	4.0
0312952813	5.0
1455124168	5.0
1475111460	5.0
0345426266	4.0
0062121693	4.0
0679643753	5.0
0761110526	5.0
0545381827	4.0
1107646707	3.0
0553579002	5.0
0745651445	5.0
0881507237	5.0
1442497602	1.0
0745652778	5.0
0763632643	4.0
1451627939	3.0
1477808000	4.0
0062218832	5.0
0060780649	5.0
0802120156	5.0
0143187813	5.0
078600407X	1.0
0345546857	4.0
0375870407	5.0
0143034561	4.0
144055773X	5.0
1400025079	5.0
0679643745	5.0
045121577X	3.0
006200980X	5.0
0307720454	5.0
1451691696	4.0
1439153957	5.0
0778314405	4.0
0060572140	5.0
0345341988	4.0
077831572X	5.0
0835608840	5.0
0061655988	5.0
0399149309	4.0
0140077022	5.0
1566912296	5.0
0743406567	4.0
1580001076	4.0
0374292795	5.0
0789404257	5.0
0062207296	4.0
1118681185	4.0
0439139597	5.0
0671023241	5.0
0525951261	5.0
0061030635	3.0
0062110969	3.0
0007436629	5.0
0449816737	4.0
0312358997	2.0
1616952636	4.0
1477808825	4.0
142141015X	4.5
B0045U9UES	2.0
0061448761	5.0
0810914344	5.0
0399158243	5.0
0061373559	5.0
0307949338	5.0
1455599492	3.0
0812971531	2.0
0385537492	3.0
1477816437	5.0
0939443031	4.0
1477808817	4.0
1433521903	5.0
0060175400	5.0
0385362307	5.0
0064431452	5.0
1594746494	4.0
0679764143	5.0
0307719480	5.0
B00FYUE92Q	5.0
0307263649	5.0
0385340990	3.0
1401930735	5.0
0553593315	4.5
0345353943	5.0
0544003454	4.0
0765366665	3.0
0061335290	5.0
1451624085	3.0
0739369466	5.0
1433528525	5.0
0312939019	5.0
0927978199	5.0
0062066390	5.0
0062070401	5.0
0553383051	5.0
0061340634	3.0
1118412044	5.0
1450497101	5.0
0761451749	5.0
0345544242	4.0
1611099285	1.0
1573221937	3.0
0802120199	4.0
0765308738	4.0
0061056383	2.0
0307951634	5.0
0446533033	4.0
0307408973	5.0
0547645716	3.0
0544003462	3.0
1596061618	5.0
0062246879	4.0
1400202086	4.0
0385536186	5.0
0743291719	5.0
000755947X	4.0
002717350X	5.0
1477816453	5.0
1400074061	1.0
0896087247	5.0
0679439382	2.0
0062248634	4.0
0375868941	5.0
0062271814	5.0
0761451714	5.0
1475149174	4.0
0310734975	5.0
1611099250	1.0
0805065512	5.0
0876120796	4.0
0140177191	5.0
0385537468	4.0
1612183441	4.0
038518400X	3.5
1612184774	4.0
0062015664	5.0
1742200184	5.0
0143038095	5.0
0061284904	5.0
0805091815	4.0
0316098736	3.0
037572740X	5.0
0963648012	3.0
0375727418	3.5
1477808868	4.0
1612182127	4.0
147784807X	2.0
1118575121	4.0
0547581297	3.0
1414363265	5.0
0975271148	3.0
0312858868	4.0
159184133X	5.0
1250005493	5.0
1455512737	4.0
1612184782	4.0
030790881X	3.0
0385536127	4.0
0375401253	4.0
1476738963	3.0
0425086569	3.0
1426212666	4.0
0842359249	1.0
1250041988	4.0
1458725278	4.0
0374379939	4.0
1477808876	5.0
0763654043	3.0
0547352204	2.0
1612183425	5.0
0743219570	5.0
0321813839	4.0
0544239504	3.0
1416915877	5.0
0374157642	5.0
054771212X	2.0
0002185385	5.0
0374379963	3.0
0618056696	4.0
0525953868	5.0
0307275639	5.0
0547942079	5.0
0446610747	4.0
0671016970	5.0
0778314472	5.0
0812984897	5.0
140003048X	5.0
1451616422	5.0
1477807551	4.0
0062089064	4.0
0060777095	5.0
0345522028	5.0
1594488444	3.0
1594487111	1.0
0385537476	3.0
0761457011	4.0
037586895X	4.0
0060922249	4.0
1451649312	5.0
0547942087	5.0
0446584622	5.0
0399160582	4.0
006224860X	5.0
0060014342	1.0
0373210655	5.0
030793313X	5.0
0618509283	5.0
0312278586	5.0
1250045584	4.0
0425120015	4.0
1612182038	4.0
0385342675	4.0
0385536208	5.0
0312155611	3.0
014102724X	4.0
0778325016	5.0
0470474319	4.0
0770437125	5.0
1250024633	5.0
0143114093	5.0
0307984737	4.0
1400069629	3.0
0060977582	5.0
1401324665	5.0
1612183360	5.0
0446563099	4.0
1118341384	3.0
0373210663	5.0
0399155937	4.0
1579654355	5.0
0345421450	5.0
0515126489	2.0
0345400534	5.0
030740515X	5.0
1440533067	5.0
0802134092	5.0
B0040JHR0I	4.0
0062049739	5.0
0373778198	2.0
1612183379	5.0
0062279874	5.0
0062246933	4.0
1423170997	4.0
0132357798	4.0
1426753241	5.0
0307716333	5.0
0061236233	5.0
0133095185	5.0
0373210671	5.0
1477805842	5.0
0060855924	4.0
0373210639	5.0
0544164504	5.0
0316035998	5.0
1401310052	3.0
0307452360	5.0
0061950726	5.0
0761455140	5.0
0061056405	4.0
0778314391	5.0
0399155929	3.0
0061236225	4.0
0007136838	5.0
0872430545	5.0
157860463X	5.0
0671747584	3.0
1433531356	5.0
0786408979	5.0
1574780433	5.0
0312681895	5.0
0060529148	4.0
0061230901	5.0
0778326381	5.0
1576730239	5.0
0307984761	5.0
0060518499	5.0
0062279890	3.0
0425203506	3.0
030759243X	5.0
0547734360	5.0
006213051X	5.0
1627740066	5.0
0345526546	5.0
0312384408	4.0
0062059998	5.0
0306806541	4.0
147781650X	4.0
0345527895	4.0
0451418905	3.0
0767921763	5.0
1450444687	5.0
0316353299	4.0
0345538552	4.0
044024370X	5.0
0805095330	4.0
1401945767	4.0
042519499X	5.0
0307718964	5.0
0345526570	2.0
0385392907	5.0
0307361047	5.0
0874779375	3.0
0765303027	4.0
0060935731	5.0
1477805877	4.0
0310262984	5.0
0375411453	4.0
0553383752	3.0
0684850354	5.0
B002AQSPFY	4.0
0307444732	4.0
1477848126	3.0
0307272516	4.0
0393057658	5.0
0062073427	5.0
0618126988	4.0
1612182089	5.0
1477805869	5.0
0345503821	3.0
0395080746	4.0
0345468996	5.0
030758836X	5.0
1742200354	4.0
0375849726	5.0
0060935723	4.0
1118205669	4.0
0802142508	5.0
0789749491	5.0
1118525531	5.0
0312347472	4.0
0385537522	4.0
0062207393	5.0
0080971148	5.0
0061703257	5.0
0763660094	3.0
1612183387	5.0
0805069054	3.0
0307951820	5.0
0778316130	1.0
0380795280	3.0
0310440130	5.0
1477816542	3.0
0062059963	5.0
0743236718	5.0
0151014248	3.0
0449213447	5.0
0060739681	4.0
1118484711	5.0
B00HXYKZ56	4.0
0440343119	4.0
0062267884	5.0
0061076058	5.0
0547910681	4.0
1612183395	4.0
0312939167	3.0
0316010669	5.0
0060541695	5.0
0440237033	4.0
0062233653	5.0
0892960078	5.0
0062292811	2.0
0684864975	5.0
0778328112	5.0
0544026888	5.0
1477816534	5.0
1433530074	4.0
0345540875	5.0
0399149287	3.0
0802118887	5.0
0380795272	3.0
0582421276	5.0
140120371X	5.0
0062276743	5.0
0307908100	4.0
0399157727	5.0
0373211104	5.0
0393088758	5.0
0553583174	5.0
0547496966	5.0
1401943152	5.0
0761456406	5.0
1561488054	3.0
0785250573	1.0
0805096620	5.0
0385509472	5.0
1612186475	4.0
0307268438	4.0
1555911153	4.0
1422168166	4.0
0618374086	5.0
0133133710	5.0
0763658596	5.0
0345542606	4.0
0385740573	4.0
0345490096	5.0
0679311831	4.0
0399153357	5.0
0385352093	2.0
1855323664	4.0
1616953047	4.0
0452285119	5.0
0385509480	3.0
0062305840	3.0
1433681846	5.0
0761456414	5.0
0310246040	5.0
0307270777	4.0
1569476004	5.0
0802121624	5.0
0385344473	2.0
1857885988	5.0
1433671697	5.0
006092988X	5.0
193154378X	3.0
1595541691	5.0
064179164X	2.0
1426706898	4.0
0060560851	4.0
0062237152	5.0
0312851405	4.0
006206584X	5.0
0743261704	5.0
0385336810	4.0
0345531973	4.0
0446196932	5.0
0553103334	5.0
068987474X	4.0
1476733414	3.0
0778316165	3.0
1477848932	2.0
0805060685	4.0
0060393408	3.0
0385535783	5.0
0736919805	5.0
0345481143	5.0
0062283057	3.0
0547229895	3.0
0803738897	5.0
1604077964	5.0
051512298X	3.0
080509489X	5.0
0240811631	5.0
0399152008	5.0
0761103465	4.0
0307337332	5.0
0441012825	2.0
006227676X	5.0
0786866586	5.0
1595541667	5.0
1933397330	4.0
0761453369	5.0
0195398653	4.0
0141001488	5.0
0062284398	3.0
1612185134	5.0
0792257197	4.0
0967819946	5.0
0143034480	2.0
0375757945	5.0
0945167555	5.0
0310436923	5.0
0345379640	4.0
1454702486	4.0
1400043085	4.0
1401301193	3.0
0399132414	5.0
0449005569	3.0
0547429339	4.0
0842384065	4.0
0373210698	5.0
0307959732	5.0
0307960722	4.0
1422352919	4.0
0061231428	4.0
0062088513	4.0
1118027426	4.0
1477848991	3.0
0765306948	4.0
0765305615	3.0
1416538704	5.0
0345379632	4.0
159643774X	3.0
077043715X	4.0
0345427653	3.0
1250003733	4.0
0062085492	4.0
0062237187	5.0
0385335555	4.0
0743238516	5.0
0470121513	3.0
1119959977	5.0
0843960531	5.0
0399157751	5.0
1612182925	5.0
0441018149	5.0
0307596869	5.0
0142180823	5.0
0062135317	4.0
0711929033	5.0
0306814188	4.0
1594204594	3.0
0385501528	5.0
0544047745	3.0
1442481412	4.0
0151012458	4.0
0062276727	4.0
0062077880	4.0
0345530683	3.0
0385529058	4.0
0684848090	4.0
0871139693	1.0
1597494860	5.0
071485736X	5.0
0743446526	3.0
0316591122	5.0
1442413336	3.0
0547417330	5.0
0345439600	5.0
0380723638	4.0
0375407340	5.0
1583332057	2.0
0770437184	5.0
1938289161	4.0
0761454659	5.0
0373803494	4.0
0345527046	4.0
0684824906	5.0
161519083X	5.0
0761455981	5.0
1477800123	3.0
034553199X	4.0
0224096397	4.0
0802121640	5.0
0761462279	5.0
1627790314	5.0
0307269779	5.0
0062064584	5.0
080212030X	5.0
0312642202	5.0
0395982111	4.0
1439176582	5.0
0312872380	4.0
1595551026	2.0
1401215734	2.0
0312304366	5.0
1608198103	4.0
0446527327	4.0
0802137938	4.0
0399144374	5.0
0307908984	2.0
0312591063	4.0
1595542027	5.0
1118567439	5.0
0842384146	3.0
1616951273	5.0
1477807683	3.0
1423377028	5.0
038534743X	5.0
147781700X	4.0
0345541235	5.0
0373777671	3.0
1477805036	4.0
0525953183	2.0
1616952598	4.0
1477807691	4.0
0684843161	4.0
0446530980	4.0
0375867546	5.0
0385177895	5.0
0307379205	5.0
0345369351	4.0
0385335482	5.0
B00703HTGS	2.0
0671013955	3.0
0399143041	4.0
0688132200	5.0
1463771738	4.0
0006551807	3.0
0684810271	4.0
1568363885	4.0
0312156170	5.0
0761451692	5.0
0786266511	3.0
0345510992	2.0
0810124939	2.0
0307986497	5.0
0802120245	4.0
0767901258	5.0
1477805044	4.0
0385343078	5.0
0061733148	5.0
045121126X	4.0
0770436730	5.0
0879512369	5.0
0723247714	5.0
0553294385	5.0
0373777698	5.0
0061231452	3.0
0547904770	5.0
0316117366	1.0
0307950492	5.0
037377768X	5.0
0399148701	3.0
0374280886	4.0
0380603926	3.0
1477805052	4.0
006113922X	5.0
1594205027	5.0
0671319760	4.0
0374289212	5.0
0316166316	5.0
1118611144	5.0
0062283103	3.0
0547237448	2.0
158595747X	5.0
0765332388	5.0
0156032562	5.0
0385483279	5.0
0399143025	4.0
1250014492	5.0
0553260111	4.0
0061791083	5.0
1477805060	5.0
0842384103	4.0
0060296410	5.0
147671066X	4.0
0062237225	5.0
0060524308	5.0
0062282662	4.0
1569476039	5.0
0670066907	4.0
1595547762	5.0
142218739X	4.0
0307279936	5.0
0451419448	2.0
0007486774	5.0
0446540331	5.0
0778325857	4.0
0470824719	4.0
0517705699	4.0
1577316592	5.0
1477805079	4.0
1118518470	5.0
0679764097	5.0
055358894X	5.0
0399155058	3.0
006227371X	5.0
0778313883	4.0
0671528904	5.0
0099462095	4.0
0393052761	4.0
1594632456	5.0
0439546540	5.0
0312641850	5.0
0007124015	5.0
0345440684	4.0
0140284583	4.0
037572737X	5.0
0778325865	2.0
1400062128	3.0
1477809449	5.0
013296483X	4.0
0745653979	4.0
0062080539	4.0
1611099196	5.0
080212027X	4.0
0843963670	5.0
1465409351	5.0
1416585834	5.0
1623650224	4.0
0345440676	5.0
076145828X	5.0
0312938640	5.0
0312981457	4.0
037571409X	4.0
0812971639	4.0
0743284437	1.0
0385299338	1.0
1616201614	5.0
140004250X	3.0
0307719391	5.0
0528885820	5.0
0345324412	5.0
074567223X	5.0
0739359339	4.0
1118074661	4.0
006221893X	3.0
0345440668	5.0
0452295297	4.5
038072541X	4.0
0307957934	3.0
0801483891	5.0
1605299960	3.0
0778324559	3.0
080211928X	5.0
0671884689	5.0
0829420002	5.0
1414385544	5.0
014280018X	4.0
0399147489	5.0
1477849483	5.0
1118336879	3.0
0385519710	4.0
0750950366	1.0
0312336837	4.0
0515118907	1.0
0670033197	4.0
0091797276	5.0
1408852217	4.0
0399161783	5.0
0062236733	4.0
0307950433	5.0
0312650752	4.0
1477816569	4.0
0062224735	4.0
0761458271	4.0
1416596518	4.0
0553474189	5.0
1477807616	5.0
0062281305	4.0
1250028272	4.0
0446613711	4.0
0743250265	5.0
0804136610	5.0
0684800063	5.0
0760331413	5.0
1569714290	4.0
1781682682	4.0
1477807608	4.0
0393013995	4.0
1620401398	5.0
1416552944	3.0
0062110837	5.0
1620403110	3.0
068702496X	5.0
0451224558	5.0
0312986319	3.0
1118433076	5.0
1612185924	5.0
0544238338	4.0
0765317583	5.0
1611099153	5.0
1452114498	4.0
0345446828	5.0
0804137978	3.0
0061196681	4.5
0143116770	4.0
0142001929	3.0
1450419704	5.0
0547607342	4.0
0373777612	2.0
0345314255	3.0
0345535405	5.0
0345803450	2.0
1477807632	4.0
0312659105	4.0
0446524204	5.0
0399148787	3.0
054514311X	4.0
1612185932	4.0
1879605228	5.0
0141039280	1.0
006230755X	5.0
0060093897	4.0
0451161343	5.0
0744001404	5.0
0307950425	5.0
0306811170	4.0
158008981X	4.0
0062336010	3.0
054794215X	4.0
0061257257	5.0
1477816577	2.0
0525951377	1.0
0743477618	4.0
0441006973	2.0
1477848193	5.0
0061766046	4.0
0375503048	3.0
1611099137	4.0
0374387699	4.0
0312971281	5.0
0812994345	4.0
0374324956	2.0
0547792107	1.0
0812993012	5.0
0553109537	3.5
1477807640	1.0
0195304837	4.0
1572841044	5.0
0425158543	4.0
0671001132	5.0
034540856X	4.0
0849948088	4.0
1583226982	4.0
0385537581	2.0
0061173185	2.0
0385350252	3.0
0060829699	5.0
0684800012	5.0
0671318411	4.0
0761452931	4.0
0060541709	5.0
0684872528	3.0
0349103232	3.0
0765334909	4.0
0060977493	5.0
0310327903	4.0
0307907619	4.0
1897959257	4.0
0687645034	5.0
0609808524	5.0
0743227077	4.0
0882711296	5.0
0316853275	5.0
0345455738	5.0
0671688774	5.0
1476725799	4.0
0151004072	5.0
0767909186	5.0
0761459537	5.0
0778314340	5.0
1477848177	3.0
1612184634	5.0
1611099110	5.0
076145649X	5.0
0451204948	5.0
1400019354	5.0
0310217598	5.0
0385337272	5.0
031021758X	5.0
4889960368	2.0
0062202529	4.0
0307377490	4.0
1477807675	4.0
0393044289	3.0
0345534115	4.0
1477848185	5.0
0060541725	5.0
0670784931	4.0
0062307525	4.0
0253208637	5.0
0898709210	5.0
0312929773	5.0
0061133973	5.0
0385337280	3.0
0553471937	3.0
1612185975	4.0
1416588930	4.0
1612184642	5.0
0763663093	2.0
0307377482	4.0
0399167099	2.0
0745661521	5.0
1401942628	3.0
