0440234808	3.0
1451685173	3.0
051512527X	3.0
0062279858	5.0
0141040343	5.0
0062231316	5.0
140226383X	5.0
0811852482	5.0
0312556608	1.0
0451118537	5.0
1630350168	1.0
0380844001	4.0
149353985X	3.0
0758217595	4.0
0786500611	5.0
0505523973	2.0
1939049008	5.0
0385318200	5.0
0738708925	5.0
0062021281	5.0
0375759964	5.0
1940095123	3.0
0425227944	5.0
1484021959	4.3810032017075775
B0044DEGIQ	5.0
0451413121	2.0
B00JRF172Y	5.0
1492784370	5.0
014219672X	4.0
B00KJIC510	5.0
B0041KLDWY	5.0
0470050454	5.0
1482069822	3.0
0312351623	1.6024498886414253
0345490231	5.0
1484920066	5.0
B0081IT9VO	5.0
149423355X	5.0
0061339261	3.0
0373002211	5.0
1416576754	5.0
1494724251	4.0
0060507365	3.426735218508997
B006PFTKAU	4.0
0778320847	5.0
0615833411	4.0
0515094773	3.0
0373769202	5.0
0425181685	1.0
1466398167	2.0
B009PU7TJQ	3.0
B00FH1X40K	5.0
038079747X	5.0
0307351246	5.0
0380797488	5.0
0399164456	2.0
B004J4VVTM	5.0
0345500202	5.0
1402263805	3.0
B00CQ6P9OI	5.0
0991379632	5.0
0615822991	5.0
0446579653	3.0
0373767277	5.0
037376944X	5.0
0679832270	5.0
1482617412	5.0
1420132830	5.0
B0069ZVMH0	4.0
0452296722	5.0
B00F942W8K	4.0
0380790947	3.0
0380808080	3.0
0451219368	3.0
034547953X	4.0
0380786443	3.0
0821780573	4.0
0515090395	4.0
0615741932	5.0
0061230839	3.0000000000000004
0061083917	5.0
038081790X	5.0
0425272966	5.0
1935970186	5.0
0061703257	2.0
0425246108	5.0
0615921175	5.0
0671019708	5.0
0061340294	5.0
0813123607	5.0
0425263916	5.0
037312936X	5.0
0380802309	4.0
0061852058	5.0
0380809281	5.0
0060796677	2.0
0778316254	5.0
B00H0UT6O4	5.0
037376958X	5.0
0778314197	2.0
1612185339	5.0
0425270793	5.0
B0058OMUN8	3.0
1416537309	4.0
1250017289	5.0
0373717954	5.0
1605040150	5.0
0061259357	5.0
0061240869	4.0
0060562498	5.0
B00GMQ45C0	5.0
1611099528	5.0
0821754149	2.0
B0089H8AQ2	5.0
1568332289	2.0
0380802317	4.263803680981595
1781845832	5.0
037376975X	5.0
0812981901	5.0
038075620X	2.0
0373246455	3.0000000000000004
037363188X	5.0
B00BMPAFUC	3.0
0440244323	5.0
1495490394	5.0
0345543939	2.0
1843606143	2.0
0345497961	3.0
0345537009	5.0
0515131679	4.6153017241379315
0312949820	4.034790365744871
031231521X	5.0
1461057205	4.0
B00EBRUBBG	4.0
0553299565	5.0
0373881355	4.0
B0042JTAC4	4.763262599469496
0803499272	5.0
0451468279	4.0
0425268330	5.0
0373732104	5.0
0373605153	5.0
1590382668	5.0
042525092X	4.0
1480544353	5.0
074343787X	3.0
0380776170	4.0
1169280773	5.0
B009KAM766	5.0
0425195783	5.0
0345517318	3.0
1492809438	4.0
1440721726	2.0
0312605382	5.0
147674355X	3.0
1442187697	5.0
0743456254	5.0
0446616893	5.0
0439023513	5.0
042524315X	5.0
0062019015	3.0
0380811073	4.0
1416503609	5.0
0060531231	5.0
0373769601	5.0
0425266451	2.0
0380805871	2.0
0061241105	5.0
0399165142	5.0
1416503617	5.0
B0044DF0YK	5.0
0061234923	4.695132365499573
1489591095	5.0
0451419707	5.0
037313083X	5.0
1493680552	4.0
1492787701	5.0
0425260909	5.0
0312972814	3.0
B003370JSK	5.0
0451419715	5.0
0345480104	2.0
0789742926	5.0
0061234915	5.0
1633500004	5.0
0440234700	5.0
0312949812	4.633964817320703
0451406621	3.0
B007C9R0OG	4.0
B00KCE12J2	5.0
B00IFV9B7O	5.0
0312949804	4.491059147180192
1497471729	5.0
077832396X	5.0
0352346930	5.0
0778320464	2.0
1478261595	3.0
0380815575	2.0
0515118044	5.0
0380811081	4.079766972888192
0345506243	5.0
0312351666	3.8073496659242765
0743456335	4.0
B00BNFYKL6	3.0
075821474X	5.0
0062270486	5.0
B00AP2VVVK	5.0
003061368X	5.0
0515076228	4.0
0380785609	3.0
0142426040	5.0
0385335350	2.0
0380761513	3.8206896551724143
0515124621	2.0
0060763035	3.0
0425238199	4.87037037037037
B00HERC33E	5.0
0802798225	5.0
1420126512	3.0
1497412218	5.0
0345486528	1.0
0451417054	5.0
1402278780	5.0
0380761505	5.0
125000991X	5.0
0517006200	5.0
1492793639	4.0
0062273655	5.0
0345479904	1.0
1463787081	5.0
0451469402	5.0
044024546X	2.0
038078145X	3.571967790639154
0062019406	5.0
0393048446	5.0
1420101307	5.0
0061252379	1.0
0807101508	5.0
B00EPZUSYY	5.0
0007622872	5.0
0061131628	4.0
B00EFPNV2K	3.0
0606238409	5.0
0373768745	5.0
148234873X	5.0
1939962315	5.0
1477818359	5.0
0062076116	5.0
0515124648	4.0
0515103969	5.0
0425240177	5.0
0380819635	3.0
1492121169	5.0
1482747634	2.0
B005COO1X6	4.0
0803739095	5.0
B00AUYHX6U	5.0
B00AAU7AEE	4.0
0615419178	5.0
B005FG17T2	5.0
B0030MQIX8	4.0
037373168X	4.752941176470587
0425199401	5.0
1419962833	4.0
0743291298	4.0
148230810X	5.0
0743453484	4.0
0062294776	5.0
1612187099	3.0
0345503384	3.0
0373731329	5.0
0373285477	5.0
0758214618	5.0
125005236X	5.0
0380781433	3.4269722814498933
B00BL5VCO6	5.0
0373731205	5.0
0062068644	5.0
1250025354	5.0
0778313530	4.0
B00KMEELLS	5.0
B00756ARIM	5.0
1627981888	5.0
0765332450	5.0
1416510877	5.0
B00EASKOKO	5.0
0446328138	4.0
0345278372	5.0
0312373392	5.0
0515101222	4.0
B0035N1UWQ	4.0
0380781441	3.813700051894136
1613332572	5.0
B00CZE3WAO	5.0
0425251136	4.0
B00HS4GFE6	5.0
B009O3NO9I	4.0
0316027650	5.0
0373731566	5.0
B00KEFN9W2	5.0
0446606898	5.0
1494775093	5.0
0373218419	2.9999999999999996
0373534760	5.0
0671737848	5.0
140632132X	5.0
0553592440	5.0
1481105078	4.0
B00BZPLGVG	5.0
0151015392	5.0
B004OYUEX6	5.0
B00AIC7K26	5.0
1451640897	4.0
0985059176	4.0
0373776985	4.0
B00814M37U	5.0
1416509879	5.0
0307237141	3.0
0778327728	4.0
0062223879	3.495762711864407
0425263770	5.0
044661078X	4.0
0373364067	5.0
B005WE0X2E	5.0
0061684287	4.0
0316043893	4.0
1452664943	5.0
0345533232	5.0
0380762595	4.0
0345536983	5.0
0393049922	5.0
0988269732	4.5
0394755111	5.0
0373862288	5.0
031604461X	5.0
1416532862	3.0
0352330708	5.0
1612185932	5.0
0373192827	2.0
0373242972	5.0
0140502424	5.0
0446619124	5.0
B00D5G5ZTC	5.0
0312605935	2.8964451313755792
0380005255	1.0
0061118443	5.0
0060562536	5.0
149274459X	5.0
0991309650	5.0
0380773554	2.55700325732899
0451232232	4.0
0380811995	3.0
1451684436	4.0
1416547037	4.0
1452664935	5.0
B0032C99CS	4.0
1491039701	4.0
0143125567	5.0
1941098010	5.0
0345453433	5.0
0439981409	5.0
B00FDXPUYU	5.0
0373249217	1.0
B000SN6IOQ	5.0
B00K31DCD8	5.0
0446618489	5.0
0373766904	5.0
0375831002	4.0
B00L7DRQME	5.0
0380812983	5.0
0060091290	4.0
149744814X	5.0
1250019990	5.0
006056251X	4.7328519855595665
0486411249	5.0
1484920147	5.0
0380007762	2.0
038077013X	5.0
038077352X	5.0
0380773538	4.061299176578225
043935806X	5.0
0451466683	5.0
006223336X	5.0
0595124844	3.0
1569470200	5.0
1250019982	5.0
0380761327	5.0
