B00JXW6GFE	NaN
1118382811	NaN
0345526880	NaN
1423144333	NaN
1455548987	NaN
1624671128	NaN
B00ABVO2ZC	NaN
031044022X	NaN
0764208551	NaN
0684832836	NaN
076842593X	NaN
0304367192	NaN
0071439595	NaN
0615144551	5.0
014314376X	NaN
1451689764	NaN
9653590081	NaN
0767905199	NaN
0151001006	NaN
0345396065	NaN
1612184340	NaN
B00HZNZJRY	4.0
1590174992	NaN
0778327566	4.0
0985817097	NaN
1592443133	NaN
0764221981	NaN
0060277270	NaN
0316346624	NaN
0825434580	NaN
0099728605	NaN
0615639968	NaN
0449211177	NaN
0399162577	NaN
B00938UPUU	5.0
0983492107	NaN
1477654631	NaN
1416588981	NaN
1449748031	5.0
1494349841	NaN
B0087QOWUI	NaN
B00AK1HIEA	NaN
0312309066	NaN
0736926437	NaN
1585426466	NaN
1616282142	NaN
0425267083	NaN
0060930349	NaN
1477551549	NaN
1480802646	NaN
1569705887	NaN
193383661X	NaN
1576730360	NaN
0380012863	4.0
B00GS17K08	4.0
0446364401	NaN
1619492571	NaN
B006GDO3BC	4.0
1611944007	NaN
0980084288	NaN
0307341569	NaN
0307729508	NaN
0446523569	5.0
1937041123	NaN
1482549921	5.0
B00CULT1X4	NaN
0385537859	NaN
1572814349	NaN
1455578363	NaN
0977080722	NaN
1402737157	NaN
1481406701	NaN
0794841783	NaN
0345542924	NaN
1478311495	5.0
B00HBJ5TMM	4.0
1594030863	NaN
0380718367	NaN
0061470538	NaN
0801005590	NaN
1480257176	5.0
0385346972	NaN
0025853503	NaN
0983398062	NaN
0133064786	NaN
1414349815	NaN
1941098096	NaN
1781911622	NaN
0061259217	NaN
1848326483	NaN
1587470411	NaN
0983513376	NaN
0373694776	4.0
0061245097	NaN
B00GH0ED7I	5.0
0425263924	NaN
B00H0LKQPG	5.0
1453885986	5.0
0446579785	NaN
B00DJ4ZFYA	5.0
1481975498	NaN
0895860074	NaN
1612183026	NaN
0307749584	NaN
0988213044	NaN
1494450666	NaN
0983398038	NaN
0786183616	NaN
0425263916	NaN
0985350318	NaN
1476727228	NaN
0140276157	NaN
0921991231	NaN
1455578347	NaN
0987818066	NaN
0399144706	4.0
B00E1U4FNS	5.0
0988489171	NaN
1467980757	4.0
1480134430	NaN
1881022862	NaN
007147451X	NaN
0982501315	NaN
B007KYH3P4	NaN
1451665164	NaN
B00IDWDWJ8	4.0
0060652934	NaN
B00IXAZPX6	4.0
149964244X	NaN
0802842410	NaN
1576831914	NaN
0684844419	NaN
052895993X	NaN
0451418433	NaN
0060965886	NaN
B00G9FJ6BY	5.0
1450244238	NaN
0310233089	NaN
0739036335	NaN
031603438X	NaN
143353293X	NaN
0399153233	NaN
B001VEHZ34	5.0
B0061YAUG8	4.0
074328917X	NaN
0470505427	NaN
0989157768	4.0
1490911081	4.0
B00GXT9X00	5.0
1936493411	NaN
1458394972	NaN
1442367636	NaN
0615936113	4.0
1580174833	NaN
0310259827	NaN
0061706280	NaN
1583140530	4.0
0857210181	NaN
B00GO3H88Y	5.0
1433522306	NaN
0446401269	NaN
0801015383	NaN
1455512125	NaN
0310330440	NaN
1439192987	NaN
1611162033	5.0
0373885822	4.0
1932033971	NaN
0439895979	NaN
B002WPZUI8	NaN
0385344325	NaN
B00A4CSGDW	NaN
1441308148	NaN
0578033267	1.0
1433525801	NaN
B004MME4T0	5.0
098766252X	5.0
157062089X	NaN
1426209924	NaN
0670012963	NaN
B00B7T18UY	NaN
0446579939	4.0
0373207395	4.0
0764208365	NaN
185617929X	NaN
B00GM9PYWM	NaN
1416940022	NaN
0261103288	5.0
1451617291	NaN
1595143378	NaN
B004HO5M30	5.0
B00E3JWR82	3.0
B003RWS5Q4	4.0
0931722675	NaN
1455549657	NaN
0786865105	NaN
188784032X	NaN
0307594777	NaN
1582702810	NaN
0830812377	NaN
0547076347	NaN
0373885628	4.0
0800795407	NaN
0399145877	NaN
1453863575	NaN
0615634249	4.0
1490902155	5.0
0470587946	NaN
149047806X	5.0
1118105044	NaN
0143001027	NaN
0830812369	NaN
1250026385	NaN
0060938412	NaN
0316176486	NaN
1496166000	5.0
1118004469	NaN
1400314410	NaN
0399157565	NaN
B0083ZQVBQ	NaN
1490904387	NaN
B009S064Z8	5.0
0830715924	NaN
1938499786	5.0
0373250304	NaN
B007BTQTYY	5.0
0132944189	NaN
1581344473	NaN
0060779632	NaN
1433524104	NaN
B00K7S0PVY	5.0
1622872398	5.0
0756408113	NaN
0345448278	NaN
0470619600	NaN
147931014X	5.0
0061876747	NaN
B009EE9HZW	NaN
0446678538	NaN
0943575265	NaN
1449723896	NaN
0985167815	2.0
1479225703	3.0000000000000004
1118456939	NaN
0345304721	NaN
0935553495	NaN
0307464806	NaN
0891096825	NaN
0006499163	NaN
1880226669	NaN
1845378849	NaN
0897336100	NaN
0684814994	NaN
B00D5YWZFQ	NaN
1482392550	NaN
1881273393	NaN
147830524X	NaN
1105581527	5.0
0764210041	NaN
0515135305	NaN
1484802306	5.0
078522663X	NaN
1450251072	NaN
0801013119	NaN
1591136881	NaN
1118072162	NaN
0805242945	NaN
1416556125	NaN
193068150X	NaN
0064431835	NaN
0615608868	NaN
1468079158	NaN
B0040ZN224	NaN
1741044561	NaN
1609615751	NaN
158234924X	NaN
0312384394	NaN
0393239284	NaN
0143122231	NaN
0399159304	NaN
0830823085	NaN
0062278290	NaN
0618573089	NaN
0312937415	NaN
0142429112	NaN
B00B2152Y0	NaN
0615885926	NaN
B00GNLMYLI	5.0
051513421X	NaN
0060511176	NaN
0393072231	NaN
B00C0CLCXU	NaN
B00CJKN8DU	5.0
1483987094	4.0
1616147148	NaN
0345546830	NaN
0345310128	NaN
0312936796	NaN
1579247261	5.0
1479356360	5.0
088070537X	NaN
0825427894	NaN
0984019413	NaN
B00IE4R20U	4.0
043939516X	NaN
1594486409	NaN
1401309658	5.0
0801027934	NaN
0615829813	5.0
0941016463	NaN
0801668204	NaN
1484893786	4.0
B00GCPO7O2	NaN
0393072223	NaN
0316236772	NaN
0136109829	NaN
0688167888	NaN
0983811806	NaN
0312283792	NaN
0140236392	NaN
0440407028	NaN
0451201167	NaN
B00FKP9FII	3.0
0385344082	NaN
B00HNEEAY8	5.0
0857521012	NaN
0297845659	NaN
031257357X	5.0
1581607474	NaN
0718018990	NaN
B00LP0OAFK	NaN
030717025X	NaN
0764160850	NaN
0006162649	5.0
0803492693	NaN
1579545017	NaN
B00FOSESO2	NaN
1493683764	5.0
B00AUJO0RU	NaN
0979808189	NaN
0307744434	NaN
0345235568	NaN
0436099985	NaN
1480139688	NaN
0316758469	NaN
140009559X	NaN
0060736739	NaN
078971809X	NaN
1590772113	NaN
0310207487	NaN
0739334581	NaN
B0083PN2QI	4.0
1938499948	5.0
0152062467	NaN
0399135383	NaN
0967174805	NaN
0310284201	NaN
1416987274	NaN
0985210001	NaN
B004TIN51U	NaN
0300054297	NaN
1402742258	NaN
1456414143	5.0
0745962769	NaN
0679009590	NaN
1611162971	5.0
0812971787	NaN
0310511119	NaN
1479226874	5.0
0962803006	NaN
0373278055	4.0
1620246716	5.0
0132885948	NaN
039915714X	NaN
1612184987	NaN
097626370X	NaN
147745327X	5.0
0802837859	NaN
1591430488	NaN
0061843407	NaN
0192123149	5.0
B00FBSOCHS	NaN
0789741083	NaN
0307236056	NaN
1433521903	NaN
0399147101	NaN
1481960873	2.0
0572022638	NaN
0671810510	NaN
0310284228	NaN
1478263180	5.0
0385527470	NaN
1490372407	5.0
0802801447	NaN
B00FRL72KI	5.0
0312587538	NaN
0374275637	NaN
0812819268	NaN
0240818709	NaN
1469204304	NaN
0802403476	NaN
1433502399	NaN
0306808056	NaN
0373895070	NaN
031040200X	NaN
B005HB1J7A	5.0
1481279270	3.0000000000000004
B00APPO6KU	NaN
0062073923	5.0
B004AYD518	4.0
0983524068	NaN
0380726033	NaN
1484886437	5.0
0982253842	NaN
0440111323	NaN
148123305X	5.0
B00E9G5RPO	5.0
0312360614	NaN
1477808612	NaN
1611943795	NaN
0743579631	NaN
080105642X	NaN
1118087208	NaN
1889562025	NaN
0385524382	NaN
0980084202	NaN
B005FMVU1G	NaN
1455599220	NaN
0966904214	NaN
B00HBA3YE6	2.0
0446526568	NaN
0312614578	NaN
1491006919	NaN
043920352X	5.0
0891418067	NaN
B00IGVAAXM	NaN
1494851636	NaN
0345803590	NaN
184668739X	NaN
B00DSVUIT6	4.0
0801064236	NaN
0312940645	NaN
B00BN1YNS0	5.0
1596672129	NaN
0394757661	NaN
B00D7WKQRA	4.0
0263873080	4.0
0060198303	NaN
1450286364	NaN
1250006317	NaN
1482772973	NaN
0517587165	NaN
0375432183	NaN
B005IMCYVI	NaN
0743566572	NaN
0123838487	NaN
0739009575	NaN
0375831002	NaN
149043013X	NaN
0745308198	NaN
0345338545	NaN
B00GIN8YDI	5.0
0307275639	5.0
0991064704	4.0
0802406300	5.0
0805494456	NaN
0989028712	NaN
1594202508	NaN
1411658779	5.0
0992142202	NaN
1401903185	NaN
1581342438	NaN
145381583X	5.0
0345325222	NaN
0802845010	NaN
0140119906	NaN
B00AN86KLW	NaN
0062073729	5.0
1934770957	NaN
B00798N6NY	NaN
0979785618	5.0
0989465004	NaN
0373250312	NaN
1590523172	NaN
0141340762	NaN
0578141809	NaN
019932610X	NaN
1414311354	NaN
030793313X	NaN
0310723086	NaN
0312278586	NaN
0988767325	NaN
1780671067	NaN
156563408X	NaN
1890626279	NaN
0890411034	NaN
1480536466	NaN
0061914657	NaN
1455878588	NaN
0307395022	NaN
1300730862	NaN
1433602849	NaN
0060977582	NaN
0140286276	NaN
1470885409	NaN
1495452174	5.0
0671017748	NaN
0785263268	NaN
0615659667	5.0
1470129736	NaN
0060013249	NaN
B00FQ0P21G	4.0
1492340626	NaN
0972831045	NaN
0062073869	4.0
0316210919	NaN
0794820530	NaN
1250038820	NaN
0375723544	NaN
0143117351	NaN
B00ALUMW96	NaN
0971381143	NaN
0939144115	NaN
1467943207	NaN
0989269868	NaN
0883683229	NaN
0062278789	NaN
0764200925	NaN
082542593X	NaN
0810932970	NaN
1482658143	NaN
0972831002	NaN
0802824005	NaN
B009ZKFG4Q	3.0000000000000004
B00CKZG8UO	5.0
0783818718	NaN
0062265423	NaN
1439191379	NaN
1478723289	4.0
0989042936	NaN
0007136838	5.0
1560253932	NaN
1477805850	NaN
0062085611	NaN
0470487887	NaN
B008LQKVWW	4.0
0307731979	NaN
1480127833	2.0
0800714784	NaN
0615647235	NaN
0802825346	NaN
1490307761	4.0
0789718103	NaN
B00CJ1DKL4	3.0000000000000004
0786673818	NaN
0964271346	NaN
B00GH6X206	5.0
1401942024	NaN
1619353210	5.0
0743236963	NaN
1466398167	5.0
143917282X	NaN
B00CLRWA9Y	4.0
B00JSBQLUA	5.0
0615845517	NaN
B00K1EJZWY	NaN
1893995275	5.0
0802825397	NaN
B00GXO2FIC	5.0
0143119745	NaN
0152060804	NaN
0786014474	NaN
0307387208	NaN
0989269833	NaN
B00EW7I7RK	NaN
0842336893	NaN
0007111509	4.0
0883683237	NaN
B00JCZQVF2	NaN
162482076X	4.0
1455134767	NaN
0451238079	NaN
1118639316	NaN
9350294389	4.0
0989754936	5.0
1482627213	5.0
B00FG7VDS0	NaN
0553051237	NaN
1556435908	NaN
0375414959	NaN
B00GR2IL74	NaN
B00A5P5ZL4	NaN
1491008113	NaN
1930235119	NaN
1582292973	NaN
B006LTHI1I	5.0
0570030595	NaN
0525953906	NaN
B00I9JLGWU	4.0
098975491X	5.0
1467936707	5.0
1476763623	NaN
0142181285	NaN
B004WPW6UG	NaN
0345528530	NaN
1469906996	NaN
0801048184	NaN
B005208J8S	NaN
0142428949	NaN
0991688600	5.0
0811808467	NaN
043977733X	NaN
0394800176	NaN
B00IB2H6EW	5.0
1908481811	NaN
0451230124	NaN
0765341972	NaN
B008DNNALC	NaN
0380728257	NaN
1591858828	NaN
0142181293	NaN
0615167519	NaN
1565924347	NaN
1477663096	NaN
0224081748	NaN
0688160190	NaN
0801048176	NaN
0310236487	NaN
0984571604	NaN
B007BWRVPM	NaN
1469935708	NaN
1492215406	4.0
B00KUPUURS	3.0000000000000004
0801038367	NaN
1476741255	NaN
092923913X	NaN
1893907376	NaN
0679402977	NaN
0312936761	NaN
1482609169	5.0
1565129156	NaN
1609450930	NaN
0316068624	NaN
0143123629	NaN
1433680750	5.0
0849922070	NaN
1439172803	NaN
0312596901	NaN
0802401635	NaN
B00EKTXN7Y	4.0
031231521X	NaN
0062008110	NaN
0544108620	NaN
B00H4FLIBE	5.0
0061002860	5.0
0761136193	NaN
0785274316	NaN
0812978846	NaN
0671529080	NaN
0143118048	NaN
1936305380	NaN
0756409616	NaN
1574881582	NaN
1442420073	NaN
0399157700	5.0
0312925883	NaN
142675275X	5.0
1484917847	NaN
0758203926	NaN
0801013089	NaN
1590525728	NaN
B008055B7E	5.0
006114097X	NaN
B006PKVBRA	NaN
1477822577	NaN
0609807900	NaN
1250016843	4.0
1406332933	NaN
0784735034	NaN
B00K891J76	4.0
B00CW44M2O	4.0
1611099838	NaN
1611098998	NaN
1118108000	NaN
1592333419	NaN
1497592380	4.0
0307278271	NaN
0520273303	NaN
0151904707	NaN
031033165X	NaN
1611163250	5.0
0230014801	NaN
0385500858	NaN
0060916575	NaN
0449012093	NaN
0805420320	NaN
0451201191	5.0
B0078XG22M	NaN
0345494881	NaN
0465018807	NaN
0989104400	NaN
0345807022	NaN
1594031444	NaN
0789480212	NaN
0006473407	NaN
1400074622	NaN
0385531117	NaN
1848990820	NaN
0802828272	NaN
0345542886	NaN
1476718202	NaN
051511801X	NaN
0764206052	NaN
1605292168	NaN
0785218815	NaN
B006SMPT8M	3.0000000000000004
0312281544	NaN
0544047745	NaN
1595553223	NaN
1880226685	NaN
1932714073	NaN
0830812466	NaN
0307477479	NaN
B004JN05KY	5.0
0425233553	4.0
1433530457	NaN
0801052610	NaN
1433528177	NaN
0140057072	5.0
1477823476	NaN
0061741361	NaN
0310205719	NaN
1451612729	NaN
1433501929	NaN
1438900171	NaN
1566633826	NaN
0310400570	NaN
1494969114	NaN
0310400317	NaN
0615826814	NaN
1908476877	NaN
1907523324	4.0
1481814761	4.0
1499646704	NaN
1940026016	NaN
1484147650	4.0
0140620125	NaN
1119943388	NaN
0801025214	NaN
1478173750	5.0
143470386X	NaN
1477661875	NaN
B00I2XKN2C	NaN
1933909455	NaN
B00ECNT9AS	4.0
0732909147	NaN
0802840078	NaN
0061338818	NaN
0062074024	5.0
0553502689	NaN
1495265471	NaN
006073132X	NaN
0473251256	NaN
0310273021	NaN
B00DW5RPFS	3.0
1493500937	NaN
038551073X	NaN
0743201256	NaN
0743572750	NaN
0425129632	5.0
0452298385	NaN
0802120016	NaN
141437531X	NaN
0446674265	NaN
0553274562	NaN
1484082427	5.0
0809557797	NaN
148274631X	NaN
0801021073	NaN
0983031800	3.0000000000000004
0446527785	NaN
0310494443	NaN
0786710667	NaN
0399156577	4.0
B00F2Y2FI4	4.0
0446519960	NaN
0143124544	NaN
0802408656	NaN
0373226543	5.0
0310309409	NaN
0849944341	NaN
0316166308	NaN
0375728228	5.0
B00GM5M1HM	5.0
006222543X	NaN
1433503743	NaN
1480256463	5.0
B00E4QCCRK	5.0
1484112245	5.0
0802407552	NaN
1482675390	4.0
1939811104	NaN
1497455049	NaN
1879737124	NaN
0141001763	NaN
B003LSTW3O	NaN
0451216954	4.0
B00HNDMDCK	5.0
0830814000	NaN
0985462736	NaN
B009XU2D76	NaN
B00J9XET6K	5.0
1413309267	NaN
0062237225	NaN
1414307608	NaN
B00H5UAEZY	NaN
1481810790	4.0
9652294020	NaN
1933615907	NaN
B00GWMWHVU	NaN
1455549002	NaN
0425197220	5.0
0802406289	5.0
080106063X	NaN
0811735931	NaN
077831278X	NaN
B00CH9GOMA	NaN
1477589031	5.0
0688088945	NaN
0345545869	NaN
059004320X	NaN
061525201X	5.0
0066209773	NaN
0060193395	NaN
B0060NEEVM	5.0
1492997897	4.0
0373745613	5.0
0801038707	NaN
0812557875	NaN
158747008X	NaN
0984584862	5.0
0738702862	NaN
0827608047	NaN
1622084799	4.0
0978924622	NaN
B004XQVE5M	NaN
1449786057	5.0
0345355369	NaN
0978465237	NaN
0345533666	NaN
0345407865	NaN
1482022338	5.0
0595180574	5.0
1482678225	3.0000000000000004
8129115301	4.0
0967725372	NaN
1490381422	5.0
0786868570	NaN
B00D3LWXUS	5.0
B002VECTJS	NaN
0765341298	NaN
0465002781	NaN
B00D45A83M	NaN
0849914906	NaN
0982618492	NaN
034545247X	NaN
0393060985	NaN
1475130236	5.0
B00JPKW84M	5.0
0240522486	NaN
0142181307	NaN
0425138739	NaN
0802484387	NaN
0553296981	5.0
B00BV0A5SK	4.0
0802803962	NaN
1604067454	NaN
0692208879	NaN
1451666802	NaN
1401604730	NaN
0974948225	NaN
0761832211	NaN
1426732279	5.0
1442358254	NaN
1612182208	NaN
0062026488	NaN
1456429736	NaN
0006514006	NaN
0879237872	NaN
0373250258	NaN
1442346272	NaN
0385336179	NaN
0451125908	NaN
0316097519	NaN
0802407722	NaN
1880226944	NaN
0373777604	NaN
1118097394	NaN
140020304X	NaN
0986594253	NaN
0988489112	NaN
B003JAH9S4	NaN
B00CSBQ5YO	NaN
0982587309	NaN
0399160671	NaN
0307408841	NaN
1612440673	3.0
1617690139	NaN
B00E6GW8NQ	5.0
0803734735	NaN
031604461X	NaN
1433506858	NaN
0374386153	NaN
1602643776	NaN
1449719236	5.0
1250030951	NaN
1492241253	4.0
1492197300	5.0
0141039280	NaN
0099481685	NaN
0399160663	NaN
1433678624	NaN
1492774057	5.0
148953993X	NaN
0306817950	NaN
1450543332	4.0
0802486312	NaN
1581341679	NaN
0670026611	NaN
1470181843	NaN
0802407544	NaN
1402243510	NaN
0385332831	NaN
0763656526	NaN
1482601907	4.0
0984431187	5.0
0547223250	NaN
B00HDZOQ8M	5.0
006204978X	NaN
0373763611	5.0
0310728185	NaN
098379782X	NaN
037584225X	NaN
B008EF2KZG	4.0
0373250223	NaN
B003L780CE	3.0
0312626681	NaN
1434766349	NaN
B00AVKFQ8K	NaN
1482735245	NaN
B003ZDO4SI	4.0
0393058476	NaN
1442358211	NaN
B004HZXQIC	5.0
1451639627	NaN
0739334670	NaN
0141008148	NaN
1456512609	4.0
006198390X	NaN
160938198X	NaN
1939786134	NaN
B00A1SYS0E	5.0
B00I1LHMQU	5.0
1941098010	NaN
1565129903	NaN
1442125241	NaN
0684868016	NaN
1439172773	NaN
0310262119	NaN
0982274610	NaN
1476751803	NaN
0684812010	NaN
0312311796	NaN
0399159010	NaN
1118007239	NaN
1469982994	NaN
0810988933	NaN
0399160477	NaN
B00FP1EW1W	5.0
0764553518	NaN
B0057QO8Q4	4.0
1416577807	NaN
0802427340	NaN
1492772909	4.0
1933372893	NaN
149228856X	5.0
B00LD6IYUS	NaN
111844969X	NaN
0062073605	4.0
0802825303	NaN
0312265859	NaN
B00F67BBLO	5.0
1941098037	NaN
0439443369	NaN
0743228383	NaN
