0764202448	4.527721038809454
1475000138	1.0
0764201913	4.7337829158638405
0739469339	5.0
0768403596	1.0
1482066300	3.0
1493522175	3.0
0764202685	4.0
0764210866	4.6313942881201315
161218359X	4.0
B00486U5NE	4.0
1576836541	5.0
1426744889	4.0
B00FCCGS84	2.0
1456428810	5.0
B003LSSV68	2.0
B0032YXH2E	4.999999999999999
1595540636	5.0
B00AP7Z27Y	2.0
1484995147	3.0
1617392448	4.464627741736176
0373828799	5.0
0764226886	5.0
0764207474	5.0
B0042P5GOO	5.0
1493582488	3.0
0800757181	4.459096200656154
1578568234	1.0
B00GGKMYGQ	4.999999999999999
0425255662	1.0
0515151556	2.0
0345531450	4.0
1426742568	4.0
0842387439	5.0
1480220159	5.0
0373873697	4.0
0764208403	5.0
1481028642	5.0
044669259X	5.0
1612187145	5.0
B009725Q92	4.0
1480048240	3.0
1478111046	4.0
B0085MBTVO	2.0
0345531566	4.0
B005L4O9Z2	4.0
0764206915	5.0
B006P5CH1O	3.0
B00K3B8P26	3.0
1490505776	3.0
0800732510	5.0
1481280767	4.0
0764202677	4.907580989968755
000727405X	5.0
B00I7JK0FG	5.0
B007JBPYPO	2.0
1449550207	4.0
B00CA4ODZM	5.0
147824738X	3.0
1479258946	5.0
1605043060	5.0
B0058TTZ7C	5.0
B00847K87Q	2.0
B001ISOPUO	2.0
0764202766	4.478096895851465
1475023456	5.0
0842338845	5.0
1479113107	4.0
B0096DWIRA	1.0
0615525733	5.0
080073176X	3.724476316286092
B009BZFQ4U	3.0
1595544496	4.0
0263899403	1.0
B008J4IRNQ	5.0
1401685765	4.0
1456512315	5.0
B0053TREPW	4.0
0983945209	2.0
031623480X	4.0
0800733266	5.0
1426710666	4.999999999999999
0764200119	5.000000000000001
0736930159	4.0
B007WKEM0A	3.0
1426702264	4.0
B004TQN0NU	5.0
0764228226	4.0
1449517684	5.0
B006SP2BS0	4.0
1851497064	2.0
B007EFH1OM	1.0
B005KT0O9I	2.0
0373827822	4.232708735188757
1584854707	4.0
0788749730	5.0
1477589031	2.0
0373266154	4.0
1469783231	4.0
B00EBKWDSM	1.0
0800733258	4.999999999999999
080073324X	4.770856870276921
B005OC5QXK	4.0
0736920005	5.0
0987337211	4.0
0764206427	5.0
0446612774	3.0
B009PVI732	2.0
1442366109	5.0
B0068XJXJC	4.655050206733609
B00BGBBBB4	5.0
B004BA5GMM	5.0
0764227009	5.0
0801015626	5.0
B0058LZQ2I	5.0
1463563736	2.0
B005EM2NXG	3.0
0373828241	5.0
1589974344	4.0
1484076249	3.0
1434767736	4.0
0451218027	5.0
1414339437	5.0
B006EPOKTW	3.0
045146379X	5.0
148119030X	4.0
1461114233	5.0
0764152327	3.0
1481885065	3.0
B004V9HBL2	3.0
B006LMXZYY	5.0
B00C3MOCXY	3.0
1449513778	1.0
1937498115	4.0
B0078T6YHY	4.0
B00C32YHEI	2.0
0310291062	5.0
0310230160	5.0
B009HB37C6	3.0
084238748X	5.0
B00F1H20SW	3.0
0800733355	5.0
0060875275	1.0
1495314685	3.0
B009N9EMBM	4.0
B0082XQCTK	5.0
0764209116	3.0
1480054542	3.0
0800719298	3.0
B0070Z89UQ	3.0
B007SAKW9E	3.527173149838506
0739431234	5.0
1491231130	3.0
147813223X	4.0
0373777019	5.0
B00BRU383S	1.0
161194127X	3.0
080073369X	5.000000000000001
1426707630	4.0
1492788678	3.0
0989180204	5.0
B00E5FXZ0S	3.0
1477498079	3.0
0764227696	4.874599144842331
B00EVSB3N0	3.0
B0063PR97I	4.485667752442996
B0094YPA76	3.0
B00BQENF0Q	2.0
0983785007	5.0
B0061YAUG8	2.0
0764228307	5.0
0208021914	5.0
149042637X	3.0
1491238550	5.0
0988564319	3.0
B0097G7FUG	5.0
0615654819	1.0
1490554319	4.0
B00CFL8CVG	3.0
1937733076	4.0
0312934335	4.0
0425269515	3.0
0764211684	5.0
080075963X	4.7868671723408
0615698859	5.0
B00849YHMQ	5.0
0312965974	3.0
B005J0I2UQ	2.0
B004PVSP0C	2.0
0758215460	4.0
B0091T62FS	4.644883584425749
B00A6J6888	5.0
1449589790	2.0
B0035LC6I0	3.0
B00BEQP2QQ	3.0
B00B9I1M5O	3.0
145155933X	5.0
1448684137	4.0
B00C4DGG22	1.0
0982445733	5.0
0786271019	5.0
0804119627	3.0
1477849475	2.0
0446578665	5.0
1463620276	5.0
0983797803	5.0
0373039549	4.0
0310266246	5.0
B00ET594CC	3.0
0764208381	5.0
1595549153	5.0
0805440399	5.0
0842362398	5.0
1477529136	4.0
B00ININW0G	4.0
1611099137	4.0
0800734521	2.0
B00ADR4B3W	4.0
0380792621	5.0
B00A1CMHGC	1.0
0800734408	3.0
098379782X	4.0
B00FDWZIB6	4.0
B00I7HLBC4	1.0
B009YAVVAU	4.0
1595544518	5.0
B00FTUF8VW	3.0
B00501HUA2	2.0
B00BEQIWHM	4.0
0882075039	5.0
B005OC68XW	3.0
1497463688	5.0
1616265965	5.0
1467937762	5.0
0671726730	4.0
B00520IDD4	2.0
0300106645	1.0
0800732324	2.5552699228791775
1482085925	5.0
B00AMLJZXK	5.0
B005HKOPL8	1.0
0764206702	5.0
B00439H0K2	5.0
1556618395	5.0
B00ANOBP20	1.0
1442159243	3.0
0373442556	4.64493682475737
B004LX0J1C	3.0
1494987554	3.0
B008X6TCNE	4.503340757238307
1433671646	4.0
1616262346	4.788709060787562
B00CH3NV4U	4.0
B0050Q4YBK	4.5
0615610056	5.0
1449721850	4.0
B0057QO8Q4	5.0
0800733401	5.0
B00BO3R6K4	3.976543209876543
0060098902	3.0
0764204777	5.0
0373486596	4.495510475557034
B005227BJO	2.0
B00LKWMV5E	1.0
0758220588	3.0
1480200387	5.0
0989828107	2.0
B008Q7QRZG	4.0
0871203804	2.0
1442359315	3.0
B00AST1XJU	5.0
1414358466	4.0
0380818396	3.0
1480176672	3.0
034550254X	1.0
B008X7AJX0	3.0
