0060014342	2.0
0061146315	4.0
0307280721	2.0
0307277674	1.0
0802150594	5.0
1857442024	5.0
0575081384	1.0
0061992704	4.0
0882708627	1.0
089886660X	5.0
0987941097	1.0
1444727338	4.0
0306806614	5.0
0307950395	4.0
1477466983	1.0
0553095366	3.0
141330091X	5.0
1611097843	2.0
B0085UCUG4	2.0
0441010903	3.0
1578632595	4.0
0606196366	5.0
B00CATSONE	1.0
0590129988	4.0
B009RYMVTI	3.0
1484015800	4.0
014016622X	5.0
0441014275	3.0
0762415339	4.0
0192833677	5.0
1423146190	3.0
0062072099	4.0
1937085252	3.0
1897492774	3.0
1885093373	2.0
0974322563	3.0
B007Z4D3U8	3.0
0898866162	5.0
1597803960	3.0
0615914047	3.0
0743597923	3.0
0151008116	2.0
0310331935	1.0
B0055L2FHU	2.0
184866379X	3.0
0307341542	2.0
0345536592	3.0
1595540857	5.0
0671319647	2.0
0099282917	3.0
0871564068	3.0
B004EYUELS	3.0
B00HGEPEWC	4.0
1499611552	4.0
0763624039	4.0
0142403873	5.0
0060575913	4.0
0060934700	3.0
0060530928	4.0
1484857062	1.0
0696207141	5.0
0805091408	3.0
0140367438	1.0
B00AP2VTNK	1.0
0140390057	3.0
047124578X	3.0
0765359235	2.0
0385537859	2.73838630806846
0802137970	5.0
B00CBKBHY0	2.0
1491087366	3.0
0356500276	4.0
1602396922	3.0
0312864590	1.0
1451651805	4.0
0140431357	3.0
1848588453	4.0
0765321556	4.0
0002221020	3.0
1937041115	3.0
1597972118	4.0
0618126988	1.0
0007124015	5.0
1400065755	4.0
1105086380	1.0
0312873077	2.0
148231780X	2.0
0307914208	5.0
1442360925	3.0
1597804290	2.0
0316055433	3.0
B003DTMUBM	4.0
B002P8MV2U	2.0
B006RZNR3Y	2.0
1450574483	1.0
1449316174	5.0
0142300853	4.0
1494723352	5.0
B006314E8Y	2.0
0552550299	5.0
0141034599	5.0
B00KDSMZKW	3.0
0330492497	2.0
0553287923	4.0
0786916354	1.0
0062255657	3.0
0061057797	1.0
0786915269	3.0
B00200LSWC	3.0
0984550518	3.0
0140431217	4.0
0312853238	3.0
0141188936	5.0
B004KABCYO	2.0
1560251549	4.0
0130893404	4.0
0955856108	3.0
0064410153	5.0
0425264203	2.0
0307120007	3.0
0375826726	4.0
B009SME1L0	4.0
0544114523	4.0
1477848150	5.0
1439280266	5.0
0446609463	2.0
1558604154	5.0
0375400524	4.657350868952559
0465014488	1.0
0765302306	4.0
030726999X	3.0
0307408027	3.0
020169946X	2.0
0060583045	3.0
0310421314	4.0
B00AVBNBHM	4.0
0316044768	4.0
0374332657	4.0
B00B15HWXG	2.0
1469226456	2.0
B005D75Z8C	3.0
B0088K31T6	3.0
0394529154	5.0
1937041034	4.0
0307943232	3.0
0062008110	1.0
0771041411	1.0
0375403477	1.0
0060010800	4.0
0615418171	4.0
0578094460	2.0
0609808443	1.0
052800770X	3.0
0316102830	4.0
0395759242	5.0
0786913797	3.0
0006158056	5.0
0517593483	1.0
0671880748	4.0
0141439769	5.0
0316206849	4.0
0297817213	4.0
0765336340	4.0
B00CNTUVR8	3.0
0312534884	2.0
0142402494	3.0
0195374207	5.0
0201442345	4.0
0310440297	3.0
B008DVVLYW	3.0
1406332933	3.0
0671721119	4.0
184195912X	3.0
0374312486	3.0
0399144986	2.0
055352626X	3.0
1611099285	5.0
B006YTTVHO	2.0
0741436205	4.0
0312206372	4.0
1612183751	4.0
1591025419	3.0
0743435451	2.0
0765305232	3.0
080501540X	3.0
1449382371	3.0
0307595080	2.0
0439023483	5.0
0590360809	4.0
0736430512	2.0
0071353461	4.0
0140296271	5.0
0345348699	4.0
0380719185	4.0
0982514549	3.0
B008CG1UKI	3.0
0553381059	4.0
0253205360	3.0
0761536450	3.0
0425197514	3.0
006015117X	5.0
0590110020	3.0
0743262298	1.0
B004AYCTLA	1.0
1423103653	4.0
147780885X	2.0
0765329557	4.0
0886778905	4.0
0826211399	5.0
043920352X	3.0
B00E9IXQCI	3.0
1452652252	2.0
0060541830	3.0
1463760922	1.0
0261103288	4.86493098025511
0743488601	3.0
1550225480	5.0
1932494871	4.0
1616200464	4.0
0316044954	4.0
0375826688	3.452943382077241
0345803485	1.0
B005UHJ58Q	5.0
0060688556	4.0
1421402793	4.0
8132051017	5.0
0312273231	5.0
0062292889	1.0
1494987554	4.0
0060005777	4.0
0425158640	4.0
0684829495	5.0
0152025413	3.0
0786854448	4.0
0316240079	4.0
0689842511	3.0
1599907801	4.0
1477809732	2.0
0684824906	5.0
1620405342	3.0
0316735094	1.0
0345413350	4.0
B004QT6ZUU	5.0
B006O5RK8K	1.0
034538623X	5.0
076531505X	3.0
0763655597	3.0
0595342205	5.0
