1401220347	5.0
0802150594	5.0
1857442024	5.0
0071475338	1.0
0345389409	5.0
0156027542	4.0
0316077046	3.0
089886660X	5.0
0987941097	1.0
1939416574	5.0
0306806614	5.0
1250002966	3.0
0099497654	5.0
141330091X	5.0
0760712085	3.0
0374123543	4.0
0195151747	5.0
0201616467	5.0
0292731027	5.0
0606196366	5.0
0300035829	4.0
0892216441	5.0
0385328001	5.0
0060516054	5.0
0596006349	3.0
0140138358	4.0
0385499078	5.0
1574885529	2.0
0321566157	4.0
0192833677	5.0
0375725601	4.0
0307475255	1.0
013035290X	3.0
0060505125	5.0
1590596455	5.0
0316290610	1.0
0916180018	5.0
059600642X	3.0
0786808551	5.0
0395427398	5.0
0974858706	4.0
052107441X	5.0
0898865743	5.0
0684849267	5.0
0393057828	5.0
0307341542	2.0
0786893931	5.0
1580082246	5.0
0743235819	5.0
0060529148	5.0
0399116354	5.0
0394710355	4.0
0671213717	5.0
0394528360	5.0
1559706562	4.0
0786866500	4.0
0393326047	2.0
1400043123	1.0
0785211608	5.0
0345375564	4.614229249011857
0439136350	5.0
0671026682	5.0
0142403873	5.0
0520227573	5.0
0140048979	5.0
1602391483	4.0
0393319679	5.0
1851685936	4.0
0375401776	5.0
0140424393	5.0
0596009771	5.0
0062071475	1.0
0310219396	4.0
0395067995	4.0
0765319853	4.0
0393029182	5.0
1596980591	1.0
0312421958	5.0
1597490210	4.0
0140440992	3.0000000000000004
0316011770	5.0
0002221020	3.0000000000000004
0316029181	5.0
0802848389	3.0
0091883768	1.0
1936608898	3.0
030758836X	4.0
0385504713	5.0
1449311032	5.0
030728364X	5.0
0806125810	2.0
0385342454	5.0
0806513500	4.0
1405077697	4.0
0312622104	5.0
0312268831	4.0
0312866534	1.0
0441007694	2.0
0977213315	4.0
0425260410	5.0
0060512806	5.0
043902353X	5.0
B00BPWHPNW	5.0
0307473147	3.0
0786183616	1.0
0062255657	3.0
0743255453	5.0
1888363932	5.0
1560251549	4.0
0140440844	3.0000000000000004
0140114068	5.0
0596007345	5.0
0307396266	4.0
0060194804	4.0
0152023984	5.0
0631175660	4.0
0521692695	4.0
0596529260	4.0
0201750813	3.0
0596002815	4.0
0141337079	4.0
1468008013	5.0
0345496868	4.0
1558604154	5.0
0674885252	5.0
0007157150	5.0
0375400524	4.011196417146514
0307749436	5.0
0312347294	3.0
0345433289	5.0
0142001589	4.0
020169946X	2.0
0807609951	5.0
007154903X	5.0
0143188720	3.0
089886898X	4.0
0394529154	4.738524590163935
0385263481	4.0
0940322064	4.0
031231521X	4.0
067178546X	4.0
0465016316	5.0
1593083289	5.0
1493527487	4.0
0879308591	5.0
070060958X	5.0
0070542341	5.0
0395759242	5.0
0700611878	4.0
0241143144	5.0
0786888628	5.0
1491510706	5.0
0142002100	5.0
0471095702	5.0
0310494842	4.0
0465054803	5.0
0297817213	4.0
0195374207	5.0
0060761288	1.0
0743247515	5.0
0201442345	4.0
0141326085	5.0
1406332933	3.0
031214380X	5.0
1596982772	5.0
0321503104	4.0
0471707600	2.0
059600978X	5.0
0385344325	5.0
0006135129	5.0
0062007289	5.0
1594740267	4.0
1935711067	5.0
1461054397	5.0
0521132657	4.0
0231031475	4.0
0898866324	4.0
0736422331	2.0
0195014766	5.0
0736922121	4.0
0830817913	5.0
0684831309	5.0
0547076452	5.0
0142002364	5.0
0385494483	5.0
0812969707	5.0
1846034442	4.0
0786868996	5.0
0470715561	5.0
0521443172	5.0
0393028135	5.0
0141015357	5.0
0060738170	3.0
0596000685	5.0
0385335555	5.0
0446520586	5.0
0749314265	4.0
0596527934	3.0
0470384387	5.0
0786888415	5.0
0786148829	1.0
0261103288	4.8401430030643535
0767927001	3.0
1550225480	5.0
083083446X	3.0
1557505446	5.0
0898867630	4.0
0452269172	5.0
140275986X	5.0
047146502X	5.0
0425184579	5.0
B009X2QQ0Y	2.0
0842310533	5.0
092927993X	5.0
0321701771	3.0
0373442556	5.0
068483264X	5.0
0684829495	4.999999999999999
0814408796	3.0
1591146461	5.0
0316240079	4.0
1557504466	5.0
0596001754	3.0
0684824906	4.999999999999999
1591846455	5.0
1569244782	4.0
0756614198	2.0
0670020788	4.0
0312541708	5.0
0811828697	5.0
034538623X	5.000000000000001
0982555032	5.0
081462930X	5.0
037575640X	5.0
0739304038	5.0
0310282519	3.0
0672330164	5.0
000735326X	5.0
0596101058	5.0
0136798950	5.0
0026128101	5.0
0393058263	5.0
156455726X	5.0
0375411933	3.0
0393324311	3.0
0140440038	5.0
0684813637	5.0
0300166605	5.0
0803737823	5.0
1611097843	2.0
0195038347	5.0
1590130006	5.0
014016622X	5.0
0137081855	3.0
067964234X	2.0
0062072099	4.0
1565922700	5.0
0201703327	5.0
0898866162	5.0
0307888908	4.0
0719561310	5.0
0764202782	5.0
0801015308	5.0
0805410015	4.0
0898706254	1.0
0151008116	4.5
0201485672	5.0
0966785703	5.0
0312185936	5.0
0099271478	5.0
0934641374	5.0
0764203649	5.0
0545206987	5.0
0062259539	1.0
1416549714	1.0
067400163X	5.0
0596802447	2.0
0575066199	5.0
0739464418	5.0
0345339703	5.0
0385418957	5.0
0764202766	5.0
0596000154	3.794506612410987
0375415025	4.0
0195210433	4.0
047124578X	3.0
0345385403	4.0
0446518654	4.0
1455503088	5.0
0060590297	5.0
0802137970	2.4873294346978563
080782609X	5.0
0374281629	3.0
0980156815	5.0
051757716X	4.0
034548357X	4.0
0844225533	4.0
0140431357	3.0
0679746641	5.0
0321349601	4.0
0060755334	5.0
0195383427	5.0
0007124015	4.111900532859679
0756614201	3.0
0375415009	4.0
0310724899	5.0
0142003077	5.0
1590594991	5.0
1591844568	5.0
0449219771	1.0
1442366109	5.0
1937936015	4.0
0007157177	3.0
B003DTMUBM	4.0
0375507396	3.0
0007149425	4.0
1934441171	5.0
0825611113	5.0
0596009070	1.0
0451213017	5.0
0449208672	5.0
0825613779	5.0
0812693124	1.0
0007157169	5.0
0711994366	5.0
0596001231	2.0
1414339437	5.0
0375408819	4.0
0140431217	4.0
0307744434	5.0
0596527756	3.0
0141188936	5.0
0767901053	5.0
0130893404	4.0
0563493607	5.0
0394588010	5.0
006018891X	5.0
0385015836	4.0
0060175869	5.0
0471002615	5.0
0785212620	5.0
0060593083	3.0
1582431132	5.0
1597499579	4.0
0596002262	5.0
0439139597	5.0
0061010901	5.0
0980156858	5.0
0700606750	5.0
1931499748	5.0
042519955X	5.0
0307275663	4.0
0684811073	5.0
1580800467	5.0
014011341X	5.0
0452284945	2.691891891891892
0316206938	5.0
0988047217	2.0
1582402000	5.0
0062516876	5.0
B00AKXVBBE	2.0
0060188707	5.0
0262134748	3.0
B0007H7YYG	4.0
1442346272	3.0
0743285026	1.0
0446547573	5.0
0826415717	4.0
0743228324	4.0
0192812203	5.0
0240521250	5.0
1593271409	5.0
0006158056	5.0
0141439769	5.0
0316206849	4.0
0451168097	4.0
0007447868	3.0
0060005696	4.0
0136135161	3.0
0060757345	1.0
0425025039	5.0
0805056866	1.0
1574413031	4.0
1590596609	4.0
0307271080	5.0
0140621806	5.0
1400053552	4.0
0312359861	5.0
1401242448	5.0
1590597931	5.0
0596002246	4.0
0345535529	5.0
0393049817	5.0
0446394319	5.0
038551851X	5.0
0312206372	4.375257731958762
0312341156	5.0
1590596714	4.0
0847823342	4.0
0871403595	5.0
0387948600	5.0
0439023483	3.0
1463736150	4.0
080211783X	5.0
0789205378	5.0
1563892448	5.0
0976142368	5.0
0307393844	1.0
0007386648	5.0
0140296271	5.0
0596528124	4.0
0306806819	5.0
0253205360	3.0
006015117X	5.0
1933988347	4.0
098251073X	5.0
0891419039	5.0
0071632956	3.0
043920352X	5.0
0826211399	5.0
0307962695	5.0
0425196097	4.0
0394555090	3.0
0596003285	3.0
0061144835	4.0
1939416124	5.0
1556524714	4.0
0061733199	5.0
0060937750	5.0
1595230165	2.0
9814361267	3.0
1421402793	4.0
0879307641	5.0
0060727640	5.0
0451237951	3.0
0751522775	2.0
0505525445	1.0
1419705849	4.5
0198711905	5.0
0385343833	4.0
0060727632	5.0
0596006764	4.0
087930653X	4.0
0486471500	4.0
1478209151	5.0
0596004591	5.0
1933909447	5.0
0671665537	3.0
067977789X	4.0
0312381859	5.0
