0778314006	5.000000000000001
B00BD2PT8M	5.0
B00JXW6GFE	5.0
0451240065	5.0
006201451X	5.0
0316094625	3.9332000000000003
1622660161	4.0
0312680457	4.0
1455548987	4.5625984251968505
1402285515	4.0
B0057H07CW	3.0
1477514120	4.0
0316056588	4.0
1442481722	3.0
B006XWY424	4.0
078140424X	5.0
1477688684	5.0
0763639311	5.0
1484947983	4.0
B00F6JK8WA	4.0
0062014536	3.0
0375829822	4.0
0765328666	5.0
0316153915	4.0
1451689764	5.0
1471133524	3.5
0578125439	5.0
0940841037	5.0
1599908182	4.0
0312577206	4.0
042525724X	5.0
1483918777	5.0
0143038583	5.0
1493582488	4.0
0987726242	5.0
1483920607	5.0
0778315592	5.0
006211543X	4.0
006180519X	4.0
1941098053	5.0
1937053326	5.0
0553592610	5.0
1565126831	5.0
B00HHML9WC	5.0
0373210515	4.672022033509296
0763662585	5.0
1442430354	4.521814006888634
143916519X	4.0
1416918310	5.0
193332077X	4.0
1491092440	5.0
0312577214	5.0
0385731353	4.0
B0090RVAIA	5.0
0451232216	3.0
1938857151	4.0
0385742010	5.0
0811839265	5.0
1481922726	5.0
1495397130	4.0
0983157251	5.0
0802723462	4.5355153203342615
0373210523	5.0
1496129628	5.0
B00JCY64S2	4.0
037321099X	4.482983345401882
031618246X	4.454446262956901
0987726218	5.0
0345510089	3.962913014160486
1497454999	5.0
149600938X	5.0
1439167397	5.0
000738422X	5.0
0374379912	4.0
0312644388	4.461538461538462
149934306X	5.0
1601252684	5.0
B00GNFKEXY	5.0
0988812541	5.0
1558749543	5.0
1455550833	5.0
0142422010	4.7731911998185526
0374360073	4.0
0778329526	3.0
1622662784	4.0
0312977301	4.0
1250010314	5.0
0615822762	4.619118375433382
0062229036	4.0
B00CRXXTT2	4.0
0425263908	4.707434824589637
1118412117	1.0
0060724676	5.0
0316122386	4.523834468308014
1601253788	5.0
1455578363	1.0
0263899403	5.0
0141346159	5.0
B00IJI2RH4	5.0
1476763526	5.000000000000001
1608871827	5.0
1481406701	5.0
0345525345	5.0
1491274204	5.0
1601252692	5.0
0615797237	5.0
B00HNWEA9K	2.0
1406337609	3.2003599280143966
B00B1MGPAK	4.0
193781503X	5.0
0345511190	5.0
0425269205	2.0
0857071955	5.0
0141339624	5.0
1940448018	5.0
0140386181	4.0
0441018432	4.0
1401340822	5.0
1601252463	5.0
0061449091	5.0
0989373827	5.0
1481953214	5.0
0312583923	4.0
0142422037	2.0
0985029439	4.0
0312380348	5.0
1439192316	5.0
1476718970	5.0
0345541820	5.0
0385743114	4.0
1941098096	5.0
0990425010	5.0
1493768824	5.0
0062077902	4.0
1468112422	5.0
B007HBY0VK	5.0
1449578225	4.0
0778316009	5.0
1416996087	4.0
0385376111	3.0
0399155600	5.0
0425263924	5.0
1482695693	4.0
0544022181	5.0
0988264242	5.0
1494856913	5.0
0385536313	4.0
0988812517	5.0
1475222440	4.0
0062071130	2.7846261266979817
B00CO7GIFI	5.0
B00I1I1RO6	3.0
1494244381	3.0
1439178232	5.0
0385528914	5.0
0375843051	4.0
0425263916	5.0
1484076249	5.0
0345515579	5.0
1594746168	5.0
B00BUYLEGO	5.0
0756407508	4.0
1400162556	5.0
0451417909	5.0
1455578347	1.0
B00ES2GHDA	5.0
0307740994	5.0
B00KRQCHYO	4.0
0805094598	4.820710059171598
1493585738	5.0
0988489171	5.0
1468309900	4.0
1496023242	3.0
B00A510VDU	4.0
B00H2WCTMQ	5.0
0439026946	4.0
034552621X	3.0
1499190433	5.0
1475211783	5.0
0989373843	5.0
148261376X	3.9563719862227327
0312656742	5.0
0765325543	4.0
0062265970	5.0
1601253907	5.0
1466354267	5.0
0062008242	4.0
0812981901	5.0
B00HH1JVCI	5.0
0692215956	5.0
0984975314	1.0
1933718552	4.6895491803278695
143919033X	4.0
0375870415	4.0
1631420038	5.0
0763653446	4.0
B006OJWLXA	4.0
1439157510	5.0
1466219661	5.0
0062267906	5.0
1442421258	2.0
0982827334	5.0
0545424925	4.405260811413286
1479333573	5.0
146109111X	2.911148165793236
0316175560	5.0
0312656734	5.0
0451462939	4.0
1495269655	5.0
1469201615	4.0
0316125067	5.0
014242370X	1.0
1439156891	4.0
0062071165	3.0000000000000004
B00BKQ0PMQ	5.0
149097136X	2.6060382916053015
0800721810	4.0
0061935085	4.157943492357573
B005DTRYNO	3.0
1593173989	5.0
006196266X	3.0
0062008269	5.0
0062064649	4.0
067002189X	5.0
1489553207	5.0
1400163439	5.0
0062302426	5.0
B00BVOI0ME	5.0
0375869212	5.0
0425259862	4.0
0761452389	5.0
1601251505	5.0
1475206313	5.0
0316185574	3.0
0991322207	5.0
B00A0BZV4Y	5.0
1439109656	5.0
0989373819	4.999999999999999
0062302418	5.0
0991105419	5.0
0761463275	4.789390590464162
006230240X	4.0
1479103438	4.681774809160306
1442445688	4.0
0307588920	4.0
B00GVZV886	4.0
149210969X	5.0
1442423218	2.0
0988105411	4.0
1410455106	5.0
0373210361	5.0
0312560133	4.0
1623006740	4.0
0425259854	4.0
0547482477	4.0
1492293296	5.0
0615671608	3.0
0439895979	4.0
0062085573	2.0
0425234339	5.0
1606843230	4.356684001223616
1938623541	3.0
147674355X	5.000000000000001
0985804602	4.0
1480114480	4.434708875070661
0544191188	4.0
1470043041	5.0
0451237013	5.0
0385344139	5.0
0061547913	2.0
0989343103	5.0
0985777338	5.0
B009LRXHYY	1.0
0062105620	4.0
0425269841	4.0
0307395340	4.0
B008FMNU1G	5.0
1442416947	4.0
149539090X	5.0
1493530682	5.0
0060755865	4.0
0312583516	4.0
B00DRERB3K	4.0
1484976703	5.0
006207203X	4.6107997010463375
0385742657	5.0
0345423399	4.0
0718178122	5.0
0441013813	5.0
0983632901	5.0
B0074750Z2	1.0
0446559903	5.0
0451419707	5.0
0062072064	5.0
1493752650	5.0
1490425497	3.0
B00H1W1GC6	5.0
0451468287	5.0
0062022997	5.0
1479155489	4.0
1494794357	4.0
190646202X	5.0
006207119X	4.0
0261103288	5.0
1451617291	3.0
0451419715	5.0
0446543330	4.0
1451621302	5.0
0140386335	5.0
0985804629	4.0
148114975X	4.0
0425232344	4.0
1250002990	4.0
1442362383	5.0
006187812X	4.0
1936305062	5.0
160684038X	5.0
0399257276	5.0
B007N3HEWY	5.0
0804176787	4.0
037321054X	4.0
0373210558	4.0
1595143394	2.750281214848144
B00AZ9JRR8	4.0
0061985791	5.0
0316094609	4.5
1925086550	5.0
1442416971	5.0
1402265042	2.0
0983280703	5.0
B006TI8JLY	4.0
0988301318	4.506565307532826
0983650322	2.0
0142419044	4.0
B0051PKVS0	3.0
1468161660	5.000000000000001
1495414876	5.0
0060825316	5.0
0142411558	4.0
1595144234	4.0
B004Z1FQ0O	1.0
B00HTJH9J0	4.0
039925725X	5.0
B00FKAD59I	5.0
0399156526	4.0
0399257268	5.0
B00DNMRWFI	5.0
0545433819	4.0
0991148312	2.0
1463758871	5.0
0525423893	4.0
1491072032	5.0
1451655789	5.0
143920487X	5.0
1455582689	5.0
1482319055	5.0
B00B09ZD3Y	4.0
0062209841	4.0
0763644900	5.0
1416994068	5.0
1402279450	5.0
014241591X	4.3332
1612131239	5.0
1480568511	3.0
1416566384	4.0
1451695659	3.0
0062297600	4.0
0143115979	5.0
1442406828	4.0
0575081384	3.0
B00HXXE5Q2	4.0
0545123267	3.6470172961524883
0307931889	2.5000000000000004
0375866566	4.481456507080243
1476744130	5.0
1442442913	5.0
162061135X	5.0
1442439513	4.0
1496026063	5.0
0802720854	4.0
0312575939	5.0
0312364105	5.0
0142426040	4.763157894736842
0982845286	4.0
1482635836	5.0
0230755062	4.43992606284658
B00C2RE6LI	5.0
1482791285	5.0
1938404130	5.0
0441009239	4.0
1492764167	5.0
B00E3DWAQM	5.0
1439197121	4.0
1416913629	4.0
0312575947	5.0
0763653160	4.0
0765325950	5.0
1484125460	5.0
1490559175	5.0
0989339270	4.0
0802798225	5.0
140883233X	4.0
B00DKAQ9JS	3.0000000000000004
1451661649	5.0
0312614144	4.0
B00KWISN5E	5.0
0062089641	2.222412318220701
0857072285	4.999999999999999
1481271121	3.0
031613399X	4.795584627964024
0007163541	5.0
1423148495	3.0000000000000004
1451660316	5.0
0062015079	4.0
1414339143	4.0
0062245384	5.0
1442402008	5.0
0312575955	5.0
0316098329	5.0
B00AROTWMG	5.0
B00HYQJPC2	5.0
0061138037	3.0
1477808671	3.0000000000000004
0307720276	4.0
B00D5YWZFQ	5.0
1421530546	5.0
1477817158	5.000000000000001
0062286722	4.0
B005OW6K8U	5.0
0060273224	5.0
B00DFIF2W0	5.0
0615537456	3.0
0061928127	4.0
0805092528	5.0
0373210086	4.521814006888634
0547626142	4.0
1402222718	5.0
0982713940	5.0
B00E4AR3D4	4.0
0451408691	5.0
1490505776	5.0
1451651821	4.0
0547435606	4.0
1492767891	5.0
1492103748	5.0
0375868771	5.0
0545169178	4.0
B00K5CASSM	5.0
1935217380	4.0
1620610078	5.0
1623429013	3.0000000000000004
0062015052	5.0
1596435569	4.0
0062020633	5.0
B00KPIPQJ2	4.0
0425220621	3.0
0545284139	5.0
161752025X	4.0
0615788084	5.0
0373210299	4.0
1606842633	4.0
0805091408	5.0
1492121169	5.0
0778313999	5.0
B00B4Y2UHW	4.0
B00HGTI24Y	1.0
014241977X	5.0
0374532915	3.0
0307745317	5.0
0615764037	4.0
076532153X	5.0
1402254369	5.0
0345481283	5.0
1434704890	5.0
0060932910	2.0
0142421871	5.0
0142429112	3.0
0373211155	4.0
1606842641	5.0
1490506446	4.0
1623420415	5.0
1455576506	5.0
1419962833	4.0
0062065246	5.0
0991105451	5.0
1476735603	5.0
B00GZ6SERE	4.0
1451611595	5.0
1938404327	4.0
0615785824	5.0
0062063073	4.0
159474551X	4.0
0062130145	4.0
1620612429	4.0
0316074144	3.0
085768101X	4.0
1416985972	5.0
1612131174	4.0
B0076790LA	5.0
B008PH7V7A	5.0
1250005647	4.0
0578095351	5.0
159990554X	4.611206159110351
0758272839	4.0
147675652X	5.0
B00GGUZP3A	5.0
0373210035	5.0
015206396X	4.4446666666666665
0545230500	3.0
1480474274	4.0
1451697414	5.0
0373173962	5.0
031621017X	5.0
1484835263	5.0
0142428280	4.0
0451462807	5.0
0316051632	5.0
0545627044	4.0
0778313530	5.0
0143124862	4.0
B00BOTU4JI	4.0
1489515690	1.0
B00IE4QU7Q	1.0
0061239097	3.0
1490436529	5.0
0316133973	5.0
076531178X	5.0
1606841769	3.0
0061965316	4.0
0373210043	4.0
098383184X	5.0
0061358363	4.0
1476756546	4.999999999999999
0547959109	4.0
1483957497	5.0
1497585368	5.0
0988695103	5.0
0440211697	5.0
0307744434	5.0
1423171020	4.999999999999999
1416955208	5.0
031609062X	2.0
0312921098	5.0
0606262520	5.0
0062238426	5.0
0758272812	4.4116920543433515
0785261826	5.0
B00JM1HMAO	5.0
1452662584	2.0
1604890290	4.0
B00GYFRW10	4.0
067976657X	5.0
141970530X	5.0
1452663874	4.0
1484864883	4.238236750866766
147677594X	4.999999999999999
0988264269	5.0
140632132X	4.0
014038572X	4.0
0062128027	4.0
0062207296	4.0
1416990674	5.0
1470124327	5.0
1491231130	4.0
1611090245	4.0
014242207X	3.304126625211984
1495340600	5.0
1439138311	4.0
0547628382	5.0
1484118782	5.0
1491276029	5.0
0671874519	4.0
0060788194	5.0
0061960942	3.0
0061735051	4.0
0991841131	5.0
014311882X	5.0
1477816429	2.0
0425238598	5.0
1480066095	2.0
0062069403	3.0
1442485256	5.0
1416986189	2.0
1938127463	4.0
0062107798	2.6978793076563234
1469905833	4.0
0544264975	5.0
1442403152	5.0
0802117813	3.0
1476759006	5.0
0812589718	2.0
1499382626	5.0
148231312X	5.0
0060874163	5.0
0060585439	5.0
1469958724	5.0
0345501160	5.0
146377253X	5.0
B00I48KN16	5.0
0989433404	5.0
0544263618	4.0
144235948X	5.0
1939337925	4.0
0062003259	3.4345579793340986
1451616457	5.0
098869512X	5.0
1416994815	4.0
B007RMZYL4	4.0
1906308128	5.0
1941098126	3.857355126300148
160684086X	4.4446666666666665
B00IGUOMGY	4.0
0312568894	5.0
0099458322	4.0
1482571145	5.0
0061687308	4.0
1571310789	5.0
0142416665	5.0
B0092QBP8Y	4.0
042526596X	5.0
B00KGREQZW	5.0
0544003470	4.0
0060541407	4.0
B007E2V3YO	5.0
0142420905	2.7550820475140827
1492976423	5.0
1477672281	4.0
1442341955	5.0
0345523318	4.0
B00B1UVSAY	4.0
0312289723	5.0
0061799289	5.0
0547608322	5.0
0985029412	4.0
B00HY03FVU	4.0
1491001011	5.0
030789570X	4.0
1496146239	5.0
1476761779	5.0
0062060619	5.0
0007317735	4.0
0615887767	5.0
1416568182	1.0
0345453417	3.0
148051652X	2.0
0316042781	3.0
1490506853	5.0
0439023483	4.999999999999999
0545040639	3.0
1463529686	4.0
0062267159	5.0
0761457259	4.0
B00IP8459G	4.0
0062271814	5.0
0062026798	4.0
1492305413	5.0
0615631622	4.0
B00H57FVYG	5.0
162878007X	5.0
0312426682	5.0
0345522478	4.0
B00J2F81CS	4.0
1442420529	5.0
1423118235	5.0
B009D3TRS6	4.0
159748668X	3.0
0547599803	4.0
0545027896	5.0
0060956690	5.0
B006QAKEZY	4.0
0142420921	4.0
0062024140	5.0
0316041440	5.0
0441017738	4.0
1455599204	4.0
0439023491	5.0
043920352X	5.0
0800733304	3.0
1484161114	3.0
1594485151	5.0
1936305984	4.565291124929338
1595141758	5.0
1628780096	5.0
160125217X	4.0
0062002325	5.0
1470008955	4.0
031612351X	4.0
1499290942	5.0
1442445831	4.0
0763647519	5.0
B004FGMT4U	5.0
0761460675	4.0
0743205383	5.0
0670021067	5.0
160953039X	4.0
1250006317	4.0
1482772973	5.0
0991181808	5.0
0062026771	5.0
0062002368	3.0
1480225649	5.0
0062117386	5.0
141699484X	4.0
1442445807	5.0
0061434779	4.0
0983392900	5.0
0989339211	4.0
1492882356	4.0
0743566572	4.0
0671874535	5.0
0375831002	4.6733093760209075
149043013X	5.0
1478132744	5.0
1250006325	5.0
1484162226	5.0
0062117378	5.0
1490313281	5.0
1401302874	4.0
B00G99ZU7E	5.0
1597802166	4.0
B0025KVN9A	4.0
0142417793	5.0
1423118251	5.0
145165801X	5.0
1599908441	4.0
0061701246	4.0
B00DGYKVWE	5.0
0312375069	5.0
B00CYKHQW4	5.0
B009WVJTNW	4.0
1475031904	4.0
0143114662	5.0
0446519383	4.0
0805090916	4.0
0578141809	5.0
0061914657	4.0
1480536466	1.0
B007HOKHAK	5.0
1938857259	4.0
1565125614	4.0
0345412745	5.0
1476744920	5.0
0425227723	4.0
0061869767	4.0
1480276855	3.0000000000000004
0373774826	5.0
014241168X	5.0
0446679062	3.0
0307582884	5.0
0061985848	5.0
0061978086	5.0
B00EBZMKXA	4.0
0061935123	4.0
B00E5S4DAQ	5.0
0898656354	4.0
098835456X	5.0
0061985864	4.5417163289630516
0373210426	3.0
0615680046	5.0
1416596240	5.0
0062048651	4.0
0385732554	5.0
0615877540	1.0
1416990844	4.0
0989450252	5.0
0983803714	5.0
0062060554	5.0
1492323039	5.0
031603116X	4.0
006202468X	4.0
B00G2V3300	5.0
B00HIBXKQK	4.0
1936413213	5.0
0984817301	5.0
1479225150	5.0
1492908495	5.0
1442421762	4.468421052631579
1463525966	4.0
0385740166	3.712444623439388
0375504338	5.0
1935097172	4.0
0765329646	2.0
031612558X	5.0
B00E7XUGM8	3.0
0007430590	4.0
B00JWET7TU	5.0
0060611456	4.0
0062023586	5.0
B00FG2LWWM	5.0
0061766666	5.0
1423121317	5.000000000000001
141043382X	4.0
1494935953	5.0
0061950726	3.0
0544022491	4.314262362076011
1476783284	4.380881624566617
1482669285	4.0
0375814663	5.0
1620612917	4.0
0670025992	4.0
148398527X	5.0
1616145471	3.0
0061236225	5.0
1499620128	5.0
0062085611	4.303792851932895
014219672X	5.0
0802723101	4.0
1612131719	5.0
1939769280	4.0
0061253847	4.0
1423121325	5.0
1439199086	4.0
1442430001	5.0
1481901907	5.0
0312551371	5.0
1481280767	5.0
0061935107	4.0
0615647235	2.0
0547688369	4.0
1936564432	4.0
0061579270	3.0
0989450236	5.0
1620612925	3.0
1451608446	3.0
0989943461	4.0
006088732X	4.0
1471750353	4.0
1401324231	3.0
0385522002	4.0
1442466251	5.0
1938857062	4.0
1442403918	5.0
B007CKQ2KS	4.0
0764203177	5.0
0373802358	2.0
0778313077	4.651247165532879
0312624670	4.0
B00CGBYVTW	4.0
0062206281	4.0
098848370X	5.0
1476717516	5.0
0545055857	5.0
1455599182	4.0
B008DS35CQ	4.0
B00F31FRKO	2.0
B00IKZUG4M	4.0
B006DTO23S	1.0
1479300950	4.0
1937293149	4.0
0991379632	5.0
B004UGM69S	4.0
0985008628	5.0
0061962767	4.0
0373210620	4.0
0312167636	2.0
0061766690	5.0
140227033X	4.0
0312590563	3.1744297488978344
1466339101	5.0
B00C44N7KU	2.0
0062021389	4.0
1416989412	5.0
1592641784	2.0
B00L7W9UYW	5.0
039916443X	4.0
1616770813	5.0
0345538544	5.0
0060887354	4.0
B00B6N9A4M	5.0
1491230592	4.0
1481939084	5.0
1492291560	2.0
148012561X	5.0
0345803507	5.0
0425240924	4.0
B00GQJUACC	4.0
0062221213	4.0
0061936464	5.0
1491008113	4.0
0375835318	4.0
0984828222	5.0
0345423429	5.0
0062195433	5.0
0385342454	4.0
0307914208	5.0
0525423389	3.7369152385363598
0985686308	4.0
B00HLNRWBE	5.0
1483966763	5.0
1402789572	5.0
0670013994	4.0
006200395X	4.0
0763660094	4.0
1475116233	5.0
1476763623	4.0
0062069187	5.0
073935650X	4.999999999999999
1616770848	5.0
0307589250	3.0
0671027344	2.0
0991379616	5.0
1594486093	4.0
1476744904	5.0
0758231741	4.0
006197806X	5.0
0738730408	4.0
0739474812	1.0
B00DE50M2E	4.0
148488308X	5.0
0307463214	4.0
0345457641	5.0
0316056634	5.0
B00JU93M6Q	5.0
1484829379	4.0
1493560336	5.0
0312649916	3.0
0307271684	4.0
B007NUVFN6	2.0
1423143388	4.0
006173506X	5.0
0142004820	5.0
1496010299	5.0
0545151465	4.0
1416989439	2.0
1250058236	4.0
0441008534	4.0
1442421142	4.0
1466453222	5.0
B00A447GB8	4.0
0061826871	4.0
0957496176	5.0
B00APEXMJM	4.0
1939453003	5.0
B009AEM4NI	5.0
0062071041	4.0
1456527738	5.0
0547824106	5.0
0451228219	4.0
B00G1N5ASW	5.0
0061434906	4.0
0441017029	5.0
193362275X	5.0
1442433132	5.0
1594744769	3.962913014160486
1495307352	4.600096015362458
0060887389	4.0
0312566816	5.0
B004WX1BNG	4.0
0505528215	4.0
0373210264	5.0
0312650094	4.0
B009WIR7DY	5.0
0062273248	4.0
0312573804	5.0
0345527224	5.0
B00GG1C64K	4.0
9749375084	5.0
0345531701	5.0
1493626655	5.0
1455510084	5.0
1478314605	5.0
0758278454	5.0
0615581927	5.0
B005CRVFLO	5.0
1616770856	5.0
1419954865	5.0
042527294X	3.0
0316185485	3.0000000000000004
1416590544	5.0
0062059939	4.69682270191608
B00IG1ODEY	5.0
0983797587	3.0000000000000004
0062083260	5.0
1613820259	2.0
0062011995	4.339432412247946
0061801313	5.0
0373210477	4.0
1451625847	4.0
B00GANFU4W	5.0
0061547859	4.0
0312611935	5.0
0989104427	5.0
0385535783	5.0
0615889158	5.0
1481096494	4.0
B00ITE3Y8E	2.0
0061668125	4.3041210224308815
1416983244	5.0
0141326085	5.0
0991379659	5.0
1440154236	5.0
1477424261	4.0
1595143068	5.0
1406332933	5.0
098870742X	5.0
0062333038	3.0
1442443162	4.0
1599903229	4.0
0738723231	5.0
1492740357	1.0
B00JJ8NUCO	5.0
0373210248	5.0
1490916636	5.0
1476756503	3.707371225577264
0061449156	5.0
1440721726	3.0
0743294424	4.0
1479103780	5.0
0802120512	3.0
0062103733	4.712845407020165
0805091165	5.0
0615731317	5.0
1492353558	5.0
0439023513	5.0
0991379667	5.0
0373210493	5.000000000000001
1500196169	5.0
B008DM3W02	5.0
0988273683	5.0
0307716511	5.0
0843962968	4.0
1439197059	3.0
0312550677	4.0
0374316414	3.0
1466429798	5.0
145162056X	4.0
0142411663	5.0
0989104400	5.0
1416975888	5.0
0989450201	5.0
1478198052	4.0
0061431834	5.0
0615500951	4.0
0385533780	2.0
1491296518	4.0
0375859551	4.0
0061020001	4.0
1938404610	5.0
146646321X	4.0
0061031127	5.0
0980134900	5.0
1250001315	4.0
146635190X	4.43992606284658
0802723381	5.0
1493783254	5.0
B00HGMX638	5.0
144240373X	4.521814006888634
006166152X	4.0
0749012560	5.0
0385739141	3.0000000000000004
1489591095	5.0
0330453866	3.5
B00B3KPBSW	5.0
0312201656	5.0
0547330081	5.0
0062220969	3.0
B008AXX9CK	5.0
1423399269	4.0
1442409053	4.503255813953489
0340839937	5.0
0062085484	5.000000000000001
1492141291	4.0
B00DJB6KE2	4.238236750866766
1492886181	4.0
B00I15VLI6	5.0
B008H45KJC	4.0
1442422017	2.0
1939769256	5.0
1416967605	5.0
0451462645	4.0
019533616X	5.0
0312569033	5.0
B00C4BA44K	5.0
1936283786	5.0
B0058W4XQW	4.0
0062077880	5.0
0451226259	5.0
0316068675	4.0
1442472715	5.0
B00GSI39YW	5.0
0141004312	5.0
0763640670	4.0
0061953407	4.668259657506969
1469984016	4.0
144240907X	3.955046275892464
1423164911	4.0
0385342063	5.0
0553588451	4.0
1439191735	4.0
1461060524	2.0
0307740803	5.0
B009WWNZBS	4.0
1601252994	5.0
006202065X	3.5417163289630507
1494751534	5.0
B00JIV2YA6	5.0
B00D89OGDC	5.0
0385739168	4.0
B00DRL96CC	5.0
1468007173	4.0
0505528290	4.0
1439167877	5.0
B006O5RK8K	3.0
054522490X	4.999999999999999
1499646704	5.0
1442436670	3.6118012422360244
0007442920	4.066815976110489
0670013900	4.0
076115020X	4.0
0143118463	5.0
0545042143	4.0
0373210450	3.6285247241520224
0062004042	4.7133396404919585
B0088ELXE2	5.0
1477805028	5.0
0765331268	5.0
B006ZVW3T4	5.0
0399156356	4.0
0062064223	4.0
1477661875	5.0
1494274523	4.0
0545537460	4.681774809160306
0989492559	5.0
1477588388	5.0
B00B0QITYC	4.0
1442360747	3.0
1492135496	5.0
0399157441	3.0
0385532768	4.0
0312642970	5.0
0452281946	5.0
1461006953	3.0
1938404017	5.0
1466337524	5.0
B008173I62	4.0
1460937104	4.0
1477817492	4.0
1480568503	5.0
0803736738	5.0
0991127390	5.0
0374372837	3.0
B0030EFWME	4.0
0595710700	4.0
193915605X	4.0
0061996181	4.57308743169399
0399156348	5.0
B00G9IYD6Y	4.0
0062026089	5.0
0061962163	5.0
0312641893	4.783748701973001
0756637589	5.0
0307913090	3.923076923076923
1939769612	5.0
1491208295	5.0
0373211082	5.0
B00EQMK918	4.0
014131088X	5.0
1439153663	5.0
1941450008	5.0
054525132X	5.0
0743583884	4.0
1490564675	5.0
0307474712	5.0
0142423904	5.0
0425255662	4.0
B00A6NG154	5.0
1416590595	4.0
0142419400	5.0
1606840592	5.0
0738725943	5.0
1606841440	5.0
1463757239	5.0
0062314254	5.0
0062258346	5.0
B00KCE1ISM	5.0
1423164830	5.0
0738732478	4.0
0984799141	4.0
0345533623	5.0
0007388160	5.0
0739476637	5.0
0142421715	4.278784499581822
B00EPZUSYY	4.380881624566617
1606841696	5.0
1606841459	5.0
1402268408	4.0
0547581351	4.0
0061990655	4.0
1477805052	5.0
0307948196	5.0
1469982781	5.0
B00KVOJF24	5.0
144243984X	4.0
B00GDCXPWO	4.0
0557364639	2.0
0982800282	5.0
0553574701	5.0
0307576418	4.0
0451216954	3.0
0578133512	5.0
0062257242	4.0
1481810308	2.0
141698450X	5.0
0062121308	3.0
1470068982	5.0
0316065781	4.0
1402262272	4.666666666666667
0061726826	4.5
0143057324	4.0
0765330377	3.0
1456507095	4.0
1628736097	5.0
1940941423	5.0
1476741182	5.0
1471115755	5.0
0007230206	5.0
006178320X	5.0
030728090X	4.999999999999999
1620610116	5.0
0312364423	4.0
1442407603	3.5218140068886337
1455549002	5.0
1609089464	5.0
1439152780	5.0
147781728X	4.5
006172680X	4.478185993111366
149600082X	2.0
0061726834	5.0
1611940559	5.0
1620610132	5.0
B007HU7NXS	4.0
0385738579	5.0
1484807944	4.0
0307710319	2.3633387888707036
1495472418	5.0
0062135953	4.0
1461085977	5.0
0007124015	5.0
1453728406	4.576776649746193
1476776040	4.648671446646984
0061477974	4.0
0142420891	5.0
1599903016	1.0
0545101549	5.0
1480213985	4.0
125005236X	5.0
0061956996	4.0
1606840797	5.0
B008C3HIA2	4.0
0062006207	4.999999999999999
B00IH8IDVA	5.0
0441017800	5.0
1491223243	4.0
1492159204	5.0
1416911553	2.0
0399158553	4.0
0615776590	4.0
0761462309	4.0
0061965677	4.0
1496177029	4.0
1476776016	3.954994511525796
0983563144	5.0
B004YWKA1Y	4.0
1933353511	5.0
0062009702	4.421028253821214
0385739680	4.521814006888634
0553589822	4.0
0670013196	5.0
0062004018	4.693439607602698
0715307703	5.0
0307595110	4.0
149613432X	5.0
0441016944	3.0
098834095X	4.0
034552277X	5.0
0061670871	5.0
0060294698	4.0
1601251831	5.0
1455503053	4.434708875070661
B00DA7MHUQ	5.0
0312642962	5.0
0061479934	4.0
0425266745	4.823973663826491
0385522703	5.0
1451533969	5.0
1250003326	5.0
150045205X	5.0
0061996165	5.0
1476753164	5.0
B00GQZ653E	5.0
014280018X	4.0
B00KUEGX16	4.0
1478306890	5.0
B00G5ZXKGU	5.0
1601254679	5.0
B0051WJMGK	5.0
0807083054	5.0
0985817003	5.0
1442417439	5.0
1423108760	4.0
B004USSPN2	5.0
0151015392	5.0
0312674724	5.0
0830736352	3.0
0062224735	5.0
0553296981	5.0
0692208879	5.0
0399533656	4.0
1481960741	4.238236750866766
1496169484	3.0
1452102279	5.0
149617707X	4.0
0062060716	4.0
0060828390	4.0
0988585928	5.0
0060096942	4.0
1451682050	5.0
1417808268	3.775266524520256
0976180421	4.0
1416509755	5.0
0312364083	5.0
0062026488	4.481456507080243
0307352145	5.0
1612131093	5.0
1489536213	5.0
0062235656	5.0
1599907259	5.0
B008J2MMNO	4.0
0778326756	4.0
1601253591	5.0
1442441798	5.0
0991037405	3.0
1597803324	4.0
0765330598	3.0
076532959X	5.0
1606192108	5.0
014311784X	5.0
1452107955	4.0
1482680955	4.0
044101674X	3.0
006226768X	2.0
0991426738	5.0
0988489112	5.0
0985865334	5.0
0441017843	4.0
0525422099	3.0
B00F7CJKAC	4.0
0062024035	4.0
1476730946	4.611206159110351
0007444117	3.1845610220168523
1493511459	4.999999999999999
0062279483	2.0
1414378424	3.0
0615290116	4.0
B00FCRLGJU	4.0
1423116399	4.0
014242899X	4.0
0803734735	5.0
1476725365	5.0
0316001929	5.0
1477444890	4.0
B00FSDBKLC	3.0
0425242757	5.0
0451467965	5.0
B0064UT13W	3.0
1441440461	5.0
0062118781	5.0
1491046880	5.0
1416912045	5.0
0911493247	4.0
0062090364	4.0
038573784X	5.0
1491269650	4.636456211812627
1416531645	4.0
1493780557	5.0
1442352965	4.672068230277185
0143113496	5.0
0061849278	4.0
0142421901	4.999999999999999
0062200577	4.0
1938436059	4.0
0062060988	5.0
1481258885	4.0
084396300X	4.0
0141310073	4.0
0062351893	5.0
0547393091	3.0
0441018718	4.0
0062003313	4.0
0671536141	5.0
0316084220	4.368258178603006
1606192124	5.0
0983593183	5.0
B00HCMZZQ8	3.857355126300148
0007386648	5.0
1599905280	5.0
1484148037	5.0
1476760772	5.0
0671003550	5.0
B00CI95LLY	5.0
B00IODNJRG	4.0
B00GGRBCNU	5.0
0007423632	5.0
014241980X	4.0
0062299018	5.0
B005DB46WO	4.0
0062060759	4.424070573408948
061577041X	5.0
0989492508	5.0
1471133567	5.0
B004YWGKGS	4.0
0991686004	5.0
0062024027	4.559901447489991
0615814077	5.0
B00JARQFSU	2.0
0062066064	5.0
1423121309	4.999999999999999
0062199773	5.0
140220521X	5.0
1601254245	5.0
148485828X	5.0
1941098010	5.0
149594123X	4.0
1442440023	5.0
1453860959	5.0
055359236X	5.0
0805090614	5.0
1597488984	1.0
B005GG0MJM	4.0
B0093MU7QS	1.0
B00L9HIR4E	5.0
0345803485	2.0
B004UWU9IM	4.0
0738722871	4.576776649746193
9899734810	3.0
1481012177	4.0
1477665412	5.0
1476751803	5.0
0785153942	5.0
0062117262	3.0
1595144919	4.578971746178786
0983593167	4.0
1481058134	4.0
0989030903	3.0
0316197084	5.0
0578127725	5.0
1469982994	5.0
0399162410	5.0
1493664522	4.0
0062070320	5.0
1480030821	5.0
0062012010	4.478185993111366
1623650860	4.0
0452270863	3.0
1480153443	5.0
1938404270	5.0
0812975839	3.0
B00AA46EDS	2.0
0451225856	5.0
B00BQR4MYG	4.0
0142418528	3.0000000000000004
B00HCFYPD4	5.0
B00GKKU0OK	5.0
B00DY8HASK	1.0
0983593175	4.0
0761459545	4.0
0385738757	5.0
0345803493	4.0
1442445939	4.0
1477436820	4.0
0316084239	5.0
0062235672	5.0
0316051586	5.0
1416968237	5.0
1941098037	5.0
1599907232	3.0
0061921262	3.0
0316125849	4.0
0738735930	4.0
0805091920	4.0
0765329581	4.35486160397445
