1451685173	5.0
0316024759	NaN
0224079948	NaN
B0075R4RAU	3.0
0310259649	NaN
B00BO0E772	3.0
148018232X	4.0
1619889080	NaN
0768442281	NaN
1493522175	5.0
0373131860	3.0
B00I4ABC3W	4.0
0778315576	4.0
B00CV30XMO	5.0
1897562969	2.0
B00C8QJSWK	3.0
0768435986	NaN
B00EN4AAFE	3.0
1482596709	3.0
1941198910	3.0
B00K1MNIRE	4.0
B007TJ4WUO	NaN
0449219925	3.0
B00I4ZIZ9Q	4.0
0425260666	4.0
037312869X	4.0
149099792X	3.0
0449001709	4.0
B00HST8JTK	2.0
0778315584	3.0
1939346134	NaN
B00ENOV7L0	2.0
1492933554	NaN
149353985X	4.0
B00835TNWA	4.0
0373732074	5.0
0768431131	NaN
1401232795	NaN
B00K6ME9WC	4.0
B00BEO4NJA	3.0
0062070231	2.0
0373297068	3.0
0778315592	4.0
0062244876	4.0
B0092MPO1M	3.0
088368487X	NaN
0768432464	NaN
B00D2BUXYC	3.0
1451642466	4.0
0768422655	NaN
1612176933	3.0
0515151319	4.0
B00KQ4FVLS	3.0
0373527012	5.0
0385488181	NaN
037543318X	NaN
076843680X	NaN
0821773844	3.0
B004XTTT9M	4.0
0425251748	NaN
0062075934	2.0
0451208315	2.0
B00I28TY2C	4.0
B00E6SOAU8	3.0
0310331935	NaN
B00BFQDFZA	2.0
B00GSPUCTA	3.0
1480011789	2.0
1567188117	NaN
0515150460	3.0
1481922726	4.0
B0062O8IN4	5.0
076843159X	NaN
0307341542	NaN
1451642458	3.0
B00K08O4B8	1.0
B00DGFXDLO	2.0
B00BQWHLRG	4.0
0985643706	3.0
0345495802	NaN
B00E8KN9VK	3.0
1420106554	5.0
B0044XUZ72	4.0
B00LBHIVH0	4.0
1416503595	5.0
0312351623	4.0
0768435951	NaN
0345460731	NaN
B00DJCFUS8	3.0
1490523103	3.0
193934610X	NaN
0061374229	NaN
1420106546	4.0
1419658840	NaN
B00KFUJX58	1.0
037373204X	5.0
1939346185	NaN
0451203917	4.0
1416566740	5.0
B00G984VPW	4.0
B00FX7UKUA	4.0
B00DOFHHFO	3.0
0140424393	NaN
B00GB9ZK54	4.0
1419965433	5.0
0983256810	NaN
0768440904	NaN
1480025984	4.0
1595549021	NaN
0062075950	3.0
1402271786	2.0
1401234542	NaN
B007K3D6UG	4.0
1477694919	3.0
0061661279	NaN
B00HVMNJI0	4.0
B00AR5URC4	4.0
0373129114	4.0
1493632639	1.0
1461001609	4.0
B00EZ8RBN2	3.0
0821773836	3.0
0373131895	4.0
0991641213	3.0
1482788330	2.0
161614551X	NaN
1906931712	4.0
0373716885	4.0
B00IU69PTI	3.0
1939359007	4.0
0743529375	NaN
B00BJO26OY	4.0
B00HNEOAN4	1.0
159780276X	NaN
0778316009	3.0
0425259668	NaN
B00BDNOPIQ	1.0
B00ILK05HE	4.0
B0086VZVC2	2.0
B00FHOED2K	2.0
B00F0SDBOY	4.0
B00ATHWQ6K	4.0
148109873X	4.0
0373695861	NaN
B008X4BCUW	4.0
B00HGJUNWI	1.0
0373131445	4.0
0061135879	NaN
1401232345	NaN
038081790X	5.0
0768440920	NaN
031236847X	NaN
B00GRY30J6	2.0
0307378861	NaN
0345494903	NaN
0373294867	3.0
0373118473	5.0
1493763121	4.0
0515131784	3.0
0768431565	NaN
B004WSQNBG	4.0
0451150430	4.0
0373131437	4.0
042525528X	NaN
B00FWG9F8A	3.0
B00IQOFSDG	5.0
0373484208	NaN
0802722334	NaN
0373129130	3.0
0768428386	NaN
0451201701	3.0
0373528779	4.0
1401246966	NaN
0451400011	4.0
B0087WZAIU	1.0
0263140393	1.0
B007RELMWM	2.0
0768427061	NaN
0152045996	NaN
1477610804	3.0
148009806X	2.0
1467980757	2.0
B00J6Z32HI	2.0
1492371289	2.0
1451642407	4.0
0768431557	NaN
0060564679	NaN
B005XD5IBA	2.0
B00HS6NJNO	4.0
1494724693	4.0
0768439035	NaN
0768440939	NaN
1499190433	3.0
087477618X	NaN
0451227085	4.0
0758281994	NaN
B0052ZAV9S	5.0
B00D8NMGNA	4.0
B00DTELN9G	2.0
0768427045	NaN
0373297483	2.0
037352742X	3.0
1494235439	3.0
B00A9V24MM	4.0
0373129939	3.0
0451231503	3.0
B00APT8BDE	4.0
B00KIVANBW	3.0
0373126441	2.0
0380708361	2.0
0985723505	4.0
1492375675	1.0
0768427037	NaN
0989146642	3.0
0310214351	NaN
0768440955	NaN
0768432863	NaN
0062315757	4.0
1490437029	4.0
0373128614	4.0
B00ICL9X0C	4.0
0768438160	NaN
B00A3MURRQ	3.0
1591791707	NaN
0768427029	NaN
0826308252	NaN
B00C3NTO1S	4.0
1401235417	NaN
B00BWV8AHQ	2.0
0983256837	NaN
0373712855	NaN
B00CLENB72	2.0
0768432855	NaN
B00J2ZVDK0	4.0
B00F6B5US0	3.0
B00DJF2862	4.0
B00CO3J65G	4.0
0992009111	4.0
B00EO4WH2W	3.0
0373124287	3.0
B00C9Q4AGS	3.0
0768440971	NaN
B00I54CPVA	4.0
0768431514	NaN
0802407285	NaN
B009LUCM2O	3.0
B00FTP60FU	2.0
0768432839	NaN
B0088ETL96	4.0
037313181X	3.0
0373131828	4.0
0768428335	NaN
B00BL6CDCA	2.0
B00CK51IRC	3.0
0425269841	NaN
0373117523	4.0
147839708X	5.0
B0092MPO6M	4.0
0991066308	5.0
1475255977	NaN
B00HND9L66	3.0
B00DXXYZF2	3.0
0821780514	3.0
0345423399	NaN
0615824773	4.0
B00E4VDH2O	3.0
B00BCFZM00	3.0
0399154124	NaN
0768428327	NaN
0345519515	5.0
B00DKBOBYW	NaN
B00GBHOG92	4.0
0425252167	NaN
1495979237	3.0
0446606839	4.0
0768440998	NaN
0778316084	4.0
076844098X	NaN
B00DMKTEKC	4.0
0768438128	NaN
1449993974	3.0
076842612X	NaN
0768428319	NaN
1455547239	2.0
0785263713	NaN
0768403014	NaN
B00G2CU49M	4.0
0768403499	NaN
0451406621	NaN
B00C4A6RLK	3.0
B00BFWI9BY	4.0
0764578340	NaN
B002WEPD8Q	3.0
B009YP7HEY	1.0
1468161660	NaN
098956410X	3.0
0976885514	NaN
0352346930	2.0
B00I44JO5G	3.0
B00GQB7NCA	3.0
0373131836	4.0
0373130988	3.0
B00KCJWX2C	2.0
B00BOG0DA6	1.0
0373118880	4.0
0768427452	NaN
0425211673	NaN
B00BFUYHGW	2.0
0768428300	NaN
B0095VXTNU	3.0
0373696329	NaN
0768403022	NaN
B00ITTMGZG	3.0
B00ENW9J9Y	3.0
1583144099	NaN
0985544341	3.0
1439167516	4.0
B00E905C5A	2.0
B0088IBDM0	5.0
0768431948	NaN
0451409310	4.0
B00BSJR0HI	3.0
0373510152	3.0
0062003070	NaN
0515111317	2.0
0385257406	NaN
0615709222	2.0
1940041082	4.0
B00DYEBOM2	4.0
0768427444	NaN
0990552608	3.0
B00K48N6ZY	2.0
0345379039	NaN
0768403480	NaN
0988497476	2.0
0263898199	3.0
B00BSFFNTY	2.0
0803240120	NaN
1926778561	NaN
045123779X	5.0
B00BFQDGN6	4.0
076844053X	NaN
0345506227	NaN
B00CTB6QP6	5.0
1492764167	3.0
1401234062	NaN
B00BFNJBC4	2.0
1490559175	2.0
B00DJHTV0Q	1.0
1476709351	NaN
B009QBZVQW	3.0
B006DJSRIO	2.0
1420126512	4.0
B00J3D2JS6	4.0
B00JKTX9ZA	4.0
B00J4YMPVA	3.0
1491261870	3.0
B00KWISN5E	5.0
0373132395	1.0
0991097416	3.0
B00H4OB57M	2.0
1490347402	4.0
0874778875	NaN
0061885681	5.0
0768427428	NaN
B00BMFPT12	3.0
1401240771	NaN
B00BNETEHC	4.0
0768441412	NaN
B004TAS55O	NaN
0373131089	4.0
0345379020	NaN
1483933032	3.0
0451407598	5.0
0768425247	NaN
0974624926	3.0
B00JRBN26M	3.0
B00A0ZQ1UI	2.0
B00BRKQY8Y	NaN
1939962323	3.887931034482759
1601542380	3.0
1401238408	NaN
0451469402	4.0
B009G7H7C2	3.0
0373131097	4.0
0451416074	3.0
0345379012	NaN
1401246087	NaN
B00EA8Z45O	4.0
0515126837	4.0
B00E9B0C6S	3.0
0062018558	NaN
1492888095	5.0
0821777777	4.0
0792255607	NaN
B00GIXEKIQ	4.0
B00JA10320	3.0
1401238882	NaN
0425218309	3.0
1451606818	5.0
0768441420	NaN
1939962315	4.775862068965518
1401937519	NaN
0345379004	NaN
1490521844	4.0
1401238874	NaN
0061494151	NaN
B00CIID1BC	NaN
1442457392	NaN
0768438543	NaN
0821755951	4.0
0615720455	4.0
1401238475	NaN
1493784870	4.0
0785209093	NaN
1455163511	NaN
B009GKU2DU	2.0
0768424372	NaN
B00BSY6UAQ	4.0
0563477008	NaN
B00GQ75M6S	3.0
076843985X	NaN
0615839878	4.0
0385730713	NaN
B00EPF4GFQ	4.0
0768441439	NaN
0345519477	4.0
0440222575	5.0
140124601X	NaN
0441715923	NaN
0373776403	4.0
1609288939	5.0
076840343X	NaN
0768403448	NaN
B003BEDV08	2.0
0768441447	NaN
0768440599	NaN
0843963522	2.0
0768426545	NaN
1592287492	NaN
B0076NLJ7C	4.0
0373696272	NaN
1494388588	3.0
0739456741	NaN
0924748885	NaN
B00AJ8GEBM	2.0
1480232327	5.0
1401237126	NaN
B0088I86TI	5.0
B00E7TQCLQ	4.0
0768436346	NaN
B00FW1Z2CI	3.0
B00LDEWTMY	4.0
B008H5IF02	3.0
0373126530	3.0
0373776438	NaN
0802473156	NaN
1497403316	2.0
0373732414	4.0
1440564272	4.0
B009SR5DTE	3.0
0768441455	NaN
0768424356	NaN
0451408403	3.0
B00BSGL0T0	2.0
1611099080	3.0
1402278756	3.0
0515134015	3.0
1601543271	3.0
1482750554	4.0
1401245196	NaN
1401234089	NaN
1497598443	3.0
0768424348	NaN
0451216881	3.0
0373236417	3.0
0091796628	NaN
1601547617	3.0
B009UEVVP0	3.0
0768403421	NaN
0768441463	NaN
B004AYCUHI	4.0
0425251373	NaN
1492338141	1.0
1423171020	NaN
B00A0ZQKJK	1.0
006149190X	5.0
B004RQD3YI	3.0
1477823859	3.0
1401240747	NaN
1401322875	NaN
1401238432	NaN
0385351852	NaN
B007HB899Y	4.0
B00FKERXXS	3.0
0615609570	4.0
042521303X	5.0
B00A0XQ9UW	3.0
1451617526	NaN
0768440149	NaN
1481896881	NaN
B005ECTZIC	NaN
0768426510	NaN
0373128290	3.0
0768438977	NaN
B009YP1GFK	4.0
1937216098	4.0
1939962382	2.0
1451685203	3.0
0812971787	NaN
B0064F5QZ4	3.0
1495925927	3.0
0615908098	2.0
1490402713	3.0
1482385635	NaN
1250048346	NaN
1936305704	3.0
1938127463	4.0
B008IHTVCK	3.0
1401246907	NaN
B00IXOP294	2.0
0996052917	3.0
1401237169	NaN
0451215923	4.0
B00AEG7G84	4.0
0451164725	4.0
0061684287	5.0
1565125681	NaN
B00AGZEHYO	NaN
1452664943	3.0
0768426979	NaN
B00C14XX02	4.0
037377771X	NaN
006228939X	3.0
B007CIMWZO	2.0
B00AJQ32AK	3.0
0988695375	4.0
0373132336	3.0
B00AXTM8G2	2.0
0768441013	NaN
B0094OGM9G	4.0
0374112576	NaN
B006V7WODC	3.0
0804177031	5.0
0553109200	NaN
0451212886	5.0
B00311JU42	NaN
0373130163	4.0
B007KTEF9Q	4.0
B009N8CCBU	2.0
1496029151	1.0
1401238009	NaN
0911137009	NaN
B0085WNIOU	2.0
B00FAX5VF6	NaN
0768440173	NaN
1484998359	NaN
1401237150	NaN
0373119372	2.0
B009ERVHXO	4.0
0765352257	NaN
1909490032	NaN
B00G5WYG02	2.0
0373192827	NaN
0736919244	NaN
B00B4II6F8	2.0
0768426960	NaN
0768431077	NaN
0099529734	NaN
038551851X	NaN
B006JEQLH2	3.0
B00IMMIUVY	3.0
0451210212	3.0
B00ID0Y8OI	4.0
0373294778	3.0
1477808612	NaN
149352660X	3.0
B00JYXYNF2	3.0
B00ESKH614	3.0
0451414705	NaN
1469227878	5.0
B00HDFLM1Q	3.0
1491264489	3.0
1401240313	NaN
B00KJLC01M	NaN
B00BEQOTQA	2.0
1936034867	NaN
0373132360	3.0
0425259250	3.0
B008X2Q2J0	4.0
0989050882	2.0
1495405125	4.0
076844103X	NaN
0373131011	3.0
0768441048	NaN
0451468953	3.0
B00DX73Z2M	4.0
0062289357	3.0
0263189236	3.0
B008922XQU	4.0
0345546679	1.0
B00951B2XE	5.0
0985555807	NaN
0451466780	3.0
0768432383	NaN
0452283817	NaN
B00726SYAS	3.0
B00ANFOCAG	3.0
0505523493	NaN
0451410343	4.0
0768402964	NaN
1490922423	3.0
0768438918	NaN
0373131046	5.0
0768441056	NaN
B00DPFKK6G	5.0
B009KZGYN8	3.0
1478127163	3.0
0756402697	NaN
0373297858	4.0
B004EYT536	4.0
0778315568	3.0
0768441064	NaN
1401234917	NaN
1480038423	3.0
0345483081	4.0
0768442397	NaN
037313102X	4.0
0821758160	5.0
B00EPK7BQC	2.0
0988365960	1.0
B008Q7QRZG	3.0
0380772574	3.0
B00KBV5O40	3.0
0425263754	3.0
1593090153	NaN
1492246859	1.0
0768432367	NaN
B009084XDI	4.0
0768431034	NaN
194055991X	3.0
0373127006	3.0
1941145027	3.0
0768441072	NaN
B00B0NCUOK	3.0
0373130651	4.0
0312426119	NaN
1484141032	4.0
0373096410	4.0
0451212703	4.0
1401234623	NaN
0768436710	NaN
1416541527	NaN
B00BVV49RC	3.0
1607066920	NaN
076840293X	NaN
1495492850	2.0
B00B6AH1U0	2.0
B006OT0NBW	3.0
B0095VT3RG	4.0
0060751967	NaN
0373127499	4.0
0345535227	2.0
0768441080	NaN
B00J0PKKUG	4.0
1480181595	4.0
0425236692	1.0
0373153309	NaN
0671025368	NaN
B00D9XSPJ8	3.0
067102535X	NaN
B007BTR4I4	3.0
1401243118	NaN
B004MPRZ7A	4.0
0316217786	NaN
076843100X	NaN
0768431018	NaN
0446605824	3.0
B00CFX3AOI	4.0
1607066912	NaN
1480080896	4.0
1938857267	3.0
0373131526	4.0
0373207263	3.0
B004P5NYD6	4.0
B00LOY3PXK	2.0
1620151731	4.0
1492714259	4.0
B00IGW2ZXY	1.0
B00EG10E4G	NaN
0062240129	3.0
B00G0J9C7M	2.0
0982059094	NaN
0399166815	NaN
0786285915	3.0
1477448616	2.0
B009HNKE3O	NaN
B00DEW3RP6	3.0
B00DVDB4HG	4.0
0739421042	NaN
0373131518	4.0
0316044695	NaN
B002QX43T8	4.0
0982059078	NaN
038534905X	NaN
0615964079	3.0
B003O2SGTI	3.0
1478381000	4.0
0061375438	4.0
1938021002	NaN
0142181498	NaN
0393900592	NaN
1492254398	4.0
B00EQ88XX8	3.0
B00HTBY05O	2.0
1491050977	4.0
1620612925	4.0
0768432324	NaN
0451416503	NaN
0768431476	NaN
B006GWZWB8	3.0
0060987103	NaN
0385343329	4.0
0821768352	3.0
0062240196	4.0
0373131542	2.0
067974066X	NaN
1401235514	NaN
0967224918	NaN
0062265008	4.0
1495985636	4.0
B00KGC00OS	NaN
0768432316	NaN
0768431468	NaN
0028637623	NaN
0061147958	NaN
0785165622	NaN
0985115602	2.0
0768438098	NaN
1250007038	NaN
B00H1VK55Q	4.0
0451218043	NaN
B00G4QWWMI	3.0
B00BMTWXN0	2.0
0768432782	NaN
0452282209	NaN
0312605919	4.0
0768428297	NaN
0785165630	NaN
0451230582	3.0
1416544607	NaN
B00EPM9EAQ	3.0
B009429QS2	3.0
145168522X	4.0
0373123922	3.0
B009MQJ2JI	3.0
1484007735	3.0
098481731X	NaN
148120811X	3.0
0061118184	NaN
0380821052	3.0
B00FGHYLD4	3.0
1466276983	4.0
B00E3D0U6O	5.0
B0043GX2HU	3.0
1401233791	NaN
B002I1XQ1Y	NaN
B00H8ZQAJK	4.0
0989311287	4.0
037313021X	4.0
1499192975	2.0
0373132409	3.0
B00EWVIA64	2.0
0345548124	3.0000000000000004
B005HOQDV4	2.0
B009V2UKWQ	3.0
0345457641	NaN
0768428270	NaN
1468154168	NaN
1482088495	4.0
B00AFYH7A2	5.0
0028639456	NaN
0425259722	2.0
0373125224	3.0
B00FZ4OFUC	4.0
076843274X	NaN
0843962526	5.0
0768428254	NaN
1494312603	3.0
0768428262	NaN
0062244906	3.0
1480054542	3.0
1495307352	4.0
1401237738	NaN
1401233376	NaN
1579210457	NaN
0395859999	NaN
1933064110	NaN
B00BFQM4V6	4.0
B009NG5GSS	NaN
0399143793	NaN
B00H0EXA7Y	2.0
0345537009	3.0
B00BFQDH5I	3.0
0843962518	3.0
0768431417	NaN
B00C2RVRHE	4.0
076842738X	NaN
B00A3YAQQQ	NaN
B000XZKZKM	1.0
0768427398	NaN
0768426065	NaN
B0064H8NE8	NaN
0986012513	4.0
B00APEYANY	3.0
B008A0OQ84	2.0
0768428246	NaN
0736916547	NaN
0373294077	4.0
1478706333	4.0
0988020424	3.0
037329624X	4.0
B00E2Q43W4	3.0
159687290X	NaN
0380821060	2.0
0768426073	NaN
1401236871	NaN
0988909731	2.0
B009WV4IM4	4.0
0140176233	NaN
0785214267	NaN
1601832230	4.0
B00B93HNCK	1.0
1484843002	3.0
0743499573	4.0
1929613970	4.0
B009FCWF8O	5.0
0768440602	NaN
B004HO6ATU	3.0
B00A9H95JQ	2.0
1401235530	NaN
B00FRTO27G	3.0
1468157248	3.0
0768438039	NaN
037312788X	2.0
1481944835	4.0
B00CU7FV6O	4.0
0768430550	NaN
1619212471	4.0
B005G4Y97K	3.0
B004MPRZAW	5.0
B00IG9U70K	1.0
1883319005	NaN
0768439361	NaN
0578012456	NaN
1469984202	NaN
B00HTJJSSU	5.0
1463759800	2.0
B00H8ZL1M6	3.0
1475066228	4.0
0768441943	NaN
0451206886	2.0
B0065KX8P8	2.0
1400005329	NaN
0380804514	4.0
B00AR8TPFQ	4.0
0062034871	3.0
B0058VAORA	3.0
B0090NKCXS	2.0
1482031124	3.0
0061493341	NaN
B00HJAA1J4	4.0
1479352160	3.0
0768432715	NaN
0373297165	4.0
0768427363	NaN
0060531231	4.0
B00HQ8OWH6	4.0
B00BF6CA0Q	2.0
0768428211	NaN
148409851X	3.0
B00DC7PXLY	4.0
1906931208	2.0
037324469X	4.0
0373131941	3.0
0768425190	NaN
0373078110	NaN
1420124005	5.0
0989063216	2.0
0385493282	NaN
0768427371	NaN
0263194493	5.0
0380813017	5.0
0062252100	5.0
B008OPV7B4	NaN
B00537SBX8	4.0
1467910538	4.0
B00GVK997I	2.0
1477691359	4.0
B00FAYYWNC	3.0
1939673054	3.0
0768430526	NaN
1401237770	NaN
0768426022	NaN
1401244009	NaN
B00FIL334Q	5.0
0373768524	3.0
0300155220	NaN
B00K2L63O4	3.0
B00F3CWTF4	2.0
1419970291	1.0
B00ER9SWSW	2.0
1420124013	4.0
B00HYISJLS	5.0
0380813009	4.0
B00I6SYS60	3.0
0768438004	NaN
0768438489	NaN
0816159475	4.0
0505527197	3.0
0768430518	NaN
0615823793	4.0
0768429528	NaN
B00JMRL5RY	4.0
0768425166	NaN
B00EN6LQYQ	4.0
0060519134	NaN
1480002917	2.0
0765376199	1.0
B00I89ZB3Q	4.0
0062100033	4.0
0385342063	NaN
1420128868	4.0
1597052671	4.0
076843713X	NaN
1439175489	4.0
B009QO5V8W	4.0
0312283709	NaN
B00L2SHKC0	3.0
0768427339	NaN
0373127472	4.0
1492785423	3.0
0821777696	3.0
0446573051	NaN
B00CNVN1IM	4.0
0768440653	NaN
0373125291	5.0
0768425158	NaN
1420129732	4.0
B00C127648	NaN
0062100025	4.0
0768439795	NaN
0373778333	2.0
1401240909	NaN
1401237746	NaN
0263888029	4.0
0380817772	2.0
0768403359	NaN
0768436281	NaN
0380780046	5.0
1601620055	NaN
0811846369	NaN
1467991066	NaN
0768440661	NaN
0312331789	NaN
B0082CA0Z8	5.0
B00B43LBKA	2.0
1601544650	2.0
0768426480	NaN
1483945367	3.0
B00EWS0K3I	4.0
1442402350	NaN
0062031899	3.0
B009ABTDSU	3.0
B007PN2TTA	4.0
1401237215	NaN
B00HPFT8VU	4.0
0768439302	NaN
1453613633	NaN
B00IKU6WOU	3.0
1453763600	3.0
0373510047	NaN
076843095X	NaN
0373777418	4.0
1939328047	3.0
B00ATJB380	3.0
0768430968	NaN
0615724965	3.0
0345404335	NaN
B001RV3ONG	NaN
B00H1VKZL0	4.0
0768426464	NaN
0470539615	NaN
B00CMY7028	3.0
0821766511	4.0
B00EC51W5Q	2.0
B00CSB1CYW	NaN
1439153663	NaN
1607069628	NaN
0373297505	4.0
0671755331	3.0
B007HU7O5A	3.0
1573430811	2.0
0425265676	2.0
0061010057	NaN
1401237681	NaN
0768424275	NaN
B006MMYSR6	2.0
1844541320	NaN
B00ICBY4H4	3.0
B009JF5Y5I	4.0
0345487524	NaN
076844067X	NaN
1490519637	3.0
0768439760	NaN
B00IA8ZDFQ	2.0
0768436257	NaN
076842643X	NaN
0768426448	NaN
0451410874	4.0
B0075VFMCI	4.0
1401235492	NaN
0156695006	NaN
0768440696	NaN
B00IDQCROU	4.0
B00A6057P2	4.0
B00FAY90KM	1.0
B007FEPNPQ	4.0
0768424267	NaN
1939962439	3.887931034482759
0151012709	NaN
0768425115	NaN
B00FSLF4NO	3.0
067102177X	3.0
B00AL2V30S	4.0
B00CPXT38A	2.0
B00HG3GX6Y	4.0
0373295340	4.0
0316008958	NaN
0451203895	NaN
0786266740	4.0
0312580193	1.0
B00E4V2VCG	3.0
1930486987	NaN
1401237665	NaN
1401238513	NaN
B00KJ1E7ZO	2.0
B004TXQVHA	3.0
0345534743	3.0
0739340948	NaN
B00G8UKDQ2	4.0
0768442400	NaN
0924748990	NaN
0373696388	NaN
1416578048	NaN
1607069679	NaN
0345483103	3.0
1494937115	3.0
B000ZKNRPK	4.0
0768430925	NaN
0373161409	3.0
B00AFYBXEI	3.0
1484949285	4.0
0768403324	NaN
B00F93X85W	3.0
0768438888	NaN
1495472418	2.0
037312662X	3.0
0062229818	4.0
1939203031	3.0
B00FCWAGNC	3.0
0373124473	4.0
0768430917	NaN
0451184653	5.0
0373125321	3.0
B00AM7C7GG	5.0
1250001382	4.0
1451667000	NaN
0062118196	3.0
1416964053	NaN
1939962404	3.0
0263204731	4.0
0062068652	4.0
B00F1IG0OQ	3.0
0768442427	NaN
B00ESV9MFG	3.0
0425266516	3.0
B00ER52J58	4.0
B00AHKGCD2	4.0
1490952322	3.0
1402278632	2.0
0768403308	NaN
0061573132	NaN
0373128843	3.0
B00BL77PKO	3.0
0374207682	NaN
1489512292	NaN
1250001390	3.0
0451406354	4.0
0060817089	NaN
0062245074	3.0
1939328063	4.0
B00IO6Y02Q	3.0
8862931379	NaN
B007P7HU5Y	4.0
0380724332	NaN
0061129631	3.0
0385731957	NaN
1940695295	3.0
0768436680	NaN
B007V65SXA	4.0
0373127987	5.0
0373127502	4.0
0989982432	2.0
1476753164	1.0
006223126X	2.0
B00BR1BGW2	2.0
0373131585	4.0
1497452864	NaN
B003N2QV2I	3.0
0768442443	NaN
B00FJ395EK	4.0
0451231066	5.0
B00BPDMVDU	3.0
B00EFPO4RQ	2.0
0451173538	3.0
0989982424	2.0
0768439701	NaN
0785185712	NaN
B00EBRU0NK	4.0
B00BT0NGOC	2.0
0692208879	2.0
B00B15HWXG	NaN
0768403766	NaN
1494735520	NaN
0380820536	3.0
0615200621	2.0
0768424682	NaN
1599987740	3.0
B00IDFHIVS	4.0
1481821628	4.0
0062231294	3.0
B00DTNV0YA	4.0
193996248X	4.0
B00F12PGVA	NaN
0768441129	NaN
1440551901	2.0
1883010284	NaN
0061667846	NaN
0061233005	3.0
0230109411	NaN
1439158037	NaN
0316097519	NaN
0615642616	NaN
1456588672	2.0
0987243012	4.0
0991426738	5.0
B00J9OV8P4	2.0
1494875713	3.0
0465071937	NaN
0768425522	NaN
B009LTGHKI	3.0
0821763431	4.0
1599989921	4.0
B00AZDI342	4.0
B00B2M3NSG	1.0
B00C4BI4Q0	3.0
0987243020	5.0
1401232817	NaN
1401231969	NaN
076844246X	NaN
1402278608	3.0
0768440297	NaN
0062027794	4.0
0062273949	4.0
B00G8GTRCW	3.0
1491291796	1.0
0768438829	NaN
B00D4BFUXO	3.0
0991093313	3.0
1482576708	4.0
B007RMXPA6	3.0
0312360738	4.0
0768402867	NaN
0768441153	NaN
1885904088	NaN
B00DZXH21Y	NaN
B005LI4B42	3.0
0803250010	NaN
0425258033	3.0
B0073VRQSS	4.0
0987243039	5.0
B00AMPL2CI	4.0
0060732067	5.0
B00BCN90DC	4.0
1401242618	NaN
0380776820	4.0
0451195361	3.0
B00CIHLV6K	3.0
0061969613	NaN
0373132484	4.0
0425257193	NaN
0425246043	NaN
B00FAZI5OS	4.0
026386667X	3.0
0440339235	NaN
B007Q1YEQW	4.0
0062328220	3.0
0768441161	NaN
0768442494	NaN
1937011208	NaN
1401242626	NaN
0373131135	4.0
193885733X	3.0
B009GNDXY2	4.0
0749958170	2.0
1482640058	3.0
1401247083	NaN
B00DO5DAPK	3.0
0373528140	4.0
B00D6LZBQS	4.0
B0015YEQCI	5.0
B00DB3FR5G	3.0
0451214994	3.0
0141439688	NaN
B00DK8L8Z0	NaN
076844201X	NaN
0141975652	NaN
0988937824	4.0
037313200X	3.0
B00K5Y8W7Y	2.0
0143125435	NaN
0988851121	2.0
006075737X	4.0
B00IHCNO88	3.0
0805098542	NaN
B00FAZP226	3.0
1495471179	NaN
031621776X	NaN
0449223515	2.0
0993702325	4.0
0380812983	4.0
0062225405	4.0
0979074401	NaN
1479327573	4.0
0373695918	NaN
1401242642	NaN
0883688670	NaN
076844117X	NaN
0373132492	3.0
1492322083	3.0
1494240173	2.0
0768402824	NaN
0768442044	NaN
0989245314	4.0
0768425948	NaN
B00GURKADY	3.0
0768424615	NaN
0991732782	4.0
1495200388	3.0
0451208579	4.0
B00A4FOB8S	2.0
1596683627	NaN
B00C825F1W	2.0
148277304X	3.0
0307456625	NaN
B006OAUTN8	4.0
1492175390	5.0
0989163377	4.0
076842593X	NaN
B008UWBJB4	2.0
0768432235	NaN
B008LFI92M	3.0
1401233414	NaN
B00AB9RC2E	NaN
0768442052	NaN
B00DK42OHU	3.0
0989247988	5.0
B00L19SVQ4	3.0
1401242383	NaN
0316069434	NaN
B00563EYAS	3.0
0768437911	NaN
0143037250	NaN
0979123402	NaN
1463583710	NaN
1623004977	4.0
1497322081	3.0
0768432227	NaN
0062089080	4.0
1491068116	2.0
B000W914MC	4.0
146798759X	3.0
0768425921	NaN
0373129327	4.0
0989247953	3.1120689655172415
1401221416	NaN
B00GAOIQ10	2.0
B008UYPFXA	4.0
0312577214	NaN
0525952977	NaN
B00JF9DIB0	1.0
0768431360	NaN
B007ZT3452	4.0
0451209885	4.0
0451413121	5.0
B0083ZDUV0	2.0
0989163393	2.0
B004KAAY3E	NaN
1612184790	5.0
1401234720	NaN
B00AWJ8CAO	4.0
0768423732	NaN
0451217012	4.0
B00FQ134MY	5.0
0615657389	4.0
0007183518	NaN
0767905172	NaN
B00E4583GK	3.0
B00GG0OZ9A	4.0
1466410485	3.0
1420103288	2.0
0768442079	NaN
0756667429	NaN
B007ZHC8ZQ	4.0
1607379163	4.0
1484818571	5.0
B007W7ZEK0	4.0
0768402816	NaN
0679418342	NaN
0062242490	3.0
1939263077	3.0
0768442087	NaN
1497319714	4.0
B00B565E68	3.0
1449946119	4.0
1401244998	NaN
1490503749	3.0
0385537859	NaN
1401232124	NaN
1928662196	NaN
140123562X	NaN
B00IJI2RH4	3.0
B00A6ROZ12	4.0
0373295936	2.0
B007EZM98U	3.0
1401242340	NaN
0756667402	NaN
1402284853	3.0
1401241018	NaN
B00BAW3ZG8	3.0
0989416496	3.0
0802710581	5.0
0768432669	NaN
B009N8WBXY	4.0
0425251918	NaN
1940099552	2.0
B00HCW0XCO	3.0
B00186Z0XW	4.0
0373218478	3.0
0451202805	4.0
1484029402	2.0
0425235459	4.0
1490487190	4.0
0989247910	4.0
0515151114	4.0
0062243322	3.0
0345527313	4.0
0373131682	3.0
140124016X	NaN
1468004190	NaN
1401242359	NaN
1478273984	2.0
0768432650	NaN
1477599738	3.0
B00ANFW7KS	NaN
0062231340	3.0
B0088JJ74K	3.0
0310275946	NaN
1401233430	NaN
0373131690	4.0
1492927945	4.0
0373271506	2.0
1935171984	3.0
0451208595	3.0
B008IJ9DU8	4.0
B00FQ5TWJY	4.0
B008VBYJBQ	NaN
0373131674	4.0
0989281000	4.0
0062022342	2.0
0440216478	2.0
1401242367	NaN
0373132522	3.0
B00F2I2GXY	4.0
0821758438	3.0
1607067706	NaN
B00IFG18NE	3.0
0062507540	NaN
0373820534	4.0
1490547738	3.0
0062276220	2.0
B00K5Z4Z56	3.0
1935171992	2.0
B00H7GA1YU	4.0
1492290378	3.0
0983368414	NaN
B00G2PJSOQ	4.0
0451210417	4.0
1771551070	5.0
B00IECLA3C	3.0
1401245005	NaN
034540047X	NaN
161217678X	3.0
0062133292	5.0
0312605390	5.0
B00BCFWJ7E	4.0
0843961554	4.0
1467964409	4.0
B00ILWA6WG	4.0
B00IDWDWJ8	4.0
0446520659	NaN
0380769530	4.0
1401232167	NaN
B00AX1ZBKU	4.0
0062512943	NaN
1631420038	5.0
B00FCRLDWA	4.0
0802472966	NaN
B005EXSNRK	NaN
1938352335	3.0
B00DXIFORA	4.0
1607069466	NaN
B00E86ENEQ	NaN
0821777157	3.0
B009FEDS1A	3.0
1419953656	5.0
B004OA5ZTS	4.0
B007BJTMQ6	3.0
076843839X	NaN
0380769549	3.0
B00BPB9L3U	4.0
B0098LSLLC	3.0
0373125364	2.0
B005M1OQJS	2.0
1482332450	3.0
076843260X	NaN
B00GGMWAGS	5.0
0373297262	4.0
1463526792	NaN
B00CB7NHC8	2.0
B0085MQTA0	4.0
0425259862	NaN
1401237835	NaN
B006TZH5VW	NaN
0985929537	NaN
034552733X	2.0
1623006740	3.0
0768439248	NaN
0307272605	NaN
B00GXBV0MM	4.0
B00B6JFKNG	1.0
1401247210	NaN
B00FW6FF16	4.0
0843961562	4.0
0743291271	NaN
0373137338	3.0
1492809438	2.0
B006SNSP14	NaN
B00IICFV7O	4.0
0451230442	3.0
0373297246	5.0
0451207610	4.0
1480114480	4.0
B00BFJY222	3.0
B00BVXQS1U	3.0
B00K39M16E	4.0
0062271377	5.0
B008UT76ZA	4.0
0768403278	NaN
B006QZJ4BO	3.0
B00LKND0V2	NaN
140124761X	NaN
0849955106	NaN
0425138259	4.0
1402278578	3.0
B00EKJGRIG	3.0
1481999842	4.0
0373777590	3.0
B00DCQKH66	3.0
1480229792	NaN
B00FUTYLR4	1.0
155166500X	NaN
0768437040	NaN
B00FCRLDR0	4.0
B00I44QYUO	3.0
0373528957	4.0
B009Y95U5S	3.0
0768403286	NaN
0768440750	NaN
1490389571	3.0
1476764468	2.0
B008XH1CC2	3.0
0768439213	NaN
0062270060	NaN
B00C3GKOQE	5.0
0451236181	NaN
1493741969	3.0
0373131607	4.0
0804176787	NaN
1477848851	5.0
148275388X	4.0
0988301318	4.0
0312537565	NaN
125004457X	3.0
B00JD223TW	4.0
1478179473	2.0
B00DGVFUJG	3.0
080907821X	NaN
1491272201	3.0
B00FAZOWNQ	3.0
B00A2HK8YY	2.0
0451415329	4.0
1611098831	4.0
B00D2ITVZC	3.0
0768424186	NaN
B00EWZNC0E	3.0
0345491246	NaN
0811734102	NaN
0768425034	NaN
0373297297	4.0
B00HY03FJM	3.0
B004W4M5FS	NaN
0515134643	3.0
B008O4CV4W	4.0
B00GN4LTWK	4.0
0373297289	2.0
0385335660	NaN
156512507X	NaN
B00HOII46S	2.0
B007LT42F2	4.0
0451415337	5.0
0989501604	2.0
0768437016	NaN
B00C2RXWQS	4.0
0393083187	NaN
145169346X	4.0
0768427207	NaN
B00CL4NGPY	3.0
037383344X	NaN
0768437490	NaN
1466452773	NaN
0762423412	NaN
B00BBMN2R4	3.0
B00AJQ34P8	2.0
0768403235	NaN
0768425026	NaN
B00J1PNPPC	4.0
B00BUAQAVC	4.0
142012322X	2.0
1420123238	3.0
1401235158	NaN
1559585595	NaN
0062229907	4.0
B0062WBRXE	3.0
B00GLEX600	2.0
1771551402	4.0
1781846774	4.0
0768425018	NaN
B00BPAAVDK	4.0
B00E7CW6ZE	3.0
1250008964	2.0
0141394811	NaN
0451238435	4.0
1482767171	1.0
0062245171	2.0
B00HFUAODQ	1.0
B00B7NIBEG	3.0
0768403243	NaN
1496045823	4.0
0345407970	NaN
0373294115	3.0
1490383700	4.0
1453887660	NaN
0373297629	3.0
0373124538	4.0
037329543X	4.0
B00BCA1YHK	3.0
1402278543	3.0
B00EX48V3C	4.0
0062107380	4.0
B00DMPL5FO	4.0
B00A2SCRR4	2.0
1401237320	NaN
0989674444	4.0
B00CGFEI0U	3.0
B00BBS30ZW	3.0
0449703746	NaN
0061084409	NaN
0151008116	NaN
0425252035	NaN
B00CRQ99I4	4.0
B005M65YYE	3.0
1940099048	2.0
0143121162	NaN
0345543793	3.0
0373296320	3.0
1490439838	4.0
B00EHHKJ1C	1.0
0425235939	NaN
0440245478	4.0
0312605889	4.0
0804833621	NaN
B00K3698M2	4.0
B004SQTBIO	NaN
1483912345	4.0
0768437466	NaN
0768438799	NaN
0071455396	NaN
1401238645	NaN
0061963119	4.0
1611097940	NaN
0768427657	NaN
1938786688	3.0
B006ZOSVFG	2.0
0768425476	NaN
B00JA47YRO	2.0
0768413028	NaN
0768438306	NaN
B008EEM5QG	3.0
B00I7JK0FG	3.0
B009A1A17C	NaN
1607066017	NaN
B00AEH0JPU	4.0
0804833613	NaN
B008QYARFK	3.0
0373285698	4.0
038533513X	NaN
1416567038	3.0
1934912352	2.0
1475006314	NaN
B00A3MVBF8	3.0
1401204457	NaN
B00EBRKWEC	4.0
1492955949	4.0
1401244084	NaN
1492720321	3.0
B00957UAMM	2.0
1480529699	5.0
B00FWSTTKM	2.0
0060732105	3.0
0380781220	4.0
B00EBSOLFW	3.0
B00ADXI7B8	4.0
051513421X	3.0
1492772844	3.0
B00CNWGCNW	3.0
0768436109	NaN
1939786096	5.0
B00B8ZR41E	3.0
0768439612	NaN
B009LX9GES	4.0
1475252757	3.0
1490940499	4.0
0451527925	NaN
1493761978	5.0
B005OC5QXK	2.0
0380795833	4.0
0743480953	NaN
0310214599	NaN
007135428X	NaN
0778313530	NaN
B00K9NWRHW	5.0
0758226969	NaN
0451204670	NaN
0768441218	NaN
B00EJ32J2Q	2.0
B008AL1SVQ	3.0
1607060760	NaN
076844120X	NaN
1402278519	5.0
1495476901	1.0
B007E2WW6W	3.0
1493659456	3.0
1611189837	5.0
1570628777	NaN
B00DCBMEQW	4.0
B007TX62R6	4.0
0768426766	NaN
1620152193	3.0
B008A9FTFY	NaN
B00I481H7A	3.0
1596915854	NaN
1570033692	NaN
B005NWIBF6	NaN
1495377466	3.0
0985726717	1.0
0768441226	NaN
0451239741	NaN
1479245712	3.0
0345308077	3.0
1592797849	3.0
0373297203	2.0
B005LQ99U0	4.0
B00AMAN424	NaN
0439064864	NaN
B005342GPA	NaN
0615885942	4.0
B008YRVG6S	3.0
0373128959	4.0
B00I52PPT6	2.0
0615953670	3.0
0373776675	4.0
0768424577	NaN
0062219278	4.0
0373793197	4.0
076842674X	NaN
0768441234	NaN
1402264771	4.0
1612184731	3.0
0768437881	NaN
B00FWEG7OW	3.0
1414323611	NaN
1401233813	NaN
0983524092	4.0
1576830284	NaN
0425217639	3.0
B00BRQ5MFE	2.0
1484861388	4.0
0941196038	NaN
1250009898	2.0
1937879003	NaN
1490965386	2.0
1619354179	3.0
0768441242	NaN
B00KO0G82A	4.0
B00C5J1KPI	4.0
B009QNY9FO	3.0
B00AY7OZMI	3.0
0768436540	NaN
B00CIAN7ZU	3.0
0768432189	NaN
0143034901	NaN
B0055V3R1I	4.0
0768403618	NaN
B004MDLTD8	3.0
B00AMV06W4	3.0
0785168281	NaN
0373132573	3.0
B00KPEW1XA	2.0
1402286589	3.0
1481912755	4.0
B00GAFBZGM	3.0
1941098126	2.0
B006OP8PCA	4.0
140123075X	NaN
B00HWI04XQ	3.0
B00FHIZMP8	3.0
1497310598	2.0
0446581143	NaN
B006JR6G56	3.0
1439197512	NaN
0060014156	NaN
B00KGREQZW	5.0
0307346609	NaN
0140230270	NaN
0768441269	NaN
0768442117	NaN
B00FLM575K	4.0
0768437857	NaN
B00APPO6KU	5.0
1469241943	NaN
B00DOPN3Q6	3.0
0671737821	4.0
B00AZR2ZVK	2.0
0312206135	NaN
1483983951	3.0
1476761779	4.0
0743456815	NaN
0821741535	NaN
1592537251	NaN
B00IIUBPHG	3.0
B00JK2Y532	2.0
B008O55NAU	3.0
B007SXANNQ	4.0
1937879038	NaN
0768441277	NaN
B009WQ4OUU	3.0
B00JX9ILWS	5.0
0985352000	2.0
0768436516	NaN
B00CA6YYIQ	3.0
1489555293	1.0
1612184774	4.0
B00K5Y821A	3.0
1416516115	4.0
0425264831	2.0
1468118137	3.0
0373295898	3.0
0446600962	NaN
1401241891	NaN
0062222473	4.0
0768441285	NaN
0768426707	NaN
1440557373	2.0
0307387178	NaN
B00EFKOFLQ	2.0
1402264747	4.0
0060936428	NaN
0811864286	NaN
B004S7AYTI	4.0
0615935834	1.0
1483919382	2.0
1481839020	4.0
1612184782	4.0
B009YAQOC0	3.0
1612186963	4.0
140123383X	NaN
0425247023	NaN
0373120133	4.0
0988761955	4.0
0768437830	NaN
B00D7WKQRA	3.0
B00E6EG2O4	4.0
B00DAIUG08	3.0
0451222458	4.0
B00D7FX65G	5.0
0768441293	NaN
0942256107	NaN
0062202413	3.0
B00D54THLQ	3.0
1927461065	3.0
0988761963	4.0
0312330197	NaN
0345275136	3.0
B00GY5W7BA	1.0
0316083275	NaN
0062049895	4.0
B009XLK3VS	4.0
B00769KFS0	4.0
B004S81YHI	4.0
B00GGR6U64	3.0
0399159126	4.0
B00APIVR1S	4.0
B00E3C2O7S	3.0
1250016126	2.0
B00BQMOHNC	3.0
076843212X	NaN
160706863X	NaN
1402273223	2.0
0373527160	3.0
B00BCNE2HG	3.0
0768424984	NaN
B00I93MJ22	4.0
0373123671	4.0
0312605862	4.0
0553386522	NaN
B005Z7TES2	NaN
B00IDHI2KC	1.0
B00ADF4I9G	4.0
0756682614	NaN
0972121161	NaN
0263878309	3.0
1484116372	1.0
0385338252	5.0
0451199618	4.0
0373123663	2.0
0451173007	4.0
0373124996	4.0
B008WDTBOI	3.0
0768424976	NaN
0373277350	4.0
1439102767	NaN
B0097YBL6M	NaN
B00DP8R3P4	3.0
1936070111	NaN
1452645493	3.0
1496139542	4.0
B00B7K2UQY	NaN
0874774942	NaN
0768436958	NaN
B009A21KSK	4.0
140226383X	5.0
006447187X	NaN
B004K1FIB6	4.0
0768422787	NaN
0768442176	NaN
1480259039	5.0
0615365825	NaN
098488789X	5.0
0373129432	2.0
0451218248	4.0
0061215309	NaN
1607068095	NaN
B007RXN5SC	3.0
B00EMIRE14	NaN
B00IM1TT24	4.0
1451698380	3.0
1477653678	3.0
038517926X	NaN
B007NXKA0W	5.0
B00HETD1CO	2.0
0671003364	5.0
1596681799	NaN
1492108421	2.0
1494289105	4.0
B005JFMPYU	2.0
1491055189	2.0
1481207474	4.0
B008EKMC0O	4.0
1401310052	NaN
B008ELI4E6	4.0
B004S7F2VS	NaN
B008PGB4BU	1.0
B00J48G2G0	3.0
0736952837	NaN
B00ID8MA0Y	4.0
B004K1FICU	4.0
0768424941	NaN
B00FGFYIS4	5.0
B00A13UOVG	3.0
0062122908	4.0
B007BDL8XM	4.0
B002GJRZOM	4.0
0373131755	4.0
1493548670	2.0
1416916237	NaN
1490909265	3.0
0425251616	NaN
B00B0Q8ZEG	NaN
B006NPVTE2	4.0
B00BKRMEJM	3.0
1494919656	3.0
1482318687	4.0
B00IZGQ1HM	3.0
031604007X	NaN
1401240275	NaN
B00I44QW9M	4.0
0373127286	3.0
1492910368	2.0
B006G0DFY6	3.0
B00DV1ISZO	3.0
042526050X	NaN
1401242456	NaN
B0099THKBU	4.0
0985575816	3.0
1483975495	3.0
1470187671	4.0
0987867318	3.0
0399164456	NaN
0805096663	NaN
0143116231	NaN
1402263805	4.0
0062219340	3.0
B00G0KFXF6	3.0
141659518X	NaN
0768424925	NaN
1401240283	NaN
0373129475	4.0
0373131771	4.0
B00GCG7NP6	3.0
0671617087	4.0
B00BFQAN7S	3.0
0989104478	3.0
0451464877	5.0
0263877957	5.0
1451678711	NaN
0316093440	NaN
045123166X	5.0
B008DBJHZC	2.0
B00GH2UEMO	3.0
030728364X	NaN
B009K9A0EI	4.0
0373129483	4.0
0758209827	2.0
B00989J3PM	4.0
147825954X	4.0
B0087QK9AA	3.0
1476763623	2.0
0768424917	NaN
0768432537	NaN
1118277554	NaN
1494469170	3.0
B00BFZS84Y	4.0
0451229371	4.0
0099457156	NaN
B00C4G79F2	2.0
0062034669	2.0
0768432529	NaN
1402270127	3.0
1490947558	3.0
0615723055	3.0
141656795X	NaN
1481859242	4.0
B00G8BHJB8	3.0
037313178X	4.0
0312853238	NaN
0373131798	3.0
1599987953	4.0
0615723063	4.0
0768427185	NaN
0553444867	3.0
0553371320	NaN
0312549261	3.0
B00FIL6SRA	3.0
0373294735	2.0
0373239017	4.0
B00AA0VB8U	4.0
B00C8A8IIG	1.0
B00HGI1FP8	2.0
B00KOSOX2O	3.887931034482759
B00DK8AQ94	4.0
045123958X	4.0
0768404045	NaN
0373123280	4.0
B00BMGA0QU	5.0
1402268696	5.0
0263868141	4.0
0373296029	4.0
1938618033	4.0
1402258402	3.0
0345543939	4.0
0992106818	4.0
0768431662	NaN
1939820227	4.0
1480230219	4.0
0446580848	NaN
0062273248	1.0
B00ENVYVHA	4.0
1479209716	NaN
B00785X18S	3.0
1440555702	3.0
B009I41WB0	3.0
0615822207	2.0
0373297343	2.0
0972072837	NaN
B0061EKDB0	3.0
148398348X	4.0
B008O9ALXA	NaN
0754048772	2.0
1481208721	4.0
0373125003	5.0
0615429505	NaN
0373605390	NaN
1603424687	NaN
038079263X	2.0
B00KY1FBEU	4.0
076273566X	NaN
037329736X	3.0
B00J8OVF62	4.0
1620610574	4.0
0778316173	3.0
0768427150	NaN
0768431646	NaN
B005ORMBZ6	4.0
B009H516LG	2.0
0768438276	NaN
1494436698	3.0
1478355395	3.0
1933563494	4.0
1492740357	4.887931034482759
1497592380	2.0
1432734822	NaN
0446554995	NaN
1482782294	4.0
B00GQP08AU	3.0
0743448758	NaN
1596680407	NaN
0981963196	NaN
0451207971	4.0
1570763925	NaN
B00ANAXZPY	4.0
B00BWG9QP6	NaN
B00H2JHRQC	4.0
1420118803	3.0
0380811073	5.0
1594482306	NaN
1401235360	NaN
0714531146	NaN
0380792621	3.0
0062202073	4.0
B00835RNJ0	4.0
B00FK1ZRXY	3.0
037370609X	4.0
B00BYHCSQ2	3.0
0768427126	NaN
B00D7GHT30	3.0
B00KM0YGV2	2.0
B00JYYM6NC	1.0
145389523X	NaN
1494807017	3.0
1401214894	NaN
B000OT7TOM	4.0
0425252043	NaN
0768427118	NaN
1492372080	4.0
0768439582	NaN
B00I6ZJ6GK	3.0
0061234923	5.0
037313083X	3.0
1402268661	3.0
B006VJN29A	4.0
0425270734	2.0
0156031175	NaN
B00H0R8AFS	3.0
1492188123	NaN
1492388416	3.0
0890878498	NaN
0140445358	NaN
0987803751	4.0
0768437393	NaN
0768431603	NaN
1401224202	NaN
0684831686	NaN
B00A159B1I	2.0
B00H6DAPH2	4.0
0992106834	2.0
1494714361	1.0
0786006676	2.0
B006EEYM9G	NaN
1481118919	4.0
B00KI9H1FU	2.0
B00J8N6SIS	5.0
0451170644	4.0
B009YMFSDO	5.0
B00JIV2YA6	5.0
0373131712	4.0
B00D89OGDC	3.0
034536676X	NaN
0971227802	NaN
1493643274	4.775862068965518
0393319288	NaN
0768428424	NaN
B00BFGMFX8	3.0
B004PGO2A4	2.0
0768427576	NaN
B004PYDSAQ	3.0
0768426251	NaN
B00IZPSOYQ	3.0
B00C8HYCU2	3.0
0988218208	4.0
1452610304	NaN
0425268888	5.0
1484909917	1.0
1476732027	3.0
1490506535	3.0
B00IK9XLZ4	5.0
0768403596	NaN
0373795092	4.0
B005LKMR64	3.0
0989776018	5.0
0768403111	NaN
0451212150	2.0
B00CCRTFSC	3.0
B00AYEBNBW	3.0
0758272766	NaN
0768438217	NaN
B00HYJXLQ0	2.0
1424130492	3.0
080217051X	NaN
0446389234	NaN
0373777671	5.0
B006RUU8Z4	NaN
0373123795	4.0
0373124643	4.0
0768437369	NaN
0446584355	4.0
0755304853	2.0
1484055268	3.0
0768432901	NaN
B00KR2HUQS	3.0
B00631VUB8	4.0
1940695082	3.0
B008T0YW0W	3.0
0768442613	NaN
0425251276	5.0
076843601X	NaN
193721611X	3.0
B007IVP7HU	4.0
B00629ZTOU	3.0
0991192818	3.0
B00F9WQWCY	2.0
B0095B56JU	3.0
0385335482	NaN
B0066HBGCM	3.0
1402268637	5.0
1570620725	NaN
B00CTE71XE	4.0
1602020566	NaN
B00KYFNFW6	5.0
B00BTMGBD8	3.0
1481032585	1.0
0768427541	NaN
0451467582	4.0
0240811593	NaN
1496112512	2.0
B00E3YCDQI	4.0
1478347813	4.0
B001J1S7Z4	3.0
0060883529	NaN
0263891429	3.0
0451214781	3.0
0373124201	4.0
B00CKVCZG4	4.0
0312534140	2.0
1489538224	4.0
B00IBHSZ4M	2.0
0768427533	NaN
0768426685	NaN
B0083PUCCA	NaN
B00GPDSTZO	4.0
B00ALD1DIE	4.0
0671865080	2.0
0924748346	NaN
0768441307	NaN
037352790X	4.0
1495319083	4.0
B00G0TI2I2	3.0
0615714951	4.0
0373297769	3.0
0768438667	NaN
0373777205	NaN
1420114840	4.0
0988223635	NaN
1481904671	2.0
B00H02G9LA	3.0
0768441315	NaN
0451415086	NaN
0768423171	NaN
1480588032	3.0
1419970585	NaN
1492221600	4.0
1492255874	4.0
149742108X	5.0
B00FY8MAW4	3.0
B00D8T3GQU	5.0
0768427517	NaN
0983074100	3.0
1401237010	NaN
0991677196	NaN
0768441323	NaN
B00BAT1S8S	4.0
B008VTIJUU	2.0
0062326201	4.0
0768440475	NaN
0425251233	2.0
B00HG1T0UW	NaN
0399159894	NaN
0393052761	NaN
0768437318	NaN
0983212546	4.0
1477589031	4.0
0240812492	NaN
1401237002	NaN
0615903797	1.0
1477818375	3.0
0373777647	4.0
B00A6KQUIK	3.0
0768427509	NaN
0768403537	NaN
0768426650	NaN
0768441331	NaN
0768440483	NaN
0553808036	NaN
1492287881	4.0
1492159204	3.0
0062072900	3.0
B002C04RZU	4.0
B009S89D94	3.0
B00ALTVIJM	3.0
B00LBSDE0S	2.0
1442439890	NaN
1616147296	NaN
1484021479	3.0
1482309424	4.0
0778315606	3.0
0979886996	3.0
B009SYT7TY	4.0
B00BQKNK78	4.0
B008ZR7OPO	4.0
1477807276	4.0
0768439957	NaN
0373297327	5.0
0924748303	NaN
B003Z6QLA4	5.0
B00H7K5UB0	3.0
B0091E9XHW	3.0
1401245080	NaN
1401237061	NaN
0380783398	3.0
B00EXTVSHI	3.0
0373129025	5.0
B00I6SZ6M0	4.0
0399161309	NaN
093402667X	NaN
0768403510	NaN
0768441358	NaN
0768437768	NaN
B00FTZ8JCM	NaN
0425251209	5.0
1499105878	5.0
1603427384	NaN
0062072927	3.0
1402270097	3.0
1932907467	NaN
1401240240	NaN
0373130007	4.0
B009OZN6DA	4.0
1481960741	4.0
0768424445	NaN
B00EN0TSGU	3.0
1401237053	NaN
1601545339	3.0
055329430X	5.0
B00EJ27LV6	3.0
1483957993	NaN
B006KA0W5C	4.0
0768441366	NaN
0671003755	NaN
B00ALTVJ8C	3.0
B00BR3AT9G	3.0
0373125909	4.0
0768436427	NaN
B0094WNONK	4.0
B00ALTVJ8W	3.0
B00D7OFBBY	2.0
0062223879	5.0
0345535871	4.0
146815477X	3.0
0689821344	NaN
B0099GXVES	3.0
0345533232	5.0
B009N1XUJ0	2.0
1601548877	3.0
B0081KZD7G	4.0
0768441374	NaN
0743471083	4.0
0768439922	NaN
1462112102	4.0
B008WW3WBM	NaN
B009YLFHXG	2.0
1601549725	5.0
0373132220	4.0
1492847062	4.0
0062203819	NaN
B00BJWZI6E	2.0
0768436893	NaN
0373776764	1.0
B00E9GQQ9K	3.0
B004CFBINC	4.0
1476725365	4.0
0615806627	3.0
0446525537	NaN
B00HMXLW9Q	3.0
037313049X	4.0
B00805366C	2.0
0312534531	1.0
B0077TPK5M	3.0
B00G7RPZYQ	2.0
0768432049	NaN
0345502590	NaN
148021468X	1.0
037312905X	3.0
B00E3KE91Y	2.0
1480133647	3.0
0451408381	4.0
076844005X	NaN
0768431190	NaN
B00J9YWGTQ	1.0
B00K7CZ1T6	4.0
1583142495	NaN
B00H3P80UC	4.0
1250002095	3.0
0768424895	NaN
B00ANN30R4	4.0
0263882918	4.0
0786032464	NaN
B000OT8GBC	4.0
0768432030	NaN
0615779484	3.0
0141301120	NaN
098911063X	3.0
1440581584	3.0
B00GGRBCNU	3.0
0985343419	4.0
B00BAT1SB0	3.0
1597803359	NaN
1935171690	3.0
1401237096	NaN
B00DYA6OAS	3.0
0425115801	NaN
1493600915	4.0
0451201450	4.0
B00I7SY10C	4.0
1499556306	1.0
B00IOV8JTG	4.0
0061728608	NaN
B00BNDPQVG	3.0
1481933132	4.0
B00AT6GRQG	NaN
0768440084	NaN
B008GTHB36	3.0
140123707X	NaN
B008195BIS	3.0
1604596910	NaN
1491091673	3.0
0768437709	NaN
068764853X	NaN
0451204948	NaN
B00FDXPUYU	4.0
1492373877	3.0
0843943661	4.0
1493664522	NaN
B00JHP9BM2	2.0
0373132263	3.0
0446583405	NaN
0768432499	NaN
B00FJOB53I	3.0
0821761455	4.0
B0057QO8Q4	3.0
B00C8OZB7I	3.0
B00HUHVI5M	4.0
0451407040	3.0
B00GXEP05W	4.0
B00ICAU4F6	4.0
B00IWAATKG	3.0
0451201426	3.0
B00CMU1IN4	4.0
1494358220	4.0
0768436842	NaN
B00LD6IYUS	3.0
0768432480	NaN
1477695060	4.0
0373294212	3.0
1442359315	NaN
0312380526	NaN
1483914836	4.0
1477502378	3.0
0768431158	NaN
B00HDDLONY	4.0
B00BH0VTQG	3.0
045123782X	NaN
