0743279778	5.0
0811840026	4.0
0446555118	5.0
0743281616	5.0
0749319747	4.0
0684853779	4.0
0060142782	5.0
0805450009	4.0
1938067363	5.0
0785823042	4.999999999999999
0609804138	5.0
0805093079	5.0
0152053107	5.0
0446577391	5.0
0847826465	5.0
140004443X	5.0
0399149155	4.1017964071856285
0451173139	4.0
0061986836	4.0
0756620597	5.0
0374281394	5.0
0399151451	5.0
0349139164	4.0
0312187106	4.0
0553108301	5.0
0156013282	5.0
031232359X	5.0
0553278002	5.0
0812973437	4.0
0399153624	4.0
081181503X	5.0
0143120867	5.0
0399152776	5.0
037543318X	5.0
B0034G66YG	3.0
0002007770	5.0
0449211177	4.0
0451197127	4.0
0393057941	4.0
0743290119	3.0
0684859068	4.0
0373831846	5.0
0449206610	5.0
081462779X	4.0
0451411188	5.0
0802483445	5.000000000000001
0393010430	5.0
1620878070	5.0
0618068872	5.0
0394528360	5.0
0307704254	5.0
1939795257	5.0
0345482980	5.0
0399143823	4.0
0312986033	5.0
0060199695	4.0
1580084893	4.0
0765328615	3.0
051513175X	5.0
0809104857	5.0
1933515228	5.0
0306818809	4.0
0399154531	4.0
0143142232	3.8250825082508246
0742546462	5.0
1559390735	5.0
0671775928	4.0
0375400206	4.0
0375704949	5.0
0446348325	5.0
1451628587	5.0
0140185887	5.0
032194206X	5.0
0446532037	3.0
0307337073	4.0
0061628689	5.0
0786134828	3.0
3438053039	4.0
1493698486	3.0
1492831506	5.0
0696233940	5.0
0811865770	5.0
0345412680	4.0
0142400017	3.0
141656103X	4.0
0300115962	5.0
0307376656	5.0
0553381466	3.0
0025853503	5.000000000000001
0375704965	5.0
0801856531	1.4774088187261838
1439193886	5.0
0345535154	5.0
0312655452	5.0
0961696702	5.0
0312379145	5.0
0060899220	4.0
0312655479	5.0
0805082395	2.0
0439266440	4.0
0007430671	4.0
0821772953	2.0
1937856690	5.0
0375704973	5.0
0316734942	5.0
0380732858	4.0
0743245539	4.0
0380814889	5.0
0446600660	5.0
0099451751	5.0
0375414827	5.0
159403060X	2.0
0470522836	4.0
0061663417	5.0
0802170293	3.0
0316009571	3.5874587458745872
0062064851	5.0
0804119945	5.0
0743422066	4.425925925925926
0446555126	5.0
1566915198	4.999999999999999
014200166X	5.0
1933615435	5.0
0399166963	4.0
0399142533	4.54323499491353
0804120935	2.0
1480435481	5.0
078884296X	3.0
0061791768	5.0
0440226023	4.0
0446564079	5.0
0385332793	4.0
0809105349	4.0
1580087086	5.0
0399145621	2.0
0340564067	5.0
0345376048	1.0
074341134X	5.0
9401413967	5.0
0446563137	2.9999999999999996
0345434498	5.0
0807609951	5.0
0596006187	3.0
0195282809	4.0
0151014981	3.0
0060984384	5.000000000000001
0312591330	3.0
0312376960	5.0
0061544450	4.0
0451185196	5.0
0143036556	4.0
1558324151	4.0
0762104201	4.0
0399153233	4.0
1935597647	5.0
0465016316	1.0
0811829634	5.0
1612187218	4.0
1584790830	5.0
0316153990	5.0
0099416158	4.0
009953682X	5.0
0345423348	2.0
0099534630	5.0
0143057464	5.0
0060199296	5.0
031298250X	4.0
088184747X	5.0
080913912X	4.526960784313725
0465006957	2.0
0330412701	5.0
0446527033	5.0
0936184809	5.0
0142003425	5.0
1433524724	5.0
0143143956	4.0
0312266073	3.0
0140282610	5.0
0590642510	4.0
0373732449	3.0
0446530689	5.0
0425126064	4.0
0452285216	5.0
0829416455	3.0
0062225286	3.0
6071120330	5.0
0399153691	5.0
0143034359	5.0
0743222008	5.0
1590520173	4.0
B009JST8MK	5.0
006212109X	3.0
0307476049	5.0
0142003417	4.0
0307277232	5.0
0393019659	4.0
1576738906	4.0
0743235355	4.0
0340953950	3.0000000000000004
0547580991	4.0
0671692658	5.0
0802120466	4.0
0399153284	5.0
0671786660	5.0
0446364495	3.0000000000000004
0312044194	5.0
0446532436	3.0
1400040965	3.0
0007205236	5.0
0765317958	5.0
0394552016	5.0
0373210345	4.0
0142003441	5.0
0446530263	5.0
1612182801	5.0
0345457587	4.0
0099462494	5.0
1596985518	2.0
0374184216	5.0
0451203070	1.0
0446604658	5.0
0743411323	5.0
0688157920	3.0
1402271727	5.0
0380818841	5.0
1401303277	5.0
0312981627	5.0
B00G2CU49M	5.0
0963784625	4.0
0517179865	5.0
0689862687	5.0
0970049420	4.999999999999999
0764557432	4.0
0312244266	4.0
047018549X	5.0
0380818833	5.0
1560259795	5.0
0307969622	4.0
038551140X	5.0
0898705770	4.999999999999999
0312373449	4.0
0525947752	5.0
0446402389	4.0
0449149919	3.0
1884822975	3.0
0316014508	3.0
0451205235	3.0
1929631057	4.0
0765312239	4.0
0060937173	3.0
030738201X	5.0
0385339704	5.0
0743203321	4.0
0143112465	5.0
0307277674	3.7755946225439496
0451215540	4.0
0316155306	5.0
0143113313	2.0
0446609501	4.0
0743226445	4.0
0399148612	4.0
039304856X	4.0
0936184752	4.0
0894803123	4.0
155571532X	4.0
0789743086	4.0
1492248177	5.0
0553100009	4.0
0312205406	5.0
0399155384	5.0
0310330149	4.0
0789743094	3.0
0345538196	5.0
0399155392	4.0
0965658287	5.0
0691122946	5.0
0141004924	2.0179171332586785
0060984309	4.0
0132354977	4.0
0201633469	5.0
0060959355	5.0
0785349243	4.999999999999999
0446583146	5.0
156980057X	5.0
0446611816	4.1749174917491745
0679449310	4.0
0821775138	1.0
0767925378	3.0
0312289901	3.0
1579180558	2.0
0399150927	5.0
0399159738	4.0
039915972X	5.0
0679450319	5.0
159448550X	5.0
0060765240	3.0
0312319517	5.0
0446514152	3.0
1476745005	5.0
0700614745	5.0
0393332152	3.0
0385498861	4.0
1250003482	3.0
0446519839	5.0
0375404155	5.0
0140866205	4.0
0345542223	4.0
0439555124	5.0
0060584750	4.025974025974026
0786868260	5.0
0349000328	5.0
0684831090	5.0
1585422789	5.0
1584797959	5.0
0375704132	4.0
1420110195	5.0
0810944391	4.0
0385336667	4.0
031023834X	5.0
0743262506	4.0
0142003387	2.0
0812979680	3.0
0385327730	4.0
0743550404	3.0000000000000004
0440235448	5.0
0061964271	4.0
1883011876	2.0
0312958382	5.0
0965658279	5.0
0374382522	5.0
0312193440	5.0
0671510053	4.0
0375407650	4.0
0385336675	4.0
0195145976	4.0
1932112111	4.0
1453505350	4.0
0688168957	2.0
0140071075	3.0000000000000004
0767903145	5.0
0140071083	5.0
0312193491	1.0
0689711301	4.0
0553274872	5.0
1250039029	5.0
080063490X	4.0
0340825588	4.0
0930921119	2.0
0471413569	2.9999999999999996
0399146466	4.0
0307741184	5.0
0312352573	4.0
1578151317	4.0
0553212168	2.0
0613171373	4.0
0440237602	4.0
0684856344	5.0
068483233X	3.0
1592400043	4.0
0316969680	4.0
068981321X	5.0
0340712538	4.0
039915180X	3.884939195509822
0066620694	5.0
0307955893	4.0
0736903283	3.0
0848731034	5.0
0764224654	5.0
0143034308	4.0
0143058754	5.0
0399148639	5.0
0060176938	5.0
0306818035	5.0
0091794463	5.0
0385515057	5.0
0192802046	5.0
0375405445	3.0
0743269187	5.0
0375890246	4.0
1585742619	5.0
044102226X	5.0
0307275000	5.0
0061013412	4.0
0060766123	4.0
031231292X	2.0
0786719796	5.0
0312983751	4.0
1592400019	5.0
076422378X	2.0
846665223X	5.0
0935278435	4.0
0312938756	2.0
0525951059	4.0
0312283784	4.0
0375500510	4.0
0060194367	5.0
0553095889	5.0
0061727679	5.0
1612183646	4.0
0451200446	4.0
0345478991	5.0
0140296468	4.0
0345410963	4.0
0312319142	4.587458745874588
0316601039	5.000000000000001
089870491X	4.999999999999999
0871318792	1.0
0312383703	5.0
0553295772	4.54323499491353
0786017163	4.0
0963401912	5.0
0060527331	2.0
0446527858	3.0
0312380666	5.0
0399147357	5.0
0857208675	4.0
1883206588	4.0
0385501293	5.0
0671035452	5.0
0060596341	5.0
1572433140	4.0
0142800082	4.0
0804111200	5.0
044630557X	5.0
0375508414	5.0
0312950489	3.0
1930865538	5.0
0743567218	5.0
1416550402	3.756909992912828
0380598655	4.0
0345532023	5.0
1565125681	5.0
0743243838	4.0
0446614912	5.0
0881887579	5.0
1451628684	5.0
0898704901	3.0
1935302493	4.999999999999999
0446580058	4.0
0226410412	1.0
0345532031	5.0
0385313187	5.0
0718107764	4.0
0345532015	1.0
0399150986	4.0
0312377037	4.0
006219965X	3.0
0307461351	4.0
0451210220	4.0
0679429743	3.0
0345420748	4.0
0374251428	5.0
0060394072	5.0
0307378411	4.0
1449728057	4.0
0684871580	4.0
0671456547	5.0
161109948X	2.0
1440533156	2.0
0060539755	3.0
031253907X	4.0
044023851X	4.0
0006479758	4.0
0061093580	4.0
0761516042	4.999999999999999
1467950831	3.0
143913765X	4.0
0812970497	5.0
1285428331	4.999999999999999
042515405X	5.0
051512558X	5.0
0988305003	5.0
0312352174	3.0
0826211151	2.0
0553560247	4.0
0345534212	4.0
0805416528	2.0
0307949141	5.0
0399150560	3.0
0307591972	5.0
0743238087	5.0
1589232275	5.0
014310487X	5.0
0812973992	4.999999999999999
1935170007	5.0
0307343359	4.0
0811708861	5.0
0615139493	5.0
1595230165	4.0
0231133804	5.0
0671743074	5.0
0879736550	4.0
1771520094	5.0
0813341043	5.0
0399151885	5.0
0345475461	4.0
0553714430	3.0
0156026112	5.0
0061003689	5.0
0062048317	3.0
0312319169	5.0
0192115790	5.0
0312041462	5.0
0312427794	5.0
1618930850	5.0
0743222970	5.0
0375500901	4.0
0743453972	5.0
0312970048	3.0
0345428285	5.0
0446362778	4.0
0764224247	4.0
0307718344	2.9999999999999996
0399151877	2.0
0786023422	4.0
0679451218	4.999999999999999
0192719580	5.0
0375402314	5.0
1416542841	5.0
0345325222	4.999999999999999
0143124463	5.0
0743520149	5.0
0805073396	5.0
0393329879	5.0
0525480080	5.0
0399152679	1.0
0670024872	5.0
0312863691	5.0
0743439651	2.0
1416563792	5.0
044657967X	5.000000000000001
0061098027	4.0
1412040558	5.0
1416541527	5.0
0312301448	5.0
0060924810	4.0
0842356223	3.0
0800795318	3.0
0375506764	4.0
0786705787	5.0
0743453956	4.393225331369662
1584792965	5.0
0743235606	4.0
0333738845	4.0
039455583X	5.0
0385720327	5.0
1416562451	4.0
0446519138	3.0
0300089678	3.0
0446612103	3.0
067102535X	5.0
1119992761	4.0
038071843X	5.0
075969222X	4.0
0195140826	5.0
0786866772	2.0
0316603287	3.0
0609610252	5.0
0345533054	4.0
0448095238	5.0
037540807X	2.0
0060888644	5.0
0671023195	5.000000000000001
0465041213	4.0
0847829863	5.0
044809522X	5.0
0793513294	5.0
0060506695	3.0000000000000004
0195146166	4.0
0671023179	5.0
0140274065	4.0
0375756450	4.0
0446525804	4.587458745874588
0553588249	5.0
0061582417	5.0
0743243676	5.0
0143143670	5.0
0142428922	5.0
0060920432	5.0
0446533424	4.0
031242082X	2.0
0786893931	5.0
0448095211	5.0
0316044695	5.000000000000001
0143144529	5.0
0316058858	4.0
0385319673	5.0
1118517717	5.0
0553109731	5.0
006056458X	3.0
0345443454	1.0
0345442121	5.0
0091554802	5.0
0060987103	4.0
0028610156	4.0
157131606X	5.0
0330444085	5.0
0765327643	3.08646998982706
0821738933	2.0
0007228880	3.0
0312253486	3.910194174757282
0151004692	5.0
0375713301	5.0
0449214540	5.0
0143142356	5.0
0425269566	3.0
1558322035	4.0
0312092393	5.0
0696238292	5.0
1412088763	5.0
0142002631	5.0
0385323719	3.0
0316159786	3.0
0312268971	5.0
1451663471	5.0
0312934920	5.0
0806523212	3.0
0670033316	1.0
0684818868	5.0
0316011770	5.0
0060564571	5.0
0743202708	4.0
0143142372	5.0
0307273601	2.0
1400067251	5.0
0345411463	5.0
0634049364	4.0
0425196933	1.0
031615976X	4.587458745874588
0399132635	5.0
0316710628	4.0
1595581030	5.0
0316159778	4.0
0375503226	4.0
0060609176	3.0
0847825043	4.0
0809094665	2.0
1476706433	5.0
0446611689	4.0
1440531943	5.000000000000001
0810944758	5.0
B005JVSU2U	4.0
0786015306	2.0
1594488274	3.0
0060924837	5.0
0345465253	5.0
0142003506	1.0
0007410956	5.0
0887766099	4.0
0060566728	4.0
031225346X	3.969147005444646
0380787423	5.0
1862048193	5.0
1460979370	5.0
0676976158	3.23818407960199
0060187166	4.0
0316159794	5.000000000000001
0805076824	5.0
0441016154	4.0
0873640020	4.0
0316013935	4.0
1118274296	3.0
0765341972	4.0
0786891327	5.0
0060761350	5.0
0143059165	3.5432349949135307
0439439825	4.0
0684849119	5.0
0922356807	5.0
1937538192	4.999999999999999
0743233492	3.0
037570745X	3.0
030726999X	3.0
0684810522	5.0
0743214730	5.0
0061098426	2.0
0062207970	5.0
0316926086	5.0
0316601950	4.0
0231124694	5.0
0399143793	5.000000000000001
0062073699	4.0
0977465780	5.0
0671019546	2.0
1616056118	5.0
1416573186	5.0
1932112324	3.0
0380732378	4.0
0553502859	2.4168765743073046
1455522090	5.0
0446363251	3.0
0385494580	4.0
1620402807	4.0
1439171955	4.0
0521584361	2.0
0873640845	5.0
0395759242	5.0
014101587X	4.0
0345383044	4.0
0446531642	2.0
0743434382	5.0
0812545370	5.0
1416565116	5.0
0316017922	3.0
0060012781	4.0
1582345112	5.0
0060193867	3.0000000000000004
0743434374	5.0
0307587711	5.0
034546706X	4.0
0345480058	4.0
0521821991	3.0
0060803681	3.0
1579123228	5.0
846664671X	5.0
0743226712	4.202567760342368
0743202767	5.0
014029807X	5.0
0399151397	4.412541254125412
0758203934	4.0
0307277186	4.0
0345433262	5.0
0061284173	5.0
0380800160	5.0
0743434366	5.0
1250026628	2.9999999999999996
0935216146	5.0
0374378061	2.0
0380731479	4.0
B00FG8F0TW	5.0
0072121270	4.0
0806526793	5.0
0140250948	5.0
0374105235	5.0
0756685591	3.0
0553238035	4.999999999999999
0814625045	1.0
0760303266	4.999999999999999
0877733759	4.0
0802713327	5.0
1567311180	4.0
0375724842	5.0
0811816486	3.0
0140259775	4.0
0312245475	5.0
0743446313	3.0
1589236084	5.0
030726291X	4.0
0345386108	4.0
0743241924	2.0
0143039504	5.0
0670858676	4.0
0761138331	5.0
0060577487	3.0
0399153152	2.6071631608868677
044022392X	5.0
0451529243	4.0
0316713732	1.0
8420411485	5.0
0684844729	2.0
0380799014	3.0
0385494106	2.1603677221654753
0802136907	5.0
0743201485	5.0
061822632X	4.0
0895260344	5.0
1416565159	5.0
0399153144	5.0
1402737645	5.0
0099429799	5.0
0330419668	5.0
0936184973	5.0
0465031803	5.0
074327041X	5.0
0806526777	3.0
0060744871	5.0
0448095254	5.0
0415923204	4.0
0399152288	3.0
0312253079	4.0
034541103X	4.0
0439148898	4.0
0470226641	2.0
0310331862	2.0
1936296837	5.0
0762425954	1.0
1565922840	5.0
0375420894	4.0
0345452887	5.0
1620879972	5.0
0345360788	5.0
0764801716	5.0
1569479348	4.0
0345441745	3.0
0375727590	4.0
0736912916	4.0
0760753199	5.0
0425231445	1.0
0142004332	5.0
0340734272	5.0
1593764316	5.0
0140260781	5.0
0312332629	3.0
0143035983	4.0
0060392827	3.0
0446311774	3.0000000000000004
019517500X	5.0
0060731583	5.0
0765307154	5.0
1582971501	5.0
0399158766	5.0
0316693200	3.0
0345460030	2.0
0805421351	4.0
0812994922	5.0
0764524313	5.0
1936296861	5.0
0312316127	3.0
0446519960	5.0
0521174708	3.0
0064472078	4.0
0345464885	4.0
0230015964	5.0
085342120X	1.0
0312192479	5.0
0446573019	2.6071631608868677
0800732510	5.0
B002WEPG42	4.0
0312982585	5.0
0670885371	1.0
0517201690	4.0
039914675X	5.0
0312331754	4.0
1442220783	5.0
0440240913	4.0
0965649210	5.0
8466651241	5.0
0615939465	5.0
0449224813	2.0
1600571476	5.0
0743260686	5.0
060980619X	5.0
1416556249	4.0
1416534997	5.0
0979988675	5.0
045141702X	4.0
0679449868	5.0
0312252951	5.0
0060505869	5.0
0312421265	5.0
0399157484	5.0
0609603590	4.0
0740718665	5.0
0312421273	1.0
0316693251	2.0
038531129X	4.0
1438429185	4.999999999999999
1933515910	4.0
0393061469	5.0
1401301800	5.0
0230769152	4.0
0521740126	3.0
0399900578	5.0
0060745304	5.0
1561583634	4.0
1601625715	4.0
1600571050	5.0
0786867264	4.0
1414326599	4.0
0307947912	5.0
1570753113	1.0
0345524942	4.0
0312080743	4.0
0763600946	5.0
0061015725	4.0
0312567251	4.54323499491353
0143034669	5.0
037373252X	4.0
159606630X	5.0
0802120040	4.0
1416591001	5.0
1594486522	4.0
0525944877	5.0
0399156135	3.0
0375423508	4.0
1416563814	5.0
0553135643	5.0
0312674546	2.0
0970445717	4.0
162636060X	5.0
0321186486	5.0
0471383899	4.0
0307955982	5.0
0778315843	4.0
0345428307	4.0
0312567243	5.0
0553587889	5.0
0307932885	4.0
0922233179	4.0
0936184442	5.0
0399155279	5.0
0812979362	5.0
1561584940	2.0
0743422740	2.0
0385527160	4.0
0345461347	5.0
0812979354	5.0
1416563806	5.0
1592400388	4.0
0590567330	1.0
0061479934	4.0
0451157974	4.0
0060936363	4.0
0061731153	5.0
0553258478	5.0
0425198367	5.0
072253955X	5.0
0399151745	4.0
0618134298	1.0
0399149422	5.0
0740777432	5.0
0061958514	5.0
0307272265	5.0
0380713284	5.0
0470907754	5.0
0312365160	5.0
0451202503	5.0
0312422156	5.0
073946289X	5.0
1456508539	5.0
067973001X	4.0
0345408772	5.0
1584793414	5.0
0445409126	5.0
0988401932	4.0
B00F8MD368	5.0
0345533461	5.0
0062516981	5.0
0553584707	5.0
0963144901	3.0
0307743683	5.0
0316666009	4.0864699898270604
0060760958	3.1784615384615384
0446540943	5.0
0756690528	4.999999999999999
0380703475	5.0
1416545182	5.0
0312381638	4.0
0765306220	5.0
0061474266	5.0
1105337278	1.0
1400067618	2.0
0345408780	5.0
1590710142	5.0
076241572X	5.0
0312332211	5.0
0679742034	4.0
0307454703	4.0
0399150870	4.0
0786701315	5.0
0679443746	5.0
0140390316	4.0
0137142900	5.0
0307408841	4.0
0715326007	4.0
0307950654	5.000000000000001
0061373648	5.0
0060973722	4.0
0399151710	5.0
0312964781	3.0000000000000004
060980877X	4.0
0452287081	5.0
0310209307	1.0
0615542093	4.0
0613371585	5.0
0451155750	5.0
0060886889	5.0
0399151788	2.51341981659584
030681398X	2.0
039915177X	3.0
1612513409	1.0
0671025333	5.0
0345424816	5.0
0743466713	4.0
0312389566	5.0
1626361088	5.0
0316930938	5.0
0060005556	4.587458745874588
0312940777	5.0
0307472590	5.0
140004233X	4.0
1586481878	4.0
0310272130	5.0
0375507639	5.0
0380819589	5.0
0974161705	4.0
0684871432	4.0
0446572985	5.0
0151005133	4.0
0843963484	5.0
0671046209	5.0
0762794569	5.0
0671794949	3.0
1616084286	5.0
1558322442	5.0
0060005548	5.0
075667185X	4.999999999999999
0061144835	4.0
0805426205	2.0
0345407490	5.0
0399147284	5.0
0061443123	4.0
0385468776	5.0
0399147268	5.0
0944092691	5.0
0316147869	4.587458745874588
0307273571	5.0
0375433392	5.0
1582434220	5.0
085720873X	4.0
0786869038	4.0
1561588482	5.0
0310272157	5.0
0307264653	4.0
0151440506	5.0
0312320264	4.0
0091795273	4.0
0818404728	3.0
0062293974	5.0
0399150439	4.669366715758468
0440225345	4.0
0679764232	5.0
0765306239	5.0
0374130299	4.0
0151006008	5.0
0743254880	4.0
0847815641	4.0
043935806X	3.0
0029238374	3.0
0446353957	5.0
0380713292	4.0
0307889122	1.0
1600851444	4.0
1591134935	4.0
1893554457	1.0
0316097543	4.0
0525954600	5.0
0345528921	4.0
0743221990	5.0
0764564870	4.0
1401603211	5.0
0451411773	4.0
1439168253	5.0
0375869034	5.0
1620241676	5.0
0316370711	4.0
0425193993	5.0
014024364X	2.0
1401927181	5.0
006440031X	5.0
0061146307	5.000000000000001
0786016574	3.0000000000000004
0066211085	2.0
0896899594	5.0
0571221858	4.0
0060555513	5.0
0380710846	5.0
0316690619	1.5823336968375137
1930865260	5.0
193806710X	5.0
0061007358	5.0
0446313033	5.0
1565074297	1.0
0465049060	2.0
0613170768	3.0
0871136228	4.0
0984314407	5.0
0446534420	5.0
0743292502	5.0
0060957867	5.0
0345373162	5.0
0786708921	4.0
0425222144	5.0
0091941776	5.0
0806527978	1.0
0345446666	5.0
0316346624	5.0
0143142453	3.0000000000000004
0767920376	5.0
0385517831	4.0
0671028502	5.0
0375434283	5.0
0061373133	5.0
0375401318	5.0
0515127485	5.0
0765321807	5.0
1426340117	5.0
141654383X	5.0
0380728168	4.0
0671577468	5.0
0312363834	5.0
1573222089	5.0
1439101523	4.0
0143116118	3.0000000000000004
0140444173	5.0
1400054001	5.0
0836218787	5.0
0785267964	1.0
0786018798	3.0
0979295300	5.0
0805067809	4.0
0307387992	4.0
0553095153	5.0
1937856402	1.0
0446600474	3.0
1565123301	5.0
0446329835	4.999999999999999
0446523321	5.0
0399152598	5.0
0399152113	5.0
0142001430	5.0
0553383884	4.0
0451202821	3.0
1933615230	4.0
039914496X	4.0
1879664216	5.0
0316602051	4.0
0385537859	2.0
039916541X	4.0
0030554624	5.0
0330334549	4.0
0375726500	1.545670225385528
031623480X	4.999999999999999
0764597264	5.0
0307263738	4.0
1933615699	4.0
0711988358	5.0
0609610570	2.0
0312301596	5.0
0446603961	5.0
1416586571	5.0
1563677830	4.0
0451219244	5.0
0451159497	5.0
0307279278	5.0
0553245775	4.0
1594488398	4.0
0440218659	5.0
0140183485	4.0
0316057851	3.4125412541254128
0142428604	4.999999999999999
0446578460	4.0
0679721819	5.000000000000001
0451176464	4.0
0800627970	5.0
0786183616	4.5
0736918191	3.0
0793585031	4.0
161218653X	2.91353001017294
0340822775	2.9999999999999996
0060763655	5.0
0451189779	4.0
0743260929	5.0
0778326055	4.0
1416586598	5.0
1565849094	3.0
0684862093	2.6316628298211446
031234161X	4.0
0060914289	3.0
0727864289	3.0
0312874863	1.0
1595550291	5.0
0664222951	4.0
0786710845	5.0
0739466224	5.0
0385494688	4.0
067100414X	4.0
0316014796	2.0
8401336953	5.0
006182674X	5.0
1416537538	5.0
0761501657	1.0
0743224418	5.0
0312353618	4.0
0060837551	2.0
0373892152	4.999999999999999
0449910903	5.0
0812977645	4.0
0446531782	5.0
0451207645	4.0
0553584391	3.0
0316693294	5.0
0446527297	3.0
0385500521	4.0
0425231046	3.0
0451213076	4.0
1608199371	3.0
006103018X	1.0
0061139610	4.0
0330390287	5.0
0451221958	4.0
0517431009	4.0
0230735843	5.0
1937584631	5.0
0684857995	2.4749373433583957
0399140174	4.0
0312301154	5.0
0316154601	5.0
0140047166	5.0
0824954890	4.0
0061044709	5.0
158008818X	3.0
0743204832	4.0
0345527356	4.0
0143170090	3.4939493949394937
0385496842	5.0
0060870125	5.0
0465054803	4.0
0451201086	4.0
0312358091	5.0
0966187202	2.0
0765309289	5.0
0671764209	5.0
0446401269	4.0
0895553228	4.999999999999999
0743224434	4.0
0786001909	5.0
0316602906	4.587458745874588
0765311119	3.0
031228361X	5.0
0399155635	5.0
0312283628	5.0
0399153454	3.0
1476734615	2.0
0960087621	5.0
0847832961	5.0
0743234693	4.412541254125412
0307460703	1.0
042524654X	4.0
0743243161	5.0
1933952954	4.999999999999999
1416590692	2.0
0425212319	4.0
0099406136	4.0
0385334338	3.0
0140258795	4.999999999999999
0399148930	3.0
0028629051	5.0
1416546979	5.0
014130636X	4.0
0399152199	4.0
0785261796	1.0
0743235592	3.0
1600855040	3.0
0316686565	4.0
125004104X	2.0
039914322X	4.0
0984314431	5.0
0316359556	4.0
055309999X	3.0
0345480597	5.000000000000001
082031661X	5.0
0061774596	5.0
0321430328	3.0
0425018091	4.0
0141015357	5.0
0553104535	5.0
0380732211	5.0
1442368950	2.0
0448095157	5.0
0743261879	3.0
0739315293	4.0
0740747134	5.0
0345527380	4.999999999999999
0810934884	5.0
1582438137	5.0
0375410635	4.0
0446532681	5.0
1858944910	4.0
0312330529	5.0
0312291655	3.0
1569479836	5.0
0684855771	5.0
0061044741	4.0
0375760814	5.0
0143057286	3.0
185375207X	2.9999999999999996
0671648799	5.0
1582973261	5.0
1573220256	5.0
0142196029	4.0
0399145885	5.0
B00A6DT8HM	4.999999999999999
174220810X	4.999999999999999
0446576670	5.0
0679779159	2.0
1416556311	4.0
0307266397	5.0
0385323697	3.0
0399152180	5.0
0684850052	5.0
094267927X	4.0
0375500227	5.0
0375410627	5.0
1599903326	5.0
155166853X	3.0000000000000004
0684864223	4.0
0553062298	3.0
0786714387	3.0
1933027002	5.0
0312866828	4.0
0312315376	4.0
0451181417	3.0
0849942195	4.0
0312313195	3.0
0743261852	5.0
0025718703	4.0
0306810719	5.0
0099450259	4.999999999999999
0030040590	4.0
0451410548	5.0
0375718990	5.0
080785655X	4.0
0733630448	4.0
0060596503	5.0
0446582050	5.0
0805070516	2.0
0060525312	4.0
0684855283	5.0
0060193689	3.0
1401303064	5.0
0143170104	3.0
0446530859	1.0
0066213703	4.0
0375422722	5.0
078670098X	4.0
0446177903	5.0
0394418492	5.0
0062086367	5.0
1414378718	5.0
078624819X	5.0
0786215259	3.0
0596529759	4.0
0007337701	5.0
1583940537	5.0
0767929500	5.0
0061969702	5.0
0345427564	4.999999999999999
0446529400	4.0
1451648448	3.70801317233809
0060936460	4.0
0452279968	5.0
0743284577	5.0
0316693324	5.0
034542753X	4.999999999999999
0385142641	2.0
0312958129	5.0
0782123813	4.0
0399146652	4.0
0743466691	5.0
044617792X	5.0
0446177938	4.54323499491353
0679457194	4.0
1607056690	5.0
1426208138	2.0
080914476X	5.0
0385506384	5.000000000000001
0740703579	2.0
0385338600	4.0
1856696146	4.0
0451215753	5.0
0553250221	2.0
1594630127	4.0
0399152083	5.000000000000001
0843962496	4.0
0307277461	5.0
0385498632	4.0
0061864501	5.0
0316720917	2.0
0786710780	5.0
0451203771	5.0
0590511416	4.0
0824517741	2.8541893362350383
0061923923	5.0
0060081961	5.0
0312082622	4.0
0439324599	5.0
0141038985	5.0
0060540907	4.0
0743270363	5.000000000000001
0399148418	5.0
0373250509	2.0
0395779278	4.0
0743250354	5.0
1400073138	3.0
0862419093	5.0
0553108174	4.0
0671664859	5.0
1481927434	5.0
0761523405	4.0
0312940815	5.0
1400049016	5.0
0805054464	5.0
0465024645	1.0
0735709718	4.0
014303541X	5.0
0345453824	3.0
0307277887	3.0
0743250346	5.0
0156029022	5.0
0345439104	3.0
B00COUA2VG	5.0
0793529395	5.0
0553584480	3.9894459102902373
141699467X	5.0
0316969443	3.0
149095242X	3.0
0062311077	4.0
0385335164	5.0
0316096156	2.0
0316545317	5.0
0761128255	5.0
1596910178	4.0
0689868154	5.0
0688162193	4.0
1935618466	5.0
0451183681	3.0
0375423621	5.0
0979517605	4.0
1551432102	4.0
0399156496	5.0
0425189988	5.0
1557787824	1.0
0345426266	5.0
0385316895	3.0
1578567734	4.0
0375502920	2.0
0684843269	5.0
0764569112	5.0
0470913029	5.0
0142004030	5.0
1426913907	4.0
1416549633	5.0
0439223504	4.0
1569471932	5.0
076792861X	3.0
0345464974	4.999999999999999
1580087329	4.0
031264065X	1.0
045121577X	4.0
0805057528	5.0
0425210626	5.0
0385488440	4.0
0399153802	3.5432349949135307
0684813483	5.0
0060175869	5.0
1577192761	5.0
014303491X	5.0
0446611662	4.0
0399149309	5.0
0156006332	4.0
0385324057	2.0
0786712112	5.0
0374292795	4.0
0446512583	4.0
0140138862	5.0
076536445X	5.0
0439139597	5.000000000000001
0312380437	5.0
0547576722	5.0
0399149775	5.0
0670023035	4.999999999999999
0671023225	3.0
0061740403	3.0
0596003234	4.0
0345445848	1.0
0062069888	3.0
082173833X	4.0
1480107263	5.0
0385340540	3.4304715840386937
0375434305	5.0
0316159972	5.0
0375402144	5.0
0452278236	5.0
0936184582	5.0
0451411471	4.0
0393038912	4.498049414824448
0143034901	2.9999999999999996
0399147101	3.0
0060095725	3.0
0671879197	1.0
0751536822	5.0
0812975928	4.0
0824518691	1.0
0451409132	1.0
0345348117	5.0
0375411089	5.0
0399157387	5.0
0064406016	1.0
1561483176	2.0
0307712842	5.0
0345440110	4.0
0312939019	5.0
0142001805	5.0
0553574671	5.0
125000635X	5.0
0312272057	5.0
0399146245	5.0
0865479186	5.0
1416537074	4.0
0300141939	4.0
0399149759	4.0
0026045702	5.0
0786016949	3.0
0312289723	2.0
1612381359	4.0
0684857057	2.0
048642474X	2.9999999999999996
0385477317	5.0
0553270222	2.0
0590438107	4.0
0922356572	5.0
143770817X	5.0
8466301062	5.0
0345453417	4.0
0439023483	4.0
0688155081	4.0
0307272583	4.0
141658661X	5.0
0140296271	1.9013711082493745
0312287534	3.0
0312288867	5.0
0803287895	5.0
0743234707	4.0
0553107240	4.0
1846972531	5.0
0345464540	5.0
0446609315	5.0
0061015458	5.0
0385326262	4.0
0684802317	5.0
0316098736	1.0
1934533033	5.0
0385324081	5.0
1612182127	4.0
0439023491	2.0
0399158294	4.0
0547341539	5.0
1933615184	4.0
1612184308	3.0
1626363137	5.0
0451215729	5.0
0345327624	2.0
0739303643	3.662125340599455
057807446X	5.0
0425132048	4.0
0399147144	3.0
0385340559	5.0
0618556133	5.0
0399152970	4.0
0345453433	4.0
0671024108	5.0
0345544293	3.0
0743224914	5.0
091685633X	5.0
1893554589	5.0
0765364441	3.0
0743452887	1.0
0922915458	5.0
0878573402	4.999999999999999
1626365334	5.0
0385340567	4.587458745874588
0892760834	5.000000000000001
0345452593	5.0
0743244974	5.000000000000001
0871564300	5.0
0385338252	3.0
0060888741	4.0
0142000981	5.0
B001JYTR32	4.0
0553107232	4.0
0142404241	5.0
0679642811	5.0
0739344307	1.0
0385721889	4.0
0312278586	3.0
0374178488	5.0
0399152431	5.0
0399151583	4.0
0452281148	4.0
0670033103	4.0
0764222732	5.0
0743277236	5.0
0312981961	5.0
0804116989	1.0
0380776588	5.0
0394584163	4.0
1400069629	5.0
0765302152	5.0
014241011X	5.0
0743206045	5.0
1616053232	5.0
0385506805	5.0
039915289X	5.0
0805090924	3.0
155166710X	3.0
038546889X	4.0
0399154604	5.0
1565928717	5.0
0399151575	3.0
0451220102	4.0
0140240039	5.0
0060185163	5.0
1933615141	3.0
1626360340	5.0
0752858939	4.0
0312316712	4.0
1402201583	5.0
1582343586	3.0
0895550008	2.0
0312326998	5.0
1583224890	5.0
0847841731	5.0
0399152415	5.0
1416561390	4.0
0312380054	5.0
0786018666	2.0
0062082353	4.0
039952715X	5.0
0743275071	5.0
1426742568	5.0
0312253265	5.0
0385732562	5.0
1626362556	5.0
0312269609	3.0
1566634954	5.0
0743238095	3.08646998982706
0743206061	4.505277044854881
0684865858	3.0
0060529148	5.0
0553107305	3.0
0061230901	5.0
0679444327	5.0
0060610352	2.0
0307377849	4.0
0679735909	4.0
0330450972	4.0
0312301219	3.8127853881278533
0399140433	5.0
0345491327	5.0
0399129650	4.0
0688044026	5.0
0312600887	5.0
0399152407	3.2376237623762374
0743206053	5.0
0142501468	5.0
0385327080	5.0
0399155988	5.0
0451220536	5.0
0425177181	5.0
0312180624	3.0
0811831469	4.0
0307376540	5.0
0425194523	4.0
0066214432	4.0
0345425871	1.9343832020997376
074320607X	4.505277044854881
1612182070	4.0
0345444132	1.0
0060233346	5.0
0425171892	4.0
030727828X	4.0
0061122416	4.0
141659518X	5.000000000000001
0448095432	5.0
0310259339	5.0
0385508190	4.999999999999999
0786028017	4.0
002621850X	5.0
0312347480	5.0
0060012110	5.0
038536315X	5.0
0307272516	2.0
0060677015	5.0
0446531081	4.0
0385511361	3.0
1612182089	4.0
0375411445	5.0
0425130266	5.0
0689865465	3.0
0060182938	2.0
B00DFIE80W	4.0
1937584747	5.0
1416595163	4.0864699898270604
0307353451	3.0
0312347472	5.0
0809136104	4.0
0743292855	5.0
0061703257	4.0
1401340733	5.0
0811800741	5.0
1600853358	4.0
0061030651	4.0
0345443268	3.4125412541254128
0099457156	3.040114613180516
1933633638	5.0
1565843428	5.0
0345404912	4.999999999999999
0590029738	4.0
0312868731	3.0
0449213447	4.0
0743202961	5.0
1400079446	5.0
0440343119	4.0
0137012314	3.0
0312421974	4.999999999999999
0547417713	5.0
1413304141	4.0
0307741729	5.0
0316010669	3.2826892535733196
006019491X	4.0
0060838574	4.0
087364025X	5.0
0140247971	4.0
0786714417	3.0
074326875X	4.0864699898270604
0345480643	5.0
0345374797	3.0
B00H0PAL2K	5.0
0448095084	5.0
0140255125	3.0000000000000004
1453503013	5.0
006074815X	5.0
0399154213	4.0
0671042556	4.0
0030108063	4.0
0451466195	3.0
0465003109	4.0
1594201056	5.0
1933495200	3.0
0935278664	5.0
1565071999	1.0
0804101086	5.0
0618374086	5.0
0767917219	3.0
0743436776	4.0
0312303467	4.0
044658083X	3.5432349949135307
0780648838	4.0
0976154714	5.0
0446580848	4.54323499491353
0393310892	5.0
067944873X	2.0
0743202988	5.0
039306476X	5.0
0399152024	3.0
0802714471	5.0
0778317005	5.0
0684853035	4.999999999999999
0345480260	5.0
0785250565	5.0
0312194390	4.0
089870569X	4.999999999999999
1416533044	5.0
006092988X	5.0
0399141383	4.0
0060514957	5.0
1401900402	3.0
0312269692	4.0
006206584X	4.0
0664253555	4.0
0446530557	5.0
068987474X	3.0
0143057588	5.0
1463422423	5.0
0743292499	5.0
0451180410	5.0
0060742887	5.0
1455807567	5.0
0743271556	2.0
0380731290	4.0
0345530632	4.0
038551929X	5.0
0399155996	5.0
0060277300	3.0
0143143832	3.0
0345531965	5.0
0786868767	4.0
0811867811	4.0
074344874X	5.0
1612185134	4.0
0307740838	5.0
0312537247	5.0
0143034480	5.0
0306821761	5.0
0316219347	3.0
1401301193	5.000000000000001
0898796814	5.0
0062074334	5.0
0439023513	2.0
0385729324	5.0
0316154741	5.0
0312550677	4.0
1440214298	5.0
034540100X	5.0
0061744654	5.0
0736902597	1.0
0670033944	2.581712062256809
0399154256	5.0
0898703484	4.0
0099461269	3.0
0373774192	3.0
0399148817	4.0
1599472511	5.0
0380719185	5.0
0848736559	4.0
0060887184	4.0
0060975768	5.0
0199254575	3.0
B003EIIWP0	3.0
0380001209	5.0
0385501536	5.0
0743436733	4.0
0451204050	4.0
0312363508	4.0
8420483702	5.0
0393312631	5.0
0140384286	5.0
0593038703	5.0
0448095033	5.0
0743238516	5.0
0743508726	4.0
0312201656	5.0
0399134654	5.0
0373218192	3.0
0826211712	1.0
0451180429	5.0
0312379080	5.0
0321735625	5.0
0895551373	4.0
0061231401	4.0
0399152059	3.0
0446531448	3.4125412541254128
0446601241	5.0
0312420234	3.0
0385729359	5.0
0802120326	5.0
0373892055	4.0
0805067272	4.0
1619022265	5.0
0064406849	5.0
0842319476	3.0
1250003717	5.0
0743222172	4.0
1933016256	5.0
0596002726	4.0
0963762966	5.0
0851706738	5.0
0399146601	2.0
0142003344	5.0
0446531456	4.0
0778800547	4.0
0385344007	4.0
034553199X	3.4537205081669695
0979439116	2.0
0062064584	3.0
0684804085	5.0
1578568412	3.0
0985710306	4.999999999999999
0395982111	5.0
0446603422	5.0
0007223706	4.0
0684819066	4.0
0679441700	5.0
1585673455	5.0
0830823166	4.0
0575400048	5.0
0399154183	1.0
B0034G66FK	5.0
006073132X	2.0
0006476155	5.0
1611097835	3.0
1596687568	4.0
031298586X	3.0000000000000004
0393038882	5.0
0312273207	1.0
0399155015	5.0
0446530980	4.0
0060815930	5.0
0340863536	4.0
039575514X	3.0
1600859550	5.0
0345538064	5.0
1600787061	5.0
0873645456	5.0
0898708338	1.0
0761145737	5.0
0140157654	5.0
0553502697	3.0000000000000004
0307406814	4.0
0375500898	5.0
0062248774	5.0
1570620725	1.0
0446578932	4.999999999999999
0061149047	5.0
0399155007	5.0
0743271157	4.54323499491353
0743238524	5.0
0141800127	4.0
0385511841	1.0
0312281293	5.0
0307265781	5.0
0831714107	4.0
0060523034	5.0
0446527793	2.0
0375728228	4.0
B0075D17IE	5.0
0316117366	5.0
0807101508	5.0
1599620480	5.0
161218281X	3.0
0316067954	2.0
0399148701	2.0
014312210X	2.0
0805069429	1.0
0099468646	5.0
0345534956	5.0
0345450493	3.0
0804119228	5.0
0451168380	5.0
0061097845	5.0
0060575913	4.0
0345538080	4.0
0440222028	5.0
1558508287	4.0
0316067962	3.0
0446360856	5.0
0141802766	5.000000000000001
0399148779	5.0
0553260111	3.0
0696208237	4.0
0736905588	3.0
0380977362	2.0
0985073608	3.0000000000000004
089942435X	4.999999999999999
0060820489	4.0
0452281903	4.0
0936184671	4.0
033044123X	4.587458745874588
0330258648	5.0
0345452615	3.0
037542069X	5.0
0399151931	5.0
0809105039	4.409825033647375
0312274971	4.0
0743205650	5.0
0064407691	4.0
0345344022	5.0
0936184663	5.0
1932394613	5.0
0935278575	5.0
1451649851	5.0
0385511809	4.0
1477807268	3.0
0786034270	5.0
0743463021	3.0
1565124030	5.0
0865715408	5.0
0375413189	5.0
0553386018	4.0
0688142028	4.0
0758201540	4.0
0898706572	1.0
8466653236	4.0
0061124192	2.0
0312261640	1.0
1400061245	4.0
0399151923	3.0
0399148760	2.0
0439053862	5.0
0143036610	5.0
0375829202	5.0
0929712315	2.0
0739359339	4.0
0553282352	5.000000000000001
0061351601	4.0
0452295297	4.0
031233818X	4.0
0743250206	5.0
080211928X	4.0
0375503900	2.0
0451192028	3.5740740740740744
0446358576	4.0
1594202818	5.0
0399148337	4.0
0385491735	5.0
014280018X	5.0
0760322937	5.0
0826452485	4.0
0399161783	4.0
0375507450	4.0
0385327439	3.0
0898701775	4.999999999999999
052117015X	2.0
0895260603	5.0
034548648X	2.0
0312949383	5.0
0451412435	5.0
0671047337	5.0
1603582703	3.0
0974304824	5.0
089750058X	1.0
0451163508	4.0
0553384244	5.0
039914613X	3.3306332842415314
0553588079	5.0
0316603570	4.0
0330490699	3.3306332842415314
0671003755	5.0
0898702631	5.0
015603297X	5.0
0739437208	3.0
0786173955	4.0
157488414X	1.0
030011575X	5.0
0764224190	5.0
0374102414	5.0
1432744186	4.999999999999999
0143114107	5.0
055358362X	3.0
0765317583	4.0
045123216X	4.0
B0034G66PU	4.0
0385538499	3.0
0385504241	5.0
0811824713	3.0
006000665X	4.0
0307275558	2.3928205128205127
1569751692	2.0
0764224182	5.0
0547553986	2.0
B0034G6722	5.0
031286874X	5.0
0743264894	5.0
0060177950	5.0
0399146121	5.0
0810948478	5.0
0446525537	1.0
0399148787	3.0
0140259198	5.0
0385531842	5.0
0141039280	4.0
1616086203	5.0
0099481685	4.412541254125412
0399157263	3.0
0060294655	4.0
0671038818	5.0
1416583688	3.0
1560250496	4.0
1401322557	3.0
0151446474	5.0
075921137X	3.0
0307277747	5.0
0882791346	5.0
0141310073	4.0
0399153721	5.0
1594486344	5.0
0671024248	5.0
0007386648	5.0
0425091805	4.0
0472086219	4.0
0141001976	5.0
0060653035	1.0
0240815130	4.0
0962621927	1.0
0297817906	5.0
0060525231	4.329320722269992
0446524263	4.0
0743271181	5.0
0312626681	5.000000000000001
0765327376	5.0
0380817160	4.0
0439194040	4.0
086527343X	4.0
1587432692	4.999999999999999
0306811103	5.0
0316015059	4.0
0375410082	4.0
0312591934	4.0
0312367546	5.0
0385512295	4.999999999999999
0316246085	5.0
1620870568	5.0
0896895742	4.0
0330517783	4.06259204712813
0802139744	4.0
0743211936	5.0
0743266641	1.0
059026267X	4.999999999999999
0312301790	4.0
0440227739	4.0
1451639651	4.0
0451200101	3.0
0671034030	4.0
0814610250	5.0
0060989025	4.0
0916441822	5.0
0613998057	5.0
1439138656	5.0
1455617830	5.0
068481465X	4.0
0380713063	5.0
158851322X	2.0
0307739368	4.0
0446527750	4.5456702253855275
0671047310	3.0
0385420161	4.0
0062516760	1.0
1410436349	3.0
1572242701	5.0
0785262199	5.0
0399147012	4.0
0451409221	5.0
0142005088	5.0
1400052386	5.0
0380821206	2.0
0425121259	3.0
0307741206	4.0
0517193345	3.0
0446539740	4.0
1451695772	4.0
0679733760	5.0
0743244850	4.0
0399151516	3.0
0399161791	5.0
0060959622	3.0
