0765326353	5.0
1401209270	4.0
1455548987	5.0
0312187459	5.0
B007OXKDNK	5.0
0345461517	5.0
0399157565	3.0000000000000004
0375713344	3.0
0316253014	5.0
030726999X	5.0
0452298016	2.0
0867905018	5.0
1467922730	5.0
1401302491	4.0
0451418433	5.0
0143170104	5.0
0143123629	4.0
0137019963	3.0000000000000004
B0053YAZ58	5.0
1565118936	5.0
1612186009	5.0
1449401163	4.999999999999999
0307913090	4.8990587817439195
1613820259	5.0
0393013995	4.0
1587613212	5.0
1442346272	5.0
B00DQ7WY0S	2.0
068987474X	1.0
0316097756	5.0
0062077562	3.0
0091949300	5.0
1416941371	5.0
0061099341	3.0
0151008116	4.0
0618680004	3.0
B00F6FVV02	5.0
0007447868	4.01623941109015
0545044251	4.999999999999999
0810984652	5.0
0590878557	4.999999999999999
0310331935	5.0
1478704489	4.0
B007CR8G00	3.0
1442429771	5.0
0062130358	5.0
0553383051	4.0
034549749X	3.0
1442346965	5.0
0029259657	1.0
0307346609	5.0
0312144075	4.999999999999999
0822223007	5.0
0439023513	5.0
0345336674	3.0
1480137340	4.0
055389787X	5.0
0615232698	1.0
0743254554	4.0
B00AFC05EO	4.0
0679442553	4.0
0307987647	4.469829771821804
0441008119	3.0
0439023483	2.9874776386404296
B005COO1X6	5.0
0345498607	3.0000000000000004
0615474616	1.0
0671877798	4.0
0345458427	3.0
1921573600	5.0
1477807365	5.0
1405000325	5.0
0345543971	4.805269264896593
0671750194	1.0
0142429112	4.0
B003YLR5O6	4.999999999999999
0307932540	2.0
0761561374	4.999999999999999
0451239687	2.0
0989517918	4.0
0399900578	5.0
0756404738	5.0
0975271148	4.0
1439102392	4.0
0989042901	3.0000000000000004
1580082815	4.0
0261103288	5.0
0316001821	3.0
0449912558	2.0
1442362383	5.0
0765304740	1.0
0142428280	5.0
0670920037	5.0
037540158X	5.0
0446611565	5.0
0002247399	4.2724614134849705
0307292134	5.0
0446618489	3.0
1402278519	2.0
0989147304	5.0
1477818162	4.0
0062310135	4.999999999999999
0452278902	5.0
043902353X	5.0
1439102414	4.0
0345443020	5.0
0984042385	4.0
B00I2ACS3W	4.0
0060510862	5.0
1607066211	5.0
147519451X	4.0
0441013678	5.0
0060098902	5.0
0312853238	5.0
1405005823	5.0
0060888741	4.0
0895297272	4.999999999999999
