0312288271	5.0
0340765445	5.0
0758203187	5.0
0802143938	5.0
1492823910	5.0
0425223248	1.0
1897562969	1.0
0316099074	3.0
0060762993	4.0
1551666162	3.0000000000000004
B00EN4AAFE	4.0
B00ICNK1S8	4.0
B00B0FJBQI	4.0
1601540965	3.0
037312869X	5.0
0061491896	5.0
0373126042	4.0
149353985X	3.0
0316187704	5.0
0575092963	5.0
061548428X	4.0
0440129737	1.0
0671873164	1.0
1483918777	4.0
0373715994	4.0
0062070231	3.0
0061257079	5.0
0671795554	3.38298755186722
0142411108	5.0
0615717764	4.0
0312675089	4.0
0671450344	4.0
1477617019	4.0
0553234447	2.9999999999999996
0515151319	4.0
0821780131	2.0
0449211177	5.0
0446553395	4.0
0373117582	5.0
0345482514	5.0
1580082246	5.0
0393010430	5.0
1497454999	5.0
0373129572	1.0
0312351623	4.0
1416503595	3.0
1484920066	5.0
0061246379	4.0
006051969X	3.0
0061257095	3.9442455242966745
0061797022	1.0
1492133779	3.3442176870748304
B00DZHUP8C	5.0
B00IFE9B6C	4.0
0345476255	3.0
0425256138	1.0
0060098538	4.0
0451210689	4.0
B00JM2DU22	5.0
0060561173	2.0
B00K9RPM2A	5.0
0345437969	5.0
0505520494	5.0
0060782161	4.0
1426710666	4.0
0615822991	5.0
0373129114	4.0
0545426227	5.0
0062021273	5.0
0345479750	3.0
0515107662	1.0
0373716885	3.0
B00AX5FOVC	3.0000000000000004
061579615X	2.0
1426201389	5.0
0821780573	4.0
0061230839	2.047619047619048
0373527454	2.0
0778300498	2.132040627885503
0989508404	5.0
0743470117	3.0
0425192008	5.0
B004WSQNBG	3.0
072786792X	5.0
075663122X	5.0
0983398038	4.0
0061579114	3.0
0062219006	4.0
0345515579	3.0
0821780581	3.0
B004SV2IIY	3.0
1416537309	2.802046690118325
0060782153	3.0
0061257052	5.0
067179552X	4.0
0060562498	4.577302631578947
0373277059	4.0
0061905879	4.0
1611099528	5.0
1595143173	5.0
0062218980	5.0
1605048232	3.0
0312992335	2.9999999999999996
0345515595	5.0
0440244323	4.0
030738246X	4.0
050552614X	5.0
0671870955	4.0
0800759990	2.0
0545424925	3.0
0373288999	3.0
1595143181	5.0
0385311400	5.0
1250045630	4.0
0857206931	3.0
0425219143	5.0
1937007820	1.0
0312938810	4.0
0310669510	4.0
1402226705	4.0
0061905895	5.0
0385335881	4.0
0451229681	4.205202312138728
0345452704	3.7318889641164517
0515118370	5.0
0380809095	4.0
0451207858	4.0
0380789353	3.0
1439167540	3.0
0425180050	4.0
1596323892	1.0
1573661198	1.0
0864424841	5.0
0373771614	5.0
1449524478	4.0
0312950950	1.0
0989379108	3.0
0380809087	2.90252063350435
0545265355	1.0
1439167559	4.0
B00LKWZ1QU	5.0
0743456254	3.700363027087406
0345437977	4.0
1453811850	1.0
1402236964	3.0
0316099007	5.0
0764102109	5.0
0373771622	5.0
0446527041	4.0
0440244315	1.9752808988764046
B00F1FZVKI	5.0
0812968972	4.0
0452283485	5.0
0553294091	3.0
1250035856	5.0
1456406272	5.0
0345386698	4.0
067187098X	5.0
1616201320	3.0
0007205236	5.0
0307956350	2.0
B0042RUL5G	5.0
1492787701	5.0
0380789345	3.0
1937007863	4.0
0316187747	5.0
B00EMTDMEQ	1.0
0553294075	4.0
0425192083	4.0
1475080948	3.0
1420108700	4.0
0316187712	5.0
031235164X	4.721736508893579
0060012617	3.0
0843952814	4.0
0758222750	5.0
B0051PKVS0	5.0
0451407946	2.0
0380765357	5.0
0352346930	5.0
0312351666	2.8696533549564163
067165831X	4.0
1426209711	5.0
0380725703	3.0
0061670111	3.0
0446402389	5.0
0373772912	4.0
0425150119	3.0
B003Y3BPV8	4.0
0451162919	2.9999999999999996
0345505387	4.510863804981453
0345478916	5.0
075821474X	5.0
0307277674	3.0
0575081384	1.0
003061368X	5.0
0451207912	2.0
0515111317	1.0
1420102540	4.0
0385257406	5.0
B004YTMZRE	2.0
1481901001	4.0
B005HFKEJU	3.0
084393946X	1.0
0385335350	4.086197183098592
0385339712	3.0
0312312911	4.0
0515124621	2.0
0553561537	4.999999999999999
0441009239	5.0
0451236491	4.0
038077917X	5.0
1420126512	3.0
0446519804	3.0
0345486528	2.197953309881676
1615729348	4.0
0226239683	4.0
031613399X	5.0
0061885681	5.0
0843938153	4.0
1599908409	3.0
0060765240	5.0
B004RVNMBW	3.0
0316013161	5.0
B00CIFJEKW	1.0
0811201082	5.0
0425241130	4.0
B00B1JDUVK	1.0
038078145X	2.5594042936260983
B008DBGGOW	1.0
0884271781	5.0
0380815257	5.0
B00E254X8O	4.0
0385337515	4.0
0143035606	4.0
0380782332	4.0
1939962315	5.0
0553293168	5.0
1449550207	5.0
0440243068	1.0
1478150742	5.0
0312848811	3.0
B00HY09X52	4.0
0751536601	5.0
0312306261	5.0
1493784870	5.0
0061008079	5.0
0440236746	5.0
1490946810	5.0
B00655KHQG	3.0
044020609X	5.0
1440119589	1.0
1481845535	5.0
1492872954	5.0
0345521307	4.0
0061231398	5.0
1573442704	2.0
B0030MQIX8	4.0
1492192112	4.0
0446527017	2.0
0380819627	3.0000000000000004
0671723413	2.0
0446531510	5.0
0385361661	3.0
0099244926	3.0
0425190714	5.0
0373294395	5.0
1475204442	5.0
0373247575	1.0
0373827822	2.0
0440234581	2.0
0843940425	2.0
061545402X	3.0
1250005647	2.0
0061668214	3.0
0380815265	4.0
B00BSLD8LI	5.0
0380781433	2.7438653053913664
0440983568	3.0
0441005705	5.0
0553583395	2.0
0451462807	2.0
B003ATPPV2	1.0
0425274462	4.0
B005N9FPOO	1.0
0312426852	2.0
0758269404	5.0
0061626848	2.0
0440222117	5.0
0679736743	3.0
0373125690	5.0
1491035048	4.0
0380781441	4.400359811790755
0373127871	2.9999999999999996
0307277666	5.0
0380793407	4.0
076422378X	4.0
0143122681	4.0
006149190X	2.5905837004405288
0345486501	1.0
0440208297	2.0
042518756X	5.0
1938404300	4.0
0425264203	4.0
0061231363	2.0
0060734558	4.0
B00F1H20SW	2.0
0345335066	1.0
0615609570	1.0
0553563327	4.0
0312625200	3.0
0061351520	3.0
0872234282	5.0
0671871005	5.0
0786891459	4.0
B00K1H0304	5.0
0060735414	4.0
1453698949	2.0
037379777X	5.0
061563978X	4.4202657807308965
B0056HUW2S	3.0
1490910433	4.0
1416593136	3.0
0385341636	3.0
0843957727	5.0
0470089636	5.0
0060876115	5.0
0385734212	4.0
0380752999	5.0
0373120338	4.0
0060734574	5.0
0060010800	4.0
0375431039	4.0
0061351504	4.0
0380400480	1.0
0141001828	5.0
0451198948	1.0
1414310560	4.0
0373364067	5.0
0312357435	2.0
0373795157	3.0
1419955292	4.0
B008SCE93G	4.0
1452664943	5.0
0821772473	3.0
144235948X	2.0
1612181449	4.0
0060876107	3.0
045122793X	2.0
0385175760	5.0
0751541184	4.0
1416550895	4.0
0781444993	4.0
0843957743	5.0
0671702513	4.0
0553100874	3.0
1420108697	4.0
0374251428	2.0
0061243388	3.0
0060514051	4.0
B0049P2028	3.0
1495335038	5.0
0192801562	3.0
0380819201	3.0
051514956X	1.0
0060562536	3.9051828931373636
149274459X	5.0
0373120370	2.9999999999999996
0312169787	4.0
0515148245	1.0
0451464133	3.0
B00KI7QJFK	5.0
0316098981	5.0
0671737651	3.0
0373123876	2.9999999999999996
141996416X	2.0
1452664935	5.0
0385341679	5.0
084395597X	4.0
1416507418	5.0
055310084X	4.0
0061579173	4.0
006009334X	1.0
0312370830	4.0
1480087807	4.0
0976518546	2.0
B00BW9FHOM	5.0
0373294794	4.0
1491043032	5.0
B00BIJKXA4	4.0
147831303X	4.0
0399154914	2.0
0142412090	4.0
0671737627	5.0
B007FKH1HI	5.0
000721278X	3.0
0425259269	3.0
0440211077	5.0
0373295677	3.0
0060783990	3.2202412165705296
0446618489	3.4296347987904165
0375831002	4.0
0425219607	5.0
0451221370	1.0
006056251X	4.736643778261597
0553581147	2.0
0425241505	2.0
1484920147	5.0
0671737619	4.6657142857142855
0061632678	3.0
0765309866	3.0
0385341652	4.0
B00CXAPPL4	4.0
006188569X	5.0
B00JJI4GFE	4.0
0451211588	2.0
1489501681	4.0
0446618470	4.007864908628267
0399153527	4.0
0099465825	5.0
0060874465	2.9999999999999996
143922742X	5.0
0373207247	4.0
0553567772	5.0
B00HARTVRY	5.0
067153288X	4.0
141431907X	2.0
0553576232	3.9659318637274548
0440206103	5.0
0373127499	5.0
0671754912	5.0
0451168917	4.0
0743470044	5.0
1609282914	3.0
0821780042	3.0
0764228269	5.0
0062069128	1.0
0786500611	5.0
0866223851	5.0
141995203X	5.0
0671739743	1.5456695240910432
0821768379	3.0000000000000004
0764228277	5.0
034546527X	4.0
0553106244	2.0
038076654X	4.0
0380766558	1.0
1439152802	2.0
031612558X	3.0
0764223801	4.0
0765306727	4.0
B00DZDQJLS	4.0
1416535055	4.0
0671739735	4.0
0671557734	5.0
1419952056	5.0
0765352656	3.0
0373293607	2.0
0399151311	3.0
0505523639	5.0
1433678470	1.0
0451206487	3.0040524433849822
1475233639	5.0
0451205154	3.0
0316134074	5.0
0263888827	5.0
0312977689	3.0
1499325584	4.614044788498756
0778320847	5.0
0515094773	3.0
0062240196	5.0
1589802438	4.0
0764226061	5.0
0312965680	4.0
0373294964	2.0
0312864590	2.0
0345458958	3.0
0061579211	2.0
0316011770	4.0
0451218043	2.4674085850556438
0451177428	3.0
1416989412	1.0
0615925766	5.0
0446619183	5.0
0316710628	5.0
1419956841	5.0
0061031755	5.0
0373771762	2.9999999999999996
0451219368	5.0
0380808080	4.0
0825436680	4.0
042521575X	5.0
0345447832	5.0
0515090395	4.0
0615741932	5.0
0345490665	2.3987849858971577
0743456173	5.0
0385342454	5.0
0553563343	5.0
0671027581	3.0978334461746786
0316182540	5.0
0312368127	5.0
B00E9BEHVO	5.0
1555836615	3.0
0712623019	4.0
B004R9QVSK	4.0
0380802309	3.985524322504629
0345527682	2.0
0380808072	5.0
0553563335	2.0
0778314197	2.0
0425236676	4.0
1420108891	5.0
0345490673	4.0
0316056634	4.0
0671027573	3.6340555179417744
0373713479	4.0
0515109746	1.5338403041825093
1419952021	4.0
0441008534	5.0
0312981325	3.0
0380802317	4.728942190574346
0061826871	1.0
006134477X	1.4661596958174905
0061355445	4.0
B00AVRUKM0	5.0
1492110590	4.0
0373246455	3.0
1419951106	5.0
1419952439	5.0
0515131687	1.0
0375815376	5.0
1414329717	5.0
0061129704	2.0
B002XOTPWU	1.0
0345472403	4.0
B0050P3ZNY	3.0
0062008110	5.0
0385342047	3.0
B00AZL8GT6	5.0
0985066385	4.0
0671637797	3.7494361287676847
0373163983	4.0
1482696843	4.0
0192827278	3.0
0060543256	1.0
0446363251	2.0
0451202066	5.0
0373773900	3.0
B003JTHZI4	5.0
0671032976	4.445952380952381
0345481356	2.0
0062230727	4.0
0373126573	4.0
0060509325	3.4134078212290504
0758203926	1.0
0312992432	4.0
0440215900	5.0
0515133884	4.0
0451219716	4.0
038081479X	1.0
0373605153	5.0
074343787X	5.0
1469984202	4.0
0263875911	3.0
B003EOAC16	4.340816878550175
1442187697	5.0
B00K6MDM6Q	5.0
0380804514	1.0
0451413075	5.0
1500196169	5.0
0312992424	3.0
0151012237	5.0
0505527170	3.0
0373270917	5.0
0671786539	5.0
0345374193	5.0
0060531231	3.4966336633663366
0425203719	5.0
0425266451	2.0
0312992416	4.0
1455523372	5.0
0060087358	1.0
0553574094	4.0
0373128304	2.9999999999999996
1489591095	5.0
0961519762	5.0
0802779174	5.0
0778322637	4.0
0380816512	4.0
0553576267	3.0
006053124X	3.014049790485581
0060531258	2.581911939706466
1883768179	5.0
B0045U9RJQ	5.0
1420104462	2.0
0671568833	4.0
0451406745	5.0
0821756788	5.0
0312349491	4.0
0385342063	4.0
0373270933	5.0
0778320464	2.0
1482055988	5.0
0553574078	4.0
0373127472	4.0
B008EN5RNK	4.0
0312383355	2.0
1402220065	2.0
0373527721	5.0
0312349483	5.0
B00EYMXM2I	2.0
B00LBDMJ22	5.0
0671032992	5.0
0062100025	2.0
1609074602	5.0
0618657312	5.0
0061030007	1.0
0451408586	3.0
0373774397	2.0
0316278270	5.0
0425209504	2.0
0446617008	1.0
0143123238	2.0
0764206923	5.0
0446610852	5.0
0061231231	4.0
0449001016	2.0
0380815583	4.521815777875717
0142004332	2.0
0449000176	4.0
0764206931	5.0
0441011675	5.0
B007ON5OXY	4.0
1495358429	5.0
0345505492	3.0
0380771586	5.0
0425211819	5.0
0345460030	4.0
0345485793	5.0
1481838938	4.0
0671755331	5.0
0312306326	4.0
B00KTK56P0	5.0
B004C44M7C	5.0
0345479904	3.071111111111111
1609285972	2.0
0385302320	5.0
0373773080	2.0
0399153063	4.0
0671743791	4.0
1416520368	5.0
0671001701	3.0
149937092X	4.0
0393048446	5.0
1420101307	5.0
0345505476	3.0
0007622872	5.0
1492803618	4.0
0425209954	5.0
0764206915	5.0
1455520640	2.0
0670885371	1.0
0373296681	3.0
1416514929	4.0
1453769382	2.0
0425195260	4.0
148234873X	5.0
B004JZYAVW	4.0
0515133477	4.0
044021596X	2.0
B008AL444E	2.0
149099856X	3.0
1452893209	4.0
0373753497	2.0
0743422732	4.0
1497596130	4.0
0345532562	5.0
1482747634	2.0
0143057324	4.0
0451213289	5.0
1455575763	5.0
0671744224	5.0
0375404007	4.0
0942617428	5.0
0373289936	4.0
0062019740	5.0
0671705091	4.554047619047619
0061965650	2.0
038531129X	4.0
0446527130	4.0
0515136530	3.0
0373774346	4.0
0143142801	5.0
0061009059	4.751480883144858
1469994542	1.0
1481972995	4.0
0743453484	2.634055517941774
1453728406	5.0
0373124457	3.0
0446406929	2.588579795021962
0451222172	4.0
0451207815	5.0
0451236343	2.0
B00I6X2XR6	4.0
B00II6JZB8	4.0
0440235510	4.0
050552094X	4.0
0380810719	3.4833930704898455
B00CLIHGEC	4.0
161581079X	5.0
0380016974	2.470689064106959
0451204794	5.0
0446406910	5.0
0440111811	5.0
0373128843	2.9999999999999996
0143037706	5.0
B003XDT8WC	4.0
0263880591	3.0
0345480090	3.4518982676004426
B00D5X6JA4	3.0
0942617436	5.0
0451406354	2.0
034552277X	3.0
0957484623	5.0
0446691402	2.0
0743453468	3.7318889641164517
0446574309	2.0
0307382664	5.0
0743463242	3.0
0441005845	5.0
B00HPHL9OW	5.0
0758204434	5.0
0425214494	5.0
0151015392	5.0
0505524899	5.0
B00FTQKHQM	5.0
145631100X	2.0
0985059176	4.0
1935407309	5.0
0553581686	4.0
0307743683	4.0
044661176X	2.9999999999999996
0821774565	5.0
1499651864	5.0
0425230996	4.0
0743463234	2.0
0754054446	4.0
0449149579	5.0
1401352197	1.0
0061963097	1.0
1417808268	2.0
0060002077	4.0
0380820528	4.0
0373528191	5.0
0061233005	3.0000000000000004
0671023578	2.793296089385475
0060595361	4.0
0743463226	5.0
0380795124	4.0
0007447868	3.0
095748464X	5.0
0786889047	2.0
031604461X	2.0557544757033246
0385337477	4.0
1569470111	4.0
0515133086	5.0
0373528175	4.0
0800732111	4.0
1447778804	2.0
0380776847	4.0
1484037200	2.0
0380795116	4.0
1442352965	5.0
0425232719	5.0
0312360738	4.0
0060561122	1.0
0312605935	2.904627892432771
0373772572	3.0
0615910661	2.0
0061246360	3.0
0061373230	3.0
0373110200	2.0
0060732067	5.0
0312265867	5.0
0380812967	3.0
0373295774	4.0
1591050405	3.0
0505524457	4.0
0060839252	5.0
0380761319	4.632449580784048
0316341118	1.0
037379567X	2.0
B009UJIIU6	4.0
0007118899	5.0
B0030F2S70	3.0
0312656262	1.0
1482545187	4.0
0714530875	5.0
1935407317	5.0
0451225600	4.0
0373076746	1.0
0263877353	2.9999999999999996
0062004662	1.0
B006L4C066	3.0
1601548680	5.0
0061728837	3.0
0786003723	2.0
1455508594	5.0
1492381233	5.0
006117422X	4.0
0373771274	5.0
0316735094	2.0
043935806X	4.5952726218097455
038551641X	4.0
0380807149	4.0
0312265859	3.0
1455508586	5.0
1481083538	5.0
0805075453	3.0
0312369506	3.0
1482785919	5.0
0380761327	5.0
0843953098	4.462686567164179
B00C0JGXE6	4.0
149106062X	4.0
0141040343	5.0
B00HEUADXI	5.0
0689852223	5.0
0553571907	3.0
0821778080	4.0
0060564482	4.0
B0032FPSNE	5.0
0505521547	5.0
0385339151	4.0
B00AC8B3EC	3.0
0553575023	4.0
1575668017	2.0
B004KKYX9A	3.0
0451118537	5.0
0452281032	2.9999999999999996
0373129793	5.0
0316724971	5.0
0440918642	4.0
0758217595	4.0
1419957619	4.0
0778303330	2.0
0373291523	3.0
0553575015	5.0
0425194833	4.0
0312348649	3.0
0373129327	4.0
0743496108	3.0
0312979983	3.0
0060505249	5.0
0843944161	5.0
B00GG5JE7I	5.0
042514237X	3.0
0449006360	2.951932773109244
1484021959	4.0
031603780X	3.0
0440228476	1.0
0553575007	3.0
0345443586	4.0
0373129319	1.0
0373773633	4.0
1419954598	4.0
0312979975	3.0911843876177656
0373775830	2.0
0451224604	2.0
0060774746	5.0
0345340248	5.0
B00947X3VI	4.0
0380750082	5.0
0312611641	2.0
1936850435	4.0
1933580097	1.0
1420103288	4.0
1495489345	5.0
0385339143	3.0
034544356X	1.0
0060584068	4.0
B00BSY78VQ	4.0
0060774738	5.0
B002KFD0V4	5.0
B00AQ37IXS	4.0
0312300247	4.0
1483949273	5.0
0446611107	2.0
B00DCCPHAQ	5.0
037542315X	1.0
0380809273	3.0
B00D5765T0	1.0
0812967801	4.0
140221894X	3.0
0385537859	4.125241779497099
0060517697	1.0
1551667290	2.0
0505522438	4.0
0449909042	5.0
1406337609	2.0
0821768220	5.0
0394805720	5.0
1551668130	4.0
0316024961	5.0
0373771886	5.0
B0089MXR6K	2.0
B00DNJCRYW	5.0
1420118781	4.0
0099710013	4.6170124481327806
0843953055	4.0
1573222038	2.0
082177848X	2.9999999999999996
0061456837	4.0
0425239810	2.0
0451217063	3.0
1118117522	4.0
0061083917	3.5545454545454547
0062049801	4.0
0739458213	1.0
031232118X	2.0
B00F3KG6N2	3.0
0373121873	2.0
038533916X	4.0
0425246582	3.0
1480105902	2.9389699674345677
0425263916	5.0
0345528654	4.0
0380809281	4.012370923218485
0989281000	2.0
1595142908	3.0
1482375591	5.0
0061456829	3.0
0312198493	1.0
0345518853	4.0
0312349513	3.0
0373118244	5.0
0440228441	5.0
0440229774	3.0
0983368414	3.0
0449909050	4.0
0441010512	5.0
0440201845	5.0
0312605390	3.0
0373527675	4.0
067161455X	3.0
1466354267	4.0
B0061WIL66	1.0
0843961554	3.0
0316014796	2.0
0671786466	4.0
B00901ACSA	4.0
B00BFQAQ0C	5.0
0446614262	4.0
0099464462	4.0
0553584391	3.0
0441017150	2.0
1481231898	3.0
1594744637	4.0
0446300578	5.0
0758220367	5.0
0451229444	3.0
B00AIBCBJE	4.0
0446614254	4.0
1469922754	5.0
0312346069	5.0
0373127529	2.0
0060009268	2.9999999999999996
0983368430	4.0
0373771843	5.0
0380805707	5.0
0060543132	3.0
0451218752	4.0
B00HE5NWCM	4.0
B0042JTAC4	4.712737127371273
B00CYBFTWC	3.0
0380756234	5.0
0143170090	3.0
0804119759	2.0
0451468279	4.0
0553299557	5.0
0758220375	4.0
0553296043	5.0
037312970X	4.0
1935171941	5.0
0060847344	4.0
B0088I4F48	3.0
0380813351	5.0
1490339299	4.0
0425236757	3.0
0804119740	3.0
0425195783	5.0
1492809438	4.0
0446616885	1.0
0380756226	5.0
1476734615	3.0
0312605382	4.490274001254967
0141309814	2.0
0449205118	4.0
0446406945	2.0
0446616893	5.0
0515120448	4.0
0446527289	5.0
0060009241	5.0
0062271377	5.0
0440236908	2.0
0385310366	4.0
0099406136	3.0
B003TFEPKE	4.0
0821780751	1.0
0312570686	4.0
0316126586	5.0
0425243451	4.0
1420128965	2.0
0061673412	5.0
1402203853	5.0
0989101002	4.0
1484062043	3.0
B003SX0Y20	4.0
0380780755	5.0
0373210582	5.0
0375700757	4.0
0385338708	3.0
0451419707	5.0
1935192809	4.0
0446616869	4.0
1492951641	5.0
0380799375	3.0
0451419715	5.0
0345480104	3.0
0425232344	1.0
0263858278	5.0
0804119317	5.0
0802120202	4.0
0380799367	3.0
0374266328	2.0
0380776243	5.0
0385333471	4.0
0446540277	5.0
0380815575	3.0622502119413832
074326715X	5.0
1476741352	3.0
0804119309	4.0
0061229695	3.0
042516232X	4.198374584410788
0739353993	2.9999999999999996
1442344989	3.0
0007172826	5.0
0062136305	5.0
0446540285	5.0
0316008079	5.0
0765325780	1.0
0380780747	5.0
0380897822	5.0
1495440907	5.0
0989707350	4.0
0380818507	2.0
0440235219	5.0
0743294378	3.0
0451407377	4.0
B005Q22CEY	4.0
0002232529	4.0
0373272332	5.0
B00F942XHA	2.0
0446541982	5.0
0345447182	4.0
0380785609	3.0
0380756293	4.059769074032149
B0062WBRXE	5.0
0345487621	4.0
0671880594	4.603351955307263
0307474844	1.0
075640505X	3.0000000000000004
1416524614	4.0
1451693486	5.0
B00H6C05IW	5.0
0449002470	4.669885550786838
0312368712	4.0
0380820803	4.0
0451402928	1.0
0767915305	2.0
0061438561	4.0
0380785617	2.0
0684826739	5.0
0380820846	4.20786252354049
1484872444	5.0
0060781920	1.172031076581576
0758201222	4.0
0380774933	4.0
0380794551	4.0
006114360X	4.0
0061143618	3.0
0380899531	3.0
0385343191	5.0
1565125037	3.0
038082082X	4.0
0060790873	2.0
0425264017	3.0
0375708731	2.0
1484809181	5.0
0425235947	2.0
0062118021	4.0
0061690376	1.0
0380805685	4.0
1480567981	4.0
0345481097	5.0
0446541974	5.0
1469941082	2.0
0515103969	5.0
0373124554	2.9999999999999996
1482011131	5.0
0446197998	4.0
0312082622	5.0
0380756250	4.0
0525953493	4.0
1416567038	5.0
B0083UCPNO	4.0
039914840X	5.0
0451416295	4.0
0061712787	4.0
0843950455	4.0
0380781204	3.0
0451221192	1.0
0142429112	3.5583596214511046
0373128924	5.0
0060732105	5.0
0671601296	5.0
0307932540	2.0
0440613426	5.0
0373860641	5.0
0380820854	3.8
B00IL9ZDH2	3.0
B0047O2Q6Q	3.0
038075889X	4.0
1491260734	4.334254907381808
0312984863	5.0
0743442237	4.0
0316969443	4.0
0061555819	5.0
B004C44GP0	4.0
0345503384	3.0
1599983907	4.0
0972437762	4.0
B00J915BYG	5.0
1476746532	5.0
0671525751	4.078842315369261
0821772279	3.0000000000000004
0778313530	4.0
0312984855	3.0595543285348055
0843948167	4.0
0062118072	3.0
1499236123	4.0
1609281292	4.0
0425220435	1.0
B00BJQ613E	4.0
0373124104	2.0
0425209652	1.0
0985428732	5.0
0470482559	4.0
0062068539	3.0
0345308077	5.0
0060092645	4.0
0312362153	5.0
0425219437	1.0
B005342GPA	4.0
0345447174	4.0
0440245443	3.0
B004OA63BC	2.0
1416516166	5.0
0380800810	3.539846915803692
140632132X	4.0
0821753975	4.0
0062068547	2.0
1470124327	5.0
0380808307	3.0
0505523205	5.0
1416516158	4.0
0373774427	3.0
014242207X	3.0
0373120567	2.0
0547576722	3.0
0380820897	3.0
077831488X	3.0
0385338228	2.4474066892874458
B00CIAD6UQ	4.0
1416509879	3.0
B000MAH73Q	2.0
1416963960	3.0
0060757434	5.0
0553575538	3.0000000000000004
0751547948	4.0
0778324214	2.0
0544035011	2.0
0380762595	4.0
0515128856	5.0
1933720093	4.0
0505525887	5.0
0312323859	3.0
0380800829	3.900833937635968
0345505514	4.0
0385338686	2.0
0821749021	2.0
0380762587	5.0
0352330708	5.0
0671023683	3.0
0399156046	1.0
0373242972	5.0
0345523318	2.0
1469241943	4.0
0312289723	1.656005685856432
026387740X	4.0
0439895294	5.0
0671737821	4.738822863610639
1605920525	3.0
0981473911	4.0
0465030491	4.0
0439023483	4.0
0440226309	4.0
0821777904	4.0
0446609781	5.0
0758205600	3.0000000000000004
0373226489	4.0
0446612952	3.0
0380751402	3.6324495807840473
0060842555	2.0
160504797X	2.0
0142001821	4.0
1416505474	3.601520912547528
0345522478	5.0
0380811995	2.0
0060526203	4.0
0743477723	5.0
0373773536	4.0
031234872X	3.0
0312203039	4.0
0440226317	5.0
0373771371	4.0
0380007789	1.0
B00LCN233G	4.0
0439023491	3.0
0385343612	4.0
B00BHJCHP4	4.0
0345522486	5.0
0060549319	5.0
006178480X	5.0
1416516123	5.0
0060526211	3.0
B00IDIFMOK	4.0
1482728834	4.0
0743477715	4.0
0373773544	2.0
0743477707	4.376113493896404
0553582224	4.0
0553584405	3.0
0802779956	5.0
1250006317	4.0
0843949090	5.0
0345456947	3.0
0345275136	5.0
0345453433	2.330114449213162
044023655X	5.0
0439981409	5.0
0345362861	5.0
0553272837	4.0
0743566572	5.0
067168972X	3.0
1452857237	5.0
0312605862	3.0
0373119178	2.9999999999999996
1416505458	3.8208110657026095
1599986590	1.0
0553582232	4.0
038077013X	4.492218875502007
0553583565	4.0
0385338252	5.0
0983388407	4.0
B00CYKHQW4	4.0
1569470200	5.0
0553571591	5.0
0060781580	3.0000000000000004
1603136177	5.0
0991841107	1.0
0373124996	4.0
0440234808	3.208540442837777
1439102767	5.0
1475104464	5.0
0373528000	2.9999999999999996
B00AA5CJ0Y	2.0
0208022732	5.0
1938101006	5.0
0671003348	3.0
0373119615	5.0
0515141658	3.0
0061985848	2.0
0515130990	4.0
0525951784	5.0
051513628X	4.0
1475017928	4.0
0399151575	3.0
0440234816	4.0
0061852074	4.0
0062060554	4.0
0515141666	4.0
0671002031	3.0
0451452860	3.0
055358183X	5.0
1419953133	1.0
1442421762	1.0
1551667126	5.0
0977468208	5.0
0821759213	1.0
0553593838	5.0
1481207474	4.0
1453688609	4.0
0764207555	3.0
0857662295	1.0
0061950726	4.0
0440221986	3.0
0425203972	3.078917700112739
0446600342	4.0
0671737791	5.0
1466297689	4.0
0451240197	3.0
0758229461	1.0
044655894X	3.3182692307692307
0671016652	4.0
0307731979	5.0
0843949740	3.451260316752175
0061456748	2.0
1609280954	3.0
0451233441	2.0
B002GJRZOM	5.0
042520264X	4.0
0812975510	3.0
0061456756	2.0
0553593846	5.0
0061235369	3.0
0061031534	1.0
0451222792	2.0
0345526546	4.0
0345445872	5.0
0060507365	3.3780788177339898
0843958626	4.0
0988380838	5.0
0373769202	4.0
0425181685	1.0
1582974896	4.0
038079747X	4.547875973227701
0380797488	4.048723897911834
1416524150	1.0
1402263805	5.0
0991379632	5.0
B003NX7BT4	4.0
0356500276	5.0
B007JZT5A0	3.0
0451220544	4.0
0312973071	4.0
030727828X	3.0
0671019740	3.0
B005HMO7LY	1.0
0451222725	4.0
0451404750	4.0
0312368356	4.0
0373122837	2.9999999999999996
0553588044	4.0
0061080527	3.0
0312428596	4.0
0385315090	5.0
030758836X	3.472122762148337
0743243021	3.0
0425156877	3.0
0441020860	1.0
0671747150	4.0
1490994718	3.0
0061852066	3.0
0553384635	5.0
0060514086	4.0
0062207393	2.0
0061703257	2.0
B00FCY77DC	5.0
0345543912	3.0
1466422777	4.0
0062059963	1.3942389155605763
0061852058	3.016129032258064
067103409X	5.0
0385344406	3.0
B0032J0IMG	2.0
0312853238	4.0
0812976886	1.0
0061259357	4.159466104671584
0671019716	5.0
0425202690	3.0
0983953678	5.0
0441019455	4.0
0425244466	3.0
0345543939	3.1974271012006863
0451204492	5.0
0312303467	4.637328094302554
0425212866	5.0
B0033UV8HI	3.0
B003A7I27S	4.0
0373129831	4.0
0988188058	5.0
0312949820	4.5751503006012015
0399152024	4.0
B00ENVYVHA	5.0
0062021354	5.0
B0051EZBRM	1.0
0515151068	2.0
0778320650	2.0
0316093831	4.0
0425194582	5.0
0756405017	5.0
0843948000	4.0
1480299561	3.0
1605048577	4.0
0441010652	5.0
038079263X	3.757602085143354
0804119635	5.0
1402281218	4.0
0373709110	4.0
044022375X	5.0
0141326085	1.0
0800720814	4.0
0380776162	4.2615722266560265
0425209210	5.0
0380776170	2.918194640338505
0446519790	3.0
0425233367	3.0
0373694466	5.0
0385336829	4.0
1250014409	5.0
0394510321	4.0
B009M7GC72	3.0
042524315X	5.0
0380797097	2.0
B00G19GW8S	5.0
0380811073	3.986195094124358
0982607865	4.0
B0058PIWXY	2.5797342192691026
0446604771	5.0
0821775286	3.0000000000000004
0380753022	5.0
0380792621	4.0
0060513640	4.0
1938789040	4.0
034543658X	5.0
0373771916	4.0
0425203956	2.0
0312428189	2.0
B00A41URVM	5.0
0061031127	5.0
0312931271	3.0
0385729332	4.0
0756405041	5.0
0373129874	2.9999999999999996
0756405025	5.0
1420118811	3.0
0061234923	3.0
0141337168	5.0
0380753014	5.0
1586088998	4.0
B003370JSK	5.0
0060843098	5.0
0756405033	5.0
0380811065	4.233211757133662
0061234915	1.0
0440117402	4.0
0060536705	4.0
0399152059	4.0
1565126297	3.0
0312949812	4.824056423942051
0099911701	4.71189047838794
0312949804	4.403522403522404
0373775075	3.0
0061438456	2.0
0440223725	5.0
1551668440	3.0000000000000004
B00B139IXK	4.0
014241493X	4.0
0515118044	5.0
0380811081	2.7804251761614713
0060536713	5.0
B00KUTQLAE	5.0
0786868724	5.0
1477584196	5.0
0385344007	4.0
1938789075	4.0
1577941217	5.0
0007102658	4.0
0743456335	3.548556430446194
0964894297	3.0
0061178047	4.0
0345803922	5.0
0312872380	5.0
0373127227	4.0
0440244633	5.0
006000181X	3.0000000000000004
0312354665	2.0
0985589981	4.455650607834309
0380750872	4.57155935306683
0515076228	4.0
B0047GNEDS	5.0
B00CCRTFSC	5.0
1461006953	4.0
B004TSLNMS	4.0
0743410548	4.0
014034912X	5.0
0380761513	3.705222685036847
0425208885	4.0
031232619X	3.0
0671735934	3.0
0451212142	2.9999999999999996
0061783412	3.0
0061032093	3.0
0380750864	4.0
0615535186	3.0
0307913090	5.0
0380815346	5.0
0425228487	2.0
0061032085	3.3900149349263917
0553093525	4.0
1492793639	4.0
098558999X	5.0
B004G5Z48S	4.0
0743467426	5.0
1606840592	2.0
0425216020	1.0
0515112305	3.0
1470044706	5.0
0821777890	3.0
0061252379	2.0
0060513659	4.527877237851662
0373124201	5.0
0060558121	5.000000000000001
0451460936	5.0
0451202317	3.0000000000000004
B00GVLPMI2	3.0
B00APRA5CG	1.0
0446618551	3.0
0671865080	5.0
037352790X	2.9999999999999996
0451216954	4.738822863610639
0061128589	2.0
044022201X	2.0
1610261240	4.0
1416516085	4.080677290836653
0312653832	3.0
0425244946	5.0
B004CRSQAS	5.0
0345534506	2.0
030728090X	3.0
B00AAU7AEE	4.0
0671011324	5.0
1609089464	4.0
0761151125	5.0
0425233820	5.0
B002ASASUM	5.0
0312354630	5.0
000617471X	3.0
0451204557	4.0
0143035304	4.0
148230810X	5.0
1616381493	5.0
0671011332	4.0
0380899825	5.0
0786838922	2.232255354892902
0061808709	2.0
125005236X	5.0
B00BL5VCO6	5.0
0062006207	3.0
0373295162	2.0
B004774YPO	2.0
0062072900	1.0
1250014468	5.0
0380757478	5.0
0515101222	4.0
0373835582	4.0
0988348209	4.0
0671034413	3.0
0440244234	5.0
044900127X	2.0
0451217845	1.0
B000WCWV30	4.0
0143116304	4.0
B00C3JDUJ4	4.0
0440217512	4.0
0425208818	2.0
0380753987	5.0
B0099AQHAY	4.0
0440237122	5.0
0505526832	5.0
0452278368	2.0
0312674724	5.0
0451226720	3.0
0373294646	5.0
0060197528	1.9943971778377259
1551662744	4.0
0425240541	4.0
0312949383	5.0
031284879X	5.0
141652715X	4.0
1416527168	3.0
B009KUNT90	2.0
0515141704	4.0
0440237130	4.396978021978022
075663119X	5.0
0345535871	5.0
0373292457	2.0
1432793578	2.0
0006514006	5.0
B008J2MMNO	3.0
0843953012	4.0
038082079X	4.0
B004A8ZT9A	5.0
0345533232	4.554214559386973
1484117549	4.0
0316206849	4.0
0062024035	4.610271903323263
0310435277	5.0
0843945400	4.0
0394755111	5.0
B00786YT1A	2.0
0425201392	5.0
0553582798	4.0
0985589930	5.0
143271385X	4.0
0312987633	2.0
0987151118	4.580024067388688
037313049X	4.0
0141039280	3.0
0380822970	1.0
038077139X	4.0
0380798867	5.0
0765318415	3.0
0505524686	3.0000000000000004
0446364800	4.0
0373295987	5.0
1402237014	5.0
0399152806	1.0
0060896450	1.0
1493632906	4.0
B004XWHI6U	4.0
1594489858	4.0
0425238660	3.0
0007386648	5.0
0380773554	2.0
0380775735	3.0
B00L0UANW4	5.0
1419955349	1.0
0515136379	2.0
1416527141	4.0
014241980X	3.0
0060092149	3.2813896789922796
0062024027	4.0
B00HBI9712	5.0
0060006633	5.0
0896893561	5.0
0425188361	2.0
0345803485	2.045087900723888
1844837920	4.0
B003ULP808	4.0
1416597867	5.0
0061491888	3.38298755186722
0756692512	5.0
0758205503	5.0
0060573775	4.0
0345478851	5.0
0373249217	1.0
1909256153	5.0
1938857119	5.0
0060541741	4.0
0373716699	5.0
142011705X	5.0
1455820067	3.0000000000000004
0060517638	2.9999999999999996
0060091290	3.586379174336051
0425224074	3.0
0440222079	1.0
034549539X	3.0
0451225856	5.000000000000001
0451411528	3.3182692307692307
B00FS1287E	4.0
014240652X	5.0
1484815149	2.0
0060779381	4.0
0385519702	2.0
038077352X	4.380236698785086
0380773538	3.2426975945017182
0671034014	4.0
0060092130	4.0
0451222350	3.0
0505525577	5.0
0345503406	2.0
0380818035	4.650900900900901
