054410210X	5.0
0312598378	4.0
0316105848	4.0
031259836X	3.0
1935982230	3.0
0743281616	3.0
0547370210	5.0
0312429509	5.0
0307263940	2.0
1596921447	3.0
078684907X	4.0
1401302769	4.0
1400317134	5.0
0439597420	5.0
0151005613	4.0
0142003808	5.0
0062198890	5.0
0446577391	4.0
0758285035	5.0
0671016776	5.0
0060938099	3.0
1427098956	5.0
0743229045	5.0
0307390942	4.0
0441005314	4.0
0739448641	3.0
0606196366	4.0
0375827404	3.0
0778325393	4.0
159692277X	4.0
0143038338	3.0
1416540563	3.0
B00GB83T8K	5.0
158297215X	4.0
031032789X	5.0
0615410812	4.0
1846948754	3.0
0878339280	5.0
0451207475	4.0
015100692X	3.0
0439597412	5.0
0425179451	4.0
0060005505	4.0
0449006158	1.0
0307949613	3.0
0061662550	5.0
0802138578	5.0
1601423314	3.0
0393239756	5.0
0330493310	5.0
0151013225	4.0
0345450922	3.0
0520217551	1.0
0385488181	4.0
0452261678	4.0
037543318X	4.0
0002007770	5.0
037586928X	5.0
0312316801	2.0
0449211177	4.0
0060565551	4.0
0061807370	5.0
0062049607	5.0
0439199964	5.0
B007F1ESUU	4.0
0439597404	4.0
0553099744	4.0
0385350155	5.0
043933909X	5.0
1400320798	5.0
0786020873	5.0
1573223158	5.0
0340836717	1.0
0395340667	4.0
0836217691	5.0
0764209868	4.0
0399254358	5.0
B0090JL6NC	5.0
0060139129	5.0
0984958800	4.0
0312621205	4.0
0439136350	4.666666666666667
0142180289	5.0
0394755189	4.0
1499611552	5.0
0743458036	4.0
0385720475	3.0
0312268645	5.0
1590581199	3.0
1565124871	3.0
0465002188	5.0
0441009700	4.0
067101675X	4.0
0312675062	4.0
0060256753	5.0
1410440478	5.0
006219447X	5.0
1451628587	4.0
0451210204	4.0
159692148X	3.0
1596921498	4.0
0425201015	3.0
0316220884	4.0
0553298046	4.0
0195105524	5.0
0786891416	3.5
1595552669	4.0
0312655460	5.0
0446691097	5.0
0547370261	5.0
0143115006	4.0
0425171531	4.0
1452854343	4.0
0060591803	4.0
0142426628	4.0
0307743802	2.0
0312428227	4.0
0385513666	3.0
014043769X	5.0
0486420574	4.0
0425179494	5.0
055329802X	5.0
0449223140	4.0
0151157936	4.0
067102082X	5.0
1843532727	1.0
0060955406	4.0
0761456341	5.0
1581826184	4.0
1118141849	4.0
0553298038	4.0
0143115014	4.0
1451642865	5.0
0786891424	5.0
0312655452	5.0
1440561222	3.0
0060509406	1.0
0312382316	4.0
0738718890	5.0
0786865989	4.0
0061857637	4.0
0312655479	5.0
0778327140	5.0
0345483804	5.0
0061230839	5.0
0849912156	5.0
0763600067	5.0
1118352149	5.0
0897335619	3.0
0312658508	5.0
0761112030	5.0
0806513500	3.0
0786863323	3.0
1572243759	4.0
0983319618	4.0
1584793953	4.0
0312428243	4.0
0312566719	4.0
0060922532	5.0
1939138000	4.0
B00HCN6CH8	1.0
0738718882	5.0
1934520004	3.0
0449000869	4.0
0935526749	4.0
0060190434	4.0
0786891432	4.0
0553200666	5.0
014311896X	4.0
0312978863	4.0
0800787625	4.0
0195134095	5.0
0689853343	5.0
0758206208	4.0
0764209825	4.0
1416542329	5.0
0385342586	5.0
0140131612	5.0
0345492730	5.0
1852424982	5.0
0375414819	4.5
0307406113	4.0
0099453924	5.0
0802138594	4.0
0553591347	4.0
0312382308	5.0
0060828412	5.0
184416361X	4.0
1573221368	3.0
0517556839	5.0
0547450052	5.0
0345530748	4.0
0807552976	4.0
0451216350	5.0
067172083X	5.0
0061774790	5.0
0738709085	4.0
076421263X	4.0
0596006187	3.0
0385521227	5.0
1439155577	5.0
0849946387	4.0
0880700688	5.0
1551668726	4.0
0151011478	5.0
0307356175	4.0
1439155569	4.0
0399155414	4.0
0880800038	5.0
B0094FZZGG	1.0
0679746048	2.0
0743571266	5.0
0785263780	5.0
0425219143	4.0
B00HUU13Z4	5.0
0345497600	4.0
1935928775	4.0
B009YHLQ5S	5.0
0061239224	4.0
0143119494	5.0
0878915052	5.0
042522144X	4.0
0452296366	5.0
0981003796	5.0
1936305267	5.0
0743254058	3.0
0345452704	3.0
0778327183	4.0
034542333X	4.0
0544106539	4.5
0984061193	5.0
1401033148	3.0
076532640X	1.0
0312537360	4.0
0394826876	4.0
B0082UMHJC	4.0
0312542704	3.0
0783814879	4.0
1935188135	5.0
B00845OWKC	5.0
0312428286	5.0
1601422032	5.0
1605984884	5.0
0151011451	4.0
0778327191	4.0
0446530689	3.0
1250000386	4.0
0312352557	4.5
031218008X	4.0
1416589899	4.0
0345530756	4.0
0671866451	5.0
0316381209	3.0
0911038477	5.0
1935738488	5.0
1250000378	4.0
0595359590	5.0
0060730552	4.0
1118324056	5.0
0316043079	4.0
0316210684	4.0
0345410092	4.0
0140165002	1.0
038551185X	4.0
0385475721	4.0
0143120441	5.0
0553824341	4.0
0345435397	4.0
147780949X	3.0
0061240257	4.0
0375712968	4.0
0060953616	4.0
0449206637	5.0
0156011433	4.0
0762419229	4.0
0778324923	4.0
0738840122	5.0
1469932741	5.0
1568361874	3.0
0425233421	4.0
0312381034	4.0
0091779251	4.0
1612181953	3.0
0767912918	5.0
0261103288	4.5
1597970212	4.0
1595549099	3.0
0842332340	3.0
1435134451	4.0
1608865762	4.0
0312585942	5.0
0743411323	4.0
1931561044	4.0
0380709244	4.0
1468149547	5.0
1401303277	4.0
1451664257	3.0
0399155449	4.0
0394800206	5.0
0446616613	3.0
1401341543	5.0
0743258460	5.0
1616382155	5.0
0060099453	4.0
0786854448	4.0
030745469X	4.0
0970190719	5.0
0515087947	5.0
057113596X	4.0
0345469593	4.0
081269404X	4.0
0399151079	2.0
0060888180	5.0
0060264306	5.0
0374286264	4.0
0310289025	4.0
0449004392	5.0
0312373449	4.0
1451608128	5.0
0446402389	5.0
1414348304	4.0
0061239240	5.0
0449983676	4.0
0321673352	4.0
1929631057	5.0
0764210890	5.0
0385501625	4.0
0195122852	5.0
0374230595	5.0
0374253234	3.0
0307277674	3.5
0891099093	4.0
0786918985	4.0
0312425945	3.0
0802120385	4.0
0894803123	5.0
0345533739	3.0
0980046122	5.0
0345497678	3.0
0789743094	5.0
9652295272	4.0
0060192119	5.0
0312263767	5.0
0060254920	3.0
0385509634	4.0
0312381921	4.0
0330319922	3.5
0449221431	5.0
1579548989	4.0
1250032830	4.0
1888992085	5.0
0312946392	4.0
0151011516	4.0
0399154043	3.0
1477809511	4.0
1476709351	4.0
0345472365	4.0
0547763271	4.0
0812519469	4.0
0738709131	4.0
0316221244	3.0
1935597248	5.0
0880708697	5.0
0452287383	4.0
1460974425	5.0
0446360953	4.0
0345532422	4.0
0743250532	3.0
0743270185	3.0
1250003482	4.5
0140866205	4.0
0470643927	4.0
0446400696	5.0
0199542880	4.0
031238193X	4.0
0061728918	4.0
0671315285	4.0
0060193484	5.0
0385336667	4.0
0761455949	4.0
1250028779	5.0
0815412843	4.0
0399160701	5.0
0736918795	4.0
0689859406	5.0
0802120350	4.0
0451205707	5.0
0156006189	4.0
1423106865	5.0
1250003490	5.0
0615827829	3.0
0060505915	5.0
0670018716	5.0
0425246833	4.0
0786708220	5.0
0307455084	4.0
0385348649	4.0
0307378497	4.0
045123734X	4.0
0743490258	4.0
0142408883	5.0
0671319639	4.0
0007147295	4.0
1414339364	3.0
0802119379	4.0
0375501886	3.0
1880284979	4.0
0778802132	5.0
0810004224	1.0
0312329385	5.0
0385339747	4.0
0873387708	5.0
0199538794	5.0
0192802062	4.0
0800757769	4.0
073870914X	4.0
0312352565	3.0
0727880454	3.0
1932961062	4.0
1444760637	5.0
1415872279	5.0
0060525509	5.0
0793508207	5.0
0553134698	5.0
1559702702	3.0
0823422518	4.0
0679732365	5.0
0778324885	5.0
0750305606	5.0
0307473716	4.0
0399147799	4.0
0312352573	5.0
0743266927	3.0
0440917190	5.0
1451672721	3.0
0451240936	5.0
1936221039	5.0
0312424671	4.0
068981321X	4.0
0224081411	5.0
1844166767	4.0
0312861877	4.0
0399145141	4.0
0425207242	4.0
0307278980	4.0
0345472357	3.0
0743228642	5.0
0671217704	5.0
0547428065	5.0
0385348681	4.0
0670038342	1.0
0805065377	5.0
0764209019	4.0
0312571399	5.0
0425184056	4.0
0312343663	4.0
1596435755	4.0
0425190749	2.0
1582433887	5.0
0764210009	4.0
193296102X	4.0
0830818995	5.0
0399121161	4.0
0307275000	4.0
0345471016	4.0
0345476700	4.0
0091796628	5.0
0425228150	5.0
0385526199	4.0
0307277666	5.0
0743287827	3.0
147670936X	5.0
0451240952	5.0
0061561029	4.0
0345497627	5.0
1477421858	5.0
0736914390	4.0
0425251373	4.0
0307336689	4.0
0061146080	4.0
0152002391	5.0
0195040546	5.0
0060897848	4.0
1414326017	5.0
0140181873	3.0
0765341174	3.0
0451226674	5.0
0882800663	5.0
076075943X	5.0
0312544499	5.0
1451626851	4.0
0060744367	5.0
044619820X	3.0
0061727679	4.0
1419537253	5.0
1410402282	5.0
0307462234	3.0
014027684X	3.0
0801012651	5.0
0312423373	3.0
0312319142	3.0
0451236874	5.0
0307730492	3.0
1401918875	5.0
0801013984	2.0
0380724065	4.0
0312264216	4.0
158243123X	5.0
038548951X	4.0
1607720043	5.0
0615490107	4.0
0312383703	3.0
0345458915	5.0
1401310435	4.0
031253115X	4.0
B00AGQ77W2	3.0
0451236890	3.0
0800722221	4.0
1888763000	5.0
0060735422	3.0
0140296476	5.0
031021923X	5.0
0060010800	5.0
073872162X	4.0
0836218051	5.0
1612183654	5.0
1932961089	4.0
0060170832	3.0
0307215334	4.0
0380729768	4.0
0253010748	1.0
038072975X	5.0
1451686528	4.0
0312377045	5.0
0812969006	3.0
0316168688	4.0
0307353133	3.0
0375408908	5.0
0988269732	3.0
0307266915	4.0
1400051126	4.0
1451628684	5.0
B00L7BVDFM	5.0
B00B7T64RQ	5.0
1607720027	5.0
0312621299	4.0
0156030659	4.0
0451235568	4.0
031022151X	5.0
0312300530	3.0
1608199924	5.0
0470168080	5.0
0060563893	4.0
0778327973	4.5
0871138719	5.0
0544227794	4.0
031628663X	5.0
0312377037	5.0
0547271204	2.0
0425215679	5.0
0060542977	5.0
0345458931	4.0
045146589X	5.0
0141390271	5.0
0061930059	5.0
0736901957	2.0
0061727660	5.0
0151078629	4.0
0312206372	4.0
0312286457	5.0
0307378411	5.0
0307278956	5.0
0099525372	4.0
0425223299	1.0
0837138159	4.0
0345487478	3.0
0307961257	3.0
0805066608	5.0
0830815058	5.0
1416547266	4.0
1489568360	5.0
0452289106	3.0
0881504351	4.0
1933515627	4.0
0132824361	2.0
0312169787	3.0
006218850X	5.0
0465001769	2.0
143920070X	4.0
0061728977	3.0
1607720000	5.0
0345505735	4.0
0140390464	4.0
0143112015	4.0
0825443008	3.0
0312379633	4.0
078521836X	4.0
0375826912	5.0
0517580519	4.0
0345534212	4.5
0393059685	4.0
0061990558	5.0
0425216101	5.0
0312426453	3.0
0143104403	4.0
0451235517	4.0
0451231155	4.0
B008TC1V4U	4.0
1612182364	2.0
0805448136	1.0
080213985X	5.0
0440223016	4.0
030727585X	4.0
097154333X	4.0
0060282983	5.0
1416593144	5.0
0553586823	3.0
0374226474	2.0
044918336X	4.0
0345497694	4.0
1401302866	4.0
0061774804	4.0
0345475461	4.0
0062004786	4.0
0763635529	5.0
006180732X	4.5
000721278X	4.0
0307270181	3.0
0312319169	4.0
0345462149	4.0
0062198793	4.0
0425213072	5.0
0312427794	4.0
0385515456	4.0
0440180953	4.0
0449219143	5.0
B00H3U3MMI	5.0
0312282060	4.0
0345505719	4.0
0393327205	4.0
0061479888	5.0
0449908496	5.0
0307590615	4.0
0758284640	4.0
0736929460	3.0
1453785132	5.0
1602860246	5.0
0199539278	5.0
0375504044	4.0
0316216798	4.0
0425147746	4.0
1426200463	5.0
1594201420	4.0
0380810433	3.0
0345434943	3.0
038553504X	3.0
0140441654	5.0
0849948177	4.5
034541098X	3.0
1582460612	5.0
0375423001	5.0
0310336759	4.0
0316196770	4.0
0380728265	5.0
0312187459	1.0
0060578769	4.0
0800730801	4.0
0446404284	5.0
1566892082	5.0
0525951547	4.0
1455878588	4.0
0743289455	3.0
145162607X	4.0
1470885409	3.0
0393065464	4.0
0764200712	5.0
0307338487	4.0
1442467770	5.0
1597495948	4.0
0380728273	4.0
0385720327	5.0
0156031817	4.0
0375756485	4.0
0312552246	4.0
0307704114	4.0
0375824251	4.0
0060760443	3.0
0615569617	5.0
006199104X	5.0
0762413158	5.0
0312569912	4.0
0312540272	4.0
0399153519	4.0
0380721643	4.0
0143119532	5.0
0061246263	5.0
0849948274	4.0
0553106686	4.0
1440178097	5.0
0849919703	5.0
034551212X	5.0
0316711543	5.0
0060566760	4.0
0758216394	3.0
0525952853	4.0
1596921595	4.0
0595196144	4.0
0374248656	5.0
097695981X	4.0
0380717581	3.0
0307453456	3.0
0664227473	5.0
0307237516	4.0
0758212801	4.0
0393061086	5.0
1478716991	4.0
0195317009	5.0
0307916812	5.0
0199603308	4.0
143912566X	5.0
0671876775	4.0
0060006927	5.0
0786715553	5.0
0099282917	4.0
0321580141	4.0
1416527427	4.0
0916888053	4.0
0316058858	3.5
0778325288	4.0
0767911725	5.0
014029628X	4.0
1585745359	5.0
0375423044	4.0
1616382082	5.0
1608190021	5.0
0446400718	4.0
006208478X	5.0
1466216468	5.0
1591259916	4.0
1936071649	4.0
0805083103	4.0
0821780476	4.0
0425196941	4.0
145210655X	4.0
1401200893	3.0
0312347251	4.0
0765316110	4.0
1623650925	5.0
0785261036	5.0
0425236641	4.0
1442457538	5.0
1936850362	5.0
0062071475	5.0
031031884X	5.0
034546219X	5.0
B00CLS62D8	4.0
0451460278	3.0
1416507817	4.0
1400033462	5.0
1455865230	2.0
0970504950	4.0
0312625510	5.0
0312313004	5.0
0064400026	5.0
1936071630	5.0
0684818868	4.0
0316032212	3.5
0007170580	4.0
B00KUZR0CQ	3.0
0802119514	3.0
0312643357	4.0
031615976X	4.0
1439155488	5.0
0670034649	5.0
1607720094	5.0
0316159778	3.5
0452272408	5.0
0316000647	4.0
0712606947	5.0
0060256656	5.0
0446546305	4.0
1440104662	4.0
0312442661	5.0
1477847006	5.0
0062194348	5.0
0312539223	5.0
0385512457	2.0
0312570740	5.0
0374271879	5.0
0062069187	4.0
1610090179	4.0
0941599515	4.0
0425226417	4.0
0143124072	2.0
0312368127	4.0
0399165525	4.0
0842332278	3.0
0486272818	5.0
B002WEBBG4	5.0
0446569895	5.0
0140620516	5.0
0060776846	4.0
0321449916	4.0
0312655347	5.0
1493513397	5.0
0786861495	4.0
0785261028	4.0
0312963009	3.0
0446404292	5.0
B005MEP6N0	5.0
1442412631	5.0
0520071549	4.0
0316158461	4.0
0684809931	5.0
0316159794	4.0
0805076824	4.0
1250011981	4.0
014025448X	5.0
096745526X	4.0
0441008534	3.0
0316021555	4.0
0836218833	5.0
1611099854	3.0
0684846969	4.0
0470416831	4.0
141970186X	5.0
0425169367	5.0
0922356807	5.0
0143037757	3.0
037570745X	3.0
1434704696	4.0
0802120547	4.0
0060266880	5.0
0060786205	5.0
0982539800	5.0
159692201X	5.0
0316601950	5.0
0451230531	5.0
1400077087	4.0
0743489063	4.0
0842386033	5.0
043910839X	5.0
1607014076	4.0
0440122147	4.0
B008NVQUSO	4.0
0316525405	5.0
1887424601	5.0
1608192628	5.0
0446363251	4.0
0761136193	5.0
0374299633	5.0
0804165742	4.0
0470932279	4.0
0758210205	5.0
0151013985	4.0
0849946492	4.5
1845134818	4.0
0425258890	4.0
1477822585	4.0
0007248075	5.0
0060012781	4.0
0836213122	5.0
B0037263Y0	4.0
0451205561	5.0
1590525728	5.0
0767907639	4.0
0385346859	4.0
0849946484	5.0
1416590994	4.0
0061125369	3.0
014118776X	5.0
0316199869	4.0
0983605882	5.0
0740781588	4.0
1611099846	5.0
093552682X	4.0
1930252560	5.0
0758210221	4.0
0151011338	4.0
0743226712	5.0
0425219240	5.0
0316127388	5.0
140020383X	4.0
0060890584	5.0
0345481372	5.0
0802120512	5.0
0061125350	3.0
0385491050	4.0
0395242916	3.0
015204566X	4.0
0142409332	2.0
1475138431	5.0
0740733079	5.0
0373210493	4.0
0310241804	5.0
0849946476	5.0
0425258831	5.0
0739316036	5.0
0394800303	5.0
0395840090	5.0
0060838728	4.0
0385499817	3.0
045123409X	4.0
0425141551	5.0
161638204X	5.0
1890862185	5.0
1555536182	4.0
084994645X	4.0
0425162486	5.0
0060591781	4.0
0345542886	4.0
0143036475	3.5
0425223329	5.0
0671536818	5.0
0451225155	4.0
0842375341	1.0
0151011397	4.0
0060959037	5.0
0689829531	5.0
0312119313	4.0
031238114X	5.0
0310714583	5.0
B003RWSELU	4.0
1561719803	2.0
0961519762	5.0
0553494015	5.0
0030830451	5.0
075822043X	5.0
0307741907	3.0
0374182396	4.0
1423138651	4.0
1476702918	5.0
0805089276	5.0
0449206505	5.0
0898796636	4.0
0691129266	5.0
B00CBO07WY	5.0
0007111347	1.0
0786014067	4.0
1402701217	5.0
0151014434	5.0
0615321364	5.0
1579623182	3.0
0380780860	4.0
0307381285	5.0
0300095465	4.0
006053124X	5.0
0060531258	3.0
1419696858	5.0
0553494007	5.0
0061789747	4.0
0060838744	3.0
0517586509	4.0
0321328981	5.0
0758220456	5.0
0310219094	5.0
0786915889	5.0
0849946441	4.0
0691144877	5.0
1612184073	5.0
1400082455	3.0
1400061539	4.0
0553288733	5.0
0307338460	3.0
0451459245	5.0
0142401404	4.0
0446573051	4.0
0425127230	5.0
0425103285	5.0
0374168091	4.0
0060765313	5.0
0399152288	3.0
0451460219	4.0
0679749896	5.0
031255835X	4.0
1423164903	4.0
0452284449	4.0
1416599371	4.0
0143036459	4.0
031605755X	5.0
0312558376	4.0
1586483587	5.0
0719565561	5.0
015601131X	3.0
144021400X	2.0
0738713007	5.0
1596922095	3.0
0786706643	3.0
0375500650	4.0
0142421944	5.0
0800733878	4.0
1423138570	5.0
080073386X	4.0
1439132739	5.0
0425262170	5.0
0060778660	5.0
0345521862	4.0
0060193328	5.0
1842432710	4.0
0393301311	5.0
1608190854	4.0
0800721888	5.0
0553225146	4.0
1844165523	3.0
0345396731	5.0
145168486X	4.0
014119667X	5.0
0374177724	5.0
0307745465	5.0
0385516053	4.0
078510920X	4.0
0399147632	3.0
0142004332	5.0
1118443500	3.0
0307990745	3.5
0425258904	4.0
1565122917	5.0
0486263118	4.0
0380709171	5.0
0143121049	5.0
0679722017	5.0
0312536100	5.0
0316018767	3.0
0061990639	4.0
000723242X	3.0
B00BJW6AIE	3.0
0316010804	5.0
0316693200	4.5
0312674554	4.0
1439153663	3.5
0312995431	5.0
0006514642	4.0
0930014472	5.0
0781811244	5.0
0452287464	4.0
076145277X	5.0
0689306474	5.0
1551666979	4.0
0451214552	4.0
0307452921	5.0
0345455932	3.0
0800733851	4.0
1596915781	5.0
0345483170	4.0
080508925X	3.0
0312379749	4.0
0307266877	4.0
141970415X	5.0
1593594747	5.0
1423103009	5.0
0062006487	2.0
0345487524	5.0
0060924357	5.0
0520241177	4.0
0800720539	5.0
0765313812	4.0
0060937661	4.0
0786837888	5.0
0312379730	4.0
160953008X	5.0
0312380720	4.0
0393061884	4.0
0399144587	4.0
0307266869	4.0
1427754659	5.0
0307389251	5.0
1400032911	4.0
B0045OUNUO	5.0
0553584332	4.0
0399157891	3.0
037542394X	3.0
1847671764	4.0
0307264203	4.0
0805241973	5.0
1932961100	4.0
0312537409	4.0
067172066X	5.0
0425204278	2.0
1586483668	4.0
1578562597	5.0
1250030323	5.0
0684844222	4.0
0312427808	4.0
0312334850	4.0
1414361378	5.0
0141034262	5.0
0981491413	5.0
039914501X	4.0
0743250478	4.0
0316018716	5.0
0553584340	5.0
0061827649	4.0
0553472631	5.0
B00GU6N0JQ	5.0
0380795981	5.0
0316740845	4.0
0307712508	4.5
0316693251	4.0
0785261958	5.0
0061806781	4.0
0312619766	4.0
038553826X	5.0
0061998575	4.0
0312546327	4.0
0874778700	5.0
0689801122	5.0
0758210248	5.0
0061015733	3.5
0743203232	5.0
1930252463	5.0
1410458792	5.0
0981491421	5.0
0553584359	4.0
0425251470	2.0
1400073480	5.0
0061009059	3.5
1595554289	5.0
0615716083	4.0
1483994740	5.0
0425218007	3.0
0380795965	5.0
0451407229	4.0
0316018724	3.0
0451227859	5.0
0670019992	5.0
0802170714	5.0
0380795973	5.0
0451218957	4.0
0802136877	4.0
0425263452	4.0
1400065879	4.0
0061015725	5.0
0060560614	4.0
1452664862	4.0
0060193395	5.0
0151012733	2.0
1476714819	3.0
0446576956	3.0
0813124379	5.0
1592863612	5.0
0452280826	5.0
0312424795	4.0
0446572594	4.0
0671892010	5.0
039484484X	5.0
0786705280	5.0
1482585200	3.0
0849944783	5.0
B00BSXJP5O	3.0
B00EDRU3KI	3.0
B004OL25XG	4.0
0809327368	5.0
0060083816	3.5
0399158316	4.0
0615351913	5.0
0061125288	5.0
0061011339	5.0
0151006091	5.0
1929925190	5.0
0465075096	5.0
1577318978	5.0
0060835745	4.0
1416549994	4.0
0307932885	5.0
0671755307	5.0
0440171970	4.0
0151011419	4.0
B005OLFHQM	4.0
0060817089	4.5
0316735485	4.0
1448687608	4.0
0740700138	4.0
1592406920	5.0
0425221636	5.0
0312301936	3.0
0060248122	5.0
1586483625	4.0
1591810329	4.0
038550795X	3.0
0618134298	4.0
0802733417	5.0
0061958514	5.0
0312334893	4.5
1841950890	4.0
0312312628	5.0
042518191X	5.0
0425218856	5.0
184416862X	4.0
0425258076	5.0
0312365160	5.0
0557175216	5.0
0399158383	5.0
0375845100	2.0
1935302353	5.0
0970504918	5.0
0345440013	5.0
0679643613	5.0
0312287690	4.0
0006550339	5.0
031238078X	4.0
B009J6AHTK	5.0
0736926259	4.0
0312377134	4.0
0312358873	4.0
0452283973	4.0
0312621191	5.0
0316739030	4.5
0891413928	5.0
0393081427	4.0
0312386095	3.0
0449912639	4.0
158428157X	4.0
0743219619	4.0
0743488520	3.0
0465042147	4.0
0061233005	3.0
0778322157	4.0
0061582050	5.0
0316097519	4.0
0300093764	4.0
1593150180	4.0
1616952741	3.0
0465013619	4.0
1452107955	4.0
0446576913	4.0
1581823789	5.0
0312427867	4.0
042520684X	2.0
0060776099	5.0
0307464997	3.5
0062049577	5.0
0875806341	5.0
0312312601	3.0
0312334877	5.0
0312328192	4.0
1400042321	3.0
0807013196	5.0
0156031868	3.0
031218087X	3.0
0156030535	4.0
0307950654	3.0
0553575406	4.0
0425202488	3.0
0399151729	5.0
0151010943	5.0
0099496941	5.0
0674048822	4.0
0938317504	5.0
0312064659	4.0
014311347X	3.0
0545403308	5.0
0739425005	4.0
0897501225	5.0
1477847057	5.0
1594745277	4.0
0385341970	5.0
0425148998	4.0
142316489X	3.0
0312625529	5.0
1578050227	5.0
0740724924	5.0
0156030543	5.0
0253212936	4.0
0060520612	5.0
0312341156	4.0
0810995492	5.0
1413319025	5.0
0387716750	5.0
1859859399	4.0
0143113496	4.0
1780055633	5.0
0674076087	5.0
1448615984	4.0
1423153367	3.0
0140249168	5.0
1451616759	4.0
0425166333	5.0
1596921528	4.0
1936243105	3.0
1426935870	3.0
1612785387	5.0
0399157093	4.0
0393067181	4.0
1849530661	2.0
1401203094	2.0
0425258041	4.0
073871089X	5.0
1410216225	5.0
0547203888	4.0
0786818700	5.0
0393047571	4.0
0312374062	4.0
078689136X	4.0
0747242887	5.0
0451215850	4.0
0385526210	5.0
0671231081	5.0
0553384449	4.0
0061958549	5.0
0739334670	5.0
0805046941	5.0
0312425236	4.0
0609609742	4.0
0891411305	5.0
0743243307	4.0
0307590526	4.0
0345440048	5.0
0385515561	4.0
1601421451	4.5
0061804193	4.0
0307594092	5.0
1743214251	5.0
0099484927	4.0
0345380371	4.0
0307386171	5.0
0451232380	2.0
B00B6U64B2	5.0
0316147869	4.0
0738725900	4.0
1937856062	4.0
0312312644	5.0
0156563770	5.0
0060764902	5.0
0670011177	5.0
0062720082	5.0
1416933395	4.0
0812971485	5.0
0842373624	5.0
0062294822	5.0
1585361267	4.0
0449002764	4.0
0393325385	4.0
0385487045	3.0
0061958522	4.0
0743597176	2.0
1492772909	4.0
0316018783	4.0
0898709458	5.0
0307446298	5.0
0805088768	5.0
043935806X	4.5
1449977804	4.0
1844167356	4.0
0143121073	4.0
125001428X	5.0
0841909105	5.0
1586481843	2.0
0385507968	4.0
0062184024	5.0
0307408817	5.0
193149942X	4.0
0307714292	4.5
0375869034	4.0
0307717321	5.0
081560601X	5.0
0842360611	2.0
006001203X	5.0
031242888X	4.0
1477823131	2.0
034551355X	4.0
0393308626	3.0
0393328236	4.0
0802117880	5.0
078144165X	4.0
098259142X	5.0
0307237893	4.0
1582461732	5.0
0151012164	4.0
1856752836	5.0
030758805X	4.0
0866839461	5.0
037582412X	5.0
0452281032	5.0
098295851X	5.0
0446577154	5.0
0465018335	5.0
0060820705	3.0
0670032395	4.0
0143038583	5.0
0312358482	4.0
0151012172	4.0
0553568728	4.0
0321823745	4.0
0399156909	4.0
0441003389	4.0
1400044677	4.0
1555975755	5.0
1419700243	4.0
0615680135	4.0
1564784207	3.0
0307593401	4.0
0253222680	5.0
0307588084	3.0
0596005474	3.0
0684843749	5.0
0151013470	4.0
B0057PJC3E	5.0
0451229053	5.0
0307237877	4.0
1931561273	4.0
0399161481	5.0
0143116118	5.0
0151012148	4.0
0345440072	5.0
014311610X	4.0
0375824111	5.0
0312384769	4.0
0553494392	5.0
1578565073	5.0
1931709122	5.0
0312280513	4.0
0439640113	5.0
0758266987	3.0
0316610984	5.0
B009XJALZ8	2.0
1439167397	3.0
0060764945	5.0
0307741885	4.0
1844167399	2.0
B003O85YEM	4.0
0060930349	5.0
042514321X	5.0
1401323006	5.0
1250011663	5.0
0307237885	4.0
1932993673	5.0
081297235X	4.0
006196171X	5.0
0931432820	5.0
1416537104	4.0
0446603988	4.0
B00GQFDSI4	5.0
0809127733	3.0
0805029540	4.0
0307277070	4.0
0142001430	3.0
0312570600	5.0
0061767891	5.0
0393079562	5.0
1592640338	4.0
0385537859	3.0
0764320238	5.0
0030554624	5.0
034546401X	4.0
0061836923	4.5
0758219725	4.0
031238470X	4.0
160553157X	5.0
0195341473	5.0
042519003X	4.0
0345542924	4.0
0340979496	4.0
006222901X	4.0
0312874499	3.0
0312379358	5.0
0060530677	4.0
0849947030	4.0
0802733204	5.0
1594030863	5.0
1582346771	4.0
1935738275	5.0
1250011639	4.0
1401928080	3.0
0312644566	5.0
1400042054	4.0
0865471606	3.0
0984009183	4.0
0316159417	3.0
1571107800	5.0
0312534914	4.0
0312380348	4.0
0321766660	5.0
0307474003	5.0
0679602895	3.0
1573222038	4.0
0879739428	4.0
0385503628	3.0
0802170064	5.0
1250000971	5.0
0684852624	3.0
0307277097	4.0
0804815313	5.0
0440219507	5.0
0915943425	3.0
031232118X	3.0
0061320684	5.0
044653224X	5.0
0143114395	4.0
1594866635	5.0
0764142402	5.0
0060897295	4.0
1442421231	5.0
0375502025	4.0
0445209798	5.0
1556370121	5.0
0451220684	5.0
0811735036	5.0
067002340X	4.0
0800722493	4.0
0345514009	4.0
1594862281	3.0
0670012777	5.0
1451686668	5.0
0307268160	4.0
0299187942	4.0
0316115894	3.0
0230108024	5.0
0800720717	4.0
0609606948	5.0
1595550291	4.5
0151014736	5.0
1617750301	3.0
045121658X	4.0
0312317999	3.0
0345514017	4.0
1456580299	4.0
0201887940	4.0
0312378912	4.0
0330419129	3.0
0316014796	4.0
0740726641	5.0
0099464462	4.0
0738712485	4.0
0060564083	3.0
0446531782	4.0
0312428022	4.0
0345514025	4.0
1414348118	4.333333333333333
0316693294	5.0
0849948320	5.0
1118517687	5.0
052911769X	5.0
0830832149	5.0
0060965886	4.0
0385534779	4.0
006089900X	3.0
0451221958	4.0
0060545798	3.0
0758202946	4.0
0805094571	3.0
0345514033	5.0
0743225732	5.0
1434908828	3.0
0316693286	4.0
0312583966	4.0
0743266285	4.0
0316000132	4.0
0316154601	3.0
1416556745	4.0
0465003214	5.0
0316155969	4.0
1400203732	5.0
0061939897	5.0
067002032X	4.0
0385422938	3.0
0062195514	4.0
0486460363	4.0
0758201621	5.0
0618680004	4.0
0786889713	4.0
0802119646	4.0
0345434234	3.0
1579621910	5.0
0345514041	5.0
0785231951	5.0
0972507841	5.0
1601423128	5.0
0451192990	5.0
1480441945	2.0
1455504750	4.0
1562791281	4.0
0307588920	3.0
015603347X	4.0
0156011255	3.0
0849948304	5.0
0446578428	3.0
0962274844	4.0
0393319369	5.0
8862933193	4.0
0399155635	3.0
0452285453	4.0
0060850523	5.0
0345343352	4.0
073872310X	3.0
1435460855	4.0
0738723118	4.0
0393060039	4.0
0446385166	4.0
0375421815	4.0
1416556761	5.0
0465048145	5.0
1492177164	3.0
1591140978	5.0
0609810219	4.0
0786720611	5.0
0385312520	5.0
0486413195	4.0
0345481496	5.0
0385410956	4.0
0306806266	4.0
0062270044	5.0
0399157409	4.0
1573221562	4.0
0340828900	4.0
069113121X	4.0
0312606281	5.0
0670891762	2.0
1401601936	3.0
0385344139	2.0
1402714424	5.0
0393077780	4.0
0785260463	4.0
1414325436	5.0
0345514068	5.0
034551405X	4.0
0764814303	5.0
0143119222	5.0
0849921287	4.5
1423103653	4.0
097285133X	5.0
1590806824	5.0
0375700757	5.0
0553494376	4.0
0312552726	4.0
0895260476	4.0
0553808087	4.0
1935142151	5.0
0743573641	5.0
0399155694	4.5
1612180868	4.0
0345514076	5.0
1477849726	4.0
1931561281	3.0
006058629X	3.0
1451617291	3.0
0062270060	5.0
0140143459	5.0
0935526935	4.0
0316069884	5.0
0307341747	4.0
0345425324	4.0
0871139332	2.0
1616364971	5.0
1414325460	5.0
1589976819	5.0
0486462102	3.0
0312375859	2.0
0385508484	5.0
0802170900	4.0
0671524933	5.0
0345485823	4.0
0684829495	5.0
0321245784	4.0
0312428081	3.0
0393065782	5.0
0446562068	5.0
B00DEXLZLI	5.0
0316000124	4.0
1937163148	3.0
0972507809	5.0
0385494238	2.0
0825461111	5.0
0399251960	5.0
0385513836	4.0
039305909X	4.0
1616144858	5.0
0060540087	5.0
0007172826	4.0
0061771090	3.0
B00B3DROPW	4.0
1414325444	5.0
0345485815	4.0
0062320041	5.0
1463782950	5.0
0062073168	5.0
B0038YJXZI	4.0
B00IA4UVPC	4.0
193156129X	3.0
1410736997	4.0
0316776963	4.0
0151011745	4.0
0399157328	3.0
0786470577	5.0
0743241835	5.0
0345476972	5.0
0700612343	4.0
0399158650	5.0
0786891297	2.0
1458201627	4.0
0375508260	5.0
0812517040	5.0
0806313781	5.0
0060596503	4.0
0740738593	3.0
B0063LNGWE	1.0
0439634253	5.0
0545104742	5.0
1612186076	4.0
1596985666	5.0
0764202219	5.0
0312549997	5.0
0230606172	5.0
0553582259	5.0
0345529006	3.0
0060540931	5.0
0393059006	3.0
0062086367	5.0
1401352472	4.0
0394577191	4.0
1423119916	5.0
0897325699	3.0
0767904656	4.0
1932961240	4.0
0674068149	4.0
0399158642	5.0
1601420846	4.0
0385344074	4.0
0007228023	5.0
0618036695	4.0
B007HE638U	5.0
0767915305	4.0
1599906449	4.0
0394570553	4.0
0345476999	4.0
1250033934	4.0
0061012351	5.0
0316098329	4.0
0979051606	4.0
0393062627	4.0
0553582267	5.0
B005K94PB6	5.0
0590100548	5.0
B00B5UM962	4.0
0842377506	5.0
031027642X	4.0
1623650542	5.0
0955687101	5.0
0312640218	5.0
0312612192	4.0
0151009430	4.0
1250004586	4.0
0345496574	4.0
0865714487	5.0
0553582275	4.0
0307393879	4.0
0446584266	5.0
0425240053	2.0
0425189953	5.0
0312612184	4.0
0750682884	3.0
0679749861	5.0
0811708284	5.0
030758898X	4.0
0312367406	4.0
0679435344	4.0
0375839151	5.0
0446676101	5.0
1841764086	5.0
1477134727	4.0
0764211145	5.0
0743486285	4.0
0375703055	4.0
0061826677	5.0
0060540907	5.0
0547567375	4.0
0451225546	4.0
1459802535	5.0
0143036742	4.0
0446616478	3.0
0395361710	5.0
0316051659	3.0
0140285539	4.0
0764201794	5.0
1611599326	4.0
0395861624	5.0
159417024X	4.0
1439165505	5.0
0884199568	5.0
0062088122	4.0
0800719654	4.0
1605984582	3.0
0425189961	3.0
0060927569	4.0
0756400651	5.0
1448696224	5.0
034548018X	3.0
0345531345	4.0
0547820119	4.0
0743203593	5.0
0767914023	4.0
0345428447	4.0
0307277887	4.0
0374199892	4.0
0671720147	5.0
0972507868	5.0
0312424426	4.0
0849901707	5.0
0143123300	5.0
0156030489	4.0
0345517067	5.0
0307456153	3.0
0764211129	4.0
1611599334	4.0
0395964644	5.0
0310926106	5.0
0316969443	5.0
1569803420	3.0
0375420592	4.0
0312194110	5.0
1594311609	5.0
145162137X	5.0
0471781282	5.0
0849920000	5.0
0932194176	2.0
1451697414	4.0
0425176673	5.0
0393059014	3.0
0451229924	4.0
0425167720	4.0
0312423101	4.0
1935096958	5.0
0141339195	5.0
1932961275	4.0
1844167402	4.0
0307730271	5.0
0312642830	4.0
0385344082	5.0
0312641508	5.0
0061231134	3.0
0425227065	4.0
0689829817	5.0
0425207455	1.0
1416549633	3.0
009974371X	1.0
074322888X	4.0
0692011218	5.0
0143035401	5.0
0312425775	4.0
0764201786	4.0
0312424442	3.0
1571452788	4.0
0764212435	4.0
0752458663	5.0
0972507892	4.0
015204700X	5.0
0452296021	5.0
078671820X	3.0
0439064864	5.0
1413318096	5.0
0836228944	5.0
1401688705	4.0
4805310782	5.0
0345502035	5.0
0066211115	3.0
0802121071	5.0
0715315455	5.0
0312428812	3.0
1439183368	4.0
0312387067	4.0
0312342160	5.0
031286860X	5.0
1423190874	5.0
0374168717	5.0
0345485041	4.0
0312380437	5.0
0345427173	5.0
1568250770	5.0
0399149775	4.0
B007SKCLY8	3.0
1439149445	4.0
0708949835	4.0
0312378106	5.0
0312379439	5.0
0425238598	4.0
0061994715	5.0
1400070902	4.0
0425166422	5.0
0758207832	5.0
1118370201	5.0
0385340540	3.0
1569471592	3.0
0061478741	3.0
1476739854	3.0
0062088157	5.0
0375727868	5.0
0393038912	5.0
034542848X	5.0
0399148450	4.0
0553591126	4.0
0451213505	4.0
0345427165	3.0
0312380429	4.0
0399147101	4.0
0425152901	4.0
0684853914	4.0
0988697793	5.0
1400073154	3.0
0151005001	5.0
0399157387	5.0
0307464636	3.0
0312587538	5.0
0099451956	4.0
0312323859	4.0
1591295505	5.0
0544236041	4.0
1934137456	4.0
0345523784	3.0
B009N72ZZ4	5.0
0394800915	5.0
0345427157	2.0
0380800829	5.0
0312272057	5.0
193318423X	5.0
1594153795	5.0
1416537074	3.0
0312359861	4.0
1586175009	5.0
0553100637	4.0
0451069420	4.0
0399149759	4.0
1935096907	5.0
0767924223	5.0
0312347812	4.0
0316194727	5.0
0778325563	4.0
0983524068	5.0
0521153972	3.0
042522788X	5.0
1931561303	4.0
0785265392	5.0
006000567X	5.0
0345440102	5.0
1478269960	4.0
0140437363	5.0
0316103985	5.0
0817454276	4.0
1583333711	3.0
0345450388	4.0
0439023483	5.0
0810993597	5.0
0446582417	5.0
0684844184	5.0
1849234299	5.0
0399161465	4.0
1456313754	5.0
1623650526	5.0
0345436911	4.0
0312534868	5.0
0764211196	4.0
0738713813	5.0
0809039435	5.0
0812981383	5.0
0385506724	4.0
0312587554	5.0
0446357170	5.0
0425187381	4.0
1423104080	5.0
0307730212	5.0
0312252447	5.0
160945068X	4.0
006064334X	5.0
0375423699	5.0
0842317872	2.0
0307387178	4.0
0684832194	1.0
043920352X	3.6666666666666665
0307461572	4.0
0439023491	5.0
0253214181	4.0
0425239888	4.0
067169863X	5.0
0446577081	3.0
0544052897	5.0
0451212215	4.0
0446391069	5.0
084994709X	4.5
0312604548	4.0
B004DI7LSY	5.0
0988761955	1.0
1782640703	4.0
0738713821	5.0
034542719X	4.0
1606390139	5.0
0312379420	4.0
160953039X	4.0
0300067550	5.0
0385340559	3.0
1414311613	5.0
1889307181	4.0
1594486247	2.0
159692165X	4.0
0306810387	5.0
0312426216	4.0
0811868656	4.0
039334391X	5.0
1451525834	5.0
034546673X	4.0
031027771X	5.0
0060571225	3.0
1590515455	4.0
0312342179	5.0
0062110500	5.0
0007141785	5.0
0385515693	5.0
1413312721	5.0
097996945X	5.0
0802117821	4.0
031262980X	4.0
0553283960	5.0
0449209121	5.0
0399148469	4.0
0788789643	4.0
0060987197	5.0
0553386522	4.0
0738713805	4.0
0451214862	4.0
0385340567	4.0
0451230094	4.0
0345427181	5.0
1566492009	3.0
0312427565	5.0
1596921684	4.0
1451683677	4.0
0394757688	5.0
B0050OXK58	5.0
0316228532	3.0
0425164071	4.0
0609807773	5.0
B004YQVP1O	5.0
0805440321	3.0
0803260415	5.0
0306806983	5.0
1416597328	4.0
0399153764	4.0
0440195357	4.0
0062244752	5.0
0805090916	4.0
0743413261	4.0
0060746386	5.0
030739610X	4.0
0452286832	3.0
1596436077	5.0
0394800184	5.0
0811806472	4.0
0312426356	3.0
0802126006	4.0
0345456572	5.0
0395798671	4.0
0595276369	5.0
0393081710	5.0
0849947197	3.0
0151012040	3.0
0618004076	3.0
0316735736	4.0
0425200000	3.0
0312600895	4.0
1551666286	4.0
1450283543	4.0
0061779725	3.0
0743287037	5.0
0393063062	4.0
0142002836	5.0
0836217357	5.0
0061470856	5.0
0805090924	5.0
0060792299	2.0
0156011190	5.0
0385523386	3.0
0898704782	3.0
0385732554	5.0
0380779625	5.0
0062060554	4.0
0393081702	4.0
0451206266	4.0
0345456580	5.0
1585710067	5.0
0061673560	4.0
1595552731	3.0
0345444566	3.0
0300120397	5.0
0061252700	3.0
0606127445	5.0
0345533291	1.0
0061979198	4.0
0399152415	4.0
031236394X	5.0
0195174836	5.0
0671015311	4.0
1578602475	5.0
0373785747	2.0
0399159053	4.0
1416594272	5.0
0385732562	5.0
1566635802	4.0
0830823980	5.0
0758221983	5.0
0446405345	5.0
0671682989	5.0
1480219851	4.0
0143037102	4.0
0307465209	3.5
0230341691	5.0
0061799319	4.0
0385506821	4.0
1439133042	4.0
0743235819	5.0
0143122916	5.0
0740780891	5.0
0974902624	2.0
0060610352	2.0
0151004420	4.0
0525949461	5.0
0060545607	5.0
0394710355	4.0
019954641X	5.0
0451235614	5.0
0312426399	2.0
0595390005	5.0
1595552715	3.0
0446405337	4.0
0151012032	4.0
0399152407	4.0
0451411056	2.0
0142414530	5.0
074325547X	4.0
0849947162	4.0
0061951641	5.0
0345477464	5.0
B005DHMOIQ	5.0
0395670292	5.0
0451239156	5.0
0345456521	5.0
0307351246	2.0
0743243498	4.0
0062027913	4.0
0915943565	4.0
0312209533	5.0
1596523875	3.0
0143116231	5.0
0307338282	5.0
B004Q7CMCC	5.0
1449508065	5.0
1441756027	5.0
B003Y74HVY	5.0
0316126632	4.0
0743276353	4.0
030727828X	4.0
0393060810	5.0
0786713593	4.0
0061951633	4.0
1414367341	3.0
1479162760	5.0
038536315X	4.0
0307352579	3.0
0224042963	3.0
B005WXFHDU	5.0
1440318409	5.0
0385511361	3.0
1439134324	4.0
0545233445	4.0
0743242173	2.0
0312425082	5.0
0345485076	4.0
0451232526	5.0
1596922230	4.0
1603582347	3.0
0974575038	5.0
0671528580	5.0
0451221885	4.0
030728364X	4.666666666666667
0451239172	5.0
0060182938	4.0
055328942X	5.0
0199731675	1.0
1565843436	5.0
0982328680	5.0
0811843432	5.0
0312348320	4.0
0316012831	3.5
0671207148	4.0
147933054X	2.0
0590381571	5.0
0425259544	3.0
0451233867	5.0
1932993746	5.0
B00CMZ7RHA	5.0
0143037145	3.5
0307589250	3.0
1584654872	5.0
0984399909	3.0
0393239624	5.0
1400079446	5.0
0918477379	3.0
0316126659	4.0
0743297296	4.0
0345447603	4.0
0345456556	5.0
1413304141	4.0
0394800176	5.0
0451459083	5.0
0345514130	5.0
0805093141	5.0
159555274X	4.0
0425226646	4.0
0060934867	4.0
0141188014	4.0
0307595919	3.0
0143113178	4.0
0312363923	3.0
1250005965	4.0
0060748168	5.0
0399154213	4.0
1402250924	5.0
0330451898	4.0
0316017701	3.5
0451239113	4.0
0345479289	4.0
0307409120	4.0
1482023776	4.0
0380725835	4.0
0072259213	5.0
1463437935	5.0
0451229797	5.0
0553817736	4.0
0099490625	1.0
0312950810	4.0
015603204X	4.0
1476724911	4.0
0739327364	5.0
0151014620	4.0
0780648838	5.0
0895550091	5.0
0700611789	5.0
0310318653	3.0
1250000289	4.0
075824200X	3.0
1439136947	4.0
0345548388	5.0
1439197083	3.0
1597495786	4.0
0425235521	4.0
014200023X	4.0
0425220486	2.0
1433671212	5.0
0061097349	4.0
0380792664	4.0
1477849807	2.0
0590067567	5.0
0920256562	5.0
0306808749	3.0
0394890507	4.0
0156028808	4.0
0060569662	5.0
0373881355	4.0
1566638003	5.0
1442420073	5.0
1401303358	4.0
042516828X	5.0
0399156852	4.0
0671027379	4.0
080508682X	5.0
0553572938	4.0
0441010652	1.0
0060766859	4.0
006195165X	5.0
0764576232	5.0
0060742887	3.0
078523182X	4.0
0142000280	5.0
0812977300	3.0
B00BBS2R88	5.0
034551548X	5.0
1603584110	4.0
0758201508	4.0
0618574794	4.0
0345514165	5.0
0306815087	5.0
0517553422	5.0
0439098262	5.0
0142412724	4.0
1887140441	3.0
B00BOAT7LS	5.0
0156011131	4.0
0440221102	4.0
0393041654	5.0
080501389X	5.0
1605292176	3.0
0312384009	4.0
015101289X	3.0
042523553X	3.0
0307245306	5.0
0385510012	4.0
159643600X	5.0
0374108994	5.0
0143036661	3.0
0470887109	4.0
1400316332	3.0
0743435451	3.0
0312200390	4.0
0312251939	5.0
0316040932	5.0
0312428170	5.0
0312365748	4.0
0439023513	5.0
0449209830	4.0
1860743498	5.0
0375410538	2.0
0099288850	3.0
0307275175	5.0
1598696092	3.0
067974830X	4.0
0137071558	4.0
0062227378	4.0
0137015453	5.0
0736902597	4.0
0399154256	4.0
0099461269	2.0
042522791X	4.0
0380719185	4.0
0785222073	5.0
0312428189	5.0
0446405329	5.0
0312362641	5.0
0805094407	4.0
0316040924	4.0
0739326074	5.0
0807117587	5.0
0300097425	5.0
0810943247	5.0
0385522894	4.0
0385336403	3.0
0976744236	5.0
0312383576	4.0
0312422881	4.0
0553156373	4.0
0800719816	5.0
0345377443	5.0
0679724362	5.0
1932961321	4.0
0099494175	4.0
045122406X	4.0
1605984752	4.0
0151014671	4.0
0440503744	4.0
0425176703	4.0
1573221465	3.0
0765304740	4.0
0446601241	5.0
0685226506	5.0
0140131566	5.0
0446405310	4.0
B00J0G11S0	5.0
0425193292	4.0
0671877011	4.0
0758266898	4.0
0842319476	4.0
019953750X	4.0
1859858678	4.0
1932961313	4.0
0195165993	3.0
1929631162	1.0
0380721457	3.0
0670034819	5.0
0307386740	5.0
006018471X	5.0
0345510607	5.0
0300095694	5.0
0670022845	5.0
031242289X	5.0
0425257754	4.0
1611062306	5.0
0143035371	2.0
1940026016	3.0
0716743892	4.0
0380725827	4.0
0613065425	5.0
0805090037	4.5
0448095017	4.0
0060506083	5.0
0385482388	3.0
0895876116	3.0
0446533637	4.0
1595553207	5.0
0142004669	4.0
0870409425	3.0
1591846560	5.0
0151012954	3.0
0451454243	5.0
0345427203	5.0
1931686602	2.0
0312567073	5.0
0671043366	5.0
0758254091	4.0
0865477736	5.0
0380798808	4.0
098429970X	5.0
1402210876	3.0
0061130400	4.0
0066209552	3.0
077043584X	5.0
080483816X	3.0
0316025283	3.0
0671793829	5.0
076455526X	5.0
0752456180	4.0
0307377032	4.0
039306915X	4.0
0470879483	4.0
1594204160	5.0
0670025178	4.0
0345428528	4.0
0316156507	4.0
1936365758	5.0
087000056X	5.0
0758280378	4.0
0312273207	2.0
1416580557	4.0
1434818853	4.0
0590226517	5.0
0980082595	4.0
0345538064	4.0
0521882745	4.0
0307913090	3.0
1575664208	4.0
0395665698	5.0
0140548963	4.333333333333333
0307346781	4.0
0307377024	4.0
0307917452	5.0
0151012970	3.0
0385516290	5.0
0786915579	5.0
0312593260	4.0
038079005X	3.0
091756152X	5.0
015101292X	4.0
0425167801	3.0
0393058484	5.0
0345495357	4.0
0446400580	4.0
1463717091	5.0
0312343507	5.0
0232525005	5.0
0451523253	5.0
0446547387	4.0
0312227329	2.0
0785113932	4.0
0375501770	5.0
0345428501	4.0
0399508031	4.0
0470537213	4.0
1594746761	5.0
0394890493	4.0
0618149147	3.0
0736909958	5.0
0684813793	5.0
0399154140	4.0
0451212118	2.0
0375406441	4.0
0394890485	5.0
0307393992	4.0
0345538080	3.5
0446547395	4.0
0684869306	3.0
0758280343	4.0
0064430464	4.0
042519504X	4.0
1623420547	5.0
1400074584	5.0
0802122485	4.0
158567348X	5.0
0758201524	5.0
0316018953	4.0
B00IDCQGPA	5.0
0842352104	4.0
0307263185	4.0
1400106656	5.0
0440947979	5.0
0312262515	4.0
0446531863	3.0
0451226763	5.0
0312607547	4.0
0451221079	5.0
0141802758	5.0
031238534X	5.0
0307730190	4.0
1476712867	5.0
0307266206	4.0
0330304577	4.0
0143035304	4.0
0064407217	5.0
0061451835	4.0
0425219585	3.0
068816689X	5.0
0307284050	5.0
142311437X	4.0
0312263856	3.0
0312648006	4.0
0312287801	4.0
1622050126	4.0
0307263177	3.0
1455839957	5.0
1599793504	2.0
0062108166	3.0
0915540665	5.0
0156030365	3.0
0385339402	4.0
0895261952	4.0
0984479503	4.0
1442367318	3.0
0821772155	2.0
1414361114	5.0
0380790025	5.0
0804830274	5.0
0758201540	5.0
0736909923	5.0
0307987302	3.0
031259898X	5.0
0307267520	4.0
0380790033	2.0
0399160876	5.0
0345511891	4.0
0736909931	5.0
1476712883	4.0
0764212540	4.0
140004166X	4.0
1475282494	4.0
0007189885	4.0
0743247035	4.0
1890626740	5.0
1594488959	4.0
0812694333	5.0
0140065504	4.0
0151012989	4.0
0817455671	4.0
0143036610	5.0
1551681919	3.0
0700613501	5.0
1449566707	5.0
0674013131	5.0
0151957479	5.0
B0046LV9GI	5.0
0425252108	2.0
0385531893	2.0
031237206X	5.0
0425159442	4.0
0446403636	5.0
1605983365	4.0
076791676X	4.0
0425199428	5.0
0345448146	3.0
0615382401	5.0
0385488564	3.0
0679722645	3.5
038550117X	3.0
0446523364	5.0
0816646651	5.0
0986593141	4.0
0312428936	4.0
0307265722	5.0
042523603X	5.0
039306073X	5.0
0312651619	5.0
0312322666	4.0
0061990493	5.0
1565125339	5.0
0743429575	4.0
0898701775	4.0
0446400513	5.0
0743454529	4.5
0060195347	2.0
0571517935	5.0
075826691X	4.0
0451181395	2.0
0143034812	4.0
0800734556	4.0
0802121187	5.0
0226470830	4.0
0691149461	5.0
0345456610	5.0
0977795373	5.0
1602644640	2.0
0446612863	2.0
0156030322	4.0
0316012823	4.333333333333333
0151015163	4.0
0786166835	5.0
0393082997	4.0
0345510593	5.0
1118683234	5.0
0316741582	3.0
0849909783	5.0
0778326756	5.0
0451226739	5.0
0786865709	4.0
1469975181	4.0
1564744906	4.0
0446573647	4.0
0345498461	5.0
0865680779	4.0
0451202724	1.0
0061914711	4.0
1450298621	3.0
0743277775	4.0
0789741164	5.0
0849901812	5.0
0553107380	4.0
0688178057	5.0
0671795627	5.0
0425025039	4.0
0547134649	4.0
1595071938	5.0
1423131754	1.0
0312544324	4.0
1413319254	5.0
0778324109	5.0
B0078QR6QA	5.0
1476725365	4.0
0312544340	5.0
0809324903	5.0
0520218590	5.0
0345534557	5.0
0385510926	5.0
1439175616	5.0
0425230775	3.0
0316185906	3.0
0758203373	3.0
0312575440	3.0
0385531842	5.0
0758266901	4.0
0399157263	4.0
0544022084	5.0
0684856085	3.0
0609805037	4.0
B004Z1CUN0	5.0
0836196759	5.0
0345428595	3.0
0425228460	4.0
B006PTC7JM	5.0
0425264955	5.0
1936493063	4.0
145166818X	5.0
146420117X	2.0
B00EYMYIZI	5.0
1893554252	5.0
0307275973	5.0
0425178552	4.0
0671720090	5.0
0521173639	3.0
0811847896	5.0
0399231668	5.0
0312426321	4.0
0060923245	5.0
0312242980	5.0
0316097772	4.0
073854017X	5.0
184195067X	5.0
046509838X	5.0
0800721209	5.0
0312626681	5.0
1590526015	4.0
0989629104	4.0
0061740721	4.0
0471441538	3.0
0312986769	5.0
0517455951	5.0
0307393976	4.0
0316015059	3.0
0394562852	5.0
0763644374	5.0
0739380338	5.0
0060518952	3.0
0761456066	5.0
0451231279	5.0
0800721217	5.0
158005031X	5.0
1555975690	5.0
0375760377	5.0
006168984X	4.0
1439172536	5.0
0470344040	4.0
0375422498	4.0
0316097799	4.0
140005236X	4.0
0613998057	5.0
0805097457	2.0
0060005777	5.0
1601423845	5.0
014023828X	4.0
0312381867	5.0
0061689866	5.0
0743230213	3.0
0738734608	5.0
0143034839	3.0
0842360565	2.0
0143113208	5.0
0060817240	3.0
0385499256	5.0
0425171957	2.0
1439152950	4.0
0399147020	4.0
0679756868	4.0
1893162931	4.0
0307717127	4.0
0446547352	4.0
0684824477	2.0
0152053891	4.0
0849901081	3.0
1478257679	5.0
0671038575	5.0
1586176064	5.0
0375758771	5.0
0743254473	3.0
0470046066	4.0
1611599091	5.0
1456492268	4.0
0385510187	4.0
0399162119	5.0
0316059854	3.0
0764211714	5.0
0764206370	3.0
1576733661	5.0
382282433X	4.0
0226004449	5.0
0316001635	4.0
0425194604	5.0
0956410103	5.0
9889979942	5.0
0330449605	5.0
0062015869	4.0
141966820X	3.0
0451231597	4.0
0399142517	3.0
0307947432	4.0
140418712X	5.0
0345455371	4.0
0062094661	5.0
0451526058	4.0
0060277270	5.0
0399151443	4.0
0399152776	5.0
193602103X	4.0
0743201965	4.0
0061583626	3.0
0140187650	5.0
1938341015	2.0
0312310269	5.0
1414301200	5.0
0380796058	5.0
0375719180	4.0
0449005275	5.0
1400043131	4.0
1611599067	4.0
0143119885	5.0
013702312X	4.0
0547279671	5.0
0307341542	5.0
0743280784	4.0
0393062058	4.0
0399257861	5.0
0060611561	5.0
0345422406	2.0
0062195344	4.0
0618068872	4.0
0312315961	5.0
0064400565	3.0
0425238776	5.0
1416563687	5.0
0736914870	5.0
0805094393	4.0
0615290086	4.0
1611599083	5.0
0006499708	4.0
156085118X	3.0
0061432687	5.0
0385340370	5.0
0786717602	5.0
1609118847	4.0
0671001280	5.0
057123142X	5.0
0743457188	5.0
0736914862	5.0
0385514573	4.0
0964688638	5.0
0345410432	5.0
0312359594	4.0
098279522X	5.0
0140291962	4.0
0670038709	5.0
0306809931	4.0
0345422473	4.0
0307341569	5.0
0812523083	5.0
0395867614	5.0
0553562398	4.0
1469237164	4.0
0743278402	4.0
1935605720	5.0
0736914854	5.0
0307378845	4.0
031226206X	5.0
1453753052	5.0
1844168034	4.0
0451229231	4.0
0743278410	5.0
0385503857	3.0
0061057894	4.0
0099740915	5.0
1608090116	5.0
0770435009	4.0
141656103X	4.0
1896944981	5.0
1596921021	4.0
1400073804	3.5
0316890049	3.0
1401688489	5.0
1402242816	4.0
0842375074	5.0
0307958124	4.0
0375831096	5.0
1451608500	4.0
0802119875	5.0
0312360525	3.0
0316206121	4.0
1605983918	4.0
0842375090	4.0
0670023647	5.0
0451219007	5.0
0307464431	4.0
0375757465	5.0
0778326292	4.0
0142437794	5.0
042518000X	4.0
0375409009	4.0
1846033659	5.0
0312368488	5.0
0802140440	5.0
0802714714	2.0
0802118518	3.0
0307452441	3.0
1929266049	5.0
0143120816	5.0
0312551215	5.0
1439103984	4.0
0470520671	3.0
0789742985	5.0
0553581546	4.0
1605500631	4.0
0849947251	4.5
0316009571	3.0
0786018119	2.0
0091937426	5.0
080212612X	4.0
0760339368	5.0
0451217292	5.0
0425180026	4.0
0375500081	2.0
0393057518	5.0
1932993878	5.0
0674023854	4.0
1937538079	4.0
0385742282	4.0
1400318033	5.0
0451207017	4.0
1846032318	4.0
0061791768	5.0
034552621X	4.0
0758216009	4.0
0393328023	5.0
0895779250	5.0
1441538216	5.0
030727859X	4.0
0446195502	3.0
0743277198	4.0
1401301037	4.0
0321441664	5.0
0312551207	4.0
0451165594	5.0
0449215156	5.0
0425143899	5.0
1906838550	4.0
0060652934	5.0
1455506702	4.0
084994855X	4.0
1586483056	5.0
081297218X	4.0
0312699468	4.0
1605981397	5.0
0800720954	5.0
0385520379	5.0
0061472751	5.0
006051261X	5.0
0890516057	5.0
0306809966	4.0
0470582081	4.0
0451219856	4.0
0312324065	4.0
0060652926	5.0
0399153233	4.0
0385347863	5.0
0385471793	4.0
1414301278	5.0
0310715504	5.0
1595552219	5.0
0988564319	5.0
0060995068	4.0
0312375646	5.0
0470550473	5.0
0316058599	3.0
0307454290	4.5
1413305768	1.0
0441006256	5.0
0375501347	2.0
0316785288	4.0
0800720938	4.0
0312203764	2.0
159448287X	4.0
1602392757	5.0
0374529922	4.0
0061208507	2.0
1853676861	4.0
0895260263	5.0
1935712292	5.0
0767906675	4.0
1611940508	4.0
0849947219	5.0
0316737615	1.0
0451416473	2.0
1608191648	5.0
0060761288	3.0
0312375654	5.0
0446404535	5.0
0062074202	4.0
0446178187	4.0
1565129237	5.0
0312622945	3.5
0393060292	4.0
0312607326	3.0
0778801314	5.0
0892963816	4.0
0452285216	5.0
0787946435	5.0
000171287X	5.0
B003AYEP4A	4.0
1478714050	1.0
0316036315	3.0
1250041295	5.0
0316738956	4.0
0446400165	4.0
B008MAGDV0	5.0
B00JOT5AM6	5.0
0345438825	3.0
0898707986	3.0
054723824X	4.0
0446505277	5.0
9657344247	5.0
0800720946	5.0
1594860742	5.0
0312675461	4.0
0385518021	4.0
1580175740	5.0
0399144331	4.0
0812968972	5.0
0399145664	4.0
0393067734	5.0
1624820824	1.0
0064470482	5.0
B00D0S50U4	1.0
0977954536	2.0
0393051390	5.0
0764304836	4.0
1449504418	4.0
0340953950	5.0
0310327458	5.0
0312595743	4.0
1934791288	5.0
B0074B9GB2	1.0
0143036106	3.0
0307701573	5.0
B00A31USNU	4.0
0307268357	4.0
0307395340	4.0
1457500264	4.0
0312539517	4.0
0531155765	4.0
078974290X	5.0
0151013691	4.0
160239802X	5.0
0553591711	5.0
0007205236	4.666666666666667
0671534513	5.0
0394552016	4.0
0307956350	3.0
0679749519	4.0
0547483341	4.0
0307729915	5.0
0801027322	4.0
0451182960	4.0
0425252167	4.0
0815410727	4.0
042524587X	4.0
0805092595	5.0
1435705319	4.0
0060738057	5.0
074321269X	2.0
0393239314	4.0
0060761296	4.0
0671720414	4.0
B000GR0EXA	5.0
0451218558	4.0
1844165868	5.0
0764210408	4.0
0553286447	4.0
0764209418	3.0
045122745X	3.0
0399144315	2.0
0345306163	5.0
076420940X	4.0
0674766903	4.0
0060872985	5.0
0738713597	4.0
0615649963	5.0
1118173023	4.0
0425243230	4.0
0312337396	4.0
0007148976	5.0
0297842781	5.0
0393062031	5.0
B003X27XVG	5.0
1590205154	4.0
0981873405	5.0
1577780728	5.0
0553102575	4.0
098856436X	4.0
0345494997	3.0
0307463176	4.0
0671656155	4.0
0445406518	4.0
1400034299	4.0
0399154582	5.0
1616360399	3.0
1578262399	5.0
0451226151	4.0
0471469513	5.0
B00BTIDW4S	4.0
034543885X	3.0
0316059862	4.0
0316126381	4.0
1250024765	5.0
0099453525	4.0
0764210416	4.0
0316825026	3.0
0395292050	5.0
1595553568	5.0
0061576557	5.0
0307279855	4.0
0399148612	4.0
0307394972	4.0
0553585991	5.0
0060926430	5.0
0399156232	4.0
B005EDNAVY	5.0
0448089114	4.0
0684813637	5.0
B00ATRCPSE	4.0
0345518586	4.0
0140177396	5.0
0393068196	5.0
0345298063	5.0
0061140325	3.0
0375706771	5.0
0253213053	4.0
0451236491	2.0
0778313727	4.0
0983502900	5.0
0316020729	4.0
0375834958	5.0
0393059243	4.0
0451211170	4.0
0345510623	5.0
067002192X	5.0
0684833247	5.0
1579180558	5.0
0452011248	4.0
1880284510	5.0
0448089122	5.0
0060509058	4.0
0380727501	5.0
0553803948	3.0
0812931599	5.0
0895260301	5.0
0446194239	4.0
0306806045	4.0
0060561629	3.0
0425207668	5.0
0307394956	5.0
0684814994	4.0
0671525557	5.0
0061840327	5.0
075820230X	5.0
0593056418	5.0
0345428641	5.0
0312369816	5.0
0061928127	2.0
0312306237	5.0
0312262892	5.0
0385337515	4.0
0307700216	5.0
0375422986	4.0
0316020702	4.0
0316036277	4.0
0451184726	5.0
0789745259	5.0
1590204700	4.0
0811846695	4.0
0940450542	5.0
1612182704	3.0
0316231053	4.0
0385512821	4.0
1742207480	4.0
0449219593	4.0
0800722604	5.0
034551064X	5.0
0751536601	5.0
0316085278	3.0
0061008079	4.0
0393059278	4.0
0786718013	5.0
0312573553	5.0
0062248472	5.0
0399156283	4.0
0156031566	4.0
1592402216	2.0
0140071083	5.0
0399159304	4.0
1250043999	5.0
0060594527	5.0
0738734594	5.0
0449221873	4.0
0345523962	4.0
0307711773	5.0
0345505336	5.0
1620072475	3.0
0809556510	4.0
0330487140	5.0
0194791793	5.0
0151008361	4.0
1400049253	4.0
0393064611	5.0
0446531510	5.0
0451207947	5.0
0812978374	5.0
1479220213	4.0
0345510666	4.0
0807830127	5.0
0988477416	5.0
0739456741	4.666666666666667
0375869638	4.0
0061900605	5.0
0761459057	4.0
0425188884	3.0
0553297988	4.0
0792239121	4.0
0027136701	5.0
1435458842	4.0
0061802050	4.0
0375858997	5.0
140220096X	4.0
B00HFEHOOE	3.0
0307383415	4.0
0240519841	5.0
1892049236	5.0
0137045328	5.0
0425206378	4.0
0143034308	4.0
0375830545	5.0
1479289183	4.0
0307275477	4.0
0670069086	4.0
0070448167	4.0
0670021903	4.0
0745320902	5.0
0312426852	5.0
0312283792	3.0
0756658357	5.0
0871164566	5.0
0966805631	5.0
0446605573	5.0
1410414612	4.0
0307275485	4.0
031231292X	2.5
0781802008	5.0
0312425538	5.0
0743274997	4.0
159692182X	4.0
0061999318	5.0
006149190X	5.0
006199930X	4.0
0028643151	5.0
0425241580	4.0
1599552388	5.0
0375509321	3.0
0316785261	3.0
0385351852	5.0
0525951059	3.0
1400062225	4.0
0778324435	5.0
1604890290	4.0
0143114247	5.0
0981873499	5.0
0393020169	5.0
1593155530	4.0
0812977092	4.0
1453716106	5.0
1596914750	3.0
0345478991	4.0
043992555X	4.0
159554500X	4.0
1931561532	3.0
0985626860	1.0
1611599121	5.0
0670021091	5.0
1451629516	4.0
0743264797	3.0
0425262456	4.0
0099527561	4.0
0307717038	4.0
045121904X	5.0
0786020334	3.0
0143120913	4.0
0553175513	4.5
0983924422	4.0
0553100890	4.0
0306809168	4.0
0307599493	3.0
0671698842	4.0
0446563927	4.0
0307271064	2.0
0679440585	5.0
0316206938	3.0
031226772X	3.0
0786715847	4.0
0892212233	4.0
0380797437	4.0
1416563709	4.0
0758286872	5.0
0809053934	5.0
0975579940	5.0
0141001828	4.0
0671023470	5.0
B00513NIU0	5.0
156512569X	5.0
0812589718	3.0
0345507940	4.0
0374530114	4.0
0374105804	5.0
0143119915	5.0
0307934055	5.0
061832996X	5.0
B00FUV14S6	5.0
0615649130	5.0
0156031507	2.0
0141439769	4.0
1569761388	5.0
0688161502	3.0
0743287452	5.0
0307889033	5.0
0385337590	3.0
0451526007	5.0
0884196275	4.0
0425200183	5.0
0061924601	3.0
0140230033	3.0
1469227886	5.0
1742203035	3.0
1451617550	4.0
0140173897	1.0
0758286856	4.0
0307452417	5.0
0307461351	5.0
042521348X	3.0
0439925533	5.0
0060596325	4.0
1434901661	2.0
0385132204	5.0
1250000815	5.0
1416563725	4.0
0399159312	4.0
0071457747	5.0
1594144613	4.0
0340920246	5.0
0767913744	4.0
0345463048	4.0
0240812158	4.0
015101549X	5.0
B005NRQV80	5.0
1477808612	4.0
097980390X	5.0
0451221346	4.0
1400033756	5.0
031227663X	5.0
0671456547	5.0
0470405589	5.0
031605366X	3.0
0375701044	4.0
0671655744	5.0
039305747X	5.0
0800721322	4.0
1423143434	5.0
161218149X	3.0
0061097934	3.0
1449409938	5.0
0618224971	4.0
0060631120	5.0
0451225716	5.0
1439193363	4.0
0385525249	5.0
0316206970	4.0
0425192970	1.0
0987805126	3.0
155853265X	5.0
0312614578	4.0
0521010683	5.0
031261456X	4.0
0975579908	5.0
0553803077	4.0
0070506728	5.0
0143104888	5.0
0451232003	4.0
0800721330	4.0
1250019400	5.0
0316154482	4.0
0330352121	5.0
1595545050	4.0
0764224271	4.0
0307588777	4.0
0849942411	2.0
1451554109	5.0
0898799228	5.0
0312352182	4.0
0671667734	4.0
0061779237	4.0
0231133804	4.0
0375713042	5.0
0307209962	4.0
0439925509	5.0
0451456521	5.0
0892724528	5.0
0425182711	4.0
042520894X	4.0
0671578081	5.0
0465036813	5.0
0060852577	5.0
0786710101	5.0
161159913X	5.0
0312646119	4.0
1611599148	4.0
1414354533	5.0
0451233344	4.0
0785275371	3.0
0385513275	3.0
0451234677	3.0
0843952016	2.0
1886442959	5.0
0375831002	5.0
0448089130	4.0
1416550453	4.0
1601423721	5.0
1464201293	3.0
0922915695	5.0
0812977904	3.0
0307450678	4.0
0393071766	4.0
0684869233	2.0
044652302X	4.0
0307276732	4.0
1477808647	3.0
0786712759	4.0
0811867579	5.0
1118635019	5.0
0393317420	4.0
0743466802	4.0
1416563768	5.0
1579541976	5.0
0553585983	5.0
0449909336	5.0
0151010617	3.0
0886776074	5.0
1477817581	3.0
0399152679	4.0
0316067369	2.0
1118083725	5.0
0143143646	4.0
0312555768	5.0
0441373674	5.0
0312581815	4.0
1416563792	4.0
0345447859	5.0
0312426119	4.0
0439216486	5.0
0060530340	5.0
0312140363	4.0
043970040X	4.0
0380791978	4.0
0425213560	4.0
0545128285	4.0
0240817117	4.0
0142001740	5.0
0451232798	4.0
0393056996	5.0
1578063043	5.0
B00JQQ3BNM	5.0
0345466128	1.0
0060528036	4.0
0099303744	4.0
1844137864	4.0
1423121341	5.0
0312200528	4.0
0449214591	4.0
0691058873	5.0
1596430532	5.0
096507241X	4.0
0345515633	5.0
0312876513	4.0
0743463757	5.0
1560252812	5.0
0786866772	4.0
0393076598	5.0
0316603287	2.0
0060735023	3.0
1477653430	5.0
1400169011	5.0
0307475255	5.0
1440495718	5.0
1439156379	4.0
0425137937	4.0
0898797527	5.0
015601226X	4.0
141655047X	4.0
034552893X	3.0
0547315945	5.0
0061452173	4.0
0062094548	5.0
0679744614	5.0
0671038672	4.0
0895267853	5.0
0312383320	3.0
0143120980	5.0
0743554434	4.25
0312426143	4.0
0980238544	4.0
0312373996	5.0
0385423993	5.0
0935526420	4.0
0446533424	3.0
0375422188	4.0
037542217X	3.0
1442445963	5.0
0151012261	4.0
1844168131	4.0
B00BN2JP78	4.0
0307451275	4.0
0679422714	5.0
0451218469	4.0
0312358377	5.0
0307742857	4.0
1596693541	5.0
1596922451	4.0
0758218583	5.0
1461077141	5.0
1460977157	5.0
0307394166	4.0
1582404801	2.0
0700616381	5.0
0935526439	4.0
0374257116	4.0
0399154418	4.0
0345421264	5.0
0979456304	3.5
0553593617	4.0
0425234460	4.0
0312349432	5.0
0393057410	5.0
0061655945	5.0
1589392884	5.0
0312552696	4.0
0143142356	4.0
0451202945	5.0
0385318375	5.0
0312368585	5.0
1440308861	3.0
0062000675	5.0
0312349424	5.0
0778326144	4.0
0871138972	4.0
0470527145	4.0
0385323719	4.0
0345501896	3.0
0307716546	5.0
0060826347	5.0
0061147958	5.0
0743245431	4.0
0380709546	5.0
0345463056	5.0
0062015702	4.0
0763623296	5.0
1455134767	5.0
0316011770	3.0
0312312156	5.0
0385730179	5.0
0071373586	4.0
0446405167	4.0
0446405159	5.0
0312373945	5.0
0679728562	4.0
0425212270	4.0
0152017178	4.0
0553593625	4.0
0393058743	5.0
1937556026	5.0
0316735949	4.0
0979151805	3.0
0307716570	5.0
0316126403	5.0
0399155724	2.0
0345447832	5.0
0975126407	4.0
0684839334	3.0
031229137X	5.0
0974731900	4.0
0195139437	4.0
0312337426	5.0
0006136389	5.0
0140446044	5.0
0345350111	5.0
1931561354	4.0
B0076TTB6C	4.0
068986566X	5.0
0316011746	4.0
0967734649	5.0
1580050972	2.0
0446533467	4.0
0979855136	2.0
1928653111	5.0
B005D1T7CI	5.0
0399155716	4.0
0375503234	5.0
1441766073	5.0
0439925576	4.0
0425150070	5.0
0833524658	5.0
0307463214	4.0
1452505152	5.0
0807050555	4.0
0743245423	3.0
0385743491	4.0
0307742814	4.0
0451230124	4.0
0688000207	4.0
B009ZL7INW	4.0
1605290114	4.0
0345501861	5.0
0425200272	3.0
0978097904	5.0
0451413431	4.0
0399255370	5.0
0060529342	5.0
0195135091	4.0
0451219740	1.0
0312274823	4.0
076420162X	4.0
0451238028	4.0
1451612753	4.0
0007157150	4.0
0137065078	4.0
0393059197	5.0
0671742515	4.0
0760334358	4.0
0345433289	4.0
0316076236	4.0
0800718763	4.0
1619021196	5.0
1932993126	5.0
0977102114	5.0
0805095535	2.0
0399247769	5.0
0316068624	5.0
0151013535	5.0
0451219732	5.0
031228375X	5.0
0849922070	5.0
075662858X	5.0
031231521X	2.0
0140242058	4.0
0761516808	5.0
0805062610	4.0
0745662595	3.0
B00COOFB90	5.0
0316219568	3.0
006135323X	5.0
0590462253	5.0
0312135831	4.0
0393323994	4.0
0307956423	4.0
0345501845	5.0
0441827209	4.0
0198326769	5.0
0307237915	4.0
0671877690	4.0
0312547285	3.0
0399155767	4.0
0553805525	4.0
0446531642	4.0
0425184536	4.0
0345433270	4.0
0312429258	5.0
0811828875	3.0
0789727455	5.0
1880284340	5.0
1582345112	4.0
0898704103	5.0
0061692034	4.0
0982641958	4.0
0399134824	4.0
0374533075	3.0
0470422262	5.0
0425151379	4.0
1596921196	3.0
0393060152	4.0
0345469275	5.0
1927086469	5.0
0618128069	4.0
0873986547	5.0
0345433262	4.0
0062103970	5.0
0345433254	5.0
0060587296	5.0
0152021248	5.0
0061057908	3.0
0312560249	4.0
0684831481	3.0
0374517835	5.0
1432766635	5.0
1575664828	3.0
0981764371	1.0
1250026628	4.0
1451645678	5.0
159562015X	5.0
0470530707	4.0
0142003573	5.0
039585993X	4.0
0312185235	4.0
1250013305	2.0
0743291344	4.0
0684831422	3.0
0375410767	1.0
0465074987	4.0
0451230973	4.0
0061998974	5.0
0061053554	5.0
0307277119	4.0
0977608603	4.0
1250001315	4.0
1603200193	5.0
0394800796	5.0
0345404777	4.0
1589973631	4.0
0743203631	3.0
B001V9K7WU	4.0
1596434023	5.0
067165604X	4.0
0822568772	5.0
0312970633	4.0
031237268X	4.0
1439128294	5.0
1612191622	4.0
0316183024	4.0
0307351890	4.0
0312622872	5.0
1936235153	5.0
0062294377	4.0
0781810353	5.0
1480095060	3.0
0975126482	4.0
031612950X	4.0
0312315236	5.0
0399154477	2.0
0312383363	4.0
0099429799	5.0
0786864133	5.0
0375421726	4.0
0312349491	5.0
0679643230	1.0
1932961550	4.0
1451612729	4.0
0743457897	4.0
1400316146	5.0
0140437975	5.0
1935096672	4.0
0975126490	4.0
031600023X	4.0
0307291448	5.0
0553806807	3.0
0345428706	4.0
0762745657	4.0
0393064557	5.0
0399233199	5.0
067175145X	5.0
0312349483	4.0
1595542795	4.0
0807830984	4.0
1578591406	4.0
0446695726	5.0
0375760911	5.0
0061834475	2.0
0061998982	5.0
0307717801	4.0
0842373195	5.0
0307454355	4.0
1484939425	5.0
0312306342	2.0
0970260601	5.0
0786020288	3.0
080703276X	5.0
0807032778	5.0
0399156119	3.0
0062010964	5.0
0060093609	3.0
1490334432	4.0
0804170703	4.0
0312370903	3.0
144245041X	5.0
0739376934	5.0
1551801892	5.0
0060094931	5.0
0786869011	3.5
0679439617	5.0
0375405380	3.5
159555338X	4.0
1603863419	5.0
0374281947	3.0
0571211119	5.0
037572625X	5.0
B00332F5QQ	4.0
1250016460	5.0
0449223507	3.0
0849956242	5.0
0151011877	5.0
0312274777	3.0
0151014906	5.0
0006281052	5.0
1475296894	4.0
1416509119	5.0
1401204783	3.0
0140251847	5.0
1250016452	4.0
0393325776	4.0
0399158766	4.0
1400071275	5.0
0812977114	4.0
006019247X	5.0
1575662264	5.0
073561993X	5.0
0738713503	5.0
0440235561	5.0
0312562837	4.0
0451228766	3.0
0441001416	4.0
0316133655	5.0
0060787112	4.0
1859858473	3.0
0230015964	5.0
0739474464	5.0
0826339158	4.0
1401689949	5.0
031615458X	4.0
0375500200	4.0
098411131X	5.0
0897335147	4.0
006211946X	5.0
0553493981	5.0
0743445880	5.0
0740706721	4.0
0393035158	5.0
0812969510	5.0
B005LVVGWY	5.0
0141390794	5.0
1469215950	5.0
0451227441	5.0
0849946999	4.0
1572811404	4.0
1844167712	4.0
1932961585	4.0
055357275X	3.0
1439133611	3.0
1477523413	4.0
0879514795	4.0
1416594965	4.0
0836226844	3.0
0060081600	5.0
060631640X	4.0
0312195559	3.0
0399150854	3.0
0061875724	4.0
1579549985	3.0
0373892349	4.0
B00H92XFA4	5.0
0743466799	5.0
0875805434	5.0
0804136823	2.0
0445407778	5.0
0007230206	5.0
0156631407	5.0
0743571878	5.0
0312421273	3.0
0345441788	5.0
0970245882	4.0
0345521420	5.0
0446529311	3.0
073871352X	5.0
0316089516	2.0
1401235077	5.0
038533611X	4.0
0786883367	5.0
0743445864	3.5
0345448359	4.0
0743466780	4.0
0307275345	4.0
0374281998	5.0
0230769152	4.0
0060293152	2.0
0307266443	5.0
0806670614	5.0
0553566075	4.0
1440310254	3.0
0240812255	5.0
0553275852	4.0
0778325628	2.0
0743492579	5.0
0545172241	5.0
1579622275	5.0
B006J1QE4U	4.0
1601421850	2.0
0151010595	5.0
1442450444	5.0
0312574789	4.0
044650534X	2.0
140031870X	4.0
0743492587	5.0
0785280693	5.0
039304050X	4.0
0451235010	4.0
0007157177	4.0
1400054710	5.0
0375423508	5.0
1416563814	4.0
0060590033	3.0
0446581062	3.0
0765332574	4.5
0060952822	5.0
0061731161	5.0
1400071283	5.0
006018793X	5.0
0809120445	1.0
1456363476	5.0
0738713511	5.0
0446678430	2.0
0446577812	5.0
0062225006	4.0
0142300071	4.0
0007157169	3.0
0252028589	5.0
1421402262	4.0
0425252345	5.0
1933512865	1.0
0486242617	5.0
0345533429	3.0
0785280685	4.0
0441014763	4.0
0312043376	5.0
0615778763	4.0
0765332582	5.0
0445406488	4.0
1250040159	5.0
1416563806	4.0
0888994044	5.0
0805093702	4.0
1894400496	5.0
0813134161	5.0
1579622259	5.0
0393047164	3.0
0061731153	5.0
1250011604	4.0
0395597722	4.0
0849910994	5.0
0671769561	4.0
0312379323	5.0
1416550518	4.0
042521799X	3.0
0743427149	4.0
0312334419	4.0
1931561419	5.0
0307264637	4.0
0143142399	4.0
162157203X	5.0
081297719X	5.0
0800721489	5.0
0446697559	4.0
0789730286	5.0
0544002229	5.0
067157812X	4.0
0553584707	4.0
1611091454	5.0
0425224295	5.0
067088796X	5.0
0071779841	3.0
0451213637	4.0
0743264673	4.0
1477808701	5.0
0786021543	1.0
0316666009	3.5
0312379315	5.0
031242566X	4.0
031610910X	4.0
B003XKNG3W	3.0
159692196X	5.0
0764207865	4.0
0312342020	5.0
0374291357	4.0
0152053638	5.0
0786713305	5.0
0385504470	2.0
0521618576	4.0
0321321898	4.0
0800721497	5.0
0312381638	5.0
0143115693	4.0
0061160903	5.0
0446550736	5.0
1932325069	5.0
0060007761	5.0
0399150870	4.0
0385247583	5.0
0385342810	5.0
0752439464	5.0
0805088334	4.0
B004H4XE0S	5.0
1423109627	5.0
0312205392	5.0
0060002069	3.0
0307407993	4.0
0615290116	5.0
0800722795	5.0
0425157474	4.0
0451226984	5.0
0240815319	3.0
0671009273	5.0
0778325679	5.0
0061577936	5.0
0142418722	4.0
1466216832	5.0
0979518202	5.0
0312379331	5.0
0743225082	5.0
0809098954	4.0
0760320543	5.0
1439101124	5.0
0393079570	4.0
0312244967	5.0
1466396210	5.0
0062545035	5.0
0312554370	5.0
0143123297	4.0
0670081493	5.0
0767900561	4.0
1439197628	3.0
054751106X	5.0
0310209307	3.5
0738719668	4.0
0449004910	5.0
0380816059	4.0
0451214935	2.0
0451209591	5.0
087910080X	4.0
0312602480	3.0
0312606842	5.0
0765300966	5.0
0312389566	4.0
0060574887	3.0
0553386638	4.0
1456529048	5.0
1611098041	3.0
1250027152	4.0
0316738131	3.0
1433674017	5.0
0312423055	5.0
161159927X	4.0
0140298568	4.0
0870112414	4.0
0553375970	5.0
0553140175	5.0
0448089033	4.5
0553089293	3.0
0440200040	4.0
1427816123	3.0
0547237650	5.0
161695230X	4.0
0671047531	5.0
0151011834	4.0
0060936789	3.0
0312205333	4.0
1426202741	5.0
0547859082	4.0
042514545X	5.0
0060989238	4.0
1446150887	5.0
0061351423	5.0
1413312810	5.0
0736912940	5.0
0451234545	4.0
1565129903	4.0
1402797672	4.0
0142800376	3.5
039914725X	5.0
0007194161	5.0
0007441290	4.0
0307461440	5.0
0310254736	5.0
0306810026	4.0
085720873X	3.0
0307407950	4.0
0763620149	1.0
1595552928	4.0
0812972333	5.0
0425191796	5.0
0736912932	5.0
1250007518	5.0
125000750X	4.0
0312602472	4.0
0671703765	4.0
0743599357	5.0
0393060993	4.0
0451221257	2.0
0143115626	5.0
0451226941	4.0
1612184405	5.0
0786718188	4.0
0595170706	4.0
0151011818	4.0
1442445939	5.0
0375828192	3.0
0062073605	5.0
1476709092	4.5
0520245989	5.0
B002YKOXDE	4.0
0805094199	2.0
0380723085	3.0
0060884266	5.0
0451213645	5.0
0140131825	5.0
0393064026	4.0
1416607579	5.0
0060653191	4.0
1492818321	5.0
0452283205	4.0
0446517089	5.0
0312368275	4.0
1590805925	5.0
0451207246	4.0
0801492750	5.0
0345479572	4.0
0812974530	4.0
1402237669	4.0
0307456625	3.3333333333333335
0385264739	3.0
0978796721	4.0
0061146307	4.0
0312600534	4.0
0375708278	4.0
0345447980	5.0
0736924477	5.0
0758234910	5.0
B009NY4384	5.0
0312359322	5.0
0762772794	5.0
1451657706	5.0
0440193281	3.0
0892216441	5.0
0686057376	3.0
0679887059	3.0
0446694339	2.0
1601386028	5.0
0385660065	4.333333333333333
0375725601	4.666666666666667
0393326063	4.0
0307275701	5.0
1451665326	4.0
0399149368	2.0
0740784900	4.0
0664226019	3.0
0345446666	3.0
0971201986	5.0
0618056653	4.5
0060781009	3.0
0452284511	4.0
0448060035	5.0
0312538057	4.0
034547824X	4.0
0385512147	4.0
0810984253	3.0
0062023217	4.0
0451208552	3.0
1586171836	5.0
0151006725	4.0
0451237900	3.0
0312622783	1.0
0671016997	5.0
0671737430	5.0
0671721097	5.0
0330492691	3.0
0140449868	4.0
0452285852	2.0
0151014329	5.0
1585426466	4.0
032144017X	4.0
0142001880	5.0
054784803X	3.0
0399529470	4.0
0446404373	5.0
0393332713	5.0
162079277X	5.0
1448698499	5.0
0060004878	4.5
0142001872	4.0
1576730360	3.0
0743227093	2.0
0758234937	3.0
0470116277	5.0
0345469305	4.0
0977252515	4.0
0312600526	4.0
0306805332	4.0
0061688983	4.0
0786407735	5.0
1442361476	4.0
188588138X	5.0
0743277317	4.0
0781805287	5.0
1250028086	3.0
0316602051	4.0
0786714328	4.0
1559702028	4.0
1933615222	4.0
0307717755	3.0
067155302X	5.0
0778328201	4.0
0595497837	4.0
0987214942	5.0
0446604801	4.0
0306806657	2.0
031623480X	4.0
0375713670	3.0
1859843239	5.0
0684142406	5.0
0312277326	5.0
0312377177	5.0
0061688975	4.0
0758238479	5.0
0061375381	3.0
1590588835	3.0
0689854455	5.0
1449951937	4.0
0192545175	5.0
184767786X	5.0
0760749434	5.0
0345503708	4.0
1439177171	1.0
0446535796	4.0
0486423840	4.0
0091883768	1.0
1621571602	3.0
1596921269	4.0
0823416879	2.0
1583222790	5.0
031621082X	3.5
0399162380	4.0
0316001821	3.3333333333333335
0307596907	5.0
1932586393	5.0
0982214537	5.0
0312383886	4.0
0060256532	5.0
0345496086	5.0
0316069485	5.0
0142405957	5.0
0757307752	5.0
0739458213	4.666666666666667
0142428604	5.0
0141014083	3.0
1586421867	4.0
0440241871	2.0
0935526501	4.0
144579179X	4.0
031268195X	4.0
0446567353	4.0
0345534093	4.0
B00A6E329Q	5.0
0440206685	5.0
0385521065	4.0
0151013039	3.0
0312532717	3.0
0860916766	3.0
0380978903	5.0
0307730727	5.0
1250010764	4.0
0670033219	3.0
1416567844	5.0
161218653X	3.0
0240520130	4.0
0767924703	4.0
0758238495	5.0
0743252063	5.0
0316217492	5.0
0307740994	5.0
1439110034	2.0
024081505X	3.0
1413306438	4.0
0743436466	5.0
160819275X	5.0
0345500652	4.0
0312361629	5.0
0312340702	4.0
0151013047	5.0
0395329221	3.0
0312681941	4.0
0321793846	4.0
1432751018	3.0
1581826397	3.0
0226852180	5.0
0062084232	4.0
0345428811	4.0
0743272501	5.0
B004LGTNT8	5.0
0399145869	4.0
1416537538	4.0
0425243494	4.0
1606480529	4.0
0393051587	4.0
0307886107	5.0
0316024597	4.0
038532362X	3.0
0142003646	5.0
0451470567	5.0
0470224576	4.0
0151013896	5.0
0446602280	4.0
0099244721	4.0
0446531316	2.0
141433964X	5.0
0312870493	5.0
1477818170	1.0
0385510349	3.5
1579181244	4.0
0307943232	5.0
0395510600	5.0
0553763105	5.0
1594744637	4.0
0380717077	4.0
0007115865	5.0
1611735270	5.0
0399231080	5.0
0312267177	5.0
0761107711	4.0
0312877919	4.0
0312424914	3.0
0143170090	4.0
0399139168	4.0
014303457X	4.0
1400317304	3.0
1401688217	3.0
0316220221	4.0
B004A14R68	5.0
091103823X	5.0
0446363383	5.0
0557363136	5.0
0061537934	5.0
0142004995	5.0
0316602906	4.0
1449790208	4.0
1451695160	4.0
014311705X	4.0
0787974714	5.0
0151011214	4.0
0694516961	5.0
0151012547	3.0
1552633276	4.0
B00AITM0FG	4.0
0143034596	3.0
042518465X	2.0
0778316297	5.0
1416599452	2.0
0440109930	4.0
0345517563	4.0
1414301057	5.0
1742208177	5.0
0743272536	4.0
0692210482	5.0
1591480035	4.0
0007167040	5.0
0553578588	3.5
055357857X	4.5
0547556225	2.0
1595551107	5.0
1598006991	3.0
0395266823	4.0
0151012598	4.0
0345469321	4.0
1451645759	5.0
0375420975	5.0
0060534621	4.0
0740748475	4.5
1423133080	5.0
0061825867	3.0
1423113470	4.0
1414380690	4.0
0882405136	5.0
0316686565	3.0
0758220316	3.0
0988234807	5.0
0307351521	5.0
192713479X	5.0
0061735825	4.0
1416558950	4.0
0060891564	5.0
0985550805	5.0
0143037684	4.0
1591852919	5.0
0425234509	4.0
0321334094	4.0
0316359556	4.0
0553272055	4.0
0061438596	5.0
0307455335	4.0
0061774596	5.0
0310257670	4.0
1476731527	5.0
0758234953	5.0
0679752927	5.0
0451216148	5.0
0312551878	5.0
0739420496	5.0
1434441946	3.0
0984478701	2.0
1576737802	5.0
0684857952	4.0
1451678673	4.0
0385264763	4.0
0451209850	5.0
030734617X	4.0
0446403016	5.0
1576734781	4.0
0143057286	4.0
0439139600	5.0
0312374992	4.0
0312358040	4.0
1449546056	5.0
0345424476	5.0
0345428838	4.0
0061824550	5.0
0310257689	4.0
0425132935	5.0
0749011386	5.0
0684853558	4.0
0385511647	4.0
0312386990	4.0
0143120662	5.0
0374117551	3.0
1419708570	5.0
037583527X	5.0
0399152180	4.0
1414383746	5.0
042522256X	5.0
1609530845	4.0
1451606176	5.0
042524346X	3.0
075823497X	5.0
0307457974	5.0
0310257697	5.0
006112107X	4.0
034551095X	5.0
1423124111	5.0
0399145877	4.0
1461147093	4.0
0060987634	5.0
030726419X	4.5
1594745900	5.0
073932506X	5.0
0062209841	5.0
0312642326	4.0
0307290468	5.0
1581823290	2.0
0451210816	4.0
0345469348	5.0
0451225066	5.0
0385742444	5.0
0316069418	5.0
1118120302	4.0
037541505X	2.0
0312354541	5.0
0143112228	1.0
0345418611	4.0
0974909807	5.0
0062089889	2.0
0714838950	5.0
0060855029	5.0
0252062361	5.0
0445408553	5.0
0812979427	5.0
159310197X	4.0
0743276949	4.0
0060779632	3.0
0240810163	4.0
0307377393	4.0
0802869858	5.0
1934938416	4.0
1480060135	5.0
0143170104	5.0
0842313079	5.0
0312252889	4.0
0312424868	4.0
074346754X	4.0
0060511133	4.0
0380791048	4.0
039305814X	4.0
075679921X	5.0
1595547827	5.0
0743467558	4.0
0880293179	5.0
141699596X	5.0
0312857586	4.0
0312558473	4.0
1928832008	4.0
0842375317	3.0
0615515673	5.0
0061689378	4.0
0312380828	3.0
0778324613	4.0
0415925819	4.0
0441735762	4.0
1400316855	4.0
0060541814	4.0
0553585770	4.0
0060926651	5.0
B00B923LN6	5.0
0060391626	4.0
0140501738	5.0
0156031345	4.0
0307881393	5.0
0006514774	4.0
0385338600	3.0
0374200955	5.0
0395338905	5.0
0345497422	4.0
1569763399	4.0
0553585789	4.0
0307336883	3.0
1551666847	3.0
1583331565	4.0
0395366119	5.0
0758210183	5.0
031601558X	4.0
0312423551	4.0
0312424892	4.0
0446562416	2.5
0545024536	5.0
0440153166	4.0
1590131363	5.0
1592402488	4.0
0151010897	4.0
0060081961	4.0
0316097462	4.0
1466493283	4.0
0843953551	3.0
0312628110	4.0
0062121669	3.0
0310257700	3.5
0307381463	4.0
047088911X	2.0
0062025066	4.0
014311350X	5.0
1455897213	4.0
0451183665	5.0
0553585797	5.0
0380791021	5.0
0306819104	4.0
0618334661	5.0
0061537152	4.0
0399139931	5.0
0743479505	4.0
0316097497	4.0
0142429112	5.0
038550764X	4.0
1560009276	4.0
0932081118	3.0
0740718541	5.0
0061774618	4.0
0020291922	5.0
0811859355	4.0
0312628102	5.0
0765321793	3.0
0449218473	4.0
0523418167	3.0
1451611595	4.0
0060168323	4.0
0553807277	4.0
1433526719	5.0
1439184267	5.0
0061782238	4.0
158243011X	5.0
0142429104	4.0
0760722404	3.0
0743567498	4.0
080707070X	4.0
0061689335	3.0
084236594X	5.0
067187120X	5.0
0741443597	3.0
097214160X	5.0
0446679631	1.0
1453806768	3.0
1892327988	5.0
0441135560	4.0
078144439X	5.0
0762442158	4.0
0764526413	5.0
0312638337	3.0
0345513940	5.0
157322197X	4.0
0060799250	4.0
0060746769	5.0
0553270257	1.0
0312280041	3.0
015603395X	4.0
0393025284	4.0
0842355715	4.0
0470124660	4.0
1890862436	5.0
0307379159	4.0
1401324800	4.0
B00AP8YVMU	5.0
0393051528	4.0
0451193008	4.0
0060758759	5.0
0345513959	5.0
031230868X	4.0
0316066303	5.0
0786708417	5.0
0304356875	5.0
0399147535	4.0
1400275032	5.0
0061243582	5.0
0439321093	5.0
0451239741	4.0
1419661485	5.0
0143142941	5.0
0393058174	4.0
0671680080	4.0
1576737748	5.0
0133090396	5.0
0811850994	5.0
0345485416	4.0
0471745200	3.0
0060572965	3.0
0764209272	4.0
031264065X	3.0
0446602299	5.0
073853286X	4.0
0307379140	5.0
1439153957	4.0
042526002X	5.0
0060572140	3.0
0802144195	3.0
1416548793	5.0
1578260868	5.0
1442361557	5.0
0399149309	4.0
0563369019	5.0
1428129359	5.0
0395137195	5.0
0700613277	4.0
0979962412	5.0
0553591592	4.0
0927534819	5.0
0451212665	5.0
1420121456	4.0
0439139597	5.0
0970461429	5.0
0307236048	3.0
042521981X	3.0
0671793543	5.0
0873190238	5.0
1416596402	4.0
0399151613	2.0
0862419964	5.0
0451463463	5.0
0192141821	5.0
0062059262	5.0
0156027283	4.0
0641596081	3.0
0547069677	4.0
0142437565	5.0
0345513975	5.0
0691119953	5.0
0399158243	4.0
1931561761	3.0
0142180106	5.0
1844167895	3.0
184046268X	4.0
0142181439	4.0
045123796X	4.0
0061706515	4.0
1592642551	5.0
0345432983	4.0
0062107313	5.0
0440421101	5.0
0671793535	5.0
0547576714	2.0
0060175400	5.0
0316678104	3.0
0751536822	3.5
1594746494	5.0
0307353370	5.0
031242664X	4.0
1451693419	4.0
0385340990	5.0
0785266224	4.0
0312180764	5.0
0446533025	4.0
0345513991	4.0
1584281499	4.0
0800721586	4.0
0425219801	4.0
0425188213	4.0
006188720X	5.0
0778322041	5.0
0006550436	3.0
0345524632	3.0
0670023051	3.0
0142001805	4.0
0984203516	4.0
1573228583	4.0
0804102511	5.0
0800719271	4.0
0966001982	4.0
0345505514	5.0
0393336360	4.0
1574889990	4.0
0140286411	3.0
1400202078	3.0
0674076133	2.0
044101576X	3.0
0615472907	5.0
1448647665	4.0
1594746486	4.0
0544003470	4.0
031621129X	4.0
1611099285	4.0
0399155198	4.0
1568985401	5.0
0312369670	2.0
0765308738	5.0
1469241943	3.5
0143039377	4.0
0440111323	4.0
0812572270	1.0
B006GGO7CE	5.0
1481186418	4.0
0020306652	5.0
0743289404	3.0
1250001900	4.0
0451211308	5.0
0785263179	5.0
1575665077	5.0
0307405877	4.0
0399148019	5.0
1565235193	5.0
0470665939	4.0
0312379889	3.0
1581820135	5.0
0385293305	4.0
1556523750	5.0
0142001821	3.0
0451232232	4.0
1605984183	4.0
B0073WV30Y	5.0
0312613024	4.0
0061967556	5.0
0811824659	4.0
1400041139	5.0
0801892465	4.0
0312303823	4.0
0759645698	5.0
1608190099	4.0
1400113245	5.0
1403964742	2.0
098278225X	5.0
0385342764	5.0
1588164756	5.0
0064409597	5.0
0553214985	5.0
1893302407	4.0
0771082568	5.0
0141304979	4.0
0060541830	4.0
0486251861	2.0
0849996430	5.0
0060581050	4.0
1401324878	5.0
0596100302	3.0
0800721578	3.0
0767915747	4.0
0062065092	3.0
0449208281	5.0
0345536665	5.0
0385294611	4.0
0743219570	5.0
0810959259	4.0
1596922516	4.0
1416593381	5.0
0375432183	4.0
1462110487	1.0
0002185385	4.0
039915826X	4.0
0739328913	3.0
0810959267	4.0
0393080005	5.0
0060007834	4.0
B0071QV5CI	5.0
0745308198	4.0
1401309267	4.0
0307275639	4.0
0446524123	5.0
0679745858	4.0
0486270106	5.0
0312379897	4.0
0671016970	4.0
1893121070	5.0
0767909054	4.0
0888500386	3.0
0060559136	5.0
0393061728	5.0
0240813286	4.0
0316010707	4.0
0446400882	4.0
0740746618	5.0
0385537476	3.0
1400067758	4.0
0385503245	4.0
0060014342	3.0
0393065235	4.0
0805087745	4.0
1438967446	5.0
0399155945	4.0
1250009006	5.0
031265863X	4.0
1414311354	5.0
0425120015	4.0
0385177097	5.0
0738713295	4.0
0143114093	5.0
0671578413	4.0
0871318156	5.0
0307276902	5.0
045141456X	3.0
0399154604	3.0
0310314690	5.0
0310330718	5.0
0451241029	4.0
0446403180	5.0
0393079872	5.0
0061945390	4.0
0312429886	4.0
9187173220	4.0
0778325024	3.0
0140540563	5.0
0141301155	5.0
0316210919	5.0
0385075065	5.0
0385489358	3.0
098333580X	5.0
0375825797	5.0
0151011168	3.0
0156013363	5.0
0451222776	4.0
0664224199	3.0
0312384416	4.0
1451685033	3.0
0842335994	4.0
0060917016	5.0
0425211126	5.0
0061945382	4.0
0306818507	4.0
0380009994	5.0
0373210639	5.0
0446614998	3.0
1401310052	5.0
1590514440	3.0
0061950726	4.0
1451674384	4.0
0375721150	4.0
045123474X	5.0
0143114077	3.0
0151011176	4.0
0007136838	4.0
1451645821	4.5
0316069337	5.0
B004GNFTSA	5.0
B008XR34J6	4.0
1404100954	5.0
1480092681	4.0
B00HSWMSSK	5.0
098902511X	5.0
143918903X	3.0
039921965X	4.0
1456331183	5.0
1598588648	4.0
0321330625	4.0
0935526676	5.0
0812975995	3.0
0061251836	4.0
0753154811	4.0
0385720114	4.0
0399129650	4.0
1587150476	4.0
0802117511	4.0
0151014213	4.0
1442349042	5.0
0006863353	3.0
0060826584	5.0
0765304368	4.0
0792274512	5.0
0312658605	4.0
0553588028	4.0
0316010677	4.0
0451228022	4.0
0345455681	3.0
0064442055	5.0
1601621906	3.0
0805096663	3.0
1162934913	2.5
1566631025	5.0
0393065286	4.0
0393329003	5.0
1612182070	5.0
0486456870	5.0
0061147710	5.0
0375825789	5.0
1118135288	5.0
0380486032	5.0
1427624992	5.0
0316069353	4.0
1579128351	5.0
0385423713	5.0
0553588036	4.0
039305764X	5.0
0062073427	3.0
0143144790	3.0
0449012751	4.0
1612182089	5.0
0140264035	5.0
1118639561	5.0
0553590359	4.0
030758836X	5.0
0446364789	5.0
0743244354	4.0
0765315009	4.0
B004TP5PU2	3.0
084237518X	3.0
0452297907	4.0
0374150974	4.0
0316210986	5.0
0312360401	4.0
0029197619	5.0
0312647972	3.0
0312672926	3.5
0670014850	4.0
0739354574	5.0
0764575341	5.0
0393079899	5.0
0061703257	4.0
0439298113	5.0
0307474593	2.0
1591143594	5.0
0060932694	4.0
0553590367	4.0
0312658613	3.0
0671797840	4.0
0787102784	4.0
0312853238	5.0
1846033527	5.0
0966107292	5.0
1400048737	5.0
0312538138	4.0
1449399894	3.0
031253812X	4.0
0451213807	5.0
0892960078	3.0
0142002402	1.0
1451683278	4.0
B006530S2Q	5.0
0515048666	5.0
0756684072	5.0
0449911004	4.0
0071457070	4.0
0689505698	4.5
0385521111	3.0
0755302265	4.0
0393088758	3.0
0446531421	3.0
0385514816	4.0
0399106138	5.0
1931636869	4.0
0451220978	5.0
0764223666	4.0
0143122541	5.0
0545016290	4.0
0307268438	4.0
0547897960	4.0
0060737034	2.0
0393330028	5.0
0615593909	5.0
0802119301	4.0
0425213714	3.0
0451220986	4.0
B005MAWNFI	5.0
0140096205	4.0
0385509480	3.0
0316024481	5.0
0802121624	4.0
0316120979	4.0
0312194390	4.5
0811846083	5.0
089870569X	5.0
159058306X	4.0
0935526617	4.0
0425155501	3.0
0842375155	4.5
1434322637	1.0
0451220994	4.0
0061031151	4.0
0385336810	5.0
068987474X	1.0
0470644982	5.0
0399157700	4.0
008097063X	4.5
0842387153	5.0
0547229895	5.0
0060892994	5.0
B004UT6FF6	4.0
0449005550	5.0
0451228006	5.0
0140270779	4.0
0425213706	4.0
0345482476	5.0
0240811631	4.0
111801233X	5.0
0156701537	5.0
0758234899	4.0
0849938619	4.0
0312354614	5.0
0345450892	3.0
0557083257	2.0
0345531965	3.0
0767921755	4.0
1935597507	2.0
0786866586	4.0
0812975111	4.0
0345436520	4.0
0375757945	5.0
0312331916	4.0
9963616089	5.0
0762405368	5.0
1932993398	5.0
0375407375	3.0
0061032468	4.0
0817915044	5.0
0385729324	5.0
1605293024	4.0
0449215237	5.0
0451458125	3.0
039332110X	4.0
073936474X	4.0
1569478619	4.0
078180826X	5.0
1599472511	5.0
0061997404	5.0
0761524215	5.0
1414301103	5.0
0060195827	4.0
0451239547	5.0
1933615982	4.0
0345427653	4.0
0060563079	4.0
0895947366	1.0
0425199800	2.0
0385523742	5.0
0385517068	4.0
038551705X	3.0
0312578059	4.0
0940319071	2.0
0395252962	5.0
0393041239	4.0
0786716223	4.5
1250041198	4.0
0671876198	5.0
0340839937	2.0
1414301111	4.0
0312243022	3.0
0963212389	5.0
006092196X	4.0
0767931971	5.0
0307735478	4.0
1596923164	4.0
0316198730	4.0
1770495711	5.0
0517139057	4.0
0345507347	5.0
0345491351	5.0
0151012458	5.0
044653143X	4.0
0805079262	5.0
0553807900	4.0
0877950490	4.0
0385502818	4.0
0786888784	4.0
0143036203	5.0
000717604X	4.0
0316591122	4.0
0449147606	5.0
0985873957	3.0
0547417330	3.0
0425200426	3.0
0553565370	4.0
0373442556	3.0
0307740803	3.0
0240809343	5.0
0452274427	4.0
0380723638	4.0
0842375120	5.0
0874778883	5.0
1605982547	5.0
0151012466	3.0
1608195074	5.0
1593156014	1.0
0099497670	4.0
0553804863	2.0
0684824906	5.0
0345368959	4.0
0316016802	5.0
1400317215	4.0
0312255012	3.5
0226494322	5.0
1627790314	5.0
0140186247	4.0
0060568755	2.0
0060521228	5.0
0839786603	5.0
1608199436	4.0
0446679496	2.0
0440418216	4.0
0446527327	3.0
0399157689	4.0
1595542027	4.0
1938849078	5.0
0399156356	5.0
0393337502	5.0
0393060349	4.0
1402265581	4.0
0770436706	4.0
0064441555	5.0
B0047GNEDS	5.0
1934170348	5.0
0062281380	3.0
080217051X	5.0
141430109X	5.0
0792264223	5.0
006082221X	4.0
0061999229	4.0
0764221094	5.0
0345461592	4.0
1438263791	5.0
0006476155	5.0
0060809248	5.0
0545197732	4.0
1452101108	5.0
B006MVM8JW	4.0
0316955132	5.0
1935096400	4.0
1442344245	5.0
B0094WNOF8	5.0
0915611902	4.0
0764226762	5.0
1456316540	4.0
0061092177	4.0
0425218686	5.0
0340863536	5.0
1402738706	5.0
0393301540	1.0
0547225490	5.0
B004S7FUJC	5.0
B009XA5SQ4	5.0
0307451860	4.0
0385335482	2.5
0688132200	4.0
0399143041	4.0
0006551807	4.0
0983272603	2.0
1602861803	5.0
0316065765	4.0
0385510519	3.0
0671721763	5.0
0786266511	4.0
0399155007	3.0
0385257546	4.0
1558741127	1.0
159863853X	5.0
0810124939	4.0
1594483698	3.0
0385511841	5.0
1118532783	5.0
1936305658	5.0
0240811593	4.0
0316166308	5.0
006072160X	2.0
0976729059	4.0
0449909662	4.0
0425185222	4.0
0061140228	5.0
0425220990	3.5
0307950492	5.0
0310209951	5.0
1593251408	5.0
0553100351	5.0
0140103805	5.0
0151008469	4.0
031242499X	3.0
0151001820	2.0
0440235332	4.0
0375509240	2.0
0547237448	3.0
0393325512	4.0
0451226356	5.0
0375503943	5.0
0399165274	5.0
1929631669	5.0
0316065781	5.0
0143114964	5.0
0385337205	3.0
1453211977	5.0
0771023219	5.0
1250005523	4.0
0849912970	5.0
0316053716	4.0
0517194600	5.0
0060563907	4.0
039916040X	5.0
0764556169	5.0
1414301065	5.0
0670066907	2.0
143327227X	3.0
0316289124	3.0
096316385X	5.0
0330258648	5.0
0375810609	5.0
0385526059	4.0
0316016780	4.0
039915504X	4.0
0805088105	5.0
0060925493	4.0
1414301081	5.0
0312538960	5.0
0393052761	4.0
1601422946	4.0
0547553099	4.0
0441346634	4.0
0764210394	4.0
0345461568	4.0
0385514077	5.0
0007124015	5.0
0738713309	4.0
0151013861	4.0
0547237480	5.0
0393018865	5.0
1477809449	5.0
0385511809	5.0
0345536703	5.0
0764553917	5.0
097677884X	4.0
1581824432	5.0
0316955140	5.0
0425230325	5.0
0312558538	4.0
0553587633	4.0
0867194170	4.0
1590956869	4.0
0345494466	4.0
0743276809	4.0
1416585834	4.0
0061782149	4.0
0316188522	4.0
0738523267	4.0
1481082833	5.0
0765311437	5.0
077832320X	3.0
B00ESRL8VQ	5.0
1605984205	4.0
1605294276	3.0
0345533666	3.0
0151012504	4.0
0061929387	4.0
0446520721	5.0
0425168700	4.0
0312205511	4.0
0399156364	5.0
0553587641	4.0
0813327024	5.0
0761165789	4.0
006018552X	5.0
0451216997	5.0
0778324559	4.0
0470892056	4.0
0060736615	5.0
0671460978	5.0
0312860447	5.0
0385034598	3.0
031233379X	3.0
B005MEQ4EU	5.0
038533723X	2.0
0805074392	4.0
0385519710	4.0
0689108141	5.0
068814425X	5.0
144247422X	5.0
0684850303	4.0
0553581430	5.0
0312853254	5.0
0062072927	4.0
0786838590	3.0
0385502044	4.0
0312656076	3.0
0743496728	5.0
0446608386	5.0
0964242672	5.0
B0082ZCWLU	5.0
0307276872	3.0
1585422002	4.0
1414345534	5.0
0451237862	4.0
0393070530	4.0
0525949089	5.0
1416991417	5.0
0688168248	1.0
0316603570	4.0
0060853379	3.0
1611599016	5.0
0307352145	5.0
0312368437	5.0
159020462X	4.0
0439339111	4.0
0006514006	4.5
0470429003	4.0
0393050947	4.0
0771095716	5.0
1416902465	3.0
0312192622	4.0
1400008654	4.0
0345536746	5.0
0545143136	4.0
0064409406	5.0
0143114107	5.0
0060092572	4.0
0142500593	5.0
1612185924	4.0
0345543041	4.0
0307271196	3.0
0606090142	4.0
0451195590	4.0
B00EIPSCOY	5.0
0310327954	4.0
0062026208	4.0
0451212525	4.0
1416959343	4.0
1451683367	4.0
0451195582	5.0
0451200551	3.0
0446196134	4.0
0060582294	4.5
024081469X	4.0
0520066308	5.0
0064409414	5.0
0553581465	4.0
0316955191	5.0
0374532885	5.0
034549931X	4.0
055358278X	4.0
0312312857	5.0
1477444890	5.0
0307275566	3.0
0935216758	5.0
0399161759	5.0
1612185932	4.0
1416507558	5.0
0758238452	4.0
0141039280	4.333333333333333
0312368461	4.0
B007YT8V9M	4.0
0345536738	4.0
031266804X	5.0
0451195574	4.0
0971287422	5.0
0099525259	4.0
1434907082	3.0
1439153841	5.0
0743228340	4.0
0802137989	5.0
1596441046	5.0
0156030780	4.0
0060505222	5.0
0451220137	5.0
080189560X	4.0
0813339065	4.0
0374387699	4.0
0312353375	4.0
0425217329	4.0
0393060306	4.0
0385515308	4.0
0425218651	4.0
1591025699	5.0
0385515316	5.0
0007225520	5.0
0745650848	5.0
074327685X	4.0
039515023X	4.0
1592004318	5.0
0451232119	4.0
0451216946	5.0
B006SP2X60	4.0
0761452931	5.0
0765334909	3.0
0786021349	4.0
0060977493	4.5
1401201911	4.0
0743276876	4.0
086527343X	5.0
0156029782	3.0
0385304374	4.0
0060852003	4.0
0312364040	5.0
0691096031	4.0
0143123033	2.0
0848732642	4.0
1611599059	5.0
1611211409	5.0
075820681X	5.0
0525952683	4.0
0060734019	5.0
0330517783	3.0
0060828358	5.0
1400042577	5.0
0345803485	1.0
0425205320	4.0
0451457730	4.0
145169489X	4.0
0380817195	4.0
1611599032	5.0
0345543084	4.0
1111828784	3.0
0449014509	3.0
0312668031	4.0
0805062386	5.0
0451204948	3.0
B005MZA1R0	5.0
0312388020	5.0
0312429851	5.0
0935526587	5.0
0151010749	4.0
0061999288	5.0
0345441125	4.0
0778327655	4.0
0071605266	5.0
0380817187	5.0
0385528655	4.0
0743295153	5.0
0345534115	4.0
0307394808	4.0
0826331866	5.0
0743255976	4.0
0345421515	5.0
045121918X	5.0
0451237838	5.0
1931561621	4.0
0452282829	5.0
1576736385	5.0
0553471937	4.0
1596921323	4.0
0961328932	5.0
1582972613	5.0
1568250436	4.0
0062104187	5.0
0132358107	5.0
B004VWLEGM	5.0
0609809830	2.0
0590762591	4.0
