0312382456	5.0
1602728712	4.0
B0040JHPM8	2.0
1615815244	5.0
030793313X	5.0
1481205072	4.0
1615814272	5.0
1934349992	3.0000000000000004
B00F3O6KUC	4.0
1596328835	5.000000000000001
1482732858	5.0
1608202127	3.9562289562289568
1934531448	3.0
B00HSKMN5K	5.0
1931513058	5.0
B00BN3042M	5.0
B00530FDOA	5.0
0758266510	5.0
1596323272	5.0
1492775754	4.0
B00H8BPN9W	1.0
B0093MGNV6	5.0
0615638864	5.000000000000001
1449934323	4.0
B00FVOTR8Q	5.0
B00FJ1E9IY	4.0
1613725124	5.0
B00I3QB7YQ	5.000000000000001
1419967762	1.0
0575067861	4.0
B00JKKP75E	4.0
B00GB8C94A	5.0
1623800080	1.0
0385660065	5.0
1623802261	5.000000000000001
0615669107	3.0
1580083544	5.000000000000001
B00I54U9XQ	5.0
1623000254	5.0
1615819843	5.0
1605047082	5.0
147826182X	4.0
B00ECZZRDO	5.0
0515151556	4.0
1626490708	5.000000000000001
1483979911	4.0
1615814051	5.0
B00BMTQNQ8	2.0
1402762291	5.0
0615706770	2.0
B0051IMU7C	4.0
B006Z9SNBS	4.0
0451235843	5.0
1615818529	5.0
B0090P1MIU	3.0
B007UQU3VI	5.0
B0062O8IN4	4.0
193519223X	5.0
B00H0V069M	5.0
B00AL3MILA	4.0
B005S6L6OU	5.000000000000001
B004LGTJFG	5.0
1611183804	5.0
B004HW7E60	5.0
B00D4KM6EQ	4.0
B00CQOJMXO	4.0
B00C6ZTNAU	4.714285714285714
1493755544	4.0
B00BPZPOE6	3.0
B004XJ6922	5.0
B0086POVJM	4.0
1623803373	4.0
0446584703	5.0
1250002834	4.0
1935192477	3.0
B005C65X18	5.0
B00KRVSCAC	4.0
0578129965	4.0
0307281698	5.0
1623804647	4.0
B004Y73VBK	5.000000000000001
B00CC68G7Y	5.000000000000001
B004L626R4	5.0
B006F80FMY	3.9361702127659575
1448692784	5.0
148238745X	5.0
B004GEARSG	4.0
145210655X	5.0
B00436EZGC	4.570570570570571
1494839245	3.9152000000000005
1620040808	5.0
074145453X	4.0
0983706352	3.0
B005MGEO36	3.0
1613727119	5.0
B003TU2I7G	4.0
1565123514	1.0
1476717516	3.0
0263899403	4.0
1477679995	5.0
B004MDLV22	3.0
0345501896	5.000000000000001
1615814469	4.480769230769231
1463789777	5.0
0991841174	4.0
1627983031	4.0
B005FHNJ56	5.0
1613727348	4.514388489208633
B007WKEM0A	3.0
1596327839	3.171209540034071
B00BXNM9QG	5.0
0451222725	5.0
B00HNXD9QO	1.0
0425236773	1.0
1482914794	5.0
B005X1SHQU	4.419896640826874
B006I2RN9U	3.8901890189018897
0425242099	5.0
162322053X	1.0
B00CQ808TW	2.0
1461079853	3.0
B007QERCAO	5.0
B00ISE8BRE	5.0
B00IRBXJNE	5.0
030758836X	1.0
0985784016	4.0
B00DRFN4QC	3.0
148023964X	5.0
B00322OP86	4.0
1416580948	5.0
B0082B3DXA	1.0
0345447832	4.0
1608206661	5.0
1470005867	4.580103359173127
B004Z23JGQ	2.0
B007U1QKDI	4.0
B00I5CHFTO	5.0
075824178X	5.0
B00I2SWC1C	4.0
1603706038	4.0
B00C3MCXW6	3.0000000000000004
B00E9BLRUI	5.000000000000001
1483966763	4.0
B00I5LA4UW	5.0
B006Z1GKXO	4.0
B00HYV1YDU	5.0
B00AYOSV6C	4.0
1468006002	5.0
B005MKK0U8	5.0
1491239395	2.145710928319624
B003TU271I	5.0
1607352990	5.0
0615810756	5.0
0671019708	1.0
B00LLWDUDK	5.0
1484119134	4.0
B004QTOTGM	2.0
1484119258	5.0
160737918X	5.0
1623801389	3.0
1481929380	4.0
B00IUNIKNI	4.0
1622417372	5.0
B004P1JN0S	5.0
B009MTO9UW	5.0
1470126524	5.0
B009W3QEHO	3.0
B00BALT7KM	3.0
1439188157	5.0
1608208958	5.0
B00EAOMBMC	4.0
0452263921	5.0
1480162310	4.468085106382979
0515145807	4.0
1599983478	4.999999999999999
160820894X	4.0
1934166502	3.0000000000000004
1451589840	5.0
1935192671	3.4134275618374557
1623802482	4.0
148261376X	4.0
0451239350	5.0
0399156879	5.0
B00CO8EDIG	4.0
B005FG163Y	5.000000000000001
B0052ZAV9S	2.0
0061709573	2.0
0451228219	3.6535129932627526
1608200345	5.0
1494386631	5.0
0979311020	5.0
B0035LDNBY	5.0
1463513461	4.494661921708185
B00BJL0A0O	4.0
1466219661	5.0
1493788868	5.000000000000001
B00KET52SW	5.000000000000001
1479355100	3.0
B005K159H8	4.0
161372442X	3.4474789915966384
0061491012	4.0
1602020973	4.0
B004KZOREQ	5.0
1615817395	4.0
1613722133	5.0
0857206931	3.0
0307943232	2.0
1416580956	5.0
0345517539	5.0
1885865678	5.0
1609289021	5.0
0425201503	3.220483641536273
B009QBHDHM	5.0
0451229444	3.692789968652038
149033274X	4.0
1489580174	4.0
1608203603	5.0
B0083UL878	4.0
B00B8U421O	3.556650246305419
045123801X	5.0
1623805376	5.0
B00H0KQG2O	3.0
1615810870	4.0
B00E2YJYSY	4.0
0505528223	3.0
1476716080	2.0
B004SPEF1I	5.0
B004IZMAEW	5.0
1615819584	5.0
1455574856	4.0
0743499336	5.0
B00GQ9IKCE	5.0
1626490309	5.0
B00H8Q5O3M	4.0
1605048577	5.0
B004CRTCR4	5.0
1492321117	3.0
1937058182	5.0
0451229452	4.393013100436682
B00BCAIFAY	5.0
0758203926	2.9999999999999996
B00BWV8AHQ	4.0
0345517555	1.0
0385320027	1.0
B00JDJLMQA	5.0
1479103438	5.000000000000001
B00C1NCUL6	5.000000000000001
B00DPROWWW	1.0
162380406X	4.0
160272766X	5.0
0971223262	5.0
B00L19CQPG	5.0
B00IQR9172	4.0
1627983171	5.0
1492740357	1.0
B008PYLULG	4.0
1615818383	4.0
1613725302	5.0
074359679X	5.0
B00BJGPWHK	4.0
B00HI9KDM6	4.494155154091392
1613724217	5.0
B007FTNAI8	4.0
0595337465	2.0
B00H8XYNY6	5.0
B00B69WH96	4.0
B0059JGY6G	4.458383594692401
1468047744	4.0
1484130065	5.0
162380647X	3.0
1937551873	4.612061939690301
B00CCRB40E	4.0
1627987126	3.0
B00E1M6LCE	3.0
161372568X	4.603701340140396
B00CE2XHD4	3.0
1611249694	2.0
1603707743	5.0
1608201236	5.0
1603702180	1.0
B00DW47I8I	5.0
B005HRSU30	5.0
B00HT8ZTKM	5.0
1615810706	3.0
1606019635	4.999999999999999
0983476438	5.0
1606597205	2.0
B00B7T18UY	5.000000000000001
0544028090	5.000000000000001
B00770DHGK	5.0
1615818561	5.0
B009L9F2LS	5.0
1463765142	5.0
1935192809	5.0
B004Y73BRE	4.0
B00CELFI5K	1.0
1611249562	5.0
1626490872	5.0
078671669X	3.0
1934166685	5.0
1613722060	5.0
B00KMEOCXU	2.0
1605046078	5.0
B00E89E050	5.0
1495458881	4.0
B00LILB7F2	5.0
B005X8ZRQQ	2.0
1615819525	5.0
B00A3D6QI4	3.0
0451226259	5.0
161372425X	5.0
0671877011	4.0
B0054LX3C2	2.0
1608202348	5.0
B0056ICE3M	5.0
B006WW0212	5.0
111802205X	5.0
1492102512	4.0
B00513MMW0	5.0
1611249309	5.000000000000001
162380535X	5.0
1484156587	5.0
161581843X	5.0
B0063H63KA	4.0
0312283709	5.0
1492868752	5.0
161372327X	5.000000000000001
B006J7FPL2	4.0
1402220065	5.0
0445406518	5.0
1439136807	5.0
B005V32PZO	4.0
B00CB26IA6	5.0
0374214913	5.0
B00EZ4KO3A	5.0
B008ZKVBZK	4.0
1615810854	1.0
B00CZ8MCG0	3.0
1937551792	5.000000000000001
144992462X	4.0
B008MOOT26	5.0
0996037004	1.0
B007SJVTRY	4.0
0983374732	5.0
1605040908	4.56
0440246113	5.0
1613724969	2.0
160820409X	5.0
1613724608	5.0
1461099935	4.0
B004G08WO6	5.0
0312355637	5.0
B004QWZGMK	5.0
1605044148	5.0
1607741148	4.0
1606019953	5.0
1602729255	5.0
0373752253	5.0
B008A39FY6	4.0
1613720114	4.721750489875897
0425208885	5.000000000000001
B0046A9Q7S	4.0
0091933684	5.000000000000001
1609285980	5.0
1622415450	5.0
0316607096	2.9999999999999996
0981737285	5.0
1613721447	4.0
B005HFK81E	1.0
0451417054	3.7984496124031004
1615815805	4.0
B006M3Y9ME	4.0
1941450008	3.9574468085106385
B007WIEFHW	4.0
1442345462	4.0
1936214555	4.0
1619210576	3.0
1477808671	5.0
B00K0X5GMO	4.0
B00FPW9RFW	4.0
1613724985	5.0
B005BSZ3AS	3.0
162649049X	4.0
B0070FDVHC	4.0
0451229851	4.429435483870968
B0082155UO	5.0
B000WCWUWM	1.0
B00EH9HUNA	4.0
B00I21QYJ0	5.0
B00E8FOLUI	1.0
B00E6YQIKM	4.0
B0070FDJPG	2.4493865030674846
B00DGY5SV8	2.0
193755158X	4.0
0982410255	5.0
B00CGE2XCG	3.0
B002HJV44S	4.0
1402289561	5.000000000000001
B004VTHHB6	4.0
0758277180	4.0
0977897109	5.0
B00I5HXXV8	1.0
0615507719	5.0
1479370118	4.0
B00DEYIY34	3.0857908847184987
B0058OIY4W	5.0
B006LFPTIG	5.0
B002NOGDL6	3.0
B006Z9JYB6	1.0
B003T9US8S	3.0
0451216954	5.0
B003U89S66	5.0
1615814612	5.0
B0070XA0VY	5.0
1615819487	4.999999999999999
1482747634	4.0
B005F69LYK	5.0
B005FSIQKI	2.0
B00GOHU1TI	5.0
1613723555	5.0
1623801818	5.0
B006TH9R2K	4.0
B004PYDOC8	5.0
B003MQMNSG	1.8781664656212305
0595188273	2.0
1596328363	5.0
1623806399	4.0
B009J2KAU0	2.0
B003GDI9II	4.0
1482689553	4.53757225433526
1615819118	4.155370177267987
0345503392	5.0
B004TDN7SG	4.468085106382979
0991677196	5.0
1455576506	4.0
148274337X	4.0
1477450491	4.0
1627982620	5.0
0595468721	4.0
B004ISLQYO	5.0
B003Z0D08G	3.0
1494388588	4.0
B005MJTRL2	5.0
1615810315	5.0
B00IKMZYK6	5.0
B0046ZS3CC	5.0
0446541311	3.0
1623804086	5.0
B004HZXHOA	5.0
B00CXFTSQW	3.5412719891745605
0505528541	1.0
B00C6ZTN78	4.506896551724138
0425251020	2.9999999999999996
B0080HKTJ2	2.0
1441508147	3.0
B00CKRW4FA	3.0
B0049H8WDW	4.0
1610401891	5.0
1484096762	5.0
1609283473	5.000000000000001
B00579IB78	3.0
148488907X	4.021084337349397
B00I5CHMRO	5.0
161581079X	4.432756324900133
1627981527	4.0
B005HIL52M	2.0
B00HYDXYNQ	4.0
B00GYI8K4U	4.0
B004A8ZVRA	5.0
B008UGCZHW	4.0
061566329X	4.0
1615817093	2.0
B004YWKA1O	4.0
1495461424	5.0
148208225X	2.0
0061894451	2.0
B003TFE96E	4.0
1463718497	2.0
0425230570	1.0
1482678225	1.0
0061894575	5.0
1609283104	5.000000000000001
1623807131	4.0
1615810579	2.0262857142857147
1482736829	5.0
0312362153	5.0
1623005329	5.000000000000001
B004XVUZUW	1.0
B005V24MBU	3.0
B00I6TPPYI	4.0
B0058EAGAW	5.000000000000001
1623808588	5.0
1623802547	4.0
B00HTBUE4K	5.0
162380132X	4.0
1608204146	5.0
1613727038	4.453277545327755
160601465X	4.0
B004OR1KOA	2.9999999999999996
B00GTVCXK4	4.0
B006I19EQG	5.0
161581695X	4.0
1466365951	4.0
0857154176	5.0
B005F0EN1M	3.0
1451640897	5.0
B003TLMKQE	5.0
1613720874	4.4581439671602405
0451947630	5.0
B004UHYPZK	4.999999999999999
B00BHIBSAK	5.000000000000001
1615812261	4.0
160928206X	4.0
1455599247	2.9999999999999996
B00BNADHV0	3.4327563249001334
0987507311	5.0
1615813586	4.0
1453875042	3.9065550906555093
B004OR1KO0	3.0
1611940087	3.0
1623803535	5.000000000000001
1469956543	5.0
B005N0PGLK	5.0
1623800269	5.0
1623804868	2.0
B008T8PDR0	4.0
1479261726	5.0
B0038AUZ4A	4.539487179487179
0987749307	2.0
0425255700	5.0
B00A2V2M2Q	5.000000000000001
B00ETEB5QQ	5.000000000000001
1491054492	5.0
1599985691	4.0
B007JE1B1C	4.0
B00534M236	5.0
B00FNXC8EU	5.0
1440444420	5.000000000000001
B003FSTL54	4.0
1468189557	4.443502824858757
B00FQHQXJY	3.0
B00408AQ98	3.0
1599901609	5.0
1615817956	5.0
1626491070	3.5889517181383215
031604461X	2.947428571428572
B003TLMIOI	2.0
1419958437	5.0
B00LB8LSIS	2.0
1466324821	2.0
0312664818	1.0
1623805945	4.0
B004HD65GO	1.0
B001VLXML6	3.0
B00DD89DIG	3.0
1563054345	5.0
B00F7J1UYO	5.0
B007X09GNM	3.0
1448647665	3.0
0451233166	5.0
1420108697	2.0
B00CV8IHRW	5.0
0451400445	2.9999999999999996
1623809193	4.0
0425251217	5.0
B004WG5C8I	5.0
B0055UDPWK	2.5606242496998797
0425233804	5.0
1615810099	5.0
B0051BLSE0	5.0
B007XAFECY	5.0
B006Z9K0LY	4.0
0451457951	4.0
1623800323	5.0
1466242914	3.0
1623800447	5.0
1492298352	3.527001862197393
1478213655	5.0
B003K16TME	4.43377253814147
B00I15VL86	4.466111771700357
1627982116	5.0
B00GMW1HL6	3.0
1614954607	5.0
B004Z9XKZE	2.0
1599989700	5.0
B00806PEHK	4.0
B008IXPAGA	2.0
B00540GM2Q	2.9999999999999996
B003VWC0X4	5.0
0758259239	5.0
B00BRUQ2CW	4.0
B005J5V70S	3.0
1933389192	3.0
B004RQD43S	4.389115646258503
B00D89OGW8	5.000000000000001
0553562789	3.0
B008O53SPW	3.0
B005CAJ04U	4.0
1492236837	5.0
1477617140	2.0
1613721528	4.999999999999999
0142408816	5.0
B006CBFH22	3.0
0871132583	5.0
B00CNID0J0	5.0
B002FK3U0K	3.0
B00G7U8WKW	4.0
B006U0L61Q	5.000000000000001
B005T4DSEC	3.0
B003T0HFU6	2.9999999999999996
1615812458	5.0
B002U0M524	5.0
0758269277	5.0
0857157477	4.0
1615812334	4.0
0615301053	4.0
0345803485	1.0
1613720467	4.617230098146129
1615810293	3.515151515151515
B00GM00FDY	5.0
1623800226	5.0
B00EV07TD6	5.0
1609283198	2.0
B00AGFI0RE	3.0
0399159010	5.0
B007VN92WG	5.0
B008UF0EKS	5.0
0983573352	4.0
1456353160	3.0000000000000004
0441017770	5.0
0989117375	3.0
B003UHU3FW	4.0
B0071FNXWY	4.0
B004OEIRNA	2.0
061588699X	1.0
0399162771	3.0
B00579FBI0	4.0
B005AK44I4	4.36734693877551
B004HILZCI	1.0
0451225856	5.0
B00IG1ODT4	5.000000000000001
B005J8YPG8	5.0
B00HBRNI2C	5.000000000000001
1483955230	2.0
B00427ZJU8	2.0
1467530999	2.0
B005G515WQ	4.0
1609288998	5.0
B00HAM7MAC	5.0
1452650888	4.0
0307336727	5.000000000000001
B002CVTX5I	5.0
1615812113	3.0
1615816712	5.0
B00F9BOEZW	4.0
1615815740	5.0
1608192245	4.0
1619214164	5.0
