1480257540	5.0
1463762364	5.0
B00AR6ZB60	5.0
0785289089	5.0
0061664618	4.0
0374246025	5.0
0141040343	4.0
B004PGNENK	5.0
1480536466	4.0
0312369115	4.0
0316077046	5.0
0060815361	4.0
0374532281	4.0
1250024633	5.0
0765311771	4.0
0345504968	5.0
0805094601	5.0
0385743564	5.0
B007XSNFAE	4.0
0385738773	4.0
1471133524	5.0
0142402516	5.0
1490559175	5.0
0345381017	5.0
0679890696	5.0
1442430028	5.0
0989450252	5.0
0679891307	5.0
1492323039	5.0
1492814997	5.0
0316404152	5.0
0553274325	5.0
1491208295	5.0
1423113497	5.0
0062026518	5.0
0062105655	4.0
0062072099	5.0
1492908495	4.0
031613399X	4.0
061583860X	4.0
1490458700	5.0
1494289105	4.999999999999999
1470139685	5.0
1490943846	5.0
0156319527	5.0
1598803816	5.0
0989487504	5.0
031612558X	5.0
B008O58I4S	5.0
0446574457	5.0
1937053571	5.0
1439102740	5.0
1605984809	5.0
0062082353	5.0
0316207659	5.0
0060855924	5.0
1483948978	5.0
1606841440	4.0
1463512546	5.0
0143124544	4.0
1491092440	5.0
B0084AS77Q	5.0
0470906723	5.0
1484038487	5.0
0375834036	5.0
1480219851	4.0
1133626386	4.0
145151705X	5.0
1416961496	5.0
B0089LOK6W	5.0
B00H0GED9Q	5.0
B008TQ0T8A	5.0
B00DV88VFO	5.0
1452665885	5.0
1482017229	5.0
0316211222	4.0
1455520640	5.0
0606238409	4.833333333333333
0312596766	5.0
B006HYGVEM	4.0
B00CKOV7I8	5.0
0989450236	5.0
B00HZ46GS4	5.0
148014178X	5.0
1500196444	5.0
0062059998	4.0
1482747634	1.4705882352941175
0615822762	5.0
1599953633	5.0
014241977X	4.0
0615822886	4.0
0310214378	5.0
0425251241	5.0
1490943781	5.0
B00AKH5X4G	4.0
1581170424	5.0
0385537859	4.666666666666666
B00GBIYX8A	4.0
1476712980	4.999999999999999
0141346159	4.0
0062211196	4.0
1476763526	5.0
1484185064	3.0000000000000004
1491274204	5.0
1599904233	5.0
0439108381	4.0
1480529699	5.0
1481814915	4.0
148276895X	5.0
1455549002	3.0
147781728X	5.0
1479359084	5.0
0141339624	4.5
1595147586	4.0
1455576506	5.0
0446579653	4.0
0425235440	5.0
068816689X	4.0
1484107608	5.0
0307710319	4.0
0615764827	5.0
1477805869	5.0
1476776040	3.0000000000000004
0738715727	5.0
1439192316	5.0
0142420891	4.0
0615752179	5.0
1599904225	5.0
0345803507	4.999999999999999
B004SOQ0SK	5.0
0615741932	5.0
0375806113	5.0
0446547638	5.0
0062102605	5.0
B00EOKKVG0	4.0
0886771684	4.0
0988812517	5.0
1481980718	4.0
1416585834	5.0
0316055433	4.0
1483966763	5.0
0002247399	4.0
B00E2U5FZ4	4.0
1484154207	5.0
073935650X	5.0
1439136637	4.0
1612183026	4.0
0671027344	5.0
1480264024	5.0
148023365X	4.0
1480198854	5.0
014014773X	5.0
1483997472	4.0
1484120906	4.0
0062059963	4.0
1480089133	1.0
0983398038	4.0
006197806X	5.0
B00B6UFULM	5.0
1476756546	4.0
B00GCG7GTE	5.0
0312973055	5.0
B00BUYLEGO	5.0
0143121103	5.0
0307595110	5.0
0810970686	5.0
0761171894	5.0
1453865349	5.0
0316036919	4.666666666666666
0373778295	4.0
0375836888	5.0
0425266745	4.0
1470094096	5.0
1482685302	5.0
1452662584	5.0
1476753164	5.0
1451649916	5.0
B00DN3KDVC	4.0
1452663874	3.0000000000000004
1489539042	5.0
0615836968	5.0
1442430419	5.0
1452661219	5.0
0991686039	5.0
B008RLTZ96	5.0
1400203759	5.0
B00HH1JVCI	5.0
0547152299	5.0
0590635557	5.0
1495307352	5.0
1423139933	4.0
1594744769	4.0
1470124327	4.0
0441017150	4.0
1455547387	5.0
B00CBO0BXO	5.0
1453876146	4.0
1442488638	4.0
1442430427	5.0
1587360675	5.0
0768424445	5.0
0374384673	5.0
B00K1DPP92	5.0
1496169484	5.0
146109111X	4.529436679373147
0345539788	5.0
1480145424	2.0
1493626655	5.0
1491282029	5.0
1455574880	4.0
1442485256	5.0
0544264975	4.0
1601627300	5.0
B00HVD8VX2	5.0
0525953698	5.0
0578094460	5.0
052595368X	5.0
0310742307	5.0
1449450334	5.0
1482792621	4.0
1455574856	2.6399769585253456
1481958313	5.0
B00I48KN16	5.0
0615630197	5.0
1491510706	5.0
144235948X	4.999999999999999
006226768X	5.0
1442488662	5.0
0062136585	5.0
0425259862	5.0
0316017922	4.0
B00J7B2CHW	5.0
045123894X	4.0
0007444117	2.171259052807162
0446582352	4.0
0312614772	5.0
B002BX87E0	5.0
1492164429	5.0
1481976303	5.0
B006NYVKTC	5.0
006230240X	4.0
1475070306	5.0
0385346859	5.0
0761463275	5.0
1442303093	5.0
B008RSCS9S	3.0000000000000004
B009CQT09A	4.0
0141326085	5.0
031604461X	4.0
B009JKBGKK	4.0
1406332933	5.0
0370332288	5.0
1414336241	5.0
0142427551	4.0
1484954556	5.0
B00KKG0EPK	5.0
0425259854	5.0
B00AGZVGCU	4.0
B008B11K04	5.0
B00B3VX4U8	5.0
0781444993	5.0
0446575038	5.0
B005HMGY0G	5.0
B00IRM85UA	5.0
B00BTN2DSY	5.0
B00IXQE8ZG	5.0
0830756647	5.0
1250030951	5.0
1442485280	5.0
B00IWWT60I	5.0
149033730X	2.0
1612383777	5.0
145161778X	5.0
1492976423	5.0
006109918X	4.0
0061915238	5.0
0470404868	5.0
147674355X	4.999999999999999
1416912045	5.0
1491291796	2.0
0545265355	5.0
B005HXOEYS	5.0
B00BT0J8ZS	5.0
076536543X	5.0
1492773522	5.0
1491001011	5.0
014241543X	5.0
0439023513	4.5
1499324855	5.0
1598803794	5.0
B005CF783K	5.0
B00IAENL0E	5.0
1475181221	4.0
0439023483	5.0
0545310164	5.0
1491040300	4.0
1477689966	5.0
0989416402	4.0
0989450201	4.5
B00CFADXR0	5.0
1466323604	4.0
1410423611	5.0
0061431834	5.0
1932319832	5.0
0345542886	4.0
1476718202	3.2891996429634043
0071702989	5.0
1469252317	4.0
0545418224	4.0
B009YLRDQK	5.0
B00AK1IMXQ	5.0
1480074616	5.0
0718178122	5.0
0768427118	5.0
1492953261	5.0
B00J9LKE2U	5.0
0446539880	5.0
1471133567	5.0
0985956240	5.0
1451638418	5.0
0062024027	5.0
1492863602	5.0
1490300074	5.0
1442488603	4.0
031612351X	5.0
1497472393	5.0
0261103288	4.0
B00LRQ6N48	5.0
1618080210	5.0
0340837632	5.0
0345803485	5.0
B00H3LM7UA	4.0
1935216538	4.0
0425243915	5.0
1499305230	5.0
B005PP3DVS	1.0
0316123536	5.0
174220810X	5.0
0988301318	5.0
1480225649	5.0
B00ADC8PPC	4.0
0842366652	5.0
B005LWV9IO	5.0
1469984016	5.0
1469982994	4.0
1628600101	5.0
0399162410	5.0
0606269207	5.0
0805095837	5.0
0804141444	5.0
0375831002	4.0
0615885438	1.0
149043013X	4.0
0857662937	4.0
0060392886	5.0
B00631JXEO	2.0
0310727618	5.0
B00DG261BG	5.0
0385738757	5.0
0345803493	5.0
B00GSZUMY0	5.0
1491072032	2.0
1937041050	5.0
1494852039	4.0
0007442920	4.500000000000001
0486414760	4.0
B00FBK17PQ	1.0
0062102680	5.0
014241591X	5.0
1480568511	4.0
