0312981600	3.0
0679421777	5.0
054410210X	3.0
0062012347	3.0
0441007988	3.5
0765329506	5.0
0743281616	5.0
0312680457	3.0
159052764X	1.0
0060591854	2.0
0060002484	5.0
0061474096	5.0
1402786360	5.0
0679750150	5.0
0316906506	5.0
0446577391	5.0
0812972597	2.0
0312450109	5.0
0553095366	4.0
0345444213	3.0
0517703912	2.0
1414300336	5.0
0140255893	5.0
0375507957	5.0
0739448641	4.0
0061246395	5.0
0028641825	4.0
0425256162	5.0
0375413553	3.0
0847819701	5.0
0871164957	5.0
0385537654	2.0
1594487251	5.0
1580087906	5.0
0307949613	5.0
0142000760	4.0
0312876882	4.0
0312356064	3.0
1840468157	1.0
0307957233	5.0
0517703920	2.0
0312675089	3.0
0140072748	3.0
0399153624	3.0
1416597425	5.0
0743281632	5.0
0399150595	5.0
0982720904	1.0
0451218116	4.0
1416503587	4.0
0373802498	5.0
037543318X	3.0
0380792923	5.0
1612182372	5.0
0061626007	5.0
0061558230	5.0
0143035282	5.0
0441018661	3.0
0786020873	5.0
0345401964	5.0
B00CO7FLJM	2.0
0399150587	5.0
1894154029	5.0
0375701427	3.5
0451219430	5.0
B008DL5HB0	5.0
0439136350	5.0
0061558222	5.0
030739090X	3.0
B00CF5GNTA	5.0
B009GE8OLS	2.0
1612182380	5.0
148418601X	5.0
0312675062	5.0
B00501MTHQ	2.0
0786020881	4.0
051513175X	5.0
0425214338	5.0
0375713425	5.0
0765340739	5.0
0778315134	4.0
0099448572	4.0
0671775928	5.0
0786902639	3.0
1410440478	5.0
030795062X	4.0
0500051224	3.0
0471303011	5.0
034552666X	5.0
0156013231	5.0
0786134828	4.0
0765304236	3.0
3791341715	5.0
0300100477	5.0
0441009719	1.0
0786902647	3.0
0345458834	5.0
0942018303	5.0
0373632657	5.0
0231139624	5.0
034544423X	4.0
1558504184	5.0
0312270933	5.0
0486457834	5.0
1611090733	4.0
159780276X	4.0
0192835890	4.0
0066214769	3.0
0061245097	5.0
B0064GMRSW	3.0
0778327140	5.0
1565892127	5.0
0312655479	5.0
0789206528	3.0
0375700129	5.0
0312291027	4.0
0141007540	5.0
0684852861	5.0
0806513500	5.0
1477848215	5.0
0385536313	4.0
0316734942	5.0
0786902620	3.0
0553292722	5.0
0525457232	5.0
0330412744	1.0
0380814889	3.0
046500525X	5.0
1931498997	1.0
0099506165	5.0
1579654290	5.0
0307476898	1.0
0451411145	4.0
0312866658	5.0
055310652X	4.0
1891369261	5.0
0441010725	5.0
0345516427	3.0
1930235003	5.0
0061245089	5.0
0140502343	4.0
0743486927	5.0
0140424385	5.0
0373802447	5.0
0151005672	4.0
0345492730	5.0
0987818066	4.0
0596000820	5.0
1611090717	3.0
0786170549	4.0
0060758066	4.0
0974876542	3.0
0316734950	5.0
0671695320	5.0
0615821650	5.0
073949015X	4.0
0425223256	5.0
4889962255	5.0
0441009743	1.0
1560258411	5.0
0340712511	5.0
0060763442	3.0
037542864X	5.0
0345345304	5.0
0393318265	5.0
0394511980	4.0
0307599809	3.0
044640103X	5.0
0345358619	3.5
0345359941	5.0
0380817934	4.0
0842322973	5.0
0446528382	4.0
1594868239	4.0
0671720848	4.0
031298166X	5.0
0671017241	2.0
079481946X	5.0
1469201615	4.0
0679760377	3.0
0143036556	3.5
0525464387	5.0
0446515051	5.0
1848567499	4.0
0143037889	5.0
1461057205	5.0
0143119494	4.0
0553571737	5.0
042522144X	5.0
0151997357	5.0
0553584162	5.0
0380817926	5.0
0316608459	5.0
0446580961	2.0
0830815813	1.0
0451229681	5.0
0505527030	4.0
0671014188	4.0
1582381364	5.0
0786963611	5.0
0345423348	5.0
0143057464	1.0
0670891584	4.0
0767904494	5.0
0099200910	5.0
0060763469	4.0
0553279718	5.0
1595543732	3.0
1586170341	4.0
1452113831	5.0
0743537343	5.0
0452296331	3.0
0385534574	5.0
0399131434	5.0
006250732X	1.0
1624140009	5.0
0989017001	5.0
0312200269	4.0
0451218981	4.0
1909520470	5.0
0465020836	5.0
0425213811	4.0
0451462718	3.5
0312352557	3.0
044651506X	5.0
0312981651	5.0
0385344325	5.0
0345347951	5.0
0061242845	5.0
1555911064	5.0
0812974387	2.0
0800717783	5.0
0345481259	4.0
0749304650	5.0
0805014632	5.0
1400082366	4.0
006206441X	4.0
1449420699	5.0
054799219X	5.0
0028621328	5.0
0515141178	4.0
1438961820	5.0
0316608432	5.0
0345490169	3.0
1852427175	5.0
0736913130	1.0
0385475721	5.0
0547580991	5.0
0312353812	5.0
0061240257	3.0
1574213628	5.0
0452009421	5.0
0399131493	5.0
1586483498	5.0
0310925886	5.0
0151006903	5.0
0312343604	5.0
0618154027	5.0
0778324923	4.0
0743246489	5.0
156947303X	5.0
0786014199	5.0
0192818481	3.0
0141325291	4.0
0380976544	2.0
0451461401	5.0
0446579939	4.0
0801052742	5.0
0060774126	5.0
039332365X	5.0
0091779251	5.0
1902593774	1.0
0553584197	4.0
0307377903	2.0
0425220168	5.0
1612190898	5.0
0261103288	5.0
0743492854	5.0
0425221490	5.0
0374184216	5.0
1440543410	5.0
0312585942	5.0
0312282990	5.0
0505527073	5.0
0399155449	5.0
0778323617	5.0
0743292332	3.5
0062065777	5.0
0312353839	5.0
0007271166	5.0
0007149824	5.0
0195374525	3.0
0312864876	4.0
0380798271	4.0
0446678031	5.0
038079294X	4.0
0345490150	3.0
0062011847	5.0
146641989X	4.0
1444729721	5.0
0811831973	5.0
0743224221	4.0
0312867131	4.0
0743203321	5.0
0553104845	3.0
0316155306	5.0
0373617992	5.0
0684843056	5.0
0307277674	3.3333333333333335
0195090810	5.0
0684870673	2.0
0340793112	4.0
0441012418	3.0
0345508890	5.0
0312982011	5.0
0094709602	4.0
0385535910	4.0
0316734098	5.0
0307952339	4.5
0553111132	4.5
0061976229	5.0
0452298016	5.0
0060254920	5.0
0140252800	5.0
B00C0G25AA	4.0
B00FAV2YDU	3.0
0060936231	5.0
0226103897	5.0
0670031739	3.0
0806517131	5.0
0060512229	5.0
0830813241	1.0
0446611816	5.0
0553560204	5.0
0060173858	5.0
0309102316	5.0
B008426FJG	4.0
099184260X	3.0
074322423X	5.0
1586483560	5.0
1616146095	5.0
1416556109	5.0
B00BWY1C4Q	4.0
0671212095	5.0
0425210847	4.0
0544245598	4.0
0373217706	5.0
0446360953	4.0
0345337662	5.0
0060765240	5.0
044653191X	5.0
0609801406	5.0
0743597923	2.0
0307720276	5.0
0765374099	5.0
1442359889	5.0
0547662424	5.0
0140444734	4.0
0312855176	4.0
0060584750	5.0
0061711233	5.0
0451225376	3.0
0143034758	5.0
0586072594	5.0
0671315285	5.0
0385336667	3.0
000616174X	5.0
0373217714	5.0
076531391X	2.0
1416500405	5.0
0061957917	3.0
0736917462	1.0
0321492021	3.0
0544028589	2.0
0786011890	5.0
0547466323	5.0
0142408883	5.0
0385336675	5.0
0451225384	5.0
0151012873	5.0
0876856555	4.0
0373210299	5.0
0199538794	1.0
0441016812	4.0
0142302384	5.0
076532153X	5.0
0451205782	5.0
0345481283	5.0
0060083956	5.0
B0009K765I	4.0
0765328186	5.0
0140145346	4.0
0060915331	5.0
0425213927	4.0
0142302392	5.0
0425207234	3.0
0553385011	5.0
0316066524	1.0
068482471X	3.0
0307473716	5.0
1612184944	5.0
0613171373	5.0
0312980264	5.0
0641590571	3.0
0452296293	5.0
0740715283	5.0
0778324893	4.0
0340712538	5.0
0142180300	4.0
0786010541	5.0
0765311321	5.0
039915843X	5.0
0805092994	5.0
0345345207	5.0
0143058754	5.0
0547428065	5.0
031255513X	4.0
0307594130	5.0
0373617976	5.0
0312531176	2.0
1478354429	5.0
0385531540	3.0
0143034790	5.0
0802143032	5.0
1575663023	4.0
0688029639	5.0
0684809125	3.0
0553562819	4.0
0375501851	3.0
0307275000	5.0
0399167382	2.0
0743419235	2.0
1560258500	3.0
0142302376	5.0
0802120393	5.0
034549458X	3.0
0330491601	5.0
0312185863	5.0
0195040546	5.0
0373827849	2.0
B007P02PDS	5.0
0446615366	3.0
0345481291	5.0
0316098116	5.0
0451226674	4.0
0062019856	5.0
1586483501	5.0
0778315975	5.0
0553582402	4.0
0385528787	2.0
1400068819	5.0
0140150749	5.0
1608931846	5.0
0789205211	2.0
0765321505	5.0
0806920726	5.0
0312319142	4.0
076531746X	5.0
0006499317	5.0
0385338465	2.0
0553107046	2.0
1466462736	5.0
0312383703	3.0
0380766701	4.0
0553295772	4.0
0316154059	5.0
0778326624	4.0
1557532478	5.0
B005REXCKE	5.0
0446527858	2.0
0385340788	4.0
0679442766	3.0
0316212377	5.0
0843956879	5.0
0553101749	5.0
0765321513	5.0
1400031524	5.0
0142800082	5.0
0312426402	5.0
1118166280	4.0
0425154092	5.0
0743244710	4.0
0345523539	5.0
031021923X	3.0
0140296476	5.0
075820891X	4.0
0553577956	5.0
0312950489	5.0
0240815688	3.0
0060548266	5.0
0765362031	4.0
1439153736	5.0
0812509234	3.0
0312357435	5.0
0765308509	5.0
0595143415	5.0
0765322854	5.0
0440423546	5.0
0615370349	5.0
0345327462	5.0
0425213021	3.0
037380251X	4.0
0316601012	4.0
0316706000	5.0
0312321430	5.0
0316154075	5.0
B002BX87E0	4.0
0316030570	5.0
0140558829	3.0
0452269563	5.0
B0056A23TA	5.0
0716736381	5.0
158648043X	5.0
158542322X	5.0
1579651267	5.0
0312377037	5.0
1580131697	5.0
0373875487	5.0
0399105972	5.0
0140465650	5.0
0373621191	4.0
0375508430	5.0
1469963094	5.0
192975213X	4.0
0586217460	5.0
0385351410	5.0
0765341131	5.0
0395069629	5.0
0316154067	3.0
1421402734	4.0
1844483983	5.0
1119993121	5.0
0553806599	5.0
0989004511	4.0
0345475445	5.0
1612186718	5.0
0060839139	5.0
0425217450	3.0
0393059669	5.0
0765319217	5.0
0061434795	5.0
0316226106	5.0
0465001769	3.0
0316129062	5.0
0373389779	2.0
038533849X	5.0
0140178287	5.0
0060562544	5.0
0801858305	2.0
0553278398	5.0
0060874376	4.0
0061583219	5.0
0425239640	5.0
1416937897	5.0
0439544092	3.0
0743238087	5.0
0307378438	5.0
0316129070	5.0
0830828362	1.0
0525950141	5.0
0553589091	4.0
0307379760	4.0
1611090695	5.0
083864077X	5.0
0307386058	5.0
0679767851	3.0
037542430X	5.0
031259979X	4.0
0399150552	5.0
0892817321	1.0
0061774804	4.0
0399151885	5.0
019283620X	5.0
1596061820	5.0
0099255197	5.0
0345475461	5.0
0515146048	2.0
0061003689	5.0
0312319169	5.0
0385535066	5.0
0812539052	5.0
0440503272	5.0
1612183662	4.0
0441020933	3.0
B009N6SW0M	3.0
1592536131	5.0
0743453972	5.0
0505527863	5.0
1477595651	4.0
0440202124	5.0
0399150544	4.0
0670023256	5.0
0195064577	5.0
1456347942	3.0
067102129X	4.0
0356500535	5.0
0385256124	5.0
0385343833	5.0
0385342500	5.0
0316129089	5.0
0517229242	4.0
0425218740	5.0
0140119906	4.0
0307406997	5.0
0385094787	5.0
0500281564	4.0
1594630917	4.0
0691128812	5.0
0977147428	1.0
0393040178	4.0
1594487359	5.0
918717345X	2.0
0061007226	5.0
0446608092	3.0
0345311809	3.0
0345491572	1.0
155970568X	4.0
1455878588	5.0
0140060898	3.0
1401340911	4.0
0373621221	5.0
0375724885	5.0
0553110721	4.0
0743453956	5.0
0156013150	5.0
0373802390	4.0
0451047117	5.0
0140430903	4.0
0740755234	1.0
0425209059	5.0
0373621205	4.0
0140275363	5.0
0425214400	4.0
1401340903	4.0
0060907002	4.0
0340837950	5.0
1934041505	4.0
1616148713	5.0
0345533054	4.75
0060570806	5.0
0671023195	4.666666666666667
B005KISWNO	4.0
037570924X	3.5
0373621213	4.0
0062232509	4.0
1449362346	5.0
0060955570	5.0
0811821846	5.0
037383702X	4.0
0671023179	4.0
0140274065	1.0
0553385763	5.0
068482292X	4.0
0151006849	5.0
0684809966	4.0
1494209896	5.0
1455521175	2.0
1402202229	5.0
B00JJYH24A	4.0
0345481305	5.0
055357535X	4.0
0891072144	1.0
0756686067	4.0
0441009832	5.0
0765352656	5.0
1417925841	4.0
0441009816	1.0
145163806X	4.0
0373802366	5.0
1439199086	5.0
0679743758	5.0
0709091664	4.0
0316058858	5.0
0345457684	4.5
0553109731	4.0
0399142851	5.0
0553298178	2.0
0060565446	5.0
0425246035	5.0
0060987103	5.0
0394751728	5.0
0898708095	1.0
0156034042	5.0
0307337189	5.0
B00G2GMRCU	5.0
1481130862	5.0
0373802358	5.0
0316013943	5.0
B00KD4KGR0	2.0
0765316110	1.0
0553589113	5.0
0451463315	3.0
087004124X	5.0
1616146982	5.0
0060562382	5.0
0062071475	1.0
145160775X	5.0
0765316102	5.0
0802120504	2.0
1606525433	5.0
0007420765	3.0
B00HUACEIY	4.0
0307477401	5.0
055327418X	5.0
0316159786	4.0
0375423052	4.0
0375501037	5.0
0451219376	5.0
0451460278	5.0
0399152229	5.0
1442362693	5.0
0684818868	5.0
0451218043	5.0
0375411690	5.0
0312104235	5.0
B008RKPC8U	3.0
0743202708	4.0
0345411463	5.0
031615976X	5.0
0399132635	5.0
1416549064	5.0
1595581030	5.0
0316159778	4.0
0375506713	4.0
0451219368	5.0
0375822488	4.0
0316000647	4.0
042521575X	5.0
0345480899	3.5
0312852134	3.0
0618012710	5.0
0307885151	5.0
0451412591	4.0
0060562366	5.0
0765317419	2.0
0451415604	5.0
0380977931	1.0
0345443020	5.0
0312976321	5.0
0441010849	3.0
B006RCSYCQ	5.0
0312963009	4.0
0676976158	5.0
1615190201	5.0
0544002695	3.0
0316159794	5.0
0061535680	4.0
0312852150	5.0
0316013935	3.0
0399142894	4.0
0393069850	4.0
0465020755	5.0
0983611726	5.0
0340898917	3.0
0143059165	5.0
1451699050	5.0
0307453421	5.0
1416563393	5.0
0765304961	4.0
1595543635	4.0
0895261251	4.0
0515143677	3.0
0684857618	5.0
0385496745	5.0
0312876920	2.0
0615892795	5.0
0312872569	2.0
0671877232	4.0
B004YX8P4M	4.0
0802120547	5.0
0445405562	5.0
0345461754	5.0
1433672790	1.0
0739326279	3.0
0425225941	3.0
1594742111	4.0
0425170357	4.0
0374299625	2.0
1586484028	5.0
0340823364	3.0
0743489063	2.0
037571944X	5.0
0615914675	5.0
0399153594	5.0
B00683SQAO	5.0
000712774X	5.0
0830819290	1.0
0553589962	4.0
0316525405	5.0
0312879199	1.0
0805046100	4.0
0890515093	1.0
0374299633	4.0
0876855281	5.0
0071714073	4.0
0395759242	4.0
031293761X	4.0
0765303612	5.0
0307339742	5.0
014101587X	5.0
0785140905	2.0
0312937628	5.0
1472209621	1.0
1601541562	4.0
0785251685	4.0
0596526881	5.0
0446616540	3.0
0765313898	2.0
014118776X	5.0
0143037749	3.0
0446616524	4.0
0743226712	4.666666666666667
0553589989	4.0
0345464818	5.0
0786958154	3.0
1933471468	5.0
0679760237	5.0
1932857435	1.0
0140116168	5.0
0395242916	5.0
1586487981	5.0
0345444388	5.0
1400069459	5.0
0345423461	5.0
0385333560	5.0
0345520602	5.0
0618915478	1.0
060960483X	4.0
1463684347	3.0
1416541160	4.0
0375724834	5.0
0399154019	5.0
0060838728	5.0
0316105120	2.5
0425203719	5.0
0446616516	4.0
0982514549	4.0
1420930591	5.0
1118079256	5.0
0316069515	3.0
0312875622	5.0
0061032212	5.0
0140167773	5.0
0596526849	5.0
0446523615	5.0
0671040588	4.0
0451461525	5.0
044022392X	5.0
B00IP55PNE	3.0
0441019242	2.0
078691324X	3.0
0765316978	4.0
1469298651	2.0
1612386431	2.0
0786915897	3.0
0743201485	5.0
0515093025	5.0
0716760088	5.0
0671578642	4.0
0425219291	3.0
1416565159	5.0
0425211320	4.0
0340823356	4.0
0375703918	5.0
0764124285	5.0
1250016800	5.0
0316056243	5.0
1594633177	5.0
0061122297	3.0
0060752017	5.0
0312360258	5.0
0142800821	5.0
0451627989	4.0
0310400317	5.0
0440235928	2.0
015230214X	5.0
039914465X	3.0
0765348519	4.0
0679641041	4.0
0007442920	1.0
0739304038	5.0
0758212844	3.0
0812970977	5.0
0871359375	4.0
0345475526	5.0
0060854057	4.0
0684832283	5.0
0446617008	5.0
0470421347	5.0
1402243553	4.0
0393058263	5.0
0553380966	5.0
0061003778	5.0
0425222950	1.0
0806527285	3.0
0425219305	5.0
0374266425	5.0
1586483692	4.0
0061338818	2.0
B00GG5AZJO	3.0
0505526670	5.0
0060583304	4.0
0307990745	5.0
0446576980	5.0
0399156585	5.0
034540565X	5.0
141659809X	4.0
1595543597	4.0
0765307154	4.0
B00HM7WK66	5.0
034531221X	5.0
0316693200	5.0
1416591478	4.0
B00KVI1RZS	5.0
0345485793	2.0
1416589120	3.0
0452266564	4.0
143915368X	3.0
0812511638	5.0
0743467663	3.0
0062077562	3.0
0312867271	5.0
157392802X	3.0
0373836635	4.0
0743467655	3.0
B00811WWLK	2.0
0838636780	5.0
0312331754	5.0
0345439880	5.0
0441013872	5.0
046503764X	5.0
0786949163	3.0
0451458869	4.0
0142003018	5.0
045122650X	5.0
0451458885	4.0
0393064980	5.0
0143057324	5.0
0312252951	5.0
0441015603	4.0
0312571259	5.0
0374111197	5.0
B00BNZDOFE	4.0
0316693251	3.5
0307455173	1.0
0805092862	4.0
0156030594	5.0
0060765380	5.0
1410458792	5.0
0552997803	5.0
0061009059	5.0
0399900578	4.666666666666667
0553104934	4.0
0945575645	4.0
1555976387	5.0
1402219024	5.0
0307887804	5.0
055356160X	5.0
0553561618	5.0
0061015725	4.0
0451405498	5.0
0446616583	2.0
0393327965	5.0
0446401226	3.0
0062237446	5.0
0737000821	5.0
0671042262	5.0
0307932885	4.0
0471382574	5.0
0316018708	3.0
0316056197	5.0
1594262284	4.0
0195124731	3.0
0505527111	4.0
0007299540	4.0
0440226228	3.0
038550795X	5.0
0141884819	5.0
0451218094	4.0
0312365160	5.0
0985667605	5.0
0312422156	5.0
0425214494	4.0
0425101452	5.0
073946289X	5.0
0898799775	5.0
0345408772	3.0
1451699069	4.0
0441533825	5.0
0425226476	5.0
0375760563	5.0
0060652381	5.0
0743287797	5.0
0060570091	4.0
1416546022	5.0
080419257X	3.0
0345307720	5.0
0151972036	5.0
1616146133	5.0
1480504246	3.0
0743488520	5.0
0061233005	4.0
0399151737	5.0
0307278816	4.0
0373621299	3.0
0871164094	5.0
0195147413	5.0
045121806X	3.0
1476700257	4.0
0345457714	4.0
0470565071	4.0
B00FMXE704	4.0
1491054492	3.0
0307743675	5.0
0988699613	5.0
1933417188	5.0
0735620520	4.0
0060728892	4.0
0140186832	5.0
0670023175	4.0
0099496941	5.0
0743496515	5.0
0451412656	5.0
0307796558	5.0
0465013627	5.0
B00EADBPNO	3.0
1440500339	5.0
0805067884	4.0
0688161871	1.0
0307743667	5.0
0452283957	5.0
031226237X	5.0
0895873729	3.0
039915177X	1.0
084396300X	5.0
161695146X	4.0
0399150455	5.0
0879736895	5.0
0064440028	4.0
0307743659	5.0
006124502X	4.0
0307947076	4.0
0830822941	1.0
0307878007	5.0
1607741067	5.0
0345466608	5.0
0786889063	5.0
0451525213	4.0
0425246043	5.0
0609609734	5.0
1844485633	5.0
037362123X	4.0
0373621248	3.0
0385411472	5.0
0373263716	4.0
0451409000	5.0
1118133269	4.0
044101433X	1.0
0451201205	5.0
1400054346	5.0
1565110056	5.0
0739334670	5.0
0399157077	5.0
0099491222	5.0
0385535155	2.5
0471123005	5.0
0486282228	5.0
0345466616	5.0
0060959843	5.0
0312301995	5.0
0451220390	4.0
0373621256	5.0
0060199512	5.0
0399145087	5.0
0316018775	4.0
0316147869	2.0
0961830905	1.0
0312147414	4.0
1416563415	5.0
0399163743	3.0
0899192254	5.0
0345466624	5.0
0373621280	5.0
0091795273	2.0
0385722168	4.0
0767908090	4.0
0553593234	5.0
0800731220	5.0
0446606383	4.0
0575075252	5.0
0446618349	5.0
0060098902	5.0
0441810764	5.0
0452277248	4.0
0425136981	5.0
014019441X	5.0
0373621272	5.0
0140194428	5.0
0143125427	5.0
074321966X	5.0
0312953615	5.0
1893554457	5.0
0758212046	3.0
0743221990	5.0
0393330737	5.0
0441436757	5.0
0679733523	4.0
0143142437	5.0
0525467262	5.0
0743292510	5.0
0441014038	5.0
0380731797	5.0
0393308626	5.0
1896944302	5.0
B00DN6QQ1U	5.0
1594487480	5.0
0316118915	5.0
0385480431	5.0
0898799813	5.0
0312420943	5.0
014314376X	5.0
038082048X	5.0
0764552317	5.0
0445205377	5.0
0375503374	5.0
0316248193	5.0
0062218336	4.0
0470437022	5.0
0399144927	5.0
1591025117	5.0
0743246616	5.0
0671004573	3.0
1469218208	5.0
1612184340	4.0
0312947917	5.0
0395453569	5.0
0345373162	5.0
0321823745	5.0
0375425322	5.0
0316695068	5.0
0765368099	5.0
0310704669	5.0
0871403633	3.0
0141182806	1.0
0441020739	2.0
0345476077	4.0
0525952977	5.0
0156028972	5.0
0425202526	5.0
0394724690	5.0
0764586556	5.0
0765326264	5.0
0399161481	5.0
034061773X	4.0
0393064476	2.0
0465069908	5.0
0316610984	3.0
1594260338	5.0
0312861184	2.0
1591026474	4.0
0399144900	5.0
1439167397	5.0
0671786865	2.0
0312942249	3.0
0393308634	5.0
0380818191	5.0
0380812894	4.0
006196171X	5.0
7807166193	5.0
0743260953	4.0
0385422997	5.0
042521589X	4.0
039915258X	3.0
0393060942	2.0
1480121142	5.0
039914496X	3.0
0385537859	3.0
0743225708	4.5
0802141552	5.0
0345439902	4.0
0140442812	4.0
B00HE5NO5W	2.0
0446675601	4.0
0809057387	5.0
0375425357	5.0
0786247738	4.0
1879651378	4.0
0062059629	4.0
0312864213	5.0
0609600761	5.0
1416577637	5.0
0375726500	5.0
0312534906	1.0
1401300391	3.0
076242656X	5.0
0060530677	5.0
0345457749	5.0
157959512X	5.0
0307961524	5.0
0991888146	4.0
0743496132	5.0
0440224071	5.0
0141007338	4.0
0373654227	5.0
0140442804	5.0
1933615699	4.0
0062021028	5.0
0061043494	5.0
0865471606	3.0
0525952969	4.0
0316024961	5.0
0312380348	5.0
0375425365	5.0
125000098X	3.0
1612184383	5.0
0425234126	2.0
1455521248	2.0
0743230280	5.0
1494904489	5.0
0061284416	4.0
0446611565	4.0
0743496140	5.0
0307277097	5.0
1401941028	4.0
0966800508	5.0
0425222179	5.0
148012110X	5.0
1618682369	4.0
0316057851	5.0
0007327064	1.0
0312947909	5.0
0060512806	4.0
0451412214	5.0
0399156925	5.0
0061284408	5.0
0230619509	3.0
1477849793	4.0
B009CKEFGY	4.0
1480121134	4.0
0231139411	5.0
0340822775	5.0
0062009389	5.0
0786864400	5.0
0345348176	5.0
0345333926	4.5
030727179X	5.0
0517558343	5.0
0316036919	4.5
0778317110	5.0
0152023984	4.0
0449910032	5.0
0060841613	3.0
0060528370	3.0
0446602612	5.0
0452285461	5.0
0226065685	5.0
0671020641	5.0
B00BFL9B58	4.0
0312869037	4.0
0143112627	5.0
0515143553	5.0
0425212750	5.0
0140188320	5.0
0099464462	3.5
0316693294	4.5
014044761X	4.0
0879739452	5.0
030794672X	5.0
0786915749	4.0
0802132634	5.0
0385500521	5.0
0786889705	3.0
0825672686	4.0
0451460758	4.0
031603438X	5.0
0451221958	5.0
0446616427	4.0
B0092XHPWM	5.0
1463547218	3.0
1477401296	2.0
0316693286	3.0
0312583966	4.0
0316154601	5.0
0140306013	5.0
0451220633	5.0
0451459792	4.0
0140448942	5.0
0345527356	5.0
0061939897	5.0
0143143700	1.0
0006470238	4.0
0446616419	4.0
0486460363	5.0
0618680004	4.0
1935597876	3.0
0425224716	4.0
0441017177	5.0
0679768076	4.0
045123393X	5.0
0373514344	5.0
0735708967	5.0
0312583974	3.0
0805421300	5.0
0393052419	5.0
0061493473	5.0
0373514328	4.0
0312382189	5.0
0399154302	5.0
0060850523	5.0
031601477X	3.0
0743234693	3.6
1466361824	5.0
0982175647	5.0
0060392452	4.0
037543075X	3.0
0307958701	5.0
0425198812	3.0
0373210132	3.0
0553102346	5.0
0425210138	4.0
0062192469	5.0
042521012X	4.0
0340828900	3.0
0140258795	4.0
0020519109	5.0
1455523003	1.0
0451458486	4.0
0553382950	5.0
0782126820	3.0
0060510250	5.0
0307907171	5.0
0743492609	5.0
0099526832	5.0
0310938961	5.0
0451219651	5.0
1933417803	5.0
0375700757	5.0
006085409X	5.0
0060531126	5.0
0765307901	5.0
0399154361	5.0
0345413369	5.0
1470075296	3.0
1416555455	4.0
B000MIL6SA	1.0
1590799992	5.0
0307745392	5.0
0060009225	5.0
0440221870	2.0
B00IAZPPZC	4.0
1595690131	4.0
0743464079	5.0
0399155686	5.0
1452102902	5.0
0375753257	5.0
0786867523	5.0
0765315513	5.0
0062021877	5.0
B0021L9YCG	5.0
0385495560	1.0
0981453554	5.0
0805015752	5.0
0312370164	4.0
0743410246	3.0
1561310700	5.0
1416537953	5.0
0879519355	3.0
0395925010	4.0
0451215273	4.0
0345472500	5.0
1449403921	4.0
0312055064	5.0
059526882X	1.0
034549038X	4.0
0345413350	4.5
0062021893	5.0
0805081216	5.0
080500680X	5.0
1623651026	5.0
0316008079	5.0
1926997964	4.0
0375501568	3.0
0152058664	5.0
0156032120	4.0
0743464052	4.0
0316921467	3.0
0312969287	4.0
0553252895	5.0
0385516169	5.0
1490904387	5.0
0140188282	3.0
0373802714	5.0
0316003131	5.0
0811211908	5.0
0441002846	5.0
0553092537	5.0
0230755062	5.0
1604683236	5.0
1416524614	3.0
0060847891	5.0
0393071588	4.0
0743202228	5.0
0425207439	5.0
0878338500	4.0
0441010466	5.0
0374114129	3.0
0375708723	5.0
1565121945	3.0
050552631X	5.0
0007228023	5.0
0061969702	4.0
0765342286	4.0
0006499163	5.0
0871164396	5.0
0316693324	4.0
1561707627	2.0
037321006X	5.0
0393310167	5.0
0743464036	5.0
0307358666	4.0
0451181468	5.0
0671023616	5.0
1402750625	5.0
0399154272	5.0
0151008116	4.0
1933874031	4.0
2812300639	5.0
0345413377	3.5
0451228642	5.0
014044145X	5.0
031600314X	5.0
0373210086	4.0
1401352456	2.0
1611097940	4.0
0515145327	5.0
0606238409	3.0
0765307006	2.0
074346401X	4.0
1484983017	4.0
0575070048	5.0
0312263996	5.0
0307461513	5.0
0312562942	5.0
1566636469	5.0
1401937764	5.0
0141010118	5.0
0805056238	5.0
0393062686	3.0
0451410505	5.0
0743270363	3.0
B00DCCRFGU	4.0
034549217X	4.0
0345421825	4.0
0312425740	4.0
0099505967	5.0
0786953942	4.0
0425206165	4.0
1846860423	3.0
1882926846	5.0
0195333055	5.0
0312937636	5.0
0307277887	5.0
1476709157	5.0
0375431241	5.0
0143123300	4.0
161427181X	5.0
0061140511	2.0
1612431216	5.0
0312364318	4.0
0312878060	4.0
0895260514	5.0
076791533X	5.0
0345334310	1.0
1401309658	5.0
0425093247	5.0
0345492161	4.0
0142428280	3.0
0060534249	5.0
0140431225	5.0
0312361297	5.0
0316051632	3.0
0425167720	5.0
0142003190	5.0
0394586085	3.0
0399158677	4.0
0375821821	5.0
0857662538	5.0
0505526379	3.0
0312364326	5.0
0373210043	4.0
1133776574	4.0
0061059056	3.0
0375422307	5.0
0595518036	5.0
1559706082	4.0
0451460855	5.0
078696460X	2.0
0806515139	1.0
0141188936	4.666666666666667
0201626950	3.0
0425215083	4.0
006114052X	1.0
0801451728	3.0
006000438X	3.0
0743453344	5.0
0871404125	3.0
0765307057	3.0
0060843470	4.0
0385316887	3.0
0060822554	5.0
0373210051	5.0
1402218036	2.0
0345373901	4.0
0505526387	5.0
043978221X	4.0
0811215423	5.0
0385488440	5.0
0786864516	3.0
0871239515	5.0
0609607480	5.0
0981855032	5.0
0982159625	5.0
0006514359	5.0
0345427173	3.0
0399149775	5.0
0060788194	5.0
0060097914	5.0
0515148458	1.0
1416509879	5.0
0743440013	3.0
0307265838	5.0
1613743416	5.0
0312614780	5.0
0345369076	5.0
0743238281	4.0
0553378937	3.0
0844232424	5.0
0061350419	5.0
0393038912	5.0
0425204332	5.0
0385249624	5.0
0399149783	5.0
0812973712	3.0
0778324214	5.0
0345427165	4.0
034545782X	5.0
0684853914	4.0
0544263618	4.0
1481983512	5.0
0375411089	5.0
0807014176	2.0
0778325555	5.0
0394562992	4.0
0312534884	3.0
B00HC6HL34	4.0
0099451956	5.0
0060008725	1.0
1604443979	2.0
039331894X	5.0
0983901104	5.0
0375411070	3.0
0553583522	1.0
1400053552	5.0
0393314596	5.0
0345315227	2.0
0374533857	3.0
1400044618	5.0
140004460X	3.0
0307346609	5.0
0399149759	2.0
0131490508	2.0
0804113645	5.0
0062073923	5.0
0778325563	5.0
0312289723	4.0
080185945X	5.0
0062060619	5.0
B00GTR8DAC	5.0
0553573330	1.0
0141439580	4.0
0439023483	5.0
0307887081	3.0
0425216357	4.0
0553386514	5.0
141658661X	4.0
0140296271	1.0
0743471180	4.0
0060920084	3.0
1568582196	5.0
0380709945	5.0
0446675687	5.0
0615977235	4.0
1605298387	5.0
0743234707	5.0
1884167187	5.0
1841953830	4.0
1447259297	1.0
0553382144	5.0
043920352X	4.0
0380731800	3.0
1933417005	5.0
1569319014	5.0
0373229518	5.0
0446577081	5.0
0671004530	5.0
0143122061	4.0
0804835896	4.0
1452102120	5.0
037571894X	4.5
1936214911	5.0
1400044634	3.0
1492104264	3.0
034542719X	2.0
B00GR0H9D8	5.0
045122244X	4.0
0062326155	5.0
0446606251	4.0
0066213711	5.0
0385340559	3.0
014026468X	5.0
1118171403	5.0
0425147517	4.0
1423601734	5.0
0671024108	5.0
1933417021	5.0
0307948498	5.0
0061563862	4.0
0156010801	2.0
0553573306	4.0
0312323891	2.0
0385339577	4.0
0300087152	3.0
0446674370	2.0
0307335992	4.0
0316341029	5.0
0685459039	1.0
0439287197	5.0
0441030955	4.0
0788789643	5.0
0778324281	4.0
055329024X	2.0
1456324608	5.0
0441014003	4.0
0425216322	5.0
0373802722	4.0
B00B5Z7LU6	5.0
0345427181	4.0
1590516796	4.0
0240820800	5.0
078686804X	4.0
0786868058	5.0
0441014011	5.0
0812973771	5.0
0505526301	5.0
039924221X	5.0
159668108X	5.0
1416516107	4.0
0425205681	3.0
0385721889	5.0
0870136704	1.0
0615787991	5.0
0399152431	5.0
0425210294	4.0
0745917437	4.0
0525948139	2.0
0297768107	4.0
1599983524	4.0
039308700X	5.0
0061964921	5.0
0812980093	5.0
0425227960	4.0
042521463X	4.0
038542289X	3.0
045121823X	4.0
068485256X	5.0
0099494140	4.0
3865213804	5.0
0345341473	5.0
0380005166	5.0
0895261081	5.0
037369265X	5.0
0373895127	5.0
0345409353	4.0
0816040362	4.0
1616960655	5.0
0765311089	3.0
0892832193	5.0
0896899225	5.0
1583224890	2.0
0345533291	3.0
0316067148	5.0
098997720X	5.0
0312383568	5.0
0963865439	5.0
0441017207	3.0
0060545623	5.0
0743238095	5.0
038524813X	5.0
0375507876	5.0
1884167160	3.0
0553297090	4.0
0544104404	5.0
0895262398	3.0
0025005731	5.0
0811875040	5.0
0671024256	5.0
0345460618	4.0
0060545607	4.0
0263852660	4.0
0307595951	5.0
1476733805	4.0
0399140433	3.0
1608196801	4.0
0345409337	3.0
0978577620	5.0
1250034485	2.0
0553576445	3.0
0345440188	3.0
0553052500	5.0
141655243X	4.0
0765319861	3.0
0684872137	4.0
0374270325	2.0
0974575046	5.0
031286129X	4.0
159354197X	5.0
0961392177	5.0
038549694X	5.0
0399156828	5.0
0982444907	5.0
030727828X	4.0
0385496958	5.0
0373802587	5.0
0061054267	5.0
0060875984	2.0
0609607294	1.0
077043620X	5.0
038536315X	4.5
0060521600	5.0
0961392185	3.0
0446531081	2.0
0596007124	5.0
1579127495	4.0
0425224007	3.0
0812693906	3.0
0743247868	5.0
0060191872	2.5
0345394801	4.0
B00AREMKV6	3.0
0140120831	5.0
B00DFIE80W	5.0
B00GEEB9J2	5.0
055328942X	1.0
0140088172	5.0
0446531049	5.0
0061054275	3.0
0671207148	4.0
0345452186	5.0
0671026011	5.0
030011320X	4.0
0345435648	4.0
0099457156	5.0
0671720902	4.0
037550477X	4.0
0451412338	4.0
067102731X	3.0
0830822674	1.0
0123751063	5.0
0451459083	5.0
1612184243	4.0
0743289684	3.0
0743496280	3.0
0743242157	4.0
006019491X	2.0
0393059812	5.0
0345515463	5.0
0060848367	3.0
0786913878	4.0
0425099334	5.0
0192860925	4.0
0316286567	5.0
0486287297	5.0
0297825038	4.5
0061684228	3.0
0811700240	5.0
0865976317	5.0
0451219503	4.0
006074815X	4.333333333333333
0399144897	4.0
0060591579	4.0
B00HGVZRFY	5.0
0316017701	5.0
0307409120	5.0
0425256456	5.0
0706700473	5.0
0802144756	4.0
0345336941	4.0
0615808387	3.0
0441008321	4.0
0684807122	5.0
1596980133	1.0
0373514247	4.0
0425212866	5.0
0700611789	5.0
0446580848	3.0
067944873X	4.0
1483942937	4.0
067178546X	4.0
0684853027	3.0
0394709306	4.0
0451166582	5.0
0545178142	4.0
0345460677	5.0
1416555536	2.0
0060193611	5.0
0849996198	5.0
0061252786	5.0
0671027379	4.0
055357292X	4.0
0316035599	4.0
0765323028	1.0
0857686666	5.0
1894063600	4.0
0684810794	1.0
0765301679	5.0
0020519001	5.0
0345460685	5.0
0340770066	5.0
0062114867	2.0
0345334302	4.5
0374105014	2.0
0425209210	5.0
0156033364	5.0
0380713810	5.0
0345387651	5.0
0307749649	5.0
080501389X	5.0
0099287595	4.0
1605292176	5.0
0316013331	5.0
0743233247	5.0
0373693133	4.0
0821211315	5.0
0345497945	5.0
0743272897	3.0
0253010292	5.0
0786868767	5.0
0306821761	5.0
0974537616	4.0
0679747044	4.0
0743435451	5.0
0062074334	5.0
0345460693	5.0
0439023513	5.0
0316154741	5.0
0446579807	5.0
0399154256	3.0
1250043360	5.0
0345460626	4.0
0743204735	4.0
1416599142	5.0
1416525874	5.0
0812969707	5.0
068481868X	5.0
0765311054	3.0
0767908309	5.0
1432790935	5.0
1482621088	5.0
0786957468	3.0
0385533543	5.0
0743436733	1.0
014200331X	5.0
0312266154	5.0
0143059335	2.0
0743508726	5.0
0446579815	5.0
0060833262	3.0
0809224860	5.0
1400051991	5.0
0754094634	5.0
1599951967	2.0
B00C3O0YMK	1.0
050005116X	5.0
0399134654	3.0
0425223558	5.0
0373771924	5.0
0441008356	5.0
0060628529	5.0
0451462645	5.0
0061010650	3.0
0385525931	5.0
0446601241	5.0
0446579823	5.0
1940026032	5.0
006191648X	5.0
0312420234	2.0
0805077081	4.0
1570715866	5.0
1477849815	5.0
034541344X	5.0
0375719261	4.0
0373771932	4.0
1416578226	4.0
0750933372	5.0
0312306555	5.0
0060194995	5.0
0812580362	4.0
0886774446	2.0
0373210205	4.0
0142003344	5.0
158008270X	5.0
1889195499	4.0
0385344007	2.0
1607519852	4.0
0060723831	4.0
1612186025	4.0
1940026016	1.0
0375409513	3.0
0805090037	5.0
0345803922	5.0
0804713693	5.0
0060580860	5.0
0345331222	4.0
0316557633	5.0
0812212762	5.0
0345427203	4.0
0307409082	4.0
0142003255	5.0
0061130400	5.0
044101058X	5.0
B004P1IXQ8	5.0
0316025283	4.0
1477822836	4.0
0312363133	5.0
080507967X	5.0
006073132X	5.0
0316156507	5.0
0441014941	4.0
189239135X	5.0
0553582372	5.0
B00HIKUGJK	4.0
0312323921	4.0
0152048448	5.0
0553571699	3.0
0380804212	5.0
0521882745	5.0
0811202054	5.0
0984228500	5.0
0743407393	4.5
0786851961	5.0
0451230825	5.0
0778324974	5.0
0393309053	5.0
0553562738	5.0
0765314908	5.0
0140178139	4.5
0515143499	5.0
1606840592	2.0
0451460944	3.0
0425215164	5.0
0300081138	3.0
067001883X	5.0
0525947701	5.0
0679744061	5.0
1623650666	5.0
0446403601	4.0
1423463846	5.0
0988348233	4.0
1594770433	4.0
1574867202	5.0
0380816210	5.0
1400082137	5.0
0743445643	4.0
0316067954	5.0
0307275167	5.0
0060558121	4.0
0451460936	4.0
0425215156	4.0
0553582399	1.0
1440501831	5.0
0823048284	5.0
0307265773	3.0
0345312007	5.0
0060526556	5.0
0201310058	5.0
0060282282	5.0
077832365X	4.0
0307587541	5.0
0316067962	5.0
014004020X	4.0
1451616910	4.0
0441014992	3.5
1118583957	5.0
1882423097	3.0
0316013269	1.0
0553572997	5.0
0060214163	5.0
0091726433	5.0
0547341245	4.0
0060872918	3.0
B006NOVRPO	5.0
0316043915	5.0
0743569784	4.0
0373210183	3.0
1439118221	5.0
0316006963	4.0
1603208755	5.0
0060914378	4.0
0399151931	4.0
0393309061	5.0
0451411943	5.0
0446617679	3.0
0743445627	4.5
1570540535	5.0
0441013651	5.0
0060531088	5.0
0441014984	5.0
0060755334	5.0
0307268861	5.0
1416615725	5.0
0553092626	5.0
1449415881	5.0
0373275536	4.0
0375423745	4.0
1250005981	5.0
0141012692	5.0
0375414037	5.0
0060746408	5.0
0060571993	4.0
054410305X	5.0
0762433795	4.0
0760332398	3.0
0399158553	2.0
1933417781	4.0
0918344395	5.0
0812968484	5.0
098663106X	4.0
1400061245	3.0
0805053034	2.0
0399151923	5.0
0062092995	5.0
0425211606	5.0
0061020060	5.0
0804101515	5.0
0805078320	5.0
0441013678	5.0
078796851X	3.0
0061020052	5.0
0446617660	4.0
0380810956	5.0
0988348209	4.0
0261102257	5.0
0802143385	3.0
0760336768	5.0
0446529540	1.0
0451221028	2.0
0547435576	5.0
0399148337	5.0
0671038850	5.0
1933596708	4.0
1620878003	5.0
0553090070	4.0
0380790920	5.0
0671024205	2.0
015100448X	4.0
0321694643	4.0
0316027065	5.0
1442369167	4.0
0553071793	4.0
0425224058	4.0
0446675520	5.0
0452280680	1.0
0739495585	5.0
055356451X	5.0
0373771053	5.0
0375422447	2.0
0553564528	5.0
0061957895	5.0
0375407707	3.0
0425180840	5.0
020530902X	5.0
0881791326	5.0
0330490699	5.0
0060817267	5.0
015603297X	5.0
B004O6MUTK	5.0
0446603929	5.0
0446618179	5.0
0060932147	5.0
0465045898	5.0
0446358592	4.5
031286437X	5.0
0911307818	5.0
0307387224	3.0
0809094347	4.0
0099297701	5.0
0373771061	4.0
0671529870	5.0
044101674X	5.0
0312343590	5.0
0978970772	5.0
0062115286	5.0
1592401422	2.6666666666666665
0060932139	5.0
0441011071	5.0
0778324109	5.0
0486253937	5.0
0307277739	5.0
1938680081	5.0
1480096644	2.5
1416509739	4.0
0805096175	3.0
0373767811	5.0
0099481685	5.0
0195157427	5.0
1594487669	5.0
1582970483	5.0
0544114604	5.0
1612183751	5.0
0316766844	5.0
0307277747	4.0
0971500797	5.0
1400044731	5.0
0446361305	5.0
0140230386	5.0
0316021725	4.0
0385332831	2.0
0943875897	5.0
0747503907	3.0
0380718774	5.0
0440242908	5.0
0985120002	5.0
0786863986	1.0
1936460149	5.0
1118122372	5.0
0399165703	5.0
1935462342	5.0
0316152196	5.0
1938680065	5.0
0765311852	4.0
032144972X	3.0
0394570480	5.0
0544102606	5.0
0142196835	5.0
1442359781	5.0
0062024027	2.0
0345445929	5.0
0425115801	5.0
076534033X	5.0
026216180X	5.0
0964832046	5.0
098834825X	4.0
0505527731	4.0
0345803000	5.0
0671784935	2.0
031220339X	4.0
0385479670	5.0
0060573775	5.0
0140288503	5.0
0143034820	5.0
031261201X	4.0
0226104036	5.0
0395557011	5.0
0778325474	4.0
1612183786	5.0
0385352417	5.0
0821781022	4.0
0312261241	5.0
030909657X	4.0
0399147012	5.0
0142437263	5.0
0374527032	5.0
0887485030	4.0
1938680057	5.0
051514701X	2.0
0425215113	4.0
0312372914	5.0
0804138842	5.0
0399157298	5.0
0964256819	3.0
1587430045	1.0
0394583760	5.0
0505527758	3.0
0060004436	5.0
0060738871	5.0
0375505245	5.0
0373771029	5.0
0373625871	2.0
0399148353	5.0
0425224066	5.0
0312381859	4.0
006017787X	5.0
0451222636	3.0
0373803362	4.0
0316204366	2.0
0340765445	1.0
1416537384	4.0
0425213447	5.0
0684853779	4.5
0375704906	5.0
034071820X	5.0
0345460707	5.0
0385479689	5.0
0765336278	5.0
0441015131	5.0
0060885483	5.0
0743487842	4.0
0345409469	5.0
0399149155	4.0
B0075AEBDK	4.0
0441004466	4.0
0425213439	4.0
0007135653	5.0
0316153915	5.0
0375704914	5.0
0060724226	5.0
1576871304	5.0
0307947432	5.0
1250024749	3.0
0312890729	5.0
B00CO9Z5JQ	5.0
0300169787	5.0
0307476464	4.0
0609601423	5.0
0553278002	5.0
0978575105	4.0
0553591762	5.0
0425245047	5.0
0316099066	3.0
098484130X	1.0
0399152776	5.0
0743471482	5.0
0312361890	5.0
0060094117	3.0
0789496097	5.0
0345460723	5.0
0142001643	5.0
0805094385	5.0
1482671239	5.0
0062187724	5.0
0847834085	5.0
0385323816	1.0
0609601431	5.0
0307341542	4.0
0451412036	3.0
0963473263	5.0
0399151435	5.0
B006QSOP56	5.0
1416596585	5.0
0312359586	5.0
0345524497	5.0
019511227X	5.0
0615690181	2.0
0143114182	5.0
0061179450	5.0
1449400604	5.0
0140390057	5.0
0980021308	1.0
0765328615	5.0
0446579521	4.0
0399154531	5.0
0747255970	2.0
0765329948	5.0
0679726012	5.0
141658899X	3.0
0061721808	5.0
0843957662	4.0
140004314X	3.0
0060775858	5.0
1455525839	4.0
0385503857	3.0
0062064835	4.5
0879759267	4.0
0099740915	3.0
0142800562	5.0
0486203948	5.0
0375704957	5.0
0140058893	5.0
0316011894	5.0
156076113X	4.0
0446575178	5.0
0345430093	5.0
0312275390	5.0
0312877773	2.0
0739332414	1.0
044842519X	5.0
0393088693	2.0
0062073788	5.0
0312360525	1.0
0060899220	3.0
0060753617	5.0
0843956348	4.0
0895262002	1.0
098981761X	5.0
0007430671	4.5
0425212130	4.0
1482319683	4.0
0099281996	4.0
0830813608	1.0
0812977866	5.0
1573225312	5.0
B00GPYF3NO	2.0
0615499732	2.0
1416513345	5.0
0809102692	5.0
0870703439	5.0
0441012906	4.5
0061663417	5.0
0804138680	5.0
0743555619	2.0
0316009571	1.0
0743446496	4.0
0062064851	3.0
0615878970	3.0
0740723367	5.0
0345303067	4.0
0312275366	4.0
045122261X	5.0
0373229348	5.0
0446579556	5.0
1402718616	3.0
0451222628	1.0
1603420398	5.0
0525949534	5.0
0425182681	4.0
1451608527	3.0
1937994341	5.0
0399142533	4.0
0553290533	5.0
0843957670	3.0
0307282694	3.0
0618007016	5.0
1590513444	5.0
0786013230	4.0
0821780107	3.0
0349113866	5.0
1572933100	5.0
0060652934	5.0
044101822X	3.0
0553583298	5.0
0061161306	4.0
0765313553	5.0
0671028375	5.0
1594632146	5.0
034543448X	5.0
0060652942	5.0
0345434498	5.0
0553573926	5.0
0099581876	1.0
0425223647	4.0
0679736247	5.0
0060582510	4.0
0345446496	4.0
0373617488	3.0
1401302378	4.0
0393037037	5.0
0778322718	5.0
0060652926	5.0
0446617512	5.0
0399153233	5.0
1414318936	4.0
0307887200	5.0
0061977969	4.0
0425218295	4.0
0671028367	4.0
0061998885	5.0
067166154X	5.0
0671027034	5.0
0393051358	4.0
1590514750	4.0
0316153990	5.0
125000389X	5.0
0451226178	5.0
0374298661	3.0
0373514115	4.0
0345370732	3.0
0952322501	5.0
0446579505	5.0
0241143144	4.0
0553383620	5.0
0060103590	5.0
0316013684	5.0
1595542884	4.0
0393037061	5.0
0141002212	5.0
0143123971	3.0
1621082598	5.0
1572433604	5.0
0803621450	4.0
1608191648	5.0
0743222016	5.0
0060751002	3.0
0099452243	3.0
0312607326	5.0
1442346965	4.0
0061560936	5.0
B005BZKS06	5.0
0373442890	4.0
0345434471	5.0
0345289072	5.0
0393037053	5.0
B007FIQMHU	5.0
0743222008	5.0
0307958949	4.0
0062079905	5.0
0979885906	5.0
0743225996	5.0
015626224X	5.0
0192837176	5.0
0060655186	3.0
0895260247	2.0
0812968972	5.0
0061472786	1.0
1595582088	5.0
1494355655	5.0
0743235355	5.0
0452287847	5.0
0345458427	5.0
1461059445	3.0
0671692658	5.0
0743482999	4.0
0399153284	5.0
0615953948	5.0
0140185003	5.0
0609608088	5.0
000222383X	5.0
0830857249	5.0
0007205236	5.0
0307956350	5.0
031606744X	3.0
0547483341	5.0
0553282093	4.0
1250014506	5.0
0955237777	5.0
0312422520	5.0
0374157065	4.0
1439133751	4.0
1845978315	5.0
0375753052	4.0
0226204006	5.0
0195106466	4.0
0451459598	2.0
0060775009	4.0
055359172X	3.0
0316072818	1.0
0756407117	5.0
0231123698	5.0
0757317723	5.0
0767905385	4.0
0963784625	1.0
0940322110	2.0
045146057X	5.0
0615649963	5.0
1930754981	4.0
1449341756	4.0
0547483368	5.0
0312872011	4.0
0156013614	5.0
0316066141	5.0
0743257596	4.0
0671028383	5.0
0553502719	2.0
0061998869	4.5
159780052X	2.0
1416994068	5.0
0762448954	5.0
0452285186	2.0
0451215540	4.5
0399148612	5.0
0373617518	4.0
1576601897	4.0
0062225790	5.0
1558533141	5.0
0312169345	5.0
0802715273	5.0
0141001895	5.0
0198205600	5.0
0373443226	5.0
0684813637	4.0
0061840300	4.0
0140177396	5.0
0060509066	5.0
1401602274	5.0
0061161268	5.0
0743202481	5.0
0312286880	5.0
0345298063	5.0
044661095X	1.0
0984755764	4.0
0738203076	5.0
0441015913	4.0
1402270828	5.0
0345498534	5.0
147781759X	5.0
0375405496	5.0
0765326809	2.0
0393244660	4.0
037361750X	3.0
B00E9YL3HM	4.0
0679772871	5.0
0061120723	5.0
0553270087	4.0
0312860986	5.0
055356370X	5.0
0312939620	5.0
0553287737	5.0
0440201225	5.0
0441015948	4.0
0786916788	4.0
0060616342	4.0
0446678503	2.0
076532377X	3.0
0441011586	5.0
0425215288	5.0
0309064066	5.0
0142404039	3.0
0345542223	5.0
0140449191	5.0
0520246500	5.0
0374515360	5.0
0385333153	5.0
0759550425	5.0
130026005X	2.0
006122815X	3.0
0373617542	4.0
0451459601	3.0
125002658X	5.0
0316036277	1.0
0307277224	5.0
0441014607	5.0
0544022807	5.0
1573221775	4.0
1416543295	5.0
0345373707	2.0
0812979680	3.0
0140390847	5.0
0440235448	5.0
037376667X	4.0
1484838726	4.0
1595545867	4.0
0765330083	4.0
0064442314	5.0
0553074075	4.0
067400163X	5.0
0226631877	5.0
0425220621	5.0
0373802919	5.0
0689851928	5.0
0451191013	5.0
0743500598	5.0
0002311216	5.0
0399150900	4.0
B005EGWSIC	5.0
0553053159	5.0
1416559639	4.0
0330487132	5.0
0399148655	5.0
0486290301	5.0
039306025X	4.0
039915759X	5.0
0066209870	5.0
0767924479	2.0
0691004005	5.0
0786905239	4.0
0739438069	5.0
0062216880	4.0
0061650927	5.0
0505526115	2.0
0345440331	5.0
0399150978	5.0
0399147330	5.0
0441715923	5.0
0312156081	5.0
1937475719	5.0
0441011594	5.0
0956517056	5.0
0373802900	5.0
1893224252	4.0
0316969680	3.0
0307245640	5.0
0309105862	5.0
0062092847	5.0
0802142192	4.0
006149416X	5.0
0373513623	4.0
0743470923	5.0
0060833459	5.0
0375421688	5.0
0345533313	5.0
0802473156	4.0
0268006113	5.0
0765354004	5.0
0743264738	4.0
0671019392	3.0
0689708122	5.0
0394716787	5.0
1623650348	5.0
1586483994	5.0
0091794463	5.0
B00HFGMS20	4.0
0553296647	5.0
0061433047	5.0
0671244094	5.0
0307950174	2.5
0641934173	3.0
0060821477	4.0
0465081428	5.0
0399148620	4.0
0915297019	3.0
0393037010	5.0
0060875283	5.0
030796650X	5.0
042518093X	5.0
0312169396	3.0
0674036352	5.0
0143034316	5.0
0060821469	3.0
B00BRPZHLE	4.0
0425221997	4.0
0307379388	5.0
0425264203	5.0
0307946924	5.0
0525951059	5.0
0375707212	4.0
1401903339	5.0
0312941919	4.5
B00DYV8NKQ	5.0
0575071184	4.5
0743299426	1.0
0441014674	5.0
0060628391	5.0
0375711287	4.0
0553251724	4.0
0809557819	4.0
0761120149	5.0
0674004787	5.0
B00AP1OS8E	1.0
0786018011	5.0
0312606931	5.0
0399147357	5.0
0451461045	5.0
0684811073	5.0
1591200113	3.0
0441015999	5.0
0615865739	5.0
0671035452	5.0
0060596341	5.0
B00D3WOE0E	4.0
1402200099	2.0
0684849690	4.0
0505526964	5.0
0060843691	3.0
0312367228	4.0
1492255785	3.0
0812589718	2.0
0451220072	4.0
0553574442	4.0
0879810971	5.0
0307934055	4.0
0743299442	5.0
0451225767	5.0
042521785X	4.0
1597802352	5.0
055338547X	5.0
0373066627	5.0
0425208915	4.0
1490375910	5.0
0380731614	5.0
0553109200	4.0
0312368569	2.0
0340831421	5.0
0525953663	3.0
0446693294	2.0
0061969559	4.0
0345532031	5.0
0099458322	4.0
0802170269	4.0
0446361887	5.0
1469227886	5.0
0393065049	5.0
0786001216	5.0
0812511921	4.0
0441012027	5.0
0756633052	2.0
0399159312	5.0
0140368140	4.0
0470496517	4.0
0312241100	5.0
0803615590	5.0
0684871580	1.0
0575088885	5.0
0451414721	5.0
077832446X	5.0
0505526980	5.0
039914739X	5.0
0399149104	5.0
0061118443	5.0
0307958086	5.0
0553386751	2.0
0300002416	5.0
0740713922	5.0
0425269051	2.0
0316648965	5.0
1416595341	3.0
0446579491	5.0
0140442537	5.0
0425220613	2.0
1476725888	5.0
0451220021	4.0
B003WEACS6	4.0
141655176X	5.0
0385344708	5.0
1482054094	3.0
0451411668	5.0
1579541992	5.0
0380820218	5.0
038082020X	5.0
1597801054	4.0
0061118451	5.0
0380786753	5.0
1580080081	5.0
0521010683	5.0
0743421914	4.0
0465032427	4.0
015101194X	5.0
0312965966	4.0
0762413484	3.0
0765309408	5.0
0399158049	4.0
006065337X	5.0
0809053977	5.0
1449974430	1.0
006019877X	5.0
0060198788	5.0
0373771142	4.0
0765305038	2.0
0813341043	3.0
1574213296	5.0
1401941672	5.0
B005OW27ZU	5.0
0786710101	5.0
0312860951	5.0
0802150616	5.0
0857685813	5.0
0375500901	5.0
0263863077	5.0
0375831002	5.0
0446696366	2.0
0618391045	5.0
051514519X	4.0
1449532438	5.0
0375506209	5.0
0300106998	3.0
0385525265	5.0
0307276732	4.0
0312253990	5.0
0812995783	5.0
B00LH3Q0X0	5.0
006111846X	4.0
0394753089	5.0
0805073396	3.0
1416600302	1.0
0399152679	5.0
0451222512	2.0
1579654584	5.0
0441373674	5.0
1937163083	4.0
0743471385	5.0
0471407372	5.0
0399151346	5.0
0393046710	5.0
0345446526	5.0
0345447859	3.0
0312876521	5.0
0312156707	5.0
0373803249	3.0
0425238865	5.0
0671746049	4.0
044657967X	4.0
0976830302	5.0
1491241454	5.0
0061020680	5.0
0441015255	2.0
0312301448	5.0
B004QGYUVO	3.0
0586068899	5.0
B006ZDPPBA	5.0
0345504968	5.0
0451229150	3.0
0060774606	4.0
1595551654	1.0
0471398586	3.0
1400069866	5.0
0446603635	5.0
1401939295	5.0
0060751967	4.0
0374123543	4.0
0785263268	5.0
0679422730	5.0
0451223853	5.0
0061031321	5.0
0385341598	5.0
067003116X	5.0
0141040475	5.0
0615466761	4.0
0765312182	4.0
0060516054	4.0
0451217152	5.0
0449217620	5.0
0316603287	3.0
0609610252	5.0
0679748199	5.0
0307475255	5.0
0465041213	2.0
0765317869	2.0
0060506695	5.0
0521623871	1.0
0312872186	3.0
0394505557	5.0
0385527993	5.0
0345422538	2.0
0786866756	4.0
0553588249	5.0
0778315479	5.0
0061020656	4.0
0743554434	5.0
0802119921	5.0
1597800449	5.0
0345451902	5.0
0312872178	5.0
0316044695	5.0
0425213536	5.0
B00CJYAEXS	5.0
0786889446	4.0
0470121734	3.0
0778314154	4.0
0891348573	5.0
0061020648	5.0
1615190643	5.0
0330484966	4.0
0451211820	5.0
0515141402	5.0
0060097981	3.0
1580085628	5.0
1612183115	4.0
0394402456	3.0
0091554802	5.0
0312949197	5.0
0874778271	5.0
0345802896	5.0
0060935502	5.0
0425217965	5.0
0689823827	5.0
0307351009	4.0
0547934874	5.0
0312552696	5.0
0373442734	5.0
0061239550	3.0
0385323719	5.0
055358295X	5.0
0061147958	4.0
0312268971	5.0
009192667X	4.5
1402272529	4.0
0446525871	4.0
0425217957	5.0
0743233468	4.0
0061020621	5.0
0470891858	5.0
1557987912	5.0
0140564349	5.0
0316011770	5.0
1455134767	5.0
0060853972	5.0
055338483X	5.0
0525951997	5.0
1422162672	5.0
0007120699	5.0
0830823751	1.0
1480121029	4.0
000647019X	4.0
1616281111	5.0
0312280610	3.0
0312266324	4.0
0575061049	3.0
0345447832	5.0
0062073680	5.0
0679783385	5.0
B004XQVKR4	5.0
0843950919	5.0
0061020613	5.0
0786959827	5.0
0142004839	5.0
1896944841	4.0
0142000477	5.0
0307593967	5.0
037344270X	4.0
0307268292	5.0
1590710134	5.0
0399234446	4.0
0812984250	5.0
0689851049	5.0
0345527682	5.0
0062255657	4.0
0340770708	5.0
0062320319	5.0
1585093297	5.0
1932236317	1.0
0521491290	5.0
0345430190	1.0
0670868043	5.0
0140186409	5.0
0312358342	3.0
0312271794	5.0
0863161189	1.0
0340821191	5.0
0743233492	5.0
0375400524	3.0
030797071X	2.0
1599632284	4.0
039330700X	5.0
044022179X	5.0
0399143793	4.0
0805095535	3.0
031260985X	4.0
0140173196	5.0
0062073699	5.0
0061128856	5.0
0671577727	5.0
0060580674	5.0
0843959347	5.0
0373210027	3.0
1935670913	1.0
0060740450	5.0
015101485X	5.0
0374505845	4.5
0312271786	5.0
014043223X	5.0
0836269195	5.0
0099421860	5.0
0345496876	5.0
042521706X	4.0
0465005519	5.0
0802142311	5.0
1569479755	5.0
0061002860	3.0
0385177259	3.0
0316219568	5.0
0140432256	5.0
1935597760	5.0
1613820259	3.0
052182947X	5.0
0679419179	4.0
1885167660	1.0
0451458346	4.0
0857662457	5.0
0544034600	5.0
0671787454	5.0
1893896374	4.0
1582974276	5.0
B002LLNGPM	5.0
0061140503	5.0
0505528010	4.0
0865715734	1.0
0312538340	5.0
1884956467	3.0
1469984202	5.0
0307277186	5.0
0674242505	4.0
0393060160	5.0
0505528002	1.0
0544077792	5.0
0843962968	5.0
0345451910	5.0
0952614715	1.0
081353433X	5.0
0486287491	5.0
B007IOATKW	4.0
0804139024	4.0
0061053562	5.0
0062240595	3.0
0553286587	4.0
0395389445	4.0
0060530383	5.0
0679446753	3.0
0385493282	5.0
0061998974	4.0
0312194188	5.0
0143058266	2.0
0425222470	5.0
0060089539	5.0
0312955006	5.0
0425208168	4.0
0375868275	5.0
B007URPNXU	5.0
0307700119	5.0
1451699425	5.0
0373617569	4.0
0446616990	5.0
0962096733	4.0
0312970633	5.0
0505528029	4.0
0061057940	5.0
0345388771	5.0
0061020699	4.0
0553287893	5.0
0679745068	4.0
0099429799	5.0
0385493258	5.0
0345457234	2.5
0310205719	4.0
0345457242	4.0
0425222454	4.0
0446616982	5.0
0029109752	5.0
0394705130	5.0
0446541001	4.0
0448425211	5.0
0307387828	4.0
031600023X	3.0
0307291448	4.0
0679404937	5.0
0425214826	4.0
0373617585	5.0
0375421734	5.0
0762745657	4.0
1416520392	4.0
0553264303	5.0
1592579604	4.0
1601541112	5.0
0590421441	5.0
0312349483	2.0
1582430306	5.0
0385506198	3.0
0345457250	4.0
0224042343	5.0
0451232704	4.0
0061998982	5.0
0060528095	5.0
0062270486	4.0
1416520384	4.0
0399149821	5.0
0679733140	5.0
0441014712	1.0
0451180232	5.0
0451237692	5.0
0345448391	1.0
0802134661	5.0
0425211827	4.0
1250016460	5.0
1416520376	5.0
045122437X	5.0
068482681X	4.0
1414316356	5.0
1400076951	5.0
0425218449	5.0
0785268154	5.0
1416509119	5.0
0553253638	3.0
1439267553	3.0
1250016452	4.5
0618083596	5.0
006019247X	5.0
1414316364	5.0
1569756775	5.0
0312870442	3.0
0312421249	4.0
0441014739	5.0
0452289645	5.0
0446577847	2.0
0061962155	5.0
1414303076	5.0
037361764X	4.0
0802144012	2.0
0373617658	4.0
1416520368	5.0
0553582143	3.0
1603429735	5.0
0451223071	4.0
1416558411	4.0
0618083561	5.0
1414303068	5.0
1603425381	5.0
0072258624	3.0
1400071240	5.0
1568582730	5.0
0375404031	5.0
1416524711	4.0
1496166590	3.0
0393035158	2.5
080903719X	5.0
1455576646	5.0
0684838834	2.0
0425218422	5.0
0743296206	2.0
0373617666	5.0
0807032786	5.0
1933417587	5.0
0312939760	4.0
1400071259	5.0
0316491977	5.0
0345334019	2.0
1439133611	5.0
0060111135	5.0
0765312956	4.0
0345339703	5.0
0441009387	3.5
0671044494	5.0
0399149864	5.0
0061042943	3.0
1612183964	4.0
0140444203	5.0
0764201670	4.0
0875805434	5.0
0451206509	4.0
0893891568	5.0
0517122839	5.0
0312421265	5.0
0312373139	5.0
0765309386	5.0
0375431101	5.0
0312421273	4.0
0671744216	5.0
B008LYMHL2	5.0
0156031442	4.0
0553257196	5.0
0316341517	5.0
045122566X	5.0
0881792055	5.0
0345530373	5.0
B00F98GEYE	5.0
0393311147	5.0
0965046990	5.0
0425202917	5.0
081186944X	5.0
0375414282	4.0
0060849916	4.0
0312070993	3.0
0778326950	4.0
0553275852	3.0
0821780808	3.0
0330487256	2.0
0061161357	4.0
0880385197	3.0
0345496884	5.0
0446679755	5.0
0812533461	3.0
0671682393	5.0
0743492587	3.0
1594745641	5.0
0375505091	3.0
0553566067	5.0
0684810468	5.0
0373617607	5.0
0671786040	5.0
006018793X	4.0
0778326969	4.0
0671577700	5.0
0505526255	5.0
0345496892	5.0
033050603X	5.0
0802120032	5.0
0307266427	5.0
0345533429	5.0
0373617623	2.0
0446618748	4.0
0380724332	4.0
006101351X	4.0
0743260244	2.0
1931499039	5.0
0890514984	1.0
0505527596	5.0
0778326977	4.0
0553241605	5.0
0399150897	5.0
0307700968	5.0
006085880X	5.0
0345430212	1.0
1400032504	5.0
0525940499	4.0
0813337925	4.0
0801065631	1.0
189717733X	3.0
189239152X	5.0
0446601977	5.0
B00I1IW7PO	3.0
0060559284	5.0
0425186377	5.0
0671875965	4.0
0451221273	5.0
111814435X	5.0
1416550526	4.0
1478387645	5.0
0316666009	3.0
0393045358	3.0
0373771290	5.0
0385524072	5.0
014011341X	5.0
0226452387	5.0
0061020702	4.0
0425214001	4.0
1455578452	5.0
0425191729	2.0
0553061747	4.0
B009HX99DU	5.0
0615758355	5.0
0312938497	5.0
159315237X	2.0
0060007761	5.0
1400032520	5.0
0394531922	5.0
0399150870	5.0
B00B2QZH68	4.0
0071499849	3.0
B0064TKNBW	4.0
014050169X	5.0
1583940820	4.0
0393307956	4.0
0061969672	5.0
0440237343	4.0
0451401522	5.0
0547970439	5.0
006039417X	5.0
B0026P4ZYO	4.0
0829421599	5.0
0393066274	5.0
0810111454	5.0
1416592385	5.0
B00ABVIGZ4	5.0
0465058973	3.0
0060506725	5.0
0380715430	2.0
0060724048	5.0
0275931153	4.0
0778324354	4.0
044661923X	5.0
0544002253	5.0
0764227440	5.0
1893554899	5.0
0345524527	5.0
0061840270	5.0
0553259768	5.0
0451410467	5.0
0670886696	4.0
0615651593	3.0
0847839621	5.0
0765300966	3.0
0765318253	3.0
0316083372	5.0
B00DCKEAXI	5.0
0307379418	5.0
0609606220	5.0
159554626X	5.0
0312265867	5.0
1595546278	4.0
0026009102	4.5
0312347766	5.0
B00D3KVIAU	5.0
0380633132	5.0
0373618085	5.0
0782127002	3.0
0765312948	1.0
0812930991	2.0
0679733973	3.0
0470222751	4.0
1585422207	5.0
1250030730	4.0
0446572985	5.0
0316123404	5.0
0415927226	4.0
0393314251	5.0
067443000X	5.0
0767904974	4.0
0394555090	5.0
0671792768	5.0
0131531182	3.0
026261037X	5.0
0765307596	5.0
0061340782	4.0
0805090614	5.0
0201616416	4.0
0345515609	5.0
0964711613	4.0
0142800376	4.0
0375416854	3.5
1579654681	5.0
0007441290	5.0
1601640005	5.0
0684845172	5.0
0141975652	2.0
0916103730	5.0
054400227X	4.0
0847827615	5.0
0307264653	4.0
0805098542	4.0
0809029561	5.0
0312265840	3.0
039922033X	4.0
0470636246	3.0
0312938489	5.0
0765312921	2.0
0307960498	4.0
0440225345	3.0
0060197366	5.0
0440224012	4.0
0399153934	1.0
1886228248	5.0
B009TR6VXU	4.0
0143115626	4.0
0880387769	3.0
0061131547	5.0
0786911859	3.0
0062073605	4.0
0312265859	4.0
1470840065	5.0
0553278029	3.0
031286504X	5.0
034580323X	5.0
0070362408	5.0
0330491393	4.0
0373802277	4.0
0310731828	1.0
0345492544	5.0
1416563431	4.0
0380790521	1.0
0142401544	4.0
1400066476	5.0
0385339151	5.0
055357549X	5.0
1469210711	5.0
0395169615	5.0
045052468X	5.0
1599903725	5.0
0615877427	4.0
0312359322	5.0
0060555513	5.0
148397555X	5.0
0316069434	5.0
0316690619	3.0
0892216441	5.0
039953041X	5.0
B00E1024L8	2.0
1595822038	4.0
0385660065	5.0
0375505547	5.0
0345446666	5.0
B00GAOIQ10	4.0
B00AAVKNV0	4.0
0684854848	4.0
0425211002	4.0
1416562125	4.0
044101755X	4.0
0691021236	5.0
141656344X	5.0
0441017576	4.0
0380798476	4.0
0385498195	4.0
0240815033	4.0
0156030810	5.0
0553106333	5.0
0316078395	5.0
1416551468	5.0
0345534050	3.0
0743470389	3.0
014014739X	4.0
0451201906	5.0
1602862222	5.0
0345492536	4.0
0061099473	5.0
1577360796	2.0
1896944760	5.0
1573929921	4.0
1612182143	4.0
0062291408	5.0
0385339143	4.0
0312424094	5.0
0312939086	3.0
0060004878	4.0
0060955228	5.0
0440222702	5.0
0446600474	4.0
0465021522	5.0
0553260944	3.0
0441005586	5.0
0374533342	5.0
0674539095	4.0
0425211061	3.0
0316602051	5.0
0345547381	5.0
0553592882	1.0
097129450X	5.0
1400095832	5.0
0061240419	5.0
0312874030	4.0
1586421840	5.0
0446604801	5.0
031623480X	3.0
0671578332	5.0
0394570081	5.0
1573225517	3.0
0374521352	3.0
0553528238	4.5
0761154078	5.0
1439102430	4.0
0345476484	4.0
1400095824	5.0
0451222849	4.0
0091883768	1.0
0307406334	5.0
0525947140	5.0
0679773002	4.0
0609610570	5.0
0517584271	5.0
031621082X	5.0
0399141464	5.0
0062073540	5.0
0316001821	4.0
0345487133	4.0
0061057649	5.0
0446600458	3.0
0385333862	2.0
0451219244	5.0
1591026040	5.0
0140012486	5.0
0553104586	1.0
0679444637	5.0
1416525572	4.0
1400095816	4.0
0451188454	5.0
0060741872	5.0
0062020153	5.0
0373802218	5.0
0974028401	4.0
0143038109	5.0
0553385607	5.0
0440218659	5.0
1416525580	5.0
0786003685	2.0
0451188462	5.0
0312340710	5.0
0393308200	5.0
0451176464	4.0
0345537122	5.0
0446580309	4.0
074344406X	1.0
0786183616	4.0
0671004107	5.0
1887424350	5.0
161218653X	3.0
0385418485	5.0
0330493108	5.0
0307740994	4.5
0547445288	5.0
0061136956	4.0
0380718340	2.0
0763616621	5.0
0465022812	2.0
0312286252	2.0
0399162364	5.0
0060997028	4.0
0312340702	4.0
0140291768	4.0
0786958480	4.0
185367530X	2.0
0451409957	2.0
B00E1R390Q	3.0
1416501584	5.0
0975965328	5.0
0544230272	5.0
0061231509	5.0
0446520659	5.0
0060929782	5.0
0373442653	5.0
0618493336	3.0
0062073575	5.0
0874476542	5.0
1466219661	4.0
0765314649	4.0
0449239357	5.0
0446602280	4.0
0099244721	4.5
0385263481	5.0
1416598146	4.0
0385658591	3.0
159426256X	3.0
0399153470	5.0
1930846118	5.0
0060753870	3.0
0804137145	3.0
030788743X	3.0
0312119240	5.0
0312301154	5.0
0385500998	5.0
0201633612	5.0
0399145842	4.0
0440242371	5.0
0143170090	4.5
0465013058	3.0
0786868414	4.0
0061228796	4.0
B00I76ROOY	4.0
0140243283	5.0
1118720059	5.0
0830822372	5.0
0486256642	5.0
0399537015	3.0
145588426X	4.0
0316602906	5.0
0345537165	3.0
038524388X	5.0
1933515015	5.0
0345421396	4.0
0385336942	5.0
0345537149	5.0
0451188489	5.0
0373442645	4.0
0789748010	5.0
0440213835	5.0
0340793295	5.0
0743222245	1.0
0451413199	4.0
0446527289	3.0
0060195932	4.0
0099282194	5.0
0373617674	4.0
0099406136	4.0
1582346380	4.0
0385334338	5.0
0736924426	1.0
0060535954	5.0
0740748475	5.0
0812981707	5.0
0399152199	5.0
0316686565	1.0
0679444696	5.0
0842384189	5.0
0425200329	4.0
0425264394	5.0
0062105620	5.0
0765312026	5.0
1495434265	5.0
0373617682	4.0
1580087272	5.0
0387952896	4.5
030733855X	5.0
0143035029	3.0
1578602181	5.0
0441020348	4.0
B00HSCMZTW	4.0
0743435990	5.0
B00IZRAUD2	5.0
1615641041	3.0
077832298X	4.0
0345428838	4.0
0470289066	4.0
0061253758	5.0
1596914017	3.0
0446531324	4.0
0865475571	4.0
1574213849	5.0
0399152180	5.0
0385323697	5.0
0140166548	5.0
0375412808	5.0
0553763113	3.0
0373770960	4.0
0465041965	5.0
094267927X	3.0
0843957026	3.0
0061253766	4.0
0743226631	5.0
1432741683	4.0
1449316573	3.0
0898701171	5.0
1416523782	4.0
0786958472	5.0
0765305704	4.0
0060790849	2.0
0446365130	5.0
B00E5MRF66	5.0
1455831735	3.0
0246130474	2.0
0575018712	3.0
0307290468	5.0
0099450259	5.0
0547858205	5.0
1592401074	5.0
1559212322	5.0
1250026385	5.0
0060763280	1.0
1416570640	5.0
0446605387	5.0
0743491793	4.0
0312271158	5.0
0312946163	4.0
0844741620	5.0
0451412729	5.0
1616950064	3.0
042520961X	4.0
0762105801	4.0
B005FXI1EY	3.0
1481082930	4.0
0451202473	3.0
0312938543	5.0
0778321576	2.0
0767915798	4.0
0446530859	3.0
1570618534	5.0
0857662961	5.0
1936599082	1.0
0307744493	5.0
0441019285	4.5
0060511133	4.0
0307265439	5.0
0786710799	4.0
0140434704	5.0
0002318075	3.0
0983729840	5.0
0307932508	4.0
0312284454	5.0
080214411X	5.0
0451222091	5.0
1583940537	2.0
0062079603	5.0
0441003702	5.0
0471769134	5.0
0373617771	5.0
044617792X	5.0
0307277453	5.0
0446177938	5.0
0061139122	5.0
0441011349	5.0
0812968794	5.0
0393321258	5.0
0385467923	4.0
0316014257	5.0
B00C4CF552	4.0
0140250409	5.0
1400041996	5.0
0156226006	5.0
039303853X	5.0
0743251628	3.0
0441000681	5.0
0061583073	5.0
0982611935	4.0
159080631X	5.0
0451410998	5.0
0399145796	5.0
0743578198	5.0
0060958294	5.0
0061148067	1.0
031601558X	2.0
0060746734	5.0
0553584456	5.0
0425214192	4.0
0425263150	2.0
0060081961	5.0
0671739166	4.0
0880389214	3.0
0141038985	5.0
0140282025	5.0
0553100203	2.0
0515103977	4.0
0982432372	5.0
0307700887	5.0
0446618659	5.0
0449210502	5.0
0486206408	5.0
0345439597	3.0
0062025066	4.0
0765302624	3.5
0821601369	1.0
B0052AHUYM	5.0
0553584464	4.0
0307720497	5.0
0226869016	1.0
0520258320	3.0
0425186458	5.0
1590131371	5.0
1844484262	5.0
0765310244	5.0
0060928417	4.0
0312959443	4.0
080507757X	5.0
0316097497	5.0
141655503X	4.0
0140513795	5.0
0982432364	5.0
0547798164	5.0
1469248581	5.0
1477809317	4.0
1439198896	4.0
1414339577	4.0
0345313860	4.0
0812693345	4.0
0765320460	5.0
0786016094	5.0
B00EOFMX5C	5.0
0345358791	3.0
0743250346	5.0
144031277X	5.0
0061782246	4.0
0060898917	5.0
1250018714	5.0
1883053099	5.0
030795479X	5.0
B00CRQUGMM	5.0
0385488866	3.0
0316224553	5.0
0440225833	5.0
069101972X	5.0
0393324362	3.0
0671021478	5.0
0143038907	2.0
067102146X	4.0
B000JQU88O	3.0
0312890176	4.0
034542624X	5.0
0312423586	4.0
0380010070	5.0
0393025284	5.0
0316224588	5.0
1623651433	4.0
0345522893	5.0
0312952813	4.5
0765309246	1.0
0679643753	4.5
0671776126	5.0
0786016078	5.0
0060959576	3.0
0307720489	5.0
0312890184	4.0
B0059JDUU4	5.0
0446618624	5.0
0743271246	5.0
0312980000	4.0
0984550518	4.0
0743276930	5.0
1596912340	5.0
0307744434	5.0
0452266637	4.0
0765303922	5.0
0373617739	5.0
045121577X	5.0
0805070966	2.0
034545250X	1.5
0307720454	5.0
1590200152	5.0
0345341988	4.0
0060593083	4.0
0965087530	5.0
0399149309	5.0
0671201581	5.0
0195170776	4.0
0425185168	5.0
0374292795	4.0
0375704752	5.0
0553589288	5.0
0231153201	5.0
0312206100	5.0
0439139597	3.0
1574218719	5.0
0399151613	4.0
055299703X	4.0
0940322749	5.0
0374177201	3.0
0641596081	3.0
1559708204	4.0
0373802307	5.0
0505526727	5.0
0553589296	5.0
1416986189	5.0
0842373535	5.0
0060188707	5.0
0451411471	5.0
0060175400	4.0
0399146253	5.0
0385252811	5.0
0751536822	5.0
B00FWMJ9LC	5.0
0143116649	5.0
0099448793	4.5
0785263195	3.0
0152253866	5.0
1449403581	5.0
0465025951	4.0
0374275637	4.5
0140186956	5.0
0671319809	5.0
0399146245	5.0
034549749X	3.5
0810110245	5.0
0786943335	3.0
1573221937	4.0
0742512975	1.0
0679407731	4.0
0375507345	5.0
1400042437	4.0
0312262264	5.0
0425224384	4.0
0740704818	5.0
0465030491	3.0
1576832899	5.0
0671556037	4.0
067972186X	5.0
0547712154	4.0
0876120796	5.0
0671899619	5.0
0385512163	4.0
0765312824	4.0
0393080021	3.0
0345428064	5.0
0761100350	5.0
0446505846	5.0
0451412753	5.0
0312203039	5.0
1400034833	4.0
0385492995	5.0
0446696161	5.0
0393060411	5.0
037540256X	4.0
0307272591	5.0
0312858868	4.0
0312315821	5.0
030737999X	3.0
048628039X	3.0
0425220842	5.0
0977412024	5.0
142010053X	5.0
1420100548	5.0
0387955011	5.0
0385736681	4.0
0312949251	5.0
0399149325	5.0
0316773433	5.0
1936719010	3.0
0399152970	5.0
1571451862	5.0
B00C3MPFTY	3.0
0425158640	5.0
0525953868	4.0
0762415401	5.0
0425098532	4.0
1615720324	5.0
0307352072	4.5
0393067041	4.0
0743418522	2.0
0857662937	3.0
0156278065	5.0
1580084222	4.0
0060794410	5.0
1403960380	5.0
0349104662	5.0
0312955901	4.0
0544002180	5.0
1610391136	5.0
0553145959	4.0
0716724111	5.0
0316005363	5.0
038551218X	3.0
143823144X	5.0
0781445639	5.0
0060750863	5.0
1596871369	5.0
1579654347	5.0
0805087745	2.0
055358930X	3.0
0373802153	4.0
030793313X	5.0
019932610X	5.0
0618509283	4.333333333333333
B00C448DL8	5.0
0451221427	5.0
0451209788	4.0
0765318962	3.0
0891091920	5.0
014311977X	5.0
0062070347	5.0
0553099604	5.0
0470488956	5.0
0195151747	5.0
1579654355	5.0
B003NX7BWQ	5.0
030681109X	5.0
B007XFEU0G	5.0
054774501X	5.0
0385182449	5.0
0684827123	5.0
1574885529	5.0
0060818999	4.0
1250012651	4.0
0060976241	5.0
0373771568	4.0
0142181277	4.0
0805074422	4.0
014012523X	5.0
0385468431	4.0
0425225771	4.0
B0054RGHV0	4.0
0441016359	3.0
0739002864	5.0
0451225805	4.0
0399142606	5.0
0441015034	1.0
0345375211	5.0
1556439245	1.0
0345428080	4.0
0425244083	1.0
0143119761	2.0
0143114077	5.0
0007136838	5.0
0936070277	5.0
0060530138	5.0
038531941X	5.0
1441428755	5.0
0842335986	5.0
0373229267	5.0
0373802129	5.0
0062024442	5.0
0399143947	5.0
0312301219	3.0
0871138301	3.0
1591023084	2.0
1627740066	4.0
0399149244	4.0
0471134473	5.0
0151014213	5.0
0061965804	5.0
0061143367	4.0
0312334176	5.0
0393071952	1.0
0375823115	5.0
0399154655	4.0
0515146900	5.0
0691019053	5.0
B00403NQSQ	5.0
0385513534	3.0
0975574604	1.0
0307378721	5.0
0060829613	4.0
0312863489	5.0
0307361047	4.0
0765303027	5.0
141659518X	5.0
0316069353	5.0
0312347480	5.0
0764220500	5.0
0521700345	5.0
0618126988	5.0
0674639413	5.0
0373771525	4.0
0140620303	5.0
0696217120	5.0
0765315009	3.0
0520249267	5.0
0307353451	2.0
0312347472	5.0
0872204847	5.0
0060838582	5.0
0440430712	5.0
0061703257	5.0
147111516X	5.0
0307951820	3.0
0307453650	5.0
0226043916	5.0
0778329437	5.0
0316095648	5.0
B00IFP6LFU	5.0
0060723432	4.0
0765304333	5.0
0061230944	5.0
0375501290	2.0
0312421974	5.0
0451403886	5.0
0099481243	4.666666666666667
0312853238	5.0
1612183395	4.0
0316010669	4.0
0312538138	5.0
031253812X	4.0
0060838574	3.0
0425225798	5.0
006117758X	4.5
0786014202	5.0
0515048666	5.0
0142181293	5.0
0992355206	2.0
0786913452	3.0
0441012817	5.0
0809043211	2.0
0895261499	5.0
0802134947	5.0
0786963719	1.0
045122096X	4.0
0307268438	5.0
B00DWRAKGC	5.0
0446532754	1.5
1413308929	5.0
0441015093	5.0
037550253X	3.0
031242065X	5.0
0393062112	3.0
0786016051	5.0
0399153357	5.0
0385352093	5.0
0345531949	5.0
0452285119	3.0
0615945163	4.0
0802714471	4.0
0312981554	3.0
006074068X	5.0
0425221334	4.0
0140264078	5.0
076458605X	5.0
0142002429	5.0
0345531973	5.0
0520081145	5.0
0316155608	5.0
0786963735	5.0
0451180410	5.0
0060393408	5.0
0393051447	5.0
0765367076	2.0
0385267746	4.0
159276245X	5.0
0307455475	2.0
0446519790	4.0
1400043093	1.0
0345450892	5.0
0446554995	3.0
0345531965	4.0
1481899147	3.0
0741436205	4.0
0385535775	5.0
0441089348	5.0
0440212626	5.0
009944254X	4.0
B007B5IDSI	5.0
0451219945	5.0
0793152593	3.0
0060916575	5.0
0375407375	4.0
006172372X	5.0
0609604678	2.0
0312282648	5.0
1400081394	5.0
0061231428	5.0
0425260917	5.0
006169049X	5.0
0373617798	5.0
0399148817	5.0
0312429029	5.0
0425225747	5.0
034543658X	2.0
0375708111	5.0
0007217110	5.0
149190139X	4.0
076531455X	5.0
1569474257	5.0
0385729332	5.0
0615492398	3.0
0345427637	5.0
0385335555	5.0
0380711699	5.0
0451172817	5.0
0441012841	4.5
0765318911	3.0
0451180429	5.0
0340839937	5.0
0312379080	5.0
0446178233	4.0
1608198111	4.5
0451220951	4.0
1568363966	5.0
0061231401	4.0
0451460464	3.0
0399145761	3.0
0743596870	1.0
1565126297	2.0
0441015905	4.0
0765603357	5.0
047146502X	5.0
0691149097	5.0
074320123X	5.0
0982611900	4.0
0224050184	3.0
0812981847	5.0
0300084579	5.0
1933471654	5.0
0802120326	5.0
0373442556	5.0
1466396806	5.0
0380723638	4.0
0062072188	5.0
0441018181	2.0
0451218663	3.0
0671670557	5.0
0062701908	5.0
1578602041	4.0
060960595X	3.0
0802134955	5.0
0316016802	5.0
1562903500	5.0
034553199X	4.5
0515141283	5.0
031286342X	3.0
1494715228	5.0
0446958298	4.0
0143118463	3.0
0446679496	5.0
0671045547	5.0
0060876085	3.0
156477080X	3.0
0765306069	4.0
0399156356	5.0
0345438337	5.0
1596680911	3.0
0393308189	5.0
0006476155	5.0
0385334141	5.0
B00GEQ6KXK	5.0
0373775016	4.0
0671568183	2.0
0446578924	5.0
0880386258	4.0
0399155015	5.0
1612181511	4.0
0764200151	4.0
0446530980	4.0
0061092177	5.0
0547225490	5.0
0778322793	4.0
0307379205	5.0
0830826661	1.0
0806522607	5.0
0451134699	5.0
0441009123	5.0
0553265857	5.0
0451215648	3.0
0375500898	5.0
0615577830	5.0
0373617895	5.0
0486266850	5.0
0061014656	1.0
0006551807	5.0
0425209725	4.0
0671319779	5.0
042521866X	4.0
0425217345	5.0
0425216020	4.0
0385343078	3.0
0449911977	5.0
0373768729	4.0
0060523034	4.0
0912453001	5.0
0307390470	4.0
0425226298	5.0
141430983X	1.0
0062189123	5.0
1930448015	5.0
038078159X	2.0
0151008469	5.0
0441012787	5.0
0316166316	5.0
0700612696	5.0
0151001820	4.0
0316955108	4.0
019861117X	5.0
0375727361	3.0
0451216954	5.0
0393308197	5.0
074352005X	4.0
0812508645	4.0
0312545266	5.0
0140361235	5.0
0099478447	3.0
1250014492	5.0
0451191137	5.0
0399146113	5.0
034015263X	5.0
1551666758	2.0
0553260111	5.0
0786940999	3.0
0806517204	5.0
0061136158	4.0
1493625810	3.0
0894803204	3.0
0316085391	5.0
0441010156	2.0
0446617210	3.0
014143984X	5.0
030728090X	4.0
033044123X	5.0
0446554979	3.5
0375422889	5.0
0330258648	3.0
0615574750	5.0
1416594787	5.0
0316016780	4.0
0811851508	5.0
1612181554	5.0
0771084226	5.0
0143122576	2.0
082452411X	5.0
0312538960	4.0
0786949341	4.0
0684811545	5.0
1481056557	5.0
0007124015	5.0
0615228380	4.0
0385337221	5.0
0805448659	5.0
0140060286	5.0
0679732497	5.0
0060537639	1.0
1477809449	4.0
0385511809	4.0
0816022186	5.0
0679727914	1.0
0765331004	4.0
0553386018	5.0
0064440206	5.0
0007140975	4.0
0778316920	5.0
0425232980	5.0
0060593784	5.0
0061450979	5.0
B007J3J5CU	5.0
1401341268	3.0
0061092193	5.0
1623650224	4.0
0505526018	4.0
0765311437	4.0
0312938640	5.0
0345504348	1.0
0385334168	3.0
0375500863	1.0
1607012928	5.0
0743205677	2.0
0786963646	2.0
0143113607	2.0
B004XJ4OXS	3.0
0064440214	5.0
0375401199	4.0
0394703588	5.0
0982618492	4.0
0470523018	3.0
0152058265	1.0
0679736875	4.0
B00H2ZB1HM	2.0
0465054382	5.0
1401600360	5.0
014280018X	4.0
0802146015	5.0
0373896077	4.0
0393049949	5.0
1560851813	5.0
0465046754	5.0
0312853254	5.0
044640098X	5.0
061566461X	5.0
1931229074	5.0
0312300875	5.0
0425240541	5.0
0399160450	3.0
0385720165	3.0
1930448074	5.0
0802135358	5.0
0345479718	2.5
0425207951	4.0
0553585800	3.0
0425214249	5.0
0312865244	3.0
039914613X	4.0
0374230641	2.0
0691089779	5.0
0684873893	5.0
0395498635	5.0
0547807686	3.5
0446619019	4.0
0312312873	5.0
0316603570	2.0
0978655168	4.0
0446600415	5.0
0307352145	4.0
0312368437	5.0
0312242530	3.0
1580089801	5.0
0393050947	5.0
0553057014	5.0
1416552944	5.0
0316578991	5.0
143910221X	4.0
0399148795	4.0
0830815155	1.0
0140441751	4.0
0765317583	4.5
0316206849	3.0
0743215052	5.0
0007444117	3.0
0786889284	4.0
0060520841	5.0
0553109561	2.5
0451200551	5.0
0061584444	5.0
0553585819	1.0
0525950036	4.0
024081469X	4.0
1494418789	3.0
1570548080	5.0
0345803450	4.5
0553385593	5.0
0380782057	3.0
0441014569	5.0
B00IKAGU7E	5.0
0441018920	4.0
1416583203	4.0
0310437458	5.0
0061584452	5.0
0425227537	3.0
0099525259	1.0
0062336010	5.0
0812971671	5.0
0446537519	5.0
0451415930	5.0
0312659113	5.0
0778323269	5.0
B00DOZFGSO	3.0
0330490265	4.0
1250028248	5.0
0061958794	5.0
B00CFRGIEI	5.0
0765306026	5.0
0812994345	5.0
0547792107	5.0
031285630X	5.0
0553109537	5.0
0451161351	3.0
031242678X	5.0
0393061639	5.0
0425091805	5.0
0500513155	5.0
1591024366	5.0
0425158543	4.0
0307950476	5.0
034540856X	5.0
0345408578	2.0
B00IERP91Q	4.0
0143112392	4.0
0451198638	1.0
0765330539	5.0
014241980X	2.0
B00BL12BU4	4.0
0676974112	5.0
1610392566	5.0
0374505241	5.0
0375702024	5.0
0586089969	5.0
1463604815	5.0
0446617288	5.0
0330517783	5.0
0764585576	3.0
0312357753	3.0
0874477182	5.0
0978655117	5.0
1433805596	5.0
B008X4BIII	5.0
0060506539	5.0
0441016316	5.0
0916441822	5.0
0553266284	4.0
0671036688	5.0
0385337272	4.0
0399160477	4.0
0060736682	5.0
0399146180	3.0
042521995X	5.0
0307377490	5.0
0801896924	5.0
0451203607	5.0
1416537392	4.0
0312276737	4.0
0449015831	5.0
B009SWXPL2	5.0
034532448X	5.0
0226142779	2.0
1582973946	5.0
014044176X	4.0
1401323448	3.0
0307377482	4.0
1416924698	5.0
0765329581	5.0
0316693863	2.0
0399152849	5.0
156025355X	1.0
