1450430112	5.0
1400308534	3.0
1401220347	4.0
0312587481	3.0
1936096625	5.0
1936332264	5.0
1400318459	5.0
159554920X	4.0
0307943194	5.0
0787994022	5.0
B005GNBUNM	5.0
0785231897	2.0
0794418899	4.0
0849947197	5.0
B001ECQK8O	3.0
1595551654	3.0
1416590935	4.0
1595553711	4.0
0785263268	4.0
1440512264	5.0
0849948282	4.0
0470947802	3.0
0849920604	5.0
0849920728	3.0
0743252160	4.0
1416990844	5.0
0307704114	5.000000000000002
078523165X	4.0
1580085849	4.568561872909699
0307098222	5.0
1414367392	5.0
1418550663	2.9999999999999996
159555260X	5.0
0385660065	3.0
0615442536	1.0
0061662550	3.0
1401600646	5.0
0133158721	3.0
0307737179	5.0
1595550313	4.0
1416561390	2.0
111830635X	5.0
1604991801	4.0
061868588X	3.0
0310293332	5.0
1595551638	3.0
0330460668	3.0
0240523822	5.0
1418546496	4.0
1250046327	5.0
1400317150	5.0
1440172420	3.0
1892154285	5.0
1439157014	4.0
0849947170	2.0
1601420390	3.0000000000000004
0307731979	5.0
0849947294	5.0
0747585873	4.0
1573446602	4.0
1935961306	3.0
1401340806	2.0
0764209507	4.0
098278760X	3.0
0140187537	5.0
1400316057	4.0
0028627717	5.0
0758234937	1.0
145168875X	3.0
1565124871	5.0
1400203570	4.0
1404189572	5.0
0446600474	4.0
1416560181	5.0
1404187391	5.0
0195181239	3.0
0446528099	3.0000000000000004
1439172951	5.0
006072563X	4.0
1418534374	3.0
0306818809	3.0
0307444724	4.0
1401942024	4.0
0470648406	5.0
0778315134	5.0
0399139141	5.0
1404189408	5.0
006219447X	5.0
1401310192	4.0
0805096663	5.0
1595553630	4.0
0849948126	4.372574055158326
1595552669	3.496153846153846
0547390092	4.0
0849946182	5.0
0515153206	4.0
1450429297	5.0
1419702750	5.0
0061132217	3.0
1440318417	4.0
0307396045	4.0
076360013X	5.0
1404189513	5.0
1400317169	5.0
1400073804	2.9999999999999996
1416544607	1.0
0545233445	4.397469688982605
1400318130	4.0
0849901146	2.7876643073811938
0307957276	2.0
0590434128	5.0
1933538562	5.0
0805088938	4.0
0307452689	4.0
1414334532	4.0
0321832876	4.0
1414315813	4.0
0778304736	5.0
0316182540	2.0
0756631599	5.0
B00ALIN0XK	5.0
0849947138	4.420774647887323
1440213690	4.0
0740706004	5.0
1401323294	4.0
1441766073	5.0
0789742985	3.0
076145327X	3.0
0785229213	5.0
0312853238	5.0
1404189777	5.0
1400318033	5.0
0794418821	4.0
0307588270	4.0
0547195583	3.0
0140186409	5.0
1481889788	2.0
1451627149	2.0
1582979987	4.0
0195341546	3.0
0470416831	5.0
1416971122	1.0
0794423167	4.0
037389225X	5.0
1400203759	4.0
0316013587	3.0
0761458824	4.0
0470169990	4.0
0373892152	3.0
0849901359	5.0
0385521227	4.0
1595553797	4.0
0849946263	4.225904761904761
1401675131	4.0
0849946387	1.0
0780648838	5.0
1603421386	4.0
0310318653	5.0
0849922070	4.999999999999999
0028610105	2.0
1400202892	4.0
0849918804	1.0
0143038974	5.0
0307943232	1.0
0671693956	5.0
1400316669	5.0
1400202779	5.0
0849947227	4.0
1595552219	5.0
159555341X	4.834911242603551
1416968733	5.0
1422157296	4.0
0811874680	5.0
0849946255	3.0
0849946379	5.0
0486440435	5.0
0307587959	5.0
1401685196	5.0
1595542884	4.0
078523182X	5.0
1600613012	4.0
1400316340	4.0
1451633106	5.0
084994841X	4.0
0849947219	5.0
1604690011	5.0
1584798645	5.0
1432732641	4.0
1595553533	4.0
1595552324	3.958230958230959
0849946484	5.0
1595551476	4.0
0804165858	5.0
0307887898	3.0
1595553657	2.0
1418549924	5.0
1416971270	5.0
1402779798	4.0
0778801314	5.0
140418984X	4.0
0789749335	5.0
0373892241	3.0
159554805X	1.0
0471121207	5.0
1400316332	4.36669874879692
159185413X	5.0
0547556225	3.0
1400004233	4.0
0689852789	4.0
1400203554	3.0
1601423071	5.0
1565126076	4.0
1558324062	4.999999999999999
0061766720	5.0
1594745935	5.0
0836192966	3.0
078974290X	4.0
0689858094	3.0
0805093435	4.0
1449410243	1.0
0307453278	5.0
0849921287	4.0
0385297211	5.0
1595553592	4.999999999999999
0385521685	5.0
0307729915	5.0
0804176434	5.0
1595554440	4.0
1595553231	5.0
1558324194	4.0
0971727937	5.0
0740784315	5.0
0794417906	3.0
0871164515	5.0
0989389200	1.0
0470372273	5.0
1400202442	5.0
0778328198	3.0
0385529058	5.0
0743292332	3.0
0764209779	4.0
0805092560	2.0
0373892292	3.0000000000000004
1932690131	3.0
1605296864	4.0
1477810285	3.0
0440234719	5.0
1606841491	4.0
140020254X	3.6261107313738896
1400203406	4.321148825065274
1400318432	4.0
1404187634	3.0
1118173031	5.0
1935188100	4.999999999999999
1433672960	5.0
0785228756	3.6716016150740245
1444729721	1.0
0802404928	3.0
1931543895	3.0
0849921392	4.566092715231788
1401215734	4.0
1595553207	4.3847155883630045
1595553568	3.0
1442403772	4.0
193156129X	2.0
1606840134	5.0
1400202701	4.0
0689504764	5.0
0743236009	2.0
0812992881	4.0
1550370383	2.0
1595552197	4.0
1893762130	4.0
B008FMYCR2	1.0
0140177396	4.0
1593789998	5.0
159555338X	4.0
1590521560	4.0
0307990745	3.0
0977818861	3.0
1595546855	3.0
0373892411	4.0
0007337701	5.0
0849900417	5.0
1416556109	4.0
140168520X	5.0
1416593535	2.0
081351584X	3.0
0969816235	5.0
0849920043	5.0
1414338015	2.9999999999999996
0761136916	4.0
1598804901	3.0
1595551085	1.9798542648949848
0670020974	2.0
1400316855	5.0
1931257159	4.0
1400316731	2.0
0743597923	3.0
140031321X	4.0
0399157662	2.0
0794419046	3.0
1607740036	5.0
159555324X	4.570462232243517
0764209183	4.0
0849946522	4.0
0307589730	5.0
158297702X	4.0
1781593205	1.0
0345505352	4.0
0330456717	3.0
0345506200	4.0
078521321X	4.0
B004O6MW0M	1.0
1595551190	5.0
193349512X	3.0
0849946999	3.0
0789749734	4.0
1594869154	3.0
1599905256	5.0
1595551069	5.0
1450432077	5.0
0375430008	4.0
0778804550	4.0
0137135556	1.0
0842383131	1.0
0307446468	4.0
0805962867	4.0
0849932343	5.0
1595547886	5.0
1449316190	5.0
0393049353	1.0
0789491060	5.0
1433681919	5.0
030728090X	1.0
0807509108	4.0
0989240509	5.0
1484024729	4.0
0849946980	2.9999999999999996
0800721721	2.0
140160434X	4.0
0892760451	5.0
0141013451	2.0
1603429743	5.0
1401204589	3.0
B00D6Q062M	4.0
1451591012	5.0
081186944X	5.0
0805082921	3.0000000000000004
1595547754	4.0
0307284050	5.0
0345542231	4.0
0979018803	2.0
1414326599	4.0
1118647610	5.0
1414337280	3.0
1401604005	4.2432738600962905
1475217765	5.0
0061804347	4.0
0373892209	5.0
0230611699	4.0
0060194480	3.0
B00CJUKFZE	5.0
0613171365	5.0
0310320321	5.0
1400316413	5.0
1416974733	4.0
1404187804	4.491911324146196
111806352X	5.0
0312342330	4.0
1416585834	5.0
1414348134	5.0
0307458784	4.0
0849920698	3.0
0849945992	5.0
1601421826	5.0
0689861877	5.0
0138158053	3.0
0764208292	5.0
1617950734	3.4968152866242033
144973331X	3.0
0849912962	5.0
1605501166	2.9766536964980546
1601422806	4.0
006087600X	5.0
1595546642	2.0
1401685676	4.0
0310290775	3.0
0970341806	3.0
0380782405	5.0
0785227946	3.0000000000000004
031264065X	5.0
1435460065	4.0
1401603998	4.0
1479749818	3.0
0743288408	2.0
B00563EXZ4	4.0
159276309X	5.0
1454904461	5.0
0312428812	5.0
1400074029	4.0
B005HJMQ4C	4.0
034544230X	2.0
0689869738	4.0
1595548653	3.0
1416971807	5.0
0761458158	4.0
0786703881	4.0
1400203082	4.75801841854557
0743272072	5.0
098196480X	5.0
0393045358	1.0
1841720674	4.0
1401310435	4.999999999999999
047012413X	4.0
0446561983	2.0
1604991771	4.0
009928264X	5.0
0786014547	4.0
0137032498	5.0
015101406X	5.0
0880706317	4.0
0385531737	5.0
140020304X	4.0
1609580427	5.0
0689856520	3.0
0385340990	5.0
1580626874	4.0
1401684890	3.0
0849920779	2.9999999999999996
1404190023	5.0
1604360100	4.0
1250029465	5.0
0805087117	4.0
0061934771	5.0
0385528213	4.0
1442497009	4.0
140031299X	5.0
1401204244	3.0
0307461475	5.0
1595548866	4.0
0849900956	2.6492676431424766
1401686842	5.0
1558323759	4.999999999999999
1591452392	5.0
1418541532	5.0
1414319495	5.0
1580087523	4.431438127090301
156924507X	4.0
1416559132	4.0
1596432500	3.0
1557534624	5.0
0803273371	4.0
0425218651	4.0
078523120X	4.599689185483133
0399165940	5.0
111807775X	5.0
0778325571	3.0
1595548211	2.0
0470170018	3.0
0849948088	5.0
1416547274	4.0
0465020208	3.0
0812981383	4.0
0898219108	4.0
0061210056	4.474846625766872
0061348155	1.0
0307589994	5.0
076420890X	3.0
0061827258	4.0
1416938869	5.0
1416939717	4.0
0451201205	5.0
0061373486	4.0
0307458059	5.0
054529441X	5.0
1416990003	5.0
1416542949	4.0
1571985735	5.0
0547550782	4.0
0451232380	3.0000000000000004
0849919622	2.0
0762435461	5.0
1595552804	4.0
0849900921	1.0
0310320291	5.0
1418550795	4.0
0307457176	3.49609375
0399159126	5.0
1595548556	5.0
0811875067	5.0
1892112000	1.0
0805098542	5.0
0385529848	4.0
0345533267	5.0
B00BO8H4VU	2.0
1603420797	5.0
0240818733	5.0
1883010349	3.0
1418528412	3.530764807360552
0399157182	5.0
1595545034	3.0
0310705053	5.0
0060738871	3.0
1416948643	4.0
0307951790	4.0
