B00IBM4CLC	4.0
0679421777	5.0
1937715000	4.0
1401220347	5.0
0316205214	5.0
0425213447	4.0
1581821301	3.0
0785107827	5.0
0515128554	4.0
0316071986	4.0
1494494272	3.0
0061161705	4.0
0446670111	5.0
0689868804	5.0
B00J1WU41S	4.0
0743487842	5.0
0345409469	5.0
0394448588	4.0
1929133332	5.0
0451173139	5.0
0385743564	3.0
0545040426	5.0
0312192932	4.0
0615911684	4.0
0756407923	4.0
0515128546	5.0
0316205206	5.0
0671041754	4.0
0679742522	5.0
1483918777	4.0
0756613833	4.0
1582344795	4.0
045123376X	4.0
0195160339	5.0
1612184588	5.0
0671026100	5.0
0062094661	4.0
0615669107	3.0
0553592610	4.0
0316170038	4.0
0439918758	5.0
0743281632	5.0
0553592629	4.0
148390329X	5.0
0806982225	5.0
1582404925	5.0
B00BU7TYBS	4.0
037543318X	3.75
0857687239	4.0
1603092749	5.0
1492364967	3.0
146807993X	4.0
0007190042	5.0
0373484232	4.0
0743427327	4.0
0449211177	5.0
1451650051	4.0
0451212800	3.0
148403726X	4.0
0143035282	5.0
0986906417	3.0
0340923245	5.0
0756611660	5.0
B00CNKYU56	4.0
0062117858	3.0
0553072226	3.0
B007K3D6OC	4.0
B005F6E7Z8	3.0
0425256189	5.0
1481808613	1.0
0316205222	4.0
0385527403	4.0
0671015443	4.0
0756403588	4.0
B00817F90U	4.0
0394528360	5.0
0425235262	1.0
1480183679	5.0
1622538617	5.0
0441018645	5.0
1493755544	4.0
161696183X	1.0
0140481397	5.0
1937475697	5.0
0439136350	5.0
0061797022	5.0
B00FMJ8OFC	3.0
0385338058	5.0
0312624719	4.0
B00KD3WP3O	5.0
1401218008	4.0
1492313319	1.0
1481090801	4.0
0957374615	5.0
0967059844	3.0
0060899689	5.0
0743427742	4.0
B00986TJHC	4.0
0393316041	4.0
0785110194	4.0
1401209599	4.0
1419965433	2.0
0060788704	4.0
0307291146	5.0
B00H6SZ06I	5.0
B008QPB2TY	2.0
0679726012	3.0
B007HBKZOQ	3.0
0199115095	5.0
0394562690	5.0
0310273986	4.0
0785102566	5.0
0786891416	4.0
1484007840	3.0
B004JU0I3Q	3.0
1439154287	5.0
0684826127	4.0
045146365X	5.0
B00FP43PP8	3.0
0679882804	5.0
147500382X	4.0
B00CQCQWJ8	5.0
1490405461	4.0
1491021217	4.0
0061797081	3.0
013805326X	5.0
0312428227	3.0
1451657900	4.0
1453780653	5.0
0778326276	4.0
0425250822	4.0
0892728167	3.0
B00AXHIDJK	3.0
0226307808	5.0
0942235738	5.0
0312360525	4.0
0544104714	5.0
0061245097	5.0
0758228465	4.0
0931674948	4.0
0375700129	5.0
1846856949	4.0
0778328473	4.0
0439531640	3.0
B004K6MMCY	4.0
1484829026	4.0
0957374631	5.0
0061797057	4.0
1490416110	5.0
0060562005	5.0
0743412265	5.0
0307476898	4.0
0425192008	5.0
143914799X	3.0
1401200761	5.0
0061245089	5.0
B009XU69GM	3.0
B001J4SYZO	4.0
0688161553	5.0
1594204403	3.0
B007ERUITK	4.0
0152045996	5.0
1455599271	5.0
0855329386	5.0
1449513778	5.0
1439190356	3.0
0671038176	4.0
B00GWVSPEO	4.0
1940463068	5.0
0615796982	5.0
1573221368	5.0
0425192024	5.0
1478230592	5.0
1937007812	3.0
0978582705	5.0
0847830578	5.0
1400069351	4.0
039447922X	3.0
1940270146	5.0
1479296619	4.0
0061994057	4.0
0061056901	5.0
0345434498	3.0
0399132783	5.0
055327886X	5.0
0316074179	3.0
0140131671	4.0
0380817934	3.0
142314306X	5.0
0785122133	5.0
1493788868	5.0
1479355100	4.0
0765303744	4.0
0375803017	5.0
0307279464	4.0
0684844893	5.0
0385311400	4.0
0380809060	5.0
0857662325	4.0
1492375675	5.0
0399153233	4.0
0312423810	5.0
0394800230	5.0
1414318936	1.0
1937007820	5.0
1461057205	5.0
0385512775	4.0
0061998885	5.0
078512697X	4.0
0380817926	5.0
0671027034	5.0
0879836342	5.0
1936305267	5.0
0785100334	4.0
034545183X	3.0
0470463163	3.0
0451229681	4.0
0316785288	3.0
B00AGIN5JE	4.0
1580172652	4.0
1439147973	3.5
0425210316	4.0
034542333X	4.0
1569713669	5.0
1938623533	5.0
0441004091	4.0
B00CV30XCE	1.0
0316013684	5.0
1616960922	5.0
0060194839	4.0
B00GXUXOG8	5.0
0764210440	5.0
0451414292	4.0
0195148274	5.0
1494267020	5.0
1629100048	3.0
0312864833	4.0
1569714983	5.0
1563892057	4.0
0060557559	5.0
0425234339	4.0
1497400775	5.0
B00II6IKLO	5.0
B009IQNMT8	3.0
1938623541	5.0
141961004X	4.0
1401226930	5.0
0671027492	5.0
0440214920	5.0
1602398046	4.0
B00B0YGBVC	5.0
1935961705	3.0
1455500143	3.0
0345481259	3.0
1451625960	4.0
140004622X	4.0
1569714991	5.0
0756407575	5.0
0451461894	5.0
0399144331	4.0
0689716966	5.0
0679734031	4.0
0385475721	5.0
0743211383	4.0
0316035459	3.0
0451151704	5.0
007148499X	2.0
0061364088	4.0
0061998850	5.0
B00JJY2XX0	2.0
1469252317	5.0
1593074492	4.0
0060080841	4.0
0671534513	4.0
0345423399	4.0
1592332269	2.0
0441013813	4.0
0595369375	5.0
0198721250	5.0
0857663690	5.0
1891105167	3.0
0756620953	5.0
0312203713	4.0
0764210432	5.0
B00FS37D8Q	2.0
159582488X	4.0
0195104285	5.0
0374157065	2.0
147811388X	1.0
1493530690	5.0
0689843933	5.0
0671867369	4.0
B00AE8S7I0	3.0
0261103288	4.666666666666667
0802117295	4.0
1495405915	4.0
1495458881	5.0
0312282990	5.0
0865163529	4.0
014314264X	5.0
0803261845	4.0
0756406269	2.0
1455547239	4.0
0553286447	4.0
1468102494	5.0
0767905385	4.0
0743292332	4.0
0345490142	4.0
0385495315	4.0
0393331261	5.0
0345458443	4.0
1401223478	3.0
0743482972	4.0
019982830X	5.0
1480053112	4.0
1462859011	5.0
0312337396	5.0
0152024689	5.0
0060099453	4.0
1596270020	5.0
0345225023	4.0
0689858191	5.0
0785102981	5.0
0152003746	5.0
0393062031	5.0
0935312560	4.5
0375503994	5.0
0062011847	2.0
0373885628	3.0
1469085178	5.0
B00DNMRWFI	5.0
0689817215	5.0
0142196258	4.0
1623420474	4.0
0803261837	4.0
0786867752	4.0
B00EBZHH2E	4.0
0743291476	4.0
0765309076	4.0
0615483305	3.0
0307454231	4.0
0061998869	5.0
B004OYT8OW	4.0
0785108270	5.0
0451230647	4.0
1563899973	5.0
0395981387	5.0
0316358495	4.0
0802777511	5.0
0307277674	3.6666666666666665
1482332272	5.0
0340213922	3.0
0142002046	4.0
0141321687	3.0
0307209989	4.0
1401204651	4.0
044101819X	5.0
0142002038	4.0
0060192119	4.0
0201380277	5.0
0684813637	4.5
0141004924	3.3333333333333335
B0086SBJ30	4.0
0395389496	5.0
1418509884	4.0
0375410848	4.0
1573244872	5.0
0345504046	5.0
0060936223	5.0
038533401X	4.0
0385003560	4.0
B008DMUPFM	4.0
1490559175	4.0
0061957933	5.0
1416543279	5.0
0385498411	4.0
0330508121	4.0
0312289901	4.0
B00E9YL3HM	4.0
B00HHXUW9C	4.0
0441859453	3.0
0316043826	1.0
0765305097	4.0
0060509058	3.0
0380727501	3.0
0756407494	5.0
B00CDSO814	4.0
B00J606B6W	4.0
030680736X	4.0
0140501983	5.0
0060505923	4.0
0743597923	4.0
0142002062	5.0
0345291417	4.0
0425241130	5.0
0451465040	5.0
014056649X	4.0
B00CLU6OZW	3.0
0060273224	1.0
0785121668	4.0
0802141293	3.0
0785117172	4.0
0765305089	4.0
1401214436	4.0
0451196716	4.0
0765368684	3.0
0143036939	4.0
0345373707	5.0
0898797071	5.0
0743550404	3.0
1477658432	3.0
0142002054	3.0
0061957917	5.0
0789430738	4.0
098256581X	5.0
1602391939	4.0
0785142592	5.0
148014178X	4.0
1456301152	3.0
B00J4B0THU	4.0
B003IWOC1A	3.0
1478150742	5.0
0915811030	5.0
0140430571	5.0
0060530928	5.0
1593074042	5.0
B00E1LF496	5.0
B004V9GFJQ	3.0
0399224459	5.0
0060788380	4.0
0545314801	5.0
0671042599	5.0
0316101966	5.0
1456300288	4.0
0679418601	3.0
0060973617	4.5
0199538794	4.0
039306025X	4.0
0394829123	4.0
1611099099	4.0
1490946810	4.0
0441067174	5.0
0312290950	5.0
1453796614	4.0
1411613236	5.0
078511629X	5.0
0345481283	5.0
1469926903	4.0
1481845535	4.0
B00C3PTT6G	5.0
0689848331	5.0
0345505336	5.0
1609288939	5.0
0785108688	4.0
0785108203	5.0
0340825588	4.0
0312985959	5.0
0142002070	5.0
078510867X	4.0
0345278038	4.0
B00DV6AB4K	3.0
1419961985	5.0
B00BMFEWQA	5.0
0441100252	5.0
1603093206	4.0
0743270134	3.0
075640391X	2.0
1494388588	5.0
0451415191	5.0
1402208456	5.0
0761459057	4.0
0439314550	3.0
0915811057	5.0
0061668214	5.0
1439156808	4.0
0062190423	5.0
0785111824	4.0
0345533313	4.0
0765321564	4.0
0312985940	5.0
1401202012	5.0
1480118516	5.0
B005BT583Y	3.0
1932664122	5.0
1401201172	4.0
1590300068	5.0
B00GTLPGN0	2.0
0451415183	5.0
0375405445	3.0
0785121625	5.0
1783751789	5.0
0641934173	5.0
0806525169	5.0
0765311313	5.0
0345442970	3.0
0425263363	3.5
1438429282	4.0
0375890246	5.0
0439249546	5.0
0451458311	4.0
0375701907	4.0
0393037010	5.0
0375501851	2.0
031257357X	3.0
0061252298	5.0
B008VVV4HS	5.0
1499732376	5.0
0394740181	5.0
0345384466	5.0
014009766X	5.0
0374525137	5.0
0345323440	4.0
1435261968	5.0
1929175205	5.0
0553572601	4.0
0062133438	5.0
1482625857	3.0
042518756X	5.0
0394829131	4.0
0345481291	3.0
B009KOX5WC	5.0
1466287063	4.0
1569715084	5.0
1481069764	5.0
1476752192	4.0
0316074160	4.0
0756622387	5.0
1420111892	5.0
0425198243	3.0
B0098ZYB3U	4.0
0671743058	5.0
0557384737	4.0
0593064461	4.0
1937007014	4.0
1455599255	5.0
0972429565	4.0
1477631380	4.5
0451240901	5.0
0060112972	4.0
1582408912	4.0
1556523556	5.0
1466294671	4.0
0739461214	4.0
B00DL3ALBG	2.0
0674004787	5.0
1481270443	5.0
1569715033	5.0
0374332657	4.0
0785111808	4.0
1494879190	4.0
0785131884	3.0
1484836162	3.0
1559275782	5.0
0385341636	4.0
B006HMDJN0	5.0
1611099064	5.0
081298241X	5.0
1455599247	5.0
1880509083	5.0
0312555113	4.0
043979661X	5.0
0131118927	5.0
1558192506	5.0
0060010800	5.0
0470125365	4.0
0061664693	4.0
067157714X	5.0
1499627866	4.0
0785111816	5.0
0823003671	5.0
1569715025	5.0
B00H4FBBB6	3.0
0385508719	3.0
006109398X	4.0
0615585736	3.0
B00ILILD1S	4.0
0446609560	4.0
0425255700	4.5
0307388670	4.0
1623220513	4.0
B00L1HYMJQ	5.0
1885008279	5.0
0345532031	3.0
0910355118	4.0
1419958313	3.0
068986437X	4.0
0374237131	5.0
0785110941	4.0
031628663X	5.0
B004AM59T6	4.0
B00HFKOM0W	3.0
0399105972	4.0
0988436914	5.0
0451236432	4.0
B00669PIP6	5.0
1401204244	4.0
0380899361	5.0
0451239938	4.0
B00AQKM5LG	4.0
B007PV3QW6	5.0
B00E5RWLQ0	4.0
1743340591	5.0
0061433012	5.0
0440407079	1.0
1421518848	5.0
0823030806	5.0
0142500216	5.0
0743254554	4.0
045124009X	4.0
0312309376	5.0
0809447002	4.0
0143145347	5.0
0765307235	5.0
084873274X	5.0
0452282950	5.0
0006479758	5.0
0756405718	4.0
0785114033	5.0
0816038465	5.0
0761461752	5.0
149378174X	4.0
0765307243	5.0
0670038717	5.0
0061728977	4.0
0785110917	4.0
0140566481	5.0
0553278398	4.0
0984663185	3.0
0440203430	5.0
0486292576	5.0
031230935X	5.0
B00AK1IMXQ	4.0
0307907740	5.0
B00DR4H7QG	5.0
0613175336	4.0
1475221398	5.0
0760761337	5.0
0091801664	4.0
0446679828	5.0
0306812312	4.0
1475279140	3.0
0312590962	5.0
1492863602	5.0
0143104888	5.0
0156006510	3.0
161720787X	5.0
1493682067	3.0
0785110925	5.0
1401219799	5.0
0316260495	5.0
1612191290	5.0
1439191174	5.0
031259979X	5.0
1420111876	5.0
0345278402	5.0
0399151885	4.0
0684872870	4.0
0671024345	5.0
0763635529	4.0
0768421241	1.0
0785118861	4.0
0785116680	4.0
0988436949	5.0
0312365497	4.0
1494987554	5.0
1478127163	4.0
0345324390	4.0
0743453972	5.0
0375831002	5.0
1401217109	5.0
0844667900	5.0
0446607339	4.0
B0050Q4YBK	3.0
0451167805	5.0
0451220048	5.0
0061138061	4.5
0007149042	4.0
0425241505	4.0
0857150820	4.0
1482570491	3.0
1420111884	4.0
0785117539	4.0
0345278410	5.0
0756622352	5.0
0425147746	5.0
078510772X	4.0
0785109919	4.0
B0092V0Y5Y	4.0
0385341652	3.0
0671024337	4.5
0785114025	5.0
0974309338	3.0
0143124463	3.0
1934135062	5.0
006121003X	5.0
B00GFC89XC	4.0
0689847874	5.0
045141912X	5.0
B00AYO44IQ	4.0
0765326353	5.0
1478200421	3.0
B00814M3A2	2.0
B007KSE4Y8	4.0
1461111587	5.0
0439216486	5.0
B003YL4AJE	4.0
074342414X	5.0
0785116893	4.0
0451452615	4.0
0823413438	5.0
B009SVIDY2	2.0
0545128285	5.0
0061020680	4.0
0310295610	4.0
0143036033	4.0
0060761784	4.0
0143118692	5.0
0425227723	5.0
1612183123	4.0
B00E9YKGAC	4.0
0345463099	4.0
0553110721	4.0
0743453956	5.0
082483383X	5.0
0765326361	5.0
1475070373	5.0
0815605048	5.0
1475095651	5.0
0140275363	5.0
0553258524	5.0
0061031321	4.0
0823010279	4.0
0785107959	4.0
0345329570	3.0
0061020664	4.0
0312876513	4.5
0151004641	5.0
1586487124	3.0
0061020672	4.0
0871139855	4.0
1439156379	5.0
0425137937	4.0
0380766558	5.0
0425209067	5.0
0809599848	4.0
B009PFL1L8	4.0
0060012382	4.0
0060506695	5.0
0785123172	4.0
0375404945	3.0
0380973545	4.0
1466398345	5.0
0553807781	4.0
0061020656	4.0
0743554434	4.0
0441019633	2.0
1484018427	4.0
1581821638	4.0
034549590X	4.0
0451235843	4.0
1939416671	1.0
1620612917	4.0
1482524759	4.0
0345481305	4.0
0758284047	5.0
1460953134	2.0
1484136950	5.0
0199828075	4.0
0553213636	5.0
0385493622	3.0
006102063X	4.0
0452279070	5.0
1482017229	5.0
0451218469	5.0
141694804X	4.0
1939769280	5.0
0765300176	4.5
B00AA46Y06	5.0
0756641179	5.0
0060006927	4.0
0373873581	4.0
0061020648	3.0
0553212788	5.0
0373243790	5.0
1439134146	5.0
1482397676	4.0
0553569910	5.0
0743244532	5.0
0060246421	4.0
1582404801	5.0
B00CV1DM24	3.0
B008XOWVVG	2.0
0515116475	4.0
0385527519	4.0
0425260755	5.0
0307281698	5.0
0060987103	4.0
0983520801	5.0
1495281078	3.0
1563898705	4.0
0312253486	5.0
0834003465	5.0
B00DLSTT9Q	4.0
0143142356	4.0
0425033767	4.0
0553804693	4.0
B00L3SDZNM	4.0
0263896498	5.0
1490589481	5.0
B00INIXCUG	5.0
0525952837	3.0
B0067BDBUW	4.0
0671740776	5.0
0827603258	5.0
0451191722	5.0
0451460278	5.0
0553232797	5.0
0446525871	1.0
B007SPPH1M	4.0
0615801951	4.0
0061020621	4.0
0316011770	3.5
0451218043	5.0
B006J8QBH8	3.0
1451527756	2.5
1937007588	4.5
0060853972	4.5
0802143601	4.0
0756620678	5.0
0671008846	2.0
0375400559	3.0
0143142372	4.0
1490366504	4.0
1439190259	4.0
0486299929	5.0
0060088613	3.0
0979151805	4.0
0451219368	4.0
1569712255	5.0
0873515692	4.0
0307476537	5.0
1596062878	4.0
0738703273	4.0
0375835318	5.0
0345423429	3.0
B00ITENGZK	5.0
0399145923	5.0
0823010287	5.0
0312337426	5.0
B00CY35D6W	5.0
1481889532	4.0
0375811354	4.0
1937666042	4.0
0307885151	4.0
0142001325	4.0
1442488697	5.0
1580050972	4.0
0316182540	5.0
0312979819	5.0
0307593967	4.0
0785123121	4.0
0345317580	3.0
0794841880	5.0
B00H8XIAZ4	5.0
0312242360	4.0
1480198854	5.0
0759531226	5.0
0671707728	5.0
0140620516	4.0
1401300057	5.0
1492141224	4.0
0789463024	4.0
0425133516	2.0
0062255657	5.0
0756402190	3.0
0553382683	5.0
0340770708	4.0
0375410341	1.0
0676976158	5.0
0451463323	1.0
1477583025	5.0
0743405862	3.0
0060891866	3.0
045146379X	3.5
0316056634	4.0
0061535680	4.0
B00CXWZWAQ	3.0
0441016154	3.0
0140566511	5.0
0385346824	5.0
0615619398	4.0
B00CY35D8A	5.0
1434442063	5.0
0553573136	2.0
1623781264	4.0
B00ELJQKTG	4.0
0451527003	5.0
0316021555	3.0
078511680X	5.0
0451239350	4.0
0152010106	5.0
0785116818	5.0
0486268772	5.0
1497345928	5.0
0810322951	5.0
B00AVRUKM0	4.0
0736917411	5.0
1482567431	5.0
0425258874	5.0
0765302306	5.0
1580176917	5.0
0786808012	3.0
0060266880	4.0
0671742515	3.0
142012403X	3.0
1420124048	5.0
1401233376	3.0
1439156786	4.0
0873771621	5.0
0375706135	4.0
0810981718	5.0
0375505814	4.0
1940223040	3.0
0515131679	5.0
B00CEHHWW6	4.0
0140260706	3.0
1563896559	4.0
1456548689	4.0
0785113797	4.0
031231521X	5.0
1401221386	5.0
1468155083	5.0
0345496876	4.0
0374378096	4.0
0981873707	5.0
1939769213	5.0
0060976403	4.0
1460978862	4.0
B00COOFB90	4.0
1492899291	3.0
0446363251	3.0
B005JT5DP4	3.0
045123801X	3.0
0804165742	3.0
0060548940	1.0
B00APEYAOI	2.0
078512358X	5.0
0425269515	3.0
048623231X	5.0
0515131229	5.0
0615630197	4.0
1599290278	5.0
B0078XGUZQ	5.0
1619211149	4.0
0785114610	5.0
0340899360	5.0
086571486X	3.0
B00D3VJIU6	4.0
0738700126	5.0
0761455779	5.0
0743427602	5.0
0306821990	1.0
0785133380	4.0
146995575X	5.0
0385484771	5.0
0743437403	5.0
014118776X	4.0
0141441038	5.0
034545281X	4.0
1579123228	5.0
B005UA0WOE	2.0
0064472590	4.0
0060513810	4.0
0984131833	4.0
1622538579	5.0
1493563653	3.0
0743226712	5.0
0988822210	3.0
B00F4BX3F4	5.0
1469984202	5.0
0061374199	5.0
0671008870	4.0
0375410775	4.0
B00BV0IM9E	3.0
0316358339	4.0
0517012391	5.0
1461084741	4.5
0142409332	4.0
0451231899	5.0
0671661892	5.0
0345451910	5.0
1484053699	5.0
161608460X	5.0
145164695X	5.0
0991054202	4.0
1620071797	3.0
0375724834	5.0
059530253X	5.0
0142004421	4.0
0425141551	5.0
0664239471	5.0
0671039180	4.0
0785111565	5.0
1400068185	4.0
1569714819	4.0
B005G7ZFXY	3.0
0425252299	5.0
1741856094	3.0
0425162486	5.0
0385349947	3.0
0061994138	5.0
0345330129	5.0
0143058266	3.0
0060250488	3.0
0064472531	3.0
0785121366	4.0
0385044518	4.5
0142413836	5.0
0756408792	5.0
1563895285	4.0
1552100758	5.0
0553262149	5.0
0547133049	4.0
B002T44I44	5.0
0857661159	5.0
0785111573	4.0
0761174427	5.0
1420124021	5.0
0765312131	4.0
1585420816	3.0
0061134244	5.0
0452280079	3.0
1582408300	5.0
1605980153	5.0
0446604534	3.0
1563898780	4.0
0143118242	3.0
1425731686	3.0
1593073011	4.0
1469298651	3.0
1484156110	5.0
0316358371	4.0
0385494106	4.0
1491065621	5.0
0930289528	5.0
0593067479	2.0
1622535014	5.0
159307784X	5.0
1845760824	5.0
0553287893	5.0
0061020699	4.0
0785132481	4.0
031256371X	4.0
1938623614	4.0
0486275485	5.0
0060548932	4.0
B004G5ZSJ8	4.0
0792283643	5.0
0140249990	4.0
067175145X	1.0
0441012620	4.0
0531071421	5.0
1884956025	5.0
B00EYMXM2I	4.0
0976057549	4.0
0385506198	3.0
0007442920	5.0
0787969222	5.0
0739304038	3.0
0486290735	5.0
0786949643	3.0
0785109242	5.0
B006U1N37U	3.0
0316003743	4.0
1579906109	5.0
0684845598	5.0
0307280721	5.0
0439671442	4.0
1416501622	4.0
0988742942	5.0
B00CIFUBGS	5.0
0739461176	4.0
0446576972	5.0
1620612585	3.0
0967652812	5.0
0425262170	5.0
0553213172	5.0
0553296345	5.0
0743480651	5.0
0061689246	5.0
0142408972	3.0
0393323587	4.0
0689869576	3.0
B00KUYH0PY	3.0
0698116240	5.0
0785107037	5.0
0684844257	3.0
0345333152	5.0
0380818612	5.0
078510920X	5.0
1568655290	5.0
0756670179	5.0
0446576980	4.0
B004QTOT8U	5.0
0416240402	5.0
0446520942	4.0
0670021814	5.0
B005SHX1CE	5.0
034540565X	4.0
0684834456	4.0
0553213180	5.0
143919193X	1.0
0451417054	4.0
1939786177	5.0
0316358398	5.0
1416591478	5.0
0385333064	4.0
B00CHC0GHQ	3.0
0446606332	5.0
0425251063	5.0
0394800400	5.0
0425198782	5.0
0441014739	4.0
0399147624	4.0
155455036X	4.0
0345405633	4.0
145550324X	5.0
B008G6DUY8	4.0
1461119847	3.0
1586482343	2.0
0393048446	4.0
0785107010	4.0
0785107495	4.0
1927792142	5.0
0785121781	4.0
0425199622	3.0
B00EPZUSYY	4.0
B003OEXO7U	4.0
015675780X	4.0
006056198X	4.0
0399144587	4.0
1595540059	4.0
1401227864	4.0
1401225683	2.0
0553101447	4.0
B008HS0B2O	3.0
1419951653	5.0
0756401615	4.0
B00K41YQ2I	3.0
1935597345	5.0
1494722631	3.0
1439133611	5.0
B00CGTWC0O	4.0
1470009749	4.0
0060111135	4.0
0062107496	1.0
149473592X	5.0
0987526154	4.0
0345339703	4.0
0142003018	3.0
0785109684	5.0
B00D0SW3QI	3.0
0689869568	5.0
0517570661	5.0
0312427808	5.0
0143057324	5.0
0785108319	5.0
039914501X	3.0
1494738147	5.0
0425202909	4.0
B00G8UKDQ2	4.0
1476741182	3.0
0812532597	4.0
0061093297	4.0
B00KPJ261W	3.0
B00CQAE3MI	5.0
0765309386	5.0
0785115099	4.0
1582408831	5.0
038553826X	5.0
0765368501	3.0
042513525X	4.0
0316341517	5.0
0671541749	3.0
0785107479	5.0
0987855905	4.0
0312329032	4.0
0446520985	4.0
1556524560	5.0
0375414282	3.0
0741444569	4.0
B006Q648F0	3.0
B00GZ9CSHS	2.0
1556524552	5.0
0671647180	4.0
B00EUSMLLE	5.0
B00GVGVVQY	5.0
0553275852	5.0
0425223833	4.0
0394800826	5.0
0425263452	5.0
0061015725	3.0
1560256451	3.0
B00IWIUM4G	5.0
1494871718	5.0
B00KICV1Z8	3.0
0671021354	5.0
0553269151	5.0
0345415000	2.0
006065581X	4.0
0345497732	5.0
031218221X	4.0
0151001634	5.0
0060890096	4.0
0060083816	4.0
0988624524	4.0
0394823958	5.0
031095052X	5.0
1451656351	3.0
0345278372	4.0
0689306024	4.0
0618190821	5.0
0060195584	4.0
1599290340	5.0
1585362190	5.0
0307932885	5.0
0821774107	1.0
0553213156	3.0
0452280818	4.0
0618254064	4.0
0345533429	4.0
1612786669	3.0
006101351X	4.0
1586483625	5.0
0425229599	5.0
0803262086	5.0
0785108793	5.0
0399150897	3.0
0671769561	4.5
078510741X	3.0
0785109609	4.0
0557175216	3.0
0515126772	3.0
0062210343	5.0
0679756655	5.0
0785120874	4.0
1401204384	5.0
143276702X	5.0
1466365951	4.0
0671014633	4.0
1605294942	5.0
B006K7TY2W	4.0
0394559487	3.0
1442488638	4.0
067088796X	3.0
0373797427	4.0
0985059176	5.0
0692208879	5.0
0743204123	4.0
0785106588	5.0
0099513021	5.0
B00I1VX9YO	5.0
1492769339	5.0
B00CP7M572	4.5
1482025272	4.0
0785109617	4.0
1401352197	2.0
B00A8C3W2I	4.0
0785116389	4.0
0061020702	4.0
0785117237	4.0
1417808268	4.0
000779021X	3.0
0896895947	5.0
0425191729	5.0
0062294857	3.0
076531648X	5.0
1880000881	5.0
0345443993	4.0
0983574219	4.0
1401218547	5.0
0316043788	2.0
0984499350	3.0
148205633X	5.0
0758281064	4.0
B00C8EUHQS	3.0
158510308X	5.0
0785107886	5.0
0439407001	4.0
1902881834	4.0
1840237279	5.0
B0035LDNV4	4.0
1442488662	4.0
0861661419	5.0
B00KCYK3VU	5.0
0140390316	5.0
0230341845	5.0
014218151X	5.0
0785117210	5.0
1612183980	4.0
0452283949	3.0
031218087X	4.0
0425157474	4.0
0448463059	5.0
0345508904	4.0
0062071858	4.0
0439095433	5.0
0771015003	5.0
0061147931	3.0
0794819931	5.0
0595329179	4.0
0743229428	5.0
1939564077	4.0
0809599783	4.0
0451238974	5.0
B00BDBZAEG	4.0
0312078889	4.0
0451156609	4.0
0441015662	5.0
B00CYSHORS	4.0
0393058646	3.0
0553096400	4.0
1482706725	5.0
0451155750	5.0
0345339304	4.0
B00BND1UTS	5.0
0062200577	2.0
0689869541	2.0
1105089231	3.0
0553493973	1.0
0007173687	5.0
1481909282	5.0
0756622468	5.0
0307266850	4.0
1401206123	5.0
B00CGAUVD8	2.0
0026009102	4.0
0786952334	3.0
1567183840	5.0
0671014676	5.0
0786818700	4.0
0689869533	3.0
0684862964	3.0
0062328220	5.0
B0073GWTR6	1.0
1492847259	4.0
1937007189	4.0
061577041X	4.0
078510786X	5.0
1569717516	4.0
0060899735	5.0
0664222226	3.0
1451671598	4.0
0812532988	4.0
0756404738	5.0
0785116346	4.0
B00JUEF96W	5.0
B009LAMMXS	4.0
0671027506	5.0
0263875148	4.0
1477411321	4.5
1442488603	5.0
0747598002	5.0
1401209637	3.0
0671024000	4.0
0451524357	5.0
0985059141	5.0
0471024600	4.0
0805090614	4.0
B00EO46KES	4.0
0142800376	5.0
1593071752	4.0
0786943408	4.0
0785115463	4.0
1591843634	4.0
039570068X	3.0
0816059268	4.0
B0070F2APG	3.0
0312577427	5.0
1939786118	4.0
0399153934	3.0
0446324191	3.0
0425023907	3.0
0547517645	3.0
0425176169	4.0
0307879321	4.0
0142800384	5.0
0738721530	5.0
0785117652	4.0
043935806X	5.0
0471230324	4.0
B0091ZR9SQ	4.0
0425254925	3.0
0743427122	5.0
0345466632	4.0
0143112120	3.0
0470430648	5.0
B00JY2FTAG	4.0
1595540407	5.0
1451639031	5.0
0375869034	5.0
1593070241	5.0
0759201412	4.0
0394736656	4.0
0141040343	5.0
0441019730	5.0
0312878826	5.0
0786808772	4.0
0425267067	4.0
1401231233	5.0
0345329457	5.0
0446532231	5.0
1556522983	5.0
B00I4IKQ8G	4.0
0385339151	5.0
0451233522	5.0
1592407269	4.0
0061146307	5.0
0785125000	4.0
0142409022	4.0
0671015206	3.0
0553110845	3.0
0822214318	5.0
B00K3517K4	5.0
0441010903	5.0
0609602519	5.0
B005QCYZZS	1.0
1479329452	5.0
086547608X	5.0
0739400460	4.0
0896214400	5.0
0553385615	3.0
0765359146	3.0
140120712X	4.0
0615703364	4.0
0765359154	4.0
0345328116	5.0
1469218208	5.0
0152045732	5.0
0385315171	5.0
0385660065	5.0
061588721X	3.0
1250001404	4.0
055356871X	4.0
0812982142	4.0
B00DYV8QIU	5.0
0615832989	5.0
1611099315	4.0
B007ZHCAKE	4.0
0062736981	5.0
0061146331	5.0
0345421329	4.0
B00DPYZZXA	4.0
0373207387	4.0
0595011020	4.0
0195182332	5.0
0764586556	5.0
0785126317	4.0
0140707050	5.0
1401206263	5.0
0380810247	5.0
0060957875	5.0
0345443586	3.0
1620907755	5.0
0671721097	4.0
0613099338	5.0
0446386898	5.0
1435115562	3.0
1593070233	5.0
0671026313	4.0
0764131729	5.0
0373484003	4.0
0738703125	5.0
0226772357	4.0
0778326497	4.0
0575132469	5.0
0143037234	5.0
0671026321	3.0
0345443578	3.0
0470116277	4.0
0785123296	4.0
0465021522	4.0
0312533608	4.0
0848807383	4.0
0375503323	2.0
193919394X	3.0
0345388232	2.0
0756406404	4.0
B00CO7GIDU	5.0
0805043845	5.0
0785114793	3.0
0743427505	4.0
047042981X	3.0
1463408625	4.0
0738715158	5.0
0898794161	5.0
1477849319	4.0
0743435125	5.0
1559702028	5.0
1419550039	3.0
0517198762	4.0
0425222195	3.0
0425269205	3.0
0375503315	4.0
0486223779	5.0
0618073167	5.0
1586481908	5.0
B0094P40JY	5.0
1497381274	5.0
1401204902	5.0
B00G8JY6AW	4.0
1494968525	4.0
0785111298	4.0
B00I8PMB10	4.0
1482914794	4.0
0451466934	5.0
0679410449	5.0
1481953214	5.0
0316024961	4.0
1582409110	5.0
051642274X	4.0
0802130410	5.0
0307454894	5.0
0099710013	5.0
0756407753	5.0
1401219136	5.0
0385333862	4.0
0765305798	4.0
0425246590	3.0
1401341705	5.0
1477849300	5.0
159307025X	5.0
0451188454	4.0
1495226956	5.0
0307950859	4.0
B007EAZRKC	4.0
0553385607	5.0
B00E9BLRUI	4.0
1555916538	4.0
088188507X	5.0
B00DXZH95S	4.0
0451188462	3.0
0312268831	3.0
B00H5Q9UQW	4.0
B00CO7GIFI	3.0
0451176464	4.0
1402237685	4.0
0312084447	5.0
0375502025	5.0
097957384X	4.0
0425256383	2.0
0756407745	5.0
0425183777	4.0
0671026356	5.0
0385418485	5.0
0451417909	5.0
0802852629	5.0
B00BBKEJGO	4.0
0141301058	5.0
0451822196	4.0
148399600X	3.0
148277612X	5.0
0983368414	4.0
0375810390	4.0
0393062244	5.0
B0055PTGS2	4.0
1610458206	5.0
B00EGFCTQI	4.0
0375400400	4.0
0743400461	5.0
0061231509	4.0
1579547923	4.0
1451671601	3.0
0486402932	5.0
0099464462	5.0
1593374070	5.0
006199779X	4.0
1611682657	5.0
0399901183	1.0
061547683X	4.0
1469960117	5.0
0099244721	3.0
0684868644	2.0
1402271514	5.0
051513287X	4.0
0307270890	5.0
0747524084	5.0
0451460758	2.0
B00A1UEBG8	5.0
1419961268	5.0
014230218X	5.0
B0090UOISQ	3.0
0786868430	5.0
0142401951	5.0
030788743X	1.0
0140306013	5.0
1932100431	5.0
0312860226	4.0
0312549105	2.0
0373126212	4.0
0062064649	3.0
0802134807	5.0
0743403517	4.0
0425183327	1.0
0615613373	3.0
0312261845	4.0
0486298523	4.0
1416547800	4.0
0316277126	5.0
1492321117	3.0
0618680004	4.0
0451225090	5.0
0743223586	5.0
055321280X	5.0
0060754753	4.0
0785108068	4.5
B00A27AIBM	5.0
1419697862	3.0
1423101456	5.0
B00CCS5IAU	5.0
0785122370	5.0
0778800229	4.0
0440109930	5.0
0441010520	5.0
147674355X	5.0
1579212964	4.0
0375424091	3.0
1482692392	4.0
B004I43T20	5.0
1499153244	4.0
0373258992	4.0
1580175988	2.0
1608197166	5.0
0099406136	4.0
0756609925	5.0
0486428699	4.0
0765323567	4.0
0975988409	5.0
0399152199	3.0
B002MHZ2A2	3.0
1400049539	3.0
078510271X	5.0
1933771178	4.0
149539090X	5.0
0843951702	1.0
0823415139	5.0
0316735655	3.0
0449225151	4.0
0224029495	3.0
0989671798	3.0
0679434488	5.0
0743412400	4.0
1593072074	5.0
0425253252	1.0
0152842861	5.0
0375700757	4.0
0618258000	5.0
0345374061	4.0
B00HTB4UC2	4.0
0434020362	4.0
0802143326	4.0
1401202322	5.0
0439139600	4.0
B009YMFTGU	3.0
1582617678	5.0
0785121498	5.0
0312342985	5.0
0373259824	5.0
0345427505	4.5
0785107169	5.0
1442362383	4.0
0345428838	5.0
1936305062	4.0
0821779745	4.0
0804176787	5.0
0425132935	5.0
B00KSV42RI	5.0
0988301318	4.0
0399152180	4.0
1494715570	5.0
0618507558	4.0
1439132674	5.0
1891830341	5.0
055323370X	5.0
1250001412	5.0
094267927X	4.0
0316010383	4.0
0142003220	3.0
0670888168	5.0
0330336320	4.0
0312386982	3.0
0983965552	4.0
0345413350	5.0
076241507X	2.0
044657449X	5.0
0441091989	4.0
0743400453	4.0
0316135089	5.0
0007172826	5.0
0142003697	4.0
0099450259	5.0
0060515902	5.0
0971880107	1.0
B0045OUIJA	5.0
0785111646	3.0
0425190919	3.0
1401223176	4.0
1590201884	4.0
0425217248	4.5
149236522X	4.0
1490904387	4.0
1580171508	5.0
0671541811	5.0
0451465261	5.0
0785118284	5.0
B00AI68N32	5.0
1594204284	4.0
0671684027	4.0
B00C0D2MAQ	4.0
0525953043	5.0
0671733893	5.0
1619310198	5.0
0307473996	5.0
0764226649	5.0
0785112502	5.0
0451237102	5.0
078624819X	4.0
1401223168	5.0
0345324552	3.0
1603184279	5.0
0312857586	4.0
0767904656	4.0
0811825558	5.0
1622538080	4.0
0345427564	4.0
0141011467	3.0
1563899671	4.0
B0033Y95BK	1.0
034542753X	4.5
0785107126	4.0
0785108459	5.0
0743400402	4.0
1565049640	4.0
0446177938	5.0
0192838679	5.0
0425244407	4.0
B00C6EHDFS	5.0
0440123763	3.0
1484872444	5.0
0749301317	4.0
0151008116	3.0
1477454543	4.0
1401204872	5.0
1494740176	3.0
0312286627	3.0
0062076108	3.5
0061583073	4.0
0671319884	4.0
0142004472	4.0
1439551073	3.0
0989894517	5.0
0553285785	5.0
1401205739	5.0
0486264785	5.0
B00E5JAIP4	3.0
0606238409	5.0
014305760X	5.0
0671673343	4.0
158017194X	5.0
1475249527	4.0
0425256863	5.0
0061441708	3.0
0964668408	3.0
0345416899	4.0
006057299X	5.0
0425263150	3.0
0062076116	4.0
006112978X	4.0
B00CSCCKZ6	5.0
1400049466	5.0
B00D6GDY1W	3.0
1482011131	5.0
1455121924	5.0
1401216862	5.0
1466349794	5.0
0373259328	4.0
1477562915	4.0
1938601122	5.0
0425252450	5.0
0307987647	5.0
B00I66RCRE	5.0
0919359086	5.0
0756408148	4.0
1492121169	5.0
0857661663	5.0
0307700887	3.0
0060121246	4.0
0743270363	5.0
B00CSB3G6E	4.0
0486202046	5.0
0143038923	5.0
0380771411	5.0
B00FJ6DW00	4.0
B008HNAAES	3.0
0451132343	5.0
0470894563	3.0
1846860423	5.0
0919359078	5.0
0785752366	4.0
155453092X	5.0
0785110763	3.0
0821412779	4.0
0345428447	5.0
B00JV6IMJA	4.0
B008847UNU	4.0
051513421X	5.0
0156029022	5.0
1478343982	2.0
014143998X	1.0
1479348988	4.0
0785121897	4.0
1401204473	4.0
0380385880	5.0
1479390046	3.0
1939786096	5.0
1481906984	3.0
0740771191	4.0
0956105114	4.0
078510755X	5.0
0689845073	4.0
0671019155	4.0
0140283331	4.0
B00EXPB81S	4.0
1401241824	3.0
0985086424	4.0
157322197X	5.0
B0094VD7JW	3.0
0141339195	5.0
0345378369	4.0
B00AIZ5HUU	5.0
B00DQDB0L6	5.0
1451661819	3.0
162253848X	5.0
0871355949	4.0
0743412826	4.0
0425242668	4.0
0316787671	5.0
193978607X	5.0
039480094X	4.0
014014773X	4.0
0470913029	5.0
0061059056	5.0
0142004030	5.0
0316066303	4.0
1612179339	5.0
0689845065	5.0
0745652778	3.0
0743578155	5.0
0152018956	5.0
0988695103	3.0
0345324536	4.0
0060572973	5.0
0439321093	4.0
0517880539	4.0
1490550100	5.0
0141188936	5.0
014044100X	4.0
0375407855	2.0
0060572965	5.0
0615775373	3.0
0439064864	4.666666666666667
B00GFEK3B6	4.0
1605298751	5.0
0553382195	4.0
1451620934	4.0
144237134X	1.0
0028643399	5.0
0441544606	4.0
080500548X	5.0
0988264269	5.0
1478305681	4.0
076792200X	2.0
140632132X	3.0
031286860X	5.0
B007ZVSNZG	4.0
1162891068	4.0
0439139597	5.0
1480102814	5.0
0684863731	5.0
0615710042	4.0
0399149775	4.0
0380820412	4.0
0060788194	4.0
055299703X	5.0
0641596081	4.0
0375434305	4.0
0142181439	4.0
1491269995	3.0
0307236056	5.0
0312265794	4.0
0399148450	4.0
0374143420	4.0
0312284055	3.0
0991190912	5.0
0060175400	4.0
0399147101	3.0
B00K5V449C	4.0
0143034901	5.0
0399146253	4.0
0751536822	5.0
0425152901	4.0
0812975928	4.0
B00C8V8KLA	4.0
1563890445	5.0
0195068742	4.0
0785108858	3.0
0394744330	5.0
0785116478	5.0
044111590X	4.0
0312367481	5.0
0385340990	5.0
1463692463	2.0
0778325555	4.0
0553269224	5.0
0142402494	5.0
0099451956	3.0
0375434313	4.0
1743341679	4.0
0340829370	5.0
0983706328	5.0
0803262574	4.0
0345523784	2.0
0345224892	5.0
0142001805	5.0
0529064634	5.0
0446581143	4.0
1484954556	5.0
1416552847	2.0
0553278193	5.0
0785110704	3.5
1492184373	5.0
0061340634	4.0
0553808109	3.0
B00CLZCRIU	4.0
0807531472	5.0
B000R93E3E	3.0
043970166X	4.0
0451233166	4.0
1582406936	5.0
1853262420	5.0
1492976423	5.0
1593072937	5.0
B00DPUYG5M	5.0
0439610214	5.0
0547608322	3.0
1421527553	5.0
0440111323	4.0
0020306652	5.0
1250035295	4.0
0374400113	5.0
0689869843	4.0
0785108831	4.0
0805010882	5.0
0192838652	4.0
0446548588	5.0
1583333711	4.0
0812532635	4.0
0375868941	4.0
1455546925	4.0
0385293305	5.0
0756622107	5.0
0060920084	3.0
B00AR7MKWM	4.0
0345522478	4.0
B00C7AK1F0	3.0
0140193669	5.0
0385514344	1.0
1401250351	3.0
0896894304	5.0
B007DXM6YU	5.0
B00FNH2MLA	5.0
0765312824	3.0
0142500402	5.0
B006O39IJG	5.0
0441006841	5.0
1571204598	4.0
0785107517	5.0
0375822313	5.0
0380007789	5.0
043920352X	4.75
1250006341	5.0
0385492510	5.0
B00ISWKM6E	4.0
B009OR4LDW	5.0
B00FICOGZK	4.0
1495416046	5.0
0201360802	3.0
0713679980	4.0
1939392756	5.0
0345522486	3.0
0553269216	5.0
0394759842	5.0
1402266928	4.0
1463762542	4.0
1580495931	5.0
0345394402	4.0
0615902987	3.0
0399149325	4.0
0767910052	5.0
037348397X	4.0
0671721046	5.0
0785108815	5.0
0385294611	4.0
B00890ZAD0	5.0
1605047961	4.0
1416915877	4.0
0590404334	5.0
1937041182	5.0
1476736332	5.0
1599987422	1.0
0684856158	4.0
159990070X	5.0
009917961X	5.0
0743566572	3.0
0451464397	5.0
0991841115	3.0
0671516884	3.0
B008FSSN9Y	4.0
0553258540	5.0
0345341929	5.0
1401309267	4.0
1401200923	4.0
0425205673	5.0
1477809732	5.0
0756405963	4.0
B00IAR44I4	4.0
0310262240	4.0
0393057240	5.0
0143034952	5.0
1491298030	2.0
0316017337	5.0
0373785542	5.0
0810959275	4.0
0312360819	5.0
1451641834	3.0
0446583774	5.0
0989465004	5.0
1455808067	4.0
1401322492	4.0
1425734073	2.0
1607621134	4.0
0373803001	5.0
B007OALZAI	4.0
0399153764	4.0
0515128678	5.0
0618509283	5.0
1482603217	3.0
0345217500	5.0
0684873028	5.0
1780671067	5.0
1480536466	3.0
1419969951	5.0
1625289995	5.0
1937593649	5.0
0060977108	5.0
0743418948	4.0
1623953219	4.0
074341893X	4.0
044900516X	4.0
0802852971	4.0
0316116858	4.0
0451415442	2.0
0759201536	4.0
0451151224	4.0
1477409289	3.0
0785125124	4.0
0486406571	5.0
0679438084	5.0
044013529X	3.0
055358846X	5.0
0385732554	5.0
1401222870	5.0
0615729614	4.0
156584565X	5.0
0739412329	4.0
B0033Y951K	5.0
1591862027	4.0
0345409353	3.0
1425923615	4.0
B00EDYFZVS	5.0
B00I7V9KVE	5.0
1492902713	4.0
0743418956	4.0
0805074422	4.0
0785125132	5.0
0449205851	4.0
0761461841	5.0
037550432X	3.0
061568596X	4.0
1494289105	5.0
0345423623	4.0
1416502378	4.0
0785113126	5.0
0142402524	5.0
0062228285	4.0
1596064854	4.0
B009RXC6R6	5.0
B004N62M26	3.0
1476783284	5.0
0553762982	4.0
1480219851	4.0
0441062210	4.0
1594863040	4.0
0345229940	3.0
1590789490	5.0
068986017X	3.0
1563891484	4.0
1401200605	3.0
B00K8APK8E	4.0
1885211635	4.0
B00BP5FWNY	5.0
0451464850	5.0
0671024256	5.0
0061020400	5.0
0785115315	4.0
0679735909	4.0
1489593896	4.0
030735122X	4.0
0307595951	5.0
1481047272	3.0
148956621X	4.0
0316732214	5.0
0345024850	4.0
B00JRG3TJM	5.0
0156029715	4.0
0743427440	4.0
0345409337	3.0
0785125116	4.0
0399152407	3.0
006097625X	5.0
1593070160	5.0
B00AP980WG	5.0
B00I44QW9M	4.0
B00COAT1SG	5.0
0345366727	3.0
0380713802	5.0
0500277591	5.0
B00E9JC97U	3.0
0988380838	2.0
0425181685	4.0
B00AE6OH4K	2.0
B005MGEO36	1.0
B00HGW0QZY	5.0
0064442055	4.0
0974575046	5.0
0385319460	3.0
1455599182	5.0
1491514175	3.0
0425201376	5.0
0425194523	4.0
1608190250	4.5
0785164537	4.0
B006X0UQH8	5.0
B00AIE5MII	4.0
148484453X	4.0
1933372923	4.0
0451227174	5.0
0740757237	5.0
0356500276	4.0
0989297926	4.0
030727828X	5.0
B00DFQDFY4	4.0
0449808696	5.0
0989104478	4.0
0312347480	5.0
0451222725	4.0
0785110089	5.0
0743400399	3.0
0814412998	5.0
162322053X	5.0
0425247546	2.0
039916443X	4.0
B0085WGUMM	3.0
0345350383	5.0
0060932228	3.0
0448453967	5.0
0375411445	4.0
1845763726	5.0
B00IOQF4AI	4.0
0060191872	4.0
0345503821	5.0
B00FB1F9CW	3.0
0743242173	3.0
0441005241	4.0
1612185592	4.0
0689807597	5.0
0441067956	4.0
B00DXU05C2	3.0
030728364X	4.857142857142857
0765326574	1.0
B00H9ICOPU	4.0
055328942X	3.0
0439110912	5.0
0007171684	5.0
0312347472	5.0
B009I3SO9E	5.0
1423625870	5.0
0500051127	5.0
0061703257	5.0
B00AG0C9OY	5.0
0142181285	5.0
0345294165	4.0
0099457156	4.0
1933633638	4.0
0345503813	3.0
0671720902	3.0
B0047DW4K0	5.0
0345404912	4.0
0151014248	4.0
1482662434	3.0
0684863650	5.0
0345423658	5.0
1481859242	5.0
0671027328	1.0
0312853238	4.333333333333333
0785112243	5.0
0345503805	4.0
1439191328	4.0
B007NUVFN6	3.0
149296722X	5.0
0142181293	5.0
1497465141	4.0
1250005965	4.0
0061662836	4.0
006074815X	5.0
0684839199	5.0
B00C6SI9UW	4.0
039915468X	5.0
0446546925	5.0
0312578008	3.0
0743427823	4.0
0061059064	5.0
031218106X	4.0
0312898959	5.0
B00I9GR1OA	5.0
146813437X	3.0
1449316271	4.0
1479240125	4.0
B00AJPN6H0	5.0
B00540L9II	3.0
0099556316	3.0
0801013062	5.0
0785121161	4.0
1439192642	4.0
0780648838	4.0
1579545874	4.0
0316196126	3.0
0944435572	5.0
0553127314	4.0
0071418717	5.0
0743400356	4.0
0385509480	5.0
0978696832	5.0
1481997114	4.0
0425246655	2.0
0060080930	4.0
0691027951	3.0
1401213537	4.0
0316359408	5.0
1477820124	5.0
0140264078	5.0
0380792664	3.0
1572330813	5.0
0060193611	2.0
B00BJ7LIBI	3.0
1439192634	3.0
0759254451	5.0
0595305873	4.0
088730866X	3.0
078511484X	4.0
1559362766	5.0
0785114858	4.0
0142411884	4.0
0671027379	4.0
0743400364	5.0
0060740221	3.0
B004C43HI2	5.0
0307279111	3.0
1493645889	3.0
0737305061	5.0
0970886977	4.0
0989104427	5.0
0857661361	5.0
0812977300	5.0
1596681748	5.0
B00HY2ZSYU	3.0
1480275107	3.0
006008667X	5.0
0061161640	4.0
0441847765	5.0
B00B9I1M5O	5.0
0425233367	5.0
1451648936	3.0
B00C9PED6G	5.0
0140280553	4.0
1605292176	4.0
0072818492	5.0
0688167853	4.0
0534408427	2.0
0743400372	4.0
0992076536	5.0
1563899809	5.0
1451657889	4.0
0741436205	4.0
1452655219	4.0
0785125515	4.0
0743400380	5.0
0743410173	4.0
0316359424	5.0
1613336063	4.0
0756405491	4.0
0989292290	5.0
0399132414	5.0
006220422X	5.0
0451458125	5.0
B00G19GW8S	4.0
B00CYJVXHO	5.0
0671017152	3.0
0792254902	4.0
0989104400	5.0
B00E1M6LCE	4.0
1573451150	4.0
0609804618	5.0
1463410417	5.0
B00ABWN11C	3.0
B00A3UHC58	5.0
0425231119	5.0
1569710686	4.0
0785108165	4.0
0345427653	3.0
0986023833	3.0
075661547X	5.0
0671812521	4.0
0375502505	4.0
0785109498	4.0
0385729332	5.0
B006UK6GCU	4.0
0345427637	1.0
0312363508	5.0
0385522894	3.0
1575001438	4.0
0785112669	4.0
1740899830	3.0
0312578059	4.0
0316013315	4.0
0143038419	5.0
068985918X	5.0
0439087589	5.0
078512330X	5.0
0785101985	5.0
0340839937	4.0
1421401908	4.0
1482358727	5.0
0060392991	4.0
0785271007	5.0
0385501528	5.0
0439521300	4.0
1599290049	5.0
0061013706	4.0
0312243022	5.0
0809071703	5.0
0804715890	4.0
0316359440	5.0
0375826688	5.0
044653143X	5.0
1439198365	3.0
0671017136	5.0
1463549997	3.0
1469960044	5.0
0767915062	4.0
0306815036	4.0
0143039717	4.0
B00HY4NM4G	2.0
0786026243	4.0
1401224687	4.0
0385729359	4.0
0553588451	4.0
1609288084	5.0
0684873052	4.0
140121486X	4.0
1595540393	5.0
0785119272	5.0
0380012774	5.0
1936413442	5.0
0441020011	5.0
0394835638	5.0
B000O82BZK	5.0
0785117091	4.0
0316357278	4.0
0312363516	5.0
157921858X	4.0
0060194995	5.0
0671017144	4.0
0785114823	4.0
0684824906	5.0
0425195465	3.0
1416911820	4.0
0143144723	5.0
034553199X	3.5
0310435641	5.0
140004832X	4.0
0440128994	4.0
067174142X	5.0
1623781426	5.0
1483916693	3.0
0756400600	3.0
077832818X	4.0
0152004963	5.0
0312872380	4.0
0785119280	4.0
0060899190	4.0
B00G1O9CJ4	4.0
0553078755	5.0
0385729367	4.0
1608198103	4.0
B005QEA87A	4.0
0689867166	4.0
0809237628	5.0
1477805028	2.0
039914787X	4.0
0451206703	4.0
0140440046	5.0
B00AJNIM26	4.0
1893762130	5.0
B00CCRTFSC	4.0
0061040967	5.0
B00GG46JFE	3.0
078511839X	4.0
0373605412	4.0
1582406456	4.0
0446389234	5.0
1569710767	4.0
006082221X	4.0
0486218309	5.0
1619212773	4.0
0451528921	5.0
0743411870	4.0
0345334248	5.0
0316358142	5.0
0060809248	4.0
0785123741	4.0
1439198349	3.0
0385738773	5.0
1452101108	5.0
B00AXT0PWQ	5.0
0345324439	4.0
B004YQCC3E	4.0
0061986399	4.0
0061450545	5.0
B004HD5WXG	1.0
0891411593	5.0
0061451878	3.0
0061092177	4.0
1420103733	4.0
0785958304	4.0
045124060X	3.0
B00AZZQTHS	3.0
0743411889	5.0
0521882745	4.0
0307379205	3.0
B00JEIIRQ8	5.0
0307913090	5.0
0553274325	4.0
B00KAFX90I	4.0
B00ED3FAO6	4.0
0061450553	4.0
0345449010	5.0
031232703X	4.0
B00CRLK3NO	3.0
0553502697	4.0
1477684751	5.0
0756407133	4.0
0142003239	4.0
B00CTRLBUA	1.0
0399143041	4.0
B009LVWN40	4.0
0425255662	4.0
0809557797	5.0
1439198322	5.0
0671319779	4.0
0345533631	5.0
0684810271	3.0
0525421602	3.0
1480134910	4.0
0451240642	5.0
0393039765	5.0
0425217345	2.0
1401204511	5.0
0312599803	5.0
0739374532	4.0
098321252X	4.0
0879100230	5.0
0545044251	1.0
149226038X	5.0
0441011470	4.0
0451229851	5.0
B00B9MABG6	4.0
0062314254	5.0
1612351204	5.0
0785118381	3.0
006221019X	5.0
1940492009	1.0
0425240169	4.0
0316358169	5.0
000765202X	5.0
0843954752	4.0
0553294385	5.0
0671019228	4.0
067101921X	3.0
8817125539	4.0
0312022662	5.0
0345533623	5.0
B00D53OFPA	5.0
B004TDN7UE	3.0
0140171991	5.0
0425104338	4.0
006147357X	5.0
0785113932	4.0
0399148701	4.0
0738703923	4.0
014241722X	3.0
0060558121	4.25
1451638752	5.0
0141321598	4.0
B00942WWVU	3.0
B00B9ZUQF4	4.0
0375406441	4.0
0312088043	5.0
1885593104	5.0
0060575913	5.0
0451216954	5.0
1470027399	4.0
0887307884	3.0
1449561454	5.0
0812508645	4.0
074352005X	3.0
0517189208	5.0
0375503943	5.0
0345461142	3.0
1481978063	5.0
0399146113	4.5
0785109889	5.0
0988223635	4.0
0785110879	5.0
0736914064	5.0
1499257171	5.0
078512151X	4.0
B008ETBJ5E	5.0
1484815556	4.0
0375423729	5.0
0441014992	4.0
0345475720	4.0
034553364X	5.0
0553572997	5.0
1476755590	5.0
1939203287	4.0
0312262515	3.0
155652479X	5.0
143327227X	4.0
038532653X	5.0
B00BUR5O3U	3.0
0425265889	5.0
0765314967	5.0
0800714083	5.0
0553208845	5.0
098440614X	4.0
0785109897	5.0
0064404188	4.0
1419950509	3.0
0451239601	4.0
B00CHVPOHO	4.0
1401204589	5.0
1618859420	4.0
0736914056	5.0
1581820089	3.0
0671541501	5.0
0761462333	4.0
B005C5YZ86	3.0
0983212546	4.0
0007124015	3.5
0385337221	4.0
B009D6JCXS	5.0
B007D788ZW	4.0
0140060286	5.0
B00CGFJ16Q	5.0
0060537639	4.0
0684847957	5.0
0786838922	4.0
0446530999	4.0
1619212714	4.0
1402266898	5.0
125005236X	4.0
0743419340	4.0
148231780X	5.0
B00CHDGWBE	5.0
0064440206	5.0
0553808036	4.0
0385323069	5.0
1480200425	5.0
1741791820	5.0
0743411854	5.0
0751547875	5.0
193908704X	3.0
142010375X	3.0
1250014468	5.0
0989598403	5.0
1481043285	5.0
1495459225	3.0
1476776016	4.0
0805092609	3.0
B00AR5GN1S	5.0
B006XRM3PY	5.0
1609280075	4.0
0399147896	4.0
0140042407	4.0
0451235266	5.0
B00G5H73V6	4.0
B00BW73VVU	3.0
0151957479	5.0
B00EDT58ZG	3.0
0934026610	5.0
B00CLX3CRC	4.0
1490410023	1.0
0810124963	4.0
1937051927	4.0
1602350027	5.0
0425240134	5.0
076455171X	5.0
0743411862	5.0
1496146352	4.0
B00DAHSKXE	3.0
8589992012	5.0
078510898X	5.0
0345479726	4.0
0785118799	4.0
B00AQQDVTU	4.0
0002242052	4.5
0821410261	3.0
0425251683	5.0
B0042P5I9W	5.0
0312376049	5.0
0312249195	5.0
0446675520	5.0
074326357X	4.0
0743486595	4.0
0446523372	3.5
0425240541	5.0
031284879X	4.0
0061957895	4.0
B00H9KEAKA	5.0
1563891425	4.0
074342736X	4.0
1582974861	5.0
0425124347	5.0
1599214806	5.0
015603297X	3.0
0778327604	3.0
1582402000	5.0
0307352145	5.0
0446603929	3.0
0374375259	5.0
1569714290	4.0
1575001918	4.0
B00DZPRMM6	4.0
B00FNCIX3Q	3.0
B00AXDNVHS	5.0
1477559647	4.0
0689820011	5.0
0786861347	3.0
0099297701	3.0
0765317583	2.0
1611099153	4.0
0316988901	4.0
1451651775	1.0
1860647626	5.0
0962054313	5.0
0007444117	4.0
0817014578	4.0
0385519729	4.0
0060520841	4.0
148122221X	3.0
0441014100	4.0
0373294662	5.0
0142001929	4.0
1490327525	5.0
1611183774	4.0
0425201392	4.0
0393327760	4.0
1439148015	3.0
B001VLXML6	3.0
148950267X	5.0
1440069581	5.0
1426210191	4.0
B00F5N0F0C	5.0
055352626X	4.0
1416507558	4.0
0688012973	5.0
0451161343	4.0
B00DRFQRIO	4.0
1939087023	3.0
1463751761	3.0
0974575011	5.0
0425251217	5.0
0805447342	3.0
0505526867	4.0
0761121323	4.0
B004G095S8	3.0
0395486688	4.0
B00C3OR32O	4.0
1483989135	5.0
1401217435	3.0
0156881802	5.0
0785121927	5.0
B006M1K4HU	2.0
0553109537	4.0
0451161351	4.0
B009RX11VI	4.0
1582406804	5.0
0689857314	5.0
B007LQHSP6	1.0
B00B7N6VXE	4.0
098379782X	1.0
0738732451	5.0
0679430687	4.0
0979203317	5.0
1490490973	5.0
1939416019	2.0
0060977493	5.0
1401201911	3.0
1581820488	3.0
1401209882	5.0
1590072871	4.0
0441016766	4.0
0062024027	4.0
0785118764	5.0
0345417054	3.0
B00BXOAT4Y	5.0
B00811WUNA	3.0
0743427343	5.0
0312367546	4.0
B009B4I5EY	3.0
1493510142	5.0
0425188361	4.0
0684826631	5.0
1941098010	4.0
1470130270	4.0
B009KEXBC6	5.0
0312191367	4.0
0743227077	4.0
1451637470	4.0
0380821214	4.0
0345455738	5.0
B00A54RF2C	4.0
156865765X	5.0
0785107606	4.0
0345379187	4.0
0060573775	4.0
0553213784	4.0
0785112197	5.0
0451199502	5.0
0307969088	3.0
1455820067	4.75
161931021X	5.0
0983797854	1.0
0451225856	5.0
1401222811	5.0
0451524128	5.0
0785107614	4.0
0811214044	5.0
0425207978	3.0
0425215113	1.0
0515140872	2.0
B0099GXQYS	3.0
1441804579	5.0
0989828107	5.0
0451222350	5.0
0940920077	5.0
0689866259	4.0
156025355X	1.0
