146109447X	4.0
1493599917	3.0
0316176486	2.0
0316204366	2.0
098379152X	1.0
1460923057	2.0
162467111X	3.0
073946552X	1.0
0007419457	5.0
1933929065	1.0
0062323539	4.0
B00GPOXDKE	3.0
1494400626	4.0
0812980093	4.0
0738735523	1.0
0765305526	3.0
147931014X	2.5
098303124X	5.0
1493500937	4.0
1466219009	1.0
148397555X	2.0
0965352439	4.0
1611090091	3.0
1932859322	3.0
1935961764	3.0
1477807330	3.0
0446573353	4.0
1492814997	5.0
1477628029	2.0
0316603287	1.0
1886913080	4.0
B00FJ3CMNG	5.0
0812982142	2.0
1480080659	3.0
0553090135	3.0
1493652451	3.0
B00BP5DNTE	2.0
0789748517	3.0
0446525804	3.0
037543318X	5.0
0307268934	2.0
B003VYCCSK	5.0
B006Q68W7U	1.0
0312257066	2.0
1461119847	3.0
0312924828	1.0
1580060218	2.0
0451416635	5.0
1477530193	2.0
0807101508	5.0
0764203649	2.0
0983943222	3.0
B0084B1P2Y	5.0
0316044695	2.0
0345506200	3.0
0061725404	5.0
1481875515	5.0
0440235448	3.0
0307742857	4.458868894601543
B004UK15TQ	2.0
0764202677	3.0
142501609X	4.0
0956965601	4.655142716535433
0061257095	5.0
1607013924	4.0
1492994871	3.0
0684807319	5.0
0312537409	4.0
1440308314	5.0
1400067677	2.0
0843957352	3.0
0399167293	4.0
0140181849	1.0
1402784538	3.0
0156196255	5.0
B007Y6S7S0	1.0
B00GLXVQLC	2.0
061572521X	3.0
1439259623	2.0
1490536388	4.818506642235455
0800730445	1.0
B006IH6LHA	3.0
B006GXOS9O	1.0
0615673538	4.0
0071772294	4.0
0751549118	4.0
0156031566	1.0
B00ACPGTFI	1.0
1938529006	5.0
0983945209	1.0
0312546343	3.0
0983952418	3.0
1596915757	2.0
0670026468	3.0
0061147710	4.0
0307932540	3.0
0141439750	1.0
0802406289	2.0
1426702264	1.0
0307405125	1.0
0230769152	3.0
0848818725	4.0
0739456741	5.0
1616381493	4.0
0312601433	5.0
0985442212	3.0
0553593064	1.0
1479399531	3.682714707252679
0743243021	1.0
0988439018	3.0
B009FK9VD8	3.0
055277572X	5.0
098282050X	5.0
B00D94KZ8Q	5.0
B00CIH2XLW	5.0
0132180235	1.0
0316055433	4.0
0760332398	4.0
1416585834	3.0
146818203X	1.0
0812979486	3.0
0140050035	4.0
095724990X	3.5471236230110157
0425128164	3.0
1444727710	1.0
1607060760	5.0
0671027344	4.0
1468110152	2.0
1453899227	4.0
0060798718	5.0
0980013135	5.0
0312567243	2.0
B00A1SONJK	3.0
B00JHLY7A2	4.0
0985428732	4.0
1492140139	3.0
074324088X	5.0
1461017092	2.0
1451677839	3.0
1607013444	5.0
1470105284	3.0
1897475632	3.0
B005IG6488	3.0
1466462884	5.0
B00HUBE1MA	3.0
1599869772	3.0
0615750893	4.0
1477663096	5.0
0615448127	2.0
0975300202	4.0
1495314685	2.0
030797071X	5.0
B0041T4FA2	3.0
B006NPP9XY	3.0
0982175671	2.0
0615521061	5.0
0988846985	4.0
B006KH5OGW	1.0
1479190217	4.707532510018811
1452100535	2.0
0140444599	3.0
0306812231	5.0
0544217624	2.0
0525948791	4.0
1477588779	3.0
0985066385	3.0
0470043512	5.0
0195289552	4.0
B009CCBCU4	4.0
146625453X	5.0
1477849807	2.0
1935597760	4.504261363636364
146994572X	5.0
0380015390	3.0
0312692161	3.0
0521584361	3.0
0141180358	4.0
1442346272	4.512516469038208
1402284284	5.0
0140281630	5.0
006009026X	5.0
0689846088	4.0
042520846X	4.0
1597803324	5.0
0615790542	3.0
B004E3X9FW	5.0
B00F1V5VR0	5.0
1616952067	4.0
0316206849	2.0
0312427743	4.0
B007VQORS2	1.0
0615492622	3.0
0312375891	4.0
0345505751	2.0
1492910759	5.0
1414336365	3.0
B008PYLULG	3.0
1477807756	4.0
1477692304	4.0
B002AJ7X2C	2.0
B00HI0DRUU	2.0
0979382211	3.0
1608090299	4.0
014312448X	2.0
0802142532	4.0
1463704852	3.0
B0078FXAWA	5.0
0985548223	4.0
B00H146VT2	5.0
075921476X	4.0
B007B5IDSI	2.0
061834697X	4.0
1480087424	1.0
0451218736	2.0
0375700188	5.0
1475136250	1.0
0316175668	4.0
B005A57TOA	5.0
1611940044	1.0
061553483X	4.0
0804139024	5.0
098732070X	1.0
0688129587	2.0
1484873319	3.9176090468497575
1463605005	3.0
1469997428	1.0
1475061323	4.0
0486414051	3.0
1592286542	4.786244204018548
0679735917	4.0
006218850X	3.0
009949308X	5.0
B00K1P7A84	5.0
061558361X	3.0
0718178122	4.0
B008PBYTM6	5.0
0425149145	5.0
B009YAVVAU	3.0
1482562847	3.0
1477818529	4.0
0345807154	5.0
1481072544	3.0
0987320726	3.0
B008BLV7YS	2.0
1490329951	3.0
0385264763	5.0
1402200455	3.0
0802118143	5.0
1449590845	4.0
0826416357	3.0
0857520792	4.0
1497463688	3.0
091721403X	2.0
0976062100	3.0
B00D0AMWI0	1.0
1452840903	3.0
1480177407	3.0
1467943401	4.0
1480292206	4.0
0399155686	3.0
0385340796	5.0
B0085OTHIE	2.0
B00GPI34IG	2.0
0143145010	2.0
1406814938	3.0
0373442556	3.0
0312964293	2.0
0615732615	5.0
146993924X	4.0
0988877953	5.0
009951169X	2.0
1933515171	4.0
B00CLXC296	3.0
0380724723	4.0
0486290727	4.0
0766160319	2.0
0198711905	4.787976382179282
1449401503	3.0
0307277941	2.0
1481258672	2.0
0140096507	3.0
B004TPZU8O	5.0
048629868X	3.0
B00BKQDUUA	2.0
0764956949	5.0
1481821733	1.0
0802826873	4.0
B00KX2FJOW	5.0
B004QTOHX2	5.0
9748303683	3.0
B001JYTR32	3.9612403100775193
B00A66VPO8	2.0
