1455503959	3.0
147784919X	5.0
0425180433	5.0
B006PPHPWK	5.0
0987856863	4.0
1490904387	4.999999999999999
B00IR97M98	4.0
B00C1U19S4	5.0
0991680456	5.0
0545128285	1.0
B008JLF26O	4.0
0982770502	4.0
1492175390	4.0
B00AZ7X3XO	1.0
1595143203	5.0
1611097843	5.0
143917752X	4.0
0615877427	5.0
0765325950	5.0
0615961142	5.0
146353356X	1.0
B00EEHKASC	5.0
1469218208	5.0
1612184340	5.0
0316404152	4.0
0684803291	5.0
B00GLO4TAG	3.0
B00E9YL3HM	4.0
0595259359	5.0
0525953973	5.0
0385335482	5.0
0451134699	5.0
1451628811	4.999999999999999
054774496X	5.0
B00I9HA09W	4.0
0385351372	5.0
0007430590	5.0
B0040JI19Y	1.0
B00CR8KVKC	5.0
B00413PTNU	5.0
0972831002	4.999999999999999
0988198002	3.0
B00CLV6F9Q	5.0
B00HRF4V1A	5.0
1482392550	4.999999999999999
0061950726	5.0
1940095123	4.0
0986842222	3.0
B00INBTTZ0	4.999999999999999
0988348233	3.4087171052631575
1463610068	4.0
1475116535	4.999999999999999
0989517934	5.0
1494723603	5.0
0671026682	5.0
1496055640	5.0
0988410826	5.0
1484971965	5.0
1466231386	1.0
1843102064	4.999999999999999
B00DUQ1BY0	4.0
B00KM9RXPY	5.0
B00HHGBAMC	4.0
1468079158	4.0
1455121924	3.0000000000000004
1478150742	5.0
1441400877	4.0
B006H7Z3R0	5.0
0553383086	1.0
B006BANHEY	5.0
1470153777	4.999999999999999
174334273X	5.0
0958489092	4.999999999999999
B005TD2P4M	4.0
B00D5765T0	5.0
B00DCCRFGU	4.51525144270404
0989297918	5.0
B00IDPG1SO	5.0
1469237164	4.999999999999999
1480121142	5.0
B00ANZT31O	4.0
0312552211	4.999999999999999
1477809783	5.0
B00H4E568Q	4.0
B00I7VVZAI	5.0
B00BG1VQJQ	3.0
1401688357	5.0
1481158643	5.0
1609089464	4.0
0312546343	5.0
1476730954	3.0000000000000004
0989297926	4.627075936318863
1936661632	5.0
1493698486	5.0
0991677196	5.0
0615548962	5.0
0615885926	5.0
0991888146	4.5
1612184944	4.0
0989517918	3.2509554140127395
B00DUKC1ZO	5.0
0312552203	4.999999999999999
0393072231	5.0
B00A3Q5K3I	5.0
B009S17UG4	5.0
0060521600	3.0
0872236544	4.0
0571211704	2.0
B00AZ7YSFQ	5.0
1569757267	5.0
030758836X	1.0
1484935446	5.0
1492294950	5.0
1480563900	5.0
0765326574	5.0
1492874248	4.0
075828750X	2.0
1482634457	5.0
147752603X	5.0
1494904489	4.0
1608090388	5.0
0553808036	5.0
1257834088	1.0
1484016327	4.48314606741573
B00C44YV3C	5.0
1478348666	2.0
1449326641	3.0
0151327734	5.0
1618682369	4.999999999999999
B00LV8M74W	5.0
1612183026	4.0
038533916X	5.0
1490489495	5.0
1478208570	2.0
098924475X	3.650983618819657
1491087463	4.5155875299760195
B004X29R8M	5.0
0765326582	5.0
1499732376	5.000000000000001
B00778TMGG	5.0
0984954805	5.0
1480121134	5.0
0984550518	5.0
B00A74G77O	3.0
B00J60VZJU	5.0
0984805354	4.999999999999999
0307744434	4.0
0987818066	3.0000000000000004
0312853238	3.0000000000000004
1493560336	5.0
0988348209	4.234572784810127
098957007X	5.0
B006G2ZL5K	4.0
1551668033	5.0
1484009355	5.0
145210803X	5.0
B00D45A83M	3.5106382978723403
0142181293	5.0
1493561308	4.0
0989571505	5.0
0393062244	4.0
0985241306	4.0
B005FG163Y	5.0
0955809215	4.0
1469960109	5.0
147756117X	5.0
0671742760	5.0
1477817409	4.0
1461093791	5.0
0802734189	5.0
B008OM2BHQ	4.502613240418118
B009HPE1N6	5.0
0785126619	4.0
B006EHM3UI	5.0
0312853254	4.0
1481033247	2.0
0553299212	4.0
B00DDZRJBC	4.0
0615808387	5.000000000000001
B009XGD2DY	5.0
0399160450	5.0
B00AP1OS8E	3.0
1480251836	4.0
1494893371	5.0
0988504707	4.0
1469226456	1.0
1478387645	5.0
0312600151	5.0
1477808825	4.0
B009QNKTDU	5.0
1612185835	3.0
1461132576	4.999999999999999
0615945163	4.703306264501161
0451200799	5.0
0060889578	5.0
1477849807	1.9694971145919211
0399161775	5.0
1463547218	5.0
1477401296	4.0
B00ISASG0A	5.0
1484883829	4.999999999999999
1463898207	2.0
B00H4FBBB6	3.0
0385335881	5.0
B004OA649S	4.999999999999999
B00B9TTID6	5.0
1477849580	3.0
B00C8V8KLA	3.5
B00AR2CGLC	4.0
B008GWTI6Q	5.0
0786024941	5.0
B00EKH4FP0	2.0
0312890532	5.0
0399155643	5.0
B00DGT48IC	5.0
0689838581	4.0
0765317583	4.0
1491054492	5.0
1455578533	4.999999999999999
1479244716	5.0
0071485880	5.0
1250005140	4.0
1479395226	5.0
014312546X	5.0
1462112102	3.0
0375434313	5.0
1940026067	5.0
1442475110	2.0
1480170402	5.0
B00IY5RTLQ	2.0
B004LGS7EU	5.0
1841957976	5.0
147825422X	5.000000000000001
1480096644	3.275152082358446
0615721516	5.0
0307346609	5.0
1608446468	3.0000000000000004
0345497945	5.0
1469984202	3.88094071533562
0451465547	1.0
0988433648	5.0
1495241688	5.0
0345502914	3.0
B00GBJD4QQ	4.0
1467982733	5.0
0451146492	5.0
0615481965	2.0
B00DXPNWH2	4.999999999999999
0988178001	4.0
B00GW5WIYI	5.0
0439023513	4.0
B002RKSZJO	4.999999999999999
1494344548	5.0
0446564311	1.0
1442359919	4.0
B00D72WW8Q	5.0
0451201191	3.0
0991680499	5.0
1494814102	4.0
0062270044	5.0
1493733680	5.0
0985025808	3.0
0316210684	2.0
B00FQU4XWU	4.999999999999999
0061041696	4.0
1499118910	5.0
B009XGIHES	5.0
B00FSOJ2ZW	3.0
1480572365	4.0
0812969707	1.0
B00BB1WC12	4.523114355231144
1618680129	5.0
B004L62E6W	5.0
149436641X	4.999999999999999
0989244709	5.0
1470113643	4.0
B00G2DZEO6	1.0
0615511600	4.0
061572096X	5.0
0615458122	3.0000000000000004
0880387300	2.0
1608090078	5.0
B00H5I3QXI	5.0
1250030056	5.0
0517580519	1.4774247491638797
0141337168	5.0
0345534212	4.0
1482735245	4.999999999999999
160809006X	3.0
B00BXXTM9S	5.0
B007WE3AFO	5.0
1463664079	5.0
0988348268	3.47484756097561
0975567128	4.0
098834825X	3.4087171052631575
0345504992	3.0000000000000004
B00AHJTZO6	3.0000000000000004
0061348171	5.0
1469960044	3.955971049457177
1416565159	5.0
1940026032	4.683916990920882
B00HVKCMQC	4.507333908541846
0765324318	5.0
B00J6DKWSM	5.0
0982611900	4.0
B00JQWOJKK	5.0
0061122297	4.0
0375831002	5.0
B0041G68X2	4.0
0345331354	5.0
B00AEC6LN4	5.0
0615851673	5.0
1494969114	4.165965123271197
1484928547	4.0
0307879321	4.999999999999999
B005PA0ZEG	4.523114355231144
1477808647	4.0
1463534922	3.0000000000000004
B008IJ5JF6	4.999999999999999
1439257132	4.0
B00EBZHH2E	3.0
B00HL1UIOY	2.0
0843949783	4.0
1451655789	3.0
1933718757	5.0
1478214066	4.0
1940026016	4.326356832339892
1497435897	5.0
0899668747	5.0
1609074602	5.0
1480039071	5.0
B00F4BJB00	5.0
1491296526	4.0
1475031904	4.0
