0778314006	5.0
0578124114	4.5
0312532768	2.0
1455548987	5.0
0989740617	5.0
B009XFD60E	4.0
B00I4ABC3W	4.0
1477847103	4.0
0425267067	4.5
B00HY3MG26	5.0
0743289331	4.0
B00FYVZFIC	4.0
1419953249	5.0
0374532281	5.0
B00I5A3KZE	5.0
0062267744	5.0
037377057X	2.0
B00JCYUS4I	4.0
1495211037	4.0
1484924886	5.0
B008IL47LG	5.0
B005JSJUFE	4.0
0578125439	4.0
0385333617	4.0
B0076H3CBY	3.0
B00J1QSLO6	5.0
B0055LH2RI	4.0
1483918777	4.0
1444775871	2.0
B00H49G0NG	5.0
1497305756	4.0
0956966918	5.0
B00FVIXS5K	5.0
1941098053	5.0
B00FH1IEC8	4.0
B00JQUBU9K	2.0
1451642466	5.0
0312609337	5.0
B00I6ZXOHM	4.0
1480021598	4.0
1624300081	4.0
B00AI12WP2	4.0
B00J3ZVX6S	4.0
1439123128	5.0
B00F007WI8	3.0
0316197963	2.0
148390329X	4.0
1466397373	4.0
0988489198	5.0
0385736800	2.0
1455526975	3.0
B00CIZZOXS	5.0
B00G9GWN9K	3.0
0062267728	4.0
B009RYL220	4.0
B00I1VXA3O	5.0
1461052149	2.0
B00KECDYMU	5.0
0446571628	5.0
1469289652	5.0
044657161X	5.0
B00IDWEP1W	5.0
1479351180	4.0
B00KGOE8VC	5.0
1477473971	5.0
0425256189	5.0
006203300X	4.0
B00HCSCPO2	5.0
B0096VSP60	4.333333333333333
149600938X	5.0
0425267083	4.0
0956966934	5.0
1484920066	5.0
B00JAXSEFQ	5.0
1495489345	4.0
B003SX158W	4.0
149934306X	5.0
0425260682	3.0
B00GRIKMXO	5.0
1416576754	5.0
B00KFUJX58	5.0
B00BISIFKA	4.0
B00KK1GLWA	4.0
1476730601	3.5
0307341569	5.0
1492979368	5.0
B0032UPUOQ	3.5
1481401246	5.0
1936596180	4.0
B00FYZYEXK	3.0
B00J44T4YQ	4.0
1475187963	2.0
B004RQD3J8	4.0
0425263908	4.25
0615746047	4.0
1499108826	5.0
1455578363	4.0
0263899403	4.333333333333333
1559702028	5.0
1476763526	5.0
1497394333	5.0
1494953048	5.0
0615821421	5.0
1499584288	4.0
1477694919	5.0
B00BMAMT4M	5.0
1499142978	4.5
0615822991	3.0
1493632639	5.0
1402284853	3.6666666666666665
B00B8S5F2G	3.0
B0092UD3GM	3.0
0985009845	4.0
1938750934	4.0
0788749730	5.0
0615922376	5.0
1476718970	5.0
1941098096	5.0
1493768824	5.0
0062299301	4.0
B00JJZTMGA	4.0
1609280881	5.0
B00BSXWWNG	4.0
061579615X	3.0
B00D048R6W	5.0
B008GE7CN0	2.0
0425263924	4.0
1492737895	5.0
1477817506	5.0
0061230839	5.0
1481060139	5.0
B00GWOXKPA	4.0
1482520087	5.0
147003655X	4.0
1455599042	4.0
B00J3BRW6C	4.0
B005FAT8XK	2.0
B006Z1GKXO	4.0
1480147508	2.5
B00950GBPE	5.0
0425267040	4.5
0307378861	4.0
1493763121	4.5
1466216131	4.0
0989740633	5.0
B00DGYKGQ0	5.0
1480125717	5.0
149298079X	1.0
B00BD49WME	4.0
0425263916	4.6
0988264250	5.0
147672721X	4.0
B00EK8JZZO	4.0
0345515579	5.0
0989281000	5.0
0061245089	5.0
1455578347	4.8
1484090306	5.0
0989661911	5.0
1484906373	5.0
0345518853	4.0
0615867855	3.0
0988489171	5.0
0345515587	5.0
148262625X	4.0
B00KN9UUSA	3.0
B00F8LDB2U	2.0
1624210082	5.0
1494724693	5.0
1499190433	5.0
1602829497	4.0
1492824844	3.0
1595143173	2.0
0615796982	4.0
1477692770	3.0
B00K719UHG	5.0
1467964409	5.0
B00ILWA6WG	4.0
1623420067	5.0
B00HH1JVCI	5.0
B00DBF3EJK	4.0
B00JRQH5WE	3.0
0345515595	5.0
B007575YNO	5.0
1631420038	4.0
B00JXK8AGY	4.0
1495490394	5.0
B009RDMZ86	4.0
B0088MF82M	4.0
B00GM3QBNE	5.0
1612131417	5.0
B0098796PQ	3.0
B00HCIP9FO	4.0
B00L6HNQMA	4.0
0991249054	5.0
146109111X	5.0
1495269655	5.0
B00DRN5X72	5.0
B009B11BKW	5.0
B00H14799I	5.0
1455574880	5.0
B00J0KYFSO	5.0
1420108905	4.0
B00JPJY43Q	3.0
0758220367	4.0
B00BGDDW3M	4.0
149097136X	4.0
B00BR10U7E	3.0
B008SC4GV6	4.0
1481162527	3.0
0451461630	5.0
1481152718	4.0
0316089699	4.0
1455574856	4.0
1481802224	2.0
1466474025	5.0
1940832004	5.0
0141345713	3.0
146113613X	4.0
0062192000	4.0
B00BD49WQU	4.0
B00GXU5P06	5.0
0062302426	5.0
B00ILKTBSI	5.0
0062302418	5.0
006230240X	4.0
B00EB323E8	5.0
B00B03OXDG	5.0
1484968042	5.0
1938593103	5.0
1492293296	4.0
B00AAFHIC8	3.0
1609283945	4.0
B00B6JFKNG	5.0
B00D1A2F1S	3.0
0345517318	5.0
B00AV4X6GK	5.0
B00AVRUNR2	4.0
1630350222	3.0
0800719956	5.0
0572028628	5.0
B008TGH622	4.0
0991311329	5.0
147674355X	4.8
0345518896	5.0
1469901811	4.0
0985416203	3.0
B009V7GHR8	5.0
B00IN4COIQ	4.0
B00FFLU4LE	2.0
1480114480	4.5
B00H30B4ZK	4.0
098766252X	5.0
0062271377	5.0
0821780751	3.0
1490572082	4.0
0615853021	5.0
B00BMTEJF0	5.0
0446574473	4.0
0312945795	1.0
147674047X	5.0
B00I8RB0PG	5.0
1442416947	5.0
B00ESJ3R18	3.0
B00AWGC492	5.0
B008NHMPBE	3.0
1440433151	4.0
B00FUTYLR4	3.0
0374382670	5.0
B00CUZKGJI	4.0
B00JIAC7AY	5.0
B00FCRLDR0	4.0
1937551539	5.0
1492787701	4.0
0446574481	4.0
1482784378	5.0
B00L2X36GE	4.0
0989416410	4.0
1477849971	5.0
B00HXRLIN6	5.0
0802734375	5.0
B00LWSNUQ0	5.0
1492951641	4.0
0451468287	5.0
1250012570	5.0
1476764468	3.0
1492707619	5.0
1622370279	5.0
B008CJ2446	2.0
0451419715	5.0
0373605463	5.0
1492889571	4.0
1480157597	5.0
1468149547	4.0
0989416429	5.0
0804176787	5.0
1492201189	4.5
1475267940	3.0
148950995X	5.0
1938639081	4.5
B00CKFL5XO	4.0
0988301318	5.0
1414325460	5.0
0981943667	3.5
1612184197	4.0
B00H0P5F0I	4.5
1468161660	5.0
B00JU73GN2	2.0
B00DDXKA1U	4.0
1497471729	5.0
B00H7K6GZY	5.0
B00I1WAG44	5.0
042526985X	5.0
B00IKXAY4Q	4.0
B00EBC8SI4	5.0
1490997954	1.0
0615803830	3.0
B00HDZOTM0	4.0
B00BKK6FLC	5.0
B00HY03FJM	5.0
0486297489	4.0
B00IFR0XP2	4.0
1479124540	3.0
0061242411	4.0
B009PG2GZC	1.0
1482319055	4.5
0446364282	4.0
B00C7HMWR8	5.0
B00BMEINIE	2.0
0316245534	5.0
B00EUBGT7I	4.0
B00IQ9TPO4	3.0
1936413310	5.0
1495927857	3.5
B008C3HIIE	4.0
B008Y0J9OQ	5.0
0615769764	2.0
044652767X	3.0
B00AIBQ6P4	5.0
B00CD7P1GQ	3.0
006223885X	4.0
0316031844	4.0
B00FEX0OB8	5.0
1496026063	5.0
0062021737	4.0
1482643472	5.0
B00HKVHYVK	4.0
1451693486	4.0
B009V2YCRA	4.0
1490559175	4.666666666666667
0989339270	5.0
1490449647	4.0
1482736659	3.0
1477808663	4.0
0345518349	3.0
B00HTM7UDM	3.0
B009CHLCTA	4.0
1496045823	4.0
B00BS2ECK8	4.5
1497412218	5.0
B00D4V1X94	5.0
1494443252	5.0
B00FNUND4W	5.0
0758269471	3.0
1442345462	5.0
0062107380	5.0
1402245831	4.5
0778315916	5.0
B00CF83QOW	4.0
B00HYQJPC2	5.0
B00BWB9PS4	5.0
1477808671	4.5
1483948978	5.0
1492973327	5.0
0062267175	5.0
B00BRKQY8Y	5.0
B00JRBN26M	4.0
B00H20AJIY	2.0
B00HP4L3S2	5.0
B00CTSZDSK	2.0
0349402965	4.0
0471267570	5.0
B00AJUV7AI	4.0
B00G7GBIL6	2.0
1492888095	5.0
B00JMKD6YQ	5.0
1938786688	4.0
1419965921	5.0
B00KKXTC2Y	5.0
0615803873	4.0
0062118021	4.0
1492767891	5.0
1492103748	4.25
B008E95NPG	5.0
0989339246	5.0
B00KPIPQJ2	5.0
B00KLLKKQM	4.0
1613181280	5.0
B00H89BMMQ	5.0
0515124648	5.0
0615608868	5.0
B00ANY5CQ0	3.0
B007SQUNII	3.0
B00C44PW5I	5.0
B009KZ3B5C	3.0
1492121169	3.0
B00DD75IWW	3.0
0778313999	5.0
B00EP2WKW0	4.0
B00B4Y2UHW	4.0
1475006314	4.0
B00JF57FCC	4.0
1622414330	5.0
1482680858	5.0
1490946810	5.0
B00ATT9OSQ	4.0
0345546601	5.0
1476712980	4.333333333333333
B00D9F4MDE	5.0
B00BFIQS5W	3.0
1468187953	5.0
B00B59AAQE	3.0
0345519477	3.0
149049412X	5.0
1480529699	4.0
B00C31H2VO	2.0
149979178X	3.0
1484884604	4.0
B00K1HQWBS	5.0
0778315703	5.0
B00IOU3ZCI	5.0
1492170348	5.0
1492192112	3.0
B00HTJHH1A	3.0
B00KAQY5QY	5.0
1455576506	4.7
1419962833	4.0
B00J1SP9FI	5.0
1478126434	4.0
B00DG8ZYA4	4.5
0615785824	5.0
1479390046	4.0
1496005171	5.0
0062294776	4.666666666666667
1598569007	5.0
B0051EZX8Y	4.0
147675652X	3.0
148183682X	3.5
B00J915BYG	3.0
1490940499	4.0
1493569724	5.0
B00A6WVEU2	4.0
0380781433	3.0
0615836348	4.0
0778313530	4.0
1416509887	5.0
1489515690	3.0
B00BOTU4JI	5.0
1599988364	4.0
B00K5XAZ5W	5.0
B00IE4QU7Q	4.0
006162683X	5.0
B00IGWSBT6	5.0
0061626848	5.0
098402087X	3.0
1490436529	3.0
148023365X	5.0
B00L1MSEZO	5.0
0345546628	5.0
034554661X	5.0
0385737386	3.0
0425230694	5.0
1482770148	4.0
1482532832	4.0
1402245866	5.0
1497585368	4.0
0062068539	5.0
0984020896	3.0
B00LDUVA4G	5.0
B0086GCZ9E	3.0
B009TU9M06	5.0
0983260710	4.0
1938857402	5.0
0989339289	5.0
0439064864	5.0
B00J3CL9B0	5.0
1484043596	4.5
149214889X	3.0
1476752192	3.0
B00CBP5WA0	5.0
1452663874	4.0
0615974171	5.0
0988264269	5.0
1455599255	5.0
098871583X	5.0
1455578312	3.6
0062068547	5.0
1470124327	5.0
1453876146	3.0
1484118782	5.0
1491276029	4.0
B003FL6X52	5.0
B007WRFXYC	4.5
1479226874	5.0
1495925927	5.0
0991841131	5.0
061568677X	1.0
051514844X	4.0
1494488558	5.0
1481968106	3.0
1609287886	3.0
1416509879	5.0
1455599247	4.666666666666667
1442485256	4.0
1936305704	5.0
1493798332	4.0
B008RH0J2M	5.0
148410630X	3.0
1476759006	5.0
0425265951	3.5
B008P4LJG2	4.5
B008VHD6AU	2.0
148231312X	5.0
073949547X	4.0
0470051035	5.0
1481958313	5.0
B007EE4M2W	5.0
B00IOBXHES	5.0
1452664943	4.0
144235948X	4.75
0062197258	3.0
B009JU8WT8	1.0
B00J47HAUS	5.0
1492922609	5.0
1481912755	5.0
B00HGLBQ0Y	3.0
B00KPHGSKY	4.0
1484013387	4.0
1938857437	5.0
1941098126	3.3333333333333335
1481113704	5.0
1481948997	5.0
0984020845	2.0
0370332288	5.0
B00BO1HPYS	5.0
B00KA0AGJK	5.0
1596439092	5.0
B00EBGXFR4	5.0
042526596X	4.0
0615729916	2.0
1442485280	4.0
080073355X	5.0
1579652115	5.0
1490495282	5.0
1495335038	4.0
1480539465	2.0
B00FX00BTM	1.0
B00BTRMMS6	4.0
1476761779	5.0
1496146239	5.0
B004MDLXMU	3.0
0843952067	5.0
1476735271	4.0
0615887767	5.0
B00IQD63EA	4.0
0615794920	4.0
149352660X	4.0
B00F3CE6O6	2.0
0439023483	5.0
1490506853	4.0
161109948X	5.0
0062267159	4.0
162878007X	5.0
1455599220	5.0
B00C7AK1F0	4.0
B008Z0ZDAY	3.0
161218149X	5.0
1468118137	5.0
1482015560	4.0
1605920355	5.0
1495405125	4.0
1416547037	5.0
0842317872	5.0
1452664935	5.0
0385341679	5.0
1490401822	5.0
1455599204	5.0
043920352X	5.0
1491006919	5.0
B005U8GQT6	4.0
0062289357	4.0
0345546679	5.0
1495416046	5.0
B00A801I2Q	5.0
B004ASOR2A	4.0
1609280806	4.0
1628780096	5.0
B00F0SMM1C	3.0
1484955471	4.0
B00IMU3CX2	4.0
0451225961	1.0
0615804152	4.0
B00IA9TLBM	5.0
B00D7WKQRA	2.0
0743477715	3.0
1492946850	5.0
B00G1XIFQ6	5.0
1480096954	4.0
1451641850	4.0
144476327X	3.0
B00IWBT11I	5.0
B00CP6NXOW	4.0
1482772973	5.0
B00I33VP1Y	5.0
0062049895	5.0
B00C8T6UYG	5.0
1480225649	4.0
B00GP1JMQG	3.0
1490490639	5.0
098326077X	4.0
B0084B1OUM	5.0
0989339211	5.0
1936185725	4.0
B00EG9F76S	3.0
1483944336	4.0
1476735247	4.333333333333333
160183196X	3.0
149043013X	5.0
B00CZU0NH8	4.0
0373772467	2.0
0857662937	4.0
B00BL3UVYK	5.0
1483901890	5.0
B00F3TWXVW	5.0
0425253953	4.0
0062027875	4.0
1484920147	5.0
B00AIPLV1E	3.0
B00HCQ2YQI	5.0
0615744257	3.0
B00JAPE3LS	5.0
1491002786	4.0
0062049879	5.0
006188569X	4.0
B00E4C8OTO	1.0
B00AP836G2	4.0
B005Z1BQKM	4.0
B00INF67LU	5.0
0062279335	4.0
B00CYKHQW4	4.333333333333333
1494840979	4.0
B00I0ZF9VM	5.0
0758217617	3.0
0425263991	5.0
B00EPWE2IK	5.0
1439102767	5.0
B00AMUZS3W	5.0
B007KSE4Y8	2.0
B00KSUOY8Q	5.0
1480536466	4.5
1419969951	4.0
1481149040	4.0
0545128285	5.0
1476744920	5.0
1493700723	4.0
1480276855	5.0
0778315460	5.0
B00FE5BTLK	5.0
B00GLHKBL4	4.0
1491010266	5.0
1494286084	5.0
B00FV2UR82	4.0
0989450252	5.0
1940832977	5.0
0062107712	2.0
B00HS5DYDA	5.0
098999130X	5.0
1480278807	3.5
B00AVKL9KO	3.0
1476764301	4.0
1489584935	5.0
0988707489	5.0
B00FLKRA4S	4.0
1492893900	5.0
0307010856	5.0
1492108421	5.0
1491218444	2.0
1479397032	4.0
1494289105	5.0
B008O53UZ0	3.0
1927715067	3.0
0984887873	4.0
149499738X	5.0
B00L8CUD2E	4.0
1612183107	5.0
1481207474	4.0
0985991151	5.0
0062240129	5.0
1484038487	5.0
B00CB8801A	3.0
B00GNRGP2G	5.0
1476783284	5.0
B009FHSYSY	5.0
B009VIE3FA	4.0
1620612917	5.0
B0090P1MIU	3.0
1482349175	3.0
149484172X	3.0
B00H0GED9Q	5.0
1442421797	5.0
0989246515	4.0
098805406X	5.0
1492784370	5.0
B009MA3WN6	5.0
B009IF1DAE	4.0
1478272961	4.0
1494402246	5.0
0811875040	3.0
0821752812	5.0
0373175779	4.0
1481901907	4.0
B00CWFAQJQ	5.0
B00GFD7I0G	3.0
0615647235	3.0
1439159661	4.0
0989450236	5.0
148956621X	5.0
1612184685	5.0
B00JDK2TI4	5.0
1482318687	5.0
1496015703	5.0
1620612925	4.0
1468098578	4.0
B00DSGN9B0	1.0
B00GFYG2O8	5.0
1484040325	2.0
B00AND5YIM	3.0
149429169X	5.0
0615785131	5.0
1495281078	5.0
B006G0DFY6	4.0
B00DFNB3LY	3.0
1466398167	5.0
0062240196	5.0
B008MVQWAG	3.0
0983706352	5.0
1936596067	3.0
B00JYZGK56	4.0
B00GBIYX8A	5.0
1476717516	5.0
B00DEJ9500	4.5
B00B97XOJM	4.0
B00GVEYW1W	4.0
1455599182	4.666666666666667
B00DT4PGQC	2.0
1484185064	5.0
0062273280	4.0
0991379632	5.0
1599902958	5.0
B00KAF4K38	4.0
B00I0CUSE8	4.0
0984528199	5.0
B00DY91L70	3.0
0778313085	4.0
B00AU5FRBW	5.0
B00LKSISBO	4.0
1416563105	5.0
1482718529	5.0
1937007588	5.0
1476717524	5.0
B00JH40GWW	5.0
145551571X	5.0
0451231678	3.0
B00JCELEZ0	4.0
061568310X	3.0
030758836X	3.0
0615771106	5.0
1416580948	3.0
1489521534	5.0
1484816064	4.0
1491008113	2.0
B00BI4J0S0	3.0
1490994718	5.0
0615741932	4.5
B00BTKEW2C	1.0
B00BN1XLF6	3.0
1467936707	5.0
1480247049	5.0
1483966763	5.0
0425272966	1.0
B00ICUPP8W	5.0
1442488697	3.5
0615921175	3.0
B004LDL6H8	1.0
1433669730	5.0
148115902X	4.0
0671027344	5.0
B002R2OFAK	2.0
0373605196	5.0
B00FZVXB1Y	3.0
0345543912	5.0
B00I48UVYK	3.0
0758231741	5.0
1491232986	4.5
B0091910XM	4.0
0061852058	5.0
0385344406	5.0
0373210604	4.0
B00G8BHJB8	5.0
1781846197	5.0
0316159794	4.0
1463695403	5.0
B00BLTOD34	3.0
B00BL3D6CO	1.0
0764152327	5.0
0988363267	5.0
B00BY5QXDS	5.0
1499128789	5.0
1497497132	4.0
1496010299	5.0
1250058236	4.0
1497465141	5.0
0451239350	3.0
1495389200	5.0
B005CWJJO4	5.0
1494482320	4.0
B00KOSOX2O	5.0
1481836579	2.5
1493586564	5.0
1499378912	5.0
0062300148	5.0
0615766412	4.0
B00KC87NGO	5.0
B00BZ4TAGA	3.0
B00EGMV24G	4.0
B009574VUY	5.0
1482063557	4.0
B00II7519C	4.0
1483940993	5.0
1494473844	4.0
1495307352	4.166666666666667
149522516X	4.0
B009UVK28U	5.0
0345543939	4.0
1420118617	2.0
0988823527	5.0
B009WIR7DY	4.0
1940652073	5.0
0062273248	4.0
1493626655	5.0
1416580956	5.0
B00DFLFQ5K	4.5
0751552615	4.0
0615732623	5.0
042527294X	2.5
1484084322	4.0
1482730030	5.0
B004V49BLU	4.0
0451419634	5.0
1490417796	1.0
B00JUG0VMW	5.0
0062230727	3.0
B00EBGBKN0	5.0
149609459X	5.0
0373605390	2.0
0615429505	5.0
B0015YEQ6Y	5.0
B00JI34U0G	5.0
0553589733	1.0
0989104427	5.0
1481835262	2.0
B00HY2ZSYU	3.0
3836528797	5.0
0778316173	5.0
0306821990	4.0
1453669973	4.0
B00HYDXYK4	4.0
1477571086	4.0
0991379659	3.0
098870742X	5.0
0062273264	4.0
1611099838	5.0
1480138320	4.0
1494374560	4.0
0380776170	4.0
1489554408	5.0
0440243351	3.0
1476756503	3.0
1482084007	4.0
1469984202	5.0
B00B1W0JZ2	5.0
1495356744	5.0
B00I3QKPHQ	2.0
1479103780	4.0
B00EB3F4M6	5.0
1442187697	4.0
0345538366	4.0
0615731317	5.0
0615972535	3.0
1499291019	4.0
B00B9E4OB2	2.0
B00CS6Z0R2	4.0
1500196169	5.0
0373210493	5.0
B00I48V9XM	5.0
1484053699	4.5
B00F8J6O5S	4.0
0821778315	2.0
B00BBX9B3C	4.0
B00CRJ71ZY	4.0
0989104400	5.0
B0085MQSA6	4.0
1495469883	3.0
1494226405	1.0
0989450201	5.0
0615729665	4.0
B00CNYQ0L4	3.0
0764208233	4.0
1491296518	5.0
1476718202	4.0
1490477098	5.0
B00K2GAUC0	5.0
1481917463	4.0
1938404610	5.0
0615511600	5.0
1466415150	4.0
0755347366	4.0
0345538390	4.0
1455523372	4.0
B00CK51JT4	4.0
1434799808	5.0
B00DS86AK0	4.0
B00938KU4G	2.0
1419964615	4.0
B007JKRE44	3.0
B00CCI6D2W	4.0
0062241451	4.0
B00BKZGPD0	4.0
0800719816	3.0
1419970291	4.0
1492111228	5.0
B00I2VUKKY	4.0
1453725776	2.0
1492141291	4.0
B00IEU2BZ0	5.0
B00DJB6KE2	5.0
1933963972	4.0
B00CPSGLEE	4.0
B00APLBEPO	5.0
0615868401	4.0
1476755604	4.333333333333333
1492388416	3.0
B00AXHNFJS	3.0
1467930571	5.0
1491042508	3.0
1493773445	5.0
0743454383	5.0
1494714361	4.0
B00KI9H1FU	3.0
B00AWISK8Y	3.0
1494751534	5.0
1599983508	4.0
0385742576	4.0
1499622988	3.0
B00D4MN40O	3.0
0988707470	5.0
1939927935	5.0
0061783196	2.0
1452666539	4.0
1493643274	4.0
1937248305	4.0
1484813642	5.0
B00KFMFWWE	5.0
1480296244	5.0
1490518231	4.0
0385346433	5.0
B00EYY4MIE	5.0
0446695726	5.0
1442436670	5.0
B0092XHP4K	4.0
1484854152	3.0
B00GQBQFCO	4.0
B00FIROTZ2	5.0
0988742942	4.0
B00HSN8MNY	5.0
1477805028	5.0
0882708740	5.0
1469901773	4.0
0451466225	3.0
0451237455	4.0
0989776018	4.0
1477661875	4.666666666666667
B00EFJ1YQG	5.0
B00IX4583Y	4.0
B00CCRTFSC	3.0
1476730091	4.0
1490974377	5.0
0345545834	4.333333333333333
1461006953	5.0
0316404381	4.0
1481844369	3.0
1481131087	4.0
B00EF51J5Q	4.0
1250050367	5.0
1480568503	5.0
B00F8J6OBC	5.0
B00FD95I64	5.0
045141814X	5.0
0985129646	4.0
098889954X	5.0
B008XO8T8A	5.0
1475156456	4.0
0451467302	5.0
B0084AXZRI	5.0
B006MLL01E	2.0
B009HUQH38	2.0
B00APSWJM4	3.0
1491208295	5.0
B00ED3FAO6	4.0
B00D7EJKEI	5.0
1492746622	4.0
1480029858	4.0
B00GVZZQ2A	4.0
1484931963	1.0
B008MOGWS0	2.0
1490471103	4.0
B00B8SBXEK	4.0
1499113641	5.0
B00EO2X0OS	5.0
1490943846	4.0
B00BSBR0BW	4.0
0989776034	5.0
B00FD5HCC6	4.0
B00I5B5MIG	5.0
B00BKTNDD6	5.0
B00B3DGLR4	3.0
B006MMYSR6	5.0
B006VD5I2K	4.0
B00BMZ74PG	3.0
B0080XSTUC	3.0
B00GWVSZ2G	5.0
1463717091	5.0
1482716909	5.0
B00BBKEDHO	3.0
B00KR1MKLY	5.0
1605923087	5.0
1469982781	5.0
B00AK2UISW	5.0
B00KVO44PW	5.0
1497455049	4.0
1479370118	5.0
B00KVOJF24	4.0
148234873X	5.0
148491502X	4.0
B00J0D69KI	4.0
B00IWAZG2W	4.0
B00DJEA2SE	5.0
1494722631	4.0
B00EF51J2O	4.0
B00CGTWC0O	3.0
B00K0YBVIG	4.0
B00IS4GTK0	5.0
149473592X	4.0
0987526154	5.0
061588234X	5.0
0989776050	4.0
B00KXH9G3W	3.0
0615964206	4.0
1489528865	5.0
1781845999	5.0
B00AYOG8QW	4.0
0425244946	5.0
1940941423	5.0
B00A13YLV0	3.0
1475165137	4.0
B005IHWC88	4.0
B004774YNG	4.0
B008ETBJ5E	1.0
B00F0MS9LU	5.0
1476741182	4.75
1479278386	5.0
B00AOT3UDG	4.0
1476755590	4.75
B00I0J0Q4S	4.0
B00IIOFZVO	5.0
B005UPROJU	3.0
B00CVS2KH0	4.0
B007N6K4LY	3.0
0743454324	4.0
B0095JX7F2	5.0
149742108X	4.0
1482016931	5.0
1455549002	5.0
1414361122	3.0
0615738095	5.0
B005FG17T2	3.0
0778312550	5.0
0991677196	5.0
1484869346	4.0
B00AI3A3RO	5.0
1612183735	5.0
B00K1OV9PK	5.0
B0092QKWVU	4.0
0062068636	3.0
B006Q648F0	3.0
1482002523	4.0
1472211243	4.0
1495472418	4.5
1477589031	5.0
1461085977	5.0
1476776040	4.0
0345545869	3.0
B00C74WXEI	4.5
1477818375	5.0
1493671898	5.0
1939203031	5.0
B00HUBE1KW	4.0
125005236X	4.0
1623420768	5.0
B00FB2HDFM	4.0
B00AFHHMRC	5.0
1620612321	4.0
1484068769	5.0
0062072900	4.0
B008B0EFMU	4.0
0425245810	5.0
B00ASP8XNS	3.0
1480264024	5.0
0425266516	5.0
1492230790	3.0
044024336X	3.0
1495459225	4.0
1476776016	5.0
0345533666	4.0
0152063846	5.0
1482659727	5.0
149613432X	3.0
B008XLF6CA	4.0
1476764298	4.0
1489512292	5.0
0992466512	5.0
0425251012	4.0
B00JMSXEZE	5.0
1479370312	5.0
B00H3I2172	5.0
1499597681	4.0
B00DVR2DEK	5.0
1470077892	5.0
1622538145	4.0
1939786193	5.0
0615860788	1.0
B00GSWF888	4.0
1451533969	5.0
0061996165	5.0
1476753164	5.0
B00LAGEM9I	4.0
1493621890	5.0
1495327515	5.0
0553385100	5.0
1491255692	2.0
0988363216	3.0
0991309693	5.0
B00K9UR5OU	3.0
B009277NBG	5.0
0345544110	4.666666666666667
0804136866	3.0
1492827436	4.0
1481004379	5.0
0425251209	4.0
0985817003	4.5
1492265225	4.0
B00D5BEEAS	3.0
1456461486	4.0
0062072927	5.0
1466365951	2.0
042522404X	2.0
B00CC6X8HC	5.0
1412062292	3.0
1442488638	4.0
075826917X	4.0
0985059176	5.0
B008N0GV98	5.0
1481960741	4.333333333333333
1476744084	3.0
B00I1VX9YO	5.0
B00CB2BCCK	4.0
B00DU52U5K	2.0
B00HXGWPM0	5.0
B00814M37U	4.0
B00JDLFHRI	5.0
037380265X	5.0
B00EPWDBS2	4.0
1491023163	5.0
1455508322	4.0
0062223879	4.0
1481921126	4.0
0061233005	5.0
0446547573	4.666666666666667
1466463929	5.0
B0099GXVES	4.0
006207606X	3.0
0345533232	4.0
0991309677	5.0
006226768X	4.333333333333333
B00AF0QZ6I	4.0
1442488662	3.5
0988489112	4.333333333333333
0765317583	5.0
1479338478	5.0
1481936603	4.0
1476730946	5.0
0425272125	5.0
1493511459	5.0
0007444117	5.0
0988363232	2.0
B006KIRCOS	4.0
1492164429	5.0
0670025593	5.0
B00K0G9ZSW	5.0
0758269161	4.0
B00CVGFCEK	3.0
1499141718	5.0
B00D2Z2K8U	5.0
1491253002	4.0
B00FDX59UA	4.0
149602043X	4.0
B0057YDBCS	3.0
1490339973	5.0
0615789684	4.5
1484076168	5.0
1939564077	4.0
0615654835	5.0
1926760751	5.0
1482003244	2.0
0062118781	4.0
1416912045	5.0
1455508306	4.0
0451419057	5.0
1491291796	1.0
148953993X	5.0
B00AD9WFAQ	4.0
0425251217	4.0
1493661442	3.0
148008591X	4.333333333333333
1491269650	3.0
B00KPKGCXE	5.0
014241543X	5.0
1442352965	5.0
1484802039	5.0
B00IP1CTT6	5.0
1481898981	5.0
0758234287	3.0
B00CCH4WKI	2.0
B0060OT344	4.0
149271397X	5.0
0991309650	5.0
1423116186	3.0
149610692X	5.0
161218331X	5.0
0425272346	4.5
1470052555	5.0
B00B9KDXFO	5.0
B00DJ725MW	4.0
0062299271	4.0
B00IODNJRG	4.0
0373772327	3.0
B00540GM2Q	4.0
B00EC1P8GY	3.0
B00CGFEJ1I	4.0
0615834906	5.0
0062299018	4.0
B004S7MLWQ	5.0
1480074616	5.0
1602862567	5.0
1493648268	5.0
1491039701	5.0
B00CKWTFJ8	5.0
0988054094	5.0
0991686004	4.0
0615748996	5.0
1442488603	4.0
B00KVOV84W	5.0
0989623807	4.0
0988348268	5.0
0749958170	4.0
1482640058	4.0
148485828X	5.0
1941098010	5.0
0985059141	3.0
1493700650	5.0
1490560432	5.0
1597488984	4.0
B00L9HIR4E	4.0
0991309634	5.0
0985991119	5.0
B00B1FG9D0	4.0
B00BD5OJP8	4.0
1476759529	3.0
1420111515	3.0
B00IHCC5F6	4.0
1481058134	5.0
B00KYIMNRQ	4.0
0778314103	5.0
1469982994	5.0
B0032Z751C	5.0
1484802063	4.0
1480186120	5.0
0758269129	5.0
B00GB36DDI	4.0
0993702325	4.0
1455508594	4.0
0451413962	3.0
B0088P0K8G	4.0
1479327573	5.0
1493652540	3.0
B00GKKU0OK	5.0
B00BGVJ8WS	5.0
B009NTI3RG	4.0
1480008907	3.5
B00E5UEKRK	4.0
1478299029	5.0
B00CG69E0I	5.0
0956966977	2.5
1477808760	5.0
1490317767	2.0
B00FIP1C6I	4.0
1478393262	5.0
1455508586	4.0
1941098037	5.0
B00FBE8LP6	5.0
0989527417	5.0
098004250X	5.0
1938857364	4.0
0991309618	5.0
