B00DFFMYOW	NaN
0764221760	NaN
0778315339	NaN
1622660161	NaN
0316205214	NaN
1455548987	NaN
0802734588	NaN
0843944382	NaN
B001FXNPOY	4.0
B00GETFZBA	NaN
1444727338	2.0
030759341X	5.0
0988008270	NaN
B006MLKZWO	NaN
1477688684	NaN
1622661486	NaN
0786433817	NaN
1605983748	NaN
0330449605	NaN
B0055DJOB8	4.0
0062014536	NaN
0316248193	NaN
B00ABS4ZIE	NaN
0316205206	NaN
061565844X	NaN
B00AHPNHB2	NaN
B00B8IYIGA	NaN
1492176249	4.0
1482607948	NaN
0814408346	NaN
0812571363	3.0000000000000004
B00761HL0S	4.0
1468006576	NaN
B00H6EOKTK	NaN
B00FH1IEC8	NaN
037541486X	NaN
1439195862	NaN
0142300608	NaN
1622660188	NaN
0316197963	NaN
0316346624	NaN
0871403633	4.0
0470384611	NaN
0988489198	NaN
0385736800	NaN
0671042858	NaN
B007X9NBV6	NaN
B00GVRVESS	NaN
0670072818	NaN
B00GEU1Q0I	NaN
1441850457	NaN
0385742010	NaN
0307341542	NaN
0670024783	NaN
1608190153	NaN
B004Z8S442	4.0
0316205222	NaN
0312864450	NaN
1419700472	NaN
037321099X	NaN
0345510089	NaN
0374379912	NaN
0985029498	NaN
0439136350	NaN
0061374229	NaN
0787972142	NaN
0425269493	NaN
1936413353	NaN
081297235X	NaN
0800734262	3.0000000000000004
1622662784	NaN
1479229814	NaN
0373210973	NaN
0307341569	NaN
0743597222	NaN
B00J44T4YQ	NaN
0373210736	NaN
B00CO7GIDU	NaN
1581171870	NaN
0615525733	NaN
0738738042	NaN
B00CK503QY	NaN
0425263908	NaN
1410440478	NaN
0316122386	NaN
1475200862	NaN
0385537859	NaN
0996053018	NaN
B002KMJHYG	5.0
1455578363	NaN
1599982595	NaN
0316220884	NaN
1476763526	NaN
0991920805	NaN
1938426525	NaN
0061836923	NaN
0394726413	NaN
0375870059	NaN
0385742037	NaN
B00H3PX5GQ	3.0
1479359084	NaN
014250047X	NaN
1495234592	4.0
0345528875	NaN
B00CRMRSL8	NaN
149299491X	NaN
B00HTJBDL0	NaN
B00EI2BA28	2.0
B00GQ6CZRS	NaN
B00F1REB5M	NaN
B00H8CM4XO	NaN
1484834615	NaN
1475117698	4.0
0062077902	NaN
0983157200	NaN
1492874248	NaN
0060899220	NaN
0763647594	NaN
1494904489	4.0
1622662326	NaN
B005EBJC2M	NaN
1490310835	NaN
0316055433	NaN
0007443501	NaN
0425267040	NaN
0781760224	NaN
1492237744	NaN
0062071130	NaN
B0079BV1X8	NaN
1494300559	NaN
1416585273	NaN
B00CO7GIFI	NaN
0425263916	NaN
1442446994	NaN
0765368080	NaN
1250010764	NaN
143914799X	NaN
0062085530	NaN
1455578347	NaN
1482375591	NaN
1491041706	NaN
037321071X	NaN
1463571917	NaN
1449379702	NaN
0805094598	NaN
0441018211	NaN
0988489171	NaN
0778317110	NaN
073949015X	NaN
B00941R3GA	NaN
0615559719	NaN
1476714150	2.0
0441009743	NaN
0060776757	NaN
0615448127	NaN
1439120234	NaN
1616146826	NaN
0977987655	4.0
1453806024	NaN
B007P46DNM	NaN
0393071197	5.0
0486652416	NaN
0143004948	NaN
080509346X	NaN
0399257462	NaN
0451418433	NaN
B008D65WU6	NaN
B0088MF82M	NaN
0765314649	NaN
0545424925	NaN
1401302378	NaN
0374384673	NaN
1439156417	NaN
B003OIBG0I	5.000000000000001
0316175560	NaN
B00FIL33ZA	NaN
B00DTDH8X2	NaN
074349749X	NaN
0307943232	4.0
161614680X	NaN
B00EX07ZBA	NaN
1455574880	NaN
1461057205	5.0
0374302103	NaN
0446531790	NaN
B00B73H3K4	NaN
B00FO6B52W	NaN
B007OEVCNY	NaN
B0057PJA72	NaN
B00A9IEQDK	5.000000000000001
030788743X	NaN
0982827326	NaN
1477401296	5.0
1442423668	NaN
B00CBFZUZ2	NaN
006196266X	NaN
1492204897	NaN
1439147973	NaN
1442423463	NaN
1455574856	NaN
0984713638	2.0
1581173830	NaN
1478270039	NaN
B00IFH4NI0	NaN
1482368609	NaN
030759565X	NaN
0974363944	NaN
1619862654	3.0000000000000004
1466207205	NaN
B00HLWYDMG	NaN
0761463275	NaN
0738736430	NaN
1451695160	NaN
0473232251	3.0
0993647200	NaN
B00HTJBDMO	NaN
0985318805	NaN
B00EGJE2WS	NaN
0762430494	NaN
1620612887	NaN
147674355X	NaN
1620612402	NaN
1257063332	NaN
0738737518	NaN
1494344548	NaN
0385740220	NaN
B00CRMATNW	NaN
0385740247	NaN
1478103604	NaN
B008SITFAC	NaN
0136091075	NaN
1620152126	2.0
031624662X	NaN
960933928X	NaN
1461059445	3.0
B00C9AO91U	3.0
0843113626	NaN
B00K8PRP1O	NaN
0425269841	NaN
B00GET19LK	NaN
0312583516	NaN
0316123080	2.0
1482083094	1.0
006207203X	NaN
B00K6YN3KY	3.0
0990013812	NaN
0615796796	NaN
1453809724	NaN
006212126X	NaN
0062072064	NaN
1461035244	NaN
0738736244	NaN
B00EMTDMEQ	NaN
0345413369	NaN
006207119X	NaN
1416984488	NaN
0984680098	NaN
0984042393	NaN
1250002990	NaN
B00FUWP3EG	NaN
1442362383	NaN
0882823485	4.0
055359172X	2.0
0441012515	NaN
037321054X	NaN
0446531324	NaN
0985130709	NaN
B00EGJ7KVS	NaN
1571884459	NaN
0743292332	NaN
0385495315	NaN
0842364110	NaN
1416556311	NaN
1595230513	NaN
B00CIJYPX4	NaN
B0073H86H2	NaN
0312864876	NaN
B00HFUAOWW	NaN
0800718828	NaN
148120646X	NaN
0671578510	4.0
1579652956	NaN
0545433819	NaN
0345413350	NaN
0373210329	NaN
B00H6EJSUQ	NaN
B00885S1N2	NaN
1482319055	NaN
1455582689	NaN
0061996203	NaN
1484101324	NaN
1416986200	NaN
B00EK52IME	NaN
0375870008	NaN
B00KGC2SV6	NaN
1936413310	NaN
1592406521	NaN
0099450259	NaN
B00D8LTTQO	3.0
0385740263	NaN
1451698240	NaN
B00G8OC1D6	NaN
0316155306	NaN
0814472109	NaN
B009GBDMHW	NaN
B007V8RQC4	4.0
0425217248	NaN
1455573027	NaN
0099271494	NaN
0451228863	NaN
B00HI1BJ54	NaN
9491730010	NaN
0982845286	NaN
B00FWEGHZ6	NaN
1482791285	NaN
0375822739	NaN
1593272669	NaN
1414383096	4.0
0764226649	5.0
1492764167	NaN
B00E3DWAQM	NaN
1599909707	NaN
B0073GX70O	NaN
146370271X	NaN
1468142607	NaN
0765333333	NaN
B00E9YL3HM	NaN
1616146095	NaN
031613399X	NaN
1442345462	NaN
0141011467	NaN
0990331431	NaN
147752374X	NaN
0718155238	NaN
B00HBRNRXM	NaN
1905723989	NaN
0545284120	NaN
0345413377	NaN
1442359889	4.0
0060273224	NaN
B00AD6F2J0	3.0
0615537456	NaN
1781766673	1.0
1495921948	NaN
B00A8PD6C6	NaN
0385338600	4.0
B00BCFZLME	NaN
0062114905	NaN
0983292566	NaN
0982611935	4.0
B0080S6NGE	NaN
1250003016	NaN
054792772X	NaN
1620610078	NaN
0765334690	NaN
076420906X	NaN
1499690940	NaN
1419704281	NaN
032304414X	NaN
0967565006	NaN
0547550766	NaN
B00GL3NBSS	NaN
0743525876	3.0
1250003008	NaN
0978858603	NaN
B005COO1X6	4.0
1419709712	NaN
1620610000	NaN
B00JUYK052	3.0
1476712980	NaN
0060596708	NaN
B001GS6ZJA	1.0
0142421871	NaN
B00D0OCC72	NaN
1442346760	NaN
0993700403	NaN
1402277881	NaN
0060542098	NaN
1469248581	4.0
1478343508	NaN
1414319703	NaN
0807583693	NaN
1455576506	NaN
B005FU49BG	NaN
B00822558K	1.0
B006DIOLA8	4.0
0060898925	NaN
B00DG8ZYA4	NaN
0345465806	4.0
0060898917	NaN
1620612429	NaN
B00KAHATUY	NaN
0764209051	NaN
0983292507	NaN
B00FILC0Y0	NaN
0373210035	NaN
0764222473	NaN
0142428280	NaN
0786017813	4.0
0425274462	NaN
0060898933	NaN
B00BOTU4JI	NaN
0441013570	NaN
B00BK0RIG8	NaN
B00BCG1MIA	NaN
1480285080	NaN
B005ME3880	NaN
0316133973	NaN
1606841769	NaN
0373210043	NaN
0985002549	NaN
1893831248	NaN
0857521012	NaN
0133865738	NaN
0385737386	NaN
0786855398	NaN
B0089LOOK4	NaN
1616201738	NaN
1606841777	NaN
B004EWGS5G	NaN
1478332875	NaN
1479209899	NaN
0545424941	NaN
B00HPM3PDA	2.0
0441016820	NaN
1419707744	NaN
0061542776	NaN
1423171020	NaN
1442419954	NaN
0761461345	NaN
0374356459	NaN
0439064864	NaN
0345460138	NaN
B00FJYT102	NaN
1478157178	NaN
1477817182	NaN
1466495421	NaN
0373210051	NaN
1467983101	NaN
1452662584	NaN
B007RFI7H4	NaN
B00JLZQNR4	2.0
1939997496	NaN
B008MJHYWI	NaN
1477601961	NaN
B00AT1LZAE	NaN
B0095WWGN8	4.0
B00GR58DAG	NaN
0385503490	NaN
0399159347	NaN
1416990674	NaN
1936564149	2.0
0061003263	NaN
146765101X	NaN
1456387103	NaN
0738719315	NaN
B00F1ZYRBM	NaN
B008RA3RIW	NaN
0399151613	NaN
0316212377	NaN
0446525677	NaN
1451620926	NaN
1479222038	NaN
B00IYPAMGA	2.0
0985494409	NaN
1416986189	NaN
B006T2KUPI	NaN
0060010800	NaN
1402277857	NaN
1481969668	NaN
1479370053	NaN
0525953698	NaN
052595368X	NaN
0312155344	NaN
0064431452	NaN
0375412174	NaN
B00BRMMHE2	NaN
144235948X	NaN
098600670X	NaN
0061718947	NaN
0991401115	NaN
1622660102	NaN
1402286589	NaN
1416934162	NaN
1599909588	NaN
1481948997	NaN
B00AFBLT9K	NaN
B00KXUWRTE	NaN
1596439092	NaN
B0092QBP8Y	NaN
1622660331	NaN
1433502399	NaN
0307346609	NaN
B007QXV9S6	5.0
0984020853	NaN
1416913009	NaN
B007BVNF4O	NaN
0135857295	NaN
1593072937	NaN
B0083WTVT8	NaN
0399159312	NaN
B00C79AQA6	NaN
0985029412	NaN
0374380740	NaN
1600610307	NaN
1490506853	NaN
1452106967	5.0
1250006333	NaN
1591840023	NaN
1442452366	NaN
B004NIGOJG	NaN
B00EX16M54	NaN
1423168976	NaN
1934709212	NaN
1433528746	NaN
0062127373	NaN
B003WEACS6	5.000000000000001
1477448950	NaN
141996416X	NaN
1400113245	NaN
0446607134	NaN
1460958195	4.0
043920352X	NaN
B005U8GQT6	NaN
1620610094	NaN
0758274858	NaN
1628780096	NaN
1482340771	NaN
1939392756	NaN
1616146214	NaN
0811826848	NaN
1420131222	NaN
B00K4368KO	NaN
1606841718	NaN
0743228286	NaN
B008MOKW22	1.0
B004WXEVOW	2.0
1455520799	NaN
B00G8BTRWW	NaN
1250006317	NaN
1468159909	NaN
0061714305	2.0
B00FIL6S7U	NaN
B00G1JUD6K	NaN
B006VD56J0	NaN
1620611198	NaN
1250021944	NaN
0312020325	NaN
0984020802	NaN
080611584X	NaN
1433534142	NaN
0375831002	NaN
1452101264	NaN
1250006325	NaN
0826108431	NaN
0007149042	NaN
0753819066	NaN
0425241505	NaN
145557631X	NaN
0764227750	4.0
0984020810	NaN
1612182348	NaN
0979856612	NaN
B00CYKHQW4	NaN
B00GOJN0US	NaN
1478224894	NaN
1475031904	NaN
B00HFFD54Q	NaN
0060271639	NaN
1490999108	NaN
1455808067	3.0
1416907998	NaN
1622660285	NaN
061553015X	NaN
0373210655	NaN
0578141809	NaN
0062060783	NaN
1400067685	NaN
0307943194	4.0
0525953728	NaN
074324477X	NaN
1475210507	NaN
B004SUP1XO	NaN
0385743203	NaN
0061456780	NaN
B00DTDGJ3C	NaN
0373210663	NaN
B007HV8ERG	NaN
098488789X	NaN
1478163143	3.0
0615680046	NaN
B00IO5KGXY	NaN
1442453125	NaN
0615374778	NaN
054774501X	NaN
1467930598	NaN
1936413213	NaN
1481142658	NaN
1300136812	1.0
B004ZMBQYS	1.0
1467940151	NaN
0373210671	NaN
0984887873	NaN
1442432659	NaN
1622660064	NaN
141430904X	NaN
0316204269	NaN
B00K6PQBVG	NaN
0553588249	NaN
0373210639	NaN
0062023586	NaN
0743554434	NaN
1484038487	NaN
1476783284	NaN
0544022491	NaN
1616147652	NaN
B00IGFXAHQ	NaN
0451235843	NaN
B0090P1MIU	NaN
1477595694	NaN
0812535170	5.000000000000001
1616145471	NaN
1451645821	NaN
014219672X	NaN
0553107305	NaN
0802723101	NaN
1481280767	NaN
1932695206	NaN
1480180289	NaN
0345457684	NaN
1908844310	NaN
0385319673	NaN
1937178323	NaN
1475233639	NaN
1908844558	NaN
0316134074	NaN
0898691397	5.0
1400042151	NaN
0615982727	NaN
1616265949	NaN
0071475311	NaN
B008JHXROC	NaN
0152018484	NaN
1622660242	NaN
B007PCRT0U	2.0
1463501552	NaN
0373210612	NaN
0670023744	NaN
0664226795	NaN
B00DV1ISZO	NaN
B00FL3YLII	NaN
190884437X	NaN
0099447126	NaN
B004NNVWL6	5.0
B005GDZE7A	NaN
0805096663	NaN
1620610914	NaN
1482664410	NaN
1451688997	NaN
B00EOWMYRW	NaN
1479224251	3.0
B005D1CDME	NaN
1484994418	NaN
0987476521	NaN
0399208534	NaN
0991841174	NaN
B007IWE54K	2.0
1937044742	NaN
0761137874	NaN
0471778680	NaN
038536315X	5.0
0823082504	NaN
0743286391	NaN
1477817603	NaN
0753454033	NaN
1442423749	NaN
0061991015	NaN
0399132635	NaN
B0092MPT80	NaN
B00CK6F4XK	NaN
014312093X	NaN
0765326574	NaN
1455521124	NaN
0984512810	NaN
0062073680	NaN
1416059512	NaN
0615727425	NaN
0886777542	3.0
B00DTDGJ64	NaN
0738739472	NaN
1490530185	NaN
B00C845USI	NaN
B0056UETM4	NaN
1494415593	NaN
0982115083	NaN
043902353X	NaN
0547859260	NaN
B00DMVZ4DM	NaN
B00IR008PM	NaN
1622661583	NaN
0670021113	NaN
1493515330	NaN
0385344406	NaN
0307590461	NaN
0312853238	NaN
B00I6S82S0	4.0
0316056634	NaN
1475273096	NaN
0743458117	NaN
0374302081	NaN
1936413272	NaN
1493741462	NaN
0061208604	NaN
0451239350	NaN
1451689012	NaN
B00AVRUKM0	NaN
059652773X	NaN
B007QHJJPM	NaN
030797071X	NaN
B004W3UFHE	NaN
1423139933	NaN
1453778039	NaN
B00GET18FC	NaN
B00FUX7QUO	NaN
0615693741	NaN
0811874559	5.0
B00A9V2X3C	NaN
0062073699	NaN
0061851825	NaN
0373210264	NaN
1439192642	NaN
0780648838	NaN
1599905868	NaN
0880801484	NaN
0446580848	NaN
0763658359	NaN
0316196126	NaN
B00GG0U5Z8	NaN
1444746138	NaN
1483959139	NaN
1451689004	NaN
0982861370	NaN
0345384369	NaN
1558538445	NaN
0345531701	NaN
B00EX0POAY	NaN
1468155083	NaN
0515128023	NaN
0751552615	NaN
B00DT54B0I	NaN
1482730030	NaN
034539657X	NaN
0804165742	NaN
0062059939	NaN
0061851817	NaN
B00F1R9AKS	NaN
1439192634	NaN
1402271875	NaN
B0085TK53K	5.0
B00FCROWRI	NaN
B00GEU75SA	NaN
B007R82KLK	NaN
0689829507	NaN
1495300978	NaN
0615429505	NaN
1449382355	NaN
0062114875	NaN
B00F2OUY1Y	1.0
B00FKKWQXY	NaN
1463758723	NaN
0345531736	NaN
1591396921	NaN
0374373663	NaN
0451230795	NaN
0880882484	NaN
1442303093	4.0
1589232747	NaN
1466463007	NaN
B00D2C11B0	3.0000000000000004
098870742X	NaN
0373210485	NaN
1937044092	NaN
1599907844	NaN
0451417429	NaN
0425255131	NaN
B00HXWUN4Q	NaN
1463770812	NaN
0449812952	NaN
B00FITC0VA	1.0
1573920398	5.0
B00F1KAK86	NaN
B008WA9NYY	NaN
1469984202	5.0
0345531965	NaN
B004GB1T68	NaN
1475066228	NaN
0062103733	NaN
0615842011	NaN
0439023513	NaN
1444914464	NaN
0373210493	NaN
0374316414	NaN
B00F8J6O5S	NaN
1439102724	NaN
B003PJ7CRC	NaN
B007IOATKW	5.000000000000001
0804139024	NaN
0743572203	NaN
1477522980	NaN
B00F942TL0	NaN
1596437758	NaN
0987136445	NaN
147927013X	NaN
B004PGNBCO	NaN
1477424083	NaN
0615750265	NaN
B00G1IM260	NaN
193351518X	NaN
B009WA18IC	NaN
0374316422	NaN
1469990903	1.0
0345401026	NaN
0316013315	NaN
0810933438	NaN
0452279097	NaN
030681501X	NaN
1481220411	NaN
1620612941	NaN
0340839937	NaN
0062085484	NaN
1622660080	NaN
B00FIL335A	NaN
B00IBO1DBC	1.0
B00CK52XJY	NaN
0886776619	4.0
0987803751	NaN
B00EGJ33SC	NaN
1624820727	NaN
1594483655	NaN
031620076X	NaN
0385342063	NaN
085707802X	NaN
0061851809	NaN
0452297982	NaN
0143035363	NaN
019953750X	3.0
0137152221	NaN
1489504168	NaN
0738735027	NaN
0470399864	NaN
0385742576	NaN
1892123924	NaN
0763637033	NaN
0805095713	NaN
0142800821	NaN
1475116853	4.0
1422101029	NaN
0385532458	5.0
0738702595	NaN
146105866X	NaN
1481814761	NaN
0060080957	NaN
0425245306	NaN
0312930194	NaN
0373210450	NaN
0316098078	NaN
1491296526	NaN
B00BED271C	NaN
B00CYN76NU	NaN
1480257540	NaN
B00GX8UFI0	NaN
1484952669	NaN
0060539836	3.0
0312567073	NaN
B003XVYLEO	5.0
1481938401	NaN
B00FO7OCU8	NaN
0615692931	NaN
B00A1SCEQY	3.0
1940161541	1.0
0545537460	NaN
1477588388	NaN
B004QWZGMK	NaN
0765307162	5.0
1564147797	NaN
0307716902	NaN
B00FO7OCUS	NaN
B00EF51J5Q	NaN
1419701916	NaN
B00F8J6OBC	NaN
0374372837	NaN
0263211053	NaN
0544087445	NaN
1481019457	NaN
B00BWZ9XKA	NaN
0061996181	NaN
B00AP7Z27Y	NaN
0985327812	NaN
1556436513	NaN
0312641893	NaN
0615535186	NaN
0316404152	NaN
0765307154	NaN
1491208295	NaN
1615641645	NaN
0991192818	NaN
000616823X	NaN
0062072099	NaN
1490321594	1.0
0743287967	NaN
1560252499	NaN
1613250363	NaN
B00HTJ75XA	NaN
0615450865	NaN
0715312243	NaN
0738725943	NaN
B0030CMJXQ	NaN
B007SABZPO	NaN
0743249895	NaN
0987029088	1.0
B00DK43O7E	NaN
B00HBR0QIG	NaN
B00GETKUZ6	NaN
0262162245	NaN
0425129616	NaN
1423146166	NaN
0689868480	NaN
0307948196	NaN
1469982781	NaN
0787977284	5.0
1402269730	NaN
B00I6NKC4C	NaN
148491502X	NaN
B00K31USUS	2.0
1620611279	NaN
1442457031	NaN
1430210079	NaN
1497438969	NaN
B00GETW0LI	NaN
B00EF51J2O	NaN
B00HOIH342	NaN
0373211066	NaN
0991192834	NaN
1470068982	NaN
1455520810	NaN
1402262272	NaN
1402245777	NaN
145288126X	NaN
1595145826	NaN
161614811X	NaN
1481810790	NaN
1905723849	NaN
1620610116	NaN
B00E96LAMI	NaN
1480267554	NaN
B00F1QX7UI	NaN
1455549002	NaN
147781728X	NaN
0689871694	NaN
1481147633	NaN
B006O53UTS	NaN
1442413271	NaN
B00336EWC0	NaN
1482648849	NaN
0981279007	2.0
1484807944	NaN
B006Q648F0	NaN
1461085977	NaN
0316097365	2.0
B00DWWP0AS	NaN
1484884957	NaN
0345533437	NaN
097677884X	NaN
0857662651	NaN
0805447539	NaN
1480213985	NaN
B00F1R9E1I	NaN
0307931544	NaN
0061542881	NaN
1416964053	NaN
0425257800	NaN
1620611473	NaN
B00GETKXAI	NaN
0750676043	NaN
B00F1QX7X0	NaN
0785270884	NaN
B00F1M2L0Y	3.0000000000000004
1597496537	NaN
0451230809	NaN
B004YWKA1Y	5.000000000000001
B00ID8R1NA	NaN
0385740417	NaN
1604991437	NaN
B00FQUULBW	NaN
1467975842	NaN
0988805413	4.0
0316027650	NaN
B00DPRVYSM	NaN
1470077892	NaN
0312642962	NaN
B00EGJ32II	NaN
1622956842	NaN
B00F1R9BKM	NaN
0373718241	NaN
1932815759	3.0
1449389767	NaN
0911647228	NaN
0312359950	NaN
1932815112	NaN
1497591716	NaN
0557175216	1.0
0373210817	NaN
158180900X	NaN
0425101452	NaN
B00EMT2D5K	NaN
0345533461	NaN
B00H6EOLMG	NaN
0765333600	5.0
0803735804	NaN
B00H6ETDNS	NaN
B00GQ67V3G	NaN
B00D6X6IP4	NaN
1469226456	NaN
0938497588	NaN
1250007119	NaN
0321344758	NaN
0060570091	NaN
B00GET8RV0	NaN
0393070530	NaN
0316213101	NaN
B00A8PP8IQ	NaN
0061542830	NaN
013228751X	NaN
0615512445	NaN
2894504454	NaN
0781407257	NaN
1879402297	NaN
1482792621	NaN
0596809484	NaN
0765330598	NaN
B00GSF6K64	NaN
B00GET8S3M	NaN
0615698859	NaN
0987749307	NaN
0307931900	NaN
1419632868	4.0
1451651775	NaN
1476730946	NaN
1484972090	NaN
1483944417	NaN
0312022824	NaN
0399159207	NaN
1936850702	NaN
158008219X	NaN
0061834602	NaN
B00BPJ3Q4W	NaN
1426710003	2.0
1477556389	NaN
1439148015	NaN
B00CGFCEHE	NaN
B006G66YTS	NaN
1597802247	NaN
B008QGJ1K0	NaN
B00DXJCQ5W	NaN
B00378L7DQ	2.795917741886052
0451467965	NaN
162266020X	NaN
1781161429	NaN
0307743667	NaN
1579128491	NaN
161547000X	NaN
1493766260	NaN
0399160663	4.0
193653908X	NaN
1416912045	NaN
142316332X	NaN
1467982733	NaN
B007P0HR2W	NaN
B006GNXPJI	NaN
1484802039	NaN
0385339666	4.0
155832156X	NaN
0062200577	4.0
1620612380	NaN
1466376899	NaN
1105089231	1.0
1622660404	NaN
0028811135	4.0
0399159266	NaN
0470474874	NaN
B00EA1VU5E	1.0
0310728185	NaN
1616147679	NaN
B00DY8HARG	NaN
0892968982	NaN
0980398347	NaN
B00GR0CK4G	3.0
1599909405	NaN
B00DTDH9KO	NaN
0743228154	NaN
B00A9K1S6Q	NaN
0664224881	NaN
1579653340	NaN
0062060759	NaN
0553826093	NaN
B00I6HRXAE	NaN
1477490795	NaN
1451651767	NaN
B00I9E5G3U	2.0
0991686004	NaN
1442359781	5.0
0312960395	NaN
B00KF2JTXC	NaN
0451466659	NaN
0312870612	4.0
148115320X	NaN
0399242562	NaN
190884440X	NaN
0425115801	NaN
0062199773	NaN
B00GL48BFU	NaN
1482689960	NaN
0345803485	NaN
0824932188	NaN
B005ERIS3K	NaN
1595144919	NaN
0983593167	NaN
1612182216	NaN
0141975652	NaN
1475110405	NaN
1478161159	NaN
B00CKIOUGU	NaN
0897245601	NaN
1495471179	5.0
0345533283	NaN
1455508594	NaN
0984236570	NaN
B00EGJE4PS	NaN
B005HRSXJ6	NaN
0470137444	NaN
0143034839	NaN
B00DY8HASU	NaN
0979748593	NaN
0310286794	NaN
B00DY8HASK	NaN
1570614679	NaN
140121083X	NaN
1908844876	NaN
0812993241	NaN
B005TKOLEM	NaN
B009144P3Y	NaN
043935806X	NaN
B00JOP9OC2	3.0000000000000004
1455508586	NaN
0307336727	NaN
0989527417	NaN
0615637086	NaN
0936785810	NaN
0738735930	NaN
B00ARFNR9E	NaN
0758269374	NaN
