0425240827	1.2599875156054934
0224098101	4.0
0778315339	5.0
0765326353	5.0
0373803001	4.0
B0044XV846	4.0
1595141707	5.0
0987856863	5.0
B00H8CJXD8	5.0
0761139850	4.0
1481071491	5.0
0764229370	5.0
0061991066	5.0
1481106562	5.0
1939416574	1.0
0778326349	5.0
0765326361	5.0
0385743564	5.0
1475070373	5.0
0373802382	5.0
0553258524	4.0
B00FHQ593U	5.0
0758208529	4.0
0345499069	4.0
0373802269	5.0
0956356605	5.0
0991186818	5.0
B00FA3A1A6	4.0
194009514X	5.0
0800757181	5.0
0985432578	5.0
0758210965	4.0
0765352664	5.0
149374450X	5.0
1569243247	4.0
1586087258	5.0
0062234927	5.0
B0029NYCGY	5.0
B00FGHR5H8	5.0
0312552475	5.0
0975275658	4.0
1940095123	5.0
B00IG2VM0G	5.0
0380810484	4.0
0307739686	5.0
0578000512	5.0
1931468192	4.0
0765352656	5.0
0399154701	4.0
1590523288	5.0
B005C2COA0	5.0
0758231660	5.0
B004I6DKLS	5.0
194009500X	5.0
0425212564	5.0
0060734191	5.0
B00GWU67QI	5.0
1456331183	5.0
1612185894	4.0
B006KHVTHK	5.0
0984975373	2.0
1940095018	5.0
1463720882	5.0
1477631763	5.0
0978927028	5.0
0142413429	5.0
1492167762	5.0
1571744576	5.0
B004TS8P7O	5.0
0307341569	5.0
B00FKMBDOU	5.0
0758205562	4.0
B007Y6AZLC	5.0
0373802234	5.0
B0067AC118	5.0
B00HHGX840	5.0
1494786907	4.0
0385537859	5.0
0800720075	5.0
059512822X	5.0
B00HUACEIY	5.0
B00I7UDZ1G	5.0
0989808807	5.0
0670022780	5.0
B00BNU79AU	5.0
1599902958	5.0
1491204052	5.0
0802722318	4.0
B009TDJ89I	5.0
1939416760	2.656525851197982
1599982129	4.0
B00C8S9UXA	5.0
030758836X	5.0
B0095612HK	4.0
1493768824	5.0
0373802692	5.0
0385733577	4.0
1451695918	4.0
0515141674	4.0
159052201X	5.0
B00H9NLT1K	4.480024968789014
0615674402	5.0
0316055433	5.0
0425268373	5.0
B0032UDUPW	5.0
0982589409	5.0
0557941229	5.0
0307749584	5.0
B00DOM12E4	5.0
0911500022	5.0
1452651906	5.0
0062059963	5.0
0451217055	5.0
0843959843	4.0
0373802684	5.0
1469970937	5.0
0062320319	5.0
B006HVW2H0	5.0
0785229213	5.0
0786256109	3.0
0385733585	4.0
0425227618	3.0
0515085936	5.0
0441016154	5.0
0345503805	4.0
1480055387	4.0
0804120935	4.0
0307282694	5.0
006082767X	5.0
B00AIQVI66	4.0
0373218338	3.0
0399164421	1.0
0747587736	5.0
1250058236	5.0
1482685302	5.0
B00B508MFO	5.0
1940095174	5.0
0061208604	3.0
1461091136	5.0
0802734189	5.0
0988672596	5.0
B003HS56UG	5.0
0984975314	2.1510608203677513
B00I9GR1OA	5.0
1594744769	5.0
B004OL2XJW	1.0
1939416612	3.0
0979393590	4.0
0758234635	4.0
0615550169	5.0
1493575317	4.0
098867257X	5.0
B008UEHJ9I	5.0
1493526391	5.0
0060827629	5.0
B00CSBDI3U	5.0
0062059939	4.0
B005D9TK4U	5.0
B00G4L8EU2	5.0
0984924086	4.0
B004Q9TXRW	5.0
0982630700	5.0
0982609906	5.0
B00GM43PJ6	5.0
B00GEU7508	5.0
0441004091	5.0
0425259862	5.0
B003RWS5TQ	4.480024968789014
0062135252	5.0
B00H7KRLV2	5.0
1481813242	1.0
0060525614	5.0
1439109656	4.0
1490457348	5.0
B002Z13UO0	5.0
0821779672	5.0
B00CU7FV6O	5.0
B00AFCYSE2	5.0
159998055X	5.0
1784300918	5.0
B006QCK89E	3.0
1935817019	5.0
0615708560	4.0
0988672561	5.0
B00HUAEV6C	5.0
0595337465	5.0
147674355X	5.0
0062262300	5.0
0312069782	4.0
B0081S0K8K	5.0
0934245509	5.0
0439023513	5.0
1584450150	5.0
0316210684	5.0
1481009222	5.0
073936474X	4.0
0441774199	5.0
1492809128	5.0
0988672553	5.0
1602377332	5.0
0345542886	5.0
0061463787	5.0
B00I04DQRM	5.0
B00GCG7ZPY	4.0
B0047742HY	5.0
0061239038	5.0
143367274X	5.0
0985834064	5.0
B007GTRIXA	4.0
B00I6ZJ6GK	5.0
0765359626	4.0
0142411795	4.0
0399154361	5.0
1402768699	5.0
0425223434	3.0
0380842939	5.0
0758267657	4.0
0142415901	5.0
0743411323	5.0
1611097975	5.0
1442362383	5.0
0373128436	5.0
1401303277	4.0
0446618918	5.0
B003RWS5Q4	5.0
B00GL3SWL4	5.0
0764229389	5.0
1586087215	5.0
1475050097	5.0
B00HNJLL2M	5.0
1600062016	2.0
B00HBVLWTY	4.0
0764229397	5.0
1463630778	5.0
009951169X	4.0
B0044KMP7I	1.6666666666666665
0982609957	5.0
0451218663	5.0
B004XECH3C	5.0
0557727383	5.0
0984042385	5.0
0972471901	3.0
045146480X	5.0
B009P7UU4K	4.0
1935142011	5.0
075536189X	5.0
037380203X	4.0
1477820078	4.0
B008OPSYOM	5.0
0988672529	5.0
1477849947	4.0
0007442920	5.0
1478353287	5.0
0821728377	5.0
0765325942	4.0
1456406353	5.0
0979692970	5.0
0307931889	5.0
1571205098	4.0
0515147990	1.0
1481854046	3.0
0615564739	5.0
B00CCRTFSC	5.0
0399156240	5.0
0975363506	5.0
B0088NH1K8	5.0
0142420980	4.0
0982609973	5.0
0983735042	5.0
0505525224	5.0
0972002685	2.0
0440245273	5.0
1567690785	5.0
0988672502	5.0
0979692989	5.0
1938404009	5.0
B00HSSBKD8	5.0
1469972859	5.0
1935597361	2.684188911704312
1477684751	5.0
B004JU0ZJS	5.0
1460974425	5.0
0062019554	3.0
0399143041	5.0
0984042350	5.0
0983601798	5.0
0060765240	4.0
B00BKNPO4S	5.0
1937976556	5.0
1607055007	3.0
0986842222	5.0
B0089SM0X0	5.0
0226484602	5.0
0373829094	4.0
B00AMNT24K	4.0
0739474464	5.0
0743486293	5.0
B00I2GX65A	5.0
0985607130	2.0
1455520640	4.0
0515145327	5.0
0452298490	5.0
1611942519	5.0
0061783676	5.0
1492171697	5.0
098200270X	5.0
0765319470	5.0
098508880X	5.0
1477818235	5.0
B00CJIAFB0	5.0
B00G950LIQ	5.0
B00GL3NBSS	5.0
B005COO1X6	5.0
0984954813	5.0
0312948301	4.0
1490536388	5.0
B00FOI96GC	5.0
0547790449	5.0
061550664X	5.0
B003X976CA	4.0
0060892137	5.0
1118232100	5.0
0307595129	4.0
1939416094	5.0
1416958630	5.0
0615668623	5.0
0812545303	5.0
B00FUC9RYI	5.0
1481814915	5.0
147781728X	5.0
0425234908	1.0
0373285205	5.0
B004GXB3XA	4.0
0765356635	5.0
B00DV6AB4K	5.0
0983562156	5.0
1419952803	5.0
B008NX656E	4.0
0984042326	5.0
0230769152	4.0
0984954821	5.0
1939065070	5.0
B003UD7VOC	4.0
0060898925	5.0
B00ET5PQEC	5.0
B008OCNSNM	5.0
0060898917	5.0
0061208590	4.0
1599905671	5.0
0345534522	4.0
0765354004	5.0
B0080SR9GW	4.0
055277572X	5.0
0399149848	4.0
1495204499	5.0
B009GIOOJ0	5.0
148397829X	5.0
1439201307	5.0
B00BU7CCVM	4.0
1933417781	3.0
0984042318	5.0
1494362325	5.0
B009GMNJPG	5.0
0449014460	4.0
0843951443	5.0
0984125892	5.0
B00KDSMZKW	5.0
0345533666	5.0
B00GCG7GTE	5.0
0984954805	5.0
1492148539	5.0
0547959109	5.0
B008C9HWRU	5.0
0440126851	5.0
1250040159	5.0
1419952943	5.0
1935817582	5.0
B008A7AV2C	1.0
0316056197	5.0
0156904365	5.0
1250003326	5.0
B00IXZMBBA	5.0
0425207463	4.0
0007299540	5.0
B005KBQ46S	4.0
0316214205	4.0
146420246X	5.0
1592221270	4.0
B004LZ574E	4.0
0778325652	5.0
1939416051	4.0
B00FPQM7FU	5.0
B007SAKW9E	5.0
0767915836	5.0
014242207X	5.0
0615608477	5.0
147828868X	5.0
0425240541	5.0
0373835922	4.0
0425207951	5.0
B00CP7M572	5.0
0544217624	5.0
1416509879	5.0
0312948298	4.0
1470017741	5.0
193396300X	5.0
0061843407	5.0
071484358X	5.0
0758212062	4.0
B00FBQLY1M	5.0
1612170226	5.0
1419956485	5.0
1493696777	5.0
0615512445	2.0
0985166320	5.0
0451213866	5.0
B004ELAP9C	5.0
B006777W9M	3.0
1402284284	5.0
B00AMOC5Z2	5.0
B00H9DOOWG	5.0
0373802773	5.0
1611099153	5.0
0988695138	5.0
0615797172	5.0
0982792352	5.0
1475070306	4.0
1939416159	2.0
1936850702	5.0
B005PIKNU4	5.0
B008B11K04	5.0
0316018589	5.0
B00E6QYG1S	5.0
0765352257	5.0
B00HZ2B8BG	5.0
B0082SJRMY	4.0
1611099285	5.0
0345535529	5.0
0143144006	5.0
1469241943	3.0
0312537921	5.0
1605922706	5.0
B0053PWNFM	5.0
0985485922	5.0
0983735093	5.0
0765333511	4.0
B009IKIKZK	5.0
B00CX77VC8	4.0
B0094JF00I	5.0
B009WIY354	5.0
148051652X	5.0
0439023483	4.657905544147844
0345496264	4.0
0451214773	5.0
0821780077	4.0
0307743659	5.0
0007386648	5.0
B00C1N3YXE	5.0
039553349X	5.0
B003HNNJ00	4.0
0743486315	5.0
0451410351	4.0
1939416019	4.0
B005IE7VXC	4.0
146377236X	5.0
0800733428	5.0
B0063XL6U6	5.0
B00937N1QQ	4.0
B00722RJUI	5.0
B00D2Y3DCI	4.0
0979607043	5.0
B007OWOLHU	5.0
1599987899	4.0
1939416124	4.0
1466404876	5.0
1453858520	5.0
0312546610	5.0
1250031710	5.0
0976387468	5.0
0778315673	4.0
1452615330	5.0
1600060757	5.0
B00E36VEMU	5.0
0452281725	5.0
1451650892	4.0
B005S0V67I	5.0
042522418X	3.0
B009C9C77E	5.0
0983735069	5.0
B006JHF9J0	5.0
0345496256	5.0
0983601763	5.0
0425207978	2.0
0373802722	5.0
0764204777	4.0
0425218740	5.0
1481026674	5.0
B00EMFQQGG	4.0
0142429406	5.0
3836527952	4.0
1936909405	5.0
0060090073	5.0
0316228532	5.0
B00BGPWE3O	1.0
0983601771	4.0
