0440246113	5.0
1439102767	5.0
0778315339	4.0116782006920415
0316776963	4.0
0670012092	5.0
0061449202	5.0
B00C448DL8	3.0
0143123238	4.0
1490904387	5.0
0141345659	4.86607142857143
0743292510	1.0
1444727338	3.5
0452298016	4.0
0374532281	5.0
1612184456	2.0
B007E0FCSY	4.0
0739202502	3.0
0805093079	5.0
0312364105	5.0
0230755062	5.0
0743206045	5.0
0451151224	5.0
045141814X	5.0
0375724508	5.0
0385738773	2.0
1484020162	5.0
0307990745	5.0
1451689764	5.0
B00CW7UFVI	5.0
0142402516	5.0
0312577206	5.0
B00KC90VG2	4.0
0307913090	5.0
B00FQW38B0	5.0
0385660065	4.0
067169071X	4.0
1439153663	5.0
044651490X	5.0
0307957233	5.0
1602861803	1.0
1439102740	3.924924512764205
1476751447	1.0
0062199714	5.0
0002007770	2.975103734439834
0743597923	5.0
B007KZ9MZ2	5.0
0061735329	3.0
0142410705	5.0
0061950726	5.0
0312364121	1.0
031624676X	5.0
0451235843	5.0
1608444317	5.0
0307341542	3.0
0670024783	5.0
B00CJYAEXS	2.0
0606238409	5.0
1469215950	1.0
0061257095	4.0
0062291882	4.0
B00IWZJ862	4.0
1476731934	5.0
0307987647	5.0
1439192561	5.0
B005COO1X6	4.5
1480522813	4.0
014143984X	5.0
030728090X	5.0
0983777705	4.0
0805096663	5.0
B0095JX7F2	5.0
0061147958	4.0
0375851798	3.081246521981079
1414313047	4.0
0991677196	5.0
0979600006	5.0
0393081508	3.0
038536315X	5.0
0061449091	5.0
0449012751	4.0
B0076790LA	5.0
0446504122	5.0
0553593064	3.0
030758836X	4.2022962112514355
145162137X	5.0
0140060286	5.0
1105086380	5.0
0425263924	5.0
0446547638	5.0
1494904489	5.0
0061449067	5.0
0988264242	4.0
0141339195	5.0
0743296419	2.907076483202287
0316055433	5.0
0307292134	5.0
0739458213	5.0
0007327064	5.0
1608198758	1.0
098663106X	4.0
043902353X	5.0
031257357X	2.0
1439172269	2.0
0345533666	4.670095120253654
0061147974	5.0
0062085530	5.0
0739474812	5.0
1451640471	4.0
0786963646	4.0
0340822775	5.0
1401341810	5.0
1579402356	3.0
0375414819	5.0
0062132466	5.0
031621941X	5.0
0786863668	5.0
1493717316	4.0
014280018X	3.0
B00AEWGPS0	5.0
0399158022	1.0
1477847979	3.0
0399159347	4.999999999999999
1419704591	5.0
B00CBO0BXO	4.0
0071629971	5.0
0984723536	5.0
0446578762	5.0
0062008110	5.0
1470108097	5.0
0307943232	4.0
0312364083	5.0
B00HRGXNQS	2.0
0671003755	5.0
1250010071	5.0
0062025821	5.0
0062235656	5.0
B008HRS2A8	5.0
0060890681	5.0
B0047DW9OG	3.0
B0084961ZM	5.0
0544264975	4.0
1620401398	5.0
1442367636	5.0
0062197258	5.0
0307599469	5.0
0061939897	5.0
0985063300	4.0
0316206849	5.0
0007444117	4.531803278688524
0007447868	5.0
1477809481	5.0
B008470FME	5.0
1442303093	4.0
1595143068	5.0
1586487515	5.0
0345338588	5.0
B00CLXBNEQ	5.0
1442346965	4.423786150172459
B00BGH1QDQ	5.0
1611099722	4.0
1250030951	5.0
0062085573	5.0
B00CNTJIJA	5.0
0307889173	5.0
1469984202	5.0
145161778X	5.0
B007YUB05I	5.0
0345535529	4.0
1400049989	5.0
0307950425	5.0
1469241943	5.0
0545265355	5.0
1439176140	5.0
0761171614	5.0
1587674211	5.0
1416525890	5.0
0739476475	2.0
0385536186	5.0
1442359919	5.0
0062200577	4.482180293501048
1439102724	4.408830744071954
0439023483	5.0
0743579631	5.0
B00ERSOTRQ	1.0
1477808736	5.0
0451169514	5.0
0307264556	5.0
1416525874	5.0
1477816364	5.0
0140177191	4.0
0446540978	5.0
0345543971	5.0
148482248X	5.0
1461014522	4.0
0615492398	4.0
1492931578	5.0
1496156528	5.0
1469990903	4.0
0143059335	4.0
1477818529	5.0
0140167773	5.0
1582347468	4.0
0380805189	4.0
0345518314	3.0
0062085484	5.0
0375856056	4.0
161109884X	1.0
1442362383	4.722086458245553
045141411X	4.0
1412049024	5.0
1455549657	5.0
1940026032	5.0
1250009146	5.0
0804137897	5.0
0743566572	5.0
034541005X	1.0
1416585672	2.0
B0067R48QW	4.0
014241493X	5.0
0345528379	4.0
0062280678	3.0
0446573051	4.0
158008270X	3.0
0316243914	5.0
0060098902	4.0
1451617755	5.0
031609983X	5.0
0785134530	5.0
0312591837	5.0
0140054103	2.0
1940026016	5.0
0007442920	5.0
1580631606	5.0
B00BINQ7NC	3.0
0738711500	5.0
