0143143646	2.175846833578792
0765328410	2.0
0575081384	4.0
0765329743	2.0
B008IJW90E	2.0
0061725897	2.0
0425238865	5.0
0316099759	1.0
086571553X	5.0
0060926430	3.0000000000000004
0312169345	5.0
0441014038	2.0
0765336278	4.719410977242303
1556228422	3.0
0938045288	4.0
0141026162	3.0
0071497137	3.0
1935563122	1.0
0375708278	5.0
1477817255	4.0
0765317192	2.0
0316213985	1.0
1444735861	4.0
0316097446	1.0
076032350X	3.0
0307887960	3.0
0307913090	2.0
0977648133	2.0
0385346808	3.0
0340247703	5.0
1890132888	1.0
076530368X	3.0
0345389425	1.0
0446527785	5.0
0743275071	2.9999999999999996
B009KSFAWG	1.0
0310716411	2.0
0385343078	3.0
0441017576	2.0
0060545623	5.0
1587153173	2.0
0865715211	3.0
B00C4CF552	4.0
0865716781	5.0
0449907481	2.0
0778324621	5.0
1460953134	3.0
141430983X	1.0
0316002860	1.0
0679643559	5.0
0981985912	5.0
0316018740	2.9999999999999996
0399156208	4.0
0843961600	3.0
156836427X	3.0000000000000004
078521321X	5.0
157322152X	2.0
0140390847	5.0
1416563687	5.0
0399154140	5.0
0330450972	1.0
1480567981	2.0
0470479914	3.0
0671510053	1.0
1603584188	2.0
0230708749	2.0
0060544880	5.0
0307474933	5.0
046508995X	5.0
0615714692	5.0
0374173958	1.0
1475006314	2.0
0908228082	4.0
0834003465	3.0000000000000004
1476741182	3.0
0395322111	5.0
0553804693	4.0
0385537859	5.0
0062021257	3.0
B00H9FDZKQ	3.0000000000000004
031286129X	4.0
0765319853	1.0
034552666X	5.0
0262693267	5.0
1598005650	2.0
0684142406	2.0
0143142801	2.0
B00EW7I7RK	5.0
0307277887	3.0
0596000847	4.0
0316018724	1.0
0143122576	2.0
1930097751	5.0
B007CZULLY	5.0
B00993ZXTM	1.0
0345503821	4.0
0452295513	5.0
0385488866	3.0
1479399531	4.0
1439170665	5.0
030758836X	4.0
1432798022	2.0
0399150846	1.0
0307381358	1.0
B00CMXCWW2	3.0
0452289289	4.0
006105903X	3.0
0606163891	4.0
0312655479	5.0
0765331004	5.0
1893956288	1.0
0316069485	2.0
1905940572	5.0
0760332398	3.0
0307292134	5.0
0547328184	2.0
0140049975	5.0
0451231449	4.0
B00AJD3IN4	3.0
0781811996	2.0
0060512806	3.0
B00GGLZIEU	3.0
043902353X	5.0
1490944605	2.0
1439102414	3.0
0312604254	4.0
1455519510	2.0
1603424636	2.9999999999999996
1476709017	1.0
0786963646	1.0
B0055P36ZG	3.0
0765324849	2.0
0440235642	1.0
0984805354	3.0
0988616114	3.0000000000000004
0983196354	4.0
0786170549	4.0
0974876542	3.0
B009SQTD28	2.0
0316056197	3.0
0691125848	1.0
1477663096	5.0
0553590375	2.0
0982618492	5.0
0575079347	2.0
0802121071	3.0000000000000004
0802122043	5.0
0374133182	4.0
1442361557	4.0
0615636837	3.0
0451239113	2.0
0312365160	5.0
0743233492	4.0
0380789132	5.0
0425256456	2.0
0399158022	3.0
073946289X	5.0
030726999X	5.0
0515134279	5.0
1456309501	5.0
0316125180	2.0
0061443735	4.0
0765311259	4.0
0380766701	2.0
0345405021	4.0
1492204404	4.0
0399147357	5.0
1479190217	5.0
B00E86ENEQ	4.0
0307933555	4.0
1606644793	5.0
014303569X	2.0
1250045630	5.0
0345497600	2.0
193622013X	1.0
0061977969	2.0
0989859924	5.0
0505526964	1.0
1558192506	4.0
0553586580	3.0
1416563709	5.0
1477401296	3.0
B0074U3LTQ	2.0
B0057JQ8C8	3.0
0399141383	5.0
0671666207	5.0
159315237X	2.9999999999999996
0446580287	2.9999999999999996
0142002429	4.0
0765303612	4.767624020887728
0356502740	1.0
0062736345	3.0
0743499336	4.0
055358362X	2.0
1880685345	4.0
0091949300	5.0
1460901320	4.0
006180679X	2.0
0743292499	5.0
0451180410	5.0
0765301679	5.0
1582979960	5.0
0465025951	4.0
0061020265	2.0
1452112746	2.0
042513301X	4.0
1250029465	3.0
0800634608	5.0
014311347X	3.0
0399155635	4.0
0983112428	4.0
0312377037	5.0
1469984202	4.0
0312424124	4.0
0743272099	4.0
0743234693	2.0
0345535529	5.0
0275931153	4.0
0316014303	1.0
1250014409	5.0
B00H0GYRQA	2.0
0199535949	1.0
0812974387	2.0
1592173217	5.0
1603585435	4.0
0062200577	4.0
1440136874	2.0
160358286X	3.0
1602393702	1.0
0439023483	4.0
161374028X	5.0
0804139024	5.0
031624662X	4.0
B0090WS03I	2.0
0553382950	5.0
0060530383	5.0
0553385429	2.0
B00394DSZS	5.0
0425225747	4.860448877805487
B009JITLTK	4.0
0007217110	4.352686843730698
0312362889	3.0
031612091X	3.0
193988912X	5.0
1250035864	1.0
0345258002	4.0
1439102392	1.0
B005E8YZF4	4.0
0316033707	2.0
1583229108	3.0000000000000004
146998380X	3.0
0670022152	5.0
1557091056	5.0
0143144839	3.0
0989895912	4.0
0316600806	1.0
0312336853	5.0
1936719010	3.0
0316072818	3.0
148952245X	4.0
0399155449	4.859749373433585
0385340559	5.0
1439133409	4.0
0553380303	2.0
1892112000	1.0
1484060644	3.0
1451606176	4.0
0812524101	2.0
1612421172	3.0000000000000004
0857662937	3.0000000000000004
0373776721	1.0
0062037676	2.0
158761345X	5.0
0393348806	5.0
1580085792	5.0
0356500535	2.0
047004604X	4.0
0765349604	4.0
076115678X	4.0
1585090182	3.0
0743257596	4.0
042505974X	3.0000000000000004
0316005363	3.0
1580054943	4.0
031286504X	4.0
0375505245	5.0
0316069418	4.0
0525954287	2.9999999999999996
