B0052EQXZU	3.0
1597800554	5.0
0373730217	5.0
B008G093ZO	4.999999999999999
1940041082	4.0
B00630MUZ4	3.0
B00CCRTFSC	5.0
1476730091	5.0
1423377028	2.0
B0056B7QOQ	3.0
1607379171	5.0
1480276855	3.0
B00GURJSKU	5.0
0983706387	5.0
0263211053	3.0
0060936223	2.0
B008R15HCK	5.0
0061978531	5.0
B006CRHK62	3.0
B00CJGUHR4	5.0
1478163143	5.0
0765325950	3.0
B00AKCVNX6	5.0
B00C06484G	5.0
1477808663	5.0
B00AECHQBK	3.0000000000000004
B00IDHIGBM	5.0
B00AV9WFUS	1.0
1626490031	4.0
B004YZB8XU	2.0
0486454649	4.0
1623004977	4.0
1607377446	2.9999999999999996
B00AT44YZY	3.0
0452266564	5.0
1612177344	2.0
1477808671	5.0
0811866793	3.0
1939962323	5.0
B007SABZPO	5.0
1476783284	4.0
B0092ML9AC	5.0
1482716909	5.0
0765326264	5.0
B00EV6JP6E	5.0
B00DV88VFO	5.0
1938786688	4.0
B006SMMW64	3.0000000000000004
B0088PBEJA	1.0
B00E5JAIP4	4.0
0778314154	2.0
0425267083	1.0
148414323X	5.0
B00CWFAQJQ	5.0
148234873X	4.0
1939962315	3.022582921665491
1484830202	2.0
1607379163	5.000000000000001
1490523103	3.960693641618497
0439136350	3.0
B004J4VVT2	3.0
1477680055	4.0
1466231386	2.0
0843957352	5.0
B00CJ2VZAG	4.0
B00FQQ1A8Y	3.0
1611183758	5.0
B00C9L5L52	5.0
1476730601	3.0
0425211983	5.0
B00ASFU5NO	5.0
1466398167	5.0
B00938WF58	5.0
B00DDURP3O	5.0
0425263908	3.0464045341834933
1476741182	4.530882910193254
B006GXOS9O	2.0
0983706352	4.814420626592714
1419965433	3.0000000000000004
B00I7VVZAI	5.0
148265010X	3.0
0615845517	2.5016111707841033
B00AZKPNRA	2.0
0263899403	4.637165197138579
B00AFB685K	5.0
1939203287	4.0
B006E1A7W0	5.0
1477679995	3.0
B007PUVNJ0	2.9999999999999996
0373776780	5.0
B0095JX7F2	4.0
1477694919	5.0
B00AYYOSS2	5.0
1480132705	1.0
B009MZQP0I	1.0
1468172352	3.0
0741478862	5.0
142671162X	2.0
1494968525	4.0
B00761OURU	2.0
1484010671	4.0
0615894666	2.0
B0091I2S3Y	4.0
1597480983	2.0
B005C5YZ86	2.0
0983212546	1.0
1461085977	4.0
1495472418	5.0
1492259667	5.0
B007D788ZW	3.0
1492291560	3.0
B009JVSCO2	3.0
0345803507	5.0
B00BLMHY8M	3.0
147675652X	4.0
1480199036	3.0
1490487190	5.0
1489521534	5.0
1484816064	4.0
034580404X	5.0
0425263924	1.0
B005OY0JFI	3.0
B00557Z22E	4.0
B00E0L7N8W	5.0
B007UDH6IE	4.0
B00FGHYLD4	4.0
1490310835	5.0
B002P8MV2U	1.0
0515131784	3.0
1484021479	3.0
1480125717	1.0
1597480770	4.0
1482609010	5.0
B004SBO41S	3.0
B0056NX3ZU	5.0
B003VIWRH2	3.0
1405258217	4.0
B00794UQ9K	4.0
B00K66OARM	3.0
0062270117	2.0
B006OOSWRO	4.0
B006SLYXLM	5.0
0340822775	1.0
1481859242	5.0
1609785665	4.0
1482678225	4.0
0425251012	4.0
B00BCLI9KE	2.0
1468026984	5.0
1481885065	4.0
1468180673	3.0
0316036919	5.0
1467980757	2.657007687758723
1470077892	5.0
0425266745	5.0
B00A72YZ0C	4.0
0615942423	3.0
1611099528	5.0
B00HTNMNCE	2.0
B00AJ2C50M	4.0
B00BMU99HM	4.0
1466354267	3.0
0307476073	3.0000000000000004
B0038KX8S0	2.0
B009AR5VAI	4.0
0989391906	5.0
1939194970	3.0000000000000004
1491231130	5.0
1492200948	1.0
1936806452	4.0
B004INHR24	4.0
B0082LYB68	2.0
1480230219	5.0
B004MDLTRY	4.0
061568677X	3.0
1479188255	5.0
0060956372	5.0
B00F1R693Y	5.0
B0098796PQ	5.0
1493645196	4.0
0373278055	4.0
B0051VGSWW	4.357485814054998
146109111X	4.0
B004UVRD3W	1.0
B009B11BKW	4.643664420778092
0446515051	1.0
B0061YAUG8	4.0
0751552615	2.0
0505527936	5.0
0989041697	2.0
B004V49BLU	3.464377055169894
0515117269	2.0
B0082ORHUW	3.0
1492714410	1.0
B00FWWSIMI	4.0
0380785315	3.0
B00A2B8M98	4.0
1611183898	3.4526112185686655
B00B0NOTTE	1.0
0451419618	1.0
B008J80L7W	3.0
1467976970	4.635339974014724
1493645889	5.0
1481835262	4.523939808481532
0007444117	5.0
148122221X	5.0
1467927368	5.0
149095287X	5.0
1489509658	5.0
006230240X	4.0
042513301X	2.0
B00BISCUGK	5.0
0373605153	4.0
B007LS0JQE	5.0
B005UA0WOE	5.0
B0062Q7S3S	3.0000000000000004
B006G66YTS	3.0
B007PPJOGO	5.0
1611183766	4.536503182328715
042526596X	3.0
B00FKIRSSO	2.0
B009EAV4V6	5.0
B00BY8QIVW	4.0
B008FWBWRU	5.0
B008EPGDWC	1.0
B005639YOY	5.0
B00AHEW69M	4.0
0985258659	4.590843867441065
B00A0NOF7G	3.0
1599982196	5.0
B00F70LNO0	3.0
0983797803	4.0
1475066228	5.0
1480226556	4.0
0761121323	1.0
B004KKXQZM	4.0
0615298524	5.0
1416589422	1.0
1590586247	3.0
B004G095S8	2.0
1491264489	2.0
0985777338	3.0000000000000004
B00AU77G96	1.0
1599630060	3.0
B00AOW6DY6	2.0
1481999842	1.0
0505527847	4.0
0062299271	3.0
B005JKER8M	3.0
0983469903	1.0
B00BAT1SB0	4.0
B0080HU6KY	5.0
B00JC6KVR0	5.0
014242059X	5.0
0989416410	5.0
B006WU57VE	4.0
031613290X	2.0
1630350087	1.0
B00GOGXV5A	5.0
1419970291	4.0
1250012570	2.0
B00597RQUQ	4.0
0615843840	2.0
B00IBO1DBC	5.0
B00D7WKQRA	5.0
0345545109	2.0
0345803485	4.572950599777719
B00AQ2S0SG	2.0
1442362383	3.0000000000000004
B008GTHB36	5.0
1419965735	5.0
1481170422	5.0
B008CVO3CA	5.0
0800732324	2.9999999999999996
0312380895	1.0
0983736707	3.0
B00BD75Z0E	5.0
0263873668	4.999999999999999
1481058134	4.0
0984247580	2.0
B00DYVWVIQ	4.0
B0059K0LZK	4.0
B009G3SLB2	5.0
0399162410	5.0
1936261197	5.0
B005S0V67I	3.0
1623001250	5.0
0446581348	1.0
149043013X	5.0
B004OL2JIM	5.0
0446585025	3.0
0373276494	2.0
0316102865	1.0
B003V8BU84	5.0
0345803493	2.0
B0042JTAH4	2.0
B00KEGP65O	5.0
B006CRUDI4	2.0
1475121644	5.0
B009W9ZDHU	4.0
0007442920	5.0
B00CYKHQW4	5.0
1468028405	5.0
B005USIO78	3.0
