B009FEVC3Q	5.0
0399151583	5.0
1490330747	5.0
142010439X	5.0
0778314243	5.0
1482603217	5.0
0385089228	4.0
0399142509	5.0
0553588346	4.0
1625289995	5.0
077832754X	4.0
1444727338	4.0
B004UI6UI4	5.0
B006XWY424	4.0
0425201570	5.0
B004Z9BTH0	1.0
0778327434	5.0
0312930488	5.0
B00FCE00OU	4.0
0399151575	5.0
0385523386	5.0
1478163143	5.0
1420111949	4.0
0062060554	4.0
0758277407	5.0
1936951002	5.0
0525952527	5.0
0356502465	5.0
1608090221	5.0
0671472178	5.0
1439102740	5.0
0399152776	5.0
0373836066	5.0
B006HBMHX4	5.0
1612183581	5.0
1442354755	5.0
0061080632	5.0
0380766884	5.0
0670024783	5.0
0310319943	5.0
1402270275	4.0
1451645821	5.0
006075088X	5.0
0373772440	1.0
0316044695	5.0
1611099684	4.0
1442430486	5.0
1933622717	4.0
0778315487	4.0
0140196242	5.0
1442349042	4.0
1611944007	5.0
0448464969	4.0
B008RDCBEA	5.0
B008O58I70	5.0
1494215195	5.0
1479160210	4.0
B009BZFQ4U	4.0
006108185X	5.0
0399164456	4.0
038081918X	5.0
0141339624	5.0
0743278410	5.0
0061121584	5.0
0380486032	5.0
0345537203	5.0
B007WKEM0A	4.0
161188067X	5.0
B00E5UJAIO	4.0
1416563105	5.0
1937041115	4.0
038536315X	5.0
0062073427	5.0
143367940X	5.0
0385344430	5.0
B004QTOJ0I	4.0
0983398062	5.0
031621082X	5.0
1439192316	5.0
1400318130	5.0
0316210986	5.0
1455521248	5.0
0373694776	5.0
1611099633	4.0
1250000971	5.0
1401929141	5.0
0062047752	5.0
037584631X	5.0
B00GI28W5E	5.0
B007SYX4DQ	2.9999999999999996
0395901464	5.0
1416556729	5.0
0062255657	4.0
B00H0IPZFU	4.0
1937041212	5.0
0451417909	5.0
1451628595	5.0
1493560336	4.0
0380796368	5.0
1782991034	5.0
0375826726	5.0
0679809015	4.0
1596064234	5.0
0425184757	5.0
0399157840	5.0
1494945215	5.0
0385346875	5.0
0802411681	5.0
1455547387	5.0
0849948320	5.0
B00AOOSQ4O	4.0
1492379913	5.0
B0082HT4GO	4.0
0545424925	4.0
0373777019	5.0
0385311400	5.0
1612186009	5.0
0316036218	5.0
0312339658	5.0
B005638LWK	4.0
0143119494	5.0
000748805X	5.0
0062025821	5.0
0316185361	5.0
1846271738	5.0
0345448200	4.0
0991418239	5.0
0099285045	5.0
1597190241	5.0
0425258890	5.0
0671042459	4.0
0778323935	5.0
1406332933	4.0
0316199869	4.0
0984852964	4.0
0425259854	2.330470809792845
0425153789	5.0
1892112604	5.0
0307749649	5.0
0671042467	4.0
0263231186	5.0
1593076738	5.0
B00B8SAI3M	5.0
0385344325	2.0
0451415493	5.0
1582345341	5.0
0609601040	5.0
1939337259	4.0
0345483677	5.0
0373771983	4.0
0062242717	4.0
1439102724	2.111111111111111
1451645759	5.0
0020519109	5.0
1419708589	5.0
1439163162	4.0
1484075404	1.0
0373697503	5.0
0399157883	5.0
B00F942VPE	5.0
0345537181	4.0
1594146543	4.0
006213468X	5.0
0307962903	5.0
0756408792	5.0
1401310915	5.0
0316069515	5.0
0778328066	4.0
0525945598	4.0
B006WEZ382	5.0
0767927001	5.0
0345533712	5.0
0758255764	4.5
B006L8KL40	5.0
076420601X	5.0
1416567216	5.0
0988301318	1.0
1494715570	5.0
1479266930	3.0
0811876837	4.0
034553719X	4.0
1442483725	5.0
0446355453	5.0
B007GB4JSA	5.0
1439145741	5.0
054522490X	5.0
1569050910	5.0
1940026016	5.0
1451186355	5.0
0007442920	5.0
1441857737	4.0
0743477499	4.0
0306819651	5.0
0553590413	4.0
0764210890	5.0
B007QTTKZY	4.0
1596922095	4.0
1478952636	5.0
0061083097	5.0
0976152800	5.0
0307280721	5.0
0778329186	5.0
1934894516	5.0
1490904387	5.0
1478329130	5.0
0373200048	4.0
B005KFSWPU	5.0
0739328735	4.0
1854115669	4.0
0373777795	4.0
0525949909	5.0
037318493X	4.0
1250029880	5.0
0195059182	5.0
0373445539	5.0
0307913090	5.0
B00D89OGB4	5.0
B00629ZTOU	5.0
0062106066	5.0
0307458016	5.0
0373510012	5.0
1603425497	4.0
1477818367	5.0
B00IQWDO0M	4.0
0545102340	5.0
0373697694	5.0
1607057301	5.0
0515135305	4.0
1476722358	4.0
1612186173	5.0
1476722374	5.0
1570765391	5.0
1455520640	5.0
0606238409	5.0
1935149008	4.0
1479370118	4.0
1491521678	5.0
1423106865	5.0
125001980X	5.0
0505524287	5.0
155166321X	4.0
159403673X	5.0
1469235668	4.0
0007147295	5.0
0425212955	5.0
0743422732	5.0
B005JDRYAC	4.0
B00E8832QO	5.0
0758284942	1.0
0671042475	5.0
0800719891	5.0
1480588032	5.0
B00CC68FG6	5.0
0345531361	5.0
0980855942	5.0
0373285442	5.0
1442430508	5.0
0385338309	5.0
039915504X	5.0
1419705342	5.0
1495281523	5.0
0230769152	4.0
1890737143	4.0
0374532907	5.0
0764211129	5.0
042518403X	4.0
1481817299	5.0
1612182763	5.0
B00BGC6GG8	5.0
1400065755	5.0
0425262243	5.0
0446504122	4.0
0806986352	4.0
0425240231	5.0
0373776438	4.0
031621017X	5.0
0743422759	5.0
0758201540	4.0
055277572X	4.0
0312651317	4.0
1477809686	5.0
1580052363	4.0
0802122345	4.0
1596680733	5.0
0373692919	5.0
B00ILC52GQ	5.0
098663106X	4.0
0061941026	5.0
0451216768	5.0
1433524767	5.0
0738714844	5.0
0857521012	5.0
0451216407	5.0
B00HKYDIKS	5.0
0743570790	4.0
0778313549	5.0
B00A279DSG	4.0
1598805924	4.0
075828490X	4.0
0545424941	5.0
0345533429	5.0
0743422740	5.0
1479370312	4.0
0373244045	5.0
B005KK8EM6	5.0
0439064864	5.0
0985657464	5.0
1612172822	5.0
0399158308	5.0
1250010098	5.0
B003CT3094	5.0
B00AQSRMM0	4.0
0140567283	5.0
B007SNYV6Q	1.0
1611880254	4.0
0615549500	5.0
0976779803	4.0
0425270084	5.0
0425075877	5.0
0425218732	4.0
B00BWM2WLA	5.0
1440172129	4.0
1576759776	5.0
0399159347	5.0
0399163603	5.0
1401918875	5.0
037324939X	4.0
0439139597	5.0
0307939650	5.0
1551660202	5.0
014242207X	5.0
0373510306	5.0
0345376722	5.0
1250021529	5.0
B003FL6X52	4.0
0517189186	5.0
1470108097	5.0
B005E8YRJ8	4.0
B00GN0O430	4.0
0451233018	5.0
0545098920	5.0
0761172726	5.0
0062107313	5.0
044630557X	5.0
0843935960	5.0
0061667846	5.0
0446547573	5.0
148259787X	5.0
1551660210	5.0
B0078WD60O	4.0
0345543041	5.0
0373097441	5.0
B009K58SH8	5.0
0385340990	5.0
0007444117	5.0
1477594523	5.0
1451628684	5.0
0761169431	5.0
B009375NNA	5.0
0671317741	4.0
0425262227	4.0
1569243093	4.0
0983731721	5.0
1250030951	5.0
1463600682	3.0
1442430524	5.0
B00A0NOF7G	5.0
0345535529	5.0
B004AYD518	5.0
B009H9KJE2	5.0
1480217840	5.0
B00BHEYBK8	5.0
000755947X	5.0
B002SVQCGK	5.0
0373097549	5.0
161109948X	2.9999999999999996
B0089Q50CA	4.0
0312429703	5.0
B00ID2A1PQ	5.0
0778313476	3.0
B00H3RUY8G	5.0
077832544X	5.0
1612184669	4.0
0425251993	5.0
1470180642	5.0
0263875148	5.0
074329730X	5.0
1477818537	5.0
006178480X	4.0
0263873080	5.0
1624820166	5.0
0061348171	4.0
0345543084	4.0
1570765642	5.0
000721278X	5.0
0399159495	5.0
0399159126	5.0
1892112000	5.0
0842328610	4.0
0399160477	5.0
0451213653	5.0
0375831002	5.0
159523103X	4.0
0062014552	4.0
1419700278	5.0
1401603203	5.0
0425206882	5.0
1477809732	4.5
0615583407	5.0
0425261336	5.0
1881098168	5.0
1451612060	5.0
076115678X	4.0
0985199792	4.0
B009MGAAJ4	5.0
1937041050	4.0
1605043265	5.0
149431116X	5.0
0671023373	4.0
0385507968	5.0
1442346493	5.0
B00558UO7Q	5.0
