0316205214	5.0
1489523413	5.0
1493522175	5.0
1402285515	2.0
B00H0UT5KO	4.0
1423153286	4.0
0985817089	4.5
B008MFVPBI	4.0
B00IWZOAGU	3.0
0991698533	5.0
B00A27Z6LY	4.0
B00JBJKK6K	5.0
B009NFH6OG	5.0
B00IMKD22I	5.0
B00B6LRUOG	2.5
0615911684	4.0
B008IL47LG	4.0
0451240057	5.0
0316205206	5.0
1938639030	4.0
149353985X	5.0
0983472947	5.0
B00HZ1E4CC	5.0
0451233778	4.0
1600476899	5.0
B00D1KCYNW	5.0
B00H6EOKTK	4.0
0985817097	5.0
B00I3RJYKE	5.0
148390329X	4.0
0385736800	2.0
0373873697	5.0
1607064405	4.0
0986906417	5.0
B00CNKYU56	4.0
B003DA44KG	5.0
B00658O12E	5.0
B005CCM48M	4.0
1479275786	4.0
0425256189	5.0
0316205222	5.0
B00IOQBWP4	5.0
1463783175	4.5
B00JAXSEFQ	5.0
1493755544	5.0
0061257095	5.0
B0097FLONQ	4.0
1490523103	4.0
0439136350	5.0
0373002211	4.0
0142180289	5.0
1451629001	5.0
1500196444	5.0
B00JI09FIG	5.0
B00GL6FUMU	4.0
148186386X	5.0
B006QH61QI	3.0
B00F2OW9D0	4.0
0425256138	5.0
1475269749	3.0
0316033677	5.0
0996053018	5.0
1493645935	4.0
B005K0ODIU	5.0
0263899403	4.333333333333333
1481275259	5.0
0373778287	4.333333333333333
B008TR58JE	5.0
1479359084	3.0
B00HVMNJI0	4.0
0615822991	5.0
1493632639	5.0
1495960234	5.0
1493625489	4.0
B00I4DAJUG	5.0
B0092UD3GM	5.0
B00KLILI5M	4.0
B004W9BX7Y	4.0
1482619954	5.0
1493768824	5.0
0062105450	4.0
0786891424	5.0
B00ATRK1OY	4.0
B006O38XOW	3.0
061579615X	5.0
B004O0U7QY	4.0
B00EISXKVG	5.0
B004K6MMCY	5.0
B00CRJYSOG	4.0
0425235211	4.0
0988812517	5.0
0980245389	5.0
B00IB2PXRO	5.0
B00E9NKWNO	1.0
1937608093	5.0
1494244381	5.0
1480125717	5.0
B00JDPBAPC	5.0
143914799X	5.0
1495972216	5.0
0756407508	5.0
0061245089	5.0
0743486927	5.0
B00J47V0VI	5.0
0615703585	5.0
0615867855	5.0
B005W2Y08E	4.0
1442458720	5.0
B00GW413G8	4.0
1467980757	5.0
0062082272	4.0
B00CJ1EQSK	4.0
B00AWBU3DG	2.0
B00KFRZ63O	5.0
148261376X	5.0
1492824844	2.0
B0052ZAV9S	5.0
0553807803	4.0
B00DTELN9G	4.0
B00I2CPY4U	5.0
1937007812	4.0
B00IAYHZBK	4.0
146818475X	4.0
B00CKBRVPE	4.0
B00H59M0NE	5.0
1466280956	5.0
0307476073	5.0
B00BOJ7C1Q	2.0
1490952624	5.0
044640103X	5.0
B00AOOSQ4O	3.0
B005UNJDFA	4.0
0440246520	4.0
146109111X	5.0
0425237826	4.0
B004AM5B30	5.0
1937007820	5.0
B00GW9H8XA	4.0
0985138874	5.0
B00B73H3K4	5.0
0985851813	3.0
0440246512	4.0
1937608042	5.0
1481162527	4.0
1439147973	4.0
1489553207	2.0
1938623533	4.0
0141345713	5.0
0989373819	4.0
B009JKBGKK	5.0
0505528355	3.0
0984592687	5.0
1938593103	5.0
1938623541	4.5
B00EGJE2WS	3.0
1480220329	4.0
B00942EA8S	5.0
1494436345	4.0
B00CRMATNW	4.0
B006Z0LM2O	5.0
0373210337	5.0
B00FPAIY1M	5.0
0986906484	5.0
0985848219	5.0
0316221333	4.0
B009FC6242	4.0
1469252317	4.0
B009EFS1YE	5.0
B008747MF2	4.0
B008LX70HE	4.0
0718178122	3.5
B00AAZOMBI	5.0
B00ECE9O2A	5.0
B00AR3O6OG	5.0
1480299405	4.0
B00EMTDMEQ	5.0
0425220168	4.0
B00BIU3A26	5.0
130429529X	5.0
B00CKHW04A	4.0
0615605974	2.0
0615777856	5.0
1468065343	5.0
1482716275	4.0
B005ZOCEKU	5.0
B00EGJ7KVS	4.0
1451629052	5.0
B005C50KA8	5.0
1612184197	5.0
1481931628	3.5
B00J0ZCDBA	5.0
1623001250	5.0
1936305291	4.0
0821760912	4.0
0373885628	3.0
B00500796I	4.0
1937608018	5.0
1935204785	5.0
B00IFR0XP2	5.0
1781082332	5.0
B00GI3EDFQ	4.0
B00JBV3EY8	5.0
B0099LPCWC	4.0
B007RECSV6	3.0
1463596804	3.0
061589285X	5.0
B006ASJQKQ	4.0
B00BJCBPIO	5.0
B009A8RHV8	5.0
0989231828	4.0
0316278157	5.0
1466325429	3.0
B00CHPQAV4	5.0
B009ZPIJVS	3.0
0316201642	4.0
1477817131	5.0
B00IOXFQC2	5.0
130080484X	3.0
0987803786	4.0
B008JGCBXG	4.0
1490559175	5.0
B00BW9LNNG	4.0
1482736659	4.0
B00JM0QUV2	5.0
1495310124	4.0
B00HHXUW9C	5.0
0987803794	4.0
1477615717	4.0
B00CQUW9YC	5.0
B005LILSPW	3.0
B00I9N8IPO	5.0
B00J1WTSE2	5.0
1481294482	5.0
B00338070Y	5.0
0615827837	5.0
1483948978	5.0
1478251115	5.0
0062267175	4.5
B00D5YWZFQ	5.0
1475959532	5.0
1477817158	5.0
1466333022	2.0
B00BX5FMW2	4.0
B0092ML9AC	5.0
0451469402	5.0
B00A44SRO8	3.0
B00LT1BR5G	5.0
1451696779	3.0
1461012287	3.0
0451212002	5.0
0765325977	5.0
0821755528	5.0
B00BSDT1HG	4.0
B00J40AFSE	4.5
B00H91O5YA	4.0
B00AV36H44	5.0
0515124648	5.0
B0058P4Y6S	5.0
B00C44PW5I	5.0
B009Y8D718	5.0
1419709712	4.0
1490946810	4.0
B008DKORNU	3.0
1770841458	5.0
1476712980	5.0
1469926903	4.0
B00ATHX1GO	4.0
B008IL48BK	4.0
B00K3WXIFE	4.0
0758288182	4.0
0987818821	5.0
0451465067	5.0
B006XZ2FC2	5.0
0373777752	5.0
B009UX2VMI	4.0
0979335604	5.0
1466322349	5.0
0615894666	5.0
0373247575	3.0
B00B95FGVI	4.0
1494296470	4.0
B00BZ5EPI2	5.0
B00E9LS0OY	5.0
0062294776	4.6
0992423929	4.0
B00CEOR39Q	5.0
B007N6JEQ0	5.0
147675652X	5.0
B00GQJ2INQ	5.0
B00KXM8IP4	3.0
1493569724	4.0
0307700666	5.0
1440564272	4.0
0451462807	5.0
0989776115	4.0
B00HUVO5NA	5.0
0312531176	2.0
0988752409	5.0
B00CAB3DSS	4.0
B003ATPPVM	3.0
142012126X	4.0
B00DW973II	5.0
B00BFQEFJU	4.0
0062292129	4.0
0316133973	5.0
0982432100	3.0
0062294784	5.0
B006T5AJ5G	5.0
B007RO8PJK	5.0
0385737386	2.0
1476756546	4.5
006201983X	5.0
0987818864	5.0
B00413PTT4	4.0
1492338141	3.0
1423171020	4.0
0061894575	5.0
0062133438	5.0
B00BGXA1S6	5.0
0982432119	3.0
159414723X	5.0
0451237315	5.0
1477817182	4.75
1484043596	5.0
B00AU4L7KI	3.0
1476752192	4.0
B00DJK31TK	5.0
B00JM1HMAO	4.0
B004LROQG2	4.0
B008WFJTOS	5.0
B00ATUZ4BG	4.0
B00FKERXXS	5.0
141970530X	4.0
B0098ZYB3U	4.0
0557384737	5.0
1937007014	5.0
B00K4PWYVE	5.0
0373207522	4.0
B0083D6BAY	5.0
1490527516	5.0
0615757375	4.5
1466294671	5.0
B00HNYHZEK	5.0
B00A8PYYOA	3.0
B00GKBHJIY	3.0
1423183096	4.0
0060735414	5.0
B003FL6X52	5.0
B00BWVEWZU	5.0
1909490016	5.0
1499192517	3.0
1622660315	4.0
B0051PLMTC	5.0
B00HNE1B18	4.0
1938127463	5.0
1482757532	5.0
1461154472	5.0
0451215923	5.0
0425240673	4.0
B0057XV0F4	5.0
0425265951	5.0
B008P4LJG2	5.0
0062078119	4.0
148231312X	4.0
B00JNKEG44	5.0
B00ILILD1S	5.0
0615585736	5.0
B006QAO4GY	3.0
1456435299	5.0
0778315991	5.0
B00J47HAUS	5.0
B00D0VURY0	5.0
1605045535	5.0
0451464591	5.0
1611189195	5.0
B0062RI0TS	5.0
0062078143	4.0
042526596X	4.5
0345361326	5.0
1484081870	4.0
1909490032	5.0
B00669PIP6	5.0
1420121251	4.0
1420121243	4.0
1611189187	5.0
B00ID0Y8OI	4.0
B009HJLOGO	2.0
1484842413	5.0
B00JYXYNF2	3.0
0062267159	5.0
B005TLKZR8	4.0
1482515237	5.0
B00HNERAL8	4.0
B00IGHAWWK	4.0
1477485066	5.0
1603818529	4.0
0505527847	5.0
0988986299	4.0
B005LUUYE6	4.0
0062267140	5.0
1467913006	5.0
1452664935	3.0
0545502047	2.0
1491006919	5.0
0061583219	5.0
0553582453	5.0
B00GOGXV5A	4.0
148003620X	4.0
148183925X	5.0
B00GKKU1NU	4.0
1492306509	5.0
B00LRQ6N48	5.0
B00H5XAQOU	5.0
1477507728	4.0
1492812080	4.5
B00G8BTRWW	5.0
B00AR84BUK	5.0
1482529858	4.0
0062078178	4.0
0312623046	2.0
1481224573	5.0
1475096852	4.0
0758269005	5.0
B00KA6RPBQ	5.0
B00GDN6GD8	5.0
1490490639	5.0
0451232496	4.0
B00K4PWHRK	5.0
1937856178	5.0
1493654829	4.0
B00H5GMYBA	5.0
B00KC8Q522	5.0
B0050Q4YBK	5.0
0062117378	4.0
1492744115	4.0
B00I88BUL4	4.0
148111834X	5.0
1479276278	4.0
147501239X	5.0
B00J5NRIIK	5.0
B008Y6B4S4	5.0
0375424334	5.0
B00E9NMDJA	4.0
B00585CJAG	5.0
B00JLJPPBK	5.0
B00AOON1LC	5.0
B007OPUIGU	5.0
B007KSE4Y8	4.0
0062060783	4.0
0062078070	4.0
B0060ZB9RW	3.0
145162607X	5.0
0544142934	4.0
0425227723	1.0
161218359X	5.0
B00H2NC97A	3.0
1480217417	5.0
1908917806	3.0
0983706387	5.0
1475095651	5.0
B0079R4IU0	4.0
0984901817	4.0
1492323039	5.0
1475057385	5.0
B00BI8K6RK	4.0
B00HIBXKQK	5.0
B00HXQGS50	5.0
B00HJJW0I0	2.0
1461156254	5.0
1607061228	4.0
B00F9CEBXQ	4.0
038574126X	3.0
1933320664	5.0
B00JWET7TU	4.0
0062257803	2.0
0312614802	5.0
B00IGW2ZXY	3.0
1300773375	3.0
1612183581	5.0
1460981634	5.0
B00G9GRRPU	4.0
1482669285	3.0
1617060682	4.0
1620612917	4.5
1468008862	5.0
1481136194	4.0
B002HJV4DE	5.0
1482030683	5.0
B007GHNGQK	4.0
B007RMHRMS	4.0
147007169X	4.0
B00JFRYFL4	5.0
B00C5TJTI8	5.0
1481280767	4.0
B007OOW42M	2.0
B009ZTNIK6	4.0
1492993786	5.0
0984419608	3.0
B00BODKZF2	4.0
0989403211	5.0
1484131673	2.0
B00CIX79N8	5.0
B00AND5YIM	5.0
B00GKUGHWE	5.0
149429169X	4.5
0060987103	4.0
1495281078	4.0
B00DLGR71U	4.0
0316222704	4.0
0373802358	4.0
0983706352	5.0
B00H7JWX02	5.0
B004ZZJ9PS	5.0
0615845517	5.0
193332063X	5.0
B00GBIYX8A	4.0
1933320648	5.0
1935302272	5.0
B009MA8N0S	5.0
B004UGM69S	3.0
0991841174	5.0
0345525485	5.0
0615801951	5.0
B00HHJGI5S	5.0
B004BDP5G6	3.0
1451527756	4.5
0988439603	5.0
B00CCTYXEG	5.0
1938593081	4.0
B00JCELEZ0	5.0
1440414742	5.0
B00KQA8Y7K	5.0
1939859034	3.0
B009JY5FU8	4.0
B004E3X9CK	5.0
1481150456	4.0
1489521534	5.0
B00845CM5O	2.0
B004PYDHC0	5.0
1611183979	4.0
0615741932	5.0
0425269590	5.0
0985822570	5.0
1499504039	5.0
0802734685	4.0
1927415802	5.0
B006R5SB2Q	3.0
0764588419	5.0
1466276983	5.0
1483966763	4.25
B006CC6ZTU	5.0
057805339X	3.0
1442488697	5.0
B00FAFJU8S	5.0
B00J8QG7BI	4.0
1608501140	5.0
B00LLWDUDK	5.0
1491232986	4.0
1492141224	4.0
0399257543	2.0
B00BUKRALG	4.0
1461017092	2.0
1909490199	5.0
B00IZ549CM	5.0
1484927850	5.0
1781846197	5.0
0425226409	4.0
0316328227	5.0
0778315053	4.0
1936617021	5.0
006173506X	4.0
0425227731	3.0
B006ZOP1T0	5.0
1623781264	4.5
B00F1IFK6A	3.0
B00IIYHLM0	3.0
1477809589	5.0
B00GOJZAII	5.0
B00CE4A8UM	5.0
1456527738	4.0
0451228219	5.0
0988439638	4.5
098843962X	5.0
1483940993	1.0
B00JDYC5OI	4.0
1939173116	5.0
1495307352	5.0
B0087B78W2	3.0
0984419659	5.0
1482707268	5.0
B006WXT8MK	3.0
1940223040	5.0
0143123629	5.0
B00EZGN2VO	4.0
B00BFQEG0I	5.0
B00A2ZMETI	3.0
B00I53Z798	5.0
B00K0YPPME	5.0
B00E6XLG82	4.0
1478114827	4.0
B00BQYQJH2	5.0
B00G4L8EU2	5.0
B00IJJ6JW2	5.0
1936305380	5.0
0062264982	4.0
0984419683	5.0
034553087X	5.0
B00FX7L5FO	5.0
0615889158	2.0
B00AA0Q0J0	3.0
1451656793	4.0
1493709712	4.0
1420118633	4.0
0373605153	5.0
B00F77FJ1Q	5.0
1468157248	5.0
B00EBN532W	5.0
1480138320	5.0
0316199869	4.0
B008RNOOM2	2.0
1466451033	5.0
1937733181	5.0
1936403838	5.0
1477529128	4.0
1481802119	5.0
1605040878	5.0
1620610353	4.0
B004PYDHHA	2.0
1475066228	5.0
B00JD6CVXG	5.0
0373778376	5.0
B00GGUXYY2	5.0
1937608182	5.0
0373210493	4.5
1484053699	4.5
1475181221	5.0
0345532600	5.0
1620071797	5.0
1481932861	5.0
1593592949	4.0
0425266451	5.0
B0080GUO6Q	4.0
158240612X	5.0
0441019250	5.0
B00G1IM260	4.0
1939713218	5.0
1937608115	5.0
149031802X	5.0
B00F1RE1M0	4.0
0989231852	5.0
0062241443	4.0
B00HBIZ4UA	5.0
1492928720	5.0
148203901X	4.0
0312569033	3.0
0615612369	3.0
B007XL69RM	5.0
B00BFIR2HU	5.0
1939872049	5.0
1467930571	5.0
B00BED271M	4.0
1466211636	3.0
1938623614	4.0
B00DYVWVIQ	4.0
1493773445	5.0
B00EDCR48M	4.0
B00LF56Y3Q	5.0
B00685NFI0	5.0
1456497499	3.0
1622429176	5.0
B00LRM150O	5.0
1480289949	4.0
B00DRL96CC	4.0
1453873252	5.0
B00CNVN1IM	4.0
0446573051	4.0
1480207217	5.0
0578120763	5.0
B00JCW0BLK	5.0
0373675895	5.0
1442436670	4.5
0007442920	4.5
B007WMQJ8G	3.0
0731810597	3.0
0316278270	5.0
B00FHREXVI	5.0
1939559111	4.0
1477809627	5.0
B007OXKDNK	4.0
1492135496	5.0
B00IX4583Y	4.0
B00KXZUIZ4	5.0
0312642970	5.0
0345545834	5.0
B00EDMWPK4	5.0
0061735108	4.0
B00HEODK1G	4.0
B004YWKDZC	3.0
B00CD41ICU	2.0
0989108198	5.0
B00AP7Z27Y	4.0
B00H12XKK2	5.0
0425208648	5.0
B00H1VKZL0	5.0
B00A2CWS4C	4.0
0975978470	4.0
B008T4T974	3.5
1477604944	5.0
B007SA682Y	4.0
1599631334	5.0
0821766996	5.0
0646558536	5.0
B00HXXLQ1Y	4.0
B00CGPLP6K	4.0
B00H2Z5KK6	5.0
1475145578	4.0
1939786177	5.0
1453783202	3.0
B00EBSRTJM	5.0
1484931963	5.0
B00EO2X0OS	5.0
B00KVOTDRQ	5.0
B00I1TD7BG	5.0
B00I5B5MIG	5.0
0345479904	4.0
1455574457	5.0
B00938UJYW	5.0
0425253244	3.0
0975978462	4.0
B00GV2H04K	3.0
B00ILKT62O	4.0
1477530193	3.0
B009MARZES	1.0
1610340361	4.0
1492779571	5.0
0985607130	4.0
1455520640	5.0
0061951013	3.0
B00CZF94R8	5.0
148234873X	5.0
140226318X	5.0
B00CPXT38A	5.0
B00H0OKZFE	5.0
B00GQ0OF8G	5.0
1499514328	4.0
1494722631	5.0
B009AEM4YC	5.0
1939786150	5.0
149473592X	4.0
0615490034	5.0
B00CNTSVB6	5.0
B00ASPRQRW	5.0
1470068982	5.0
1940941423	4.0
B005E0W3LK	4.0
B007Q0HS9S	1.0
1610261003	5.0
0062019740	5.0
1482394677	4.0
1582408831	5.0
0989108171	4.0
0989108155	4.0
B0031Y9CPG	3.0
149280584X	4.0
1607066157	3.0
B009JQRJYQ	5.0
1927403022	4.0
1461085977	5.0
0062135953	4.0
B00DUIU0KE	5.0
B00AM7C7GG	4.0
1480213985	4.5
B00G1AVMO6	4.0
B00K0OL35W	5.0
B004TAUYSK	4.0
B00BMKE7FG	5.0
B00K2CQPA0	5.0
B008GBCCMO	3.0
0062133306	3.0
1492350915	4.0
0425266516	3.0
B00CLWUOA6	5.0
1492230790	5.0
0985154837	4.0
1484120906	5.0
B00C11XQLG	2.0
B00ASP1ZI8	5.0
B005VUU4KU	3.0
B009RRXB8U	5.0
B007XY2SGA	4.0
147937296X	4.0
1620610396	5.0
0062245074	5.0
1402263155	5.0
1479370312	5.0
0316027650	5.0
1467929514	5.0
B00G13BDVA	5.0
1470077892	4.8
B00GQZ653E	4.5
B0070FZB9I	5.0
B00JJBZNL2	4.0
0557175216	5.0
B007NZWK0S	5.0
1484131622	5.0
B00CC6X8HC	5.0
B00BOXB0IS	5.0
0373797427	5.0
0758216416	4.0
1495960390	5.0
1449511813	5.0
1480049638	5.0
0425206866	3.0
1620612194	5.0
1612178189	5.0
0451200799	5.0
0505527936	4.0
1468008919	5.0
B00KBA6PKS	5.0
B00475AU2M	5.0
B00L8656QS	3.0
B00EVDTEZE	5.0
0446547573	5.0
B007I87NW0	5.0
1482792621	5.0
B00C8EUHQS	5.0
B008NXLRQW	5.0
0425267806	5.0
0988489112	5.0
1442488662	5.0
1476730946	5.0
1490933646	5.0
1475070306	2.0
B00HI3MSV6	4.0
1482089254	5.0
B009OUY24W	4.0
0615644805	5.0
1491253002	4.333333333333333
B006C4AFSA	4.0
B00DNCONGE	3.0
B0082SJRMY	5.0
B00EF51IZC	5.0
B00G8ULD1Q	5.0
B004GXAZ0C	5.0
B00BNFLCGW	4.0
0441015662	5.0
1419952900	3.0
B004KKXQZM	5.0
1493780557	5.0
0547393091	5.0
0062351893	5.0
B00KC8F438	4.0
B006HHDYPS	5.0
B00H1BHWC0	5.0
0425272346	5.0
B00AA5CKPI	4.0
1476760772	3.0
B005LRB984	4.0
B007IO7C6Q	1.0
0451236718	4.0
B00D381IKW	5.0
1481100920	4.0
B008DCV3I0	4.5
0062060759	3.0
1489586083	4.0
1491039701	4.0
B00DUX3FTC	5.0
B00CKWTFJ8	4.0
1451671598	5.0
0425272354	4.5
B0052XTW5O	5.0
0758276915	3.0
1442488603	4.5
193885733X	5.0
0505527979	5.0
149594123X	5.0
0615608329	5.0
0786224967	5.0
141996710X	5.0
1493547658	4.0
B00BD5OJP8	5.0
1476751803	4.0
0062117262	3.0
1481058134	3.5
1612183549	4.5
1494815699	2.0
B006L4C066	3.0
B005L34H00	3.0
1934912603	5.0
1499145284	5.0
0399162410	4.0
0241966647	5.0
0615639496	5.0
B005EJALBK	5.0
0505526654	3.5
B00CH3NV4U	5.0
1470065843	5.0
1939786118	5.0
0312577427	5.0
1479327573	4.0
1594745234	5.0
0778314596	5.0
0985199792	5.0
B007IIHXUW	4.0
B00FIP1C6I	5.0
0989527417	4.5
B00JUENUYU	4.0
0991309618	5.0
B008OYM3EK	3.0
0425240827	4.0
B00DFFMYOW	5.0
B002YX0NX0	4.0
147518400X	4.0
0802734588	2.0
B009DHBW26	4.0
0441019730	5.0
1477847103	4.0
1495200388	5.0
1630350273	5.0
0425267067	3.5
B0070DZI70	4.0
1419953249	5.0
1607379171	5.0
B00CGFEICS	4.0
B00CVUYECW	5.0
B0053PVHTU	4.0
B006MLKZWO	5.0
0989247988	3.0
B00K1053R4	5.0
0557466091	5.0
1471133524	5.0
1402260466	4.0
1484053524	5.0
1601545177	4.0
1612184340	4.0
B00IMQLMJ2	4.0
B00CAWFFRE	5.0
0545422906	5.0
B00CAD2LBG	5.0
B009REPD1Q	5.0
1495480534	4.0
1937053571	5.0
0345524241	4.0
1455526975	5.0
1463512546	4.0
0425144569	3.0
B00HLA3AAO	5.0
1482694158	5.0
B008EEQ1LQ	4.0
B009P2HTDU	4.0
B00AZDXO6O	5.0
1484021959	5.0
1461052149	5.0
1938857151	3.0
0446582514	5.0
0670024783	5.0
1490432868	5.0
037321099X	4.0
B008V1UB86	4.0
1480272132	4.0
1479124591	5.0
1484830202	4.0
1607379163	5.0
B00GCMGWMA	5.0
B00GJ3CGCC	5.0
0615782140	5.0
0062273159	3.0
0373210973	4.0
B00ISWJAJY	5.0
B0084HAYF2	4.0
0615822762	5.0
1477847146	4.0
B00EBRDEF6	4.0
B00BQMEPV6	4.0
0984562133	5.0
1475244207	5.0
B00I4FFXKU	5.0
B0087U7EFO	5.0
B00AZKPNRA	2.0
B00FJPFGEG	5.0
1492771198	5.0
B00A9JQH7M	4.0
B00IJI2RH4	5.0
B0065TF8Q6	5.0
1476763526	5.0
B006MN996A	4.0
B004NIFO56	4.0
0425222195	1.0
B007GG9XEU	5.0
1466455330	5.0
148276895X	5.0
193781503X	5.0
1494744031	5.0
1402217633	4.0
B009LB501S	4.0
1499142978	5.0
0615660576	5.0
B009SF5ITG	4.0
1489519106	5.0
0679442448	5.0
1494968525	5.0
B005XRPPCI	4.0
B006SP2BS0	5.0
1476718970	3.0
B00FYZVQY0	5.0
1439192316	5.0
1941098096	5.0
1468112422	4.5
0449815978	4.0
1609280881	5.0
0062217070	5.0
1478273984	5.0
B00J3BRW6C	4.0
147003655X	4.5
0425267040	5.0
1599982137	5.0
B00I4I4INA	5.0
0615810756	4.333333333333333
1597480770	3.0
1423157419	4.5
B00HTEKNPW	4.0
1490995935	5.0
1484076249	3.0
B0071LLL2M	4.0
0989281000	5.0
0451417909	4.5
0316036919	5.0
B00851M33S	4.5
0316093580	4.0
1483904776	5.0
B0095ZIBIY	4.0
B0055PTGS2	5.0
B0042P5DA6	5.0
B00HH1JVCI	4.0
061576567X	5.0
B0079Q4JIC	3.0
1631420038	5.0
1937608271	5.0
0970629397	4.0
B00FCRLDWA	5.0
B00BCFWJ6K	5.0
1479333573	5.0
B009B11BKW	5.0
1495205215	5.0
0957575750	3.0
0062278819	2.0
B00EX07ZBA	3.0
B00J0KYFSO	4.0
B00I249B9C	5.0
0989281027	5.0
1420108905	4.0
148956893X	5.0
0758263090	5.0
1482796104	5.0
B00BCFWJ74	5.0
B00FMF21QO	5.0
B00DPMATHY	4.5
B00JO4HBDM	5.0
1480063592	5.0
1936593254	5.0
B00KIXIBYQ	5.0
1481976303	5.0
B00LF3R4WI	4.0
B00EDQ5UF2	4.0
B00I5YACE2	5.0
0451463803	5.0
B006TQV80A	4.0
B00AV4X6GK	5.0
B00BCFWJ8I	5.0
1456717936	3.0
1630350222	5.0
0989281043	5.0
1439188238	5.0
B00IKMPTTW	5.0
B008YHADA8	4.0
B00CO73GA8	3.0
1497385261	5.0
B00CW10KH8	4.0
B004I43T20	3.0
149612619X	4.0
B00FQ5TSFC	5.0
0373210132	3.0
1432796364	4.0
B007UAUPT4	4.0
0061041696	5.0
0989416402	5.0
B00IOT62Q0	5.0
149539090X	5.0
0425241270	1.0
B00D3PFFJ0	5.0
B00LTYZ0S8	5.0
1607060221	4.0
0982639104	4.0
0758268734	3.0
1440433151	1.0
0991763491	2.0
0970629354	5.0
0990523519	5.0
0987417681	5.0
0451419707	5.0
0989416410	5.0
B00AK0L9QY	5.0
1442435003	5.0
0062304828	5.0
B005VE3XI6	5.0
0451419715	5.0
B00FFC9QSK	5.0
0989416429	4.0
1936305062	5.0
B008CVO3CA	4.5
B00G8PFI08	5.0
1250044596	4.0
B007Z9DDTE	4.0
0061229687	5.0
B00JD223TW	5.0
0982661002	4.0
0738735140	3.0
0425245659	5.0
0062098454	3.0
B00BTIDXVU	4.0
0987417665	4.0
B008B11GTY	3.0
B00JBV3PNS	5.0
0758268726	3.0
0061229695	5.0
1482319055	4.333333333333333
0446672505	5.0
B007MIITQA	5.0
B00B09ZD3Y	2.0
1257752227	5.0
B00FJ63QNS	4.0
1926997964	5.0
B00F74K5K4	5.0
1496109686	5.0
1939455022	3.0
B009GBDMHW	5.0
B00BXV0G9U	4.0
B00KGL0Y3Q	5.0
B00BTTJ8E0	3.0
B004NSVIRE	5.0
149236522X	4.0
0385516169	3.0
1499145136	5.0
B008NBYHPC	2.0
0374346674	4.0
B00C0D2MAQ	3.0
0230755062	5.0
0062229907	5.0
B007NUVB2Q	4.0
0982903359	2.0
B00EQAFEBA	4.0
B00BGUHBS2	3.0
0451236254	4.0
B00D7UHLV6	1.0
1622415450	5.0
1490449647	5.0
0062245171	5.0
140883233X	5.0
1250029880	5.0
B00G626JKQ	4.0
1475090404	5.0
B00HB12QU8	4.0
0451463072	5.0
B008ENPBH2	5.0
1939786053	5.0
1494443252	5.0
1938231295	5.0
B0054SLCOQ	5.0
1423148495	4.0
0615582052	5.0
B00BCA1YHK	5.0
1623420687	5.0
0988978016	5.0
0743466691	5.0
1482504359	5.0
B00C6EHDFS	5.0
0425244407	4.0
0982903383	4.0
1477454543	4.0
0061474312	5.0
1482664399	3.0
0425264017	5.0
1482748436	5.0
B00HM9M5OG	5.0
0062076108	5.0
0373210086	3.5
1480148199	3.0
1484812352	5.0
149929798X	5.0
B00E5JAIP4	4.5
1492767891	5.0
1492103748	5.0
0606238409	5.0
1939455030	4.0
B00BCFXDBK	4.0
1461017726	3.0
0062076116	5.0
B006E88V4O	2.0
1937608220	5.0
1938601122	4.0
B00KNXM4D0	5.0
B00I66RCRE	5.0
B005GM2OB0	4.0
B00FA0SCM8	5.0
1402262159	5.0
B007JW1UHY	5.0
1933678089	5.0
0142422959	5.0
1484967836	5.0
1468187953	5.0
1497326923	5.0
1419967061	5.0
B0090W7ZB6	4.0
148207124X	3.0
B00HEX4NSQ	4.0
B00CJWAVAQ	4.0
0982903391	5.0
0345384687	5.0
B00EMGVJSK	4.0
B005TLFA82	3.0
1478126434	5.0
B0066UUR6A	4.0
1479390046	4.0
1939786096	5.0
1463559275	3.0
148183682X	5.0
B00BF25K5W	4.0
0316133736	4.0
B009MQQJ4E	4.0
B00G1OUT0A	5.0
B00GR9M2OA	4.0
1497587557	5.0
0778313530	5.0
1481915428	2.0
1489515690	4.0
B00K9NWRHW	4.0
1466358289	5.0
0425242668	5.0
193978607X	5.0
0991088719	4.0
0983797579	5.0
1844883078	4.0
B007TX62R6	3.0
1494755610	5.0
B00AM4HTEE	5.0
147002151X	4.0
1250039290	3.0
0988695103	4.0
B00KUEHAZO	4.0
1466223200	5.0
B00DPM7VHU	4.5
1615728678	5.0
1477820108	5.0
B00DPM7VI4	5.0
B00FKKB2TS	4.0
B008YRVG6S	4.0
099050560X	5.0
0988771373	5.0
B0059K0YMA	5.0
1452663874	5.0
0615974171	4.0
1416516166	4.0
B006GXFTRE	4.0
1481025988	4.0
1452661219	5.0
0988695111	5.0
B00DLR6ZEY	4.0
1493659472	5.0
B00IZO08D2	5.0
1495340600	5.0
014242207X	5.0
0312360827	5.0
0984562109	5.0
1416509879	5.0
1402262124	5.0
B007TGHDA8	4.0
1442485256	5.0
0988047217	5.0
1936305941	4.0
B005GSS26K	4.0
1499150555	5.0
B00FY2QDH8	5.0
1937044661	4.0
147835903X	3.0
0991190912	5.0
0615641407	4.0
1770495479	3.0
B00IOBXHES	5.0
0615801048	5.0
B005PB0FEU	1.0
1941205038	4.0
0373210914	4.5
098869512X	5.0
B00EE0SH9S	2.0
148267324X	4.0
1941098126	3.75
B00GGL8UWM	5.0
B00C2FCC0M	4.0
0370332288	5.0
1492940003	5.0
0312272057	5.0
1489568131	5.0
B003M5IP2A	4.0
1477458999	5.0
1442485280	5.0
0425251578	4.0
0451464338	5.0
1484988795	2.0
1476761779	4.0
B00D9XY7MC	5.0
1595145931	3.0
1623781183	5.0
0439023483	5.0
B00F3CE6O6	2.0
1250006333	3.0
1612185622	5.0
B00AWHG6E0	4.0
0984247599	5.0
0615977235	4.0
0062127373	4.0
0988729806	5.0
B009YLRDQK	4.0
B00BH68UCG	5.0
0439023491	5.0
0373210906	2.0
B00G00GUVM	5.0
1479318760	4.0
1612185630	5.0
1495416046	5.0
1609280806	5.0
1612186963	5.0
1463762542	5.0
B005W7QBM2	4.0
1451641850	4.0
1455520799	5.0
B00IWBT11I	5.0
B00F8N5ZNQ	4.0
0989245330	5.0
B00HDZJOAW	5.0
B0050CODYM	4.0
0982903340	4.0
0984247580	4.0
B008LBAW58	5.0
1250021944	4.0
B00D2KZCYE	4.0
0983392900	4.0
0743566572	5.0
1939786002	5.0
1937254550	4.0
149043013X	5.0
1489515607	4.0
098582803X	4.0
1414319568	5.0
B00HHDEGJE	5.0
145557631X	4.0
B004G092HC	3.0
0992142202	5.0
B00AGA4UGY	2.0
1482525240	5.0
1469969424	4.0
1940695333	5.0
B009MD66JK	5.0
B008V9Y648	4.0
B002YX0MYK	4.0
1612177921	5.0
0595323200	5.0
0938497510	2.0
0987192515	3.0
B00K90Z0C4	5.0
1481276034	5.0
0989479900	4.0
1625289995	5.0
0515141658	5.0
B00EBC0LHK	5.0
0425251608	5.0
B00HGX5ASQ	5.0
1479239534	5.0
B00HAPUWHY	5.0
B00IUN18J6	4.0
B00CJV1T4Y	5.0
1419965107	3.0
098488789X	5.0
1484050371	4.0
1630350168	4.0
B00BHHDN4K	5.0
061558151X	4.0
059587343X	5.0
1477473831	5.0
0983803714	3.0
0989450252	5.0
0062107712	4.0
B00HW1LRRK	5.0
B00EDDC0NK	5.0
1494289105	5.0
B00AIB1XCA	4.0
B0083JC20G	4.0
0984887873	5.0
1491055189	5.0
0062198505	5.0
B00F8FXDHY	4.0
1466225157	4.0
B00BJL07CK	5.0
1476783284	5.0
B00KSFTUAI	5.0
B009B1JJM4	5.0
B00H0GED9Q	4.0
148398527X	5.0
1495389812	5.0
B00H0V069M	4.666666666666667
B00J2CJVI4	5.0
B004U362DC	5.0
0451240197	4.0
1492784370	5.0
014219672X	4.0
1612131719	5.0
B00GK8N03A	5.0
1492828211	5.0
1630350184	5.0
1490909265	5.0
1439159661	4.0
B00AKI4IO6	3.0
1630350192	5.0
0989450236	5.0
B00AVKSQCS	4.0
1482318687	4.0
1468098578	4.0
B00GGIUUNW	4.0
0843957352	5.0
B00586XP5S	4.0
B00KH083SO	5.0
B00KTQJONY	5.0
B00COVL7SC	5.0
B006V58FU0	5.0
0060517573	5.0
0062107763	4.0
1455599182	5.0
B008DS35CQ	1.0
1493740385	3.0
1927423201	5.0
B0081JU9ZS	5.0
0449002942	5.0
1494407752	5.0
0989305635	5.0
1250018390	4.0
1630350125	4.0
1622660471	4.0
0615548962	4.0
162482076X	5.0
0451224906	5.0
1482718529	5.0
B003I84LYW	5.0
1936214075	5.0
B0085WGUMM	4.0
B00JTERARO	5.0
B005ESA382	5.0
1494206110	4.0
B00BP5FWN4	5.0
1612185592	5.0
1492291560	5.0
1602728631	5.0
B00DXU05C2	4.0
1467968986	4.0
0989305600	5.0
080273443X	3.0
B00IQOFTEE	4.0
0446612774	5.0
B00GC6XXVE	5.0
1479257389	4.5
0515141674	5.0
0062107739	4.0
0615739407	4.0
B0072Z5EHA	5.0
1476763623	4.0
B00IQS9O00	4.0
043902353X	5.0
B00IM7QKJI	5.0
B00BMG2NMY	5.0
1595071105	5.0
B004P1J0VU	5.0
B00IEDC0R6	5.0
B00G8BHJB8	5.0
B00DL5T200	5.0
1484829379	4.0
B002FSTJOS	5.0
B00GG16OO8	4.5
B0066PSJME	2.0
1250018374	5.0
1456325787	4.0
B005PG5I4C	3.0
1451689012	5.0
1479218685	5.0
1484889029	5.0
0843961430	4.0
0385342276	4.0
1419950010	4.0
0385342284	5.0
B00A9V2X3M	4.0
031623012X	2.0
1909306800	4.0
B00AKI4IT6	3.0
0312303467	5.0
0373210264	5.0
B00E4QM0YU	5.0
0505528231	4.0
1484180496	5.0
0062273248	4.666666666666667
1451689004	5.0
1612186009	4.5
B00GZANS6M	5.0
1493626655	4.666666666666667
1612580394	5.0
1481997114	3.0
1477578749	5.0
148398348X	4.0
B00GCG7JLE	5.0
B0081CUVIU	5.0
0505528223	3.5
B007R82KLK	4.0
0373605390	5.0
0615429505	5.0
B00CX20YRW	5.0
0553589733	5.0
1452655235	5.0
1451613865	5.0
0452297540	4.0
0595490980	5.0
0141326085	2.0
098870742X	5.0
0062273264	5.0
1478355395	5.0
B00B9I1M5O	5.0
B00HP1I71Q	5.0
1490938648	5.0
1490494871	5.0
1476756503	4.666666666666667
B008BJJT86	4.0
B00FMIB7VQ	5.0
B00BY8QIVW	4.5
1468185527	3.0
1419951378	5.0
1455527564	5.0
0439023513	5.0
0615880576	5.0
0987803735	4.0
1939816165	4.0
0380792621	5.0
0989450201	5.0
B00HTIQGGI	5.0
B00H2YVNVC	5.0
B0092Q0UJY	3.0
145389523X	4.0
0425231119	5.0
0615511600	5.0
B006NU4CJ6	5.0
B009WA18IC	5.0
1419964615	3.0
B00CCI6D2W	4.0
B00ILYTK44	5.0
0984325689	4.0
B00501HUA2	4.0
149731061X	5.0
B00DJB6KE2	3.0
1497572320	5.0
1492886181	5.0
B00J8N6SJM	5.0
B00BZPLHJM	5.0
0981461069	5.0
B00CT3345E	3.0
0062006169	3.0
1606843540	2.0
B007JEE916	4.0
1469984016	3.5
0099911701	4.0
B008N47FNA	5.0
1466234989	5.0
B00699917E	3.0
B00J8N6SIS	5.0
0425243117	4.0
1455515558	4.0
1599983508	5.0
B00JIV2YA6	5.0
0692202536	3.0
0988707470	5.0
1493643274	5.0
0984325662	5.0
B00BNGXORQ	5.0
0451216482	5.0
B009Y89HJE	5.0
0988218208	5.0
B00D33DTEU	3.0
1482052245	4.0
B007GO359Q	5.0
B0081VXDZY	4.0
B005QEA87A	4.0
1484909917	5.0
B00HJZF38S	4.0
B00FO7OCU8	4.0
0545537460	3.0
B00CCRTFSC	5.0
1461006953	5.0
1463768591	3.0
0544074114	4.0
B00FO7OCUS	4.0
1477817492	5.0
B009LD3FAY	5.0
1595143203	3.0
B00906DAUW	5.0
0984595775	4.0
147815943X	5.0
B00C9QYUF4	5.0
B004GXAWEG	4.0
1484055268	4.0
B008Q5YQB0	4.5
B006M49TE6	3.0
1938404009	3.0
1491208295	5.0
B004OC038O	5.0
0991192818	5.0
1607377446	4.5
0062019554	5.0
1452661197	5.0
1402274068	5.0
B00AJB491G	4.0
B00IZL6KTG	5.0
B00BTMGBD8	5.0
B00LUCO52G	5.0
1402262094	5.0
0425252159	5.0
B00KTE0JJY	4.0
0062274627	4.0
0451237471	4.0
098321252X	4.0
1927368006	5.0
1496145437	5.0
1477403043	5.0
0316199699	3.0
B00DK43O7E	4.0
B005U31RPY	4.0
B00K60KRG6	4.0
1484977939	5.0
B004LROREI	5.0
1489535195	5.0
B00L3I1BSS	5.0
1490492291	4.0
B005S1XTEA	4.0
0615423493	5.0
B006RAMY9W	3.0
B00IY4NDG2	5.0
1481978063	5.0
B00820YRF4	5.0
B00H2NC7HM	5.0
1455520810	5.0
B003WQBDX2	4.0
B0058DL21K	3.0
0316199680	4.0
0062100203	4.0
B00BMM5M3A	5.0
1620610116	4.0
B0092Q3DXY	4.0
1480588032	5.0
1419970585	5.0
0373776780	5.0
0373210183	4.0
B00A2V2LC2	4.0
1468002104	5.0
1480132705	4.0
B005AJC0JA	4.0
B00CL4N9PG	5.0
B005NWIAAW	2.0
1484869346	4.5
B00DAIUOYG	5.0
B00KVT8U4S	5.0
1453880941	5.0
B00DLIH8IK	5.0
B008283TVO	5.0
1484807944	5.0
B005C5YZ86	4.0
0983212546	5.0
B004FN2CQI	5.0
0425245802	4.0
1499195303	5.0
1476776040	5.0
1468130315	4.0
0316234478	3.0
0786838922	3.0
1105086380	3.0
125005236X	4.5
0982706243	5.0
1620611473	3.0
B007S1L058	2.0
B00D1Y90AS	5.0
B0089LP42G	2.0
B00B1YWYL2	4.0
B00H27TJ6U	5.0
1476776016	5.0
B00ECZ6I00	3.0
B00C6ZTN64	5.0
1609280075	5.0
1482659727	4.0
1483924238	4.0
B00LMU9PPS	3.0
0988275708	5.0
1781846871	5.0
B00BW73VVU	5.0
B00IQOFT5I	4.0
B00GHT8YVA	5.0
1470086115	5.0
0425266745	5.0
B00EGJ32II	5.0
0615942423	5.0
B002G1ZUI8	5.0
B00F1R9BKM	5.0
1482576988	5.0
1475119054	5.0
1442472057	5.0
B00H2LZOOC	5.0
1495327515	5.0
0451464443	4.0
1479204951	5.0
B005ME39HU	4.0
0988975009	5.0
1483943348	4.0
B00BWUHSEI	5.0
B00C74OY1S	5.0
1476717710	3.0
1476763607	5.0
B00KSNT3IE	5.0
B00H6ETDNS	4.0
B00BV0A5SK	5.0
1481960741	4.666666666666667
B009OZN6DA	5.0
B00CD7QO5S	5.0
149617707X	5.0
0061957895	4.0
1494783827	3.0
B00I66DSFE	5.0
B00GXCWEIK	5.0
148259787X	4.4
1477559647	4.0
1469978210	4.0
1493543016	4.0
0345533232	5.0
B00L2FG1Y6	5.0
1490396535	3.0
1479338478	5.0
0062024035	4.0
B00EBX56V0	4.0
0991481704	3.0
B00875HAJO	3.0
B007NBCCA0	4.0
B008OYM5FC	4.0
0385538499	4.0
0982589964	5.0
1477584609	5.0
B00E9GQQ9K	5.0
1476725365	4.0
1490339973	4.0
B005DER6J6	2.3333333333333335
1484076168	5.0
1250030951	4.0
B006YBRJXA	4.0
0399256938	4.0
B00A73LMES	5.0
0307277747	5.0
B00C3OR32O	5.0
1596358173	3.0
1490504796	5.0
B00B7N6RQ0	4.0
149271397X	4.0
B00CTQTULI	5.0
1475283768	3.0
B009U73GUA	3.0
146649221X	5.0
098498352X	5.0
0316097772	4.0
B00DTDH9KO	4.0
0758284780	4.0
0062299018	5.0
1482772825	5.0
0451223659	5.0
0991686004	4.0
1453626336	5.0
1630350087	5.0
B00A9HITFM	4.0
B00CJH944U	5.0
B00J9KERJC	4.0
B00HBI9712	4.0
067152982X	5.0
B00K5ZC0OY	5.0
0062199773	4.0
0984903402	4.0
006222560X	3.0
B0083IKP38	4.0
B0093MU7QS	4.0
098897505X	3.0
B00HET7N1Y	4.0
1482085925	5.0
1479318868	4.0
B00AQ13MJO	5.0
1630350095	5.0
B00KYIMNRQ	4.0
1938857119	4.0
B00HT73RHK	4.0
1490417044	4.0
B00AILH720	5.0
149128966X	3.0
B00LD6IYUS	5.0
B000R93D4Y	4.0
0738735930	4.0
B00ARFNR9E	4.0
B00AM549X2	4.0
B00GMTVZYI	5.0
0989740617	3.0
0983632952	5.0
0515128554	5.0
B0050DEHYM	3.0
B007P57VKA	5.0
B00AVNSAVC	5.0
1939450012	5.0
1479321737	4.0
1937223124	5.0
0515128546	5.0
0988334860	5.0
1432826972	4.0
B00BNXZYBS	5.0
B00BFQANU0	3.0
B00JCNEPO8	3.0
1483918777	4.5
B00FYVY2CM	4.0
1497305756	5.0
1442452161	3.0
0778315592	5.0
0062026518	3.0
B00J9OB1I8	4.0
B004IEA950	3.0
1493690957	4.0
B004E3XV8C	5.0
1499564244	4.0
B00B97RBGO	5.0
B00L3MCQBK	5.0
061570445X	4.0
1491092440	5.0
1451650051	5.0
1630350060	5.0
B007Y70AKM	4.0
0993737048	4.0
B008L2UTIW	3.6666666666666665
B00GN98BVM	4.0
1484919076	5.0
1938789156	4.0
0857205668	3.0
1484920066	5.0
1478349425	5.0
B005CQ80R2	5.0
0061797022	3.0
1497546710	5.0
B00FMJ8OFC	4.0
B009HA6FXU	5.0
B008Z9JSCO	3.0
146352210X	5.0
0991390318	4.0
0312609159	5.0
B00B77TD6M	5.0
B00IGHYPIM	5.0
0758273495	3.0
B00CULT1X4	5.0
0983256810	5.0
0751549118	5.0
1455578363	5.0
0312568916	4.0
0615737323	3.0
0957680368	4.0
B00HIIGU8S	5.0
B009K51W0I	5.0
1477694919	5.0
1451606796	4.0
042523567X	2.0
B00C2HXX62	5.0
B006FPFW0M	4.0
1611880327	4.0
0821773836	5.0
1491021217	3.0
0425234355	2.0
0312568908	4.0
0615911250	5.0
B00J6XRN9I	1.0
0778316009	5.0
0989539113	5.0
B00D048R6W	5.0
0606163891	4.0
B00GW24MK4	4.5
1477817506	4.25
B00C5XV0PY	5.0
B00FIDEX2K	4.0
B00IWDZFWA	5.0
1402245076	3.0
B0060MUYYY	4.0
0595504442	4.0
B007EIBOX8	3.0
0989283410	5.0
1439176051	5.0
0989740633	5.0
B007XNNHF2	4.0
149298079X	5.0
1480089133	4.0
1484049225	5.0
1455578347	5.0
B001J4SYZO	5.0
037321071X	2.0
0312609140	5.0
B00KRQCHYO	5.0
0984699082	4.0
1492371289	5.0
1624210082	5.0
1494724693	5.0
1461179297	5.0
1451649916	5.0
1595143173	5.0
B00B4II2MK	4.0
B00D8NMGNA	3.0
B00JAG7TG8	5.0
B00J55MAYA	4.0
1467909475	3.0
1442426705	3.0
1484817095	4.0
1493788868	5.0
1479355100	4.0
B00APT8BDE	5.0
B008EHVF8C	5.0
0380809060	4.0
1480076678	5.0
1492375675	4.0
1250045630	5.0
0857206931	5.0
1455574880	5.0
0062071165	4.0
1439176043	5.0
1628302011	5.0
1460989880	5.0
1481152718	4.5
0380809095	5.0
1455574856	4.333333333333333
1626490309	4.0
B00B5XDXPA	3.5
B00D0TB15G	4.0
B00ILKTBSI	4.0
B00K2WWGAI	5.0
B009YOISDY	4.0
075826898X	5.0
0991280717	5.0
1496134818	5.0
B007UVBGAA	5.0
1492293296	4.0
0062114743	5.0
B00HFPPFJY	5.0
B00EVP8A98	2.0
1940887151	5.0
1419965883	3.0
B007FIQMHU	5.0
0545265355	5.0
0821768433	5.0
1500253960	5.0
B009AZ80R6	5.0
B007FIIF34	5.0
1402202733	5.0
0385741790	2.0
B00HWI6JBC	5.0
1493539493	5.0
0340953950	5.0
147782331X	5.0
0425269841	4.5
B00CEHVUKQ	4.0
1936560143	4.0
B00B8KYP84	4.5
B0062TDKKK	5.0
B00BOVLVCU	4.0
0985127783	5.0
1482008238	5.0
1477849971	5.0
0988607905	5.0
B005SJQXU4	3.0
1463760922	3.0
1495458881	5.0
B004YK3180	5.0
1455547239	4.0
B00H6EJQQ2	4.0
B00DYFWOAC	5.0
B00I4U4DVU	4.0
B00H0P5F0I	4.333333333333333
1468161660	3.0
0451238117	4.0
042526985X	4.0
1494414546	5.0
B0050JAZV0	4.0
B00K9XHEFM	3.0
B00KAMNARI	5.0
0615860826	4.0
B00BANV988	4.5
0892963859	5.0
0312594429	4.0
0451226151	4.0
B00AFFQ5G8	4.0
0061996203	4.0
1481054317	5.0
B00BTIDW4S	4.0
B00KYBE5O2	4.0
0758268963	5.0
0985081821	5.0
0989138607	5.0
B00JFOK1F6	5.0
1480568511	5.0
B00C91Q0C0	5.0
0440246113	4.0
1495300315	5.0
1484093429	4.0
1476744130	5.0
0615857272	5.0
1493670417	3.0
1496026063	5.0
B00KVNGPIM	5.0
1771300841	1.0
044101819X	5.0
B0086VUOS8	4.0
0758281102	4.0
B0077C9R2Q	3.0
B00BG3ELWS	4.0
1492764167	5.0
B0064EES0Y	4.0
1483994422	5.0
B00AFMOZ40	1.0
1477808663	5.0
1461162491	5.0
1620244136	4.0
B006DJSRIO	5.0
B00ASSUKQ8	5.0
0062019430	5.0
B00AEB5C8K	5.0
0985370203	5.0
0505524384	3.0
1614174040	5.0
0984951849	5.0
1402245831	5.0
0989138631	5.0
B00I4D22AG	5.0
1477808671	5.0
0451407598	3.0
B00JRBN26M	5.0
1603818952	4.0
B002D48L3E	5.0
0312364121	3.0
0349402965	4.333333333333333
B005Z53TA8	5.0
0061928127	4.0
B00A8PD6C6	5.0
B00IA9LMF0	4.0
1442476966	2.0
1490500081	5.0
1452665885	5.0
1477807357	5.0
1492909807	4.0
B00K5CASSM	4.0
1620610078	5.0
1939962315	5.0
0982918615	4.5
B007WREDO8	2.0
1440579717	4.0
1475027052	5.0
0615849601	5.0
B00E1V5S3S	4.0
B00E1LF496	4.0
B00DKLZLB4	5.0
B00IPL4AR0	5.0
B00EVX9V84	5.0
B009KZ3B5C	5.0
1620405032	5.0
B009GKU2DU	5.0
B00D1F1DNY	4.0
B00BZPIHN6	5.0
1622414330	3.0
1479313238	4.0
B005U3Z570	3.0
0345546601	5.0
0062211196	4.0
B008TU8DV6	4.0
B0080H5W1M	3.0
1455576506	4.8
B00J1SP9FI	4.0
B00GUBL728	3.0
1493690086	5.0
B00DG8ZYA4	5.0
B00ERDM1ZI	5.0
0615785824	4.0
1494388588	5.0
B00794UEOW	5.0
0451415191	5.0
B00CV30X8I	5.0
1615728457	5.0
0988261405	5.0
1468021397	3.0
B00LD8K0KI	5.0
1939056012	4.0
0425062775	5.0
061545402X	3.0
B00FILC0Y0	4.0
0756407052	4.0
0505527456	5.0
1612182739	5.0
0345533313	5.0
1937668908	4.0
B006HKZAWK	5.0
1461131332	2.0
B0060EHJX6	2.0
B005D4Y5LS	4.0
1476744106	5.0
0451415183	5.0
1490436529	5.0
B00L73NIWQ	5.0
1453874186	4.0
0345546628	5.0
0515138851	5.0
1607353164	5.0
B00AMI77ZG	3.0
034554661X	5.0
1466394595	5.0
B00IN62OX4	4.5
1402245866	5.0
1477536876	4.0
0547959109	2.0
0825305888	4.0
1620610027	3.0
1480051462	5.0
1470027070	5.0
B005PCL340	3.0
B009R3I71U	4.0
1466287063	5.0
B00CG3MZKW	4.0
1497313414	5.0
0451237730	5.0
B00B34Q1O6	5.0
1451617526	4.0
0312625200	5.0
0989050858	4.666666666666667
B00IBZ4GVA	3.0
1455578312	4.0
B00I3QB160	5.0
1484199774	4.0
0399159347	5.0
1482729970	5.0
0505526956	4.0
B00I3V2NTO	4.0
B007WRFXYC	4.0
0385341636	5.0
0758259271	4.0
B00439H0FC	5.0
0786014547	5.0
1493798332	4.0
1939962374	3.0
1475005660	3.0
0525953698	4.0
0310742307	2.0
1462038255	3.5
B00IKV6RP8	4.0
1481958313	4.0
144235948X	4.285714285714286
B00AXTM8G2	5.0
1484013387	5.0
1481948997	5.0
B00H93BZY6	5.0
1111830991	4.0
0312568894	4.0
0142427551	5.0
B005GVY46E	5.0
B00CV30X1K	4.0
B00G7KY3AK	5.0
1492283800	4.0
0758259255	5.0
0062107534	4.0
B00E4WOFI8	4.0
1476735271	5.0
1494240491	4.0
1615813780	4.0
161109948X	4.0
1453774025	4.0
146792671X	4.0
B00DMCPHPQ	5.0
B006O33VV2	4.0
1482012294	5.0
1455554308	4.0
0758259239	4.0
0989050882	5.0
B006QAKEZY	4.0
0385341679	5.0
B00BXJB182	5.0
1455599204	4.0
1626010811	4.0
1622660757	5.0
B005U8GQT6	4.0
B00FO9GANS	4.0
0345546679	5.0
0374351384	4.0
B00LKSBPZU	5.0
0062317458	5.0
178184657X	4.0
B00J0LXXIQ	5.0
1940627001	5.0
1492326577	5.0
1480225649	5.0
0984338195	3.0
B00CK55RJ2	4.0
1442445807	3.0
B00AR6ZIJK	3.0
1476735247	5.0
0375831002	5.0
B008C9DUSA	4.0
1619215020	5.0
0778315568	5.0
B008SGZOL8	5.0
1937053385	4.0
1483901890	5.0
B0030MQJCI	3.0
1484920147	5.0
0764597884	5.0
0385341652	5.0
B00DR0FNYI	4.0
B001Q3LAAE	5.0
B00JUFTKX4	4.0
B006GHBSA2	4.0
B00JJ64B6U	5.0
B00DNMBQDM	5.0
B00AMUZS3W	5.0
147018785X	5.0
1420108883	5.0
0061950998	4.0
B00IO545WM	5.0
0525953728	3.0
B00L87JAWS	5.0
1612183123	5.0
0985066318	5.0
0345504968	5.0
1499752822	4.0
B00DTDGJ3C	4.0
0758263139	5.0
0989246531	5.0
0615680046	5.0
0671025368	5.0
B004NEW59S	4.0
B00KCUJMFC	5.0
0451234502	4.0
1480278807	5.0
1461034868	5.0
1489581669	5.0
1468135406	5.0
1468194607	4.0
1479397032	4.0
0345446542	5.0
140228019X	4.0
B0078I6PLU	3.0
1463603320	3.0
0312550057	5.0
1482658143	5.0
B003SX123A	3.0
1423121317	5.0
1484038487	4.0
B00BFQ7AV0	5.0
B009VIE3FA	3.0
0451235843	4.666666666666667
1497435900	5.0
1482524759	3.0
1408835193	4.0
B00CGL2Y6Y	5.0
B00EV6JP6E	4.0
1484136950	5.0
0989246515	5.0
B00DVDB4HG	5.0
1467917109	4.0
1480083909	5.0
1461043786	3.0
1423121325	5.0
1603819355	4.0
0062201808	2.0
0758263112	5.0
1939865328	5.0
0312949197	3.0
1420129783	5.0
B003F1CX1U	4.0
B00HRFJTGM	5.0
0062136003	4.0
160318158X	5.0
1936596067	4.0
B00AFB685K	4.0
B00EAZXVFM	5.0
1484185064	5.0
B005LPUINI	5.0
0557095883	5.0
0425217957	4.0
037321085X	5.0
B004WG5LEI	3.0
B00H3I22JY	5.0
1937007588	5.0
1463627319	4.0
1470165627	5.0
1492309184	4.0
0804164851	4.0
B00480OPOK	3.0
1491050519	5.0
B009JVSCO2	4.0
B005G0JIYS	5.0
1476751404	5.0
1402280165	4.0
B00DTDGJ64	4.0
1451695918	5.0
B00K0N2SRA	5.0
B00EOKKVG0	4.0
1495340309	4.0
B00F1R0RWI	4.5
0441020658	3.0
0557989841	5.0
1492764906	5.0
B00BSX4U04	4.0
B006LQB1I2	3.0
B00DNC4BKM	5.0
B00JUCH25U	5.0
B00JQLC67Y	4.0
B00GKNFSSU	5.0
1476725160	5.0
B00LH76SCE	5.0
0804138567	2.0
1492301205	4.0
1936185210	4.0
B00A354CWY	2.5
1420108891	5.0
1463695403	5.0
1490568530	4.5
B00JNSN3RM	4.0
1482628325	4.0
1250058236	4.5
B00DH3ANTK	5.0
0451239350	4.5
B00BJCBBVK	5.0
162007267X	4.0
B00HXNZOAI	5.0
0062071041	4.0
030797071X	4.0
1476741255	5.0
1556114931	5.0
147813223X	5.0
B00HC23IW6	5.0
1481059076	5.0
0425234436	4.0
B00JMFNYP2	3.0
1940652073	5.0
0061958069	4.0
147528523X	1.0
B007ZAZC2Y	4.0
B007Z4UI42	5.0
0345531701	4.0
0451461967	5.0
031231521X	5.0
1468155083	4.0
1478314605	4.0
1937223086	5.0
0751552615	5.0
149033274X	4.0
098839135X	5.0
045123801X	4.0
1440562237	4.0
0984924086	4.0
B00GM81AA8	4.0
B004NSV8JC	5.0
0061783161	5.0
0345531736	2.0
B009FCWF8O	5.0
1940887038	5.0
1442460725	3.0
1477571086	2.0
B00CU7FV6O	4.0
0061958050	4.0
B00F2XZC08	5.0
1611098998	4.0
B00BTN2DSY	4.0
B005HMGY0G	4.5
1781847924	5.0
1490916636	4.75
B00DNPQSPK	5.0
1469984202	5.0
1442187697	4.0
B0065KX8P8	4.0
0615928854	5.0
0615731317	5.0
B0094BDBRK	3.0
1937223035	5.0
1499608225	5.0
0804139024	3.0
B005G7ZFXY	3.5
B00JXWXHXI	5.0
148188607X	4.0
0988391333	5.0
1934912182	3.0
1939673054	5.0
1489591095	5.0
0992011531	5.0
B00B3KPBSW	4.0
1419970291	4.666666666666667
1611189683	5.0
161963130X	3.0
1450572375	4.0
B00I2VUKKY	4.0
1453725776	4.5
B00K3ASWES	5.0
B00G3A9SQ8	5.0
1620072637	5.0
B00FIL335A	5.0
0843959339	5.0
1440310319	3.0
B007HHQG98	5.0
B007P5YZLS	2.0
1442472715	2.0
B00DRITL3Y	5.0
B00EGJ33SC	3.0
1479237140	5.0
0802734294	4.0
B00FL1WPKQ	4.0
0988391317	4.0
B00CMJDOIC	5.0
B00GT6651C	5.0
1494751534	5.0
B004G5ZSJ8	5.0
0425268659	4.0
B00K9ODF5E	4.0
B009QO5V8W	4.0
075640830X	5.0
0966830415	5.0
1420104454	4.0
1462009069	4.0
0451463722	5.0
B00G0XWSAG	4.0
B0080AGLEQ	5.0
B006P5TC08	4.5
B0033V2YVG	5.0
0982861303	2.0
0756408229	5.0
1484069684	5.0
0615692931	4.0
B00C494R7W	4.0
0983907145	4.0
B007E0FCSY	5.0
B00AYIII66	5.0
1250050367	5.0
0373777434	5.0
0802728472	4.0
B0089DQ43M	4.0
0263211053	5.0
0967479606	5.0
1482509954	5.0
0547959206	2.0
B00C7COF6O	5.0
1629290203	4.0
B00FVGRX9O	5.0
0988624559	4.5
0451417054	5.0
0373297505	3.0
1490471103	4.666666666666667
0778322556	5.0
0425251063	5.0
B009H6W56K	5.0
B006KGNTM4	4.0
B0054H1I7S	5.0
0143124544	5.0
1939173655	5.0
B00IVPYACA	4.0
1601831412	5.0
1583457348	4.0
B00BS9HTBU	1.0
B00H0V04EY	4.0
B00JGEZLUU	3.0
B00IMHU7MO	5.0
B004PLMC5G	4.0
1482632462	5.0
148486915X	4.0
1402269730	5.0
B00GPCZYJY	5.0
B0093P2C9K	4.0
0062107496	4.0
0988624575	4.0
B00EBX7TM4	4.0
1402262272	5.0
1771550880	5.0
149236732X	4.0
1938601009	5.0
1476741182	4.666666666666667
B006KH7BKE	4.5
0615859763	5.0
006178320X	5.0
B003SX0XY4	3.0
B00EHYOYH0	5.0
B00BTIDOO6	4.0
B008W6I9XO	3.0
1448697433	5.0
B00CVS2KH0	4.0
0989780716	5.0
B0095JX7F2	3.0
1455549002	4.0
1414375530	5.0
B00HEKTLPO	5.0
1463597029	3.0
B00K1OV9PK	5.0
1480218391	5.0
B006Q648F0	1.0
149041245X	5.0
1477419209	5.0
0615752179	5.0
1601831420	5.0
1402244428	5.0
B00E2QS6SG	4.0
1423170288	2.0
B00F1R9E1I	4.0
B00BPF9XP2	3.0
B00APKK5J6	3.0
0765324954	4.0
0441017800	5.0
B00DD88VJI	4.0
148397829X	5.0
1490412433	5.0
B00EC197UC	4.0
1582405301	4.0
0988624524	5.0
1492904260	4.5
B00DNQOOV4	5.0
B009TEX3WK	5.0
1492149640	5.0
1477407200	5.0
B00FI4JLSA	5.0
B00BKE7DI2	4.0
1609284674	5.0
0345533429	5.0
1490467912	5.0
B00HZCZG00	5.0
B009PRZDL0	1.0
B00GSWF888	5.0
1451533969	5.0
0373718241	4.0
1476753164	5.0
0985865318	5.0
0345544110	5.0
0515126772	5.0
0615501567	5.0
B00HZ1E724	5.0
B00BPDMVDU	5.0
1466365951	5.0
1463787936	4.0
0978689984	5.0
0985059176	4.5
0692208879	5.0
1452662673	5.0
B00D610Y6A	5.0
B00GH0YJP4	4.0
B00CBWM0BW	3.0
0758203594	5.0
B00GET8RV0	3.0
0615200621	3.0
1489578897	5.0
B006HT0TJ0	5.0
B00JDLFHRI	5.0
0425214001	5.0
B00HMEYAC6	5.0
149745901X	5.0
B00DMCVQLK	3.0
1491028610	5.0
B005M1OP9Y	4.0
B0089CD3JQ	3.0
B00D3SEHRS	3.0
0061667846	4.0
1611183537	5.0
0956719287	4.0
1494277859	5.0
006226768X	4.0
1419969331	5.0
1494875713	5.0
142691279X	5.0
B007JE1B1C	4.0
1484972090	4.0
045123894X	5.0
1304328198	5.0
1481107151	4.0
1461142148	5.0
0985959614	5.0
1492164429	5.0
1453854495	4.0
B00EJD780E	3.0
0451413520	4.0
B007QUU9JO	5.0
1936596075	5.0
B008R51OUK	4.0
B00HDSBXP8	5.0
B0064ND00O	5.0
B00BEM0YEU	5.0
1582404879	4.0
B00FB0SLQO	5.0
B004E10W0E	5.0
B00IAFWQT0	5.0
0553592351	5.0
B00L1RS34Q	5.0
0985059168	5.0
098505915X	5.0
1442352965	4.0
1479326674	5.0
B00BND1UTS	5.0
1479269670	4.0
B005AIP2JG	4.0
1611880297	5.0
1463573049	5.0
1469927721	3.0
150011300X	5.0
1481909282	4.5
0956719260	5.0
1493616269	5.0
0451234537	4.0
B005LWV9LG	5.0
0062299271	4.0
B00IODNJRG	4.0
B00D3XWOUK	5.0
1461147859	5.0
B00CGFEJ1I	3.0
1250021847	5.0
B00570QXV8	5.0
0985059133	5.0
B005DB46WO	3.0
B0083Z0X38	4.0
B00BHLGZJ6	4.0
0956719279	5.0
1471133567	4.333333333333333
1492175994	5.0
B003CC1LDS	2.0
0615748996	4.5
B004IEA1RG	2.0
1423121309	5.0
B00ALUPHFM	4.0
B00AAHC6HS	4.0
1482640058	4.5
0982991363	4.0
0985059141	5.0
1477665412	5.0
0738706388	5.0
1455501956	5.0
0778314103	4.0
B00IHCNO88	5.0
1455508594	4.0
B00F8H3TRQ	4.0
1477662391	4.0
148117567X	5.0
B00B9DW4LK	3.0
0062280678	4.0
0143115626	3.0
1611099366	5.0
B00CGFEILO	4.0
0988904934	5.0
0670014680	5.0
B00GKBIRVM	5.0
1479209139	5.0
B00CGFEIM8	4.5
1402292090	5.0
B006GWZ1KK	4.0
B00EYJ2LGY	5.0
1455508586	5.0
1481083538	4.0
B00CJGUJKE	5.0
1492119849	5.0
1257381067	5.0
161235758X	4.0
0373210531	5.0
0981943608	4.0
1482582309	3.0
B002YNSBLG	5.0
B007SYV4F6	4.0
0991732782	4.0
B00JD7TX4A	5.0
B00E9FV6LY	5.0
0385339151	5.0
0989163377	5.0
B00408B10G	5.0
0062331159	4.0
1448631343	2.0
1601832168	5.0
B00L19SVQ4	5.0
B00B7LBFIW	2.0
1477585540	5.0
0451234871	4.0
B00AVKKWIO	5.0
B00DTBDVK8	4.0
0615345077	5.0
147523130X	4.0
1623780276	5.0
0991732766	5.0
1623004977	5.0
B0042JSSE0	5.0
B00LBITZPQ	5.0
B0073HW6FA	5.0
B00G2EDARS	2.0
B005NTW8QC	4.0
0373210515	5.0
B00FUBTOPQ	5.0
193332077X	4.75
B00DPYZZXA	5.0
0062267728	5.0
099173274X	5.0
0451409094	5.0
1482387530	5.0
1940521645	4.0
0312979975	4.5
0615657389	4.0
1496129628	5.0
099155051X	5.0
B00408B0NY	3.0
0374379912	3.0
1582408289	4.0
B00EOWX2GY	4.0
0984518452	5.0
0984672621	5.0
0373802234	5.0
1484174283	5.0
1937041123	4.0
0425263908	4.333333333333333
1477679995	5.0
B00DPK08M2	5.0
B0091HGE6W	4.0
1493632876	5.0
B00AYYOSS2	5.0
0141339624	4.5
B009HRF6RE	3.0
1402284853	4.0
B00IRIHL6S	4.0
B00DXJLKB8	3.0
B00CYR4NKK	3.0
B0091I2S3Y	5.0
B00KQLQJWG	5.0
1467931128	3.0
B00844YOT2	3.0
B006U14GFS	5.0
0373266154	5.0
B0091ZA0O6	3.0
0756407753	5.0
B00F8GKEQQ	4.0
0425246590	5.0
0425263924	4.666666666666667
1402284888	4.0
B00HYOTZD8	4.0
1482520087	5.0
0985865385	5.0
1481975498	4.0
038533916X	5.0
1479340235	5.0
0425246582	5.0
0425263916	4.4
B00HH7VI3M	3.0
0316217492	4.0
0451230493	4.0
B00HV3JQVI	4.0
B00DK2U7OY	5.0
0988489171	4.0
B00GBMOOTO	4.0
B00KF0URBM	4.0
B00AQ81JZG	5.0
1476714150	3.0
0615836968	5.0
0615461344	4.5
0802734189	2.0
1423184629	4.0
B00ARLDKR2	4.0
B0098KSARS	4.0
1402258526	5.0
1402259859	5.0
0985593962	5.0
B00IYY0Q76	5.0
1466219661	5.0
B00DXIFORA	5.0
1402271514	5.0
0345539788	2.0
1416598146	5.0
1463762070	5.0
1419961268	5.0
B0061YAUG8	5.0
1419953656	5.0
0451229444	4.5
B00BD63EIK	5.0
0425266125	5.0
0615835619	5.0
1494456176	4.0
B0082ZE4R0	5.0
B00J8ZOXP6	4.0
B00CB7NHC8	5.0
B0083LV1XI	2.0
0451229452	5.0
0451468279	5.0
0758220375	4.0
0758265247	5.0
B00C4E1F3Q	4.0
B008128YFW	4.0
1937293645	4.0
1623006740	5.0
B00B6JFKNG	5.0
B00AL4EUWY	5.0
B00FQ5DYAW	5.0
0984302484	5.0
B00HHCA47I	4.0
147674355X	4.0
1494774305	5.0
1495937216	5.0
B009V7GHR8	4.0
161963144X	4.0
1475102542	4.0
1480114480	5.0
0983192073	4.0
0373210574	4.5
1476731535	5.0
0557240670	5.0
0957218907	5.0
0758258933	4.0
B0072IKM5Q	3.0
1601543883	5.0
B00A9WU2B6	5.0
0345534905	5.0
1480055549	5.0
B00DQMWZG6	5.0
B005KN837Y	5.0
B0072IKLUC	3.0
B00GET19LK	4.0
1478243627	4.0
1481112481	3.0
0758258941	4.0
1937856828	5.0
1493752650	4.0
0399157875	5.0
B004TMMR1U	4.0
B009Y95U5S	5.0
0451468287	5.0
1476764468	4.0
1402258550	5.0
1939769132	4.0
1466443723	4.0
0345534921	4.5
0804176787	5.0
0373210558	2.0
0446531324	4.0
1416598154	5.0
1408851989	5.0
0988301318	4.666666666666667
1477679146	3.0
B00HY070S4	4.0
0981943667	4.0
B00IYSXGZ6	5.0
B00DGVFUJG	5.0
1475278837	4.0
161213145X	5.0
1478261595	3.0
B00CEN9XA4	5.0
B00ARY7ZB6	4.0
1456487108	3.0
1453840591	4.0
0345534913	5.0
1471710211	3.0
B00KD1VSB6	5.0
1476740496	4.0
0615734901	5.0
0758258925	4.0
B008Y0J9OQ	5.0
0989707350	5.0
B00GM48QBS	5.0
B004QT6ZPK	5.0
1402264372	5.0
1484069560	5.0
B0091GZ1GC	5.0
B00C4CF4V2	4.0
0989465055	4.0
0451465261	5.0
1477427392	2.0
B00HZ1E68E	5.0
0983107319	3.0
0142426040	3.0
1499638361	5.0
1477807578	5.0
0451412710	4.0
B00CO4M80K	5.0
1482016834	4.5
B00DW7VI7M	5.0
B00HLX9Z3C	5.0
1478391626	3.0
0451465245	5.0
0989339270	5.0
1481952838	5.0
B0073GX70O	5.0
0425252485	5.0
1612182968	5.0
B00GR7TXUI	5.0
B0042P5GOO	4.0
098787120X	5.0
1442345462	5.0
1439109826	4.0
1492182125	5.0
1475009860	5.0
B00GO6CHLY	3.0
B004U34BZS	2.0
B00HYQJPC2	5.0
1616951370	3.0
B00ECLJPF4	4.0
1492101583	5.0
B006G5EMCK	4.0
045123975X	4.0
B004UH7Z7U	4.0
0061583073	5.0
B007NFGSC4	2.0
0984924019	4.0
1456329898	3.0
B0088PBEJA	2.0
0988273608	4.0
1617980218	4.0
B00BS3J7F2	5.0
1419704281	4.0
1477680055	5.0
1494282011	5.0
0451231813	4.0
1781846308	5.0
1478318155	5.0
193967302X	5.0
1479215090	5.0
1257541455	4.5
1492121169	5.0
0778313999	5.0
B00B4Y2UHW	3.0
B00AQJRYWC	4.0
B00FJ6DW00	5.0
0425251128	3.0
1469955229	4.0
0142429112	5.0
0778315703	5.0
B00HFWL6AY	5.0
1402264348	4.0
B00DYB1UYC	5.0
B00JUCHUMK	4.5
1620070057	4.0
1620612429	4.5
B00FHKS1EA	4.0
149095242X	5.0
B00CWABVLS	4.0
B002G1ZXQ2	2.0
0987871242	5.0
1476746532	5.0
B00IE4QU7Q	5.0
149091191X	5.0
B00JOXGMH4	4.0
1451661819	5.0
1611189837	5.0
B00C9TRJ4U	3.0
B00E2PKMTI	4.0
149958492X	4.0
1497585368	4.5
B00CHP64IS	5.0
1479245712	4.0
162266888X	5.0
B009TU9M06	5.0
B007Q2X76Y	5.0
0307744434	2.0
1490550100	3.0
1451661827	4.0
0989339289	5.0
1607060752	4.0
0312362153	4.0
B00J3CL9B0	3.0
B00H1C3D9K	2.0
0615666337	3.0
B00I52PPT6	4.0
B0064CLU0C	4.5
1489578765	5.0
147677594X	5.0
B0038KX8S0	3.0
1470113686	4.0
1470124327	5.0
1250021529	5.0
061568677X	4.0
1482655861	5.0
1935048848	5.0
1494488558	4.0
B0052OX09M	2.0
B00H5HSRBK	5.0
B009ZP5NSK	4.0
1612178065	4.0
1610261399	5.0
B009CE4TG6	5.0
B00CRMRWPK	4.0
B00AVA4NIO	4.0
0307949338	5.0
055214262X	3.0
1469905833	3.0
B00CQEFIJQ	3.0
1499382626	5.0
B00C6GVW3K	4.0
B0055V3R1I	4.0
0988656647	4.0
0987871285	5.0
0615910521	5.0
1461179513	4.0
B009PFLNIE	5.0
0557212502	4.0
146792475X	3.0
1499113129	5.0
0486468763	5.0
1463692463	5.0
B00DXJOD8A	4.0
1609117808	4.0
0984020845	4.0
B0081L003M	4.0
0062245538	4.0
B00BEQP450	5.0
1490935940	5.0
B00ALIV1W2	4.0
1455546976	4.0
0615528910	5.0
B00FY9TALW	3.0
B00F9JP3L8	5.0
B00J1ROOZU	5.0
1490371788	3.0
1853262420	5.0
1499764529	5.0
1492976423	5.0
B006M6XV1Q	5.0
B00B1MSI2I	5.0
1480217840	5.0
1491001011	5.0
B00666KX0E	1.0
1496146239	5.0
B00FHKS1KO	5.0
0615887767	5.0
1490506853	5.0
1455546925	3.5
1492305413	5.0
1461072131	5.0
B00EX16M54	3.0
B005S6LHRQ	5.0
B002LZTEW2	4.0
B008IXPAGA	4.0
1468118137	4.0
1482015560	3.5
B004ASOR3E	4.0
B008GWOGXG	5.0
B0030F2SXE	3.0
1499219202	5.0
1477615083	3.0
B00CD8LE48	5.0
B00GL6IKHM	5.0
1492161209	5.0
1484955471	5.0
142010053X	3.0
1460914163	3.0
1480096954	4.5
0800733533	5.0
1495373959	5.0
1455546941	4.0
B00890ZAD0	4.0
1599987430	5.0
0380897393	5.0
1622668030	5.0
0989339211	5.0
0988367912	5.0
0984020802	3.0
1496101391	5.0
B00L7DRQME	4.0
0615454224	2.0
1478132744	5.0
1481936751	5.0
0778314472	5.0
B00IMP3N86	5.0
1596327537	5.0
1492733229	4.0
B00HBX7DD6	4.0
B00CYKHQW4	5.0
B00ATT6QKK	5.0
1492869163	5.0
0425263991	5.0
0615900305	4.5
0989465004	4.333333333333333
1596871369	5.0
B007OALZAI	4.0
1623220572	5.0
B004VF69LY	5.0
B005G5153K	3.0
B00BQL3G80	5.0
1476744920	4.0
1480276855	5.0
B004WPOHVM	5.0
147522186X	5.0
B00DT7YTYE	5.0
1490422986	5.0
B00B1XI99E	5.0
1477695079	4.0
B00FV2UR82	4.0
1938101014	4.0
0425269353	5.0
1250012651	5.0
B00HX82ZV4	5.0
1492908495	4.5
0991973666	4.0
0615553028	5.0
1467943207	5.0
0373210639	4.5
0544164504	4.0
1250024617	3.0
B008AMCR6U	4.0
1476744947	5.0
0061950726	5.0
1493686798	5.0
0985008687	4.0
149484172X	5.0
0385742371	4.0
148188669X	1.5
1499620128	5.0
B00CEL5530	5.0
B008031UK8	3.0
1402258461	5.0
0671724002	5.0
B00FGFYIS4	5.0
0451464850	5.0
1481901907	5.0
147825999X	4.0
B00CGFJ1BQ	4.0
1612184685	5.0
1493690817	4.0
B009OXOAK0	5.0
B00KN3BD0K	5.0
1611183758	5.0
B00BVL9F44	4.0
B009QMIMMG	4.0
B007CKQ2KS	4.5
1622660005	5.0
1481002791	4.0
1451688997	5.0
B009P4RXRK	3.0
0991379632	4.5
098500861X	5.0
0985008628	5.0
0983752001	4.0
0989269833	2.0
B00K7S0TJ2	5.0
0989104478	4.0
0373803435	5.0
B00IX9I1WE	2.0
B00K5155W2	5.0
B00L82KPYK	4.5
0451231678	4.0
030758836X	3.0
0345803507	4.0
1476740518	5.0
0615771106	4.0
B00F29XMI6	5.0
B00AUV5BM6	3.0
B005OY0JFI	4.0
B00HTNXS28	5.0
B00CCHSRPE	5.0
B00E123W58	5.0
B00DTLF93A	5.0
1481980718	5.0
B00HZCYVB0	5.0
0374161623	5.0
B00K0K7DXM	4.0
B004LDL6H8	5.0
0982589409	1.0
B00IMUT71I	4.0
0991379616	5.0
B004O6MQSK	4.0
B0077ROL0O	5.0
B00BEMD8FW	5.0
1419969927	5.0
0062267884	5.0
1481859242	4.0
0312945841	4.0
B003YJEWSA	3.0
061563964X	5.0
1598639056	5.0
0062233653	3.0
B00HFXK4W4	4.0
B007NUVFN6	4.0
B009V4B9TM	4.0
1496010299	5.0
B00B8ED3B0	4.0
B007VUIMN4	5.0
1402258496	5.0
B00JOSCXIQ	5.0
0615575234	5.0
B0070QD6D0	5.0
B00KOSOX2O	5.0
1481836579	5.0
B00DST0HJE	3.0
1420125141	4.5
B008WB0I1A	4.0
0988191237	5.0
B00EGMV24G	5.0
1906950164	2.0
B00IL9ZCBY	5.0
B00HY09X8E	4.0
B009UVK28U	5.0
B00DWRAKGC	5.0
B008KGSY7W	4.5
B004MME63O	4.0
1493633406	5.0
0062115731	4.0
1500167886	5.0
B00JRFHFWU	5.0
B00FQWQTH0	4.0
0615581927	4.333333333333333
B00DU98K28	5.0
1489580174	5.0
0441020429	5.0
B004MPRBPQ	4.0
042527294X	5.0
1475046898	5.0
B00GEU75SA	5.0
B00G76GR7Q	5.0
0525425926	3.0
1482332574	5.0
0821767240	5.0
1467976970	3.0
1466241683	5.0
B00CQECA1K	5.0
1481835262	5.0
0778316173	5.0
B00HCMLCW4	4.0
1453669973	4.0
B00CUWJ016	3.0
0991379659	4.0
B003VIWUHY	5.0
1481275119	5.0
B00H2WZZY0	4.0
1492740357	5.0
B00CGFCF9Q	4.5
0982182325	3.0
0425217299	5.0
B006H96RO6	5.0
1477848940	5.0
1250014409	5.0
0615707467	5.0
142012515X	4.0
B00DC244DW	5.0
B008D6I52I	4.0
0982831714	5.0
B0054QCKDA	5.0
0373210698	5.0
0989104400	4.333333333333333
B004TIJWU8	3.0
0373696655	5.0
1482096285	5.0
B00F04HQNU	5.0
0345517695	5.0
B005NWMIP0	5.0
B00ABWN11C	5.0
B00K2GAUC0	5.0
1938697294	4.0
1482376180	2.0
B002YQ2JEI	4.0
0141337168	4.0
B008EWNCC4	2.0
1439167656	4.0
B009W9ZCDK	5.0
B00KKXWKY6	5.0
B00GBGVPQU	5.0
193641340X	5.0
B00JJZLJRU	5.0
1402258437	5.0
B00IH487I8	5.0
0062085484	3.0
B00EO5LOC0	5.0
0615868401	5.0
0986023841	5.0
B00C4BA44K	5.0
1633500004	5.0
B00JGJB5E6	4.0
B009G3SLB2	5.0
0373442556	5.0
146994264X	2.0
1466498781	4.0
B00696M11K	5.0
B00JM2HG18	4.0
B00FIWMVRU	4.5
1466243430	5.0
1499646704	4.0
B008PIDXNA	5.0
0987532103	4.0
1493591991	5.0
1611940125	5.0
1477805028	4.333333333333333
1402297181	5.0
0989492559	4.333333333333333
B00H0IM2UQ	5.0
1440431957	4.0
0312365314	5.0
0991127390	5.0
B004TDN7WM	4.0
1440565473	4.0
038534080X	5.0
0992824982	5.0
B00D2WM3SA	4.0
0985129646	4.0
1467537527	3.5
1420111388	4.0
1440565457	4.0
0385340826	5.0
0061996181	3.0
142011137X	4.0
B00DSDPTTI	4.0
B00IXWHY5Q	5.0
B00J6U1DNS	5.0
1484817702	4.0
0312641893	5.0
0373211082	3.0
162061233X	5.0
0553502697	2.0
0062072099	3.0
B00CTRLBUA	4.0
B00D4L4P58	5.0
B00JAZDEPY	5.0
0989776034	5.0
B00DNQOVGW	5.0
1480165220	4.0
1489552995	4.0
B00EUSMJHK	5.0
0505527308	5.0
B00JF9HC6W	5.0
1470044706	3.0
B00KF2FBJ8	4.0
1489599517	4.0
080417668X	5.0
1461065712	5.0
1497587867	4.0
1477805052	4.666666666666667
1606192752	5.0
1469982781	5.0
1610261216	4.0
1479370118	3.5
B00IBHSZ4M	4.0
1620874032	4.0
1477818359	5.0
B007HBKNG6	3.0
0451216954	3.5
1470027399	4.5
1439177872	4.0
B00CC68FLG	4.0
B00HZ1E4VI	5.0
1449561454	4.0
B009Z12CFG	5.0
0312546599	5.0
1402277598	4.0
042526890X	5.0
0615793312	5.0
1781845999	5.0
B00IW6JWXA	5.0
0425251241	5.0
0970449070	5.0
1476755590	3.0
0756408032	5.0
0425265889	4.0
0547740107	5.0
B00LKWZ4UI	5.0
149600082X	4.0
1606192779	5.0
B00HG5PKHK	5.0
B0092BULCA	5.0
0425251233	5.0
1250033608	4.0
B00HUUAG4I	5.0
B00L5KE7EE	5.0
B00KGHZCVE	5.0
0142420891	4.0
B007D788ZW	4.0
B00HY03FCY	4.0
B00CC3QZ8E	5.0
0992824958	5.0
B0080SA5S6	3.0
0545597587	1.0
0373837755	5.0
B00CCKMXG0	5.0
B00G6HF0OM	4.0
B00GETKXAI	5.0
1893896048	4.0
142010375X	5.0
B00ALTVIJM	5.0
1250014468	5.0
0671516922	5.0
1484021479	5.0
B00FYJQLR8	5.0
0989768406	5.0
031621440X	4.0
0345533666	5.0
0778315606	5.0
1493649779	5.0
1455871672	4.0
1606192795	5.0
145364458X	5.0
0988762781	2.0
0843951699	5.0
B00BIW8Q3C	4.0
B00KEFN9W2	3.0
1469924838	4.0
0061996165	5.0
B00EVXABV0	5.0
0989972860	4.0
B00EXTVSHI	4.0
1466398647	5.0
1482383349	5.0
0312949391	4.0
B00FR255B0	5.0
B00E2PSL7I	4.0
B00AQQDVTU	5.0
1492827436	5.0
0989768465	5.0
0985817003	4.0
B006NG36R4	2.0
B008HRMAPG	5.0
B00EORO49I	4.0
0062224735	4.0
0743496728	4.0
B007ZKK9WW	3.0
B004BA5GPY	4.0
1476744084	5.0
0957681240	4.5
0425207951	5.0
1937007383	1.0
0992824907	4.5
B00ALTVJ8C	5.0
B00KTI9R6Q	3.0
B00B3HUW3E	5.0
B004RP8WS6	5.0
1499192630	5.0
146815477X	5.0
B004TCWI1O	4.0
1628401303	4.0
1493668080	5.0
0987261916	4.0
1940740029	5.0
0987749307	4.0
1492767387	4.0
B00FBF4X8Y	3.0
0007444117	3.0
1479213446	5.0
1601832907	3.0
1483942473	5.0
B00CGFCEHE	4.0
1936127504	4.0
B00HCMAUIQ	5.0
1611183766	5.0
1481957597	4.5
1496088018	5.0
0451235223	5.0
1477849475	4.0
1616088850	4.0
B00DRFQRIO	5.0
B00IO3QQUS	4.0
0983797803	5.0
B00653YZ2A	1.0
193332080X	5.0
B004Y69V92	5.0
B00BT0J8ZS	4.0
B00ETHOFY2	4.0
B00757ZY2K	5.0
014241543X	4.0
1477612742	5.0
1499324855	5.0
1479366935	4.5
0749908971	4.0
1620612380	3.0
1611099137	5.0
B00E3KE91Y	5.0
1481832972	5.0
0374324956	2.0
0451466667	5.0
B005GRB3IU	3.0
B00KDK0UBG	4.0
1456450557	4.0
161218331X	5.0
B00I6JPTAS	5.0
1743341377	4.0
1250017599	4.0
B007XYIGR0	5.0
0938817663	5.0
0984699031	4.0
B00CI95LLY	5.0
B00HY070D4	4.0
1483912647	4.0
B00DUPVIWG	4.0
1460993012	3.0
B00JVWNSA2	3.0
0989492508	5.0
1451651767	5.0
B009CWWFB4	4.0
B008VKXOIQ	5.0
0451466659	3.0
1449590845	5.0
B00DEU0P08	4.0
140006788X	4.0
0345803485	2.5
0062248731	5.0
B008X4BIII	5.0
B00CSACU8K	3.0
B009T9SCDA	5.0
1937044335	4.0
0312389345	4.0
B004WPN4SO	4.0
B00KO5WWXE	5.0
B00HZ1E544	5.0
B0030CMLOS	3.0
1493664522	4.0
B004BA5GW2	5.0
1455820067	5.0
B00HUHVI5M	4.0
1493652540	3.5
B00D1DSUKU	3.0
1456356534	3.0
B00HZ1E530	5.0
B00CEOJS76	5.0
1497382742	5.0
1492303585	4.0
1477518703	5.0
0345803493	3.6666666666666665
1596328754	5.0
0451466683	5.0
1477695060	4.0
0989768473	5.0
1477590072	5.0
0373294212	5.0
B00HO16BGA	4.0
B00JRG2RF4	5.0
1477407057	5.0
1476732086	5.0
1495234967	3.0
0765329581	2.0
