006201451X	4.690197948962557
0545170931	2.0
0316094625	4.421001390820584
B00BAK6AU8	3.0
1455548987	4.041867954911433
B00CF7LR4O	5.0
0802722369	5.0
1402285515	3.001963093835885
1423153286	4.482945736434108
0312668325	4.014474024295684
1620610833	3.0
0373622430	4.0
1469998556	4.0
1477688684	4.540229885057471
B005C7CWFM	3.0
0061686514	5.0
0373210302	3.974563953488372
B00CLG0TES	4.0
0738726001	3.0
0440243890	4.0
0062014536	3.7074003795066415
0765328666	4.147205150717003
1470010151	5.0
061565844X	3.0
0062130870	5.0
1442430389	4.559450364554122
0061853283	4.0
0451234626	4.0
1442452161	5.000000000000001
0062026518	4.520661157024794
1416938397	5.0
0425226743	5.0
161650384X	4.0
0312561075	2.0
0778327566	2.0
1416994084	4.735474289957304
1442420553	5.0
0316091138	3.9964965727341966
1442430354	4.255715189301527
1491092440	3.0
0985011505	4.0
0142181129	4.0
0060737573	5.0
1416989501	4.0
031619008X	3.925076975709887
1475235941	5.0
1476718784	3.0
0446571628	5.0
044657161X	3.4598484848484845
B00GRMDVVA	4.0
0373210760	4.0
0062082221	3.9658914728682175
031618246X	3.45218312153796
1620151863	4.0
0987726218	5.0
0803738153	4.024184261036468
1442432543	4.0
0312629176	3.0
B00JAXSEFQ	5.0
0312644388	4.0
0061797022	3.5114942528735633
1616263644	4.0
162061085X	4.0
0374349053	3.0
034552750X	4.0
0312675062	5.0
0446568473	3.0
0062082256	3.0
B006LRKASI	4.0
0373210736	2.0
B005GYEF4M	4.0
0316122386	4.372980815734322
006213308X	3.0
1423111443	3.623171024226433
125004524X	5.0
B007MDK40E	4.0
0263899403	4.0
0141346159	4.647190452511188
0763649309	3.0
1452110700	3.0
1479359084	5.0
0062080067	3.0
0857071955	3.0
0062117432	5.0
038574224X	3.739888305973938
0399257888	2.0
031073293X	5.0
0142415995	5.0
147500382X	2.0
0399246770	2.0
0062021273	4.0
0142400017	4.0
0802722318	4.649576783555018
0670011231	5.0
0803737238	2.0
1461079853	4.0
1908844019	4.0
0062184687	4.4691603660962995
0738731870	4.0
1480124419	4.486246297079983
031604430X	3.0
0385743114	4.499077150239941
0062105450	3.0
0670021466	5.0
0061245097	5.0
0763647594	4.999999999999999
B00DOQ4RI8	3.0
0980245389	4.0
0316219436	4.0
0062071130	4.593865343006237
1616146885	4.0
1442440198	4.4592082616179
0061797057	3.0
1439178232	4.328224101479916
1442480610	4.462873004857737
1477448535	3.0
0142411175	4.0
0142414204	5.0
006195702X	4.535279025016036
143914799X	4.0
0061579114	5.0
B005FSGUHE	4.0
0316017175	4.0
0802722334	4.0
0803737262	4.237045006275775
0756407508	4.0
0373210728	2.596082404593043
0061245089	5.0
037321071X	3.5677629201301047
1402282451	3.0
1419701762	2.8944405348346236
006208576X	4.0
0312609140	5.0
B00BNZ6XV6	5.0
1442458720	4.0
0373778295	4.0
1423111451	4.0
0803737254	4.0
1624210082	3.0
0316091162	4.0
0439416604	3.0
0310727588	4.422426470588236
0545386969	4.0
1482018403	3.0
0312656742	4.2775902553566185
0316212822	4.46660331251697
0385741774	4.033481522645179
0756406684	4.0
1595143173	4.5015127246841065
1402244126	3.0000000000000004
0062006061	5.0
1933963808	4.0
0316014559	4.642575234336458
0062008242	4.360279922779923
0061375179	3.0
0373261047	3.0
006199622X	4.698047419804742
0763653446	4.0
1442426705	4.483333333333333
0399257462	5.0
0140295933	5.0
1492168467	4.0
0982827334	4.0
0545424925	4.660233500119133
0374384673	5.0
1595143181	4.7128366955933725
1416950095	5.0
146109111X	2.503772003352892
0312656734	4.757118287789031
1469201615	3.9613560512910597
1480297275	4.0
0762446803	4.0
0857206931	3.0000000000000004
161614680X	2.0
0316125067	4.32261185006046
1402265077	4.0
0545221307	4.0
0152066497	4.0
B00B73H3K4	2.0
0062071165	5.0
1442423668	5.0
0547363060	3.3290577207696104
0373210396	3.0000000000000004
0062008269	4.645689257722453
1455574856	5.0
0802736149	5.0
0141345713	5.0
0316105422	3.0
0062302426	4.0
1416957952	3.0
0375869212	5.0
0316013684	5.000000000000001
0316127256	3.0550185873605944
1481924060	3.0
0316185574	3.5107726597325413
006230240X	4.48997867803838
1479103438	5.0
1442423218	4.0
1416589430	4.0
0988105411	4.545907473309608
0373210361	4.497900923593619
157131699X	2.0
0547482477	5.0
0316014540	3.516456724908574
1475158378	5.0
1416953582	4.465823785065192
0439895979	3.98941504178273
1423121287	5.0
1402241062	4.0
1479221961	4.0
1606841297	3.3150733345113976
0312643462	4.0
1597480169	4.0
0061996246	3.0
0547577389	4.0
0062079905	4.0
0803737211	3.6204938271604936
B003JBI0QS	3.0
1416589422	5.0
0385741790	4.275506230529595
0545468094	3.0
0985207035	3.0
1442423242	2.0
0312594410	3.5473646723646723
0373210337	4.394303363074811
0738726451	4.0
031238369X	4.512092130518234
0373835396	4.0
1479145211	5.0
1250042151	5.0
0061547913	3.0
1442413441	2.0
0525423400	4.0
0062062247	1.0
006085071X	2.0
0425269841	5.0
0374361509	3.0
006221635X	4.656890012642225
1442416947	4.4808934834779395
1439168857	3.0
1493530682	3.0
0547263678	4.0
0062047809	3.0
1477553371	5.0
006207203X	4.689949377168536
1478377003	4.0
B00D7Z4FW4	3.0
1416953566	4.024184261036468
0307956350	2.0
0385742657	5.0
0373210345	4.014129110840438
1478332573	4.0
0545169119	3.0
1416950052	5.0
0062072064	4.693056124539123
0802734375	3.692807063100493
038573901X	4.311575052854123
0738736244	4.512092130518234
1416589449	5.0
006207119X	5.0
0451227468	4.0
0142415901	3.756035825545172
0385740484	5.0
0373210353	2.4249372984593336
1442402784	4.302385226981277
1250002990	3.9645121951219515
159990487X	5.0
1606841246	2.5120921305182344
054506970X	4.030880670987419
0373210310	3.0
0385741359	2.421433196632851
160684038X	5.0
0802736106	5.0
0316094609	3.808082672079719
0142418196	5.0
1442416971	4.664817690999187
1402265042	2.319444444444444
0545123283	4.036858974358975
0983736707	2.0
0142419044	4.0
1416953558	4.512092130518234
0805092560	2.998154300479882
0545476992	2.6899000526038925
0545289734	3.0
0425224511	2.0
1423114574	2.436376971030436
0451238117	5.0
1468161660	4.7540923972353575
0515134899	3.0
0425269868	4.0
042526985X	4.0
0142411558	4.015877016129032
0763653861	3.0
1616267127	3.0
B00CHRXNEE	4.0
0545433819	4.0
0373210329	5.0
1475280904	3.9799573560767594
1402237847	2.0
0525423893	4.467279411764705
1908844078	3.0
144243435X	4.0
1599559064	2.0
1423155084	3.5019531250000004
0061996203	4.730355005983247
1466201711	2.0
1416994068	4.560089549201181
0989138607	4.0
014241591X	5.0
1442426675	5.0
1442447133	4.0
1595545417	4.0
0545123267	4.418203133326228
073872341X	3.0
0307931889	4.040015464913977
0141345659	5.000000000000001
0375866566	4.549474447263502
0802722806	4.0
1442439513	2.5120921305182344
0451228863	4.0
0578064405	4.0
0545169151	4.030179127725856
0142420980	4.012929919834497
0062021737	3.0
0778313719	4.0
1416571736	4.511715797430083
0441009239	5.0
0385751605	4.023471882640587
1484125460	1.0
0765330067	3.0
1595545409	4.0
1466394579	4.567687074829932
067001303X	2.910757946210269
1469972859	3.0
1561455784	3.0
0062089641	4.0
031613399X	4.127264220306128
0373777787	4.0
0062245384	4.0
006210182X	3.0
0763655570	3.0
0316053619	4.0
0778315916	2.0
0399252622	4.0
1416968571	4.0
1423163869	5.0
0375868763	4.005308924485126
0142410705	4.0
1477817158	2.0
1940431042	5.0
0545060826	4.0
0989206408	3.0
1939392500	4.999999999999999
0062120166	3.4592082616179
0547481535	4.0
1595142258	5.0
1569476179	3.0
0140386882	3.414952660790074
0345531566	5.0
0316197157	4.0
0547435606	5.0
1419704036	1.4526353276353277
0765325977	5.0
1461058481	5.0
0545169178	3.7462602842183994
1620610078	4.86075677993354
0062015052	4.0
1907411216	4.0
B00480OJR8	2.0
148014178X	5.0
0547550766	3.040961945031713
1250003008	4.0
0060530928	4.0
1442457392	3.0
1606842633	4.0
1423128206	4.4798013245033115
0061978841	3.4105117565698477
0803736819	5.0
0061724521	3.0
0545208874	5.0
1481060953	5.0
0545114756	3.0
1620610000	3.4564732142857144
0803739095	4.512092130518234
B003X976CA	4.0
0345546601	4.0
1476712980	1.4594162335065974
1442440538	4.0
0670010820	4.0
0062211196	5.0
1484882423	3.0
0142421871	4.891193595342067
1595142673	4.0
1416990070	4.0
B009LTC8Z6	4.0
0373211155	4.0
B005WJQMA6	2.9999999999999996
0385739540	4.0
1480231487	3.0000000000000004
1455576506	4.23860811930406
0807583693	3.5120921305182344
0385361661	4.0
1416974849	5.0
0425217043	3.0
0451415191	4.0
0761462694	4.0
1595546782	4.0
0803736827	4.0
0062294776	4.334137838562618
1606841319	3.0
1250005647	3.432012678288431
0983129797	4.0
0764209051	5.0
1482061236	5.0
0590449044	2.0
1416934758	3.0
0385735197	5.0
1402264119	2.0
1402243693	4.0
B0060EHJX6	1.0
0425274462	4.328413284132841
006197885X	3.551369863013698
0545208858	5.0
159514353X	4.235909963357181
0451415183	3.0
0062292129	2.0
0142406252	5.0
0316133973	5.0
1606841769	3.168404170008019
034554661X	4.0
1490420185	5.0
1466394595	5.0
1476756546	4.0
1405258217	4.615114235500878
0062060813	3.0
0547959109	3.3776247848537
0142417394	4.0
0545424941	4.654888673765731
1595545425	4.0
1442419954	3.9866310160427814
1416955208	5.0
1423171020	4.516666666666666
054511473X	3.0
006149190X	4.0
1595545433	5.0
0613460510	5.0
1442441852	5.0
080509296X	4.463525305410123
0763653330	4.0
0061734780	5.0
0802733905	4.0
B00FKERXXS	4.51023751023751
B007WEX65S	5.0
0615582206	4.0
0062118692	3.626669905270829
0738721646	4.0
0312625200	2.4592082616179
1478212241	4.304693715194909
0062128027	4.320151551030073
0142417718	2.7083534524384354
0803732414	3.0
146765101X	5.0
1484118782	4.0
1423183096	4.032724505327245
1595143963	4.0
014241770X	4.0
0373771177	4.0
0553386786	4.0
0441015999	4.0
1402261039	3.7688622754491017
0525422188	5.0
0545427630	3.0
0316011851	4.0
B007QMHPYE	3.0
0375865640	4.0
193396300X	5.0
0761462651	4.0
0312555121	4.0
0316084778	4.0
1933963018	5.0
1402277857	4.26421731483291
1442407514	4.674018979225442
1442403152	4.0
0525953698	3.0
052595368X	2.908958485069192
0142417726	4.0
0310742307	3.0
1606842609	5.0
0425265951	3.0
0316086959	5.0
0375854517	4.0
1461154014	4.0
144235948X	2.9307820299500835
B00HMUD4K4	5.0
0061583227	5.0
0385737734	2.0
0142415561	4.632217986728787
1402264550	4.0
0805089306	4.0
0374380759	3.0
1416994815	3.6204938271604936
1595142657	3.0
1466440961	3.0000000000000004
1481948997	4.0
160684086X	3.639399205561072
0061969559	3.0
0312568894	4.4631644004944375
0142427551	4.761553329819012
0142501557	5.0
B00CWSI0P0	3.0
0307718387	5.0
042526596X	2.953748006379585
1606841734	1.0
0547760620	2.0
0062026100	2.929292929292929
0425208907	2.0
0375845674	3.0
0142420905	3.6698722549160325
080272373X	2.481093855503038
0689855443	4.0
159514398X	4.999999999999999
1596435720	3.0
0615477593	5.0
0061799289	4.025189283634246
1423117115	4.0
141697170X	5.0
0374380740	4.0
1423140354	3.0
B006T88RNE	4.0
0743254554	4.0
0142415103	2.0
1606840851	5.0
B00DNMRWV2	3.0
1402241453	5.0
0142417769	4.0
006224535X	4.4592082616179
1463529686	3.0
1416979204	2.0
014241557X	5.0
0062267159	5.0
1419707930	2.0
0316213276	2.0
1442472138	3.0
0385732066	4.0
1599907585	4.0
0060525118	4.0
1442420529	4.5517962598425195
1451658036	3.892882311486963
161218149X	4.0
0803739486	5.0
0765328100	5.0
B00GU50XFQ	4.0
0810941740	3.0
B00DL011JU	3.0
0062267140	4.0
0062027891	4.0
0545551455	5.0
0545502047	3.0
B00A74G8TG	4.0
0373657102	4.0
1442453443	4.0
1620610094	4.666001994017947
1622660757	4.498769771528999
0758274858	3.9834036185552986
0345546679	5.0
031619493X	3.0
1595141758	5.000000000000001
1466371080	2.4721898094126797
0761377522	4.471736478243189
1595142606	3.958677685950413
0374351384	4.487907869481766
0375868704	4.0
0312649614	5.0
0060525126	4.0
1442451270	3.4966492926284443
0312546610	1.0
160684170X	2.9537444933920707
0761388656	4.514735432016075
1611940028	3.0
1479244236	4.0
0553386778	5.0
0062117386	4.482945736434108
1480225649	4.0
B006VD56J0	3.663996229971725
141699484X	3.982125510005829
1442445807	4.503350707371557
1402277822	5.0
1606840835	5.0
0060525134	4.0
0375831002	5.0
1442440597	4.227504244482173
1442427159	3.4812244897959186
006056914X	2.0
0062014552	4.0
B0050Q4YBK	3.0
B0031RDWCW	4.0
0399257942	3.0
0062117378	4.5250581125058105
0446527874	4.0
1493547542	5.0
0062027875	3.4225161071549683
B0097GFP0I	4.0
125001851X	3.0
0451235541	3.5272727272727273
144219541X	5.0
0142417793	4.323576370409793
0802723705	3.0
0778314235	3.0
145165801X	4.8961092038581
0758269498	4.0
075826948X	3.0
0061992763	3.0
1599908441	4.373850262090793
0399160345	4.0
B00GU45KXM	4.0
1481402854	1.0
0763655597	5.0
1416974350	3.0375510204081633
0142411221	3.0
0983732205	3.0
0373210418	3.0000000000000004
037321040X	4.0
0062060783	3.5371269951422626
0375869158	3.0
0062024205	3.0
0062195263	3.6003372681281616
006121468X	4.0
0307582884	4.0
1456428810	5.0
0142414727	4.0
0061978086	3.895436579231046
0316078492	3.0
0373210426	3.076745298055467
1423147952	3.948695345557123
0615680046	5.0
0385735820	5.0
0062048651	4.71312965993817
0062069128	5.0
B00CX5V74I	2.0
0375854908	4.0
076365261X	2.0
031071981X	3.0
0606106766	4.481224489795919
0425247341	4.0
1939049008	2.0
038574126X	3.5163622526636225
0765327228	4.0
1442432659	4.1504943244232875
1402238622	5.0
0062278789	5.0
0778328791	1.0
1442417064	3.938320732192599
1423147944	4.551369863013698
142310921X	3.7172291296625226
0802727956	4.0
0310724392	5.0
0312614802	5.0
1439199094	4.0
0061766666	4.0
1482658143	5.0
1423121317	5.0
0385731469	5.0
1484038487	4.0
0758218575	4.0
1482349175	2.0
1408835193	4.662085308056873
0385741286	3.4885311871227365
0446363669	2.0
1477561218	4.0
0062085611	4.309000184808722
1482017229	5.0
0802723101	4.0
1423121325	4.351192754177828
1416997008	5.0
0312551371	4.637676705593116
0192792954	2.0
B00GU45M80	4.0
1908844310	2.0
1442453591	4.0
0763652601	5.0
1402273436	3.001256281407035
014241123X	4.0
006088732X	3.0
0399256687	4.28644382544104
0142412597	3.0
0385343329	3.0
0312624670	4.527272727272727
1442429070	4.762844444444444
0451230574	4.0
1476717516	4.0
0375863400	5.0
0802796516	4.0
0385742150	4.479338842975206
147525895X	3.0
0316254770	4.352634194831014
0061143111	4.0
061860572X	5.0
B008X7JUH6	5.0
0991841174	2.0
0316209724	4.182787509520183
0061766690	4.660636306924516
1937053881	3.0
037321085X	3.0
1423157311	4.703065451532726
0316011770	2.0
0802723527	3.933913482154118
0805092072	4.0
1477659188	4.0
1937007588	5.0
1416989412	4.52649930264993
055338483X	5.0
1937053407	5.0
0553384848	5.0
0312605919	5.0
0803740514	4.0
140031836X	4.0
0060541431	4.0
0615294987	2.0
1442423749	5.0
0989668401	3.0
1616951508	4.0
0439540208	3.0
0142417807	4.802823456407074
0374364753	4.351677852348994
145550372X	5.0
1455521124	5.0
1434764338	5.0
0547223994	4.0
0375835318	3.744581136496778
0446547638	3.0
0802734685	5.0
1423160959	4.0
0778314189	5.0
0385730187	3.0
1402789572	1.0
1483966763	2.0
1442488697	2.47310989867498
073935650X	4.770934524966
0316035718	5.0
0385733208	4.0
0547496389	3.0
1480198854	5.0
B0090RV3JG	4.828012048192771
1442421592	4.532720588235294
0316209740	4.0
0380802309	3.0
006197806X	4.455016733381455
0345527682	2.0
0738730408	3.498945147679325
0142412147	4.999999999999999
0547224850	5.0
142312135X	4.0
1599559102	5.0
1423134672	3.671503060530492
0312649916	4.479338842975206
1490568530	3.3943033630748114
0310726131	4.0
0061452114	4.0
006173506X	3.0
0545210127	4.0
0545151465	4.610766344349833
1416989439	4.0
1416960597	4.6821157371039535
0374302081	4.0
0425245144	3.0
0441008534	5.0
1442421142	3.0220570606569166
1481988867	4.0
0547624573	3.0
B005MT01D0	5.0
0385740328	4.0
0062071041	4.385589255243023
1456527738	2.0
0142424935	4.478678447944679
141654111X	5.0
1451656327	4.0
1482063557	5.0
1442433132	4.4234908750584925
030726999X	3.0
1423157370	4.616420313186009
1594744769	3.0947293447293447
1423139933	4.0
0810942119	4.0
0778329216	4.0
0312622848	4.0
0670012807	4.0
B007MNX5UU	2.0
0316090530	4.40092117659374
1599905868	3.4446147949405903
0373210027	3.0
0983712204	3.0
0345527224	5.0
0312573804	4.515440335493709
0765325438	4.0
0062192132	3.0
0609807919	5.0
1402268467	5.0
0345531701	3.0
0545140315	4.664732260617251
1250002672	5.0
0373210477	3.6314852492370293
0802728405	4.256095219811864
0765325446	4.0
0375857109	4.480040595399188
1400108268	5.0
1596437103	4.0
1423160517	4.425198393259528
1467919373	3.0
0738714763	4.0
0061288543	5.0
0425225925	4.0
0385342020	5.0
0609807900	4.329514989032416
0316244996	4.0
1463584997	2.9953166361229897
0374373663	4.0
0061974587	4.0
1442303093	4.0
1595143068	5.0
1477424261	4.53544648943422
1406332933	5.0
B007APJ0D6	4.0
0446540595	4.0
0373605153	5.0
0141035005	4.0
0373210485	3.9589690416234626
054792853X	4.0
1599903229	4.0
0802723187	3.4727074235807858
B00LEZ9E4I	5.0
0425238814	5.0
1402260520	3.4836065573770494
B004ZZQ9MO	2.0
1605424498	5.0
B00DP3Y3NY	4.0
0399164227	5.0
149290919X	5.0
B00BY5XRHI	3.0
0373210493	4.443700226781287
1402798067	4.0
0062082191	4.999999999999999
033039780X	3.0
0399256261	4.0
1484053699	5.0
1423100034	4.0
0062272586	2.0
098290505X	3.0
0061783188	5.0
073872632X	3.0
1940584000	4.0
0385739370	4.932152549635766
0778329259	5.0
0142413836	5.0
037377611X	4.0
080278450X	4.503350707371557
0316090573	3.4879078694817665
1442421177	4.0
144240373X	4.513752999815396
0373210469	4.0
0312569041	4.673359451518119
1470088002	3.0
014242059X	4.999999999999999
0152063900	3.0000000000000004
0330453866	4.485264567983926
1416974326	3.0
1595544518	4.0
1453624821	4.0
0805094652	3.0
142315956X	4.316939890710382
1442409053	4.47920872022608
1481056832	4.0
0142408026	3.0
1599904985	3.97056085641145
0312650043	4.0
1442422017	4.414968010712691
0373777469	4.0
0312569033	4.165302005458645
0545333024	2.0
0373210434	4.338855054811207
054506631X	4.0
0062073281	4.0
1463579128	2.9999999999999996
0316068675	4.0
1442472715	3.0000000000000004
1423149769	4.482684755444483
0763640670	5.0
1402268432	4.2465348364442805
1401686354	3.1773879142300196
144240907X	4.729649140244509
0385342063	5.000000000000001
1466276584	3.0
006202065X	4.496649292628444
1416995269	2.0
0849946441	3.0
1595144358	4.25673964175864
006198650X	3.0
0312548567	4.0
0061720437	3.667202572347266
0741478366	4.0
1480207217	3.0
1416524754	3.0
0385346433	4.0
006209419X	4.0
0007442920	4.883885677062128
1423100050	5.0
B00BCFYO8G	4.0
1609074602	4.0
0373210450	3.5423950170785607
1478952636	5.0
1595146547	4.0
0670012092	4.0
0765331268	5.0
0804170703	3.0
144245041X	4.0
0615692931	3.0000000000000004
014311560X	5.0
1477588388	5.0
1492135496	5.0
0802721826	5.0
0312642970	5.0
0310733332	4.0
1476730091	5.0
1596438924	5.0
1466337524	5.0
1419701916	3.8750982704402515
1250050367	4.0
031604900X	3.0
1406330337	5.0
0373776586	5.0
0805094601	4.478446740292126
0374372837	3.7049455155071254
0738725951	3.4958246346555324
0758281463	4.0
0545334748	4.032415214540003
0765331276	5.0
0062026089	4.278089379410169
0743572750	5.0
1442413476	3.0
1416995617	4.0
0451194861	4.0
1475145578	4.0
1426211651	4.0
B00KVOTDRQ	5.0
1606841203	4.0
140226402X	3.365499573014518
B008QY37A2	4.0
0307452921	4.0
0061724424	5.0
0738725943	4.696368848542762
0765331284	5.0
142621250X	5.0
0143124544	5.0
1595547932	3.0
0545259088	3.780472789953214
0312595689	4.0
0061990671	3.0
037584158X	3.0
1423164830	4.577573529411764
0061999008	5.0
0547482507	4.514735432016075
0689865198	5.000000000000001
B00IQ8HSGW	5.0
B008BP0BQE	5.0
1605425877	3.0
0615809057	4.0
0803735669	3.0
1482632462	3.0
0385338724	4.0
1423146166	4.0
1606841696	3.7793867120954
1406330345	5.0
1402268408	3.784617493830545
0061990655	3.7702105076950296
1606840363	3.0
0892968559	4.0
1620611279	4.0
0803734344	4.0
1442457031	4.0
1599906341	3.5204003079291764
0142421960	3.0
0738719269	4.0
0439846803	5.0
1470068982	4.1839904420549585
0062121308	4.0
1402262272	4.589137188094999
1452102643	3.0
B00CXGQWGA	3.0
0763662801	4.0
1476741182	5.0
1471115755	5.0
0375867333	3.0
006178320X	4.472242783123612
0061375802	3.0
1463779046	4.0
1416994793	4.51681195516812
1442407603	3.688338493292054
0374371938	4.0
0810946475	3.0
1455574449	5.0
0758232012	4.0
148265864X	3.0
0374399050	3.9292929292929286
1416971696	4.0
0985011599	3.0
0060535202	4.0
1402264461	3.0
0758225725	4.0
1442472669	4.0
1595142568	5.000000000000001
1442439203	5.0
0307710319	4.744037558685446
1461085977	4.999999999999999
0062135953	4.462538487854943
1623429110	4.0
1453728406	4.0
1402218176	2.0
0425267814	4.0
0061976792	4.328496939469509
1466202629	4.0
1480213985	5.0
1423170288	5.0
0525951172	5.0
1606840797	5.0
1423116364	4.4691603660962995
0307931544	3.369039229504345
0385751559	5.0
0375869530	4.1171721579751255
0547223072	5.0
1595146938	4.0
0060565071	1.0
0373777892	4.0
0765328089	5.000000000000001
1595142576	4.481224489795919
0439846838	4.0
0425241696	4.0
0545004071	3.5154403354937096
0446697192	5.0
1482088800	4.0
0434021636	3.0000000000000004
0152063846	3.3274881516587675
1476764298	3.0
B00AEF30QC	4.0
0786847654	5.0
0375841547	2.0
0312650108	3.806909430438842
0375868208	4.0
0312642962	4.729522418044014
0976180480	3.0
0316056197	4.0
0805092854	3.0
1451533969	2.0
0373776551	1.0
1595142584	4.0
0451217608	5.0
0765328097	4.0
0152062106	4.0
0062123920	4.0
0778314529	2.0
014241347X	4.066698771972068
0312575653	3.5374615121450557
0778315851	3.0
1423116380	4.0
1442417439	4.311575052854123
1423108760	3.9564910630291625
0544002229	4.0
1442488638	5.0
1442406798	4.0
1427201412	4.041022192333558
1250007119	3.9180534543620777
0446547565	5.0
0810948214	4.0
0062060716	5.0
1612045995	4.0
0373771290	5.0
1423116372	4.4691603660962995
1423175123	4.0
1417808268	4.799556868537666
0545107296	4.0
0062026488	4.393190166713762
1402273371	4.0
0670013323	3.5981617647058823
0670012475	5.0
0062235656	4.5999389685688135
0312624697	4.484562295677443
0446547573	4.0
1482792621	5.0
0061363847	4.0
1606840754	3.0
0061243272	2.0
0425267806	3.9799573560767594
0425214478	3.0
006226768X	2.194585448392555
1442488662	4.0
1482068346	5.0
193481332X	4.0
1476730946	4.612342499770072
0312624689	4.0
1423116399	3.9785897137537813
014242899X	4.12998700129987
0803734735	5.0
031604461X	5.0
1416903569	2.0
0062135929	3.497231450719823
0142418722	5.0
1477686789	5.0
B0064GU2AM	3.0
1478292849	4.0
054760842X	5.000000000000001
1595548866	3.0
1463567626	5.0
0374380864	3.0
0758276931	4.0
1442352965	3.3594470046082945
0312610041	3.4627466774063635
1595143874	4.006701414743113
0763655279	4.0
B006G2XOMW	3.0
0312605935	4.0
0142421901	3.8196997549019613
1402260490	3.6553213106426212
B00JJXV3OQ	4.0
0763656526	3.5109186746987953
0141302690	4.0
0615381383	5.0
0062003313	3.99722914934885
0670014230	3.0
0061921270	4.0
0385737637	3.517869907076483
080073257X	3.0
038573459X	5.0
161739274X	5.0
0316084220	4.811268009461687
0062026429	3.487910501623962
1477816364	3.0
0062259652	4.0
1484148037	5.0
142314354X	3.0
0142425036	5.0
B00DY8HARG	1.0
0803738277	4.0
1599909405	2.0
0758269382	3.0
B00D3XWOUK	4.0
0312656270	3.0
0062187546	4.0
1250021847	5.0
0983930805	4.0
0062060759	3.9564267432423996
0316212059	3.0
0615748996	4.0
0578048094	1.0
0062066064	3.2701112307140288
0758276915	4.494041867954912
1423121309	4.714285714285715
0747598002	5.0
1612184421	5.0
1442444622	4.0
0307346501	4.0
0312656262	3.234913793103448
1606840746	4.0
1420132431	4.0
0316018775	3.0
0312656289	3.0
1406330396	4.659788626069451
0738722871	4.040961945031713
0062117262	4.288687561214496
0805080813	3.0
0062048686	5.0
0451163311	5.0
0385738986	2.048426150121065
1442474459	5.0
0761375260	5.0
0547389809	4.0
1469982994	3.0
085720873X	2.0
0399162410	4.617482347212077
0439755190	5.0
0316025062	4.552779732582687
B00AXOP7MY	4.0
0689878001	4.0
B00C83FST0	2.0
0062279203	5.0
1416982752	5.0
0373772106	4.0
1616262346	3.0
1455508594	5.0
0062010077	4.0
1416903542	4.481224489795919
148117567X	4.0
0307346528	5.0
1419705849	3.0
0062280678	4.0
0670014680	4.0
0142800384	4.0
1479209139	5.0
0307264645	5.0
0778314596	2.0
0060098902	4.0
0062003321	4.04
1250049377	5.0
0142427225	3.4574063231850114
0316084239	4.2198450756178545
0062235672	5.0
0142429406	4.248483734607609
1455508586	4.0
0061921262	3.7888658572697658
1599907232	3.947147443813287
1937053024	4.0
0802721893	2.4871794871794872
0061999032	2.993298585256888
0307975983	4.0
0758269374	4.300102951269732
1439195870	4.0
0373210531	4.394303363074811
1595145192	4.0
1416999531	3.7492654260528893
1622660161	5.0
0802723454	3.0
031253275X	3.5306122448979593
0142422479	3.530839633903701
0312532768	5.0
0316106933	4.0
0451232682	4.0
0316077046	3.0
0142425990	3.9733621310295173
0738714267	4.0
0061779849	4.479338842975206
B00CXUMKDK	5.0
0763639311	5.0
0373796730	4.0
B00785ZFUK	2.9065135895032803
0757315356	4.0
0375829822	4.0
0983157278	4.282170923379175
0984706917	4.0
0061284424	4.0
0451234871	5.0
0061668095	4.0
1599908182	4.0
0374343969	4.0
1595549218	4.0
0441020704	4.0
1595142924	4.308796296296296
0451234863	3.455066921606119
0385660065	5.0
0061926531	2.0
1250001404	2.439403973509934
B00E8901R6	5.0
0670011428	4.0
1439195862	5.0
1416575405	3.0
0763637122	4.0
0316102555	3.3266405484818806
1937053571	5.0
0345524241	3.0
0373210515	3.948966267682263
1416975586	5.0
0778313174	4.0
B00DPAFPQG	4.482945736434108
1442432780	3.0
0670072818	4.454892966360856
0615543332	5.0
0385742010	4.155517108804306
0738727571	4.0
0061341584	3.0
0983157251	5.0
0385743343	4.0
0738730726	3.0
0802723462	4.999999999999999
B006UON5ZW	4.0
0373210523	4.283329640298397
1484901967	5.0
0767905172	5.0
037321099X	5.0
1451677758	3.491077801570307
0763649562	4.0
0345510089	4.0
054784803X	3.0
038532801X	2.0
0385734875	3.0
1439167397	3.0
0062048503	3.752790271530902
1423108493	4.0
0374379912	3.221874247169357
0778326497	5.0
0786838183	5.0
0316194689	3.972371134020619
0758234937	3.0
081297235X	5.0
045123572X	4.0
0142422010	4.694608177700564
0810997150	4.0
1481401246	2.0
B00CO7GIDU	2.0
0983157227	4.812773951158422
144245413X	4.254095238095238
0061799491	3.768419592063272
1479138754	4.0
1402240406	3.4786784479446795
006211851X	3.0
0615797237	4.0
1406337609	5.0
0385742037	4.0
193781503X	4.0
0786838159	4.0
0399257640	2.0
0802723403	4.0
1419700219	4.0
1423123689	4.0
0758266960	4.329953005194163
0803738323	3.4627466774063635
1479165913	4.0
0316024961	5.0
0310728215	3.0
1439192316	5.0
0316001821	4.0
0316085944	2.895436579231046
0062077902	4.094247742720909
1468112422	5.0
141696133X	3.0
0983157200	4.34982332155477
1468121375	3.0
1442344911	4.020536756126021
0061935018	5.0
0062217070	3.705474171164225
0385376111	4.095652173913043
0061960454	4.4691603660962995
0786809604	5.0
158246393X	4.0
1595542604	5.0
0061284416	5.0
0763646024	2.0
0544022181	3.5033507073715566
0525423265	4.0
0553385607	5.0
0670786152	5.0
0061923036	5.0
1475222440	4.234102306920763
0755343743	5.0
144242916X	2.9624489795918367
0142415758	3.683634512598626
B00CO7GIFI	2.0
1423159608	3.0
1416996095	3.5327205882352937
0062252283	3.0
1475265115	2.0
0316126535	4.1717472118959105
1595145184	4.0
1423157419	5.0
0425263916	3.0
0061284408	5.0
0425256383	3.0
0062085530	5.0
0373210965	4.0
031620501X	4.0
B0071LLL2M	3.0
0758266944	5.0
1432742132	5.0
0761354174	3.0
0316217492	3.0
0525423257	4.0
0805094598	4.425275482093664
0544022165	2.464905362776025
1439190593	4.0
1442423889	4.0
B006TM2KHE	5.0
0385743378	4.0
1402270240	5.0
0142422053	3.6858605246321177
0615559719	3.0
B00EJR4V0U	4.0
1481962116	3.0
0385738366	4.0
0385740204	1.0
0441010512	5.0
0374312370	4.0
1469907119	4.0
0312605390	5.0
0062265970	4.0
1596437200	5.0
1466354267	5.0
006167298X	3.0
1423184629	3.0
0375869433	4.0
1933718552	4.0
0805095411	4.537461512145056
1595145109	3.0
1423137876	4.016485091743119
193630502X	3.0
0375870415	3.76926388291003
1416983104	5.0
1442421258	4.0
1442422580	4.0
0061962686	5.0
0316175560	4.174498609281217
1402243022	4.004548900682336
1439183813	4.0
1453812954	5.0
1416974644	5.0
014242370X	3.6851803106080543
1491282029	5.0
0399257209	4.0
0374302103	4.0
0152064087	3.0
006209534X	4.0
1402256337	4.0
B005VDE8LI	5.0
0451164040	1.0
0060009268	4.0
0061935085	4.014784946236559
1595145117	3.530839633903701
1599903334	2.0
0061827622	4.661359315589354
006196266X	3.4394039735099335
1490533532	2.0
0061989711	3.4793388429752063
0385738382	1.0
031618750X	4.0
0143170090	5.0
0316033057	4.452764976958526
1442434554	4.0
1936593254	4.0
0765334283	4.0
1416983120	4.0
0062265946	4.636872930990578
0738736430	3.0
0761463275	5.0
1416995587	5.0
1442445688	2.836968495263274
0385741561	3.609563409563409
031610213X	4.0
0385737068	4.0
1595145141	4.0
1461071798	3.0
0062085573	5.0
1606843230	4.24492362982929
1416967990	4.0
0061742120	3.0
1939108004	5.0
147674355X	4.236923076923078
1620612402	3.5285261489698896
0061714909	4.0
B00CKOVBVQ	3.0
161963144X	5.0
0758267436	3.0
1475102542	3.892427184466019
0385740220	3.723220577871741
1442423447	3.372964972866305
0451414047	5.0
0373210132	4.063218390804598
0062192469	5.0
1606840177	4.649576783555018
0545310288	3.0
0373210574	4.0
0756406005	4.0
0374361746	4.0
1595547916	4.0
0451237013	4.189537528430629
144241233X	4.0
0061668060	5.0
014132855X	5.000000000000001
1939173035	4.0
0312583516	3.4868563197695357
0545381886	4.0
0373210582	4.756465078395438
0374382670	3.0
054750151X	4.006701414743113
1599906813	3.0
1599905965	5.0
006212126X	3.2441180878165743
0451419707	4.0
0989416410	4.0
B00C8UB5J0	3.0
0373893035	3.0
0399154361	5.0
1250012570	4.268553364443776
1442435003	5.0
0062304828	5.0
0373777582	4.0
1416984488	5.0
0451419715	3.0
0312583524	3.0
1439102821	4.0
140226612X	4.0
031612611X	2.3903688524590168
1606415964	5.0
0738726672	5.0
0804176787	5.0
037321054X	3.6298701298701297
1595144242	5.0
1595143394	5.0
0307359034	3.0
0061985791	3.7339726027397253
0988301318	3.246635870656758
1250044596	4.0
0061229687	2.0
0615566413	4.0
0373876912	4.0
0763643823	3.7502309255496025
1594745919	4.0
1402256361	4.532720588235294
1595144234	3.468901174844506
0373605234	3.0
039925725X	3.7971473851030106
0061575399	3.976341463414634
1442403888	4.0
1442402555	2.9999999999999996
148120646X	5.0
1482311461	4.0
0061947075	2.9624489795918367
0374323038	4.0
0062020560	5.0
1482319055	5.0
0316245534	5.0
1416986200	2.0
1476740496	2.0
0061668036	5.0
0778312739	3.0
0399252819	5.0
0375870008	4.5837320574162685
1466254440	4.0
1250035651	4.0
0061779814	4.031357621895958
0758258925	4.0
1599905973	4.0
0062001817	4.505469755469757
006172162X	3.0
1402271905	4.319323209374626
0316036064	4.516491482421166
0738721484	4.0
1595145990	4.0
1442406828	4.322033898305085
0142419745	3.448630136986301
145368493X	1.0
1478340045	4.0
1442442913	5.0
0062020641	4.0
0802720854	3.800122025625382
0545104742	3.0
0374346674	5.0
0312575939	4.479338842975206
0142426040	4.863898200279886
1463576641	4.0
0143170104	4.0
0545230535	5.0
1442422068	2.439403973509934
1456888587	4.0
0312575947	5.0
1414340125	4.0
0061963135	3.0
B00C14KSH8	3.0
0441019285	4.0
B00K7RPZFQ	5.0
0989339270	4.0
0451237102	3.9310000000000005
140883233X	4.629388816644994
0802798225	3.863259668508287
0307932508	3.0
1937135047	4.0
1442409096	3.659906010388325
073872582X	4.0
0765333333	4.0
0857072285	5.0
1416982663	3.0
0758267053	4.5557775557775555
0615582052	5.0
1423148495	4.0
1595144668	4.0
1599906449	4.0
037321006X	4.0
0061926183	3.991606043648573
1442402008	5.0
0312575955	5.0
0316098329	3.0
B00C5R83E6	4.48976248976249
1595143351	5.0
0989674444	5.0
B00HBRNRXM	4.0
031603603X	4.665702261967385
0982903383	4.0
1607102560	4.0
0425219402	4.0
0375866337	3.0
031624676X	4.0
0062117181	4.344699777613046
0316129283	5.0
0802720870	4.288067898152771
0743251628	5.0
0373210086	4.141599154631912
0547626142	4.0
0373777558	4.0
0062005022	5.0
0142417114	5.0
B007NFGSC4	2.0
1492767891	3.0
0606238409	5.0
0988273608	4.0
1466341823	3.0
1617980218	2.6688453159041394
0670016780	3.0
0062007203	3.0
0802720889	5.0
1419704281	3.7175510204081634
0989339246	5.0
0758267037	4.0
1596435569	4.0
0373607989	4.0
1467901202	4.0
0373210094	5.0
0062076116	3.0
1935618040	3.0
1402279892	4.575247162211644
080509010X	5.0
0778326810	5.0
0802723098	5.0
0310723442	5.0
014241977X	4.239844469456667
0802728308	5.0
038574160X	4.5243658210947935
0618884041	5.0
0142422959	4.505530758781291
0061688061	5.0
144241314X	5.0
0061715808	4.0
1482352915	3.6930693069306932
1618626159	5.0
031605609X	3.0
0763653128	3.391693989071038
1402256302	4.481224489795919
1616265558	4.0
1423131614	4.999999999999999
0385742932	5.0
0670011908	4.0
0307932540	3.1922821024617436
1606841556	3.0
1480243205	4.0
0451233182	4.0
0545240778	4.766580875074243
1596436840	3.0
1595145958	4.0
0062068520	4.0
1466388900	3.0
1442459395	4.310933333333334
0062130145	4.0
1620612429	4.239528023598821
0987779400	3.5275242861348253
B0076790LA	4.0
1423131622	4.0
1442440783	3.0
0142410977	5.0
1599906406	4.0
0758272839	4.0
159990554X	4.0
0373210035	4.563528336380256
015206396X	4.776651651651652
0545230500	4.220935346723355
0764204807	4.0
0142418471	4.638947615691802
1476746532	3.0
0778313530	4.0
B00BOTU4JI	4.0
1466358289	5.0
0061731048	4.0
0765332450	4.681357530049493
1442440759	4.00416003915331
0758272820	5.0
1935597035	4.0
0803734417	4.0
1442427795	3.0
0373210043	4.317694689211717
0385740794	5.0
1599905108	4.0
1423131606	4.0
0061358363	4.0
0738719196	5.0
0316084190	2.0
0525421998	4.0
0316198684	4.382212215029552
0988695103	2.0
0062068539	5.0
0307744434	5.0
1595141138	4.0
0606262520	4.455111531488926
159514112X	4.0
0062238426	4.0
0758272812	4.4921656747236725
0989339289	5.0
1416900306	5.0
1442402040	4.036486486486486
0061575429	4.0
0373210051	4.527272727272727
0765332469	5.0
0425241343	4.0
1452663874	3.9307499999999997
1442361557	3.0000000000000004
140632132X	4.107572815533981
0062068547	4.0
0758273339	3.5374615121450557
B0082477KC	3.0
159514286X	4.4691603660962995
080272177X	4.0
0062207296	3.0
1416990674	4.5585819282317335
1470124327	4.70591538749532
014242207X	4.514893617021277
0547628382	5.0
144240339X	5.0
1250021529	4.0
0805089519	5.0
1482655861	2.0
1937053164	4.0
0061448761	5.0
0373802307	4.0
1442485256	3.6465177398160313
1416986189	3.0
0312614780	4.0
0062107798	4.231950844854071
006207086X	3.0
0316196924	4.0
1595142886	5.0
0060874163	4.0
0062003259	4.057778685177624
0062197258	4.0
143366870X	4.0
1481912755	4.0
B007RMZYL4	4.0
1463692463	5.0
0615797172	4.0
0425275515	3.0
0312323859	4.0
0618683070	3.0
0446697893	4.0
1423131630	4.0
0439922283	4.0
0141348550	3.0
0738718688	5.0
1481019716	4.0
0763654078	4.0
0142416665	4.0
1596439092	3.0
B0092QBP8Y	4.0
0062002392	4.0
0545040604	4.0
1442485280	4.581058628056017
0060541407	4.0
0062115391	4.0
1442341955	4.317470772270706
0061724394	5.0
0345523318	4.814796963489577
0374399107	4.0
0547608322	3.9833709131905297
1491001011	2.0
140223712X	3.0
014241882X	4.5308396339037005
0062187457	3.571272727272727
0670784826	4.0
B00IIUBPHG	5.0
0062102907	4.292076887013596
0439023483	4.576773008951113
0547519737	3.0
0545040639	4.0
0738720593	4.0
1483906078	5.0
038573798X	4.0
1490412727	5.0
1442452366	4.317594550152689
0152063110	4.0
193630550X	4.0
0062026798	4.0
054529018X	2.0
075826707X	4.0
0802721745	3.0
0061214655	5.0
1491289554	4.48997867803838
0062004999	5.0
1423168976	4.4592082616179
1423119568	4.0
080278710X	5.0
1937053598	3.0
0062127373	3.632969265938532
0373773552	5.0
141697508X	4.0
0316133329	3.7965983224603916
0062024140	4.0
0316041440	3.7050739957716705
0062048570	4.0
0345523342	5.0
0986915505	3.0
1622530152	4.0
0439023491	5.0
0547581297	3.0
0373210906	3.0
0446538302	4.547235023041475
190741018X	4.0
1936305984	4.422426470588236
0375836942	4.0
0062002325	4.4964879852125685
1451641818	5.0
031612351X	4.562385656787413
0062293605	3.9758210032479244
1939392756	3.5818181818181816
1616146214	5.0
0802728383	4.0
0316065838	3.0
0761460675	5.0
0263873080	3.0
B00E3UDI8O	3.0
0373777922	4.0
0385736681	4.0
1451641850	4.0
0452287146	2.0
1455520799	3.0
1250006317	4.436305732484076
0399256865	4.518885682017819
0800733533	5.0
1477426914	4.0
1936460041	4.0
0316123536	4.0
0062026771	3.979702619778145
0062002368	4.999999999999999
006180889X	5.0
0062049895	5.0
1907411003	5.0
1620611198	4.5306372549019605
1416593381	5.0
1250021944	4.0
0399159126	3.0
0989339211	4.0
0743566572	5.0
1423127188	3.0
1478132744	5.0
0763654035	3.0
0758269242	3.0
1250006325	5.0
1475005873	5.0
0316125725	5.0
145557631X	4.0
0778314472	3.0
0312614799	5.0
0441014003	5.0
1423118251	2.9999999999999996
0545296706	2.4067035245335173
1936305968	4.0
0061701246	4.393449362751816
1442421622	4.261034047919294
1937053148	4.531581012161633
031602712X	4.0
1416982647	4.024184261036468
0061986704	5.0
1469905213	4.0
0373210655	4.999999999999999
0545327881	4.0
0375824006	5.0
0525422471	3.0
1481955306	1.0
006087421X	4.0
0061914657	4.4646464646464645
0547279779	4.0
0312621353	4.0
0061869767	4.0
0062217135	3.5120921305182344
0061985848	4.031116028211866
0007489447	5.0
0373210663	5.0
1599901684	2.0
1460922638	4.0
0061935123	4.0
1595145087	4.0
1484050371	4.0
0061985864	4.313398238293926
0385739184	5.0
0142402516	3.7268643306379152
1447274407	5.0
098562776X	4.999999999999999
141697895X	5.0
1416983082	4.0
0983803714	4.0
0062060554	4.0
0066237580	2.0
0062279874	5.0
0316052094	4.276896617618957
1442421762	4.207296849087894
0545327865	4.303030303030303
1481142658	4.494041867954912
0385740166	4.482945736434108
1475210752	4.0
0373210671	3.524190857524191
0765329646	3.588539868829824
0615553028	3.0
0739426982	3.0
1419703870	4.511494252873564
0373210639	4.8122322351898354
0062023586	3.9851694915254234
0373207026	5.0
1481207474	5.0
0553385526	5.0
0761374086	4.0
0544022491	4.365862606622031
1616147652	2.3903688524590168
1468005596	3.0
0385742371	3.9127893908743543
1616145471	5.0
1442421797	5.0
0061869740	4.0
014219672X	4.709677419354838
0399254234	4.657608695652173
0061985880	5.0
0061935107	3.98109559613319
0553385518	5.0
0547564597	4.0
0743254562	5.0
1442434600	3.4691603660963
0062279890	3.0
0764210734	5.0
1442439068	4.034596695821186
0544022483	5.0
0545107105	3.0
B00G2BL50K	5.0
0062059998	5.0
0061985813	3.9624489795918367
061566069X	3.5955314261850067
0373210612	5.0
1442403918	4.054683894785417
0778313077	4.379219336018892
1478259531	4.445694336695112
1596437367	5.0
0061706302	4.0
0425227529	4.0
0061451053	3.0
0142426520	5.0
0061869724	5.0
0062027913	5.0
1620610914	4.0
1416579931	4.0
0062273280	3.500922849760059
006179936X	5.0
1595553630	5.0
0375872132	3.0
0451416732	5.0
0983752001	3.0
0985008628	3.0
0385741049	5.0
0062036866	3.422426470588235
0061962767	4.0
0061920908	2.0
0316127965	5.0
0373210620	4.0
1480001899	5.0
0802734413	4.0
0061490008	4.0
0312590563	3.6161739555338377
1619630621	4.999999999999999
1937044742	5.0
0062199803	4.0
0425233383	5.0
B00ES1IWVQ	5.0
0316035963	5.0
1908844132	3.0
0061914681	3.4810938555030377
030758836X	3.0000000000000004
0755206827	4.0
1442422211	4.0
1453606793	4.0
1419701657	4.0
0545429609	4.0
0310724198	1.0
1490994718	4.0
1402284764	4.667190363969626
1606843141	3.0
1442434635	2.0
159514191X	3.966110183639399
0061451029	3.0
1416990658	4.6352714009869125
0525423389	2.688318491356731
0739354574	5.0
1490530185	4.524190857524192
0670013994	4.759183673469388
0061869708	3.0
0061673110	3.702423018677435
1433669730	4.0
0671027344	5.0
0374326282	4.0
1416913181	4.481224489795919
0061659282	4.0
0547859260	3.016448959845186
0062059963	4.702423018677435
1595145060	3.4988780852655204
0985627719	4.0
0061962740	3.6480807240195565
0062081055	3.7698199923400995
1493515330	5.0
0062115359	5.0
0062062794	3.925076975709887
0385344406	3.0
0380801213	5.0
0062267884	5.0
0810984172	4.51691205730203
0312667574	3.0
1484829379	3.4481424148606807
0062025724	3.6446096654275086
1416991514	5.0
0062233653	5.0
144242351X	4.66597510373444
1423143388	4.1753190434890355
B007VUIMN4	1.0
1441861033	4.486681065514759
1423166000	5.0
1599904306	4.0
0385740565	2.0
0373211104	4.482945736434108
1606843125	2.0
1936850168	5.0
0756406323	4.0
0547824106	5.0
B00BFQAQQG	4.0
1439193975	3.0
1442420049	4.0
1599904314	5.0
0316205184	2.0
1402291477	3.0
0373210264	3.8487414453079687
1439192642	4.0
0385740573	2.0
0062273248	4.423664535702676
1468009575	4.0
0312949820	4.0
1442457325	4.0
B006KLYIAG	4.0
0061947172	3.0
0452296250	4.0
0061284394	3.5066464109380933
0758246854	4.0
1599904780	4.0
0316185485	4.0
0062059939	3.347860591230739
1595144145	4.211509081649974
B005UPRT9A	4.0
1402270542	4.024184261036468
1402271875	4.419522326064382
1439192634	4.0
0062083260	3.4839007857032813
0316098256	3.0000000000000004
006227239X	4.006701414743113
0062011995	4.181400177988728
0525425926	5.000000000000001
1482332574	4.0
0615429505	5.0
1461072514	5.0
0062114875	4.514735432016075
0738726990	2.5120921305182344
0061547859	4.0
1402281218	3.5288671940750715
0803738897	3.517191458559537
0763639494	5.0
0452297540	5.0
0061668125	5.0
0374322287	4.4646464646464645
1466355018	3.0
0141326085	3.0
1616202513	3.0
1442422246	3.337283300416941
0062273264	3.0
098870742X	1.0
1442443162	4.257371225577265
0982500556	4.0
0525421556	4.0
037321023X	5.0
0373210248	4.50832586140643
006208108X	4.0
1476756503	2.784854368932039
0061449156	4.0
0738710180	4.024184261036468
1402266065	5.0
1250009073	5.0
0545208890	5.0
0062103733	4.812350692785476
0800719840	5.0
1439178321	4.233029092983457
0451219945	3.0
0439023513	3.8926089703095386
0805097945	5.0
0374316414	3.4916138650764066
0373210698	3.9516182849516186
0425253384	5.0
0373210213	4.0
0062118811	3.9658914728682175
0989104400	3.0
0061953423	3.0
1416978917	4.512092130518234
1416975888	4.544612029801926
054410577X	4.0
0061430986	5.0
0061431834	5.0
0375859551	4.411740849640069
0061430994	4.0
0061755710	5.0
1476718202	5.0
1742202918	4.0
0985826304	4.0
145211174X	4.0
0545326982	5.0
0141348291	4.0
1442365560	4.0
0316220361	2.609631147540984
159514238X	4.0
1599903423	4.0
0802723381	4.004051565377533
0373210221	3.0
1595144579	3.4836065573770494
0374316422	4.0
006166152X	4.497974217311235
0385739141	3.0956521739130434
0141331860	4.4703659506762135
0141337168	5.0
0385738293	5.0
0062135317	3.6634737032351348
1423399269	3.9821299203091045
1477567658	5.0
0062085484	4.089708634055066
0899572200	4.0
1933963972	5.0
0060731303	3.0
B003NSC5YK	4.0
1416978933	4.0
1606842218	4.0
0985148314	3.0
0312387962	1.0
0062006169	5.0
0061953407	4.53544648943422
1416546634	4.0
1484040112	5.0
B00CIYHL6C	3.0
1933963948	5.0
1469915049	4.0
014241493X	3.9549110407019255
1479251208	3.8448529411764696
0373778589	5.0
1599907801	4.0
1440565511	3.0
0385739168	3.0
0439813786	5.0
0545255635	3.0
0307969509	3.0000000000000004
0373210205	4.0
0345527046	5.0
0062006150	5.0
0062103768	5.0
1619632861	4.483333333333333
0545512662	4.0
B005ZEWITC	1.0
B00H3TWIGK	4.0
054522490X	3.454892966360856
0670013900	4.0
0141331879	4.360896637608967
1599906945	5.0
0062004042	4.7733458470201775
1402265107	3.6598997493734338
1477805028	3.0
038567824X	2.0
0525426035	4.0
B006ZVW3T4	4.0
0743294254	4.0
0545537460	5.0
1426212739	4.0
0670013188	3.0000000000000004
1442413239	4.0
0375844406	2.0
0802720730	4.0
0062020528	3.9705291359678503
0312674325	4.0
014241851X	4.0
080754535X	1.672311600338696
1595143203	4.0
1595143688	4.239458251884948
0385738773	4.0
0061996181	4.536988018946782
0061963259	4.0
1484055268	4.0
0142420840	4.730719197175246
1414333951	5.0
0061450545	5.0
1439189862	5.0
0062125958	3.0
0802720749	5.0
1440429634	4.0
0062004034	4.0
1482004992	4.0
0312641893	4.879570260180675
1620610167	5.0
1416995854	3.0
0061450553	5.0
0062072099	4.514807302231238
0786851961	5.0
0061458031	5.0
0738732486	3.483508517578833
1599903059	3.5120921305182344
1595146725	4.0
0142423904	4.080815097834896
0061255459	4.0
1439198322	4.0
0345531450	5.0
1459400623	3.0
0061122807	4.757118287789031
B00DMTXQHA	4.0
0142419400	4.856672059440349
1606841440	4.792304328815041
0441012795	4.0
0738732478	2.0
0425240169	4.0
0385741960	3.0
0142421715	3.933131684130928
1606841459	4.5997601918465225
1606840126	4.0
045122633X	5.0
1469982781	3.0
144243984X	3.9203223831871052
1402241100	3.530839633903701
0385738315	3.0
0802798128	4.344107915500127
1402251386	4.0
1616630280	5.0
0982800282	5.0
0803737610	4.0
0451216954	2.0
0984662103	5.0
1416926836	4.669698544698545
B00CQYAWAG	3.0
1402277598	2.9196969696969695
0312380968	5.0
0984799133	3.0
144240213X	4.0
1606840576	3.958677685950413
0061726826	4.867367776189504
B005MMNZYE	4.001845699520118
0062077341	5.0
1402244681	3.0
1595145826	4.0
1423121937	4.0
1476755590	4.0
030728090X	1.0
1620610116	4.552149178255373
1442464860	5.0
1442406992	4.0
0316201561	2.0
0373210183	5.0
1595142312	3.024184261036469
0373718497	4.0
0805092625	3.744636808430561
1468002104	2.9999999999999996
006172680X	4.527182700080841
1937329151	3.0
0061999660	3.0
1606840584	4.0
0756407168	4.0
0142423912	4.539277242918934
0142419435	4.335887949260043
0061726834	4.415013325436778
1442413271	3.702120554349641
0062326201	5.0
0375868437	4.0
B009K54CPU	2.0
0061691763	4.0
1620610132	5.0
1484807944	5.0
0312674759	4.0
1426211856	4.0
1476776040	3.0
0142420891	4.167000153917193
0615585884	5.0
0763632791	4.0
1416596968	4.496649292628444
1599904349	3.1831815747188004
0316234478	3.9658914728682175
1442429607	5.0
0786838922	3.0
0062006207	5.0
1416958843	4.0
0425257800	5.0
0062110470	2.0
0805082832	3.0
B00BYK0OE2	4.0
0062072900	4.0
0061798940	4.503350707371557
1606841408	4.0
0547341261	3.0
B00418459O	2.0
0062092995	4.324233609308571
030773014X	4.0
0786838930	3.0
1619212706	5.0
1476776016	3.4462135922330095
006212241X	3.0
0385740654	3.4096149662823576
0062009702	3.307708918160225
1606841416	4.47063492063492
0385739680	4.176484096911241
160684055X	4.0
1250003334	4.0
0670013196	3.306222707423581
0062004018	3.996053064356978
0316036358	2.0
0385738358	4.006701414743113
1423121929	3.6456892577224527
0425266745	4.61607860100105
1250003326	3.8135437881873724
1599907879	4.27925195855446
0316027413	5.0
1599908727	3.0
0061996165	4.49737003058104
0152058265	5.0
0373534647	4.0
1463740611	5.0
0763655074	3.97337962962963
0060281359	2.9999999999999996
0316182885	4.042643104110641
0670012254	4.074861532964088
0375861394	3.0
B005ME39HU	2.0
1451683391	4.0
0670012246	3.0
1484805313	4.0
0316035939	4.4798013245033115
0451235665	5.0
0312674724	4.0
0062072927	3.0
0803735804	3.0
1416524908	3.0
0743454529	5.0
0062224735	4.0
1595142754	4.694954721862873
0738727059	5.0
1423134818	4.0
0805093915	3.0
1921656522	3.0
1606842722	2.432312925170068
0316213101	2.4684684684684686
038573347X	3.0
0525422064	4.512092130518234
0316035920	4.4798013245033115
142312197X	4.03912165572943
0738721751	3.0
0758266928	4.504273504273504
0545112877	4.061679267807402
0142426555	5.0
1401684882	3.0
0615512445	3.5365437158469946
0373775881	5.0
1620401398	2.0
1481921126	4.0
1402277970	3.0
1442441798	3.428727272727272
1606840991	3.0
B009YLVXH0	4.0
0373777604	5.0
076532959X	4.0
0738709611	4.483333333333333
0545107083	3.983350951374207
0007382227	4.0
0525422099	2.0
0062024035	4.4288256227758005
B005Z1CUK2	4.0
1250005140	2.6967597765363127
1442439459	4.64840858623242
0007444117	3.471264367816092
0062279483	3.0
1401684890	2.0
0547371489	3.9052330694810906
1416978461	3.5661167200196995
1490474005	5.0
0553385593	5.0
1250030951	5.0
0399256938	3.4845622956774425
0385735200	5.0
0802795498	5.0
0062118781	4.583057196369399
1595142789	5.0
1599908360	4.0
0062090364	4.0
014241543X	4.614459049544995
1423165993	4.0
0738727040	4.0
0761462759	3.468901174844506
1847530478	4.0
0307730123	3.0
0062060988	5.0
0446196118	4.0
1620612380	4.999999999999999
0141310073	4.0
1596912898	3.0410221923335574
1416538275	4.0
0743294297	3.9055299539170507
1416521836	4.515440335493709
1423116186	4.0
0061579068	5.0
0373150903	4.0
0983593183	4.524190857524192
1599905280	4.2160622745395875
0310728185	4.303635432667691
0425221822	5.0
1442406593	5.0
098498352X	4.0
0802721621	2.4646464646464645
1484044177	3.9254933548127267
0062012037	4.0
014241980X	4.699421965317918
B006MWFKKK	4.0
0743262298	2.0
0545166640	5.0
0062299018	4.0
0763654175	3.485264567983925
0738713708	4.5557775557775555
193481315X	4.0
1451651767	5.0
0991686004	4.530612244897959
0062024027	4.812263685681408
0143122177	4.0
0316122793	3.0
1599905272	4.757410438261502
0062199773	4.507312996239031
148485828X	2.0
006222560X	3.0
B00K4LDB0Q	4.0
1442440023	5.0
1442443537	4.006701414743113
0671619314	2.0
1442429208	4.0
0062082310	5.0
0738735949	5.0
B004JF6DLM	4.0
1595144919	3.759124087591241
0983593167	4.0
0470472243	5.0
0802722989	3.5248654666914088
1933803363	5.0
0316197084	4.389484383662908
0385734387	5.0
1595142738	5.0
1402277946	4.3047945205479445
0062012010	4.496000000000001
0316185094	3.0
0615417175	2.0
1402251351	3.0
0061122831	4.515440335493709
0743295153	5.0
0983593175	4.524190857524192
0385738757	5.0
0312355106	2.6583391977480644
1483953173	4.0
0744590779	4.0
1477436820	4.53544648943422
0316051586	5.0
0451466683	4.0
1416968237	5.0
0385738749	5.0
0374351287	2.0
1442443995	5.0
0316125849	4.467982000692281
1451626339	4.0
0765329581	4.353870819972515
0147508436	4.695641762452107
