0778315339	2.5112219451371574
1439102767	4.435971223021583
0764221760	5.0
1608176428	5.0
161218202X	4.0
0307876705	4.0
0615597424	5.0
0743296435	3.0000000000000004
1891830643	4.0
1476730091	4.0
0385732538	4.0
0751548502	4.0
0802722806	4.0
0310708257	4.0
0452298016	4.0
0374532281	4.0
B00BMLDG3O	4.0
0142001740	5.0
0230755062	5.0
0525949909	5.0
0890425566	4.0
0743206045	5.0
0375724508	5.0
1561704903	5.0
0385523386	4.5
B00CW7UFVI	5.0
0316186619	5.0
1891830627	5.0
1451657706	5.0
141654786X	4.5
0316210919	4.0
0307475255	5.0
0061257079	5.0
B001L5U5QC	5.0
0307957233	5.0
0307458016	5.0
031237917X	5.0
0312379188	4.0
1439102740	2.7476202727038848
B004D9FF36	4.0
0425195279	4.0
0143124544	5.0
0061132179	4.0
0061950726	5.0
0312364121	4.999999999999999
1607057301	5.0
0375708731	4.0
0670024783	5.0
1612184790	5.0
0399161481	5.0
0310319943	5.0
0786860766	4.0
0745930689	5.0
1477807357	5.0
1626812799	4.0
0679444327	5.0
1455520640	5.0
1935149008	4.0
0307948196	5.0
0399157654	1.0
0743250400	5.0
193351552X	5.0
0761135952	5.0
1401311024	4.0
125001980X	5.0
0671631985	4.0
0373002211	5.0
B00B0Q8ZEG	4.0
0743260686	5.0
B002ZVPSOU	5.0
0140196242	5.0
1442369671	5.0
0061124966	5.0
014028334X	5.0
1477808698	5.0
1611099536	4.5
B006G0DFY6	5.0
0143113879	5.0
0805079882	5.0
0778315010	5.0
1477847146	5.0
0547934874	5.0
0425263908	5.0
0758246668	3.0
0307712508	5.0
0375813675	5.0
1480588032	5.0
1476754144	4.0
0199988714	5.0
0671447548	5.0
B00G3GNUXO	4.0
0142429112	5.0
0345505336	5.0
193781503X	5.0
0345521307	4.0
1410458792	3.0
0983952418	4.0
1595147586	5.0
0758235089	4.0
0973356154	5.0
0465019625	4.0
143367940X	5.0
1467931128	4.0
0316099783	4.0
0595407706	5.0
0449012751	4.0
1620871017	5.0
1461085977	5.0
0983398062	5.0
031621082X	5.0
0385359594	5.0
1118086864	4.0
161213128X	5.0
1439170665	5.0
0061710253	5.0
030758836X	5.0
0385743114	5.0
0307917371	5.0
0806986352	4.0
0452297907	5.0
0375844031	5.0
0141012692	4.0
0552776823	5.0
0446604232	4.0
148125619X	5.0
1402267185	5.0
1442366109	4.0
0373002238	4.0
0743296419	5.0
0606000356	4.0
0312554184	3.0
1476744106	4.0
0989148912	4.0
1475222440	4.0
0440407028	4.0
0786269669	5.0
1493670115	4.0
0857521012	5.0
1484042018	4.0
0399534601	5.0
0983398038	5.0
0393037010	5.0
0425263916	5.0
0345533666	2.3928571428571437
0345527682	3.0
0345526112	5.0
1416556729	5.0
0062255657	1.0
0778316939	5.0
0340822775	5.0
0985008660	5.0
0738707767	2.0
0785229213	5.0
0312560168	5.0
0985657464	5.0
0385743130	5.0
0547053649	5.0
1250010098	3.0
1555532640	5.0
0743412710	5.0
0679809015	4.0
0399255370	5.0
0895299178	1.0
1451539029	5.0
0976779803	4.0
0425184757	5.0
1477820140	4.0
1466338342	4.0
1442361557	5.0
1481898388	4.0
1451659725	5.0
0982555067	5.0
1576759776	5.0
0399159347	5.0
0805091297	5.0
0802411681	5.0
0307939650	5.0
031238078X	3.0
0140295933	4.0
0743496728	5.0
1476744084	5.0
0517189186	5.0
080419257X	5.0
0345546881	2.0
1612186009	5.0
0307943232	4.0
1250010071	3.463302752293578
0062107313	5.0
148956893X	5.0
0399166300	3.0
044630557X	5.0
B005KV26MY	4.0
1442346272	5.0
0380708353	5.0
0307934055	4.0
0762772824	5.0
0099285045	5.0
0515131229	4.0
0316043893	1.5129079396005845
1401310443	5.0
0985063300	4.0
1616268484	5.0
0425259862	5.0
0753453061	5.0
0393037061	5.0
0307464873	5.0
039916216X	4.0
0615242146	3.0000000000000004
1482996367	4.0
B008470FME	5.0
1481948997	5.0
0983952450	4.0
0446401269	5.0
0399159207	5.0
1406332933	4.0
1250019672	5.0
0345338588	5.0
1892112604	5.0
038553292X	5.0
0671317741	4.0
B00BTN2DSY	4.0
0345534557	5.0
1593076738	5.0
1442485280	5.0
0446573094	4.0
0141039280	5.0
1455508667	5.0
0802119778	5.0
B00C79AQA6	5.0
078523103X	5.0
193408137X	5.0
1582345341	5.0
0609601040	5.0
1416588337	2.0
1455527203	4.0
B009H9KJE2	5.0
0099474123	5.0
1475181221	5.0
1439102724	1.9929399227387774
1476731535	4.0
0670026611	4.0
0439023483	5.0
0743579631	5.0
0020519109	5.0
039915678X	3.0
1479145211	5.0
146379438X	4.0
158017440X	5.0
0312429703	5.0
0679813462	4.0
0007386648	3.95233106338397
0425269841	4.0
1402282729	5.0
0679813454	5.0
1612184774	4.0
1469955989	5.0
031230434X	5.0
0060878061	5.0
1426211562	5.0
077832544X	5.0
1455516783	5.0
0140196013	5.0
1599952017	5.0
0811733912	5.0
1492931578	5.0
147780885X	4.0
0385341679	5.0
B005CDXXY0	5.0
1442362855	5.0
1935597329	5.0
0312427654	5.0
0910791627	4.0
0812977793	4.0
0767927001	5.0
0679813446	5.0
B004W9NCT6	4.0
1612186963	5.0
034553946X	4.0
1479143707	5.0
0330517783	4.0
0060734019	5.0
B00HND26OA	5.0
0340837632	5.0
0778313379	5.0
1442362383	5.0
0300191073	4.0
0684841371	5.0
076420601X	5.0
1936558521	5.0
1612184634	4.0
1416567216	5.0
0307273571	3.307913669064748
0763663077	5.0
1620611198	4.0
0743291123	2.0
0399158278	4.0
1451635966	5.0
0399159126	4.0
0983952493	5.0
0811876837	4.0
1892112000	5.0
1599792966	5.0
0142004677	5.0
0375831002	5.0
042526985X	4.0
1434342913	5.0
0307275639	5.0
1401603203	5.0
0062280678	3.0
1451612060	4.0
160169024X	4.0
075536189X	5.0
1480008907	4.0
B00G60USJQ	5.0
1439145741	5.0
031609983X	3.0
0385341652	5.0
0385129912	5.0
B009MGAAJ4	5.0
0740771116	5.0
1499646704	5.0
149431116X	5.0
0312318642	1.0
0307360814	5.0
0007442920	5.0
0821229036	5.0
0778313271	5.0
0306819651	5.0
1442359315	4.0
0060885599	4.0
0671023373	4.0
0385507968	5.0
0307454355	5.0
1935661906	2.0
