0615489990	3.0
0385528701	3.4074315514993483
031259836X	2.0
0867167130	5.0
1427621330	4.0
0345490126	4.0
1416559175	4.0
B00GMOD5P0	4.0
B008EK92MU	4.747384155455904
055338452X	4.0
030726923X	5.0
B00AWGCT42	4.0
0778328406	5.0
0345407288	4.0
B008IU9JJW	5.0
0142003808	5.0
0316906506	1.0
0307275930	5.0
1478311290	4.0
0141181737	3.0
0671016776	4.0
0743288246	4.0
014311638X	4.0
0671775952	1.0
0375413553	5.0
0140036202	5.0
0060186372	4.0
0316926108	4.0
0349139164	5.0
B006W1BBB8	3.7668965517241384
0976999137	4.0
1559703148	5.0
0743270975	4.0
1586172956	5.0
0373654030	4.0
1569473013	4.0
0312675089	4.0
0983457301	5.0
0062329065	4.0
B00EA96WZO	4.0
0385501684	4.0
B00F9YXJM8	4.747384155455904
0985220902	4.0
1555663273	4.0
0446614874	3.0
1937776417	4.0
037543318X	4.0
0002007770	4.0
0857206524	5.0
0224076892	3.0000000000000004
1593155905	3.0
0345477170	5.0
0373219571	4.0
0446532452	4.0
0099503093	3.0
0373130546	4.0
B005U3KEY4	5.0
B00CO7FLJM	2.0
0340836717	2.0
097603722X	3.0
0826414354	4.0
0984470166	4.0
006089833X	4.0
1481967673	5.0
0446532460	4.0
0615352413	5.0
0740721135	5.0
046500217X	4.0
038552871X	5.0
067101675X	5.0
1568584105	1.0
0312675062	4.0
1439192561	5.0
B00ITRB2OY	5.0
0671014161	3.0
1467534722	5.0
0470889802	4.0
1410440478	5.0
030795062X	3.6355555555555563
0312291000	5.000000000000001
0609608487	5.0
0983148503	5.0
B009284PFW	3.1607913669064747
0345525345	3.0
0982624239	5.0
0307237699	1.0
0312655460	5.000000000000001
0199216614	4.0
0143115006	4.0
0684818981	4.0
B0051OU3W0	5.0
B00EFK8O7M	5.0
0970247281	5.0
0596006152	5.0
1118094956	4.0
076791032X	5.000000000000001
0192854119	1.0
0061845620	2.0
0312270933	4.0
0452269571	1.0
0544104714	4.0
1616951613	5.0
1477639683	4.0
B008ZUHUFA	4.0
0312655479	5.000000000000001
0141007540	2.0
0525947353	4.0
0967520711	5.0
1585676195	3.0
0316734942	5.0
0060922532	2.9534883720930236
0330412744	2.0
0515131784	3.0
055310652X	4.0
0983359709	1.0
B006EMYPUY	4.0
0743277589	3.0000000000000004
074566539X	4.0
0375414819	4.3403693931398415
1590710487	5.0
0764129201	4.0
0099453924	4.523255813953488
0307396266	4.0
0312243324	4.0
0316734950	4.0
B00B2CO718	4.0
B008BF9S6S	4.0
0809105349	5.0
B00847CGV2	5.0
0689846185	4.0
0142003891	5.0
0385502958	4.0
1935279491	4.0
0393925161	5.0
0898703166	5.0
0446614017	4.0
0373261047	4.0
0373285019	4.0
074341134X	5.0
0307599809	3.0
0345485602	4.0
0975298038	4.0
1250032792	4.0
0140295933	4.0
0851511910	5.0
0380711532	4.0
148117505X	4.0
1401303226	3.0
1451617097	4.0
1606644793	3.0000000000000004
B00BK9I0L6	5.0
0393065502	2.0
0143035223	4.0
0670021415	5.0
0679746048	3.0
0064405877	5.0
0345497600	4.0
0446614009	3.0
1594200076	2.0
0143119494	4.0
055338273X	5.0
0553525832	4.0
B00FANSOEQ	4.0
030747738X	3.0
0451229681	4.0
B00AMNMHLU	4.0
0099285045	5.0
1416589880	4.0
0451215001	4.0
0671567829	5.0
1572439394	5.0
1470153912	5.0
0141345713	5.0
0756622727	4.0
1590587340	5.0
0452296331	4.0
1935251945	4.0
0385318073	4.0
1613646887	2.061729593322333
0385534574	5.0
B00EH1V9NU	3.0
0375409440	5.0
0300078803	4.0
0452264790	5.0
1401303242	4.0
0140235426	5.0
0975298070	3.0
0312336489	4.0
0307908259	4.0
0915815346	5.0
0452283035	4.0
1882972546	5.0
0739420232	3.0
031218008X	5.0
0345347951	5.0
1416532056	5.0
0374139628	4.0
0743246438	4.0
0310250870	4.0
1852421835	5.0
0425199932	5.0
0316210684	4.0
0821776495	4.0
0099460297	4.0
0263872319	3.0
1453772642	5.0
0060013974	4.0
B00B5DLXN4	4.0
0297851276	5.0
0967967570	5.0
0732294355	5.0
0310250862	5.0
0755392108	4.0
0446532436	4.0
0982387911	4.0
0060080841	5.0
0312360118	4.0
0718178122	5.0
0373125151	1.0
0140153004	3.0
0553804723	4.638069705093834
0091779251	4.0
0786888652	5.0
014303961X	3.0
B00DI93B2O	3.0
0312942028	4.0
0142415901	3.0000000000000004
031236010X	5.0
0312282990	5.0
0743411323	4.0
0375702709	5.0
0060882867	5.0
1401303277	4.523255813953488
0446519480	5.0
0385495315	5.0
0982576056	5.0
0316187712	5.0
0263873668	4.0
B0077YUVAQ	3.0
0778303926	4.0
030745469X	4.0
0895554755	4.0
0099472252	5.0
0975298011	4.0
0985228024	5.0
0307453375	2.9999999999999996
0743457536	4.0
0671038184	2.0
047018549X	2.0
1472803337	5.0
1591846455	5.0
0142001287	5.0
0786715472	4.0
0801027780	5.0
0679761640	5.000000000000001
1588517055	4.0
0898705770	5.0
B004DNWEFO	3.0
0374185522	4.0
0143036580	2.0
0679435549	4.0
0979510015	5.0
0446402389	2.9999999999999996
0767903196	3.0000000000000004
0312863551	5.0
B00JNA1WXM	4.0
0375724974	5.0
0679759336	4.0
0830813217	5.0
B00971BLY2	4.999999999999999
0307277674	4.013485477178423
0340793112	4.0
0199782520	2.9999999999999996
0979045142	1.0
141658370X	5.0
0141345659	4.0
0345497678	3.0
0698103033	1.0
0984303073	4.0
0767904427	2.0
1594203199	4.0
0312263767	5.0
0140440399	5.0
B00I2E1ARI	4.0
0880294272	5.0
0449221431	2.0
0446531944	4.0
0142800902	3.0
0446551546	3.0
0060505931	4.0
0983627916	5.0
1888992085	4.0
0399155376	3.0
0141800259	4.0
B008BP5UHY	4.999999999999999
0140444750	5.0
0778324850	4.0
1416534652	5.0
0195146808	4.0
0375706305	1.0
0345464753	4.0
0877847339	4.0
1484198859	3.0
B00AL2AH7I	5.0
0544245598	4.0
1453873287	4.0
0263179001	3.0
1616239042	5.0
0930407407	5.0
0399122443	5.0
0312420277	5.0
0812979206	5.0
B008XTK58M	4.0
0345464761	4.0
0884271781	2.0
1585422789	5.0
0743287851	4.0
0060786140	5.0
034549329X	5.0
0385336667	2.4364261168384878
1616953306	3.0
0451201345	4.0
0385473117	2.430232558139535
0984303057	4.0
160320072X	1.0
0688001297	3.0
0984303065	5.0
0374266514	3.0
0895263807	4.0
B00IDAQFFI	4.0
0671510053	4.880813953488372
1442457392	5.0
1466321040	5.0
0375501886	4.0
0452284295	4.0
0571215882	5.0
0060560754	4.0
0615503020	4.0
0743204697	5.0
0727880454	4.0
0879736933	4.0
096426109X	5.0
0373711980	4.0
0679736727	2.0
B00811PQRW	4.999999999999999
0375508465	4.0
1932019014	5.0
0984303030	5.0
0553274872	5.0
098286700X	4.0
068482471X	3.0
0399146466	3.0
0307473716	5.0
0307594165	5.0
B00GKVV3OA	4.0
0671836692	4.0
0613171373	4.0
B007WMZSZ6	5.0
0615239145	4.0
0142180300	4.0
1588343782	5.0
0679643524	5.0
1601622570	4.0
0802843018	5.0
061843920X	4.0
0895556421	5.0
0310449510	2.0
014025949X	4.0
0312376553	5.0
0307700666	2.9999999999999996
1590582403	4.0
031255513X	4.0
0446616699	4.0
1934230316	5.0
0143034790	3.6065573770491803
B00FK9DEEK	5.0
0802143032	5.0
0898707536	5.0
1464201692	4.0
1409135462	5.0
0345394259	5.0
B00486U7TQ	5.0
0375501851	5.0
0557075157	4.0
1933354720	4.0
0307277666	4.0
0984303014	5.0
1482752735	3.0000000000000004
B006U61WO6	4.999999999999999
0312185863	4.0
0060897848	4.0
1593092733	2.0
0691096570	5.0
0812982886	4.0
0515134007	4.0
0806526025	4.0
0375500510	4.0
0898709385	5.0
B008BUYXTA	4.0
0061727679	4.0
0156028360	4.0
0385526121	5.0
0743464699	4.0
0192801570	1.0
0439796636	5.0
0964261065	5.0
0375408932	4.0
0307378403	5.0
0312319142	5.0
037365409X	4.0
038548951X	4.0
0615211623	5.0
0517706229	1.0
0830815007	4.0
0807831093	1.0
0345458915	5.0
1590582411	5.0
0312948174	5.0
1936214717	5.0
1591840295	3.0
013324783X	4.0
1616951540	3.0
003055442X	5.0
1597124176	4.0
0140157379	5.0
0316045608	1.0
0380729768	4.0
0307588335	2.9999999999999996
038072975X	5.0
0060587873	4.0
052103552X	4.0
0312377045	5.000000000000001
0964261081	4.0
0316211079	4.0
0802122140	4.0
0310234840	4.0
014028009X	5.0
0385519850	5.0
039306722X	3.0000000000000004
0316168688	5.0
0375408908	5.0
0307388670	4.0
0312313810	4.0
0399160795	4.0
0395739829	1.0
0802135455	2.0
1478317450	5.0
0452271878	3.0
0373654081	4.0
0345458931	5.0
0547317271	4.0
B00F43N924	3.0
B00KDHZMOY	4.0
0307378411	5.0
0395069629	5.0
B009A728GI	4.999999999999999
0060735449	4.0
0099525372	3.0
0143038281	4.0
0375700188	5.0
0545354420	4.0
0452289106	4.0
0312169787	4.0
0060735457	4.0
0465023959	4.0
014310571X	4.0
1605940364	4.0
0330448854	5.0
1573223077	2.0
034580550X	5.0
0156586509	4.0
0425147762	4.0
080326366X	4.0
0517580519	3.0
098360391X	5.0
0684813211	5.0
1400000416	5.0
B006IDUS1Y	4.0
0465043550	4.0
0425188485	5.0
0465017290	2.0
B006YBLQ8E	3.0
039472366X	3.0000000000000004
0375405836	4.0
0778326691	5.0
B004SHF03S	5.0
1583144536	4.0
159448998X	2.0
0312319169	4.0
0345505719	3.0
1885767870	3.0
0373880855	4.0
0743277627	5.0
1921758112	5.0
0425147746	4.0
0553383256	5.0
1934230383	4.0
0840721285	5.0
0700614311	5.0
1594032068	5.0
1594037760	5.0
0140119906	4.514038876889849
0373654057	3.0
0399157182	5.0
009928278X	5.000000000000001
0312262469	5.0
0446698555	4.0
0380729741	5.0
0977147428	5.0
1934230294	5.0
0971727988	5.0
0670619647	5.0
0988767325	2.9999999999999996
0345311809	3.0
0671006614	4.0
0743289455	4.0
B0069A5J8S	5.0
0345397266	5.0
1586172824	5.0
0895551586	5.0
0743418700	4.0895848506919155
0061775126	5.0
0312362846	5.0
0812969073	5.0
0140449523	4.0
0316105953	5.0
0143120514	5.0
B007G263MO	4.999999999999999
0060907002	4.0
0306816555	4.0
B00J0Q3TU8	5.0
0375854908	5.0
1569478821	4.0
0060760443	4.0
B00H8RT8HO	4.0
037570924X	3.0
B00AT44YZY	4.0
0446520594	2.6905370843989767
1591713250	5.0
0517548232	5.0
1586638440	5.0
0553383108	3.0
0345424719	5.0
0684809966	5.0
0307270149	3.0000000000000004
0374248656	3.0
0373711247	4.0
0307949702	5.0
1455521175	2.0
1416550011	4.0
1936399296	3.289136013686912
0141030631	5.0
0143116479	5.0
0312324561	5.0
0060599677	4.0
B008VTZWMI	4.0
1447213238	4.0
1586215647	5.0
0345490231	4.0
B00262YAQ0	4.0
1933633840	4.0
1883011078	4.0
B006MHF95G	5.0
0373441835	3.0
030747304X	5.0
0143115138	2.0
1416599304	5.0
098265703X	3.0
0670033308	4.0
0312421702	5.0
1481130862	5.0
149129308X	5.0
0345453255	4.0
0451218051	4.0
1484874129	5.0
067974066X	3.0
B00EDCRVF8	5.0
0345512162	4.0
0316037915	4.0
0142002631	5.0
B004V0V9R8	4.0
0547053738	4.0
0873589076	5.0
0385491026	5.0
098908454X	4.0
0451218043	4.0
0743299698	1.0
B00AQLOJ96	3.0
0060520507	3.0
0263792447	5.0
0393077489	5.0
0425201147	4.0
1592764053	4.0
1616203218	4.0
0778327000	4.0
B003MVZLWG	5.0
0982657048	4.747384155455904
0060554738	5.0
0099288230	5.0
B00D09TPV8	4.0
0345528506	5.0
0375506713	1.0
0451219368	4.0
1400033497	5.0
0385333501	4.183288409703504
080910038X	5.0
0060393203	2.0
0393070840	5.0
0307272761	4.0
B00BXTQ04C	5.0
099606091X	5.0
1462112269	5.000000000000001
0091799597	1.8278633623576692
0140079459	4.0
1936399253	5.0
0525478299	4.0
B007Z95ASG	5.0
1470095610	5.0
1481148141	5.0
0060764864	2.0
B00773310Y	4.0
0297850687	5.0
0984332596	2.0
0544002695	3.436426116838488
061810450X	5.0
0373441878	4.0
0307395057	5.0
1608193977	1.0
B00B7AWE0Q	5.0
0393069850	4.0
0307387437	4.0
B008ZUE3JQ	3.0000000000000004
0307453421	5.0
0316021555	3.0
1401300065	4.0
1583142614	4.0
0373125224	4.0
0316034045	2.0
0517204770	5.0
0451228219	4.0
075969401X	2.0
B006KHGWAO	4.0
030726999X	5.0
0060977744	4.0
4770026099	4.0
0316601950	2.7142857142857144
0373713843	4.0
1586484028	4.0
0310240506	4.0
0615250556	4.0
0425191281	4.0
0812966864	4.0
0615316816	5.0
031260503X	4.0
0449226182	4.0
0375830995	4.0
0525948791	4.0
0062008110	5.0
0385491069	4.0
0375757724	2.0
0330294911	4.0
0767903293	5.0
0804165742	4.0
0140513124	4.0
0778328376	4.0
0451159330	1.0
0373125240	4.0
0553383981	2.0
0385491034	5.0
0767906314	2.0
0451209923	3.0
0812976215	5.0
158617021X	5.0
0385346859	4.544802867383512
B00BIH9VBI	5.0
B00GFYFBXQ	5.0
0345480058	5.0
014118776X	5.000000000000001
0316199869	2.0
0425196992	5.0
0143106295	5.0
0143112953	5.0
B00BUVDZ2S	3.0
009946019X	5.0
B006AC9CEM	4.0
067102096X	4.0
0393051692	4.0
0582435676	4.0
0525948767	4.0
B00902HYAS	4.0
0385491050	3.0
0061998540	4.0
0385501706	5.0
B0095VONZS	4.428449014567266
0449808068	4.0
B00BU67NY4	4.747384155455904
0786017996	5.0
0060838728	2.64935064935065
1592232922	4.0
0898708931	4.0
0979861403	3.0
B006XXHPTW	4.0
037541293X	2.0
009949308X	5.0
0895554658	5.0
0446545864	5.0
1420930591	5.0
0060589469	3.0
0307338444	5.0
0140282556	5.0
0316069515	3.0
0891418741	4.0
1586172875	4.0
0140167773	5.0
0778312836	4.0
0099533014	2.6940639269406392
0385499825	5.0
1935597329	5.0
042516246X	5.0
1615842799	4.0
1573229164	1.0
1477483438	5.0
0618095012	5.0
0312199406	3.0
1469298651	2.0
B0070AIVSQ	3.0
0670020893	1.0
1416541187	5.0
1450783643	4.0
B00IKAM35C	4.0
1400082463	5.0
1400069491	5.0
0141004312	4.0
0521853575	5.0
B0022NGBBA	3.0
B0070WA4UW	5.0
1595230637	4.0
0345468368	4.0
0375709223	2.0
1416541195	5.0
0140196277	4.0
0142800821	3.0
0971727961	5.0
0007442920	1.0
0679768165	3.0000000000000004
0778323501	4.0
0345468376	4.0
0142004340	5.0
031609756X	2.263888888888889
0988511509	3.0
0553214497	3.0
0446617008	4.0
0385474555	4.0
0307264238	5.0
0345360788	4.0
0393058263	4.0
0806527285	4.0
0615537111	5.0
0758247559	4.0
0425162443	5.0
0374266425	5.0
1481091522	5.0
0345495144	2.0
0393058271	1.0
0142004332	5.0
0615928323	2.0
0743550501	5.0
1574557203	5.0
0618634630	2.9999999999999996
0140293248	4.0
0963869590	5.0
034531221X	5.0
1410423271	4.0
0312996764	4.0
B00FK12XUO	5.0
B00BCMLK36	5.0
0312203128	4.0
0895556340	5.0
080508925X	4.0
B00HQOKU7G	4.0
1616553448	3.0
0758247575	4.0
0345483162	5.0
1470065886	4.7668965517241375
0778324745	4.0
0373880790	5.0
0060884614	5.0
0375422625	4.0
0981737188	4.0
0140285601	3.2489795918367346
B007WH8KPQ	5.0
0393061884	4.0
0743250400	5.0
0151012709	5.0
0486425576	5.0
0740763660	5.0
0517578131	1.0
0060924349	5.0
0988410826	5.0
0142003018	3.0
0061713783	5.0
0743260686	5.0
0385418957	5.0
0060525460	4.0
B007UDUCHQ	5.0
0141034262	3.0
0316038326	2.0
0307395987	5.0
0140443355	5.0
031230191X	4.0
1848876076	5.0
1608196119	3.910394265232975
1467073172	3.0
0679643656	4.143261074458058
0778315819	3.0
B00ALGQA98	3.0000000000000004
1410458792	5.0
0143142801	3.0
0061009059	1.4670886075949368
0151012768	5.0
0618335404	4.0
0316018724	1.0
1594032122	5.0
0982391323	5.0
0800753429	4.0
1594032130	5.0
014018726X	4.157943492357573
0985711337	5.0
140003292X	4.0
0393051676	5.0
0140430032	5.0
B00AP7BEJE	4.0
0679437460	5.0
0307336794	5.0
1594032114	5.0
0802144454	4.0
0684853159	3.0
0312536984	5.0
1593093934	5.0
0778322122	5.0
0026309106	3.0
0691135096	3.0
0312674546	5.000000000000001
0345460480	5.0
0061965677	4.0
0307278867	3.0
0061573132	3.0
1416549994	5.0
1938442105	5.0
1463526245	4.0
0140041796	4.0
0451214587	3.0
0060817089	4.0
8862931379	5.0
1481156551	3.0
0873513932	4.0
B005TLXZ1G	4.999999999999999
1450713890	4.0
0307269930	5.0
0312301936	4.0
0972635750	4.0
0307951154	4.0
0395860407	5.0
0195124731	4.0
1479251941	4.0
1579653774	5.0
0141884819	4.0
0399149422	2.0
B0056HP0WA	5.0
0066619785	5.0
0316211176	4.0
0375713344	3.0
0312422156	5.0
0982667205	4.0
0062210343	4.0
1481806483	5.0
0375508546	4.0
0451222121	5.0
0984332588	4.0
0060820683	4.0
0307743683	4.0
044661176X	3.0
0670885797	4.0
0373221959	4.0
B0076ZVINU	5.0
0425206866	5.0
1416546022	1.0
1489510052	5.0
0547792778	5.000000000000001
080419257X	3.0
0989084515	4.0
1401352197	4.0
0316739030	4.0
019515634X	5.0
0609609785	4.0
B00CMHD6DC	5.0
0615223729	3.0
0452269652	4.0
0615351948	5.0
0061735175	2.9999999999999996
0316097519	5.0
0307454703	3.0
0312555229	5.0
B005Z7L4EO	2.0
074327752X	1.0
1781160325	4.0
0312427867	4.0
1573220736	5.0
0307743675	4.0
0671677438	5.0
0140441506	5.0
0307408841	4.0
B00FB1NLDG	1.0
B00IM4GIKM	5.0
0380714590	1.0
0345349571	5.0
080706341X	3.0000000000000004
0143116533	4.0
0615515746	4.9366804046459345
0140621806	5.0
0764595547	5.0
0399157018	4.0
0982145578	4.0
097878359X	4.0
0446611751	3.0
B00A4Q4DEO	5.0
1400031664	2.0
8862930003	4.0
0140168117	4.0
0316097500	4.0
B0053H8YDA	4.0
0060930187	4.0
0143112163	2.9999999999999996
0451525264	5.0
1470179768	5.0
B0081C6DLY	5.0
1934230251	3.0
B00KKROR3Y	2.0
0060005556	4.0
0706415639	4.0
1409136612	5.0
1608196992	5.0
B00H1W0V3G	4.0
0312349947	3.0
0452289238	4.0
0307452999	5.0
1477569286	5.0
0345453301	4.0
0452283930	4.0
0140148590	3.0
B009KGAF9Q	5.0
0345450280	5.0
0316332224	5.0
0743243307	4.0
1935279505	4.0
0425193942	3.0
0199832579	4.0
042513699X	3.5888501742160277
0312193300	5.0
0963869558	5.0
0714530875	5.000000000000001
0201083191	5.0
159558059X	1.0
0634021427	4.0
1439191050	4.0
0140262156	3.0
1594487456	2.0
0135974445	5.0
193423026X	2.0
0778313255	5.0
0892838108	5.0
1934230278	3.0
1612184871	4.0
B00K0NGKHO	5.0
0842373624	5.0
060960841X	3.0
0446546275	1.0
1938442989	5.0
0963869566	5.0
1596986034	5.0
1888992182	5.0
0385493703	4.0
0394702409	4.0
0399151753	4.0
B00BYPC0XK	4.0
0099445352	1.0
0060098902	3.0000000000000004
0441810764	1.0
0312429622	4.0
0345406141	4.0
0143121073	5.0
1475061412	4.063319595354065
1452835330	4.0
0316097543	4.0
0393048896	4.0
0143112120	2.793400286944046
0963869574	5.0
0099485311	4.0
0062114131	4.0
0553807641	3.0
0373895259	4.0
0151621233	4.0
0802117880	4.0
0446614661	4.0
0300113994	2.0
1466362286	5.0
1573222062	5.0
057807835X	5.0
0786890762	3.0
0061124532	4.0
0671015206	3.0
037550334X	4.0
0743211979	4.0
0375724745	4.0
0452281032	5.0
0316724971	2.9999999999999996
0967149215	4.0
0062218336	4.0
0767926900	4.0
0767905199	4.0
B00AV9WFUS	4.0
0671004573	4.0
0615590586	5.0
067401071X	2.0
0988709309	4.86796875
B00F7YDITY	4.0
0307262839	5.0
0871403633	3.0
0141182806	2.553982300884956
0375758992	3.0
B00ATC9I1Q	4.0
0393081818	4.0
1442348089	4.0
158617097X	5.0
0137153872	2.9999999999999996
0451412273	4.0
0670024783	4.0
0465069908	4.0
0393064476	2.0
0965104265	4.0
0765307928	5.0
B00HRJQN9E	4.0
1931709122	5.0
0767905172	4.0
0778326020	4.0
0446615951	4.0
1450707866	4.0
0525948007	4.0
0143037234	5.0
1466466006	5.000000000000001
0380815923	4.0
0786838183	4.0
0345468457	4.0
0199753784	5.0
0385496826	5.0
0446614610	4.0
0446615943	4.0
0743225708	1.0
0385537859	3.0
034546401X	4.0
006093476X	4.0
0307271773	4.0
0307274802	5.0
1477667547	4.0
0743260945	5.0
B009SF5ITG	5.0
0385536518	4.0
0393059960	5.0
0385479484	5.0
0141007338	4.0
0312890524	4.0
0679463364	5.0
0452284988	5.0
1400043387	3.0
0525952969	3.0
059525425X	3.0
0316159417	4.0
0778320731	5.0
125000098X	3.0
1573222038	5.0
0879739428	5.0
1455521248	2.0
B004SOQ0SK	5.0
0375726519	1.0
0671042815	3.0000000000000004
0060724412	4.0
0345350472	4.0
0595205232	4.0
1612183026	5.0
1551669498	4.0
1493526324	5.0
1591794102	4.0
0983217440	4.0
0060512806	5.0
023070686X	4.0
0801031648	5.0
0375502025	4.0
0142002771	4.0
0340822775	5.0
0982795041	5.0
0316036919	5.0
0312349513	4.0
037371310X	4.0
0983477574	5.0
0571231632	5.0
1421406454	5.0
0330419129	4.49
0739466224	5.0
0452284139	4.0
1410422445	4.0
0761453016	2.9999999999999996
0811733289	2.0
0385341067	4.0
0099555352	2.9999999999999996
B00CNYVKNC	5.0
B00C3VQA0S	4.0
0099464462	4.1956241956241955
0312857055	3.0
0812975464	4.0
0983974020	4.0
0373790112	3.0
B007MUAEXO	5.0
0192838296	4.0
B006LAX8K2	2.0
B005L565YO	4.7668965517241375
1491070021	3.0
0374119783	4.0
B0092XHPWM	4.0
0312620535	3.0
0385341083	4.0
0060890681	5.0
0547719280	4.0
0743225732	5.0
155750587X	5.0
0312857063	4.0
0470155469	4.0
0140306013	5.000000000000001
0805073612	5.0
0312608888	5.000000000000001
0679420266	3.0
0060531177	2.9999999999999996
0425195791	4.0
082177977X	3.0
0684862077	4.0
0615613373	4.0
0763661651	4.0
0061939897	5.0
0486460363	5.0
0465054803	3.6695652173913045
B009NM3U1W	4.0
1608194914	5.0
0583128165	4.0
B005G4WUSU	4.999999999999999
1559706848	3.0
0985711302	5.0
1480441945	4.0
0983979731	5.0
0671663941	4.0
0671447343	4.0
098316570X	5.0
0140447601	5.0
0060850523	5.0
067103619X	4.0
0143036777	4.0
0141023384	5.0
0985711310	5.0
0758266103	3.0000000000000004
0525947558	3.0
0732297656	4.0
0060392452	2.5300000000000002
1451655592	5.0
037543075X	5.0
0451217888	4.0
0060009241	4.0
006177104X	2.0
031217005X	5.0
0061161535	4.0
0375502874	3.6065573770491803
1400042909	3.418842224744609
1573221562	5.0
1401303498	4.0
077832382X	4.0
0140258795	3.661375661375662
0020519109	2.309462915601023
0802118380	2.0
1477603425	4.0
0099526832	4.440147329650092
0979493161	5.0
B006F80YL6	3.0
0316735655	4.0
0143116193	4.0
0060878061	4.0
0312570694	5.0
160162445X	3.0000000000000004
078689072X	5.0
0452260116	5.0
0982816405	2.0
0743573641	5.0
0786148829	5.0
0452270391	2.0
0767928695	5.0
0812974166	4.0
B008S3Y6HY	4.999999999999999
1595552014	3.0
0312582676	5.0
0373860579	3.0
1442362383	4.0
1601624433	5.0
B005OMBH7Y	4.0
0345479149	5.0
0143121510	3.0
0671020668	4.0
0374120803	1.0
0385366396	3.0
0307594777	2.0
0979493188	5.0
097949317X	5.0
0241951615	5.0
039916765X	2.9999999999999996
0742538222	5.0
0786890746	2.0
0142003220	4.0
0385294166	4.0
0983974004	4.0
0007172826	5.0
081462930X	5.0
0979493196	5.0
034553803X	5.0
0373711336	4.0
0156001888	4.0
0316008079	4.0
0385525818	5.000000000000001
0141186356	5.0
0743488024	2.0
0743225791	5.0
0316776963	3.9701321079839174
038549730X	4.0
0979022266	4.0
1490904387	5.0
0867165995	5.0
0984993029	5.0
0345476972	5.0
149615424X	5.0
0375508260	5.0
0142004456	4.0
0385521502	4.0
0316154695	4.0
1462032761	3.0
1433502313	2.0
0230755062	5.0
031230644X	5.0
0984993037	5.0
0307474844	5.0
0060878134	5.0
0393071588	4.0
0743293037	4.0
0374114129	3.0
0743488008	4.0
0979022258	3.0
0425196216	4.0
034096314X	5.0
0809141299	5.0
0140286802	5.0
0345476999	4.0
0451213580	4.0
1590580427	5.0
0984993045	4.0
0316098329	5.0
0061012351	4.0
006017143X	5.0
0385751877	4.0
0375750223	2.0
0151008116	2.7745627980922105
0743499298	5.0
0140281118	5.0
0983166994	4.9366804046459345
0380899531	4.0
1455526061	5.0
0399142282	3.0
0316066737	5.0
0767912268	4.0
0374199833	3.0
1601625855	5.0
B00DPXS722	5.0
1932019294	5.0
0060529709	4.0
1556527772	4.0
0028646851	5.0
1480567981	5.0
0446615161	4.0
080281607X	4.0
1401020410	5.0
0060778776	5.0
0984993061	5.0
1408818000	4.0
1118443608	5.0
0375703055	3.0
0060196742	3.0
031242440X	4.470383275261324
0470401818	4.0
1932173749	3.0
1416522883	5.0
0446615153	3.0
1494421011	4.0
0060927569	5.0
0156010860	5.0
0385350775	5.0
1402256302	4.0
0099476355	5.000000000000001
0375703063	4.0
014303541X	5.0
0307277887	5.0
B00ASH7SJG	4.0
0345439104	5.0
034543739X	4.0
0143123300	4.0
0060008776	3.0
0060892382	4.0
077832379X	4.0
0316179965	4.0
0802135668	4.0
0061578916	5.0
1601622775	5.0
0812534433	5.0
0375415483	5.0
0984993002	4.252615844544096
1594488827	5.0
0373123264	3.0
0064408639	3.0
0345492161	3.0
0802121012	4.0
0316051632	3.0
B00H2LCDWI	5.0
B00AMKMHOA	5.0
0802841066	5.0
0316899984	3.0
0857521012	5.0
0876857632	4.0
0375422307	5.0
0340823186	1.0
0375415475	5.0
1439173117	3.0
0345449347	1.0
0064408647	3.0
0988867400	4.0
0312385250	4.0
157322281X	5.0
0141188936	3.4555555555555553
0743427084	3.0
0345464974	5.0
0316154660	4.0
1401935141	5.0
0979746205	4.0
0307884848	5.0
0671886746	5.0
B0044XV8LO	4.0
0385527691	1.0
B00HUG5CNM	4.0
158834178X	5.0
0679009353	5.0
0307388468	4.0
0066213789	3.0
0515148458	1.0
0641500815	3.0974729241877252
0375726527	3.0
0307387135	3.0
0307265838	2.0
B004JHYN6C	4.0
193664939X	5.0
0151015287	4.0
0201423391	4.0
0393038912	4.219742489270386
0399149783	2.0
0143034901	4.814951887490747
0380718839	5.0
B00GA2AS54	3.0
1593306474	4.0
0375411089	3.0
074348620X	3.0000000000000004
0099451956	2.339973439575033
1453869859	4.999999999999999
1590515498	4.0
0310265703	5.0
0156013096	5.0
0307884821	4.0
0664223494	4.0
0060194170	5.0
1595581367	4.0
1586175009	5.0
140004460X	2.1433547103051747
0140230270	4.0
0451233166	5.0
0983247315	5.0
0307597059	2.9999999999999996
0373250118	4.0
0312289723	4.0
0385538367	2.9999999999999996
0615575706	5.0
097974623X	4.473484848484849
0439023483	4.0
0684844184	5.0
B00FJQMDY6	5.0
0312428863	4.312478514953592
0679756973	4.0
0140137572	4.0
0345436911	4.0
0061702587	2.9999999999999996
1481271970	4.0
037371307X	4.0
0739444913	4.0
1841953830	5.0
0615478654	3.0
1846972531	5.0
0465023711	5.0
0446695297	2.0
1447259297	1.0
0385468865	4.0
1782500502	5.0
098304810X	3.0
043920352X	4.0
0385343612	5.0
0385492510	5.0
0143122061	3.563573883161512
0375836942	4.0
0385415702	4.0
0743205383	4.0
0451229088	4.0
0452287146	4.0
1400030021	4.0
0983048126	3.0
0385340559	3.436426116838488
0679449124	5.0
0451235770	4.0
B00B0OP3PC	4.0
159692165X	4.0
0312426216	5.0
0571139671	4.0
031027771X	1.0
0385515693	5.0
B00GFZMO5S	4.0
0380785625	3.0
0393045250	5.0
0446357197	4.0
1475153686	4.0
1594202508	4.0
1597802166	4.0
141695418X	5.0
0374190666	4.0
1438233639	4.0
0060515104	5.0
039915910X	5.0
0312375069	5.0
0316228532	5.0
0395907284	5.0
B005JOTAIU	5.0
1932420207	5.0
0679642811	5.0
0425205681	5.0
0375506519	2.0
1439102767	5.0
0307739473	3.0000000000000004
0812972473	3.0
1557255903	3.0
0316735736	4.0
0743287037	3.0
0970262108	5.0
B00II1S686	4.0
0142002836	4.0
B001XURN06	5.0
1601622805	5.0
0898704782	4.0
0553273914	5.0
B0089LQGKK	5.0
0062060554	5.0
0670058874	4.0
0446532371	4.0
031235195X	1.0
0345549627	3.286522148916117
1559706775	5.0
0316114669	4.0
0778329860	5.0
0375412336	3.0
0899332757	5.0
0312951299	4.0
0131103628	5.0
1439102740	4.108416547788873
1456562363	5.0
014303538X	3.0
0981497810	4.0
0373310242	4.0
B008TGMQAE	4.0
0394600746	4.0
0732296277	5.0
0142002852	5.0
B006E4IOVI	5.0
B00AYTASE0	2.0
0375725997	5.0
0375412328	5.0
143910140X	5.0
0873640217	5.0
0385506821	4.0
0451212924	5.0
0451240197	5.0
B004TXOQSQ	3.7097232079488998
1484028465	4.0
B00D0YNMM6	3.0000000000000004
0679444327	5.0
0425214621	4.0
0679735909	4.0
0810116863	2.9999999999999996
0394743091	4.0
0451215192	4.0
0853039313	4.0
9491634003	5.0
037540032X	5.0
0743464826	4.0
0143037110	3.0
0060586125	5.0
0312288352	3.0
1250034485	2.0
0974363650	3.0000000000000004
0263173364	4.0
0140430717	4.0
0140048979	5.0
006072563X	4.0
087877050X	4.0
1596684887	4.0
0385495617	3.0
0425212033	5.0
1565630521	4.0
0399152474	5.0
0142002879	4.0
0099556758	4.0
1582974888	5.0
0062124269	5.0
1931382654	3.0
140003454X	5.0
0973157054	5.0
0061121584	4.0
031235987X	5.0
1590585208	4.0
158586059X	4.0
0805062890	5.0
038536315X	4.0
0142000205	4.0
0671441337	5.0
0224042963	5.0
0679455876	4.0
0394722183	5.0
0312428111	2.9999999999999996
0596007124	5.0
006093221X	4.0
0985076305	4.0
B009AMLISC	5.0
B0095W7HS2	3.0000000000000004
B00CTY1PN6	4.252615844544096
0140120831	3.0
1601625006	3.0
0812995139	5.0
0451220552	4.0
0316012831	5.0
1400034582	5.0
0679412719	5.000000000000001
B00AV32EMS	4.0
0743287010	4.0
0143037145	4.552727272727273
B008CPQG9O	2.0
1932173048	3.0
0307889750	5.0
0671027344	4.0
0394573439	4.0
0060955775	3.0
043902353X	4.0
B00JZF56V4	5.0
0385527721	4.0
1601625014	4.0
0595218431	4.0
1936399008	5.0
1400034574	5.0
0743255453	4.0
0553379291	5.0
0743289684	3.0
1490442987	4.0
006019491X	5.0
0141188014	5.0
0374299854	5.0
0739403435	5.0
0446199575	2.0
0465008887	4.0
0812979915	5.0
1468194453	5.0
B00HY2RGWC	5.0
1495436519	4.0
006074815X	3.0
0446546925	5.0
0060590254	4.0
0802144756	5.0
190351794X	4.0
0553817736	5.0
1482926474	1.6601520086862105
0312303467	4.0
044658083X	2.0
006091307X	2.0
0979589207	5.0
B00BT708ZU	5.0
0930462092	5.0
0143120360	5.0
014200023X	5.0
1586489941	4.0
0446616311	4.0
0975306677	5.0
0471780790	5.0
0385509006	4.0
0375504737	4.0
1616200782	5.0
0547518269	4.0
B0090CQ3AK	3.0000000000000004
014303796X	3.0
0137903952	2.0
0060742887	3.0
0812977300	3.0
1419601482	5.0
0975306642	4.0
0061097314	5.0
031234967X	4.0
014012392X	4.0
0141326085	4.0
0979265622	5.0
0615498965	4.0
0813365813	5.0
0099287595	3.0
0878575103	3.0
0812967976	5.0
0140280553	4.350649350649351
1401303366	3.0
0979265630	5.0
0743204700	4.0
0307341836	4.0
0941533506	5.0
0345496612	4.0
B00AF0YJP2	5.0
0451220528	4.0
0802119778	5.0
0802117112	4.0
014006110X	3.0
0143036661	5.0
1586485563	1.0
0671888587	5.0
0439023513	5.0
0345460693	4.0
0375410538	2.0
0446579807	3.9121076233183865
1439102724	5.0
B005CRQ4U6	5.0
1594031444	5.0
0099461269	3.068715083798883
0743204735	4.49
B00ECFT4QU	5.0
0609804618	5.0
B00IQJYPZ8	4.233103448275862
0812969707	4.0
0615168671	5.0
0451215184	4.0
0062061038	5.0
0380719185	5.0
1907650563	4.0
0802117163	2.0
0615276504	5.0
0739326074	4.0
1601624581	5.0
0316040924	5.0
B00AR3GEC8	1.0
0743436733	1.0
0521398320	5.0
0393065669	4.0
0865476330	4.0
098272232X	5.0
B007OKBVHK	4.0
0385519249	5.0
0143038419	5.0
0156454890	5.0
0312558155	5.0
0975306634	4.0
0345539478	5.0
0140447539	5.000000000000001
0395353238	5.0
0345468597	4.0
0802130127	1.0
1579548911	3.0
0143036688	4.0
0393319296	4.0
013138094X	5.0
0967883261	3.0
0440107601	4.0
0979022207	5.0
B00AR0R5XS	4.0
0691139296	2.9999999999999996
0750933372	4.0
0394577892	4.0
B005IG6AK0	4.0
1455515558	3.0
0915815281	4.0
0060194995	5.0
0670034819	4.0
1590581709	5.0
0446614548	3.0
044661453X	4.0
0375420649	5.0
0060976624	4.0
0815410867	5.0
B008K7V2KC	4.0
0613065425	4.523255813953488
1569803366	4.0
0385482388	5.0
0142004669	4.0
0307275132	2.0
1475005148	5.0
0142003255	5.0
B0092XN9O0	4.0
0865477736	5.0
0316015008	4.0
0385528264	4.0
1933346159	5.0
0940450410	4.0
0875527000	4.0
1934230855	4.0
3822822841	5.0
0312320884	4.0
0205747965	5.0
1930486731	2.0
1741797152	5.0
B00IMTWRPM	5.0
0978104900	5.0
0142003247	4.0
006073132X	2.2082994304312447
0316156507	4.0
031232619X	4.0
0918172020	3.0
0895260670	5.0
0375725164	4.0
0739427490	3.0
0307913090	4.5
0553274325	5.0
0446616397	4.0
0767907809	3.0
1400041600	2.0
1601624670	4.747384155455904
0142003239	4.0
B00B3L1IN8	4.0
0142003271	4.0
0307389006	2.0
1601623305	5.0
193844230X	4.0
0374211973	2.9999999999999996
0385498748	4.0
0446527785	3.0
0983393230	4.0
0739451103	4.0
015101292X	2.9999999999999996
1400051886	4.476744186046512
1601624638	5.0
0061735329	4.0
0451229851	4.0
0812977386	3.0
0979493145	5.0
0062314254	5.0
0147509793	2.9999999999999996
0486479137	5.0
0375728228	4.0
0517338416	3.0
1400082137	5.0
B00BLC49VM	3.0
0142003263	4.0
1401603009	5.0
1400041627	4.202551834130781
0312376464	2.9999999999999996
0307275167	4.0
0307263118	4.754826254826254
0857385682	5.0
030726310X	5.0
0979493153	4.0
1573229385	5.0
0739464418	5.0
0615775055	4.473484848484849
0812977378	5.0
1433523345	3.0
0979804736	4.0
1551664550	4.0
076531052X	4.0
0307377040	3.455197132616487
B00AXS4ZYQ	4.0
0307474933	5.0
0143036629	2.842056507642427
B00D2R5QB6	4.0
0743527992	5.0
0786863900	5.0
0307908542	5.0
0142003298	4.0
0743226127	4.0
014200328X	2.0
014004020X	5.0
0316018953	4.0
1400106656	5.0
1455509620	5.0
030737839X	5.0
0099478897	5.0
097980471X	3.6666666666666665
1581826621	5.0
0199836787	4.0
0140440070	4.0
0300027605	5.0
B005O2WNAO	4.0
0811217132	4.0
1581823592	3.0
1849050996	4.0
0307474925	5.0
0192820850	5.0
1616952156	4.0
1403972885	4.0
0679746641	4.0
0143035304	5.0
0061451835	2.9999999999999996
1596980907	4.0
0764203622	4.0
B00CVUJSYQ	4.252615844544096
0143120395	4.0
0321349601	4.0
0060755334	3.0000000000000004
0140621199	5.0
B007F5HTHK	5.0
0060747730	4.0
0141012692	5.0
0307907236	5.0
0312360088	5.0
0451212177	4.0
0060589280	3.0000000000000004
0981648347	5.0
0764120085	4.0
1455505242	4.0
0743454545	4.0
1938442350	5.0
0140272119	3.0
0375415351	5.0
0425207579	3.0
1118590244	4.0
1601621574	4.0
0974106712	4.0
1594862958	1.0
0385498799	5.0
0399157212	3.0
0307272095	4.0
1594031495	5.0
160494689X	2.0
0979493110	5.0
0140441379	2.0
1460913345	5.0
097928161X	5.0
1416595619	5.0
031225234X	4.0
0971088896	5.0
038550117X	2.0
0452266386	1.0
1619021757	4.0
0002242052	2.0
B00K2HD1JI	5.0
034546687X	3.0
0804138818	5.0
1558219730	5.0
0898701775	5.0
1442369167	5.0
0743454529	4.263409961685824
B00IH3YK6W	4.747384155455904
0060195347	3.0
0060759747	4.0
034548648X	4.0
0739495585	5.0
0811720640	5.0
0373771053	4.0
B0054E7ATQ	5.0
0375414002	2.0
087140379X	3.0
1590581687	4.0
0385340427	4.0
0812993462	4.0
0762415983	5.0
0374299080	4.0
020530902X	5.0
1450799027	5.0
159179790X	5.0
0758273207	5.0
0316012823	3.391248391248391
0802846688	5.0
0786173955	4.0
0778322394	4.0
B005JKNQFW	4.0
1590581695	5.0
1491255439	5.0
0316741582	5.0
0226965325	1.0
0932551513	4.0
0099297701	3.0
0140294392	5.0
0393059731	5.0
080500534X	5.0
0679722661	4.0
0451210352	4.0
B00889U91U	4.0
0312423268	4.0
0062208284	5.0
0441014100	2.0
B00JGGA99G	5.0
0394223632	4.0
0060904909	5.000000000000001
0891074961	5.0
0373713142	4.0
0553582313	4.0
0385510926	5.0
0684870363	5.0
B00L3XZRF6	5.0
0385341733	4.0
0007116055	4.0
0977880400	4.0
1400044731	5.0
0819818437	5.0
0075536668	5.000000000000001
0060507403	4.0
0060935227	4.0
0312294115	4.0
0821773429	4.0
1573220914	4.0
1480445657	4.0
0060882298	4.0
0671890913	5.0
160162283X	5.0
B0073PRNTG	5.0
0811721949	5.0
0373285728	3.0
1587432692	5.0
1590072871	5.0
0062024027	2.0
B00GTB8KUG	5.0
0143122185	5.0
B00FJBLKUE	4.0
0140139400	4.0
174237557X	4.0
0805390456	5.0
0848731794	5.0
0743211936	4.0
B00DOOPAGI	5.0
0451222334	4.0
0385479670	4.0
B00AKGF0VI	4.0
0618943323	5.0
0312273231	4.0
0613998057	5.0
0307739368	5.0
0385420161	4.523255813953488
0465018270	4.0
0743230213	4.0
0553807579	4.0
051514701X	2.0
B008QB5T6U	4.0
0345478843	4.0
0373880979	4.0
0851513514	5.0
0399157298	5.0
0517209772	5.0
1586487388	4.0
0671610503	5.0
0618093974	3.0
0307265730	4.0
0451222350	4.0
0970262116	5.0
0983431175	4.0
0060852550	4.0
0316204366	2.0
1492225975	4.0
0515128554	4.0
0345515501	5.0
1559704012	1.300640279394645
0425205827	5.0
145161747X	5.0
1592401716	3.0
0451223969	4.0
0446614416	4.0
076071679X	4.0
0316059854	4.0
1442349158	4.0
0618068864	4.0
0684844818	4.0
0425200124	4.0
1586170767	5.0
0316001635	3.0
0345528816	4.0
0156007819	4.0
0375724508	5.0
0515128546	4.0
0375414401	5.0
0553386700	5.000000000000001
1593080298	3.6991150442477876
B00K6ZEK3C	5.0
0399151451	4.0
0451194071	4.0
B00714ARV0	5.0
0385344740	2.0
B0054E9A6C	5.0
0743487834	3.0000000000000004
0385478348	5.0
0375701893	2.0
0967360706	4.0
0941711420	3.0
0099416557	5.0
0307394069	5.0
1596681675	5.0
0307476464	4.626423690205012
B009ICPZFQ	4.0
0761104844	4.0
0345468694	3.4302325581395348
0399152776	4.0
0345528840	4.0
0786864214	5.0
B008LD8W4O	4.7668965517241375
1453254803	5.0
0345479351	5.0
0375719180	5.0
0789496097	3.0
0340923245	5.0
0151011052	5.0
B008E97TDK	5.0
0743299396	5.0
1416596585	5.0
0983332207	3.0
0983431167	2.0
0618068872	4.0
1416563687	3.0
B00DH2MQ64	4.0
0446612685	4.0
0743230493	4.0
077831426X	4.0
006093493X	4.0
B00JVRJAUY	5.0
0061432687	5.0
1400043123	3.0
0486416062	5.0
0140434135	5.0
0307269698	2.0
0898702216	5.0
0684844826	4.0
0826417868	3.0
0983431132	4.0
1118116410	4.0
B004KZOTLW	4.0
0393316041	2.995789473684211
0528008056	5.0
0805095691	5.0
0547750315	5.0
B005QQ3KPA	4.0
B002R5B0LE	5.0
0679726012	3.0
B006P5KZNQ	4.0
B00C37QQCE	5.0
0373230338	4.0
B0051AOIT8	5.0
B009TBGVVI	5.0
140004314X	3.8869565217391306
1484899792	4.0
B0053SF9X2	2.0
1455525839	4.0
0983952418	4.0
0143114158	5.0
0385503857	5.0
0099740915	3.928446771378709
0075536498	4.0
0871401622	5.0
0821780123	3.0
0140058893	5.0
0985149914	3.0000000000000004
0977333809	1.0
1469217554	4.0
084990367X	3.0
0739332414	5.0
0525951873	5.000000000000001
1400061830	5.0
0393088693	2.0
0679738010	2.0
0312379145	5.0
0312360525	4.0
014044615X	5.0
0071415130	2.0
0060899220	5.0
074344647X	5.000000000000001
0451219007	4.0
0739357727	3.0
0312564538	2.0
030680686X	5.0
0802118518	3.634408602150537
B00BP45LD6	5.0
0385468148	4.0
0099451751	5.0
0375504427	5.0
1573222267	4.0
0060510862	5.0
0385335814	4.0
0985030208	5.0
0451217292	4.0
0141191538	5.0
039332270X	5.0
0547237804	4.0
031256015X	5.0
0393057518	4.0
0881411744	5.0
1416537309	4.0
1857997832	4.0
1480295426	4.453877551020408
0099451743	4.0
1551661764	4.0
1590513444	4.0
B00CF225RW	4.0
0615621589	4.0
0201122782	5.0
0985285001	4.0
0446577782	5.0
0972277188	3.0000000000000004
074327055X	4.0
1586483056	5.0
0060652942	5.0
0099581876	3.0
0679736247	2.0
0137935633	5.0
1401302378	5.0
0156013673	5.0
0195136292	5.0
1481089846	5.0
0739443356	2.0
0615691455	2.0
0983431108	3.5052316890881916
0060652926	5.0
0316016748	4.0
0312423810	5.0
0307350401	3.0
1935597647	4.0
0061977969	2.0
1601622090	5.0
0802118585	5.0
B0006XBQFY	5.0
0385524749	2.9999999999999996
B005G91TL4	4.0
0812975219	4.0
0385335881	5.0
0385523416	5.0
0375501347	5.0
0316089699	5.0
0393064646	4.0
0446691437	5.0
0312383282	3.0
0446576476	3.0
081170274X	4.0
1595230955	5.0
0060761288	4.0
B00GFSCHAW	5.0
B00ECDRI1U	4.0
0099452243	4.0
034900028X	5.0
0061560936	5.0
1442346965	5.0
0778329372	4.0
0060557559	4.0
084477264X	5.0
0452285216	3.21598272138229
0451223918	3.0
0753186578	4.0
0143034359	5.0
0140431020	5.0
B00C77U44G	3.0000000000000004
0345438825	4.0
B00BWWMME2	4.0
B008J72TQ4	3.0000000000000004
0747568235	5.0
006212109X	4.0
0989134210	4.0
0812968972	4.0
0307279898	4.0
0452287847	5.0
0340953950	5.0
0983117845	4.0
0140185011	3.0
0312349394	4.0
0140185003	5.0
B00BYHP0DU	4.0
0007205236	5.0
0307956350	5.0
0739319418	4.0
2954168102	4.0
0679749519	4.0
0452283493	4.0
1401309801	4.0
0399153276	4.0
B00BNB54RE	5.0
1439165351	3.0
0983393206	5.0
0385512724	4.0
0345417968	4.0
1579128866	5.0
0375701850	5.0
030680865X	5.0
0300076614	4.0
0593057791	5.0
0671692674	5.0
0972277129	2.0
0767908414	4.0
0812975286	1.0
B00ANMZ0G4	4.0
0307269663	1.0
0446614440	4.0
0312244266	5.0
B00A6CY2J2	5.0
0679750533	3.0
0373128681	3.0
0815410743	4.0
0446614424	4.0
034538623X	5.0
1451655789	1.0
0895293234	5.0
0380725703	4.0
0201749629	5.0
0983791503	4.0
1575660385	3.0
0312569378	5.0
080105849X	3.0
0140144528	4.0
0143118587	5.0
0732281482	4.0
0060958022	5.0
0143116827	2.0
0142002046	3.0
0399157565	3.0
0783149956	2.0
0307931889	4.0
0156008351	5.0
0312205406	4.0
0486607690	5.0
014200202X	5.0
0452282918	5.0
0142002038	4.0
1477545778	4.0
0140053204	2.0
1933368055	3.0
0060959355	4.0
0230613926	5.0
0375706771	4.0
0307381668	5.0
0830709258	5.0
B00C4G20YC	4.0
0615232957	5.0
B00GJYH4BO	5.0
0615724841	3.0
1594484651	4.0
0312423772	4.0
1934606413	3.0
0837184436	5.0
0385349521	4.0
081121611X	4.0
0393244660	4.0
0345441613	5.0
1439165319	4.0
0375508015	5.0
0316158801	5.0
0374104573	3.0000000000000004
0156011980	2.0
0312261594	4.0
159114745X	4.0
080213016X	2.0
0312378777	5.0
B00JL4A0HE	2.0
0393332152	5.0
0142002062	3.0
0345442938	4.0
0142410705	4.0
0385532431	4.0
0143119087	4.802568218298556
0349000328	5.0
0061928127	5.0
0749906685	4.0
014023313X	4.0
0375704132	4.0
0060558008	4.0
B00K62PMUK	2.0
0199737509	5.0
B0073999SU	5.0
0812979680	3.0
0789745259	3.0
0140390847	5.0
0312144075	5.0
0142002054	4.0
0446520802	3.9534883720930236
0312421133	5.0
B00KQPXAY2	4.0
B00JA26TDG	5.0
B007MFTOGM	4.0
0805091203	5.0
0394475291	2.6666666666666665
B00CBM30O8	4.0
0142416037	5.0
0307275450	2.0
0307907333	5.0
0312306261	4.0
097795630X	5.0
1453751300	4.0
1934230774	5.0
0385349548	5.0
1416507493	3.0
0140239405	5.0
0345521307	4.0
0446560065	5.0
0142002070	5.0
B004Q9TID6	4.0
1482577968	5.0
1400049253	4.0
B00C3OU6VE	4.0
1567923801	4.0
0241003792	4.0
1466398973	5.0
B009POEAY4	1.0
0971618305	4.0
0345336771	5.0
0941419444	4.0
0553071858	2.9999999999999996
0143035630	4.0
0451408888	4.0
B0076PP4JE	4.349520383693045
0471395528	3.0
0312426852	5.0
8804617829	5.0
0060974974	5.0
0641934173	3.086012163336229
1623651670	4.0
031257357X	5.0
0140042520	5.0
0373125690	4.0
1616201738	4.0
1905574509	5.0
B00BFMDOPA	5.0
1418472077	5.0
1404183558	5.0
006112429X	4.0
0385351852	4.0
0307946924	2.9999999999999996
0618048448	4.0
0140127925	4.0
0767915569	4.0
B00KNG9V9M	5.0
0446571563	5.0
0307276740	5.0
1440118604	3.0
0060501189	5.0
0575071184	4.0
0143120921	3.0
0373751559	4.0
B00H12KYCE	5.0
0399158022	4.0
0399159347	5.0
0553824813	5.0
0312868855	5.0
B00DI7HNXE	5.0
0786703881	1.0
0375413030	3.0
1479116661	3.0000000000000004
0684811073	5.0
0451232054	1.0
0452281679	3.0
0778325784	5.0
1892145049	2.0
0674023870	3.0
0615343848	4.0
0385508719	3.0
0307934055	4.0
B004TXNZOC	4.428449014567266
061832996X	5.0
0988979500	5.0
B00904LLTG	4.0
0878331700	4.0
1559708476	4.0
0300118945	5.0
0375703683	4.0
0743238494	5.0
0751541184	5.0
0345426061	5.0
0553109200	4.0
0316075841	4.0
1451575017	3.0000000000000004
0525953663	3.0
0345532031	2.491638795986622
B00ETN6B6G	3.0
0099458322	3.8471575023299165
B00IAQ4QZG	3.0
0307271080	5.0
B008DRPY6W	4.0
0060977191	5.0
0385349580	5.0
0575096497	5.0
0156439611	5.0
0345420748	4.0
1594201854	4.0
0340920246	4.0
0470496517	4.0
030740787X	4.0
0449911683	5.0
0375414339	5.0
1601621620	4.0
0385307756	4.0
0425269051	2.0
0316243922	5.0
0970321295	5.0
0985437812	5.0
0670038717	5.0
0982795327	3.0
0156006529	3.0
1902602692	4.0
1480090166	5.0
0767903528	4.0
0671001256	3.0
0465032427	4.0
159420053X	2.9999999999999996
1416938745	4.0
0425029301	3.0
B009TU5K1Q	4.0
0141182571	4.0
141655839X	2.0
1583224696	4.0
0983386005	4.0
0976428814	5.0
0684850605	4.0
037550317X	3.0
0345340833	5.0
0062280546	5.0
0671023497	5.0
055338676X	2.0
0425215245	4.0
0615317510	4.0
0375508880	4.0
0802150616	5.000000000000001
0375422145	4.0
0802136346	5.0
0375831002	5.0
1565842197	5.0
0802137679	5.0
0977939847	4.0
0743296362	2.9999999999999996
0983716307	4.0
0307276732	5.0
0615599095	5.0
1467516589	4.7668965517241375
0316243914	5.0
B00AQYG1CQ	4.0
0143124463	5.0
0380813947	4.0
0141001844	2.9025270758122743
067977632X	5.0
0977100421	4.0
0470767863	5.0
0385338015	4.0
0316067369	5.0
0312383304	4.0
1609450787	1.0
0786708808	5.0
B007SMAEPO	5.0
0143143646	3.0
B00IP6HMYI	5.0
0195170253	4.0
0571239498	4.0
0373127480	3.0
0345447859	5.0
B0057PFWDI	4.0
0801821584	5.0
0451218493	4.0
0385515995	4.0
0142001740	5.000000000000001
1556357036	4.0
0425190366	5.0
0345466128	5.0
0060587245	4.0
0679463283	4.0
0060002107	4.0
0671025368	5.0
0345515633	5.0
0060516054	5.0
0385538618	4.0
0982944217	4.0
0307475255	5.0
1439156379	4.0
034552893X	4.0
B007GDZEXW	5.0
080271594X	4.0
0451412168	4.0
0060964049	5.0
0143118668	2.9999999999999996
1476751447	1.0
030739414X	3.0
0547750412	2.0
0312383320	3.0
B00EG5U1RM	4.0
0743554434	4.644736842105263
0312427468	5.0
1561706086	3.0
0451235843	5.0
0061924687	5.0
B00EUSB2KA	5.0
0739421042	5.0
0062015729	3.0
0385333951	5.0
0316044695	5.0
0399151311	4.0
0553382241	4.0
026316246X	4.0
0735200300	5.0
0316067393	5.0
0373713428	4.0
0385755430	4.0
149230123X	5.0
0385319673	4.0
0679727299	5.0
0140298479	5.0
0312427484	2.7775876817792984
0060564598	4.0
0307387879	4.0
0330444085	3.0000000000000004
0547934874	5.0
1559703482	4.0
B00FMJIA0Q	5.0
0812977963	3.0
0967224918	5.0
0060087757	3.0
0060540591	4.0
1481291866	5.0
0981804705	4.0
0062015702	3.0
0316011770	5.0
1455134767	4.0
1612183174	3.0
0988422387	4.0
0143118641	4.0
0393065030	1.0
0811208478	3.0
0571174450	2.0
0743257405	3.0
0345447832	5.0
B00GX6Q1XK	5.0
073935650X	2.0
0743457013	4.0
145583145X	5.0
1585747505	5.0
B00HQ5OD00	4.0
0060504072	5.0
1400034337	2.0
1564782115	5.0
0375503234	2.0
0345527682	4.0
B00FL2DC3O	5.0
0062255657	4.0
0201835959	5.0
006123950X	4.0
0521519357	4.0
0373712146	4.0
1590710126	5.0
1439156352	4.0
1582342032	4.0
B00GMODRDU	3.0000000000000004
0373713479	4.0
0312333064	4.0
140006855X	5.0
0132599686	4.0
0689851898	4.0
0451239350	4.0
0195135091	5.0
B00AH6Z1F6	5.0
0764201638	5.0
0007157150	5.0
038073320X	5.0
0898705460	4.0
0375400524	5.0
0061097101	4.0
097943050X	2.0
0758222653	1.0
1570628076	4.0
0812974018	4.60117302052786
B00537SKMA	4.0
0704327503	1.0
0805095535	5.0
0330418386	5.0
0684838095	4.0
0060740450	4.999999999999999
0374505845	5.0
1601625235	4.0
1590587669	4.0
B00A8SJ4OC	5.0
0316036218	4.0
0099421860	3.0
0761516808	4.0
1607144565	2.0
0373296258	4.0
B007G82AIO	5.0
0385510233	5.0
B004DI7KF8	4.0
045123801X	5.0
0871139456	5.0
156512250X	3.0
0385346409	5.0
1613820259	3.0
0198326769	3.0
1590586344	5.0
0140281630	3.0
067164842X	5.0
0895260387	4.0
1584799501	5.0
0312202318	4.0
0316017922	5.0
097962942X	4.0
0671028472	4.0
0306816172	5.0
0062021559	4.0
0141441038	5.0
1841957976	5.0
0375504524	3.0
B009BBD1P0	4.0
0226076229	4.0
0812967739	4.0
0312316534	4.0
1469984202	5.0
B0054KIVSE	5.000000000000001
0805075933	4.0
B00DK44LFI	5.0
0385523556	5.0
0312342802	4.0
0374172587	4.0
0307278441	3.9407665505226483
0307700127	2.9999999999999996
0060513888	4.0
0804139024	3.0
0743572203	4.0
0312421303	3.1293103448275863
1492398489	5.0
1479168696	4.0
0312277059	4.0
1781310858	3.0000000000000004
0758222610	4.0
1565126068	5.0
0778329259	4.0
0060738170	3.4303797468354436
0743203631	4.0
0307700119	4.0
B00JSSTZYW	5.0
0743241924	4.0
1438211082	4.0
0007181639	3.0
1416503854	4.0
0316713732	5.0
1481233920	5.0
0521437741	5.0
0553477900	4.0
1590582802	5.0
1934157503	4.0
0385519494	5.0
0307700143	4.0
0099429799	3.967777777777777
0375421726	3.0
0151005958	3.0
0679643230	4.0
0393051242	4.0
0060975547	5.0
0486275485	4.0
1770411038	3.0
B00IGD860E	4.0
0451412192	4.0
0307387828	4.0
1933515171	4.0
0375502769	4.0
0312283709	5.0
0802130356	2.0
B004CYEU4W	5.0
0312383355	4.0
1405005823	4.0
0385506198	4.0
0446695726	4.0
1410419592	2.0
0451232704	5.000000000000001
0879738294	5.0
0670889768	4.0
0760320594	5.0
0143112589	4.0
0307387089	5.0
0140441131	5.000000000000001
0449233782	3.0
1400075637	4.0
0451237692	2.0
0525947965	4.0
1934230618	5.0
1466314400	4.0
0547330790	5.0
1592402135	2.0
1483945367	1.0
0451224388	3.0
0061083461	4.0
0989185974	4.0
0340899751	5.0
0140449086	5.0
0802716490	2.0
B00HP9ZGI0	5.0
0373791712	2.0
0758272995	5.0
0345460030	2.9999999999999996
073561993X	5.0
0446607207	4.0
0307474712	5.0
1594731039	5.0
1559273097	5.0
0374527229	3.0
0316735043	3.0
0099448831	2.0
0312595689	5.0
145164082X	5.0
0060787112	4.0
0345486676	5.0
0988762102	3.0000000000000004
0385338724	4.0
0671047515	5.0
B00AJWFE3M	4.0
0143116916	3.0
0898707234	4.0
0373223285	4.0
039914675X	3.0
160162221X	5.0
0615814891	4.579710144927537
0615598528	5.0
1601624891	5.0
0375706682	2.0
B00C2SNR12	5.0
045122129X	4.0
0841914060	4.0
0140444203	5.0
B003BIGFSE	1.0
0385495056	3.0
0615817971	5.0
0615150748	4.0
1454901276	4.0
0992504627	3.0
0060775181	4.0
0312421273	1.9534883720930232
0373132085	4.0
0316089516	3.0
1478354763	4.0
1461105676	4.0
1439152780	5.0
0316341517	2.0
B00GK5AP5O	3.0000000000000004
B00HPTKI42	4.0
0393311147	5.0
0989926753	4.0
006206777X	4.0
072788140X	5.0
0316099783	1.0
0743570537	5.0
1496086422	5.0
B004JN0FEA	4.7668965517241375
044650534X	2.0
0393065812	2.0
1482691647	5.0
0061094129	4.0
0805080414	4.0
039304050X	5.0
0743469801	3.0
B006ZOIKK2	4.0
1250041481	1.0
0967404053	4.0
0595440096	5.0
1934230677	1.0
0615286003	5.0
0385349408	5.0
1416558454	5.0
0143119168	5.0
0978924622	5.0
B009EL6PUU	3.0
006075995X	3.0
0747549923	4.0
1888212284	5.0
0330512706	5.000000000000001
1934230669	3.0
0345461347	4.0
0767902386	5.0
0452298563	5.0
0345335309	5.0
0345310020	4.634920634920635
B008LE00OS	5.0
1841767875	1.0
1481809997	4.7668965517241375
0679722408	3.0
006085880X	5.0
1741799961	5.0
0060093684	3.61631419939577
0515126772	4.0
1416950303	3.0000000000000004
0141023961	4.0
0446601977	5.0
0373131593	4.0
0321205685	4.0
0141183756	5.0
0143113046	2.9999999999999996
1579622224	3.0
0679722416	5.000000000000001
0393045358	3.0
006083482X	4.0
B00KC14VRA	4.0
0743243749	5.0
0393060977	4.0
B0063782YA	4.999999999999999
000779021X	3.0
0670014656	3.0
0385504470	5.0
054402883X	4.0
0143115693	5.0
B008UGZV1Y	5.0
0143118722	5.0
0060932384	5.0
0385336179	4.0
0375422218	4.0
0679443746	5.0
0099461846	5.0
0987243012	1.0
0749953721	4.0
0679722424	5.000000000000001
1570615578	3.0
B00L9S5RQE	4.0
B009JYHT3Y	4.999999999999999
B00JPTY4M2	4.0
0913836869	5.0
0684829975	5.0
0312577869	5.0
B00CW22G4M	5.0
1595230270	5.0
1563054345	4.0
1601624808	3.0
0312168780	5.0
0743427157	5.0
0399141928	2.0
0132931370	4.0
159058581X	3.0
0679722432	5.000000000000001
0778325687	4.0
0544002253	5.0
0812927362	4.0
0801026938	3.0
0345440463	4.0
0310209307	3.841201716738197
0385090021	5.0
1586422243	5.0
0062200577	5.0
0802881661	5.0
0898707285	5.0
0989790118	5.0
B00DPZKAHU	5.0
0312265867	4.0
0026009102	4.0
0312423055	5.0
1934137154	4.0
0060977264	2.0
1612000657	5.0
1479383236	4.0
0684825538	5.000000000000001
0778315428	4.0
0771046189	5.0
B00AMTL6V6	4.710863986313088
0307273563	4.165038002171553
0987243047	5.000000000000001
0316796883	5.0
067443000X	5.0
031092605X	5.0
B005EGWISM	4.0
0061436860	4.0
B009XNG7RA	4.0
077832303X	3.0
1250003164	5.0
0393068005	4.877413127413127
0451221249	4.0
0452267455	4.0
B00CCBE1ZA	4.453877551020408
0141439688	4.0
B00DK8L8Z0	5.0
0141975652	3.3092783505154637
068481224X	2.0
0307273571	5.0
B00AA3PHZ0	5.0
B00AQUTOJW	4.0
0873642155	4.0
1590513398	4.0
B006H4DBA4	5.0
0451213653	4.0
0615639011	5.0
1444707264	5.0
0312265840	4.0
0446524484	4.0
0470636246	3.0
140006676X	1.0
0316036196	2.0
188790400X	5.000000000000001
1400033888	5.0
0446697591	4.0
0345804589	5.0
1569714029	1.0
1596985186	5.0
0198711905	4.0
0143115626	4.0
0451202996	4.0
0312274793	4.0
0306809060	2.0
0156030985	2.9999999999999996
038551641X	5.0
0446616176	3.0
0312265859	4.0
0307360814	5.0
0688097235	5.0
0380723085	4.0
0684829924	2.0
0345528921	5.0
0451411773	4.0
0743253388	5.0
B006T3TO4A	4.0
0879738510	5.0
0399150374	4.0
0821778080	4.0
0307456625	3.0
0399149392	4.0
0060510609	4.0
1403394733	5.0
0486272745	5.0
0571221858	4.0
0060555513	3.0
0743499603	4.0
0316069434	5.000000000000001
0452284546	5.0
0060761407	4.0
0817949127	5.0
1559706414	5.0
0060957867	5.0
0061582573	5.0
0385660065	5.0
0425193500	2.0
0141180633	3.0
0061010995	3.0
0060924926	5.0
0399149368	4.0
0375725628	5.0
0345421329	5.0
0615395368	4.0
0385517831	2.0
0399137378	2.0
0786866640	5.0
0547554435	4.0
037571362X	3.0
0671027662	4.0
0151006725	4.0
0446694304	2.0
0226805328	5.0
B008IUVDHS	4.533793103448276
0375409289	3.0
1590583140	5.0
0316078395	5.0
B008R3HH44	5.0
0865479100	3.0
B00AGESBQ0	3.0
0143121944	5.0
0679761047	4.0
0156005891	5.0
1482925419	2.0
B0086S725E	4.0
0312424094	4.0
074329033X	4.0
B00JH4SJNU	3.0000000000000004
1611090997	4.0
0743529138	4.0
0977343839	5.0
B009RESZ6G	5.0
0307879852	4.0
037542315X	3.0
0451219260	4.0
0060936959	4.0
1593274254	5.0
B009TU4VAW	3.0
0425263908	4.0
073948804X	5.0
0751551678	4.0
0679411763	4.0
0553381210	4.0
067155302X	5.0
0151014388	5.0
0425269205	3.0000000000000004
031623480X	3.0
1583144706	4.0
B005RH2IFG	5.0
0345525124	5.0
1451552211	4.0
1594480419	4.0
1416925252	4.0
0979402808	4.0
0985190361	3.0
1439102430	5.0
0684807610	5.0
0091883768	3.0
0679729771	4.0
031621082X	4.0
0399141464	1.0
0316001821	3.9534883720930236
0307454894	4.184290030211481
1439190135	4.0
0983239223	5.0
1493635913	5.0
0753823152	5.0
0816053324	5.0
1482367955	4.0
0805210555	4.0
0143038109	4.0
0812978951	4.0
0140248927	5.0
0982418973	3.0
0976118106	1.0
0152465030	4.0
0451176464	3.0000000000000004
0375700374	5.0
0385521065	1.0
1439102414	3.0
0983239231	5.0
0786183616	5.0
160819938X	2.9999999999999996
0860916766	4.0
0465007201	5.0
0334028566	5.0
1400095808	2.0
1580089070	4.0
0446530085	5.0
0307740994	3.0
0143035096	4.0
1402780869	5.0
0060085444	4.0
0451213920	4.0
B00D7NGESE	5.0
B009JGYLA6	3.0000000000000004
015101387X	4.0
B00F6P2KX4	5.0
0760325766	4.0
0307740986	2.0
0375756752	1.0
3836525194	5.0
0380731398	5.0
155597483X	4.0
0316015644	4.0
1932958010	1.0
0446614262	4.0
0982391374	4.747384155455904
0571225373	2.0
0385509359	4.0
0975264028	3.0
1402255497	5.000000000000001
0976600714	2.0
B00APLRBVU	4.0
B00HB9K71K	5.0
0307932583	4.0
0679785892	3.7606694560669456
0764202618	3.0
0312421877	3.0
0895260034	5.0
1570580359	5.0
0385263481	5.0
0330390287	5.0
0451205448	4.0
0312420544	5.0
1497328225	4.0
1556526024	4.0
0553211951	5.0
B00I3E2E9K	5.0
0451229444	5.0
0061095052	4.0
0982391366	4.0
014062029X	4.0
0373881010	4.0
0691050627	3.0
0385417101	5.000000000000001
0345528204	5.0
0307908003	4.0
0143170090	4.522533495736906
076532797X	4.0
0671009826	4.0
0061947040	5.0
B009CJ5REY	3.742608695652174
1594203369	5.0
0451229452	5.0
1608192733	4.0
0312375417	3.0
0982391358	5.0
1459708016	4.0
098239134X	5.0
0684857960	5.0
0743247515	4.0
0446401269	4.0
0440225825	4.0
0316602906	2.0
1480096083	3.0
B0099TFRJ2	5.0
1596980494	5.0
0881501972	5.0
1594483507	5.0
0385514727	5.0
0316219223	4.0
1582346305	4.0
0801021804	5.0
0312375425	4.0
0525948406	1.0
039914014X	4.0
0980245575	5.0
B00AOOSRRU	4.0
0891418873	5.0
0099406136	1.9534883720930232
0060534621	5.0
1470127482	4.0
1449966128	4.698874917273328
0547640978	4.0
0345491254	5.0
0307713318	5.0
0062105620	4.0
067157521X	5.0
0778300676	4.0
B008Y8VX7E	3.0
0373713525	4.0
B00K0W5O5Y	5.0
0672523833	4.0
0898705533	4.0
0898706866	5.0
0385509316	5.0
0062238396	4.0
B005IYXXRU	3.0
0425230155	5.0
0385338708	4.0
0307277488	5.0
0440504708	5.0
0452288940	4.0
039592720X	4.0
0349131481	4.0
0446616869	4.0
1479330027	4.533793103448276
0618721940	5.0
0060096195	5.0
0609803875	5.0
080103602X	5.0
0307379086	5.0
0345427505	4.0
B003Y5HCOU	3.0
0316033499	4.0
B009P0OXS6	4.999999999999999
1250044103	4.0
0470553731	2.9999999999999996
B00DVZSR1A	2.0
0395937477	5.0
0385509332	5.0
0743225325	2.0
0982391390	5.0
0385518293	5.0
0451217454	4.0
006112107X	4.0
0345450736	4.0
0140187464	5.0
0786714387	5.0
0316219266	2.9999999999999996
0451208501	4.0
030726419X	4.0
073932506X	5.0
B00A3Z78C0	4.999999999999999
0141002018	2.0
0812976363	5.0
0575018712	3.0
087011851X	2.0
0929712714	5.0
081121592X	4.0
0982391382	5.0
0099450259	4.7631063737219925
0060756969	5.0
0811862976	4.0
0820346004	4.0
0849957680	5.0
1934157481	4.0
0201567512	4.0
0307352099	5.0
1594036659	4.0
0143170104	5.0
0933932049	5.0
0307473996	5.0
0312424868	4.0
0316097446	2.8244803695150114
0307265439	4.0
006072174X	4.0
0816689407	4.0
0061873470	4.0
B008J8948Y	5.0
0307932508	4.0
0007337701	5.0
0312857586	4.0
0300140223	5.0
0345303636	5.0
B004Q3RMR6	2.0
0679454918	4.249812453113278
044617792X	2.0
B004YXFTNM	5.0
0764226630	3.0
0312354568	4.0
0851517404	5.0
0060391626	5.0
1585742899	4.0
B009TI07IY	4.0
0805242953	4.0
B00AJVBHAW	4.0
B00ICTUSC6	4.0
0802170420	3.0
0156226006	3.0
0778325954	4.0
0441000681	5.0
0316007994	5.0
0399143130	4.0
030680977X	4.0
0811215059	4.0
0982526008	4.0
0786814667	4.0
0316211222	4.0
1595551077	4.0
0765347504	4.0
0803276311	5.0
031601558X	5.0
0778313980	5.0
0345452550	4.0
B0051ACN1I	5.0
0743407059	4.0
0449807819	4.0
0943151163	1.0
0451203771	5.0
0425263150	4.0
0982526016	5.0
158648026X	3.0
B009UPE4K8	5.0
0316097462	4.0
0671739166	4.0
0316014230	5.0
0307987647	5.0
0553100203	2.0
0394281225	4.0
0345369432	4.0
014311350X	4.0
B008DI0W2C	3.0
0679446478	5.0
149124867X	4.0
0143038923	5.0
B005C1GFLK	4.0
0553108174	4.0
0671036505	4.0
B004PVSPKM	3.0
0520258320	3.0
0615454283	5.0
B00H93Z03I	4.0
0316399612	5.0
0316097497	4.0
0140455620	5.000000000000001
038533429X	5.0
1423377109	5.0
1934157457	4.855431993156544
0312252846	3.0
0195064712	3.0
0307932540	5.0
0788146653	4.0
042519406X	4.0
0140282033	5.0
0151013977	2.0
0143038931	4.0
B008TA81Z4	3.0
0312087012	4.0
1594205167	4.0
1416509437	4.0
0810914301	5.0
0142429104	4.0
0316789844	3.0
B00C44PTO2	3.0
0975546406	3.180170575692964
0306816083	5.0
0833029983	5.0
0099574918	5.0
B00E9HG86U	5.0
0843961139	1.0
B006SPE64C	5.0
0142418471	4.0
0130676349	3.0
0679768548	3.0
0312423586	4.0
1566251826	5.0
067976853X	3.0
B00DPXS2F4	5.0
1623651433	4.0
0547844581	3.0
0123748569	4.0
0802119166	5.0
0982492057	5.0
0060758759	5.0
0142004030	5.0
1464201455	2.0
0778312690	4.0
1569471932	4.0
0553251996	5.0
0307744434	5.0
0192830740	5.000000000000001
0140153195	2.0
0922915865	4.0
0385507607	3.0
0813210836	4.0
1482595583	5.0
B00K52OVLM	5.0
0671520954	4.0
0099558068	4.0
076792200X	4.0
0425220818	4.0
0385324057	4.0
0671201581	5.0
B00AAFHSGO	5.0
0374292795	3.0
0061133884	5.0
0470044950	1.0
B00D0JXGFO	5.0
0330421573	5.0
077832334X	5.0
0312332343	4.0
0399151613	4.0
0393070654	2.9999999999999996
160162493X	3.0
1559708204	4.0
193421759X	5.0
B00BZ9P500	4.0
0974636711	2.0
0316159972	5.0
1583147861	4.0
B00486U5DY	4.7668965517241375
1439140634	1.0
0230760813	4.0
0060175400	5.0
0199738661	5.0
0316678104	4.0
0972458689	4.0
0751536822	4.232954545454546
0195181409	5.0
0099448793	2.728888888888889
042521107X	4.0
0385340990	5.0
0741453711	4.0
0385260431	4.0
0307712842	5.0
0307593924	5.0
0374275637	4.0
0006550436	4.523255813953488
B004J4VWLE	4.0
031622328X	4.0
0679451005	5.0
0142001805	4.165038002171553
0802132189	3.0
0470189142	4.0
0451219279	4.0
1416552847	5.0
0061687545	3.0000000000000004
0615445306	5.0
0061340634	3.0
0312427999	1.0
1583147837	2.0
0399155198	4.0
1490371788	4.0
0811216306	4.0
0778315762	5.0
1573221937	4.0
B0076LWW7K	5.0
0679407731	4.0
0385498241	5.0
1492747890	5.0
0143038044	5.0
0375507345	4.0
1434768473	4.0
1118779614	5.0
0486426939	5.0
0399152997	4.0
0786863625	3.0
0399148019	5.0
B004Z1TSZ8	4.0
0446579246	4.0
030726369X	5.0
1466344946	3.0
140135209X	5.0
B004V9HL7G	5.0
0670037621	4.0
0312426682	4.0
0142001821	4.0
1582340285	2.0
0956974201	3.0
0451232232	4.0
0385315147	4.0
0393080021	3.0
B00DAK6US8	3.0
0307378683	5.0
0062015664	5.000000000000001
0982526024	5.0
0297863924	4.0
0671015648	5.0
0312203039	4.0
1400113245	5.0
0446696161	4.0
0802144160	4.0
0374157618	4.0
0316097403	3.0
037540256X	5.0
1933615184	4.0
1476746583	5.0
1583147810	3.0
0971237034	5.0
048628039X	3.0
B00FHSVUGI	4.0
0767915747	4.0
1491299339	4.0
0812975936	4.0
B00ICTV4CO	4.0
0989282716	4.0
0399149325	1.0
B008MINPHW	4.0
0143117939	1.0
1601620519	5.0
0764200046	5.0
0312424035	3.0
0375432183	5.0
B006M5U110	2.0
0140440577	5.0
1889334316	5.0
0671516884	5.0
0895260905	3.0
1482632306	5.0
0307275639	5.0
B008LQBUF4	5.0
B004UIZYFY	5.0
0425261336	4.0
B00HK47P3O	4.0
0312552262	4.0
0764200054	4.0
0345452593	4.0
0449911888	5.0
0061175692	4.0
0316010707	5.0
0060562773	4.0
0451215702	3.0
0615693091	3.0
0312203063	4.0
0375761322	5.000000000000001
0615337589	4.6554752066115705
0373130899	4.0
1467932531	3.0
B00C5VBBHI	4.0
0061230936	3.0
0312315856	4.0
0451221427	4.0
080101171X	3.0
0446526916	2.0
0786862181	4.0
1467561193	5.0
B00CBZB62I	4.3103662321539415
0449000729	4.0
0307276902	2.0
0984692304	4.0
1453662464	3.0000000000000004
0310330718	4.0
0684854759	5.0
0393079872	3.0
0312429886	4.0
0373711034	4.0
0980076323	5.0
0201408252	5.0
0375714839	2.0
0394446291	5.000000000000001
1449370195	5.0
B00AZO8TPO	5.0
0375504338	5.0
0425262758	4.0
0316204269	5.0
1742200397	5.0
086716879X	5.0
0553385526	5.0
0345492641	4.0
0830718982	3.0
0307452360	3.1644385026737964
0425244083	1.0
0810996170	4.0
B00F4L64A0	5.0
0375726829	2.0
0446563072	4.0
0061246492	1.0
1490406018	5.0
B0093U6T8A	5.0
0981584330	4.0
0812975995	5.0
0231128444	3.0
0060760222	5.0
B008THOUEI	4.0
0446364762	4.0
B008BJ94TU	5.0
B00L7H0OAG	5.0
0984692355	3.7668965517241384
0979047080	5.0
0553805304	4.0
0393071952	1.0
140130110X	4.0
0399153322	1.0
0140172459	4.0
0316010677	4.0
1579180086	4.0
B0064P2L9I	4.0
0307378721	5.0
0060760257	4.0
1405000325	5.0
0805096663	5.0
042519499X	4.0
B00HPDEYMA	4.0
1450728243	5.0
0061122416	1.8054298642533937
0061147710	4.0
0984692347	5.0
0345547497	5.0
0141020644	5.0
B00COAAH70	5.0
0312347480	4.0
0451222725	4.0
0898709199	5.0
0393057658	4.0
0060839880	1.0
0312428596	5.0
0395080746	5.0
0425203565	4.0
030758836X	5.0
0812415736	1.0
0718157168	3.0
0345803507	3.8144078144078146
0316210986	4.0
B004MDLXXE	5.0
1591840880	5.0
0312347472	4.0
0300179472	4.0
0671793489	4.0
0983574847	4.0
B007JLHF0Q	5.0
0375505636	3.0
0895557967	4.0
0099481243	4.0
0778325091	4.0
0345479653	4.0
0307946495	5.0
0984692320	5.0
0312853238	4.0
0316010669	3.1699867197875164
1931018170	5.0
0547572174	5.000000000000001
0676978584	4.709421112372304
0061177598	1.0
0974789518	5.0
1590587413	5.0
0615495486	5.0
0449911004	4.0
0060581778	4.0
0385514816	4.0
0671606816	4.0
B005U3HPNC	3.0
0743295986	4.0
0451209702	4.0
0192833723	4.0
0133133710	4.0
B007QNQ4ZE	3.0
0399153357	2.0
0975900935	3.0
0385509480	2.0
006074068X	4.0
0307270777	2.9999999999999996
037570504X	4.789610389610389
1572641584	5.0
0985311045	5.0
031609739X	3.0
0595305873	3.0
0060514957	4.0
0986023884	5.000000000000001
0345531973	3.0
0156494477	4.0
0440241162	3.4472727272727273
0805080295	3.0
0060903252	5.0
0743497155	3.0
0984692371	3.0
0547229895	5.000000000000001
0974789569	4.0
0060826568	4.0
0142003786	4.0
159276245X	5.0
B00H6X6B66	4.0
0425191060	3.0
1841956422	2.9999999999999996
B003TO5CF2	4.0
0446554995	3.0
0385336829	4.0
0345531965	3.0
0983428050	4.0
0786866586	2.0
0425217299	5.0
0981963196	5.0
0060927216	5.0
0892831243	5.0
B0072AR856	5.0
039333399X	4.0
0230014801	4.0
0375705074	2.0
0099908506	5.000000000000001
1451682824	4.0
0307379183	5.0
097892925X	4.0
061549675X	3.0
0300122551	2.0
0307960722	2.9999999999999996
0714531146	5.0
B005BREOCW	4.0
0984415017	5.0
0373837690	4.0
0142180815	5.0
B00CLCT7EU	5.0
077043715X	4.0
0307267148	4.0
0345543971	5.0
0345423291	5.0
0061031127	4.0
0446179574	5.0
0062237187	5.000000000000001
0615492398	3.0
0679734163	3.0000000000000004
0399152067	5.0
B00589BB56	5.0
1476730318	5.0
0984415025	5.0
0812977793	5.0
B00BSXNZFU	3.0000000000000004
0340839937	2.0
0312379080	3.0
0140293442	4.0
0140107479	2.845685279187817
0679781382	4.0
0743246136	5.0
0985311002	4.0
0312243022	5.0
1559705809	5.0
0316198730	3.0
1598168525	4.0
0399145761	3.0
0978929241	5.0
0140445358	5.0
B004UICU42	4.0
0778328198	4.0
0691149097	5.0
0394480171	4.0
1585426393	5.0
1118396448	4.0
0451218671	4.0
0399139087	2.0
1593740581	5.0
1401322905	5.0
0802119328	5.0
0984415041	5.0
1400068398	4.0
0316525650	4.0
0345481100	4.0
0307388921	4.0
0821776126	4.0
B00GV1LA1A	4.0
0975258958	4.0
0743255054	5.0
B00K6GZJ68	5.0
034553199X	3.0000000000000004
B0083EGH2K	4.0
0224096397	3.0
0307701220	5.0
1586170430	5.0
1400034183	4.0
1463799268	5.0
0719564476	5.0
1558324089	4.0
0446527327	4.0
061805703X	4.0
0393060349	4.551632833186232
0060926791	4.0
0743296435	4.0
0307385906	4.0
1920143319	4.0
002025900X	5.0
0312303068	5.0
0929636627	4.0
0785270221	5.0
1573221872	4.0
B007J7BH4K	3.0
0393338843	4.0
1492226017	5.0
B00CMJ90M6	3.620732464307883
0974827401	3.0
039575514X	4.0
0451202341	5.0
0778312518	4.0
014131088X	3.0000000000000004
1118018516	4.0
1468112066	3.0
1456473298	5.0
0385335482	4.931284916201117
0385509529	5.0
0399143041	1.0
1413453767	5.0
0006551807	4.847112117780294
0380819732	3.0
0316014133	4.0
0385334117	4.0
0451225007	4.0
B006X6QIP6	2.0
0393039765	1.0
0778312526	4.0
0345497538	4.0
0802120245	5.0
0385511841	4.0
0425194183	4.0
1442119861	4.0
0449911977	2.0
1118532783	4.0
098902590X	4.0
0061733148	4.0
0321026896	5.0
098461107X	5.0
B00BE9DNEG	5.0
1461023033	4.0
0385523823	5.0
0399145672	3.0
0373124201	2.0
B00DFLFVF0	3.0
0981775659	4.0
B00EJ1LH58	5.0
0316166316	5.0
1583147799	4.0
0151001820	3.0
0316955108	4.0
0141439807	5.0
0156012979	5.0
B0078GIUG0	4.0
1461036348	4.0
0099445549	2.9999999999999996
0451216954	4.0
1592401031	5.0
0099478447	3.0
0099478420	5.0
B0092PU8YC	4.747384155455904
0399146113	5.0
0373836406	4.0
0307879178	4.0
0316101842	2.0
038079487X	5.0
159403236X	5.0
1493625810	3.0
1615845658	4.7668965517241375
030728090X	3.0
0307279936	2.0
0679769781	1.0
1933615907	4.0
0618418865	5.0
0451196856	5.0
0375422889	4.0
0330258648	4.0
0143113623	5.0
1478310960	4.7668965517241375
0064407691	4.0
0984611061	5.0
0988877104	2.0
0007124015	4.416326530612245
0316097365	1.0
0140280189	5.0
0385511809	4.0
0764553917	4.0
0743496701	3.0
0465011233	5.0
097144899X	3.0000000000000004
0375413189	5.0
0679727914	3.0
0060930829	5.0
0345504348	4.0
0688060129	5.0
0374503486	5.0
0743284437	4.0
0452287677	1.0
0375866272	5.0
0515101222	4.0
1780760167	4.0
0143035762	5.0
0060684127	5.0
0739359339	3.0895848506919155
076145165X	5.0
1579651348	5.0
0060780770	1.0
0452295297	4.8311170212765955
B00COMWJDS	5.0
0312339046	4.0
0307957934	4.0
0714845310	3.0
0802119298	5.0
1589792378	5.0
0451213882	4.0
0971249180	1.0
0316206822	4.0
1583147748	4.0
B00KIQFQ32	5.0
1594631964	4.0
030735346X	5.0
0984611029	4.0
0972697810	3.0
0425113671	5.0
0399160450	3.0
0743496728	5.0
B00A1MSCKM	5.0
1469226456	5.0
0553585800	2.0
0684873893	5.0
1480146994	5.0
1482309408	4.0
0547807686	2.0
0312364083	3.0
0671003755	5.0
0061177571	5.0
0778324575	4.0
0307377423	5.0
0505526840	3.0
B003N2Q5RY	5.0
097869290X	5.0
0679733787	5.000000000000001
0060527463	5.0
0984611010	4.494768310911808
0316206849	3.0
160162199X	5.0
0007444117	1.0
0465020143	5.0
0982731639	4.0
0671036645	3.0
0151014280	5.0
0375507477	3.0
1478224568	4.999999999999999
0142001929	3.0
0307275558	3.0
B00HTMWULO	4.0
0449912426	5.000000000000001
1416550305	3.0
0345803450	4.629796839729119
1844153398	5.0
0373262604	5.0
0446525537	5.0
1583147713	2.0
0312368461	3.0
0141039280	4.529616724738676
0373131356	4.0
B0091UK4Q0	4.338186631369953
1615390383	4.7668965517241375
0307263517	5.0
0310437458	5.0
0931888484	5.0
0977199274	5.0
0099525259	5.0
1449377564	5.0
0375424652	4.0
0425203581	3.0
0615443435	5.0
0142800155	4.0
B00558UL38	4.0
B007EE4VGO	5.0
0553109537	5.0
0811866572	4.0
0307743896	5.0
0156028433	2.9999999999999996
B006GEPVQM	5.0
061545237X	5.0
0306803542	5.0
1475018819	4.0
B005GQ40H2	5.0
0618104690	5.0
051512219X	4.0
0425262766	4.0
B0082FVTBE	4.0
0060977493	5.0
0553385534	1.0
1416572570	4.0
1565849949	5.0
B005G9CBFC	5.0
B004Z4VNXA	5.0
0812932927	3.0
0310271053	5.0
0743284496	5.0
140006788X	5.0
0345803485	2.50453460620525
0618433600	5.0
0814610250	5.0
0451204948	4.523255813953488
0385337272	1.0
0399160477	4.0
1453709517	5.0
B006QRBG2W	5.0
0060736682	5.0
0819222038	5.0
0862321107	5.0
0375409084	5.0
0330423452	5.0
0451225856	4.0
0451213890	4.0
1586482939	1.0
0989293505	5.0
0345803493	3.6288156288156284
0385519702	5.0
0061133973	4.0
0452282829	4.0
0307264882	5.0
B00EN8QBEO	5.0
085170932X	2.0
0802118801	4.0
0345463366	4.0
0471694797	5.0
