0849901081	2.0
1590525477	5.0
1449762239	5.0
0764207334	4.0
159554920X	4.0
1595550569	4.0
1576733300	4.0
1600062237	5.0
082543310X	5.0
0891099409	5.0
1414326963	4.0
0785231897	3.4411312634491242
031609918X	4.0
0849901197	3.0
0849901073	4.0
0849948282	4.0
1414333277	5.0
030745892X	3.0
1414334125	5.0
0849920604	4.0
0470947802	3.520148216767022
068485595X	4.0
0785226087	4.0
084992071X	4.564249127755921
1591454824	4.0
0764204084	4.493298969072164
1414349971	4.0
078523165X	3.500888888888889
0764210874	3.0
0764208322	5.0
0307729443	5.0
1596449381	4.999999999999999
159555260X	5.0
1595552731	1.0
1401600646	5.0
1928928161	5.0
1595550313	3.0
1433521989	5.0
1414379366	4.0
0967014751	5.0
1400204666	5.0
0849948150	4.255117707267145
1590525213	5.0
1590525574	3.0
0307444988	5.0
141433589X	4.0
0984528121	5.0
0764207555	4.0
1400317029	5.000000000000001
0764205137	3.4531250000000004
0373877927	4.0
0764207563	4.0
1440505861	4.570920183019828
1595548114	4.0
1418546496	4.0
1400317150	4.0
0849948266	4.0
1404189580	4.999999999999999
1400320798	5.0
0671737430	4.0
159669341X	5.0
0849947170	3.0
0307730409	5.0
1589976843	5.0
0764208659	2.9999999999999996
0764205145	4.0
0825436656	4.0
0764207326	3.8173800817380084
1595550658	3.520181921546333
0310273978	4.0
1400316057	4.737809229305424
078523179X	3.7179065946960805
1404189572	5.0
1576835103	5.0
1414335881	2.9999999999999996
0849947162	4.68273092369478
0310336694	3.0
0307444724	3.9867549668874167
1414311435	5.0
1418537888	4.0
0764209833	4.0
0764208500	3.9720369972036997
0307444961	4.03281677301732
1404189408	4.399810516342965
1404189769	3.646230916030535
1404189645	4.0
0373486715	4.0
1600391907	4.0
1595551697	4.0
1601423225	5.0
1595553630	4.0
0849948126	4.18777711204314
0849947278	5.0
1601423462	4.0
1595552669	4.0
1589976746	5.0
0849946182	4.074561403508771
1616142138	2.0
0984528199	5.0
084994810X	4.0
0825425913	5.0
1400203155	4.530125523012552
0849901146	2.644455252918288
030758836X	1.0
1499328753	5.0
0385376111	3.0
0373877854	5.0
0373875797	5.0
1426110456	3.0
1934429619	5.0
0764207512	4.488782051282052
1595552529	3.0
0764207520	5.0
1595549242	4.0
0891091742	5.0
0849946166	4.527448869752421
1595547061	5.0
1595550224	3.0
1595550348	3.0
0849947138	5.0
1576834689	5.0
0307731936	4.0
1414334788	2.9999999999999996
0307729737	5.0
1596693584	3.0
1414363087	5.0
1404189777	4.0
098542480X	5.0
0764208861	4.0
1615210210	4.0
1440305366	3.0000000000000004
B00EFATPDO	4.0
1401684904	4.0
0849947006	5.0
1596448458	4.0
1582979987	5.0
0785214127	4.0
0764209116	4.0
084994855X	5.0
1401685285	3.0
1404189602	2.9999999999999996
1418548731	5.0
0802411681	4.0
1400316200	3.548421615837346
0849901359	2.0
1414348118	5.0
078522887X	4.0
1595553797	5.0
0849946263	4.0
0736945792	5.0
1595550283	5.0
0849922070	4.41146658219829
1400202892	4.193825542449396
0849918804	4.0
0785228780	4.0
0141323914	5.0
0983548625	5.0
1400316669	4.464976228209192
0801016568	4.0
0849947227	5.0
0849946018	5.0
159555341X	4.0
1404189831	5.0
0310293944	1.0
0764207075	5.0
0849946255	4.0
0849948436	5.0
0849946379	5.0
1400203856	4.0
1414337205	5.0
0764203916	4.4456892352654656
1595551360	3.0
0307932796	5.0
0849946492	2.9999999999999996
0061939897	5.0
1401685196	2.0
078523182X	4.642946317103621
1615211217	4.0
160006664X	2.9999999999999996
1404189742	4.0
0849901138	4.0
0451225090	3.0
0802446566	5.0
1615210245	4.0
1601424213	5.0
1595553533	4.0
1595552324	5.0
0849946484	4.742011580527557
1601422032	5.0
1595551476	3.1418403660396543
0764210327	3.0
0802436889	4.0
0849946247	4.999999999999999
0310318874	2.9999999999999996
0307729931	4.0
1404189734	5.0
1414348347	3.0
1400316332	4.414922480620154
0307457788	3.0000000000000004
0307458997	5.0
0849946476	3.6589310829817157
0764210696	4.0
1414333064	2.9999999999999996
1595547916	5.0
1615216855	4.0
084994645X	4.0
B002361KK8	4.0
0849946107	5.0
0764208470	2.0
1600066631	5.0
1576839974	5.0
1624140114	5.0
0385739141	3.0
1595553231	4.375805560670226
0615323308	4.0
0718019423	3.0
1400316472	5.0
0764210319	5.0
1595553223	5.0
1578567343	5.0
0849946212	4.787170188820808
1620291444	4.0
1589976932	5.0
1400202442	5.0
1400200385	4.0
0764209655	5.0
0764209663	5.0
0764208454	3.4701834862385317
0764204092	4.0
1615215611	4.0
0849946441	4.0
1601424256	5.0
1579219683	4.0
1400308887	5.0
1400202434	5.0
1595552243	4.0
1400315158	5.0
076420856X	2.9999999999999996
1400203406	5.0
1400073987	4.0
0764209795	4.0
1400316499	4.36580310880829
0764206281	3.90625
0849921392	3.814488828706838
1414324359	2.9999999999999996
1595553207	5.0
0800733096	5.0
0307458830	4.0
159555355X	4.0
1426741936	4.0
0802406378	5.0
0764205714	4.0
0890515913	5.0
1595552197	3.0
0800733878	5.0
0800734602	4.0
1616380233	5.0
0486483789	5.0
1433538881	5.0
0307714845	5.0
0781408172	5.0
B00C7RPT2I	5.0
159555338X	4.445622119815669
1595553037	4.0
1595540091	4.0
0849921244	4.43613707165109
0982633602	4.0
1567690785	5.0
0764205722	4.0
1595546855	2.9999999999999996
1595542019	3.0
1589267109	5.0
0307459349	4.0
161521531X	4.0
0849900417	5.0
0849946417	4.0
1400071275	3.0
1595553029	4.0
0849946654	5.0
1589976274	4.0
1426713126	4.0
1400316731	4.0
1595545875	4.0
1590520203	4.736281179138321
0764210041	4.0
1400202809	2.0
0849920019	3.0
1595554467	2.9999999999999996
0307458229	3.0468483816013627
0307589730	4.0
158297702X	3.0
1595551077	4.0
1595553495	3.6438407145515446
1455520640	5.0
078521321X	4.0
0764204971	5.0
0764210181	4.0
1404187839	4.643848288621646
0764202677	4.0
1595551190	5.0
1400315999	3.0
157673899X	5.0
0849946999	4.0
0781408164	5.0
1589977386	5.0
030744645X	3.5443441317047264
0785209093	4.0
0890515956	4.707408671901673
1400074584	5.0
0736955445	5.0
1595547517	3.0
1400203716	5.0
1595547886	4.0
1595545344	5.0
0307459535	5.0
0764209280	4.0
1595546790	3.0000000000000004
1456512315	5.0
0307457117	3.0
140168551X	4.0
140160434X	4.0
1414339577	5.0
1400073480	4.0
1595547509	4.0
159554870X	4.0
0142417491	5.0
0764209299	4.0
1601422946	5.0
1595543392	5.0
1613755279	4.0
0849946972	4.716367017978921
1404190066	5.0
0310320321	5.0
1404187804	4.780741090394146
0373877056	5.0
0307446441	4.538623226484498
1414348142	4.0
140007200X	4.286289163552746
0310328179	5.0
0849920698	4.69385936246695
1601421826	4.0
B0073GWJ6W	5.0
0741216000	4.0
1414366809	3.0
0764207083	4.0
0979748518	4.0
1440565236	5.0
1400202833	4.0
1595553053	4.0
0802406386	5.0
1400275032	5.0
1433513986	5.0
084991910X	4.133019976498237
1400073103	3.0
1414348150	5.0
1400316529	4.034366197183099
B003N8G4UQ	3.0
1613755260	4.0
0849900999	2.0
030772929X	2.9999999999999996
0825421098	4.0
0373444346	3.0
0785227946	3.525359256128487
0890515832	5.0
0764209272	4.0
1604890290	3.0
0983589720	4.0
1589976312	5.0
0849910994	2.9999999999999996
1418543969	5.0
080073467X	4.0
1414319479	3.0
0764208829	4.0
0849917026	2.0
B0053YPSLE	5.0
1400074029	3.0
1934770663	3.0
0307459179	4.5298582995951415
1578565812	5.0
0739462784	5.0
0745960588	2.0
1400203082	3.574167507568113
1414335970	3.0
1400073162	4.0
1433533235	5.0
140031707X	4.6926682289923
0307730387	4.259606656580938
140020304X	4.0
0764207954	4.0
1400074487	5.0
0764207830	4.0
1400315921	4.42304189435337
0892216948	2.3234501347708894
082542674X	5.0
0849920779	4.0
1600069487	3.0
1453854495	5.0
1400072174	5.0
1615215492	3.0
1400202078	5.0
140020206X	5.0
0764204335	4.0
0307729265	4.0
0849900956	3.0
078523103X	5.0
0448444968	3.0
1611941377	4.0
161194015X	4.0
0764204661	5.0
0764203215	3.0
1449741339	5.0
078523120X	3.4412824890912534
0764211196	4.0
1601421680	4.0
0307730212	2.9999999999999996
031032680X	3.0
1400314720	5.0
0764204432	5.0
1414364474	3.0
0307458059	2.0
0984528105	5.0
1601424965	5.0
1576736164	5.0
160142132X	4.0
0849943744	5.0
0718024249	5.0
1418542938	5.0
0802486746	5.0
0764206702	3.0
0785228195	4.0
1414335903	4.0
0849919622	3.0
0739357204	4.0
1600060757	4.0
1595548548	3.0
0764205730	4.0
1595552804	4.0
0849900921	3.0
1595552928	4.0
0307590615	4.0
0385529848	2.0
1400074290	4.0
0061122831	4.0
0785221689	4.0
140020416X	5.0
0310290813	4.0
1595547207	4.0
0764206710	2.9999999999999996
1578562554	1.0
1418528412	4.0
0984144307	5.0
1595545395	5.0
140020092X	4.0
0849948177	4.452463267070009
1414319576	5.0
1601422520	3.521399176954733
1578563763	4.0
1595543090	4.0
1595551700	2.0
