1466213035	1.0
0764221760	4.2756257449344455
1414314744	4.0
0764201913	4.633511139002198
0739469339	4.793768909968109
B00DOENIX0	3.0
1482066300	3.0
B0080YFCP6	5.0
0988973103	5.0
B00ILZ14GA	5.0
B00HTNGL9A	4.426106526631658
0553062441	5.0
B00EBQPTXM	4.999999999999999
B00H0UJCDY	3.0
B00HQJH26S	2.0
B0096DL9P2	4.297297297297297
B008JLF26O	5.0
B00BUV24DE	5.0
0764210866	4.561657032755298
0764206370	4.47457627118644
1426745974	4.652416356877325
0781404258	5.0
B00KC91VDE	5.0
B00LENEL1Q	5.0
1492175390	4.0
078140424X	5.0
B00APOHOA0	5.0
1606412442	5.0
1484966287	5.0
1484188497	5.0
1617392448	3.9522212908633696
B00K4EG3SK	5.0
0192751034	5.0
0764207474	4.3755999999999995
B003MGK8X8	5.0
0764208322	4.801112320154758
1600476899	5.0
B004N626FE	5.0
B00CLZ7K1Y	5.0
0800757181	4.522540473225405
B009G8IQF8	5.0
1482032511	4.0
1494268744	5.0
1477663398	5.0
1480021598	4.0
1597893560	4.0
B00FY4OIY6	5.0
B006BDRRR4	3.0
B005TUBRW6	4.0
0373873697	4.835296637395588
0002007770	5.0
B008YQJEFY	4.0
B00EX5ZORC	3.0
B00DW7N55A	5.0
1494308096	5.0
B00CDH5TU4	4.0
B00E1X3S7Y	4.0
0451414691	5.0
0373774729	5.0
1480159344	5.0
1481817329	5.000000000000001
1468170546	2.0
B0085MBTVO	4.454545454545454
B00DGFXDLO	2.0
B00GOIZO6W	1.0
B008H4WBIU	4.0
B00AK1HIEA	4.400281888653982
0373829302	4.0
B00CRUD8CI	2.0
B00I12P7Y8	4.0
B004FN27PO	4.0
B00FCNKTPQ	5.0
1601457596	5.0
B00AE01M5S	4.0
0882643487	3.0
0987061291	5.0
1490523103	4.0
B00C1KDSSS	5.0
B009YK1UCE	5.0
B00ILXE8K6	5.0
0800732081	4.474530831099196
0515115266	3.0
B00B9N1GSM	4.255178492728074
B00847K87Q	4.293843766166581
B00KAQAI1A	3.0
0800733398	5.0
1939263077	4.0
0803497237	2.0
B003YL4BPC	5.000000000000001
B00CH53QJ8	4.0
1475023456	5.0
0976531011	5.0
B00BFHIJI2	3.0000000000000004
B00HMN0YW2	5.0
B00B04VJ32	4.4496402877697845
0263899403	4.0
B006WFRNKC	5.0
B00G6O7HXC	2.0
0310219159	3.0000000000000004
140168713X	5.0
B0082RWDUS	1.0
B00DCJJMUA	5.0
B00B07B99S	4.80650277557494
1477694919	3.0
B007Z3QVGW	4.447834645669291
0800759397	5.0
B00FV1H0T2	3.0
B00GUTAQF4	5.0
1426710666	5.0
0984520104	2.5499021526418786
B00GF4T98E	3.0
B00G2J7DXK	5.0
B004TQN0NU	5.0
B007QNPRUW	4.909311348205625
0983526214	1.0
1495383369	5.0
B00E0RCKQG	4.0
0373266154	5.0
0553805649	4.0
0786275197	4.0
0345487133	5.0
B00957XZFG	4.0
039508170X	5.0
B00CPQV81M	4.0
0300084293	5.0
0982624263	5.0
B00KDNKPL8	5.0
0615809529	4.0
B00ICSFA3O	5.000000000000001
0987337211	5.0
B00ETQ1X0M	4.0
1475004958	5.0
B006CT0J0E	5.0
0545222206	5.0
B00ELJYU0M	5.0
0764227009	4.440426091530774
1908192550	5.0
0764207881	5.0
147003655X	5.0
B00CZ6S7NO	3.867753623188406
0515131784	4.0
B005EM2NXG	4.563339731285988
0800734211	5.0
B00IRLFD7Y	5.0
0736927328	5.0
B004SBO41S	4.0
1434767736	5.0
B00794UQ9K	5.0
0800734459	5.0
B00F8PH9SI	5.000000000000001
1434799301	4.482373172828892
0824932218	5.0
B00ADAXPSG	4.0
1453780874	3.0
1481885065	5.0
0615821898	4.999999999999999
1467980757	3.5443037974683547
B00GPDUTGG	4.0
0310308909	5.0
1449513778	3.864911773213769
B00HLPNH84	4.0
B0078T6YHY	5.0
1484177797	4.0
0781448468	5.0
071817707X	3.0000000000000004
149238898X	4.0
B009N9EMBM	3.305971983288277
0615636837	4.0
1937698424	5.0
1556611854	5.0
B00AX1ZBKU	5.0
0373442653	5.0
B009CU25WK	5.0
1402278373	5.0
B00APT8BDE	4.0
B008CVA6VC	4.0
1426707630	4.999999999999999
B00FWGX4P0	3.0
B00EVSB3N0	4.37390263367917
0985723505	4.0
B00HG11FDC	4.0
B0051XZIFI	4.0
B00860MTUK	4.0
B0061YAUG8	5.0
B00G83M4IY	4.765664160401003
0395883970	4.0
B00B9HHPQU	5.0
076420839X	4.618620302860347
0800719980	5.0
B004XT6L8E	4.0
B00EXW70LS	5.0
0800721810	5.0
0253211387	4.0
B00F9CHZFC	5.0
1611735270	4.0
1936167506	5.0
B00AFWM30I	5.0
1497411408	5.0
1105810666	3.0
B008GZ4HDM	4.503100088573959
0615618820	4.19175911251981
160260147X	5.0
B00BVOI0ME	4.0
1936593254	4.0
B00H0P5L8O	2.0
B00AZUBUVS	5.0
1466346671	4.0
1433524724	4.0
B00EGI4YS6	4.0
B00AJRLI7S	4.0
084234036X	4.5764883195177095
B00961RMZK	5.0
B007PPJOGO	4.022347803750321
B00HG5PBQA	3.0
0345421396	5.0
B0058TTUFO	4.0
B005G5L1SE	4.0
B005ISCTW6	5.0
B00DGYPF4I	5.0
B00A0C9T5U	4.0
B00B8SAI3M	4.565957446808511
0553108913	4.396386822529224
B007UC0YWA	4.0
147674355X	5.0
1401689795	5.0
1939337259	5.0
1492773522	4.999999999999999
0764208381	4.829006462920366
B009KN8BY0	5.0
B00AAFK75I	5.0
B00AP4LJIS	3.8714398734177213
B00IC6B8KK	5.0
0764210696	5.0
1426707665	3.0
0764200860	5.0
0345386698	5.0
1449966128	1.0
1602902143	4.655070486584811
1406924725	4.0
B00HHTEEOK	5.0
1936560143	3.0
B00GNNDI5W	4.0
0764205080	5.0
1411641663	3.0
B00IAW21NE	4.484560570071259
B003CT31VQ	4.4477964323189925
B008SNT430	5.0
1616267585	4.276257161043921
1609360036	5.0
084233498X	5.0
0982523319	5.0
B009Y95U5S	5.0
0668055731	5.0
0764210432	4.0
1414324332	5.0
0764205099	4.0
B00CHRM2R8	5.0
0801848083	4.0
B004UJ2H0S	4.999999999999999
076844098X	2.0
B005OC68XW	4.575854700854701
1936493616	5.0
B0084VVQD2	3.0
B00IDY3T9O	4.0
0800758471	4.831354560172693
B004TPU7L4	5.0
0373828640	4.592403814534692
B003RWS5Q4	3.0
1468065343	4.0
1413703925	4.0
0615744923	4.3416365513680955
1469932733	5.0
B005OMBH7Y	3.0000000000000004
0764209418	5.000000000000001
B00AMLJZXK	5.0
0882660454	5.0
149098139X	5.0
1616267593	5.0
B00FYZX7UQ	4.0
B00DXNCP04	5.0
0615810594	5.000000000000001
0764209663	3.0
B009YP7HEY	5.0
B00AXCPZ9G	5.0
1481294156	5.0
B008E31IJ2	5.0
0451419944	5.0
1481087207	1.0
0060825316	5.0
048640840X	5.0
0964425831	5.0
B00GP3HP18	5.0
B00IRLFH9S	4.0
061583891X	4.0
B00BKFHUBG	4.0
145552302X	5.0
B00D4B53UE	5.0
0768437261	4.0
1612179851	5.0
B00GWRQ95K	5.0
B00FZVBYYU	4.0
B00DRN6VQY	4.0
1602601461	5.0
0310326168	5.0
B009TKS6ZS	4.0
0373484291	4.218435998252512
0615752314	5.0
B00GYD4EMC	4.0
B004UK2DL0	5.0
B00DU1N7OC	5.0
0989501604	5.0
0140366822	4.999999999999999
0307277674	5.0
0312378750	5.000000000000001
0764202448	4.187143874643875
1453736352	4.0
0800731573	5.000000000000001
B0017SV012	5.0
B00EY3WD6S	4.0
1477511520	4.417808219178082
B00EZE88SS	5.0
0915793857	5.0
1940041082	5.0
B00LQFOQRQ	5.0
0764205951	4.773464163822526
B00ET7Q4OG	4.285097192224622
0615742289	5.0
0991680456	5.0
B00J5HGX2I	4.0
0842333916	5.0
1617521361	5.0
B00DE3MQSE	4.0
B00GZCK7IW	5.0
B00CF5ONM4	3.0
0373752253	3.8824814329401485
0373829191	5.0
0800721527	5.0
1597898686	4.75275451740855
0842313079	3.0
061568940X	2.8496240601503757
0764202219	4.0
0764226649	4.474419604471196
1456888587	2.0
1622082281	5.0
B00ATQ8ARK	5.0
178176882X	3.0
0983124906	5.0
1478329025	4.0
1927036380	4.0
0375834958	5.0
0764226886	4.43127962085308
B00HWH2TXK	3.0
B0084BL4NY	4.0
1479225703	5.0
0671728067	5.0
B006DJSRIO	5.0
1478238232	5.0
1490415416	5.0
B0084AIFWS	3.0
B00G2CXN7C	4.0
B00C0V4PPS	5.0
1494225492	4.0
0984951849	5.000000000000001
0891076190	4.0
1484893344	5.0
B00BP5DNTE	4.0
1480220159	5.0
1939203341	2.0
B00817P4ZK	4.517150395778364
1480048240	4.0
B00GB0VRZA	5.0
B00DTXYC72	5.0
B004TS8E52	5.0
B00D7NEUNU	5.0
B00CG8FVMQ	5.0
0312998813	5.0
0385338600	5.0
B004KAAYD4	2.0
1490913076	4.307049608355091
B00AMKUEOA	5.0
B007U12QZ4	5.0
0553285785	4.0
B005L4O9Z2	5.0
B00EGYAJPC	5.0
B006P5CH1O	4.298365122615805
1572420006	4.0
080075798X	4.37173202614379
B00BTK9K0G	5.0
B00AP84AMG	5.0
1470030675	5.0
0764202677	4.657200439721509
1434705943	5.0
1608610004	1.0
B00CI0DNSG	4.503100088573959
B00I7JK0FG	4.253164556962025
B00AHM9Q4M	5.0
1449550207	3.1298767967145795
B00D06YH5U	3.5516499282639886
B007Q6XK08	5.0
B00IK84ODI	4.0
147824738X	4.471253534401508
1455515108	5.0
B00FKBATNW	5.0
B00BLLT79W	4.0
1475191332	4.0
1448685575	5.0
1439259623	5.0
B00H2NIMB2	5.0
B00CIYH9LE	5.0
B009B3V1KA	1.0
B00CAARDV2	5.0
080073176X	4.179746240601504
B00BQDXU7A	4.0
1475038399	5.0
B00GM5WOKG	4.0
1470076888	5.0
185487487X	4.0
0781411017	5.0
B00IWTYWGY	4.218435998252512
1478288892	3.2319155541757216
B008391QB2	2.9999999999999996
B00CR0QO5G	3.0000000000000004
1480529699	4.0
B00CEM61AK	5.0
1118007301	3.0
0842340238	4.0
B009GSWUNM	3.396581792814789
B00H7IM66Y	5.0
0982903391	5.0
B00B3OSKWW	5.0
0641590571	3.0
B00CY4A5IM	4.0
B00KFDVTKM	4.0
0373827822	4.5874804924570824
0615644783	3.0
0979962447	5.0
B00B8ZR41E	5.0
B00I52PNR0	5.0
0974626902	4.0
B005OC5QXK	4.014749262536872
0768441455	5.0
1482710455	2.0
B00BLSRIAU	4.114832535885167
B0084L46FC	3.0486925157799822
142670237X	3.0000000000000004
0987915312	3.2913907284768213
B00EXZQAHK	4.0
1475169639	5.000000000000001
B007W4GBXC	4.0
1453899227	4.0
B008TUNX6Q	5.0
0976876078	5.0
B00HG5R4T2	4.999999999999999
0764202634	5.0
0963655825	4.0
1499732376	4.0
B00J9UM21C	3.0
0985428732	5.0
1478332875	5.0
1612178243	4.0
1939203139	4.269181311615945
160154457X	4.0
0764222228	4.0
076422378X	5.000000000000001
0983246424	2.0
0764209035	5.0
B009GW3K6O	2.699248120300752
1595547851	4.0
0373244045	2.700073691967576
1602600090	4.0
B00HG1T1Z6	4.356466876971608
1478157178	5.0
1463760787	5.0
0764207091	5.0
B00JY2PKZU	4.0
0764209272	4.708933271404241
1481239406	4.0
0061083372	5.0
B007SYZ89E	3.309287646528404
B00ERLB74G	5.0
B008CG0JLE	5.0
B00457VKIA	2.8484848484848486
0615910742	5.0
B0083PN2QI	4.0
B00HG6U1H8	4.0
0800733355	4.472593981757735
0988843803	3.0
0989050858	4.0
B0082XQCTK	4.567507418397626
1478293810	4.0
B00JTLAL4G	5.0
0979962412	5.0
0764225170	4.4504156769596195
B00EHO6OMS	5.0
1490527516	5.0
1494317621	4.999999999999999
1496078578	5.0
B00BK9X4US	5.0
B00G05BXCS	5.0
B00CU1KA5C	5.0
B006I2RQT2	3.781354051054384
B00IB5BSAC	3.0
B00FM7HVU8	5.0
B00DUEKGHU	4.0
0373278055	5.0
B00HZNLYQO	4.0
B007URVZJ6	2.0
B008FI5GIA	4.0
1479222038	4.0
1492806862	4.0
1926997387	5.0
B00LEUEBU0	4.0
1603818316	5.0
1492725420	5.0
B00CFL8CVG	5.0
0544264975	3.0
B00DH0VFYU	5.0
0800733592	4.558951965065501
097266260X	3.0
1618431838	5.0
0615643825	1.0
B00HDDM1V8	4.0
1414311656	4.0
0312965974	5.0
B00849YHMQ	3.9973924380704045
0781410983	5.0
B00H34ND9Q	5.0
B004TREWYA	2.0
B005IH01JK	5.0
B00DULWA9K	4.0
1926997352	5.0
1466440961	5.0
B0091T62FS	4.670284540921092
1449589790	4.692198581560283
1937178390	4.0
B00LDDGZL6	5.0
B009MQM966	5.0
1419957465	3.0
0764209906	2.0
080073355X	5.0
B00H4MTGV6	5.0
1477671188	5.0
0062106201	5.0
B007EHUHSC	5.0
B00BAWQJTS	3.0
0439023483	5.0
0984951822	4.0
0451414705	5.0
1557739137	5.0
1481820877	5.0
0977627802	5.0
B00KUEAQ9G	5.0
B009HSBFYQ	1.0
0505527847	5.0
B00FE86JMG	3.7004025301897645
B0055E6U14	5.000000000000001
B00HEVP03A	4.469210754553339
B00BTRSOJ2	5.000000000000001
0989050882	4.0
0800733541	5.0
B00CK2PF3S	5.0
0963707272	4.0
B00GKR2136	4.409722222222222
0825443008	5.0
B004SQUIZO	4.610534716679968
9769548634	3.87248322147651
0989677303	5.0
B009YAVVAU	5.0
B00BAKON8O	3.0
B0079OX28C	4.0
0800733304	5.0
0764207946	5.0
1470180642	5.0
B00BORR1PK	5.0
1449974430	4.086285590089112
B00CE1WXS0	5.0
B004M8S850	4.0
0263873080	4.506072874493928
1616265965	4.7749510763209395
0857520792	4.46343779677113
B00BA6JZ9U	5.0
0800733533	4.885869565217392
0451220277	5.0
1434897745	4.0
1304940837	3.0
B005HKOPL8	3.3028225806451617
B00F03VV8M	5.0
089190042X	5.000000000000001
0451232496	5.0
0446618241	5.0
B0084B1OUM	4.0
B00I6MYBSG	5.0
B00G156RF0	4.0
B00DKOF79C	5.0
B00BNRJAWI	3.0
B009F19JFM	3.0
0615454224	5.0
0988670917	5.0
B00BFJY4IE	4.0
B00ANT60YS	5.0
1492956635	5.0
1449721850	5.0
0739450107	5.0
1452857237	4.0
0373731957	4.0
B00FBPL3K0	4.0
1935407686	5.0
B00FGDKXO4	4.0
B00BO3R6K4	4.032550473836011
B00825DJKI	5.0
B004C44556	2.7627958172812326
B00FLPILIC	2.0
B0017HNV1U	3.0
B0054QZNRA	5.0
1481821733	2.589417989417989
B008Q7QRZG	3.8400285238887575
B00A3SLAMQ	5.0
1938531035	4.534810126582278
B00GY5WHEC	4.0
B003XVZLCU	4.0
B008NOY54M	5.0
B00HKN9312	2.0
B00IK7TY98	4.357682619647355
B00BO2AAOE	5.0
1480176672	4.0
0451236629	5.0
0825420164	5.0
037382808X	5.0
B00H4M2QG8	4.0
0977147428	5.0
B009FEVC3Q	4.0
B009UIGTVW	3.0
B005Q0X6C8	4.0
0345456327	5.0
B00DP8R3P4	5.0
0800730801	4.428571428571429
0373207247	4.0
0307395022	5.0
0764228285	4.372950819672131
0800734157	5.0
0445206349	5.0
1426733887	5.0
1481117440	3.0000000000000004
B00CATSONE	5.0
0764222724	4.0
B00FTK960G	5.0
B008A9MTCU	5.0
B00FEZ20WW	3.739742956005932
B004UWPNJM	3.135662574756059
0606132821	5.0
B00HNJ4N0E	5.0
B00ICB72XW	5.0
B00D6SCXY4	4.125789985415655
B00BIVYLZU	5.0
0764228277	4.757759155803849
B004OL2J82	5.0
1482362384	5.0
0615553028	4.0
0764207555	5.0
0764208403	5.0
0764205137	5.0
1452866422	4.0
B00BL70PMY	3.0000000000000004
B0080ZWWFS	5.0
0061950726	5.0
141437934X	4.103673469387754
0764207563	5.0
1476783284	1.0
1482524759	4.0
B00JJYH24A	5.0
B00AEKLY5Q	5.0
B009BTQJ2O	5.0
1482616319	5.0
1590583264	5.0
1941491006	5.0
B00B3MSD2G	3.0
080073436X	4.999999999999999
1897562853	4.464761904761905
B001BM2ZFO	4.0
B008SEHGFC	5.0
149297613X	2.0
0764209744	5.0
0615625622	4.0242677824267785
0615647235	5.0
144040075X	5.0
0923568964	4.0
1468195956	5.0
1484131673	2.0
B00FQQ1A8Y	4.110337323177367
0739445286	4.0
B006GTTM58	1.0
B00BT4GDD4	5.0
B00DU4UDEG	4.0
0764203177	4.0
0764206443	3.0
1484144740	5.0
B00AV07RAK	4.0
1595549145	5.0
B00L7H0X5M	2.0
1935961446	3.0
0263877957	5.0
B00EY3CZJ8	4.0
038070952X	5.0
B007QNPT8C	5.0
0786214759	5.0
080073324X	4.805347244864689
1467946516	3.490925589836661
B00DJC4AF2	3.9287141905396394
1410442519	5.0
0758209827	5.0
0446612774	4.058300092052777
0764206427	4.751574910983292
1462111181	5.0
B00BGBBBB4	5.0
1478295856	4.288819875776397
B00FGHYLD4	4.434404865334491
B00CFLG5NI	5.0
B00I5HXP9I	5.0
B006CC6ZTU	5.0
0982589409	4.0
B00GF5XK0Q	5.0
1470057395	4.0
B006SBRA1M	5.0
B00GVLPSAY	3.0
B00GI28W5E	5.0
1481882902	5.0
B00GPA0WPW	5.0
1475222548	5.0
0345456319	5.0
B00EWVIA64	4.0
B00AA4A70E	1.0
B009V2UKWQ	3.0
B009W1S37K	5.0
B0056OBYK0	5.0
B00ARE0R6Q	4.0
B005FIN9YG	5.0
B00GXUJ5SE	5.0
0764206435	4.476110645431685
B008R51O14	4.0
0615603815	5.0
0981563619	1.0
B007VUIMN4	4.320905459387483
B00FEXXFGO	4.0
1939356075	4.0
B00FSOHZ9W	3.0
1477663096	5.0
1936850168	5.0
1930367899	5.0
0985164816	5.0
B00BMU99HM	3.0
B00FSOTXD8	3.0000000000000004
B00E3EH7FU	5.0
0764209116	4.607974787613045
1489594337	5.0
B00B5MT706	4.0
0988191237	5.0
B00A0QYMFI	4.0
B0089HD3QY	5.0
1561488054	5.0
B00JL89VB6	4.0
0764209124	5.0
1480054542	2.94017094017094
1434700097	2.0
B00GR31PUI	4.999999999999999
0615866018	4.0
1434702030	4.0
B00BMPAFUC	4.0
1492215651	4.474530831099196
0739431234	4.872524752475249
1556114931	5.0
1493704486	5.0
159811848X	4.0
147813223X	5.0
B009JWEOY8	4.0
1606416529	5.0
B00CSFDPUM	5.0
B003JTHMO6	5.0
0615654134	5.0
B008NVQUSO	3.0000000000000004
B0097G7FUG	5.0
B00GLSR5V2	5.0
1880226480	5.0
B00GWF5ETE	5.0
0764209132	5.0
B009QX0NV8	5.0
1414334095	5.0
B00C2TK2R8	3.0000000000000004
080075963X	3.386272944932163
B00DTBDSPG	5.0
1467976970	1.0
B0082R613I	5.0
1577347870	4.309845322857845
0803494947	5.0
1484858786	2.8389830508474576
0982348401	3.0
0803491433	5.0
B0084IV4VE	4.0
192073189X	1.0
1935217305	5.0
1466256931	3.0
0380781506	4.0
B00I4BNN4W	5.0
0800721918	5.0
B0046A9U9W	5.0
0764203800	4.999999999999999
B00B8L5CJO	5.0
B00BY8QIVW	4.394011032308904
B006H96RO6	3.149722735674677
B00BEZLFKY	3.0
B005F5PD5W	5.0
1475066228	3.116896918172157
1426752776	5.0
B00BV0IM9E	5.0
1586607731	4.006200177147919
B00EKOCABE	4.0
159789298X	4.0
0615441866	4.551253849538055
B00BLCIJPY	4.0
B0058VAORA	4.0
B00BPWNMD4	4.0
B00CTDOFD4	5.0
0987803735	4.0
0982715811	4.0
B0095VONZS	2.0
B00BU690X6	5.0
0764201832	5.0
1616267690	4.0
1602602875	4.512173128944996
1461057140	5.0
1937844978	5.0
0983651795	4.535361842105263
0985871512	5.0
1463782845	5.0
B00BNFOR1Y	3.0
B007YUYWPS	5.0
0615511600	5.0
B008BK26KS	4.012145748987854
0892969032	5.0
B005PA95S8	4.0
1463709056	3.0000000000000004
B00FNZ968O	5.0
1936608367	5.0
0956151078	5.0
B00A0P7300	4.0
B00DDD8L6G	4.6699029126213585
0989074110	4.0
1492372080	5.0
0983571708	5.0
B00FAYYWNC	4.0
1602602646	3.0
B00I7HLBC4	5.000000000000001
1434764966	5.0
B00HUGJQ98	5.0
1499134835	5.0
B00BJFI75A	3.0
B00GW6ND32	4.0
0985241330	4.0
B0050DEY54	4.0
1477425160	5.0
0764210319	4.669081330260124
B006OJRKAE	3.0
B00AM1IGTE	1.0
B00IZD6PEO	4.328947368421052
B00GW4BX72	4.0
0764206060	4.0
B00E6IY6BQ	5.0
1932714073	5.0
1616260831	5.0
B008EV1C9U	5.0
B004QGYBNG	4.0
B00BZPLHJM	5.0
1590170679	4.0
B00A42VKKS	3.0
1556618395	4.354069466044584
0987741101	5.0
1490984798	2.0
B008ULBR76	5.0
0615932916	5.0
B00ARFOGQ2	5.0
B004E9U72E	4.0
0373442556	4.6503999281028126
0615782078	5.0
B00699917E	3.9473684210526314
0800757270	5.0
B00F9UOK7U	5.0
0983201609	5.0
B00AEIZSEG	4.0
B00ANWTOYS	4.0
B00GUZ195O	5.0
B006M95CT2	2.0
1603181989	5.0
1616267003	4.0
B00E8864D2	4.0
0425103285	5.0
1475116853	5.000000000000001
0425182169	4.0
1479353027	5.0
B00K6GZJ68	4.0
1469907682	4.0
B00IHRCSFS	4.0
1493552317	4.0
B00I782GBI	5.0
1475296592	1.0
0373486596	4.39545029604238
B0080AGLEQ	5.0
1434704025	5.0
0373675895	4.328947368421052
B00HLUH7BM	5.0
0988218208	4.0
B008BOH6YK	4.0
1421848317	4.326086956521739
1452882088	5.0
B00BPJAGMC	3.0
0615772269	4.0
B00F2404W8	4.0
1481087576	5.0
B0084AVKZ2	5.0
B00C7HG9KY	3.0
0764203657	5.0
B00F3MZ5FA	4.0
B00A9HW1CY	3.0
0764206923	5.0
0984431144	5.0
0736952373	5.0
0781410487	5.0
B006T8G1F0	5.0
1453602968	4.0
0984492771	1.0
B00JYPJPW6	5.0
1481217747	5.0
B00DMQ8IJY	5.0
0263211053	5.0
B00D2KTTHK	5.0
0989185974	4.0
0764205609	4.0
0764206931	5.0
B00BS0008S	4.0
B00AQKE0T6	4.0
0340863536	5.0
0764203665	4.510377358490566
1602607621	5.0
B00F9BRVAC	4.0
0821766996	2.7142857142857144
B00FVGRX9O	3.0300353356890457
B00AUTNZ8A	3.0
1602607613	5.0
B00G8YGVLO	2.0
0800721411	1.0
B00FJ3CMNG	5.0
B00629ZTOU	4.999999999999999
0979607000	4.0
B009PQ4AQU	5.0
B004SQX4G4	5.0
0941520021	4.0
1609360192	4.0
B0066HBGCM	4.999999999999999
B00KFDVSJO	4.5464684014869885
B00BCMLK36	5.0
076145277X	3.0000000000000004
0800733851	4.6852615727100115
0842339558	5.0
1481032585	2.5440044004400444
1491072083	3.0
B00GNB998E	5.0
B00EYDRI7W	4.0
B00EM36GU4	5.0
0800719794	5.0
0986842222	3.2216083486801717
1414375557	2.0
0615812457	2.0
0805065296	4.0
B00J8X2SKA	4.323607427055704
1583457348	4.5275526742301455
0967536812	5.0
1940492009	4.817367949865712
0768436257	5.0
0764203649	3.9263833992094854
B004PLMC5G	2.644752358490566
0764206915	4.429297458893871
1939811104	4.0
B00A6057P2	4.0
1434764826	4.0
0394551907	5.0
B00FSLF4NO	4.0
098200270X	5.0
000727405X	4.0
B00C8X8Q5S	4.3560606060606055
0991245504	5.0
1479258946	5.0
1489588876	5.0
B00FINCXPE	5.0
0764202766	4.573728813559322
1616262168	5.0
1481904671	4.0
0800758978	4.0
0983991995	5.0
080075896X	4.563970588235294
B00KW3LLA8	5.0
B00ASWKPLO	1.0
0984431101	4.0
B007B5FRQO	5.0
0973673621	4.502732240437158
B006KH7BKE	4.0
0985164859	5.0
1481810790	4.436429215509468
B008J4IRNQ	5.0
B00537SQME	3.9878542510121457
B003YL4LU2	5.0
1586607561	5.0
1938135504	5.000000000000001
1463541848	5.0
B00AV8SY7C	5.0
B0084H346I	1.0
1414375530	4.0
1414361122	5.0
1467985430	5.0
1602478325	4.0
0595486258	5.0
0764200119	4.627049180327869
1482676060	4.538608198284081
1940492017	4.856339468302658
B00EGOE1A6	5.0
1467957186	4.0
B00HNV9Y5G	3.0
B005OBMIZA	5.0
1490407081	5.0
B00HZNRULC	4.0
1477589031	4.0
1490931430	3.8051118210862622
B00AYR0BVC	5.0
1939203031	4.321808510638298
0615778305	5.0
B00FCWAGNC	4.0
B00I13O3M4	3.0
B00DU17TW8	2.0
B00IDEQW9I	5.0
B0080SA5S6	2.0
B00AM7C7GG	5.0
B00FFDU2NW	5.0
B00BRORB32	5.0
097367363X	4.0
B009PVI732	5.0
B0068XJXJC	3.6018296667392726
0373768931	5.0
1482584352	5.0
B00JJDXYEI	5.0
B00EC197UC	4.0
1479132438	5.0
1463646852	3.3724999999999996
1935416669	3.0
B00CE2H5SC	4.0
1938037170	4.0
B00FFLB6MU	4.522139673105498
1449786057	5.000000000000001
B00FOOGMOK	4.0
1609362187	4.253989361702128
B00629U2BA	4.0
0800757432	4.625550660792952
192703647X	4.0
1466272937	5.0
0743464583	4.0
B00C7W5GXA	5.0
B0052LG1M8	5.0
1940492033	5.0
1482678225	4.520383693045564
0764222589	5.000000000000001
B00GQYIL2I	4.0
B00FRLW38E	4.323607427055704
B00GK50H66	1.0
B00J2J3R8M	4.0
0800720741	5.0
0425189872	3.5986111111111105
B00849LL7A	4.0
086543171X	5.0
0312283423	5.0
B009Z0S1Z2	5.0
1482576988	5.0
B00CFLW85C	5.0
1493621890	5.0
B0056HP0WA	5.0
B009TWI4O4	4.0
0891900144	5.0
B00B9DN8OM	5.0
0981964826	5.0
B00BPCGVRS	3.7276279069767444
B00FAHARDI	4.0
1478293934	4.0
B00DORNFAS	4.0
0764201085	5.0
B007SAKW9E	4.4620098039215685
1481866559	5.0
B00DUEQD0E	3.3919382504288165
0451223691	4.0
B00BV0A5SK	5.0
1484839552	4.0
1480197661	5.0
080073369X	5.000000000000001
1497340926	5.0
0764227696	4.066706912164202
1477419497	5.0
B00BQENF0Q	3.745872450631272
B00IAXP83S	5.0
0821775898	4.0
B004HKIGU0	4.0
B00ALTVJ8C	3.9112978524743234
0312368674	4.0
0007446306	5.0
0842302670	4.477460901563937
B00HY3HN7E	5.0
B006KDUPH4	1.0
1470005522	5.0
B00FRSX700	5.0
188868562X	5.0
1400073278	5.0
1484144724	5.0
0983416877	5.0
0981964842	5.0
148267579X	5.0
0615372880	5.0
B008H459W0	2.0
0800721225	3.0
1479151556	4.417808219178082
0824948564	4.0
B00CQBO38G	3.0000000000000004
042513301X	5.0
1483942473	5.0
1616262389	4.0
B0035LC6I0	5.0
B00J16SQFU	5.0
1475199325	5.0
1935670484	3.0000000000000004
B0085P68SU	3.0
0615658199	4.0
1935961144	5.0
0800732111	4.784754990925589
B006G66YTS	4.0
B004EHZSES	4.11057537769206
1449719236	5.0
0764207849	5.0
B00HBCDG42	5.0
1439255954	4.0
B00B1YQMJM	5.0
0981964834	5.0
0764204335	5.0
B00DRFQRIO	4.0
0399134395	3.0
0373039549	4.49203187250996
B00BFH98O6	5.0
0615481965	2.0
1937178285	4.0
B00GZANY52	5.0
1434765083	4.0
B00G8GJFJC	4.0
1481993410	3.0341880341880345
1433677539	5.0
1616265426	5.0
1453660410	3.4790981681540627
B007XOP1M8	5.0
1490914943	5.0
161374028X	5.0
B00BM51GZU	4.0
1463736150	4.0
B00J9YWGTQ	5.0
B00CFLGM2M	3.0
0803250010	5.0
B00JHL4F1S	4.0
B00FC9IZY2	5.0
0451234537	5.0
0380776820	5.0
1433677520	5.0
1475119488	4.0
B007IO7C6Q	5.0
B00BAT1SB0	4.0
B00H12XIBI	5.0
B00KQS1DJ8	3.568786982248521
0963888048	5.0
0470222751	3.0
B00BG2XWLK	4.0
1482389916	4.0
B0090MXP0Q	4.340311700395441
B008XQMDAS	4.0
098848711X	5.0
B005X8INKS	4.0
0800733428	4.735444806707033
1414364474	4.0
B00CMZEEZS	5.0
1581351003	5.000000000000001
1495266990	1.0
B004UJL1BO	5.0
B00K8BXYV8	5.0
B00HFG3KUE	5.0
1492276588	3.0
1414364466	4.0
0802405584	5.000000000000001
143476852X	5.0
0800732324	3.6739130434782608
1480232068	5.0
1484872126	4.0
0764206702	4.999999999999999
1940427029	5.0
B003SHDUBI	5.0
B00ER9RIH8	5.0
B00A1CIISS	5.0
080410929X	4.0
0781405084	4.0
B008X6TCNE	3.65135305223411
B00GEGHZI4	5.0
1616262346	4.0
1494232308	4.41190006574622
148413933X	4.484848484848484
B00ASIP414	4.601147028154328
B0057QO8Q4	4.690133862171542
B00C1009YE	5.0
0800733401	5.0
037383246X	4.0
1939403154	5.0
1463519311	5.0
1603742166	5.0
1578051991	5.0
1477518703	4.0
0764204777	4.22882096069869
1494253240	5.0
B00439GLEI	4.0
B00CMU1IN4	5.0
B00EJSGFTY	4.0
0373294212	5.0
161638607X	4.285225328009127
B00GI0SUBW	4.0
B00II99IVW	4.0
B007A0BYFI	5.0
