B00AYAF6G4	5.0
0316024759	5.0
1480070505	5.0
0316204366	5.0
0340765445	5.0
0071464565	4.0
1455548987	5.0
148106276X	4.0
1597775029	5.0
1402261543	5.0
1592401716	5.0
039913932X	4.0
1591843847	5.0
0805052526	5.0
0062198890	5.0
1250002966	4.0
B00FHQI2KM	5.0
014311638X	5.0
0441005314	5.0
B00A9AMT5U	5.0
0062014536	5.0
193496851X	5.0
B00HST8JTK	5.0
1608682293	5.0
0373220103	2.0
1416575642	5.0
048640885X	5.0
B00HZZNBZ4	4.0
B00D2BUXYC	5.0
031237917X	5.0
0312379188	5.0
B001BRD238	2.0
B00IP3LVSY	5.0
1492817694	2.0
0399158081	3.0
0345513347	5.0
0143037455	5.0
0446532452	5.0
0743265106	5.0
0316710571	5.0
B00AOW1WRY	5.0
0141027592	5.0
1455511676	4.0
0865478015	5.0
0385527403	5.0
B00F2WXNS2	5.0
0307704254	5.0
0048230782	5.0
095685950X	4.0
1608204677	5.0
0750934379	5.0
0425225879	3.0
0505523515	5.0
0385518927	5.0
0006530699	5.0
1480802646	5.0
1554831008	3.0
0373002211	5.0
0814432212	5.0
0060820977	3.0
B0098SC634	5.0
0380012863	5.0
1937645053	3.0
B00JZQA1RM	4.0
0983552746	5.0
B00IXMM1AO	5.0
0738212776	5.0
B00KK1GLWA	5.0
0800733398	5.0
0307339246	5.0
0446578673	5.0
0385660243	5.0
0689877323	5.0
0446523569	5.0
143920991X	5.0
147005812X	4.0
074359830X	5.0
1456503057	3.0
0517701774	5.0
042524413X	5.0
0446578681	5.0
0071477845	5.0
1451640218	4.0
1603580298	5.0
0312655460	5.0
148000815X	3.0
140004314X	5.0
1455525839	5.0
1455523658	5.0
0316200808	5.0
0671899333	5.0
0786866845	5.0
0821773836	5.0
044657516X	5.0
044101514X	4.0
0822202506	4.0
0025853503	4.0
0978689151	5.0
1423819373	5.0
0989930459	4.0
1490395121	5.0
078522193X	5.0
1591846072	5.0
0312655452	5.0
0312379145	5.0
B00A73QHFW	3.0
0786866837	5.0
0722127456	5.0
0312655479	5.0
B004YDR07A	3.0
0786020423	3.0
0393088219	5.0
1451535481	4.0
B00A6GP4NG	5.0
0684852861	5.0
037300222X	5.0
0316079049	5.0
1495298841	5.0
1580085717	5.0
1455501441	5.0
0743245539	4.0
0060955899	4.0
0811832414	5.0
1401302351	5.0
B00D553XYW	4.0
0743470117	5.0
1484119258	4.0
1481929380	4.0
0316044776	5.0
0843959843	4.0
0061688711	5.0
0471477532	5.0
0373605080	5.0
075826366X	4.0
0743446496	5.0
1400066271	5.0
1402718616	5.0
0679444882	4.0
0743245547	5.0
0762106492	5.0
097868916X	5.0
B005348KVE	5.0
0399142533	4.0
B00FIU9YDQ	5.0
B00BC6SVY8	5.0
B005UFSEPI	5.0
0446564079	4.0
B00701D9LO	5.0
1497548098	5.0
0446195502	4.0
0446530697	5.0
0988805405	5.0
1466338342	5.0
1612120512	5.0
073820563X	5.0
B00FGEC5N0	5.0
B00BVA2QBO	4.0
1886411425	4.0
0446528382	4.0
0618154469	5.0
0451239482	5.0
0743422007	4.0
0316129429	5.0
0307279464	5.0
B00DGCJ4TC	5.0
B00HUU13Z4	5.0
0778316041	5.0
0671027034	5.0
0316058599	5.0
B004XT6L8E	5.0
098983851X	5.0
0316153990	5.0
0451186052	5.0
B000G7EMEM	5.0
0743492811	5.0
1561705721	5.0
0609601024	5.0
0441006256	5.0
0743236629	5.0
0393064646	5.0
1400163439	5.0
0670891584	2.0
0767904494	5.0
145647796X	5.0
0786885599	2.0
0743537343	5.0
B00HBUPHC8	5.0
1581802161	4.0
1433524724	5.0
0375505733	4.0
0375408592	5.0
1933515252	5.0
0553804782	5.0
0446580503	4.0
0312352557	5.0
0385344325	5.0
1484130065	5.0
0316210684	3.6666666666666665
0446553379	5.0
1438961820	4.0
0345410092	4.0
B008OIWMTM	5.0
0446579920	5.0
1571893199	5.0
1480180114	5.0
0985848219	4.0
007148499X	5.0
0446532436	5.0
0547333226	5.0
0440220793	4.0
1577312031	5.0
1560254084	4.0
0446579939	4.0
0671041312	5.0
B008AWLLEO	3.0
1411434854	5.0
0764210432	5.0
0752458965	5.0
B00H3JP0IS	5.0
0374184216	5.0
B004K1F0E6	4.0
B00C7CZ45A	5.0
0230100368	5.0
1401303277	5.0
0759681058	5.0
0394800206	5.0
1469932733	5.0
0446576433	5.0
0671876287	5.0
0767907558	5.0
0786880708	5.0
1482344246	5.0
B00CPDGVC6	2.0
1455513016	5.0
145551215X	5.0
0991013824	2.0
0812970829	5.0
1439180962	5.0
B00GQAEUCM	5.0
0316014982	4.0
1118642228	3.0
0446535931	3.0
0394826817	5.0
0425243249	5.0
1933241608	5.0
0451162919	5.0
0307341992	5.0
0615648649	5.0
1935661906	5.0
0316929190	4.0
0446576859	5.0
0689311966	5.0
074323538X	5.0
1577310721	5.0
0399157565	2.5
014305872X	5.0
1481854046	3.0
0689319444	4.0
1492800473	5.0
0312205406	5.0
B00D6OE8SW	5.0
B0083UACWU	5.0
B00BSFFNTY	4.0
0399158413	5.0
1592406610	5.0
0684813637	5.0
098589850X	5.0
0867905018	5.0
0307275019	4.0
0446583146	1.0
007144534X	5.0
1118006895	5.0
038533401X	4.0
0761177450	4.0
0307440850	4.0
0316020729	5.0
0060173858	4.0
0140188053	5.0
1591844258	5.0
0375834958	5.0
B006DJSRIO	5.0
0525942173	5.0
B00I7YTA02	5.0
0316003360	2.0
B00E9G17R6	4.0
B00HV538B0	3.0
B008YYKQ1M	1.0
039915972X	4.0
0061120723	4.5
0765329085	3.0
B00EXXLV44	4.0
B0097A0NY2	5.0
0060559349	1.0
0307750922	5.0
0743270185	5.0
B00C0JHYR6	5.0
0452298482	5.0
B00CNGK59A	5.0
074352585X	3.0
0989206408	2.0
B00DGQPJ0G	5.0
1599953889	5.0
006122815X	5.0
3000397256	1.0
0316036277	5.0
0060165073	5.0
B00571KIA4	3.0
0446520802	5.0
1480231061	5.0
1879194864	5.0
0786868252	5.0
1592405754	5.0
0505523078	5.0
B008396OVE	1.0
B00BA2DUVS	5.0
1599952548	4.0
0812994868	4.0
031220583X	5.0
1493784870	5.0
0446605581	5.0
B009GKU2DU	3.0
1557048037	4.0
0312352565	5.0
0786868236	5.0
0312983301	2.0
0143122231	5.0
0307342093	5.0
1469926903	4.0
B008IL48BK	5.0
0399159304	4.0
0671721216	4.0
0618551050	5.0
B00B9I1M7M	5.0
0821740458	4.0
075730057X	5.0
0373777752	4.0
0312316070	5.0
B00C5RY1G0	5.0
0071392319	5.0
0312352573	5.0
0061245542	4.0
0099244926	5.0
1602826749	3.0
075640391X	5.0
B00F5JHS6U	4.0
1250005647	4.0
0470614188	5.0
0615448623	5.0
0446604232	5.0
0446195529	3.0
1886893012	5.0
0028642287	5.0
B00COQLZU2	5.0
0758294492	4.0
1442366109	5.0
B00BXIJ6QM	5.0
0060595833	5.0
075824679X	4.0
1480118516	4.0
1602827605	5.0
1401912273	5.0
0671244094	5.0
B0080I5GTY	5.0
0345430514	1.0
0684809125	3.0
B00B2PPJC6	5.0
014305788X	2.0
B00I3QZ7G0	4.0
1609280199	4.0
1622312015	2.0
0307717097	3.0
0399162925	5.0
0316036234	4.0
0618405445	5.0
0399157573	3.6666666666666665
076422378X	5.0
0312185863	4.5
B007P02PDS	5.0
B00FG0XOFW	2.0
1401935389	5.0
0060736739	5.0
0385351852	3.0
0517888254	5.0
1606523600	5.0
0882800663	4.0
1602828946	5.0
B004URRVPG	1.0
0375500510	5.0
0984765506	5.0
0803287615	4.0
1619493039	5.0
039916250X	5.0
1940534224	5.0
B007PZ9G2Q	1.0
0062132520	4.0
0061583251	5.0
B0083D6BAY	5.0
0985626860	5.0
0312319142	5.0
0674004787	5.0
B00846UJPS	4.5
1401904211	5.0
B005D75Z8C	4.0
1933241268	5.0
0785289593	5.0
0671035452	4.0
B00GRKZ06G	5.0
076967559X	5.0
141699176X	5.0
159240264X	5.0
0743222903	5.0
0394564952	5.0
0061843407	5.0
031226772X	5.0
0062336592	4.0
0446561746	5.0
0316045608	4.0
0312950489	5.0
1893554317	4.0
B00C2YEI8W	5.0
0385508719	4.0
0425196089	3.0
0312377045	5.0
0446575941	2.0
0345532023	4.0
034545104X	5.0
0316211079	4.0
0060929081	5.0
1608207315	5.0
0307353133	5.0
B00ALUMQE2	3.0
0615370349	5.0
1612181449	5.0
1591844649	5.0
B00G3D36JU	5.0
B00GX08NQO	5.0
0451193288	2.0
1442348364	4.0
0316075841	5.0
B00J7XXM9W	5.0
1478148020	5.0
1496029151	5.0
0345532031	3.0
0345532015	5.0
0312377037	5.0
014311686X	5.0
0345546660	5.0
038551851X	5.0
1455575283	5.0
0814417906	5.0
0316010502	5.0
0984435484	5.0
0517888297	4.0
0823030806	5.0
0375507108	5.0
0956859569	5.0
1492895202	5.0
0743470095	5.0
0140263586	5.0
1401904262	5.0
B00BDTJNQE	4.0
145163756X	5.0
0989215709	5.0
0375701044	5.0
0061728977	5.0
1599212951	5.0
1439170258	5.0
0758259239	4.0
0984435417	5.0
0061358185	5.0
1938312007	4.0
0385528752	5.0
0316204315	3.0
1615470158	5.0
B0057QN6N0	4.0
0312426453	4.0
0874775728	5.0
0062110756	5.0
B005GXN8CS	5.0
0812929640	4.0
0976950626	5.0
0785264280	5.0
044900399X	5.0
0374226474	5.0
0446549657	5.0
0399151885	5.0
161194001X	5.0
0071444890	5.0
B00EHOPQGI	5.0
0553714430	5.0
0310439310	3.0
0525949135	5.0
0312319169	5.0
0486284999	5.0
0312365497	5.0
1440505942	5.0
0375831002	5.0
0956859550	5.0
0060172185	5.0
B0080KKQ56	5.0
1401301541	5.0
B008SGZOL8	4.0
B00HHINNMK	5.0
1484966341	4.0
B005ITNIPM	4.0
0375402314	5.0
077832317X	5.0
0140119906	5.0
B002UKOWM0	5.0
0394838475	5.0
1478306777	5.0
044658049X	5.0
1593083866	5.0
B006GHBSA2	5.0
031236198X	5.0
006227306X	4.0
157322216X	5.0
0778320804	5.0
0615556310	5.0
B00CS4PHZO	4.0
034532739X	4.0
1400067685	4.0
162015174X	5.0
B008T2K2L8	4.0
0060878819	3.0
0743453956	4.0
0988702800	5.0
1499564112	5.0
1579651089	4.0
0743235606	4.0
1602829543	5.0
0739322745	5.0
0071762558	5.0
1459700015	2.0
B006OF7YGS	5.0
0739332570	5.0
0316013994	5.0
B00D6SCXY4	4.0
140010033X	5.0
0375505423	5.0
067986668X	5.0
034552893X	5.0
B00EEG63SE	5.0
0938256521	3.0
0375404945	5.0
0007430590	3.0
0446525804	3.0
B00BMTQNQ8	4.0
0446504904	4.0
B00FJRVZGC	5.0
0312156723	4.0
1484018427	5.0
0060920432	5.0
1455509000	5.0
1929154178	5.0
0786893931	5.0
0061924687	5.0
B00CRRFZUO	5.0
0984740708	5.0
1453713700	4.0
B00CK8CL0W	4.857142857142857
0071774580	5.0
1491050977	5.0
0615557619	4.0
1480216518	5.0
1479245186	5.0
B00JWECBZM	4.0
0394800389	5.0
B00G2GMRCU	5.0
0967721318	5.0
148238745X	3.0
B00AFWXSBG	4.0
0671315676	5.0
B008RDCBEA	5.0
007176299X	5.0
0684836289	4.0
0307351009	5.0
B00AHJSZ74	5.0
1566631270	5.0
B00HV15KAQ	5.0
0471442577	5.0
0316037915	5.0
0743247612	4.0
0988663317	5.0
1937832104	4.0
1925047849	4.0
0345535286	4.0
0688170358	5.0
0981563627	3.0
1451642512	5.0
0786019301	5.0
1463744722	5.0
0316207543	3.0
073932277X	5.0
1455502413	5.0
0670032468	5.0
0932870961	5.0
0684818868	5.0
0517092891	5.0
B0063M2E4O	4.0
1594200394	4.0
1453722661	5.0
1597894710	4.0
0316710628	5.0
0446301582	3.0
0981563635	3.0
148023964X	3.0
0380808080	4.0
0061094927	5.0
1849235082	4.0
1591792037	5.0
0470222689	5.0
B0082OISR8	3.0
0446546305	5.0
0446547638	4.0
0982894708	5.0
1938636090	5.0
1478295856	2.5
0307408892	5.0
0671027581	4.0
0470528494	5.0
042522337X	5.0
B0043GX2HU	4.0
073935650X	5.0
0380719320	5.0
1118339290	5.0
0060930276	5.0
0399162496	4.0
B00EJQ1WXK	5.0
0471283681	4.0
0446569895	4.0
0938256971	5.0
1448667216	5.0
1481882902	4.0
0446523674	5.0
0316091049	5.0
044658150X	4.0
006197806X	5.0
1479115797	5.0
1493751263	5.0
1416544623	5.0
076791175X	5.0
0786888164	5.0
1591842808	4.0
0743416996	5.0
0982364504	5.0
0451413431	2.0
B00AFYH7A2	5.0
0345406907	5.0
B00FEQVXME	5.0
1937698785	5.0
147780739X	3.0
0307749436	4.0
1478125950	5.0
0743202759	5.0
0974524573	5.0
0061379409	5.0
1442950463	4.0
0061713716	5.0
0345413679	5.0
0060927488	5.0
0071590730	5.0
1594742111	5.0
0061999865	5.0
0316601950	5.0
0739431234	5.0
B00CXTMZWC	3.0
0399143793	2.0
0451192613	5.0
0671577727	4.0
1606416529	5.0
B00GWOFBC0	4.0
0814415385	5.0
B004TRPN5M	5.0
0849922070	5.0
0671318292	5.0
031231521X	5.0
0982941102	4.0
0060889578	5.0
B00GWF5ETE	5.0
1475043147	5.0
0385519052	5.0
B005GRECJC	3.0
0060919833	5.0
1490986537	2.0
0316017922	5.0
0060012781	5.0
0440215900	2.0
B007Z55F30	5.0
030726646X	5.0
0983299005	5.0
1442303093	4.0
146995575X	5.0
1480170402	3.0
0385484771	4.0
B005FMC7YU	5.0
1448674336	4.0
0316199869	5.0
0553382640	5.0
0743226712	5.0
0988822210	5.0
0937611018	5.0
0316078441	4.0
1118016955	5.0
0843952741	3.0
0451417437	5.0
0062242717	5.0
1552852113	5.0
1442366680	4.0
0345404769	4.0
159562015X	5.0
0804139024	4.0
1885167601	5.0
B00A49DGVM	2.0
0985871512	1.0
0061734616	5.0
0345542886	4.0
0743250877	5.0
0446564141	5.0
055309503X	5.0
0399165142	5.0
0312955006	5.0
0316069515	5.0
0615887392	5.0
0446556513	5.0
B00ER9SWSW	4.0
1933771046	4.0
0399167315	5.0
0696225816	4.0
0345469208	5.0
0679402306	4.0
0451211804	5.0
B0073JS1T8	3.0
0062294377	5.0
146376524X	5.0
0615321364	5.0
0553574086	3.0
0886776856	5.0
1603425330	4.0
0330419668	4.0
0439625203	4.0
0310205719	5.0
B00AI4GGOW	3.0
1420128868	5.0
B00D2IDJQY	4.5
0446585025	5.0
0061252573	5.0
0142800821	3.0
0756405289	4.0
1401309704	5.0
0765325411	3.0
081281438X	3.0
0393066738	5.0
B006IX7ZSI	4.0
0446528056	5.0
1478312890	5.0
1401902405	5.0
1596922095	2.0
0061238279	5.0
1401352103	5.0
0671044451	5.0
1451610173	5.0
1466345039	5.0
031609756X	5.0
1451671563	4.0
0062110691	5.0
0449911713	5.0
0957699611	5.0
1572707208	5.0
0739465538	5.0
0060598808	4.0
B00H5T6JEK	5.0
B00BTIEB5M	2.0
0671045792	5.0
1475299915	5.0
1596055235	5.0
B00F2NOMRC	1.0
1492905542	4.0
1484995147	3.0
0340899751	5.0
0394800877	4.0
0446520942	5.0
1885167237	5.0
0553582135	2.0
0061094110	5.0
1594147396	5.0
0375432884	5.0
B009R8DHRE	4.0
0739317717	5.0
0941520021	5.0
1612187056	3.0
0743400526	5.0
1619610000	3.0
0385336535	5.0
B00APLIWOK	3.0
148020725X	5.0
B00538M6Q0	3.0
B00C0ULZ84	4.0
1477805281	5.0
0684844281	4.0
145550324X	5.0
0981279015	4.0
149035400X	3.0
0785228942	5.0
0991395506	5.0
038552272X	5.0
0062110667	5.0
0986842222	5.0
1492239569	4.0
B00JUF5OFC	5.0
0743544269	5.0
0446529737	5.0
0316018740	4.0
0991468902	5.0
1886652066	5.0
1401901484	5.0
B00J6NGPIS	5.0
B001G0ML00	5.0
0615507719	5.0
1904994873	5.0
1499559682	5.0
0684838834	4.0
0141800356	5.0
B00G8OIFZ4	5.0
1482678659	3.0
0971949565	5.0
0312537409	3.5
0988624575	5.0
0385509308	5.0
0689848641	4.0
B0073WA12K	5.0
0399167293	4.0
1620220016	4.0
145288126X	5.0
0547480342	5.0
0143113879	5.0
0761151370	5.0
B00BUCBVYQ	5.0
0991733037	4.0
0062068628	5.0
0805080872	5.0
0767929802	5.0
B00JWCBQAA	4.0
1401324908	4.0
B008PVA3SK	3.0
034538430X	4.0
0446692743	5.0
0553477099	5.0
0446529311	5.0
0316089516	4.0
0812932773	5.0
0446527130	5.0
1455574449	5.0
0061009059	5.0
0802717780	5.0
0778327809	3.0
0451407229	5.0
0230769152	5.0
0399900578	3.0
0981279007	5.0
B008C9J2F0	1.0
1596680709	5.0
0615614159	4.0
1475042779	5.0
0143145088	5.0
0425221652	5.0
1493531263	5.0
0978508491	5.0
0470227591	5.0
0609603124	5.0
0812930584	5.0
0061015725	2.0
1452664862	3.0
0446520950	2.0
0399157468	1.0
1930388179	5.0
1620336103	5.0
0978508483	5.0
1444727710	5.0
0060083816	5.0
1477818162	3.0
0451418336	5.0
0814472478	5.0
0743226356	5.0
B007ILGFY4	5.0
B00BMVS3JQ	3.0
B00E8X2SEG	5.0
0446613061	3.0
0767902386	5.0
1940695295	5.0
0060755598	5.0
1571741941	5.0
0983887985	5.0
B009RT6L8A	4.0
193413533X	3.0
B00FE5MEWI	5.0
B00HAI4ZZG	5.0
1455545511	5.0
B008SLBOAS	4.0
159276309X	3.0
162380132X	4.0
0316211176	5.0
0312365160	5.0
1591843219	5.0
B00K3PXMC0	5.0
0743245911	5.0
0062516507	5.0
0060559284	5.0
0385504462	5.0
0615840787	5.0
0615773982	5.0
0743529065	5.0
1401904599	5.0
0385316550	5.0
0985236744	4.0
1466324600	3.0
0743204123	5.0
0316666009	5.0
1885228678	5.0
0544217624	3.6666666666666665
1442358254	5.0
0316739030	4.0
0425214001	4.0
0007281447	5.0
0470281901	5.0
B00L8656QS	4.0
0778322157	5.0
0446547573	4.0
0316097519	4.826086956521739
1591795508	5.0
B0088BWI2Q	5.0
0143118706	5.0
0425212297	5.0
1927951011	5.0
1849233268	5.0
0007447868	5.0
0399160671	2.0
037371422X	5.0
B00HI3MSV6	5.0
1490571329	5.0
0800722795	4.0
0505524430	5.0
0399526900	5.0
0132489627	5.0
0446393592	5.0
1935670484	4.0
0609600516	4.0
1591852137	3.0
0451412656	4.5
0061582026	4.0
1901983307	4.0
0679463348	4.0
0312244967	5.0
1591842336	5.0
0060598859	5.0
B005K4W0QS	3.0
1491046880	4.0
0312341156	4.0
0812927362	5.0
145369420X	5.0
1478149485	5.0
0373797435	4.0
0312605935	5.0
0316219908	5.0
0671025333	5.0
0758204876	3.0
0007173687	4.0
0786882425	5.0
0756406927	5.0
0399159266	5.0
0312265867	4.0
0440212499	5.0
1470029782	4.0
0062198696	5.0
0380776820	5.0
B00CIHLV6K	5.0
0671025341	5.0
0802139515	5.0
0615794807	5.0
0743228154	5.0
1490955410	3.0
B004AYCTLA	3.0
0743255755	5.0
0316038393	3.0
B009XN0W4O	5.0
0446572985	5.0
B006ZAGYEK	4.0
0131986473	5.0
1426202741	5.0
0767904974	5.0
0471123005	5.0
0887432778	4.0
0743246810	5.0
1612710654	4.0
0446584967	5.0
1479143707	5.0
034543241X	5.0
1406553778	5.0
1439172773	5.0
B009JEQSP4	4.0
1469934477	5.0
0131576070	5.0
0307273571	5.0
044655605X	5.0
0375433392	5.0
0143125435	4.0
0385318790	5.0
0091795273	2.0
0440153255	4.0
0151010986	5.0
0312265840	5.0
0471080721	5.0
0743597176	5.0
0316018783	5.0
B005TF1B9K	4.0
0446691801	5.0
0446605050	3.0
140130141X	5.0
B00GKBIRVM	5.0
0060098902	5.0
1481939904	3.0
0873499190	5.0
0312180454	5.0
0446616176	5.0
0590413384	4.0
1597480800	5.0
0446538647	5.0
B005GFBQWU	5.0
080613772X	4.0
0345528921	5.0
0871319357	5.0
0684813084	5.0
0385524587	5.0
1401300340	5.0
0739469339	5.0
1934841420	5.0
B00CMB9OV6	3.0
B00JD7TX4A	4.0
0425236323	5.0
1482507080	5.0
1444727338	5.0
0671765914	5.0
0345481402	2.0
0307595609	5.0
1934633348	5.0
044656429X	5.0
0316069434	5.0
1477823123	4.0
B005ZI33HE	5.0
0988437503	5.0
1591844932	5.0
1580631479	5.0
0151001006	4.0
B00I63FSZU	2.0
0060957867	5.0
B0042RUZMA	4.0
0345431138	5.0
0800757181	4.0
0967851505	5.0
0739402641	4.0
098838714X	5.0
B00I6ZXOHM	5.0
148120601X	4.0
0316207659	3.0
1581823703	4.0
0385517831	2.0
B00DPYZZXA	5.0
B008YQJEFY	5.0
0985512105	2.0
1608090345	5.0
002542730X	5.0
1401922708	4.0
1455509124	5.0
1484017463	4.0
0451232216	5.0
0440226295	5.0
0399141871	4.0
034546625X	5.0
0525950311	5.0
0399161481	5.0
0743289358	5.0
1400082943	5.0
0553474324	4.0
0679437096	5.0
0345340248	5.0
140130169X	5.0
0452283671	5.0
0316347965	4.0
0671004549	4.0
B005O315OI	5.0
0060200502	4.0
1400046874	5.0
0061357901	5.0
0312362994	5.0
0140256997	4.0
4774307076	4.0
1477593144	5.0
1590791215	5.0
B006UMIU8G	5.0
B005FCCDO4	3.0
B008GUMNJW	5.0
0385521030	5.0
0886776317	5.0
0743597222	5.0
088289336X	3.0
1848763794	4.0
B008UOTR4I	3.0
0307461181	4.0
0615302319	5.0
B00JLWT4D2	5.0
140193692X	3.0
0425263908	4.0
0385537859	2.5
B00JIKUGXO	4.0
1499151454	5.0
1466455330	4.0
B003DTMV2A	4.0
031623480X	4.0
B007Z3QVGW	5.0
159486313X	5.0
0340979496	5.0
060960161X	5.0
0062333771	5.0
0767903803	5.0
0452284503	4.0
1461110564	5.0
B006I2RN9U	4.0
031605349X	5.0
0769646794	5.0
0425174808	4.0
0525952969	4.0
0982255489	5.0
B00BLN4AJW	5.0
0553104144	2.0
031621082X	5.0
0399162380	4.0
125000098X	4.0
0593050541	5.0
1401323022	5.0
0307454894	5.0
0060009292	5.0
1477805761	4.0
1455521248	4.0
0425263924	5.0
0684852624	5.0
0517548550	4.0
B00EMXBZMS	4.0
0316069485	4.0
0764227009	5.0
145550033X	5.0
1478273984	5.0
0739458213	5.0
0762438568	5.0
0743269748	5.0
0385537883	4.0
0743583078	5.0
044653224X	5.0
193324142X	5.0
081297543X	5.0
0451229010	4.0
B00CJ1EC5W	4.0
1937832007	5.0
0878331573	5.0
0425263916	5.0
0988523108	5.0
1890132276	4.0
1589234162	5.0
0989661911	5.0
0517884577	5.0
0393060918	5.0
B00J6EFD8K	5.0
0345432487	4.0
0684193612	5.0
0143113054	5.0
0446602612	5.0
1478231688	5.0
0451458443	5.0
0553103237	5.0
0739466224	5.0
0385494688	5.0
1576754758	5.0
B0078G41BS	4.0
0345502825	3.0
0451207645	3.0
0062512943	5.0
0988107856	1.0
0316024597	5.0
0307932583	5.0
1578518261	4.0
0981871402	3.0
0312360398	5.0
1590212924	3.0
1496070046	5.0
031603438X	5.0
0307943232	4.0
0812967836	5.0
B00B8U421O	1.0
030788743X	5.0
0743225732	3.0
1611735270	5.0
B009YKYK1M	2.0
0316511579	4.0
0671728555	4.0
0345528204	5.0
0743235533	4.0
0671878662	5.0
0786868414	5.0
B00FSWNNH2	3.0
1466207205	5.0
0758265247	5.0
0446401269	5.0
B00CHA2VNA	5.0
0195126289	4.0
0374128731	5.0
0425259854	4.0
0981363903	5.0
B00AHE23SQ	5.0
0615766501	5.0
0735676348	4.0
0545019230	5.0
0743267117	5.0
0679643389	5.0
0007167040	5.0
0071473653	5.0
037543075X	5.0
0385312520	5.0
0670034509	5.0
0140280243	5.0
061553483X	5.0
1451689330	5.0
0099406136	3.0
0140258795	5.0
0142002364	5.0
0670889040	4.0
0316686565	4.0
0425264394	3.0
0758265220	5.0
0143037684	5.0
0316735655	5.0
0099509482	4.0
0812965213	5.0
0316008060	5.0
1481100009	5.0
B00ECN4Z6G	3.0
0989950247	5.0
B00CG48A6Y	3.0
0545019249	5.0
0345807154	3.0
0452284104	4.0
0434020362	4.0
0446532681	5.0
0375410635	5.0
1400051878	5.0
B0084AR60A	5.0
0609603884	2.0
1591840929	5.0
1480125563	3.0
1442362383	5.0
B00D2IDL62	5.0
0452284554	5.0
098602130X	5.0
0141187220	4.0
1402749996	5.0
1885167504	5.0
0765302209	5.0
1455528714	3.0
0143143743	5.0
B0054LX3C2	4.0
0316221112	5.0
0060539097	4.0
0399164154	4.0
193738764X	5.0
B00CSS10VA	5.0
0393066614	5.0
0486266885	5.0
0786868848	5.0
0307895475	4.0
0974457949	5.0
0743292561	5.0
1466311053	5.0
190870702X	2.0
0312313195	3.0
B00AYJIJ46	2.0
1435121368	5.0
0316069418	5.0
1608680738	5.0
145169346X	5.0
0312334931	5.0
1935670506	4.0
1878736655	5.0
096063889X	5.0
B00359FIGY	5.0
1561705454	5.0
B006GDWQZ2	5.0
0446548154	5.0
0061905267	5.0
0988729849	5.0
0440221048	5.0
1482643472	5.0
0743418166	5.0
0452268834	5.0
0764226649	5.0
0670893919	4.0
1401307426	5.0
1629550140	5.0
1455514047	5.0
0316097446	3.0
0307460681	5.0
1492158003	2.0
0062102931	3.0
0060859873	5.0
0805042024	5.0
0316925810	4.0
0061094234	5.0
0316188476	4.0
074356619X	5.0
0007228023	5.0
B00AWJW0O8	2.0
B009ZL0L2M	5.0
0316133760	5.0
B00EJXIO7U	5.0
0446573124	5.0
0061905283	5.0
0316211230	4.0
0446392308	4.0
0151008116	5.0
B007PVCVFY	4.0
1599988313	5.0
0811826856	5.0
044024546X	5.0
0553528734	5.0
0743264932	5.0
0385488858	5.0
B00C1AEUXK	4.0
B00EJ6D2V0	5.0
1402291531	4.0
1576751678	5.0
0758200382	2.0
0316211222	4.666666666666667
B006P5CH1O	4.5
0972354166	5.0
0061092037	3.0
1591845327	5.0
1426702361	4.0
0307266745	5.0
0091876540	5.0
1940305020	4.0
0679781560	5.0
0316133787	5.0
0399159959	5.0
0060081961	5.0
0316097462	4.0
1593371055	5.0
B003XYFPVO	3.0
1904600069	5.0
0778313514	4.0
B00HBBD4UY	5.0
031609966X	4.0
0743571991	5.0
B00FX3IMZY	4.0
B005YUD46S	1.0
0671036505	4.0
1417916516	5.0
0615883753	4.0
B009NKXAWS	4.0
0316097497	5.0
0765315939	5.0
0671601296	4.0
1599953625	5.0
0395593034	4.0
0446678333	5.0
0307932540	4.5
0743272552	5.0
B00551PE50	5.0
B00E3APA6M	4.0
0316789844	5.0
B00BS8HPY2	4.0
B00HQNVT5E	5.0
0345481038	4.0
0316096156	3.0
0399148892	5.0
B008E67GSQ	4.0
140131063X	5.0
0143112643	4.0
1401309658	5.0
0385517475	5.0
0738203246	5.0
0310214599	5.0
0306810301	5.0
B00JTMWL1Q	4.0
0091920329	5.0
0345358759	5.0
0984502009	5.0
0375402179	5.0
B00JK4KJ12	4.0
0345522893	5.0
0679406832	4.0
1453716319	5.0
0375508244	3.0
B007YJEIAS	5.0
B00CE3U510	3.0
0752446681	4.0
1489503218	5.0
B00DNIMZUO	4.0
1601543018	4.0
0743578155	5.0
1889102261	5.0
0312424442	4.0
0802120156	5.0
1494402718	5.0
B0097F4BPO	5.0
089296880X	5.0
1478305681	4.5
0385324057	4.0
B00C5RVCEO	5.0
1461003164	4.0
B00D0EWRIG	5.0
0142427772	5.0
B00E9F6X5S	5.0
0449223450	5.0
0062517716	4.0
0593062051	5.0
0778324206	5.0
0520003500	5.0
0446601853	5.0
0446526762	5.0
147810421X	4.0
0752454722	5.0
0312962258	2.0
0385340540	5.0
B00EKS5A08	3.0
1401352081	5.0
B00K5D5TSK	3.0
0316221082	4.0
159555503X	4.0
0671879197	4.0
0751536822	4.0
0544263618	4.0
0071437924	5.0
1451693419	5.0
0307263649	5.0
0765317699	2.0
0980155665	5.0
0062234897	4.0
0061340650	5.0
0062066390	4.0
0983901104	5.0
0345505514	5.0
0451412796	5.0
1455517135	5.0
1933241004	5.0
0609603906	5.0
0743265858	5.0
031621129X	4.666666666666667
0979019915	3.0
0936385111	5.0
0615287484	5.0
0060188723	5.0
0312289723	5.0
0983524068	4.0
B0082XJGRK	5.0
1463754906	5.0
1593371454	5.0
1933241055	5.0
0395655730	5.0
1623800323	4.0
0439023483	5.0
B008O55NAU	5.0
B004XQVL9G	4.0
142219857X	5.0
B005BE0QE0	5.0
0679446079	5.0
0399160132	5.0
0060516402	5.0
0446199745	5.0
1447259297	4.0
1935130625	5.0
147780885X	4.0
0316097403	4.0
B00EFKOFLQ	5.0
B00JXS3XKY	4.0
1442362855	5.0
B00DDUJ5DW	4.0
1592402860	5.0
0345391373	5.0
1476726507	4.5
B00K49B3X0	4.0
0340819502	5.0
1494263378	5.0
0843951397	5.0
0307346625	5.0
0778326438	5.0
0758269277	4.0
B00BL4G8HS	5.0
0874779065	5.0
0061173037	5.0
0385340559	5.0
B00954GKH4	4.0
0345362861	5.0
1441429352	4.0
0983504016	5.0
1470038358	5.0
B00C3MPFTY	5.0
B00BSBR5R6	5.0
0739328913	5.0
B008MTIWK6	5.0
B004LB4FBE	3.3333333333333335
1594630100	5.0
0553573306	5.0
B0071FNXWY	3.0
0989070204	5.0
1590213459	5.0
0399151648	5.0
0449214931	5.0
0446604089	5.0
0802144187	5.0
159240197X	5.0
1421800969	5.0
1591843502	5.0
1598531077	5.0
0062128256	4.0
0385514379	5.0
1481821733	3.0
0425252868	4.0
B00AA61NLO	3.0
0375507787	5.0
0316098752	5.0
0316228532	2.0
0990331415	5.0
193164361X	5.0
1481978594	5.0
1439102767	5.0
0062222961	5.0
030793313X	4.5
0618509283	4.0
0984477705	5.0
B005Q0X6C8	4.0
068483958X	5.0
0786865687	4.0
B00EBC0LHK	5.0
0099417995	5.0
1879505541	5.0
0316735736	5.0
140226383X	5.0
0671501917	5.0
014241011X	3.0
0307276902	5.0
1479248487	1.0
0679438084	5.0
0385523386	4.0
0984027300	5.0
0380710722	5.0
1477695079	5.0
0470497432	5.0
0345368932	5.0
1468158740	4.0
0141301155	5.0
0316210919	3.0
0595368115	3.0
B007HS1C4Q	5.0
0143118447	5.0
0446572829	5.0
0615553028	4.0
1451661061	5.0
1401301576	5.0
1401302424	5.0
0439399297	5.0
B001VLXME8	4.0
0060577657	3.0
0373785747	5.0
0312269609	5.0
B008NNLOHE	4.0
1604187735	5.0
1401921736	5.0
0978577612	5.0
0971933413	5.0
0060529148	5.0
1463632096	5.0
1611099684	5.0
0525940642	5.0
1475934939	4.8
0307353400	5.0
0373131755	5.0
0316114642	5.0
1492305839	5.0
0978577620	5.0
1250034485	4.0
B00EVAV77A	3.0
0743206053	5.0
0773760350	5.0
0380784165	5.0
0670022896	2.0
0812515331	5.0
B0092K075C	5.0
0316010677	5.0
0957152418	5.0
0374270325	4.0
0979585716	5.0
B00DPYKE3Q	4.0
0812928962	4.0
0060188219	5.0
1400066158	5.0
0312372841	3.0
0805096663	5.0
074320607X	1.0
1573248533	5.0
0989297926	5.0
0803476647	4.0
0061122416	5.0
0743571185	3.0
1401303307	5.0
0316069353	5.0
161218510X	3.0
B007ZF9KLI	5.0
031609210X	5.0
0312347480	5.0
038536315X	5.0
0393057658	5.0
0062073427	4.0
1591840406	5.0
006093221X	4.0
0375425004	1.0
0571199976	5.0
1492291560	4.0
0345803507	4.0
B004TRRHV0	5.0
1467968986	5.0
0316210986	5.0
B009CHBNVW	5.0
B00DFIE80W	4.0
1401302467	5.0
0446559857	5.0
1479108375	4.0
0988644819	4.0
0446612774	5.0
0312347472	5.0
0060937904	5.0
0961350318	2.0
0743482697	5.0
B00GQQPU4I	5.0
0982589409	4.0
0671027344	4.0
B00GG2DALC	5.0
B00CGFGS3A	5.0
0099457156	5.0
0060574593	2.0
0743202961	5.0
0385333757	5.0
0446557668	5.0
1477471634	5.0
0743255453	5.0
0060987359	4.0
0849956501	5.0
0316010669	5.0
0061044482	5.0
1493560336	5.0
1414326815	5.0
1477663096	5.0
1936850168	5.0
0061691399	5.0
0143124722	5.0
0446532754	5.0
031267645X	4.0
0615593909	5.0
1935251805	5.0
0439234085	5.0
0060776625	5.0
0446580848	3.0
039332155X	4.0
1937551857	2.0
0743202988	5.0
B004VT1CTE	4.0
006092988X	5.0
1481262262	5.0
064179164X	4.0
0316132950	5.0
162652369X	4.0
B0085TK53K	4.0
0316373729	5.0
1566638003	4.0
068987474X	5.0
0553103334	5.0
1604076631	5.0
0471444138	4.0
0451180410	4.0
B00CQECA1K	5.0
0142000280	5.0
1554830672	4.0
0553277405	5.0
0060957913	4.0
0446529575	5.0
0307749649	5.0
0446575038	5.0
1572244143	5.0
0470392193	5.0
0060183837	4.0
0670021555	3.0
1455502677	4.0
039306123X	5.0
0804119627	5.0
0446554995	4.0
0385513518	5.0
1457514508	5.0
0767920422	5.0
0984337202	5.0
0446517127	5.0
1935540653	2.0
0316025313	5.0
0099474123	4.0
0312430000	5.0
0743244370	5.0
B00EHMFBLA	3.0
0385468059	5.0
0316154741	5.0
0966803027	4.0
1442365552	3.0
1622372328	5.0
1422103218	5.0
B001UHMTRO	5.0
1600247180	5.0
B00AH3R26A	3.0
074321367X	5.0
1401303382	5.0
0399158618	5.0
1484021851	4.0
0688178928	5.0
B00A6ICOWS	5.0
0060514906	5.0
B00DYLG32G	5.0
0743238516	5.0
0743508726	5.0
1576754685	4.0
1419964615	5.0
0143038419	5.0
0060766867	5.0
0307596869	5.0
B007U7JSUO	5.0
0446563048	5.0
074322213X	5.0
0312379080	5.0
0931432723	4.0
0316198730	5.0
0061231401	4.0
0399145761	5.0
045141411X	4.0
1582346240	5.0
0615787975	2.0
0446555894	5.0
1580175848	5.0
1878424424	5.0
B00A969WJK	5.0
1592404456	5.0
1455515558	4.0
1583762051	4.0
0345482433	5.0
0060194995	5.0
0385517084	5.0
B004WLOGYE	4.0
0307388921	3.0
1469252228	5.0
0345368959	5.0
1455504416	5.0
0688035116	4.0
0786868724	5.0
0385344007	4.0
034553199X	4.0
074322650X	5.0
1466243430	4.0
1475296592	4.0
0613065425	5.0
1494715228	5.0
0671720996	5.0
1935618083	5.0
B00J1V124M	4.0
0671043366	4.0
0743294254	5.0
0061012491	3.0
1598870998	5.0
0143057529	5.0
0385413041	5.0
0060756632	5.0
0989473805	4.0
0553502689	5.0
006073132X	5.0
B00C1H94W0	5.0
0385267320	4.0
1940695082	5.0
1425746845	3.0
B007FMWRIO	5.0
B00G3DC7RW	3.0
B007RN7D8K	5.0
0446674265	5.0
146902747X	5.0
0615787096	4.0
1402268637	5.0
1566499585	5.0
B009KUY65G	5.0
0385334117	4.0
0786718390	5.0
B00FJ433QK	4.0
0446527785	5.0
1596914696	5.0
1619210576	4.0
0345369335	5.0
0312421001	4.0
1463717091	5.0
B00E3YCDQI	4.0
1592402356	5.0
1451626304	5.0
0446527793	4.5
0375728228	4.0
0743569369	5.0
0061013315	4.0
B00GUNUJUM	5.0
0449910644	4.0
B00D53OFPA	5.0
0547054017	5.0
0345408918	5.0
0399145672	3.0
1576752402	5.0
0451214781	5.0
0684869799	5.0
0671637177	5.0
1555839487	4.0
0307275167	5.0
0785260897	5.0
0380603926	5.0
0399160825	1.0
0399157654	3.0
B00A3VMH70	4.0
0345438310	4.0
0758267398	4.0
075826738X	3.0
1461036348	5.0
B00J8XGRKC	5.0
1463509952	5.0
0316324469	5.0
0451191137	5.0
0989946134	5.0
0684870754	5.0
1420114840	5.0
0446360856	5.0
0375421548	5.0
0615793312	4.0
097878510X	2.0
0985462736	4.0
1569243743	5.0
B008BQ4X3A	5.0
0553572997	2.0
1932470891	4.0
0959774661	5.0
1938135504	4.0
0671447548	4.0
0446540331	2.0
1453877312	3.0
006172680X	4.0
0330258648	3.0
0684846659	4.0
B0084AYM0M	5.0
0061726834	5.0
0143114956	5.0
B0092QKWVU	5.0
1401300715	5.0
0399159894	5.0
0768437318	4.0
0316401080	5.0
0312425880	3.0
1561706213	5.0
0446519723	5.0
1466430818	5.0
160820040X	4.0
0060845791	4.0
B00IBHS7WC	3.0
0345340906	5.0
0140060286	5.0
0439129095	4.0
B00B8X5W7O	5.0
1442367318	5.0
0345534522	4.5
0143122568	5.0
1400050111	5.0
0983582904	5.0
B00BNRIK56	5.0
B00B7PAWLE	5.0
B00BZODJZS	4.0
1455527475	5.0
1937387003	5.0
1608321460	5.0
B00DCEDE6I	4.0
0312938640	5.0
1608207064	4.0
0446554952	5.0
0316031917	5.0
0470376481	5.0
0452289858	5.0
0814433901	5.0
0399157212	1.0
0143037943	4.0
006087600X	5.0
1609283104	2.0
B00CLX3CRC	4.0
B00IQOFT5I	5.0
0988348209	3.0
044022330X	2.0
0060195339	5.0
0062316869	5.0
0983440514	5.0
0071791388	5.0
0821768913	5.0
0439612551	5.0
1482719800	4.0
1909374172	5.0
1940172039	5.0
1861058276	5.0
0452277043	4.0
0060503009	5.0
1905940831	4.0
0609801945	5.0
1936891034	3.0
0743406451	5.0
0316056863	5.0
B00BZPJRQW	5.0
0525951385	5.0
0307277712	5.0
0399160450	4.0
0931761255	5.0
0739495585	5.0
0761453822	3.0
0965053407	5.0
1401902154	5.0
B00H9KEAKA	4.0
1591841267	5.0
0894807676	5.0
1451524447	5.0
0071600868	5.0
0739437208	2.0
0060758880	5.0
0399161775	5.0
0385503385	5.0
1477813047	5.0
006109692X	4.0
1933241594	5.0
0345533232	5.0
0446573647	3.0
0140249389	4.0
0316206849	3.6666666666666665
0486446662	5.0
0060520841	5.0
1937178277	4.0
0307236382	5.0
0375507477	5.0
0452289491	4.0
B00INIXG66	5.0
0743264894	4.0
1401906516	5.0
0553384260	5.0
1449575285	5.0
0345534557	3.0
0071465006	5.0
0986666513	5.0
0399148787	2.0
B00378L7DQ	5.0
1400050162	5.0
074327511X	5.0
0743272099	5.0
0759226466	5.0
1592403611	5.0
B008BKSGWU	3.0
0312534531	5.0
0307950425	5.0
0099525259	5.0
1611605377	3.0
B00ETHOFY2	5.0
055389787X	5.0
0761136819	4.0
0385485093	5.0
B00DVYV9HU	5.0
0312083165	5.0
193496882X	5.0
0975403648	5.0
0340712279	5.0
0142423092	3.0
1460920937	5.0
1591790484	5.0
0446524263	5.0
0312626681	5.0
B00ISCBIBW	5.0
0316015059	5.0
0804137501	3.0
1935670271	4.0
1573226211	5.0
0345506936	5.0
1478220198	4.0
0446580368	5.0
1490348018	5.0
0330517783	3.0
1492776254	4.0
0807588865	5.0
0684868016	5.0
0345803485	2.0
B00HVKCMQC	5.0
1482085925	5.0
0071421890	3.0
B00HMAMM52	5.0
B00DOBWBFY	5.0
0312995229	5.0
0399160477	4.0
0307464717	5.0
B00EH2E5IK	5.0
0446583405	5.0
0312324863	5.0
1478336277	2.0
0984074511	5.0
148274743X	5.0
1484110943	5.0
0596008821	5.0
0061564818	5.0
0986666556	5.0
0517193345	4.0
0689854277	5.0
1494358220	5.0
0394583760	5.0
0373294212	4.0
0684862719	5.0
1442359315	3.0
1401906567	3.0
1456555995	5.0
0316693863	4.0
