1602728712	5.0
1419964143	3.0
B007NKM34Q	1.0
B0094A5K7K	5.0
1455548987	5.0
1614953716	5.0
B00HFTI5FG	5.0
0985817089	4.0
B00EOARZGO	5.0
B00IWZOAGU	3.0
B006FO85VG	5.0
0062127691	4.0
1615818987	4.333333333333333
1602728720	5.0
B0093MGNV6	5.0
B005XDC0K2	4.0
B0092W8ES2	5.0
B00CWM4R12	5.0
B00B2MP6ZE	3.0
B00IMKD22I	5.0
1482722925	5.0
1463762232	5.0
B008IL47LG	4.0
0984725431	4.0
B00HG51Z4W	5.0
B00ENOV7L0	1.0
1484018516	5.0
1483920607	5.0
B004XJKXO2	1.0
1468194992	5.0
1626490708	4.25
B00CQR31WO	4.0
0373873697	5.0
B00CK51J9E	4.0
1940651905	5.0
B002E7ARKK	4.0
B00A2SZL0O	4.0
B00H6YHRLS	4.0
B005DA0FQ6	4.0
B00AHNOSLM	4.333333333333333
0986906417	4.0
B003DA44KG	5.0
B00658O12E	3.5
1479351180	4.5
193519223X	4.75
B005CCM48M	3.0
1477473971	5.0
B00B3OEWK6	5.0
014311767X	4.0
1616502509	4.0
1611183804	4.0
B00JMORJSQ	4.0
1493755544	4.5
B00JOQEVKQ	4.5
B00KPVMQ7E	5.0
B00AC4O758	4.0
0373796986	4.0
0373694997	5.0
0451240022	5.0
B006F80FMY	4.0
B004JZYBKC	5.0
0985420545	5.0
B009M7FOVM	5.0
0425256138	4.0
B007B7T9PM	5.0
1613727119	4.75
B00GLOJ58W	5.0
B007MDK40E	4.0
0263899403	4.0
B00KEV76JI	4.0
1493677527	5.0
B008TR58JE	5.0
0615822991	5.0
1493632639	5.0
B005FHNJ56	5.0
B00H4GZBUW	4.0
1596327839	4.25
B00DFFNEBE	4.0
B00BUY8CAA	5.0
B00I4DAJUG	5.0
1926760336	5.0
0989373827	5.0
1420132830	5.0
1480134694	4.0
B00IPI5S60	5.0
1612131611	5.0
0062224840	3.0
061579615X	5.0
B00AFZVM3O	4.0
B00GJ07XQY	5.0
037376099X	2.0
B004K6MMCY	5.0
1937044858	5.0
B00GBLQMEA	5.0
1781847398	5.0
0062292927	4.0
B00HYV1YDU	5.0
B00L19WGN8	5.0
0061632716	5.0
B00IB2PXRO	5.0
1467957526	3.0
B0042RV0W4	5.0
B00E9NKWNO	1.0
B00IOSYW7C	5.0
B00761OU0C	1.0
1937608093	5.0
1481908456	5.0
B0050VHCWS	3.0
B00JDPBAPC	5.0
1481929380	4.75
1622417011	2.0
B004P1JN0S	5.0
147672721X	5.0
1476727228	5.0
1495972216	5.0
B007COU20A	4.0
1608204235	4.0
B00L9KZHOY	3.0
B004JZYBLQ	3.0
1420132857	5.0
B0082PL9XW	5.0
1467980757	5.0
B00B86NOEY	4.0
B00CQRUO10	2.0
B005D1LEWY	5.0
1623800188	5.0
B00EXE9VRC	5.0
B0052ZAV9S	5.0
B00IAYHZBK	4.0
B00B1F0AMQ	5.0
B00JD4IS4Y	5.0
0062102311	5.0
1599982714	4.0
B004SYA5WC	4.0
1608209024	4.0
142154346X	5.0
1937546144	4.0
1612176569	5.0
1627984283	4.5
1615819452	5.0
B00L4OV9CO	4.0
B00AGFRH8W	5.0
B00FW4S8BC	5.0
B00JMO24RW	5.0
1598830694	5.0
1609289021	5.0
1626490791	5.0
B0089U034Q	4.5
B00HWVKGJ0	4.0
B00G8UF0JM	5.0
0312972733	5.0
0440246512	4.0
1481162527	4.0
B008P2ND9K	5.0
B00EW393BS	5.0
B00KYA4GGA	5.0
B00C41095Y	5.0
B00H8Q5O3M	4.0
B00DHVERWQ	4.0
1470147238	4.0
145647796X	5.0
0758247613	5.0
B0055PDP4I	5.0
0989373819	5.0
B00IEKBBLU	4.0
B00AZUBUVS	5.0
1623004322	4.0
B00DSOY4RK	5.0
B00D0K9Z9O	5.0
B00FJQYSCG	5.0
1402274807	3.0
B00J90NPBS	4.666666666666667
1937546160	4.0
B00I6BQZFE	5.0
1613725302	5.0
1626490775	4.5
0312946457	5.0
1490964630	4.5
B00DZ3PY9Q	5.0
B00GMZLW0Y	5.0
0440214920	1.0
1499280017	5.0
B009IQNMTS	3.0
B00ES4C28C	3.0
B00CW2G5CG	4.0
0425250806	4.0
B00DSOY4SO	5.0
B009SQRXCK	3.0
1623220092	4.0
B00GBFT8JW	5.0
B00CNTSVZM	4.0
0738726451	5.0
B00KK94NW2	5.0
1420106538	5.0
B00B8SAFFI	4.0
B00HT8ZTKM	5.0
B002HE1GS2	3.0
B00B8SAFFS	5.0
B00CQAE2BU	4.0
1469252317	5.0
1623806313	4.75
1937551520	5.0
006207203X	5.0
B00IVPKWMM	4.0
B00BIWK1W6	5.0
1937551539	4.0
0891343377	5.0
1613725329	4.0
B00KR2HJ6Y	5.0
1605046078	5.0
1483939219	4.0
B00GO5G33I	5.0
1481253875	3.0
B00FZ2EK54	5.0
0061986402	4.0
1938639081	4.0
1481009206	5.0
1494707748	4.5
1613726694	5.0
1939173299	5.0
B00J0ZCDBA	5.0
1461051932	5.0
B004YDPTMS	4.0
0505527081	4.0
147919591X	4.0
B00B8SAFJE	5.0
0985148209	4.0
B00IA7IBWY	5.0
B00K4MFZLS	4.0
061589285X	4.0
B008KPYA7Q	4.0
B009SGX2H0	5.0
B005K08AMK	4.0
1494354888	5.0
1613724969	5.0
B009DS3YCG	5.0
B005EYS9UA	3.0
B005JDTBS0	4.0
1479351954	5.0
B00J7FVYRC	5.0
B00CPFUABM	3.0
1627980768	5.0
1937044033	4.0
1602729255	5.0
1843604000	4.5
0373777795	5.0
B008A39FY6	4.0
B00CPG90YE	3.0
0440245273	5.0
B00GW4581O	5.0
130080484X	4.0
1611941326	4.0
0060571462	4.0
1490559175	5.0
1419963724	4.0
1622424190	4.0
B00G5G0MX8	5.0
B00F942VC2	5.0
B005MK12UA	5.0
B00FZ3PEAI	5.0
B00J606B6W	4.0
B00C1KDM6Q	5.0
B00AWFIJXS	4.0
1483933032	5.0
B00LKJMA8A	4.0
B00LPPDXC6	5.0
B0092ML9AC	4.0
1612187145	4.0
B008GO6Z56	1.0
B00JRFW8UY	5.0
B005S9ZIN2	5.0
B00E6YQIKM	4.0
B00IDMUUS4	5.0
1419957082	3.0
B00D5YWZEC	5.0
B004VTHHB6	5.0
B005ES1STU	4.0
0425255778	5.0
B0056IB3O8	5.0
B004S7MJAK	3.0
B00AWJLTYK	4.0
B0067VX8J6	2.0
0373776470	4.0
B0050YV2IU	5.0
1615815945	4.5
B00ANY5CQ0	3.0
0060530928	5.0
1615819487	5.0
B00GJ3CI7K	5.0
1497472318	4.0
1461179734	4.0
B00I59VBQ0	5.0
1490946810	5.0
1569708770	1.0
1616952040	5.0
B00BCUKAGQ	5.0
1476712980	5.0
B00ATHX1GO	4.0
1469926903	4.0
B008IL48BK	3.0
0615839878	5.0
0451465067	5.0
B0085XSO3O	5.0
B006XZ2FC2	5.0
B00KOSIM30	5.0
1470042223	5.0
0373777752	3.0
B00HXE6HK8	4.0
1613721005	5.0
B00J0EKX1I	3.0
1478290722	5.0
B009JY57FG	4.0
141995170X	5.0
0615894666	5.0
B00IMIQTXY	5.0
B00GFEZ9BU	4.8
B005GFAIDI	5.0
B00E8NJS8U	5.0
B008847FPS	4.0
0440246555	4.0
B0098PBB92	4.0
147675652X	4.0
B007MJCB90	5.0
B004CFAS06	4.0
0307700666	5.0
B00CKRW4FA	5.0
148488907X	5.0
0615840841	5.0
B00BK0RIG8	4.0
1627980784	4.8
1481182242	4.0
1601543271	5.0
B00DHP7TSG	4.0
148023365X	5.0
0316133973	3.0
0425263363	5.0
1491087463	5.0
B009CA6P3A	3.5
B00GYI8K4U	5.0
0373718594	5.0
B007RO8PJK	5.0
0373776446	5.0
B0058PRFSW	5.0
B00IQ8CQY6	4.0
B007EKXYAW	5.0
B00AALQCM4	4.0
0988753723	5.0
B00APOV30W	1.0
0451238648	5.0
B00DJK31TK	5.0
0440246539	5.0
1451660731	5.0
1490473246	5.0
0425226360	3.0
149289656X	4.0
B003TU24ZW	3.0
B00BB0WCA4	5.0
B00HSC0H42	4.5
B007PZ9G2Q	5.0
1477601961	5.0
0505527804	2.0
B0083D6BAY	5.0
0615757375	5.0
B00KP4GOHY	4.5
B00GKBHJJ8	5.0
1250017270	5.0
1623802792	5.0
1423183096	5.0
0062019821	4.0
1453698949	5.0
B0051HEXZA	4.0
B003FL6X52	5.0
B00DG9L4B6	4.5
B00BWVEWZU	5.0
1909490016	4.0
1480026859	5.0
B00DB4DHPC	5.0
0762436581	5.0
1596328207	1.0
1608208613	4.0
1482757532	4.0
1453875042	5.0
1599987619	5.0
1939786215	5.0
1250017262	5.0
098889436X	5.0
B00HOHUUF2	5.0
B007FKAWD8	3.0
1456435299	4.5
1481958798	4.0
0425255700	4.666666666666667
0307388670	2.0
B00J47HAUS	5.0
B00E5UMIR4	4.0
B00D0VURY0	4.0
B00E4OH43Y	5.0
1468189557	5.0
B00FJC1PVC	5.0
159457376X	4.0
1623801486	4.0
B0062RI0TS	1.0
1416532862	2.0
1611248809	3.0
1622660331	5.0
1479140775	4.0
B00HFKOM0W	5.0
B00AV4YY8O	5.0
B004YE6T2G	4.0
1478184574	5.0
B00D7NV2NG	4.0
B008XDGI2U	3.0
B009YLRC02	3.0
B00DIRZ0CK	4.0
B00A9G4KMO	5.0
1494788373	4.0
162878007X	5.0
1477485066	5.0
B00A9NJ10I	5.0
1419952196	3.0
B008Z42WPY	5.0
1623801400	4.0
1475132980	4.0
B00E1NXKJU	4.0
B009TWF320	3.0
1467913006	5.0
B00EIS6ZBS	4.0
1491006919	5.0
B007BBV5T6	4.0
0062289357	4.0
1620612275	4.0
B008922XQU	4.0
148183925X	5.0
1492306509	5.0
1628780096	5.0
B00JTIZW7U	5.0
1937394999	5.0
B00H5XAQOU	5.0
B008VXUI0K	5.0
1623800102	4.25
B008XQSX8E	4.0
1484918290	5.0
1615810293	4.75
1477503366	4.0
B00DCFXLEC	1.0
0758228503	3.0
B00KA6RPBQ	5.0
1936185725	2.0
1626491151	4.5
160183196X	4.0
1599986337	4.0
0989097927	5.0
B00ECGVFAC	5.0
B00H5GMYBA	5.0
B00H0UT5UO	4.0
1402798431	5.0
1475294727	4.0
B008UC6G4O	4.5
B00JZO5CFK	5.0
B00EFB7Y90	4.0
B00CQES3ZM	3.0
B005J9A38Q	5.0
042521740X	3.0
B006TMAM7Y	3.0
B00HBRNI2C	4.0
0316102865	5.0
B005G515WQ	5.0
1615814655	5.0
B00585CJAG	5.0
B00KU5OKHY	4.0
B00C5SZOX8	5.0
B005OYI2SO	4.0
1619214164	4.0
074990917X	4.0
B008EAOMUW	3.0
0615633285	3.5
0749909188	5.0
B007OPUIGU	5.0
0062078070	5.0
B00FKEYK1Q	5.0
B00KLPFMIO	4.0
1475037775	5.0
B00E9YKGAC	2.0
B00L73J8KM	4.0
B00BS8SW26	4.0
1611183952	3.0
B004VB8ITE	1.0
B002HJV4BG	4.0
B00K2NLQTY	5.0
0983706387	5.0
0984901817	4.0
0985570318	5.0
B00GMKKJ3A	5.0
B00B40JEZM	5.0
B003A022GW	4.0
1475057385	5.0
1623800080	5.0
0451415671	5.0
1499218141	5.0
B007VPVAP6	5.0
B00E4OH4LG	4.0
0062278789	4.0
B0015Z7VWE	5.0
1455878561	4.0
1934166898	5.0
B00F942TRO	3.0
B00CKZH1DC	3.0
1468008862	5.0
B002HJV4DE	5.0
B00AYIDVLS	5.0
0425262995	5.0
0451416996	5.0
B00EIMKH72	5.0
B005PTVS52	5.0
B0088K8DD0	3.0
B00F8OUA44	5.0
B00AMPWSDU	5.0
0758242670	4.0
1623805791	5.0
B00AND5YIM	5.0
B00GKUGHWE	5.0
B004L626R4	4.0
148238745X	5.0
1492121606	5.0
B00IGBG96E	4.0
B00H7JWX02	5.0
0615845517	5.0
B00DWA4MCW	3.0
B0059W2CF0	3.5
B00H3X8A86	5.0
B00HHJGI5S	5.0
B00C0QEKK8	4.0
B004GB1T86	5.0
1590213262	5.0
B00EX4UIV0	1.0
B008K52N0C	4.0
B00AGFRFYI	5.0
B00L8BD38Q	4.5
0988894335	5.0
148023964X	2.0
B009C2IW66	5.0
1489521534	5.0
1455521124	5.0
147513844X	4.5
B004PYDHC0	5.0
B004Z23JGQ	4.0
0988204215	4.0
B00E7K7YY4	3.0
1479398772	5.0
1455521132	5.0
B00LDY9G5C	5.0
1250017297	4.0
1484119134	5.0
B00LLWDUDK	4.75
1623801389	5.0
006197806X	5.0
B00EV50N7A	3.0
B00KP2BAWA	5.0
B008CGWG7E	2.0
B00HCQW1KC	5.0
0758241305	4.0
1484927850	5.0
0985570334	5.0
1934166863	5.0
1936617021	5.0
B00FEJ09DA	5.0
B002D48NBO	2.0
B00FOANDW8	4.0
B008TD33D6	5.0
B00F1IFK6A	3.0
1937551601	5.0
B009OJ1OEO	4.0
193556000X	5.0
B0043GX2FW	4.0
1622423801	5.0
0615766412	5.0
1620610310	4.0
B00FAUSUO8	5.0
1482707268	4.0
1492144371	5.0
1420118617	5.0
1492388645	5.0
1613722133	4.0
0988994798	3.0
B00I53Z798	5.0
B00KK868DU	5.0
B00KX8FP5E	5.0
1608203603	5.0
B005I57KUK	4.0
B00CZBHA64	4.0
1402789580	4.0
1622429125	5.0
B00J72UJHG	5.0
B00GY4VF2I	5.0
B00BED26VI	4.0
B00L1PWH9A	5.0
1615819584	4.8
1627985484	4.666666666666667
1402220014	4.0
1453702636	5.0
1420118625	5.0
1619211149	5.0
B00KKU4INA	4.0
034553087X	5.0
0061974587	5.0
0425271838	4.0
1420118633	5.0
B00EBN532W	5.0
B009ZL0Z7I	4.0
1442446897	5.0
0971223262	5.0
B00IQR9172	4.0
B00ERLJ6JE	4.0
1479103780	5.0
B00IGINMQW	4.0
1937608182	5.0
1612130224	1.0
B008MMXCMQ	4.5
1475181221	5.0
B004SY9HWQ	5.0
0345532600	5.0
1461131839	5.0
B006Y37RXA	3.0
B009FGTJ52	1.0
B00CE2XHD4	3.0
B00F942TL0	4.5
B00HGZE238	5.0
1623000068	5.0
0957327064	5.0
B00JDXTNGC	5.0
1609281225	5.0
1615815171	5.0
B003YFJ5IQ	4.0
1623221234	4.0
141995590X	5.0
B00EXACZ56	5.0
B00DNJCRAQ	4.0
1613725205	5.0
1476702918	5.0
B0092MTC24	4.0
B006QXB7W0	4.0
142315956X	5.0
B00HBIZ4UA	5.0
B00LILB7F2	5.0
B004D9FYU0	4.0
B00EAPTEWQ	4.0
1452666563	4.0
0756407451	5.0
1481985337	4.0
B00413PT9Y	4.0
B00DYVWVIQ	5.0
1497435552	4.0
B005SFRMO4	5.0
B00EFPO4I0	4.0
0738736597	5.0
1608202348	4.0
B007IPW8QY	5.0
B00EDCR48M	4.0
B00LF56Y3Q	4.0
B004SBQ57O	5.0
B00685NFI0	5.0
B006PIYPCA	5.0
006198650X	5.0
B0080XQWME	4.0
B00DRL96CC	5.0
B00EGJFQ4G	5.0
1626490619	5.0
B00FY4FYGC	4.0
B006OO7OMI	5.0
B00BFQM4VG	5.0
0061986534	4.0
B00EYMXM2I	5.0
B00IFW5REY	5.0
B00JCW0BLK	5.0
B00GMQW87Y	3.5
0373363834	5.0
0007442920	5.0
B00EB3F0A2	3.0
B00KKQ9X0C	5.0
045141568X	4.0
B00C4VSN4S	5.0
B0078IPOKS	5.0
1781845794	5.0
160272802X	4.0
0988742942	5.0
1939559111	4.0
1603940022	4.0
B00B1INX6I	4.5
B007C63AR0	4.0
B00HHIROPW	4.0
0312534396	4.0
B00KXZUIZ4	5.0
B00HL1TGTM	2.0
B00L0QZ828	5.0
0345545834	4.0
B00J29BP5E	4.0
B00EDMWPK4	5.0
B009ABTDSU	5.0
B00DZVLG2C	5.0
0505526670	4.0
1623809223	5.0
B00LCA8612	5.0
0738725951	4.0
B0099Y69XK	5.0
B006VXPMAS	5.0
B00B1Z02NS	3.5
B005HFK81E	1.0
B0041KKSFC	4.5
B00CLUFX9K	4.0
B009O8NW9K	5.0
B009R8DHRE	4.0
1941450008	4.8
1939786177	4.5
B007WIEFHW	5.0
B00I44QP80	5.0
B00EO2X0OS	5.0
B00CJOZVRW	5.0
B009AUWN42	4.0
0452266564	4.0
B00IFF3Y00	4.0
B00AUDVFP6	4.0
B00K0X5GMO	5.0
1605043079	5.0
146090334X	5.0
B003XYEWF4	5.0
B006L99OFQ	4.0
1622428684	4.0
B0051IROM8	5.0
B00ILKT62O	4.0
B0070FDJPG	5.0
193755158X	5.0
B00I481KAE	4.0
B00DG9E0YE	4.666666666666667
B00HHAUWT0	5.0
0425253236	4.0
B00GPDYL74	5.0
B00EEJ3KDC	5.0
1603184139	5.0
140226318X	4.0
B00FIWNVRY	5.0
0425241262	4.0
B002NOGDL6	2.0
1623809231	5.0
B006Z9JYB6	1.0
1419951653	5.0
1494722631	5.0
1939786150	5.0
1594143803	5.0
B008BKT3UO	3.0
149473592X	5.0
0451419219	3.0
0758267150	2.0
B0070Y2VQU	4.0
146997939X	5.0
B00ASPRQRW	5.0
B006VXAZKA	3.0
B00KIR5SAM	5.0
0345532562	4.0
B00IN8HWPC	4.0
B00HR03O7W	5.0
B00FVYTS3A	5.0
1613723555	4.5
B002G1YGTC	5.0
1610261003	5.0
B008R556E0	5.0
B005I56ZS8	1.0
0446406937	5.0
1494937115	5.0
B007BENFJ6	5.0
B00F8Z2C9O	5.0
148265864X	5.0
B00DJ725F4	4.0
B00IBL4V9G	5.0
0983574251	5.0
B00DJ725FO	5.0
B00AWGCLP4	5.0
B00IVPNVJI	5.0
0345545869	4.0
B008GUV1H2	5.0
B0036F6X0W	4.0
0062292250	4.0
B00BFKBB3Y	4.0
1603703209	5.0
B00B6ZAXS2	4.5
B007Z4WSOK	4.0
B00K2CQPA0	5.0
0979504880	4.0
148276590X	5.0
0425222977	3.0
B00J7RAM2S	4.0
B003F77D6Y	4.0
B00ADWZ5EG	5.0
1494708302	5.0
B00APOAET8	5.0
0061894451	2.0
B00KVF5H0M	5.0
0425230570	3.0
0425219321	4.0
1402263155	4.0
B00HKQQZI8	5.0
B00GDHZ0OA	4.0
1626490570	4.5
B003MVZMJS	2.0
1939786193	4.5
B00H7N7SBM	5.0
0399158308	5.0
B00943FVG2	5.0
0440224403	5.0
0989982432	5.0
B00GQQQ93O	5.0
146351073X	4.0
162380132X	5.0
1608204146	5.0
1613727038	5.0
1608205479	5.0
1481004379	5.0
B00D55NRYI	5.0
B00IG9M7US	3.0
1626491097	5.0
B00DOJQCQA	4.0
B007PJGUOO	5.0
1456461486	4.0
1611248957	5.0
B00E3UW03S	4.5
B00HF8X4EE	5.0
1622429915	4.0
B004HFRMQE	3.0
0778313204	5.0
B00IE9E5WS	4.5
B005URACBA	5.0
0060570091	4.0
B00IKN7WVY	5.0
B00EFPO4SA	4.5
031255219X	4.0
1620612194	4.0
1496138953	5.0
1402273371	3.0
1554106559	4.0
1468008919	5.0
1499104774	5.0
B00ER55JZA	5.0
B00L77I5AM	5.0
B007I87NW0	5.0
B00C8EUHQS	5.0
0316102954	4.0
0425255824	5.0
B00H0QU0SY	5.0
1442488662	4.0
B0089YHC1O	5.0
1419961853	4.0
1476730946	5.0
1483944417	5.0
B00408AQ98	3.0
1626491070	4.75
0803733402	4.0
1623802695	4.25
B00F7J1UYO	3.0
B00KVQQYRG	4.0
1599905094	5.0
B009F5OW0U	5.0
B00DR5HZXK	3.0
B007RQONEY	5.0
1591827191	3.0
B007WZHCH0	5.0
B00LUAM4HG	5.0
B001TUX6GK	4.0
0307743659	5.0
0060538783	5.0
0425272346	5.0
B00ER55JX2	5.0
B009SHKQBE	3.0
B006OIG07O	3.0
B00KFKD6CO	3.0
B00DY8HARG	4.0
B00ICP63XI	4.0
0241966663	5.0
0425179648	2.0
1607777894	3.5
0983930805	5.0
B007S0CX4G	5.0
B008DCV3I0	3.0
1480074616	5.0
1419964054	4.0
B00GW1TC8M	5.0
1476705992	5.0
1451671598	4.0
B0088NH17G	4.0
B00A0N0I4K	5.0
1470141159	5.0
1482583453	4.0
B0085NZO0U	5.0
B009ZNM7ZY	5.0
0446582786	5.0
B006ZYSAES	4.0
141996710X	5.0
1611941237	5.0
1484096800	5.0
B00B5TL98M	3.0
B008VMY2QW	3.0
1481058134	5.0
B00G6PMEGG	4.0
B00K0VPAYA	4.0
B00B5TL99G	4.0
B00F6ZF0ZE	5.0
B003UHU3FW	4.0
1479129429	4.0
061588699X	5.0
0451413962	4.0
B00JK1UMIA	4.0
1939786118	5.0
1619268094	2.0
1479327573	4.0
B00L4OF2SQ	5.0
B00BIVE59M	4.0
B008YGJLES	4.0
B00F9BOEZW	4.0
1627989080	5.0
B008OYM3EK	3.0
B00DFFMYOW	5.0
B004GKN8XG	4.0
0778315339	5.0
B00HHEVSK8	4.0
1615815244	4.0
B007EPW4AI	5.0
B005EUR83I	3.0
B00JZCLT7W	5.0
B00L3NJV9O	5.0
159632676X	5.0
0142425990	3.0
B00IEO1D8W	4.0
B0070DZI70	4.0
B00CGFEICS	4.0
B00BXVLPJA	4.0
B00KFHFVBG	5.0
B00K5EA0G0	5.0
1480264520	5.0
B009G9T87W	5.0
B0051WENA0	5.0
045141795X	3.0
B00K1053R4	5.0
B007FZPYUE	5.0
B00K4Z948K	4.0
1490383395	5.0
B00I3QB7YQ	5.0
1599908182	5.0
B00CE3FX6W	4.0
0978986121	4.0
0310739306	5.0
1612184340	3.0
0670012750	5.0
B00E5NRTSO	4.0
006211543X	4.0
0425246132	4.0
B00CK503PA	4.0
1934531782	5.0
1499247621	3.0
B00JRG2VSM	5.0
B0082UISCW	4.0
B008H741ZS	5.0
B006Z9SNBS	4.0
1627980067	5.0
1622410661	5.0
162501046X	4.0
1902852443	5.0
1936850435	5.0
1612185657	5.0
0425267083	4.0
B004Z99RB0	4.0
1933664207	4.0
1250023637	4.0
1607379163	5.0
B00GJ3CGCC	5.0
B00LSSEEUA	5.0
B00AJW1VE8	4.0
1476730601	3.5
1402217625	4.0
B00CO7GIDU	5.0
B009BIHQM2	4.666666666666667
B00CK503QY	5.0
B00DHJZCDG	5.0
1482568446	5.0
1475244207	5.0
B0087U7EFO	4.0
B00EPUQ4EM	5.0
B00IJI2RH4	5.0
1613727364	5.0
0061340278	5.0
193781503X	5.0
1494744031	5.0
1623801265	5.0
B00KAGGOF4	4.5
1492119237	5.0
1627984488	5.0
1613727348	4.8
1613726015	5.0
1463581971	5.0
0812515226	5.0
1596326743	5.0
B005DJA8HI	5.0
1476718970	5.0
1439192316	5.0
1937856429	4.0
B00L4EHNX8	5.0
1609280881	5.0
0425261743	5.0
1495240428	4.0
1608206661	4.0
B007IE4R00	4.0
B00C1VKJZ2	5.0
1492807206	5.0
1609286189	4.0
1622663659	4.0
B009ZOZM7S	5.0
B00AYOSV6C	5.0
1599982137	5.0
B00F3FE60M	5.0
0615810756	5.0
1607352990	4.0
B008NQUUNA	1.0
160737918X	5.0
0425239829	4.0
0425256383	4.0
1402251505	5.0
0061771929	4.0
B00EAOMBMC	5.0
0425246116	5.0
B008H4GLPO	1.0
1599983478	4.666666666666667
0425227855	4.0
B008L40O08	4.0
0758287860	4.0
B00KZL5J4Q	4.0
B00ID8WTBY	4.0
B00CXULLBC	5.0
B00L7X28MC	5.0
1492880787	4.0
1451671601	5.0
1626491410	5.0
B00I5UD37O	4.0
0979311020	3.0
1613726872	5.0
B00BJL0A0O	5.0
1937608271	5.0
B007575YNO	4.0
B00BCTIOYW	5.0
1481151630	1.0
162380874X	5.0
1479333573	5.0
B00ES4C3XQ	5.0
B00D52F21W	4.0
B00B0PYZZU	4.0
1492996513	5.0
B00I249B9C	5.0
0989281027	4.0
143924622X	5.0
B00B8U421O	4.0
B00FY8NIY8	5.0
0758263090	5.0
B0083XFX76	5.0
B00H0KQG2O	4.0
042524301X	5.0
B00JMI8LW0	5.0
B003VP9X7M	4.0
B0016IXMF0	5.0
0982630700	5.0
B00AX37N5E	4.0
0615613373	5.0
161372554X	4.0
B00BCAIFAY	5.0
0425220354	5.0
B00KF2FF94	5.0
B00A9NIZSC	5.0
1623806135	5.0
1909306703	5.0
0988275732	5.0
0972768890	5.0
B00DTDH94U	4.0
1627983171	5.0
1623806119	5.0
1615818383	5.0
B00D3U3B14	5.0
0989281043	5.0
1627980911	5.0
1613724217	5.0
B001CN47MG	4.0
B008SMSW1G	2.0
B00722Z5K4	5.0
1623803098	5.0
1468047744	5.0
1497385261	5.0
0060009241	4.0
B00FQ5TSFC	5.0
1601832575	5.0
1623803039	4.0
B0070Y33GC	2.0
1933809000	5.0
0989416402	5.0
B00EKJGRJ0	5.0
B0086KSGKW	5.0
B00GEJPNVM	5.0
0991763491	2.0
0615467091	4.0
B00GJD2IUM	5.0
B008Q3DMUS	5.0
B005OLJ3VC	4.0
B00B7T18UY	5.0
0451419707	5.0
0425233669	5.0
B0071MSAGG	3.0
1611249562	5.0
1627980970	5.0
1603704353	3.0
B005VE3XI6	5.0
B005O08HNS	4.0
0373089104	1.0
0989416429	5.0
B00F9F0U4C	4.0
B005LVPIK0	4.0
B00DGGUM76	5.0
1481170422	3.0
141995010X	4.0
B0052PO51I	5.0
B00E5US4JK	4.0
161372425X	5.0
0785823611	5.0
0989281078	5.0
1479367796	5.0
B00B09ZD2U	4.0
B00BTIDXVU	5.0
0547076347	5.0
B005ECTTRY	4.0
B0083UU2X4	3.0
1479299936	5.0
B009SCQ42E	5.0
1489518673	4.0
B00GW3L1H0	4.0
1608203549	5.0
0373771827	3.0
1611249538	4.666666666666667
1937551792	4.5
B00IAPM9R4	5.0
B00EKJGRJA	4.5
1781845433	4.0
0061808806	3.0
0765367580	5.0
160820409X	5.0
1623800765	5.0
1460925238	5.0
1605044024	5.0
1626491372	4.5
1936185903	4.0
B003WEAJ3O	3.0
B009H50IJM	5.0
1622426126	5.0
B007NUVB2Q	5.0
1590213858	4.0
1419967088	3.0
B00HRB1FX6	4.0
1484815408	5.0
1613722532	4.666666666666667
140883233X	5.0
1479225703	5.0
0425239055	4.0
B00A3D6SBY	3.5
B0090P1L3Q	2.0
1938231295	5.0
B00CVNQGQ6	5.0
B00KQ5E17M	4.0
1612132227	4.0
B00D89OGAA	5.0
1419959492	5.0
B00699QQCM	4.0
B00C6EHDFS	5.0
B00CGFEI0U	5.0
B00FPW9RFW	5.0
B0070FDVHC	4.333333333333333
1626491356	4.0
0151008116	5.0
037319000X	5.0
1623806097	4.333333333333333
B00G0J9CGS	5.0
1605044040	4.0
0425264017	5.0
B00AKKN9Z8	5.0
0062076108	5.0
B00E5JAIP4	5.0
B003WEAJ5C	4.0
1626490015	5.0
0446559245	4.0
B00GJXA45S	5.0
B003U89S66	5.0
B00J7TK3FW	5.0
1937608220	5.0
0395205484	4.0
B0070XA0VY	4.5
B003WEAJ4S	4.0
B007SQUNII	4.0
B0098JIXU8	4.0
1623800781	5.0
0380756250	4.0
B00KNXM4D0	4.0
1482306069	4.0
1602021112	5.0
1475006314	4.0
B0075ZWNJE	5.0
B006TH9R2K	4.0
1613726945	5.0
B008ENPBB8	4.0
B004PYDOC8	5.0
B00CH143BM	5.0
B003MQMNSG	1.0
0983449457	4.0
B008HNAAES	2.0
B005P9FTFW	3.0
1586088807	4.0
B00B2GC1FI	4.0
1439175780	5.0
1844883094	4.0
1419956396	5.0
B00JELPVM8	4.0
B008OKM0Z6	5.0
B00GUNB9RO	5.0
B009RSF3WQ	5.0
B00H9MJL48	5.0
098397974X	3.0
B0031ESOBO	4.5
0991055802	3.0
B00JDJ9N0W	5.0
B005TLFA82	4.0
1626491321	4.333333333333333
B007HBHB9S	4.0
0758242174	4.0
1479390046	5.0
1939786096	5.0
0989438708	5.0
0985716908	5.0
B00JGGYWNK	4.0
1613721277	5.0
1484096762	4.5
B00G1OUT0A	5.0
B00FKNQF92	5.0
1613726961	4.0
B0055PTGYG	3.0
B00579IB78	5.0
1497587557	5.0
1626491313	5.0
0778313530	4.0
1416509887	3.0
1599988364	5.0
1477594965	2.0
193978607X	5.0
B00BCKNAI6	5.0
B00AKKN9US	5.0
1611188989	5.0
B00K13470U	5.0
1615817093	3.5
1495461424	5.0
1494418290	5.0
B00A70QDFY	3.0
0988695103	5.0
B0087KGNRE	4.0
B00CK6F6IS	5.0
B0085H0HEE	5.0
1605044075	5.0
B00AKKN9TY	4.333333333333333
1439175772	5.0
B00G625XCG	5.0
0988771373	4.0
B00ENRNF6C	5.0
1623802547	4.0
B00IA1QLKY	5.0
0307879496	4.0
B009K54QQK	3.0
B005Z1CGME	5.0
0988264269	5.0
1599982153	3.0
B003URRRRE	1.0
1493659472	5.0
B00BH4M45C	4.0
B00IZO08D2	5.0
B00J19Y93K	5.0
1908505516	3.0
B008BKSFWG	3.5
1615812261	4.8
1479277789	5.0
B00B6UFX82	5.0
B008ADTCDA	4.0
1402262124	5.0
B00B355ELG	4.0
B00I15YGB0	5.0
B00D89OG9G	4.0
160370616X	3.0
B00BSG4WG8	5.0
0312614780	5.0
1491269995	5.0
1494225093	5.0
161581793X	3.0
1499150555	5.0
0062317253	5.0
B00BLSR1KM	5.0
B005MRAGBY	5.0
1615813586	4.5
B00995FLGA	4.0
B00GD0TZIE	5.0
B00II4IHQ4	5.0
1613720785	4.5
1608208400	5.0
1402258070	4.0
147597843X	5.0
B00J7RWBPY	4.0
1599987872	4.0
1599987864	4.0
0985166339	5.0
0451238834	5.0
1599901609	5.0
1442486597	5.0
0857159844	5.0
1615817956	4.0
B008RSCS9S	5.0
1492940003	5.0
B003M5IP2A	4.0
B004W8DA30	4.666666666666667
B00KFXB2VI	3.0
1477458999	4.0
1442485280	5.0
0451233166	4.5
B00E2TMORW	3.0
1479376604	4.0
0451217098	5.0
B00GQCYYJY	1.0
0983449406	4.0
160592184X	5.0
B009CFWGNI	5.0
1623809193	4.5
0985166347	5.0
B00A9V2XFU	5.0
0425243966	4.0
B007FZJO5K	5.0
1479365963	4.0
B008RCIZUA	4.5
B004T5VSNU	1.0
B009DS2OH2	5.0
006166751X	4.0
0439023483	5.0
B00K48N8ZC	5.0
B00AM986QE	5.0
B004Z9XKZE	3.0
B007BBV884	4.0
B008H9295K	4.0
B00H3RUY8G	5.0
B007Y6WSUS	4.0
B003VWC0X4	4.0
0061667536	3.0
1933389192	5.0
B009YLRDQK	5.0
B00B0LP5F8	4.0
1492236837	5.0
B00KH4YEPG	5.0
B00F1IFM0E	4.0
1468082132	4.0
B005E8AMCY	4.0
B007S0CW24	5.0
B006CBFH22	5.0
1603815252	1.0
031612351X	4.0
1939392756	5.0
0451465695	4.0
B0030ZRWJO	4.0
B005T4DSEC	3.0
0061667528	4.0
0843951397	4.0
0758269277	5.0
0373777922	5.0
1451641850	5.0
B008GWT0ZK	4.0
1608208443	5.0
B009K5F4DY	3.0
B00CHYPGZ6	5.0
1456325922	5.0
B00BMAESB4	4.0
B00IWBT11I	5.0
1493514415	4.0
0989117375	5.0
1493797298	5.0
B00COU1A7G	4.0
B006XWYBTU	4.0
B00I15YGBU	4.0
149043013X	5.0
B00KUAMYUO	5.0
0982207700	3.0
B00D9SRRI8	5.0
B00FQ89RTG	4.0
B007D2S25I	1.0
B00E8NJHN6	5.0
1451641834	5.0
B00A45ZFQA	5.0
B009UVL9L4	4.0
B00C81G1OS	5.0
B00D4KN2ZI	4.0
1936653389	5.0
1482732858	5.0
1608202127	3.0
B00HSKMN5K	4.5
1477673296	5.0
B00DKHLB8K	5.0
B00HDFM5LM	5.0
B00HGX5ASQ	5.0
0312946716	4.0
B00H8BPN9W	5.0
B00GHXY81Q	3.0
1496148487	5.0
B00BGBTFSU	5.0
B0045JK476	2.0
1477473831	5.0
B005GFHQSS	4.0
B00IWTG7RG	5.0
0312533748	4.0
0425227952	5.0
031253373X	3.0
B00EDDC0NK	5.0
B005VTVTN2	3.0
1615814035	5.0
1623000254	5.0
1494289105	5.0
147826182X	5.0
B00ECZZRDO	5.0
B00KUYCEZK	5.0
B00KK6BREC	5.0
B00LQQSYYQ	5.0
145658894X	1.0
B00C6ZTNC8	5.0
B00IBK78BA	5.0
B00EYSHM3C	1.0
B00CFQJCOC	4.0
B00C4VFS2I	5.0
1476783284	5.0
B004RYVUY0	5.0
149915352X	4.5
1613721919	5.0
B00IGGZ4LU	4.0
161581972X	5.0
0312533713	4.0
B009B1JJM4	5.0
B00BP5FWPW	4.0
B00IOWGV36	5.0
B00J2CJVI4	5.0
1610345010	4.0
0451240197	5.0
014219672X	5.0
0425192792	2.0
1492828211	5.0
B00GK8N03A	5.0
0671024256	5.0
1484980662	5.0
1609280954	5.0
B00C6ZTNAU	5.0
0241970032	4.0
B0086POVJM	3.6666666666666665
1483918432	5.0
0312533721	3.0
0446566578	4.0
1610345002	4.0
B00BC254E2	5.0
B00JBC11P6	4.75
B00EVIXJSC	5.0
B00JL4USCQ	4.0
1620040808	4.0
B006SBC6KM	5.0
1937551806	4.5
B009CDWSW4	4.0
1490922288	5.0
B006QQLN80	4.0
042524752X	5.0
B00D9UKYJA	4.0
0989117316	4.8
B00IKGXWYC	5.0
B0088QRBIC	5.0
B00D0ZC6FE	5.0
B00734L8UW	5.0
1494407752	4.0
162380244X	5.0
B005S6KQMS	5.0
162482076X	5.0
B00CIZQPRC	1.0
B00A8NGHE2	5.0
B00IRD7BGI	4.0
B0051QKR92	5.0
0425247546	4.0
039916443X	5.0
B00AJS80UK	4.0
B00JTERARO	4.0
B005ESA382	5.0
B00DRFN4QC	5.0
B0064EIC9C	5.0
1482776472	5.0
0441020860	4.0
1608207870	4.0
0425240924	4.0
B00IQOFTEE	5.0
B007U1QKDI	5.0
1479257389	5.0
0399159096	5.0
147825954X	4.0
1491239395	1.0
1496025792	5.0
1489568859	4.0
1612184235	4.0
B00ELJQ8P2	4.666666666666667
1475159161	4.0
B003GIRD3A	4.0
1622417372	5.0
1480000108	5.0
B009MTO9UW	4.666666666666667
1609689011	5.0
B00A1OFMV2	5.0
1439188157	5.0
0062136275	4.0
1908766719	3.0
1451589840	5.0
B002WTCIWU	2.0
B00GG16OO8	5.0
0425247562	5.0
1623802482	4.8
B00ALD8UAS	5.0
B00EYM57HQ	4.0
B009RHX9SW	5.0
B00DK8AQ8K	5.0
1480154148	3.0
0425215903	5.0
B00CO8EDIG	4.0
B00663HCTM	4.5
B004K1F7US	3.0
B00IWTG7YY	4.0
1456450913	5.0
B00L74PFPS	4.0
1480255513	5.0
B008CGWMNC	4.0
B00AKI4IT6	3.0
B005K159H8	4.5
0451236092	4.0
1613721048	3.0
1615817158	5.0
1937551857	5.0
B00A22UVKU	4.0
B00CD36FS8	5.0
1608202992	3.0
B007SGFN0Q	4.0
B004S30GEA	4.0
B007UX8L1A	4.0
B00CHRXA24	4.0
B00KAQY6OA	4.5
B00E2YJYSY	5.0
B00GCG7JLE	5.0
B00189ZCY6	3.0
0758288255	4.0
B00CD36FVA	5.0
B00AEB5ECE	5.0
B00HUBG47A	4.0
1402283873	4.0
B00CSEHXQU	5.0
1613725434	5.0
B00AOP6E56	5.0
1490997873	5.0
0803494947	5.0
B00DV0XIBY	4.0
1573449296	4.0
1490971289	5.0
B003TO5GMQ	4.0
1476756503	5.0
0615939732	4.0
B00DQICAF6	5.0
B00FMIB7VQ	5.0
1468185527	5.0
B00HI9KDM6	5.0
0307245306	5.0
0425257797	4.0
B009AZ3M8S	4.0
B0058V1JXI	4.0
B00C4XBJME	5.0
1623806003	2.0
0989598438	5.0
1937551873	5.0
B006LM3490	5.0
0061336963	4.0
B00E5NATJA	4.0
B00LAK1BDY	5.0
B00BB1AU52	4.0
B0036OSBZ8	5.0
B00E1M6LCE	4.0
0989450201	5.0
B00EMSY41M	4.0
1492809128	5.0
1611249694	3.0
1463645813	5.0
B005ME7MPK	4.0
B00C6ZTNA0	4.0
1476718202	5.0
B00BEK71Q6	5.0
B0084GM96U	4.0
B00CUIK2G2	5.0
0985826304	5.0
1494430916	5.0
1606019635	5.0
B00H311XXC	5.0
0615511600	4.0
0451219538	1.0
B006NU4CJ6	5.0
0380753014	5.0
1596320486	4.0
B00KIDQHBU	5.0
1499535392	5.0
1402214405	4.0
077831703X	5.0
1586088998	3.0
1626490872	5.0
B00942WWLA	5.0
1934166685	5.0
B00501HUA2	4.0
B004YXMAWA	5.0
B0092V0P6M	3.0
0425223558	4.0
B00L5K18P0	4.0
141996593X	3.0
B00DJB6KE2	3.0
0989598454	5.0
1612130488	5.0
B00C51HBJ0	4.0
1416525858	5.0
1477849823	5.0
0373618662	3.0
1439166773	3.0
1484042778	4.0
B00CIYHL6C	5.0
B00KUXMZ8M	5.0
B00IPSM4ZS	5.0
B0068WL6E8	5.0
0441020011	5.0
B008IU9SSE	4.0
0615717217	5.0
1599983508	5.0
0373778589	5.0
B00DWAIKWU	4.0
0373732384	4.0
0425245772	5.0
B00D89OGDC	4.0
1469252228	5.0
B00JTJX3N4	5.0
B00AXTO1FS	5.0
B00KVLMPFQ	5.0
0451216482	5.0
B009Y89HJE	5.0
B0088GV9T4	5.0
0743456335	4.0
1606015249	4.0
B005MRA4L6	5.0
B00KYZYN90	1.0
B0030MQIRE	5.0
0425243125	4.0
B005QEA87A	4.0
B00HJZF38S	5.0
006108235X	5.0
B008VT4EMC	5.0
B004KPLBZY	5.0
1605044148	4.0
1490974377	5.0
1938404017	5.0
B00K5SW3Y8	5.0
B00E18WWXK	5.0
1619213621	4.0
B00J93RV5G	5.0
B009LD3FAY	5.0
B00IY2A9SY	5.0
B004BA530M	5.0
B00C9QYUF4	5.0
B00C74OXZK	4.0
B00KKPS23C	4.0
B00GIBSROG	5.0
B00FO6Q6R6	5.0
0061986399	4.0
B006I9GYZ2	5.0
1603703853	4.0
B008TSC2E2	5.0
B00EW5AX88	5.0
0615409148	5.0
B00B8SAFCG	5.0
B0067KLD3K	3.0
1626491240	5.0
1622415566	5.0
B00DXF190O	5.0
1615810595	5.0
B008Z5U09S	3.0
B00B8SAFCQ	3.0
1607377446	5.0
B007B6QRPS	5.0
B00EFPNV1G	3.0
B00BSBR0BW	4.0
B00BTMGBD8	5.0
1483917908	5.0
1619210576	4.0
B0094GCQFS	5.0
B00JLRNEL0	5.0
B004G5Z48S	1.0
0738721344	4.0
B006Y9YM9G	5.0
B00DUXS4Z2	5.0
098321252X	5.0
1496145437	5.0
B00DK43O7E	4.0
B0084ROGRE	5.0
B00B8SAFEY	5.0
B009NMYBAG	1.0
1490470042	5.0
140221085X	4.0
B0059UJBGK	4.0
B00LS3N4WY	5.0
B0070Y00M2	4.0
B00B8SAFEO	5.0
B00AQ49MN6	5.0
1481880136	4.0
B005HAPWM4	5.0
0062100203	5.0
B00GIAKQE6	5.0
B007L3WSOA	5.0
B002NOGFHS	5.0
B00A796ROM	5.0
B00L5K10HQ	5.0
1596328363	5.0
1419970585	5.0
B008JHQ67C	3.0
1482689553	5.0
B001Q9EC3U	5.0
B0035N1UV2	5.0
1484869346	5.0
1484070003	5.0
B00HQ28IWW	5.0
B00DAIUOYG	5.0
1613723784	5.0
1627982620	4.2
1934531812	4.0
1613726813	4.5
B003Z0D08G	3.0
1484807944	5.0
B005C5YZ86	5.0
B00816ZYBK	5.0
1480114065	5.0
B00CXFTSQW	4.0
125005236X	4.0
B00L5XKQUK	5.0
B00J9X55K4	4.0
B00C74WXG6	4.0
0989598403	5.0
0738733369	4.0
B008ACMLUC	4.0
B00HRJ35MW	5.0
1613725507	5.0
149753545X	5.0
0446555800	3.0
B00BW73VVU	5.0
1609283104	5.0
0758288271	4.0
B00KN7EAD8	4.333333333333333
1615810579	5.0
B00HR6BHPW	4.0
0425266745	5.0
B0088YXEM6	5.0
B006PVGZ0W	4.0
B0031TZBX8	4.0
1623808588	5.0
B006U0L4K4	5.0
B00FQ7O648	5.0
B00DRBGHO2	5.0
1495327515	5.0
B0095M6R7O	4.0
B00GSC82TK	5.0
1484966430	5.0
0451234340	5.0
B00FZVC0RU	2.0
098393410X	4.0
B00LLDYYIE	5.0
1483943348	5.0
1492265225	5.0
0983934126	5.0
1598160109	5.0
1420130048	5.0
B004HFRKMA	4.0
B00BHIBSAK	5.0
B00J75GWFG	5.0
1463655134	4.0
1601545339	5.0
1475094965	4.0
1489576479	5.0
0778314774	5.0
0515147001	4.0
B00JM1HPUQ	5.0
0971708967	5.0
B0070Y31PA	4.0
B00CP5LE1W	4.0
0765365669	4.0
B00BMM5LFY	4.0
B00L2XGIFU	4.0
0786020466	4.0
B00A9MYM4E	4.0
1493543016	5.0
B00L2FG1Y6	4.0
0345521250	4.0
1250005140	5.0
B004322FCM	4.0
1603134069	4.0
0985266384	5.0
1455575151	4.0
B008OYM5FC	4.0
B0087TFNAS	4.0
0380892847	4.0
B00H6EFD5U	5.0
0373776748	3.0
B004KKZ01K	3.0
0373797680	4.0
1419950967	5.0
1477517812	4.0
149033730X	5.0
B004GEAFEW	4.0
148008591X	5.0
156970886X	1.0
1494840812	4.0
B00C3OR32O	5.0
1250005124	5.0
1482676230	3.0
B003ZK55WU	4.5
0062085808	5.0
B00K3IQCQK	5.0
B00CTQTULI	5.0
B00IZR0FI2	4.5
B00E825INK	5.0
1463574126	5.0
0991467434	3.0
B00D89OGW8	5.0
B00KXJ637M	5.0
1477617140	2.5
1466268298	3.0
0615898742	5.0
0062024027	5.0
0739380338	5.0
1493600915	5.0
B00D749D1I	5.0
0983934177	4.0
0988348268	5.0
B008I517TC	4.5
B00BNDPQVG	2.0
B00AMOOHB2	5.0
B009KEXBC6	5.0
B007UQNDX8	4.0
1609283198	2.0
1491091673	4.0
0982729766	4.0
B00CV30Y14	4.0
1627980024	5.0
0983934142	4.0
B00KKYKWFE	5.0
B00JI129P6	5.0
B00AILH720	5.0
1250005116	5.0
0061808776	4.0
B00H16TW6Y	5.0
B003M5IQ88	5.0
B00HJTZJCE	5.0
B00IWUXUPM	5.0
1468053701	4.0
B00916MNM2	5.0
1615816712	5.0
0983934150	5.0
B00BD2PT8M	5.0
0373803362	5.0
1451621507	4.0
B005Y16IWO	2.0
B008PO6I3Q	5.0
B00FVPL9E0	4.0
0615457916	4.0
B00D0JKP6C	5.0
0984679456	4.0
B00DFNI2S6	4.0
0425245039	4.0
B00E1SDOFA	4.0
1619215004	5.0
B00AVNSAVC	5.0
1492775754	3.0
1934166510	4.0
B006XWY424	5.0
0425260674	5.0
0385743564	3.0
1484984927	5.0
1937223124	5.0
B0057WU6UU	4.0
0765328666	5.0
0758267614	5.0
B004NEVS7S	5.0
1934166529	5.0
1483918777	5.0
B004089F68	2.0
1491219416	5.0
B0076OCDVM	5.0
0758290888	5.0
B00FLZZJ00	5.0
B00DJQYAQW	4.0
1615819843	5.0
0425245047	3.0
0425238768	4.0
1455523224	5.0
1937551903	5.0
B00GN98BVC	4.0
0312552599	4.0
1618680382	4.0
0425258378	3.0
1491287594	5.0
B00JNHELLK	5.0
1456552430	5.0
1477483780	4.0
1615818529	5.0
1455523232	5.0
0812977823	5.0
0956998518	2.0
B00K48N6G8	5.0
B00CHUR1V2	5.0
1613726236	5.0
B00G4UH0XU	5.0
B00AHIKYIS	5.0
0891348689	5.0
B0031LJ556	2.0
B009HA6FXU	5.0
B00EANAGSE	5.0
B00FXW51EK	3.0
0425260682	5.0
B00JHOR29C	5.0
B00DSR6JZC	5.0
1419964585	5.0
B00DZTYDJM	5.0
1622662547	5.0
B00JBCFQOI	5.0
B009GKUCW6	5.0
B00FLKR9BW	4.0
B005IYFJ22	5.0
1606595660	5.0
B006ZBSC1W	5.0
1615814108	4.0
189206524X	4.0
B00J2XAC40	5.0
1618452665	3.0
B00A4AOMT6	5.0
B00579BHJW	4.5
B004LLIWPY	4.0
1613720955	4.0
1490543112	5.0
042524329X	3.0
B00CR09RRS	5.0
1479187925	5.0
B00BJB3X58	4.5
B00AVKVM8S	4.333333333333333
1416537325	1.0
0977426939	2.0
B00JJZTMGA	5.0
0989539113	5.0
1461197945	5.0
B00FIDEX2K	4.0
1482754118	4.0
B00KI3TEOM	3.0
1609288122	5.0
B00FN2JAKG	4.0
B008L2UTF0	4.0
1469992833	5.0
B0070MVAV4	4.0
B00GZ0T3IY	5.0
B00B08H1ZS	4.0
149298079X	5.0
B00C0ZVKHK	4.0
B009N90RRA	4.0
1937551954	5.0
1627982043	4.0
B00A6300OM	5.0
1615814140	5.0
1609289447	5.0
B001J4SYZO	5.0
1939276136	2.0
B00ADCTUQ0	5.0
1603701931	5.0
1480162310	5.0
1416537309	4.0
1455599271	5.0
1935192671	4.5
B002ZG8EJQ	5.0
B005F5PBNQ	5.0
1615818596	3.0
B009ZKSIIC	4.0
B004K1F0GO	4.0
B0088NGZWI	5.0
B00D6UP290	4.0
B004RJ9AK6	4.0
1933963808	4.0
B00DJQYAXK	5.0
B00J0CME2G	5.0
0786720409	5.0
1492286966	4.0
1608205916	5.0
B006NV4HT0	4.0
1623807204	5.0
B00A4CQXIM	5.0
1484817095	5.0
B00BX8IR94	4.5
B00AEDDSN4	5.0
1493788868	4.666666666666667
1419952552	3.0
161372442X	4.0
B00GCS4FCS	4.5
B00IFXQQNE	4.0
B00HV6MSEW	5.0
B00FOVKLTA	5.0
B00AWFHL7I	5.0
1480076678	5.0
1492375675	5.0
0857206931	5.0
B00H3R6TVC	5.0
B008HSMRF8	5.0
1419951238	5.0
B00CBFZUZ2	5.0
B007OWRB7W	4.0
B00KB0WYPS	4.0
1455574856	2.0
1626490309	5.0
B00GQ9IKCE	4.0
B00948Q3HI	4.0
0451229207	1.0
0671805843	5.0
B00L19CQQK	4.333333333333333
0991322207	5.0
B002DOSBOS	4.5
0880013516	3.0
0062302418	5.0
B00F0SDBLC	3.0
006230240X	5.0
B00EB323E8	5.0
1933389850	4.0
B00KTFGRPI	4.5
B0079N8J04	3.0
0991280717	4.75
B00L19CQPG	4.9
B007UVBGAA	5.0
1475158378	5.0
B00EP0COT6	4.0
B00FG65MU6	1.0
0988607964	5.0
0312552505	4.0
B00ECYFJC4	4.0
B00CH5AW18	4.0
B00A21Y2Y2	1.0
0545265355	5.0
B00AJD037S	4.0
1482528150	4.5
B00K36WKAO	5.0
B00HQRGQV2	5.0
B00I5CQ40K	4.5
1481067621	4.0
1586087312	4.0
B0088ETL96	2.0
B00H08N9YY	4.0
B00G708TTQ	5.0
B00DP1216M	3.0
B008JGWAPK	3.0
B0085A1GCI	5.0
B00J90EIIC	4.666666666666667
0373776020	5.0
B00KDI07NE	5.0
0952596490	1.0
B00EWLGOLW	5.0
B00DNMRWEY	3.0
1615818545	5.0
B0012W11D0	4.5
B00HJUNTR0	5.0
0671041312	5.0
0373803397	4.0
B00BTHPWOW	4.0
B00CTYBHT8	4.5
B005N99JFK	4.0
B00B1W7EXW	5.0
B009QX0KSE	5.0
B00851VXXO	4.0
0988607905	4.0
B00L19CR32	2.0
0758267657	5.0
B008LYHA5A	4.0
1495458881	5.0
B00C1UH10Y	3.0
B00AHU033W	5.0
1475138733	4.0
1627986499	3.0
1492201189	5.0
1608204642	5.0
1482009536	4.0
0062046934	5.0
1483906779	4.0
0060872985	4.0
B008JYCVW4	5.0
B006WW0212	5.0
1463698402	4.0
0399158952	4.0
B00JA0ZHUE	4.0
B004IEAAD6	5.0
B008PN1GXO	5.0
1586087320	4.0
0670024902	3.0
0312351666	5.0
1439136807	5.0
0897332997	5.0
1491072032	5.0
B00EZ4KO3A	5.0
B00FP1NHKE	4.0
1466381213	4.0
0758267630	5.0
B00BTIDW4S	5.0
1569702977	5.0
045123944X	4.0
1623808502	5.0
0989138607	5.0
B00B8XQKV6	5.0
B007SJVTRY	5.0
0440246113	5.0
1614956421	4.0
B004G08WO6	5.0
1495300315	5.0
0758204957	4.0
B004Z2I6HS	4.0
B004J4X0P0	4.0
1609280180	4.0
1426405413	5.0
1613720114	5.0
1843607514	5.0
B008NY559Q	5.0
1477808663	5.0
1607778661	4.0
B006DJSRIO	5.0
1613721447	1.0
B00JFLUJ3S	5.0
B007PSNQR4	4.0
B008TIQ1NK	4.0
0425221970	5.0
B00B5E0LHM	5.0
B009MA8QDM	4.5
B008OJV7B0	3.0
193453109X	5.0
1402245831	4.0
B003SX12D0	5.0
B00DQ4WFKA	4.0
1477808671	5.0
B00AFESAQC	5.0
1496133579	5.0
1937044491	5.0
B00B1HX63E	4.0
B00LGX4JKW	5.0
0349402965	4.0
1607374021	4.0
B0086G4GDC	3.0
1938701062	5.0
1482333139	5.0
B00IA9LMF0	4.0
1622429419	5.0
B00ISK58KG	5.0
1442476966	4.0
1419965921	4.0
0345373707	5.0
B00571KIA4	5.0
B00E1C8QUE	4.5
1939962315	5.0
1626490252	5.0
B007FEFD9M	4.0
1490521844	4.0
B00EX5PBGG	5.0
1451606826	5.0
B00KIWTJKM	5.0
B00BSD4AG8	5.0
B00IPL4AR0	5.0
1613724527	5.0
1590210557	5.0
B00HAPMAJ2	4.0
B009GKU2DU	5.0
1622414330	4.5
1623801818	3.5
0451236440	4.0
1615810668	5.0
B00322OPEU	5.0
0345546601	5.0
0525479961	4.0
B00AUYHX6U	3.0
B007V4D6IQ	3.0
B007P7HT2I	5.0
B00HFYQ346	5.0
0061136263	3.0
B00H49G09U	5.0
000752417X	4.0
1494388588	5.0
B005J0DVKC	5.0
B00CV30X8I	5.0
1863955763	5.0
B003UV8ZBW	3.0
B00GP0S2AO	5.0
1623804086	5.0
0983292507	4.0
042526114X	4.0
1620510510	4.0
B009JWLKEU	5.0
B00CV30X6U	5.0
B009BII09U	3.0
B00EA70E3C	5.0
1608201651	5.0
B005D4Y5LS	4.0
0060595833	5.0
0758271735	3.0
B00L73NIWQ	5.0
1481046675	5.0
B005T4XYK0	4.0
0996030719	5.0
0345546628	5.0
1607353164	4.0
034554661X	5.0
1482770148	5.0
147526805X	4.0
B00IN62OX4	5.0
1402245866	4.0
B00HLMSWLY	5.0
B007OC961Q	5.0
1463718497	4.0
1626491542	5.0
B0051QKQE8	5.0
1623807131	5.0
B0086XF6VQ	5.0
B00E1V5S7Y	4.0
1250041368	5.0
0425221997	4.0
B00960YQ46	4.0
B008U22T5E	5.0
B0088GX1UY	5.0
B009KOX5WC	5.0
0857154346	4.0
0758266383	4.0
0758261586	4.0
B00EGGIEVQ	5.0
160601465X	4.0
0989050858	5.0
B00IBZ4GVA	3.0
1455578312	4.0
1627980369	4.0
B00FCAZOHC	5.0
1482584212	5.0
B007HQ58CK	4.0
B00KDIXVIM	4.0
1937254372	4.0
1491276029	5.0
B0055OPM4U	5.0
B00BQMKC5O	4.0
B009RSFSRG	5.0
B009T87R6O	4.0
1940559995	4.0
B009U4MU1Y	5.0
1489535012	4.0
1605045985	4.5
B007ED610Y	4.0
1481083635	5.0
1480561142	4.0
1484865510	5.0
1623802326	5.0
042521785X	4.0
1613722729	5.0
144235948X	4.0
1484164210	5.0
B00HNXIW5W	5.0
161581552X	5.0
B007RCQ1O8	5.0
1551661799	2.0
0061969559	4.0
B005GVY46E	5.0
1610405129	5.0
B008R35ENU	5.0
B0062F5QGU	5.0
0373774222	5.0
0758261578	5.0
0062018957	5.0
0425241548	4.0
B00GQHCBI0	4.0
1495240231	4.0
0988436914	5.0
178116262X	4.0
B004KNWIWQ	5.0
B004WG5C8I	5.0
0062107534	5.0
B005078OLA	5.0
1615815546	5.0
B00HCHHP8Y	5.0
0976604507	5.0
B00HA5SBC2	4.666666666666667
B007XAFECY	5.0
B005NI9M44	4.0
1615813780	4.8
0857150855	4.0
1453774025	4.666666666666667
B00311JU9C	5.0
B00DKOEE6E	4.5
1627982116	5.0
1937044475	5.0
0451464133	5.0
B004TTWL00	4.5
B008RMAZSA	5.0
B00HTP1L7K	4.5
B009G9ZM2M	1.0
B007YJ3JV2	4.0
B00FCR3IV4	4.0
B00E3VTXJG	3.0
1466371080	4.0
B00947WLUC	5.0
B00F0SMM1C	5.0
1477576924	5.0
0373717695	5.0
B007UXDRMS	5.0
B00AMOODZM	5.0
0857157477	5.0
0980101883	5.0
B00J0LXXIQ	5.0
0380807270	2.0
1623804949	5.0
B00HSOHSQU	5.0
B00CJJ2314	5.0
B00CK55RJ2	3.5
B006XVD53O	5.0
0985739401	5.0
B005GI09IE	5.0
1595143947	5.0
B004XWFXXU	4.5
1476735247	4.0
B00D92G2VM	1.0
B00J5KO5AC	4.0
0373772467	5.0
1619215020	5.0
0981875262	5.0
B00KIZ6IPS	5.0
0425241505	5.0
0849943728	5.0
1613721420	5.0
0857150820	5.0
B008IT6KWM	5.0
B00BWDUTD2	5.0
B00K5ZBYAU	4.0
1627984747	4.0
B00D4KMZHY	5.0
B001Q3LAAE	5.0
B00EDDBT9G	5.0
1481711164	5.0
1615815503	5.0
B004V49L24	4.0
B006GHBSA2	5.0
B00JJ64B6U	5.0
1481205072	4.5
B00AMUZS3W	5.0
1925180077	5.0
B00IO545WM	5.0
B004QGYE5Q	5.0
B00F2NX6ZG	5.0
1623806631	4.0
1937223000	5.0
B003SX124E	5.0
0758263139	4.0
B005EN6A9S	5.0
B0062NJ60Y	5.0
1480278807	5.0
1623802261	4.0
0758285388	5.0
B00CK52XOE	4.0
B008O53UZ0	4.0
B00KZQ2HYQ	5.0
B00JIESAUQ	5.0
B00AQL4GFI	5.0
1439152802	5.0
B00CO1JPIG	5.0
B00L1R3OS6	2.0
B00E7XUGM8	5.0
B00A8PL3U8	4.5
1482658143	5.0
B00GUS46Z6	5.0
B00ADEPO36	5.0
0743405897	4.0
1603708421	5.0
B006P9M5KI	5.0
B00DW0GTGE	5.0
B00EV6JP6E	4.0
0385742118	4.0
1497559979	5.0
1612480128	5.0
B00D4KM6EQ	3.5
B00GQZDJME	5.0
B00K4YX0S6	4.6
0515141402	4.0
1627980199	5.0
161581731X	4.0
0758263112	5.0
1439190275	5.0
B00D67P978	5.0
B00E7IWEFU	5.0
1615815562	5.0
1494839245	5.0
1420129783	5.0
B00FH076RI	4.666666666666667
B00DEKXQ04	5.0
149275160X	4.0
1402267169	4.0
0062107518	4.0
0062136003	4.0
B00C4X562S	5.0
0425259765	5.0
B009ZCA21Q	3.0
1492109568	4.0
B00ASBYU6Q	5.0
B00C0U5ZIK	4.0
1609282957	4.0
B00G3SE2SE	4.0
1455503746	5.0
0425266044	5.0
0425245128	5.0
0615925766	5.0
B0030CMJCW	4.0
1481020838	5.0
145550372X	5.0
B00KI25SC0	4.0
1482569671	1.0
B00I2SWC1C	5.0
B00DTDGJ64	4.0
B00JS2FJTI	5.0
B00CAD8BEC	5.0
B00F8LQ1JK	4.0
B00EOKKVG0	5.0
1940559901	4.0
B00F1R0RWI	4.0
1453720030	4.0
1613726171	5.0
0989311287	5.0
B00I7UTS3A	5.0
B00IT4QLOI	4.0
B00LD413BW	5.0
B008IXE5DO	4.0
B00JAAQ0EG	4.5
B00BALT7KM	5.0
B00GKNFSSU	5.0
1492237868	5.0
1608208958	4.5
045146379X	4.0
1603708456	4.0
160820894X	5.0
B00DH3ANTK	5.0
0451239350	4.5
147670600X	5.0
B0088ENQYM	4.0
193722306X	5.0
B00JI12A3W	5.0
B005F1QU1C	5.0
1933389958	4.0
1478380101	5.0
B00CDAXAT8	5.0
1494473844	1.0
1612354416	4.0
B00BX6ICSC	5.0
B00K8HKI8O	4.0
B008YQJDNM	2.0
0399158812	5.0
B007RXA1Y8	4.0
0425234436	3.0
0988823527	4.0
B005S6LEWO	5.0
1463788363	5.0
1483959139	5.0
0957496184	5.0
B00HP1JYPY	5.0
146117452X	4.0
B005QBW3FI	5.0
B00J95D16W	4.5
1937223086	5.0
B00JVSP3YA	5.0
B00H8I2GKY	4.0
097718661X	5.0
B00E2Q43W4	4.0
B00D0NJKXC	3.0
156512250X	5.0
1935597760	3.0
1623805376	4.5
B004V49BLU	4.0
B007N4ENVI	5.0
1492247227	3.0
B007E5TS66	5.0
0062046853	4.0
B00887PZHK	4.0
B00BSZTPAM	3.0
1623807107	5.0
1595143068	5.0
162380406X	4.0
B00F2XZC08	5.0
B00J1LBZJY	5.0
B00LPRYW7O	5.0
1490916636	5.0
B004U7FDN8	5.0
0345549015	5.0
B003UBTYU8	4.0
1484829174	5.0
B00CHTJK58	5.0
B00DUJV9OO	3.0
B00HP1JYRC	5.0
B00908HZ8S	5.0
0615731317	4.0
1419956825	5.0
B0089XD8TU	4.0
1615810773	2.0
B00I0MQ4PU	5.0
1479352160	4.0
1937223035	5.0
161372568X	4.5
1608201473	4.0
B00KC7YWKU	5.0
1402282729	4.0
1615810706	5.0
1622410122	4.0
B005V336EI	4.0
B009BIOK3K	5.0
0345538390	4.0
0373776128	4.0
1623806658	4.666666666666667
B00LSS3YSI	5.0
0743293991	5.0
B00BKZGPD0	4.0
1419970291	5.0
1623804000	5.0
1453725776	5.0
1620072637	3.0
B00FIL335A	5.0
B00CZDVRR0	5.0
B00HP1JZ5I	4.0
B00DK42O5C	4.0
B00IY8MUWG	4.0
145387674X	5.0
B005VFXAOC	4.0
B00BYFA1LS	5.0
B00387FDF4	4.0
B00IEO2ISG	4.666666666666667
1402268432	5.0
B00K08STYG	5.0
0399165126	5.0
0988391317	5.0
162380535X	5.0
B0095WD3KI	4.0
B008GWOGF4	5.0
B0043M4SAY	3.0
1622411439	5.0
1478165189	4.0
1460965140	4.0
B00I6ZS6IE	5.0
B00I1HVTZO	3.0
0385346433	4.0
1467973270	4.5
B00FGUIA2E	3.0
B0073V061M	4.0
B00E6RNLM2	4.0
B00948KJIW	5.0
B00DK42O5W	5.0
1611941695	4.0
0373777426	3.0
1602021678	4.0
0425226085	5.0
006204690X	3.0
0765331268	3.0
1620612585	4.0
B00EFBDYUS	4.0
B0030MQJVY	3.0
B0092GV6FQ	1.0
B00KJLJYBG	5.0
B005QC6FKG	5.0
B00CYSLJVK	1.0
B005CWJK8E	5.0
B00E4TD08C	4.0
B00DDVMENO	4.0
B0046A9Q7S	4.0
045122437X	3.0
B00J9111FE	4.666666666666667
1481229958	5.0
1609285980	5.0
0451467302	5.0
1626491488	5.0
0451417054	3.0
075826934X	5.0
0451467310	4.0
B00CQOP5HG	5.0
1605047880	4.0
B0028TXRIS	5.0
1623801753	5.0
B007OWO0YO	4.5
1934861855	2.0
1627401172	3.0
1609285972	5.0
B00HI9K4TS	5.0
B006VD5I2K	5.0
B004X6UFGG	3.0
B0054H1I7S	4.5
159883200X	4.0
1939661188	5.0
0823099202	5.0
0425219763	5.0
1480246433	4.0
B0038NN38W	5.0
B00CCDSPIM	5.0
0399158758	5.0
0983983704	5.0
B00KBE4WXQ	4.0
1627985093	5.0
B00E357D6W	4.0
0615825524	5.0
1402268408	5.0
1612178561	5.0
B007G97S7G	5.0
B002V1H2ES	4.0
1481133489	2.0
0758232071	4.0
B00J82ZOFC	5.0
B00AS0EU5I	5.0
0062107496	5.0
1843608995	5.0
B005ZJ4TX0	4.0
B007XZRW6A	4.0
1442408928	5.0
B00GTVCXG8	4.0
1905297319	5.0
B00DB3ZBQQ	5.0
B0095JX7DY	4.5
B00GOHU1TI	5.0
1476741182	5.0
B00KHAXWX0	5.0
1494444410	1.0
B00BTIDOO6	5.0
B0087GUGMG	3.5
B00E9BMHLG	4.0
0765365472	3.0
0062121790	3.0
1615819118	5.0
B008E76D48	4.0
B004YWQK1S	2.0
B00AQNPV0K	5.0
0345501098	4.0
B006Z0HT3K	4.0
B0041VXCWC	4.0
B00IBLBAGS	5.0
1626491445	4.0
1451671997	5.0
B00FCK8Z2S	5.0
B00A2ZUPVC	5.0
1615813829	4.25
099145703X	4.5
1492297429	4.0
B004HZXHOA	5.0
034553039X	3.0
1451671989	5.0
B00GTVCXHW	5.0
1482610248	5.0
B00ITUOM98	5.0
B00B88KGVQ	4.5
B00G8U22XY	5.0
B00DD88VJI	4.0
B00BQLS8FQ	3.0
1939661145	5.0
B00A0DAHXW	4.0
148397829X	5.0
1627981527	5.0
161581079X	5.0
B005HIL52M	3.0
B00JPQ5OG0	5.0
0425241696	5.0
0615731244	2.0
B003VS0F76	4.0
B00E3W7LSK	5.0
B00BL77PKO	5.0
1494925613	5.0
B00ANFPPAW	5.0
B00HS4GFE6	5.0
1490467912	4.0
1613725744	5.0
0425251012	4.0
0765348918	2.0
B00HZCZG00	5.0
1623005329	3.0
B00GSWF888	5.0
B00EIJ8FLK	4.0
1451533969	4.0
0425243400	5.0
0739331191	5.0
0985323604	5.0
B00I15VKRI	4.0
0061794716	4.0
0988363216	5.0
0345544110	4.0
B00I4C9DR2	4.0
B00GTVCXK4	4.666666666666667
0804136866	5.0
B00DP121BC	4.0
1419958658	4.0
B00EN2XD8C	5.0
B005OYJU3U	4.0
161581695X	4.0
B00K9R4MIU	4.0
0985059176	5.0
0373776985	2.0
1613720874	4.8
1555839665	5.0
B004UHYPZK	5.0
1470095238	5.0
0758285426	4.0
B004Y5MWZI	5.0
B00814M37U	4.0
B00JDLFHRI	5.0
B00501HIUO	5.0
160928206X	5.0
0571280536	3.0
B008239R6A	3.0
0758273444	4.5
0957544324	4.0
B005VQUI7S	4.0
0061794732	5.0
B00FB1NPN2	2.0
0984499350	3.0
1623803535	4.5
075828540X	5.0
B00GXKWCWA	5.0
1934531146	5.0
006226768X	5.0
1494875713	5.0
0307931900	5.0
B00GM42DEE	5.0
B00534M236	5.0
0988363232	5.0
B003FSTL54	5.0
B00I15VL0O	5.0
1461142148	4.5
B0054GYBWI	5.0
1492164429	5.0
B00J7GYWNY	5.0
B00I15VL0Y	5.0
B007IP3VM4	4.0
B002UNN7X2	1.0
B008MH30ZU	5.0
1468198149	4.0
140225153X	5.0
0061794708	4.0
B00L3GKTZ6	5.0
B00FFROJFA	3.0
B005XBLS70	4.0
B00EFBDYNK	4.0
145639505X	1.0
B00DJQYBMA	4.0
B00FB0SLQO	5.0
0985059168	5.0
B00CK5I1H2	4.0
0425242994	4.0
1843600196	5.0
1484802039	5.0
1490349529	4.0
B003HS4ZRQ	2.0
1611942101	5.0
B00H130UTK	5.0
B00DV8TZ5O	5.0
B00CCH4WKI	2.0
1463600232	5.0
B008R08QSS	3.0
B00EQC7HJK	4.0
B003K16TME	5.0
B00I15VL86	4.0
B00G3T4E5Y	4.0
1493616269	5.0
B00BRGBFIM	5.0
B00DFFIKT0	4.0
B005NTW8SU	4.0
B00F7SOBRS	5.0
1469237318	5.0
0957544375	5.0
B00CGFEJ1I	4.0
B00AV0GO2W	4.0
1615813896	5.0
1478244399	5.0
141996755X	3.0
1477807411	4.0
1471133567	5.0
0425270173	5.0
0615748996	5.0
B00ERAPWDO	5.0
B00CSGZ4KA	5.0
1475082797	4.0
B001IP0UVA	4.5
0982991363	5.0
0983983739	4.0
1938426495	5.0
B00DPSH0XE	4.0
1493709232	3.0
B00H3LM7UA	5.0
1406330396	5.0
0778314103	5.0
1482027402	5.0
B006PFTNR0	5.0
B00B8UBC8A	4.0
B00KEPUW8G	5.0
1627980261	5.0
B00K2NT2MW	3.0
1936279967	5.0
0615886523	1.0
B007KR4OYY	2.0
B006M3F072	4.0
B0038YXCWS	4.0
1595783938	4.333333333333333
0345476425	5.0
0684829916	5.0
1611099366	5.0
1479209139	5.0
1613723962	5.0
1481939904	3.0
B00CGFEIM8	4.0
1402292090	5.0
B00B9DW4LU	4.0
0425254925	5.0
B0046ZRNEG	4.0
B00EYJ2LGY	3.0
B007OVUJ0O	5.0
B002V1H2JS	4.0
B005GFBQWU	4.0
B00LC9KZNK	5.0
1623800463	4.0
1439195870	5.0
B007892KEU	3.0
1420109855	4.0
B00ASOWT8Y	5.0
B00LJJX8KU	5.0
0141040343	4.0
B00FEXXJ2E	4.0
B00HPYKTKK	3.0
B00BN3042M	5.0
B004KAAY5M	3.0
1596323272	4.0
B004MPRAG6	5.0
1481807986	5.0
1613725124	4.6
1490337016	5.0
0062090062	5.0
B00D62G2QA	3.0
B0073HW6FA	5.0
0515151556	5.0
1612130976	5.0
B00BCRURI0	4.0
B008CLZKRC	5.0
B00F5I6B7I	5.0
B00IBM499W	5.0
B006QBQ5TM	1.0
B00IO4JNA2	4.0
0062267728	4.0
1627986618	4.5
0373717903	5.0
B002KFD0VY	5.0
B005GKZKHM	5.0
1495397130	5.0
B00FBF4XRK	5.0
B00JQDHIES	5.0
B009BPUZOG	5.0
1481070142	4.0
B00DEK1THQ	4.0
B000VKVZQM	5.0
B002JGZAT4	3.0
B00AQ37IXS	4.0
B006K1AWD8	5.0
0380896931	2.0
1609530896	3.5
B00436EZGC	4.0
B0086WCFN4	5.0
B00D4KAKUI	4.0
B00ITZ0SQO	4.0
1419963015	2.0
B00436EZGM	4.0
1599982595	5.0
1605041475	2.0
1492750654	4.0
B00DP647BE	5.0
1492747009	5.0
B004E9U5YE	4.0
0425269205	5.0
1611183626	5.0
1580174248	5.0
160928173X	4.5
1439102430	4.0
B005P9F5Y2	4.0
B002BY77OA	5.0
B00DXJLKB8	4.0
B0091I2S3Y	5.0
B00DMNQDUI	4.0
B006I2RN9U	4.0
B00GZDANOE	5.0
0373885490	4.0
1608208818	4.0
B007RXA2WY	4.0
B00JCCUQK6	1.0
1490393188	5.0
B00DD30P2O	5.0
B00CWFLEOW	3.0
1490487190	4.0
1470005867	4.25
1440558272	5.0
1940601010	4.0
B002FK3TZQ	3.0
B00CAFQFKW	5.0
B005GQ7JHA	5.0
0425246582	5.0
0451176464	3.0
1499526199	5.0
B00K6PXFN8	5.0
B00E2Q42WK	4.0
0425263916	4.0
1892065053	4.0
0515154636	5.0
1432742132	5.0
0062064614	4.0
B0088UZN9C	4.0
1771551070	5.0
B00GJ4NMH4	4.0
B00DT74XFY	5.0
B00BV9J6BI	3.0
0062064622	3.0
1494386631	4.8
B00I5SPOBY	4.0
1625010095	4.0
1402280467	4.0
1463513461	4.0
1609688899	5.0
B00DXIFORA	4.0
0061964409	5.0
0307932583	4.0
1402271514	4.5
B00748O78C	3.0
1481836447	4.0
B007R5Q2Q2	5.0
B00EBRUBBG	4.0
1419953656	4.0
0758241283	4.0
0451229444	5.0
B00C74YPTE	4.0
1615810870	4.0
1623806585	3.5
B006UTQ9UA	5.0
0061964417	3.0
146102014X	5.0
B00IYG08J0	5.0
0992710308	4.0
B0082ZE4R0	5.0
1475206313	5.0
0758265247	5.0
0758220375	5.0
B007XCDR6C	5.0
0553296043	3.0
B00C4E1F3Q	4.0
1609281764	5.0
160272766X	5.0
1423101456	5.0
B00H23TM0W	5.0
B00B6JFKNG	4.0
B00AL4EUWY	5.0
B00AFP3296	4.0
B00CYO8TO4	5.0
B006WSQDGY	5.0
B00HHCA47I	4.0
147674355X	5.0
1479156558	5.0
0062025805	4.0
B009FWZ31A	4.0
1615813926	5.0
1612131433	4.5
159477269X	5.0
B005Z1C2X2	4.0
B007B86BWA	4.0
1627984097	5.0
B003TFEPKE	3.0
1613727755	5.0
B006QZJ4BO	3.0
B00FFDTW42	4.0
B00GO3HQE0	5.0
1626810923	2.0
0758265220	5.0
B00DW47I8I	4.0
1603702180	3.0
B005KN837Y	5.0
1627401717	5.0
B00JS2NHNS	5.0
B005JKER8M	2.0
0979504821	5.0
1606597205	4.25
0373210582	5.0
0263860566	3.0
B008S2DLO4	4.0
1623807867	5.0
1466220678	4.0
B009L9F2LS	4.5
1481193511	2.0
1935192809	5.0
B00I15VKGE	3.0
1613722060	4.5
1569701865	5.0
B00BURQ5WO	5.0
B00FF17PWU	3.0
B00J5J99U4	4.0
1627620516	5.0
161109884X	5.0
B00FB7HIWA	4.0
1483946193	5.0
0062273574	4.0
1493759256	4.5
B006UAU04K	4.0
B00GWUHTOW	4.0
1586088424	4.0
B0044KMP78	5.0
B0054LX3C2	4.75
1478179473	4.0
B00F2SYWOU	5.0
B00DDXKA1U	5.0
B00G1M18CK	3.0
1491272201	5.0
B00HPBZS4U	4.0
B0063H63KA	5.0
1619219182	5.0
B008IMRH4O	5.0
193755130X	5.0
B0062QD68O	5.0
162242350X	5.0
B00AQUMJDU	3.0
B00CBPPSPE	4.0
1935192833	4.5
B00D7EJL9C	3.0
1482547929	5.0
1615810854	5.0
B00EUBGT7I	5.0
B00JYEEE9G	5.0
1605040908	5.0
0142419745	2.0
1402264372	4.0
1608206289	4.0
1484069560	4.0
B0091GZ1GC	5.0
B00LJ35F9I	5.0
B003N3V61S	5.0
B00BC24MF4	5.0
0595385125	4.0
B00HN9G1BS	3.0
B00DK42O6Q	4.0
1466464755	5.0
B00GEDUD3G	4.0
B00DW7VI7M	5.0
B00DK42NWG	4.0
1451693486	4.0
B00BAYS67E	5.0
1627980539	3.0
0981737285	5.0
1626941408	4.0
1490383700	5.0
B00GKUYJ2O	5.0
1420124579	4.0
1439109826	5.0
B006OHEHSO	3.0
B00CCRMVII	4.0
0316060194	5.0
B005PG4Q18	4.0
B00HYQJPC2	5.0
1466394307	5.0
0743446607	5.0
1492973327	5.0
B005BSZ3AS	3.0
1420124587	5.0
B00E8FOLUI	4.0
1605043192	4.666666666666667
B004UH7Z7U	1.0
1470040220	4.0
1627987150	4.5
B00B1V1A6U	4.0
B00DK42O8Y	5.0
0061963119	4.0
B0080S6NGE	5.0
B0070Y3GR8	4.0
1477807594	4.0
1627980512	5.0
1623809592	4.0
B00HCQBGIA	5.0
0425263150	5.0
B006OO7OJ6	5.0
B00GDHYVYK	4.0
1494282011	5.0
B00CQY9F7M	4.0
1479215090	5.0
0299283402	5.0
1492121169	5.0
0778313999	5.0
B005F69LYK	4.0
B009D59XOM	4.0
B00EBRKWEC	4.0
1477418474	4.0
B00L893A7M	4.0
0307932540	5.0
B00HFWL6AY	5.0
1402264348	4.0
B00JUCHUMK	5.0
1482509636	4.0
B00BC24MBI	5.0
B0039LDIGA	4.0
1613724756	5.0
1479348988	5.0
B0086F6V6S	5.0
1626490473	5.0
B005MJTRL2	5.0
B0095WL04E	1.0
0062079646	3.0
1623004136	4.0
B00IMIU8UY	4.0
159990554X	5.0
B00BIJ05F2	5.0
B00GWUHTGU	3.0
1490940499	5.0
B005OC5QXK	5.0
B00BC24MCC	4.0
1627981888	5.0
B00IE4QU7Q	5.0
B00737IJZQ	5.0
B006OO7OE6	3.0
1451661819	4.0
B00DQDB0L6	5.0
074325032X	4.0
0425264459	4.0
B00CO8WFBS	3.0
1623802911	3.0
B00CB1OO6C	5.0
B00CHP64IS	5.0
1495377466	5.0
B00D5FTBIE	5.0
1420124560	5.0
B007Q2X76Y	5.0
B007BK45N0	5.0
0452266637	4.0
1456492411	4.0
0606262520	5.0
0996009914	5.0
B003XNTZMA	4.0
B00E8FOLRG	4.0
1623805198	4.0
B005V24MBU	3.0
160272816X	4.0
295248998X	5.0
B00BX853GY	5.0
B00CGFGRWM	4.0
1613170300	5.0
B00EQANHJ6	4.333333333333333
B0064CLU0C	4.0
149477920X	4.5
0345532244	4.0
1606951033	5.0
0758205643	5.0
0989854906	4.0
0425220818	5.0
1623220734	4.0
B00EW9HWJM	5.0
B009KE89N2	5.0
B003E6M758	3.0
B00IGYE3BE	2.0
B00DG8K9JA	4.0
B005F0EN1M	5.0
B00AED1QRO	4.0
B003TLMKQE	5.0
1470131439	4.0
B00AVVDFGO	5.0
B00H5HSRBK	5.0
1610261399	5.0
B009CE4TG6	5.0
B00GXSL16U	5.0
B007EE56AY	4.0
B007B86BDE	2.0
1937909557	4.5
1469956543	4.0
0578122596	5.0
B00FV95TO2	5.0
B00CXYP3DU	5.0
B007K3D4CQ	5.0
B00IGBGADQ	4.0
1623220750	5.0
B00KPEW1XA	4.0
1250008530	4.0
1608208885	5.0
0316081051	5.0
1599985691	5.0
B00IM4RLQC	5.0
B00DXJOD8A	4.0
1937265617	5.0
0989854922	5.0
1402277628	4.0
B00KZ17RVE	4.0
B009C8E95I	4.0
145646132X	3.0
B006VFGAKM	4.0
B00AM0FREM	5.0
0615817882	3.0
B00J1ROOZU	5.0
1492976423	5.0
1480539465	4.0
B00B6ZBANO	4.0
B00K7UZB0W	4.0
1480217840	5.0
0345532260	5.0
B00IBL4PUQ	5.0
1612130917	4.0
B00ID8MAFY	4.0
1490412727	5.0
B00HK4E794	5.0
B00BWVY1R4	4.0
0764110306	4.0
1614950008	3.0
155410663X	5.0
B00413PIVI	4.0
B005S6LHRQ	5.0
B007OWFE76	5.0
B008IXPAGA	4.5
1482015560	3.0
1470033917	4.0
B006J7JS7O	4.0
0312569963	4.0
B009QBHBZ6	3.0
0446584606	4.0
B00BGCPYDE	4.0
B0055UZPTG	5.0
0062002325	3.0
1484955471	5.0
B004TNIXYY	4.0
B00D7FX65G	4.0
1420130390	2.0
B00520IDD4	5.0
B005Q13HO4	4.666666666666667
1495373959	5.0
B00954GKH4	4.0
1612184758	4.0
B00AGGKQ16	5.0
1496101391	5.0
B0032UDTW6	4.0
0446584614	4.0
1478132744	5.0
1592407285	5.0
1456463969	5.0
B00IMP3N86	5.0
1601548788	5.0
1596327537	5.0
0758225229	4.0
B00JFK9LSI	4.0
0843944641	3.0
B00JMXYYXK	5.0
B00EL20B7A	4.0
B00BINBCBE	4.0
B006UIUISU	5.0
B00CWEQ0K6	4.0
B009OMHGPM	4.0
0425263991	5.0
0615900305	5.0
B0090R7DPE	5.0
0989465004	5.0
B00JZC2LV0	5.0
B007OALZAI	5.0
1623220572	5.0
1627982159	5.0
1419969951	5.0
1596328835	5.0
1934531448	5.0
0980101867	4.0
B00KP8FDPY	5.0
B00530FDOA	5.0
147522186X	5.0
B00B2F3W0W	5.0
0758266405	5.0
0312552483	5.0
098562776X	5.0
0615489621	5.0
B00BRTUSYQ	5.0
1613727674	4.5
0312552491	5.0
0373778198	5.0
B0038089TI	4.0
0451413237	5.0
1609284089	5.0
B00C30TKNS	4.5
1494464756	4.5
1608204324	3.0
1477593039	4.0
1613725043	5.0
B00BLU1E4O	4.0
1461099161	5.0
1609288440	5.0
B00IV29KDW	4.0
B005S6L6OU	5.0
1489570799	5.0
0306820838	5.0
B00DJL3CP2	4.0
B0053GKSE4	5.0
0451464850	5.0
B00AV34P9S	4.0
1937698971	5.0
147825999X	5.0
B00LC9L282	4.0
1250035333	3.0
1623803373	4.0
B008F9K47M	4.5
B009OXOAK0	5.0
B00F5HR7J0	5.0
B005C65X18	5.0
B00AMQWFOG	5.0
1937053229	5.0
B00JQWZOOU	4.0
1611183758	3.0
1623804647	5.0
B00G9QP6DU	5.0
B00BVL9F44	4.0
042523469X	3.0
B007BBV5K0	4.0
B00AU1TVWW	3.0
B00AV07RAK	4.0
0441019412	4.0
B00JLTV52S	3.0
061578139X	5.0
B00CGWHXFK	3.5
B006RLV4RO	4.0
B0054S4KZE	5.0
B008MOOXR2	4.0
B008UW93SU	5.0
0991379632	5.0
B005JFROEG	5.0
1402214006	4.0
0373803435	5.0
1627986545	5.0
B00IX9I1WE	2.0
B005X1SHQU	4.0
B00EQM5AOE	3.0
1480025852	4.0
B00IRBXJNE	5.0
B00I9O34Q6	5.0
1623800285	4.333333333333333
030758836X	4.0
1475044275	4.0
0615771106	5.0
B006N5V71M	5.0
B00L8BXPZC	4.5
B0082B3DXA	4.333333333333333
B00C4U6MOC	4.666666666666667
B006ZC5OE4	5.0
0545509890	5.0
B00HZCYVB0	5.0
B00FMRSIQE	3.0
B00BPG4LZS	5.0
B00DQBOB0A	5.0
B004LDL6H8	5.0
B008N5TI66	4.0
B00JIANQIQ	4.0
B003TU271I	5.0
0977329666	5.0
0425257355	5.0
0062267884	5.0
B00H1XZU0Y	5.0
1481859242	4.0
B002T45W30	5.0
B00CGOGUW0	3.0
B00CC68G9M	4.0
1605040274	5.0
B007FEFCD4	5.0
1609287142	2.0
B007NUVFN6	5.0
1623803330	5.0
1419957953	3.0
B0070QD6D0	5.0
1420125141	5.0
B005ELQR9S	5.0
B00BEJCPBI	4.0
B00IMIU89U	3.0
B009UVK28U	5.0
B008KGSY7W	4.0
B00KLDXEGS	4.0
0671685635	5.0
B00BZ1QHRI	4.0
1608209148	4.0
0062115731	4.0
B004NNVDK6	5.0
B007Y09UDW	4.0
B00BZ1QHRS	4.0
148494769X	4.0
031603777X	5.0
1618859072	1.0
1489580174	5.0
1622410394	2.0
0062059939	4.0
B0040JHZI2	4.0
B00CVNRWUA	5.0
B00L5IWGY4	4.0
B00KI6HM02	5.0
1476716080	4.0
1935560239	5.0
B0065R9UF8	1.0
1623809517	5.0
0345525299	5.0
B00BJ4XEJU	5.0
1627985247	4.0
B0092E41NC	4.5
B00IMUG0GI	4.5
B00CQECA1K	5.0
B00AU1TVYA	5.0
B00J9U982S	5.0
0062022644	4.0
0778316173	5.0
B00DP7UCG2	5.0
B005IZUXXQ	3.0
B003VIWUHY	5.0
1478357576	4.0
0984916253	5.0
B009V36VYQ	4.0
0316037761	4.0
B009D4T3EI	1.0
B00IMEYM2S	5.0
B00A8H0UPA	5.0
161372456X	3.5
0373837682	4.0
0984692363	4.0
1451657889	5.0
0312186754	4.0
142012515X	4.0
B003Z9K3GO	4.0
B00K804WP6	4.0
1935540653	4.0
1494754835	4.0
B005BJTZRO	4.0
162380647X	5.0
B00GLGZS0O	5.0
0982607865	4.0
0425235955	4.0
0373696655	4.0
0985070617	5.0
1608201236	5.0
B009R4QY7S	4.0
B0058JVQ38	5.0
B00JYYM6NC	5.0
B005NWMIP0	5.0
0425267547	5.0
0451415000	5.0
0986023833	4.0
B008EXNMZA	5.0
1494807017	5.0
B005KSL0LU	5.0
B00II0Z482	3.0
1849835292	4.0
B00CC68FMK	4.5
B00BPHFKAC	4.333333333333333
B00GBGVPQU	5.0
0062022636	4.0
1616501197	4.0
B00757IEQ8	5.0
B00DT5FHGA	5.0
B009F4LQUU	4.0
B00882GFR4	4.0
B004Q3RKR8	4.0
B008S2A1CE	3.0
B00EO5LOC0	5.0
1466202904	3.0
B009K5GSOI	4.0
0345533712	5.0
B00C4BA44K	4.5
B00K5RU7XS	4.0
B003T9US5Q	4.0
098491627X	5.0
B00H6DAPH2	5.0
B00II0Z49G	5.0
0988208415	3.0
B00KI9H1FU	4.0
1477266836	5.0
1627985271	4.0
B00ARFCE16	5.0
B00H8XT2T2	5.0
161372327X	4.0
1605042854	4.0
B00B55INOO	5.0
1420125125	3.0
B00IBDKQIO	5.0
B00F942VQI	4.0
1613723296	4.666666666666667
B00C5TOCTE	4.0
1615810978	5.0
1575665956	5.0
1492928984	5.0
B00LLKI2N0	5.0
1595144129	5.0
0996037004	5.0
B008K2X9V2	4.0
0809557770	5.0
1477805028	5.0
1613724608	4.9
B00FDKY6W0	5.0
1461099935	5.0
1476732027	4.0
B005DI9TGK	5.0
1927454824	5.0
B0067MYS3U	5.0
1402297181	4.0
0985589981	5.0
B004QWZGMK	5.0
B008HLH5UW	5.0
B006ZBSCFS	4.0
B00GHXJZSM	5.0
B00HLME45W	5.0
1420103741	3.0
B00JTNT4MO	5.0
0991127390	5.0
038534080X	3.0
0985129646	4.0
1420111388	5.0
B00B7NPS06	5.0
1623802814	4.5
1475156456	5.0
142011137X	4.0
1612181511	4.0
1569707138	1.0
B00BEK892G	3.0
B003TXS3JU	5.0
1626490392	5.0
B006M3Y9ME	4.0
061583860X	5.0
B00GZK6N8C	4.0
B00CTRLBUA	4.0
B00IAVGJPG	3.0
0985447141	5.0
125000991X	5.0
B003YOSYYS	4.0
B003F77AO4	1.0
B00BLRLUHI	4.0
0425255662	4.0
B00KYFNFW6	5.0
B007PM2H66	4.0
B001892D70	5.0
B0060OTERA	4.5
B00GKBHIS0	4.0
0758250959	3.0
0062018671	4.0
B00HK1HADW	5.0
0446573256	4.0
1627987010	5.0
1402289561	3.0
B00G6MYKZ2	4.5
1497587867	4.0
1477805052	5.0
1479370118	4.5
B00IBHSZ4M	5.0
B00BSXX4YM	4.333333333333333
B00IMIQUXS	5.0
1622421817	5.0
B007HBKNG6	5.0
B00B69WHAK	5.0
0451216954	5.0
1439177872	4.0
B00CC68FLG	4.5
1481035614	4.0
B0087FJOV6	5.0
1449561454	5.0
0373776357	4.0
1402277598	4.0
B00FOGBM0M	5.0
1623221064	5.0
B00FMX4DJY	4.0
0425251241	5.0
0061934747	4.0
B00AKH5X4G	5.0
B00BU40QAY	5.0
1490412697	4.0
0062237225	3.0
1420106813	3.0
1476755590	5.0
B00HI9DL0W	4.0
1623806399	4.5
1627987096	4.666666666666667
B00BIWKGIU	4.0
0758277164	4.0
0756408016	5.0
1627620354	5.0
B004TDN7SG	4.0
B00HG5PKHK	5.0
0451239601	4.0
1586086731	4.0
1475031882	5.0
1599986299	3.0
1420106805	3.0
1419966081	5.0
B00HUUAG4I	5.0
B0070NZIP2	5.0
B00HYFX71I	5.0
B00FSDBKJ4	3.0
B00G49NGGG	5.0
B00KLDRU5O	4.0
B00EBBQWL0	3.0
B00CGFJ16Q	4.0
1420111353	4.0
0062080539	4.0
B00B87EB9A	5.0
B00GVMHH7U	5.0
0451236580	4.0
B00FMRSS3W	5.0
1601544472	5.0
1620612313	3.0
1490530614	5.0
1420111361	4.0
1462003907	5.0
B00FYJQLR8	5.0
161581938X	5.0
B00I41ZA7K	4.5
0778316939	4.0
0062018639	3.0
B00BQZ27I6	3.0
0061934739	3.0
0373836430	5.0
0821778706	5.0
1626490333	5.0
B00E4RH9WC	5.0
0062018647	4.0
B00KEFN9W2	4.0
1469924838	3.0
B006EAMRBK	5.0
B005L9V00Y	4.0
1482383349	4.5
0312949391	4.0
B00I80AD8I	5.0
1623220610	5.0
B00G829YYM	5.0
0985817003	4.0
B00KPNEQE8	5.0
0312656076	4.0
B00BPXTVXS	2.0
B00D0G5RW2	5.0
B007H3JCI4	4.666666666666667
1935192175	5.0
B00546CZMQ	4.0
B00H8HBN5E	4.0
B00AUV5BBW	5.0
B009D4T3XO	4.0
B00F4F119K	4.0
1432793578	1.0
B004RP8WS6	5.0
B00BE2NUPA	4.0
1623800269	5.0
B00H1XTJ0G	4.0
0345543041	4.0
B00E82DQKW	5.0
B00IAPM5UK	4.0
B00FBF4X8Y	3.0
1623220637	5.0
B00IS3TXR2	4.0
B00FNXC8EU	5.0
B00CC68FE8	4.0
B00I6KTA20	4.0
037369704X	4.0
B00DD8O9S0	5.0
1419958437	5.0
1623805945	5.0
1611183766	5.0
B00HWYTIO6	3.5
B0057YDBCS	3.0
B004TH0INO	3.0
1496088018	5.0
B007AHOLWO	5.0
1608203069	5.0
B00KIQFHE0	1.0
1499280815	5.0
0758206887	1.0
B0044DEHTY	5.0
0985386517	5.0
B00AP5NNWC	5.0
B00CNW3UQ4	4.0
0425251217	5.0
1491269650	5.0
0749908971	4.0
0515149217	3.0
1466242914	4.0
1475202768	5.0
1456394800	3.5
B009K54LKG	4.0
161218331X	5.0
1608208788	4.0
B00B7N6VXE	5.0
B008J2H9PU	5.0
1490490973	3.0
B008QY8YGY	3.0
1490424601	5.0
B009VNFDT0	5.0
B005DMMEMM	4.0
1478337109	4.0
0515151548	5.0
B00JVWNSA2	3.0
B008O53SPW	4.333333333333333
B00DTZ3PAK	5.0
B009D61TLQ	3.0
1613721528	4.0
B008VKXOIQ	5.0
B00F2RWP4U	5.0
B005D7KZSM	4.0
148485828X	5.0
1935192132	3.0
1937252264	4.0
B00JI0KDXM	4.0
147748843X	4.0
1478313161	5.0
0345803485	3.0
B0062OCP74	3.0
1609288408	4.0
1623800226	4.0
B00BL3JUYC	4.0
B00BJNDITW	2.0
0345543084	5.0
1937044335	2.0
1477488480	5.0
B00HBTG2AK	5.0
B00A79CTFS	4.0
0671319728	5.0
1455820067	5.0
0964242648	5.0
B0088P0K8G	5.0
0989202763	5.0
B00913ORD8	3.5
1250009952	4.0
B008G3BOLC	4.0
1603701656	3.0
1939173841	5.0
B00HAM7MAC	5.0
B00JKNR2AY	5.0
B00K7UZ8B4	5.0
B00EBEFDXA	5.0
