1936608693	5.0
B00A5QN1SM	5.0
0739469339	5.0
B00CS5A8K2	4.0
0802405606	5.0
0800730801	5.0
1481964372	5.0
B003JH86TI	2.0
0764210866	5.0
B007M56DPM	4.0
B009M6LQI8	4.234955814279703
0764228285	5.0
0764211714	5.0
1941198910	5.0
0989163377	5.0
B004LB49JM	5.0
0692219242	5.0
B005NTACDI	4.0
1482638428	5.0
0987981420	5.0
B0081HNT7U	5.0
1484188497	5.000000000000001
1617392448	5.0
B00DH8T4DG	5.0
B00FEZ20WW	2.0
B004UWPNJM	2.671609500453522
0764207474	5.0
1612184464	5.0
1456493124	5.0
B004L623QI	4.0
B00D6SCXY4	3.6612001490868438
B00AK1BGS4	5.0
B0055ODBLG	2.0
0764228277	4.224021838034577
B0084U9KWW	5.0
0062105655	3.0
B00IFTSTTC	4.0
B006IGUDTI	4.0
0800757181	3.0
B00GV1V8HQ	4.0
1426701926	5.0
B007OWQ5IS	5.0
1939049008	5.0
0985913304	4.0
B00DLW4HYO	5.0
1494268744	5.0
0789489325	5.0
B00DLY62LS	5.0
B00E891FV2	2.0
B00D5Z4NK0	5.0
B00DYLGAOW	5.0
B00KT13IXQ	5.0
1483979911	5.0
1492910589	5.0
0002007770	4.0
1490908048	5.0
1481207474	5.0
1401310044	4.0
0764205137	4.0
1411665899	5.0
1476783284	5.0
1451676565	5.0
0380766760	5.0
1612184677	5.0
B00ASF1CC2	4.0
1455521175	5.0
B00BVDAQHW	5.0
B00H5MVJ92	5.0
B00ARWMQIU	5.0
1482019426	5.0
B009Q78PIW	5.0
0989163393	5.0
B00EV6JP6E	4.0
0399161481	5.0
0743289358	5.0
0615636586	5.0
B008D3BZNC	3.0
1466478578	5.0
B009MA3WN6	5.0
B004IZM9MK	4.0
1897562853	5.0
148277643X	4.0
0141192429	3.0
B00817F90U	5.0
B00DTIBSMY	5.0
1481918109	4.0
1495963837	4.0
1499611552	5.0
1565124871	3.0
0978927028	4.0
1401684947	3.0
0988761939	5.0
B009MTOBCI	5.0
B00847K87Q	3.111413716266402
B00BL9AOD2	4.0
B007HAEUSY	5.0
B004TS8P7O	3.0
B00B04ACC6	5.0
B005WB3W0C	5.0
1490339248	4.0
0764599453	5.0
0385343205	5.0
0425266060	5.0
0764203177	5.0
B009XFD76M	5.0
1481267884	5.0
006108185X	4.0
1480294004	5.0
1567692591	1.0
B00ECZ6QT8	5.0
B00658HIYM	4.0
B00B09RYJK	5.0
0615797237	5.0
1451640218	5.0
B00KPF2M6U	5.0
145266868X	5.0
1477694919	5.0
0743269764	5.0
1481025392	3.0
B00GQUNEII	5.0
1426710666	4.0
B007SPPH1M	5.0
1611099544	5.0
B008DYPEFQ	5.0
0984520104	5.0
B0064BYJN8	5.0
B005XRPPCI	5.0
B00AACH0PG	3.0
B003I84LYW	2.0
038536315X	5.0
B004H8GUXC	4.0
1416989412	5.0
B00AANCV4K	5.0
0141395303	4.0
1477805869	5.0
031621082X	5.0
B00FB1F9CW	5.0
0307473155	3.0
B00BSGYJNY	5.0
B006K3HD6A	4.0
0310318726	5.0
1492291560	4.0
0345803507	5.0
080073324X	5.0
1484816064	5.0
B005OY0JFI	5.0
147835061X	5.0
1499504039	5.0
0446612774	4.0
0764206427	4.0
B00IWDZFWA	4.0
037387118X	5.0
B00H7KRRUM	5.0
0988264242	5.0
B00DPK9JU4	4.0
147003655X	5.0
0451211634	5.0
1480272310	5.0
B00EGSF7KA	5.0
0060922532	4.0
0989943437	5.0
145583145X	3.0
149607923X	5.0
0982589409	3.0
0557941229	4.0
B00G64X2W2	5.0
0615810756	5.0
B00EWBWML8	5.0
B005EM2NXG	5.0
B00D5UWYC4	5.0
043902353X	5.0
1414300557	5.0
B005PTXTMM	5.0
B00FY3GFDE	5.0
B00B0JOXA8	1.0
B00ESHI6XY	5.0
0800732278	3.0
B00JMVDX52	5.0
B00CXYU5V0	4.0
B00HJ14CCK	5.0
0800734459	3.0
B006YITPAS	4.0
B00EGSFFGG	5.0
1491041706	5.0
B000BVZCWO	5.0
B00BL09E6O	5.0
061864637X	4.0
1484906373	5.0
1594145741	3.0
1612183034	5.0
0738705470	5.0
B00B5HNQ12	5.0
0615821898	5.0
148262625X	5.0
1499128789	5.0
1475115377	5.0
B0078T6YHY	5.0
B00COVPR9C	5.0
1416989439	5.0
B00FOH0QAS	4.0
1497465141	5.0
0615721745	5.0
B00APEXMJM	5.0
1466338342	5.0
B0091N9JAE	5.0
0310217601	5.0
1467964409	5.0
1482345986	5.0
0764209116	4.0
1492133353	4.0
B00EGS7Y74	5.0
0778312909	5.0
0842354204	4.0
0373442653	5.0
178087975X	5.0
1935670913	4.0
B008CVA6VC	3.0
B009WIR7DY	5.0
0812985044	5.0
0137019963	5.0
B0098796PQ	5.0
B003JTHMO6	4.0
B00J4C6LXU	2.0
149371743X	5.0
0615654134	5.0
0985723505	5.0
B00ARXMWTW	5.0
0802827276	4.0
B009B11BKW	5.0
1616267143	4.0
B009XGD6LM	4.0
1490981055	5.0
1452000247	5.0
B009CD4FX4	5.0
0983548625	4.0
1477809597	5.0
0767921852	2.0
1455574880	5.0
B00GW9H8XA	5.0
1491048247	4.0
148398348X	5.0
1452668663	5.0
1475084498	5.0
B005SVVFL4	5.0
B00GS2W6T2	4.0
1455574856	5.0
1611097894	5.0
1483926346	4.0
0800759648	5.0
1907463364	5.0
080075963X	5.0
0615618820	5.0
1400108268	5.0
1616268484	5.0
1602600155	2.0
B00IFRUB7C	5.0
B00A53KPKC	5.0
0615462650	3.0
0878395601	4.0
1482368609	5.0
B00KFG51O4	5.0
0434142727	4.0
B004FPYZNE	3.0
B0067L897M	5.0
0982175655	5.0
B00KFZCG2U	5.0
B00GYOJ3KO	5.0
1936120208	5.0
0988405512	2.9999999999999996
1410455106	5.0
1433524724	5.0
B00ATTIOB4	3.0
1461123941	5.0
B00L2024XI	5.0
B007144QCG	5.0
0425259854	5.0
0446575038	5.0
1489554408	3.0
1492740357	4.0
B005ISCTW6	5.0
B00J4FX9ZK	4.0
0800759656	5.0
1476756503	5.0
0983579253	4.0
144247372X	5.0
B001V9KG4E	5.0
1457514508	5.0
B006H96RO6	2.0
B00CW22KN4	4.0
099118274X	4.0
147674355X	5.0
B00LTKW22E	5.0
0615842496	5.0
0764208381	5.0
0615626432	5.0
B00EMG3A00	5.0
1478313781	5.0
1483984486	5.0
B00CBJS410	5.0
B0095VONZS	4.0
B004Q3RL3Q	3.0
B0088ETL96	4.0
1481169017	5.0
0843962844	5.0
B008RA8JY4	5.0
1484927540	4.0
1477848991	5.0
1484878329	5.0
B006FRVSJ4	5.0
1449966128	5.0
B00ABMSZPY	5.0
1602902143	5.0
B00A8S22OQ	2.2456332919728923
B0092XYEIK	4.0
B00EOSB6TI	5.0
0615511600	4.572959439158739
B00FPT3NB4	4.0
B00CCJ5NO0	5.0
0385729332	4.0
0385335431	4.0
B00FRLRCMQ	4.0
B005K4XO4K	3.0
078689072X	4.0
0451228669	5.0
1463731272	5.0
0743573641	4.0
1490425497	5.0
B00CXAH1V6	5.0
1419970291	5.0
0310327350	4.0
B00KB5P1BM	3.0
1426708998	5.0
0983814007	5.0
B00B3OEWPG	3.0
B00CPSGLEE	5.0
0505528266	4.0
1611097975	3.0
B004QGYBNG	5.0
B00C4BA44K	4.0
1620245019	5.0
1468065343	5.0
B00AMLJZXK	4.0
1482509687	5.0
0143039717	5.0
1484888154	5.0
0373872313	5.0
0671741209	5.0
B00A2E7WJ6	5.0
0373442556	5.0
B00699917E	5.0
1490930973	5.0
1455515558	4.0
B00K6S8ICI	4.0
1477266836	5.0
B0082HFWPQ	5.0
148120646X	5.0
B00AWE0HO8	5.0
0984916172	4.0
0615826814	4.0
0980849349	5.0
1466227095	5.0
0974457949	5.0
0786868724	5.0
B004GUSE2Q	3.0
B00COR3FAO	3.0
B00GI3EDFQ	3.0
0373486596	5.0
B00BSNKLNY	5.0
0440211980	5.0
0446603309	5.0
B007SIR9PQ	5.0
1449924999	5.0
0399158820	5.0
B00FEOFT0S	5.0
0451231619	5.0
0141331879	5.0
0801058147	5.0
B00FP70300	5.0
1442426675	5.0
0385336314	5.0
B00GX8UFI0	5.0
B009D628ES	4.0
1453736352	5.0
B00IJCB3M0	5.0
B00FVVJHS4	5.0
1481856103	5.0
B00AV4X9TO	5.0
0883687496	4.0
B00ET7Q4OG	4.0
1476730091	1.0
0310217571	5.0
1453602968	5.0
1581960085	4.0
0615731260	5.0
0985070013	5.0
B00B0IMH20	5.0
0385487622	5.0
1499638361	5.0
0615291945	5.0
B00BG3ELWS	5.0
1611942411	5.0
B00J5DWTJ8	3.0
B004XWBBHM	1.0
B00866GP0O	4.0
0988715333	5.0
1844159078	5.0
B005JKEMQY	2.0
1595547827	5.0
0062089757	5.0
1479225703	4.0
B00E5W1W2Y	5.0
0156372088	1.0
B00E5INLIG	5.0
0857072285	5.0
1481041274	4.0875849289685
B009XM03SK	4.0
B00CTRLBUA	4.0
1935204092	5.0
0615621600	5.0
054774496X	5.0
B00E6SH9K6	5.0
1570764190	5.0
B00FJ433QK	5.0
B0057FAUQW	4.0
0800733851	4.0
B006WW9FZG	5.0
1461026415	5.0
B0074B088W	5.0
B006LABC8M	3.0
1461119847	4.0
B004TPN7OI	5.0
1612187145	5.0
0718010841	3.0
B00EH9HUNA	5.0
0615621953	5.0
006105271X	5.0
B00K3698M2	5.0
B00FYACAZO	5.0
1463721285	3.0
0821767518	4.0
B00FI6U7TA	5.0
0684866048	3.0
B006R2IOO4	4.0
159080631X	5.0
1448609070	5.0
0316211222	5.0
B00B0XIC74	5.0
149929798X	5.0
0764206915	4.0
014241722X	5.0
1455520640	5.0
B00E5JAIP4	3.0
1492767891	4.0
B0072L0ERO	5.0
B00L6NP95Q	5.0
146801479X	5.0
B00D002DE8	5.0
B00CKOV7I8	5.0
149105476X	5.0
B004S7MR0M	4.414232072534115
1939786150	5.0
B00C8X8Q5S	5.0
B0082O2TCS	5.0
B00E00RUW2	4.0
B00FINCXPE	5.0
0684869403	4.0
1482747634	1.0
B009GKU2DU	5.0
B00D1F1DNY	5.0
1612181422	5.0
B00DCLV1S4	5.0
1460944194	5.0
143470257X	5.0
B00H2NIMB2	5.0
B008DI0W2C	5.0
B00KYGD3YK	5.0
0062248472	1.0
B00BA1BJD0	5.0
148404214X	4.0
1468187953	5.0
B006IL1Z4K	5.0
B00HEXFCH2	5.0
1477682007	5.0
B008HNAAES	4.0
1481973975	5.0
1478288892	4.0
1480529699	5.0
B0095JX7F2	5.0
B00H9QVYU8	5.0
0547892624	5.0
B009GSWUNM	5.0
B00IOU3ZCI	5.0
0595486258	3.0
1482676060	5.0
0867130555	4.0
0385338309	5.0
B00DAIUOYG	4.0
B00ET7Q4LE	5.0
0451233182	5.0
0615614159	5.0
B00BTGS9MA	4.0
1595145958	4.0
B006Q648F0	5.0
0615785824	5.0
1490407081	5.0
0373827822	5.0
1477589031	5.0
B00DUF8LIU	5.0
0615228380	5.0
B000JMLHYC	4.0
0800794931	5.0
1470190044	5.0
B004C44GP0	4.0
B005FCDTYM	5.0
B00H27GF6C	5.0
B00E2QS6SG	5.0
0373751257	5.0
0373812930	5.0
1623420768	5.0
1481894684	5.0
1611940427	4.0
0545166810	5.0
B004OYTDNS	1.0
1463623852	4.0
B005D4Y5LS	5.0
1479132438	5.0
142670237X	5.0
0316058025	4.0
B00ES540JA	3.0
1433524767	5.0
0375890246	4.0
1484042018	3.0
1476776016	5.0
B009BE05R4	1.0
1477421971	5.0
1482034441	4.0
0743464583	5.0
B00I481H7A	5.0
B00HGW82TG	5.0
B009GW3K6O	4.0
0373244045	5.0
1414115865	5.0
1478160586	5.0
1250040159	5.0
1481843583	3.0
0764209272	5.0
B009F3M9ZC	5.0
0821768913	3.0
1490947949	4.0
1576830152	4.0
B00CZEJS0C	5.0
1497438683	5.0
0345544110	4.0
B007JMW46U	5.0
B0082XQCTK	4.0
B00BEJ67GM	5.0
0764205676	5.0
B00GTJI3L4	5.0
B0038KX8S0	5.0
0399159347	4.0
B00AEA8EGI	5.0
B0041D88RO	4.0
B007SAKW9E	5.0
0440207711	5.0
B005BE3OTY	4.0
1490517839	5.0
1616265515	5.0
1480197661	5.0
0451412559	4.0
B0051VGSWW	5.0
0373278055	5.0
B006HMDJN0	5.0
B004TREH7W	5.0
0764227696	5.0
149228629X	5.0
B007FXUQ2W	5.0
0764228307	4.0
B004PLMHUQ	5.0
0739437208	5.0
B00BZ8ETJO	5.0
1453653929	3.0
1936305941	5.0
098391690X	5.0
1494746522	5.0
B00HV1F46Q	3.0
1477808817	5.0
0312978715	3.0
0380772272	5.0
1477435719	4.0
B00JJ5EV02	5.0
156512569X	4.0
0446547573	5.0
B00C6GVW3K	5.0
0373776853	5.0
0373778813	4.0
0380785315	5.0
B004UBNG10	2.0
B004RJ42JA	3.0
B00HEW4Y5O	5.0
0778315991	4.0
0615702686	5.0
1612184839	4.0
0310283132	5.0
0062024035	5.0
148122221X	5.0
1491266015	5.0
031218087X	5.0
1449589790	4.0
B00LEP7HUQ	5.0
0989233065	5.0
0060563893	5.0
B00CVGFCEK	5.0
B00HKKYHL6	4.0
0330520539	5.0
B008B11K04	5.0
B004EHZSES	4.338799850913158
B00FDX59UA	5.0
1475051417	5.0
0380785323	5.0
1484076168	5.0
B009EAV4V6	5.0
B004BA5GS6	4.0
0985258659	4.0
B00HMRESYI	5.0
B0098PIPRS	5.0
B00INCJFI0	4.0
1469241943	4.469871711805105
B00D0RVYSW	5.0
B00FIVYEUI	5.0
076536543X	5.0
140224391X	4.0
145369420X	5.0
B00AU54042	5.0
B00IGVHAIK	2.0
161235629X	5.0
B00E1IHYJ2	5.0
B003B66HTS	4.0
B004NNVIC4	3.0
1456329383	5.0
1936127776	5.0
0439023483	5.0
B00ARMQ7TY	5.0
B00CCH4WKI	5.0
1935416294	5.0
B00A64NRA0	5.0
1442361514	5.0
B005TLKZR8	5.0
0756656230	5.0
0310258081	5.0
1567692990	5.0
B00C5RKZ6U	5.0
1466318007	4.0
0345487540	2.0
0718159055	5.0
0451410351	5.0
0451412532	5.0
1495326616	3.0
1578632552	5.0
B00K0NF8I6	5.0
B007YJ3JV2	5.0
0615988008	5.0
1499219202	5.0
9769548634	5.0
0310283140	5.0
B00GBL0J9E	5.0
B0079OX28C	5.0
1482027534	4.0
0310333229	5.0
1479143707	4.0
0988348268	5.0
B00BN1YNS0	3.0
B009JHG0OU	4.0
B00BCJYXK6	5.0
1449974430	5.0
0263873080	5.0
042513699X	4.0
0765327260	4.0
B0093MU7QS	5.0
1478313161	4.0
1606390139	5.0
1439172773	5.0
0345803485	1.0
1493709232	5.0
156769179X	2.0
1480156949	5.0
B00DRR9JQ4	5.0
1468002171	3.0
B005HKOPL8	4.678260869565218
0982853599	4.0
1499145284	5.0
B005NIYEDI	5.0
0883688433	4.0
B005G51MDI	1.0
0310217598	5.0
1442358238	5.0
B00BTNQFNI	4.0
031021758X	5.0
0345505719	4.0
1461169305	5.0
1490412956	5.0
0743566572	4.0
B005DROC5O	3.0
B0075XGQSU	4.0
B008X6TCNE	5.0
0375831002	5.0
B008IHDB08	5.0
0505526654	5.0
1619215020	5.0
0307275639	5.0
0989163350	5.0
0988499231	5.0
1470098725	4.0
0061012289	5.0
B00CS7EAHM	4.0
1938680057	3.0
B00A30EZ8A	4.0
1250003059	4.0
1489557318	5.0
1456324608	4.0
B00DG261BG	4.0
146801871X	5.0
B00AG1JJ82	4.0
0345803493	5.0
B004C44556	5.0
1491002786	4.0
B0097GUSKA	4.0
1481821733	5.0
B0041D88X8	4.0
0671570587	5.0
1481711164	5.0
B003XVZLCU	3.0
0985397446	5.0
B007XGPDY2	3.0
1478156805	4.0
193164361X	5.0
0061999032	1.0
0962191035	5.0
B00DE4P2CK	4.0
