052111974X	5.0
0805087621	5.0
0743281616	5.0
0618337180	5.0
0399154973	3.0
0099460254	5.0
0312429509	4.0
161949342X	5.0
1416597441	2.0
0345806093	5.0
0439666538	4.0
1400317134	3.5
1594201331	3.0
0679750150	5.0
0446577391	5.0
0812972597	5.0
0062277324	5.0
1599901307	4.0
0452297605	2.0
034552795X	4.5
0064435687	4.0
014311638X	4.0
1476704589	5.0
1591164354	4.0
0596154038	5.0
0060598484	5.0
0470890843	5.0
0803496192	4.0
014303832X	4.0
0385537654	2.0
155453464X	5.0
1416987312	5.0
024081309X	5.0
B00KUIZELW	5.0
1423410866	5.0
1400008336	4.0
0143115057	5.0
1439133395	2.0
0595457169	5.0
0099460238	5.0
0743281632	5.0
1884956173	5.0
1848190514	5.0
0061934364	4.0
0439918731	5.0
1414334575	4.0
193335349X	4.0
1609052919	5.0
1250038944	5.0
0615822940	5.0
0786716770	3.0
0789749173	3.0
037543318X	4.0
1402244185	4.0
037586928X	5.0
0307263924	4.0
0060565551	5.0
0061558230	4.5
031264521X	5.0
0062049607	5.0
0439918723	4.0
1400317150	5.0
0061709719	2.0
0061963739	5.0
1477816607	3.0
0307452018	5.0
1416573488	5.0
1401931898	3.5
0811866688	5.0
1568365373	5.0
0048230782	5.0
0441018645	2.5
0312629176	4.5
0061257095	4.0
0312429541	5.0
1594487278	3.0
0439136350	5.0
0061558222	3.5
1400317142	1.0
1401941214	3.5
1936976226	5.0
044102095X	4.0
0385741391	3.0
1558321055	5.0
0826415687	5.0
1416560181	2.0
0743281640	3.0
1455522317	5.0
1439192561	5.0
0449912450	5.0
1595144064	5.0
0547370253	4.0
1592007317	2.0
1607101092	5.0
0321269101	5.0
0761456325	4.0
0062008285	5.0
0099448572	5.0
030795062X	5.0
1410440478	5.0
006219447X	4.0
0618965815	5.0
0824947932	2.5
1494953285	4.0
1615990518	5.0
0763649309	3.0
1439157316	5.0
1414301626	4.0
1936976234	4.0
0786891416	5.0
0849948126	4.714285714285714
1595551336	4.0
0312655460	4.0
1597801437	3.0
0805072578	3.0
0786134828	4.0
1401301487	5.0
1595144072	4.0
1419701789	5.0
0226431789	5.0
0300100477	5.0
0761456333	5.0
0980245362	5.0
014303703X	1.0
1449704433	4.0
1432730371	5.0
0143038389	5.0
0980245354	5.0
0385740085	3.0
006205984X	3.0
031604430X	5.0
0385743114	4.0
0989930459	3.0
0062105450	5.0
0544000137	3.0
0312655452	5.0
1743218451	5.0
015101325X	5.0
0439837685	5.0
0618431268	2.0
0143143107	2.0
0312655479	4.0
1552976971	3.0
0789749130	4.5
1930900384	5.0
0385736843	5.0
1426110456	4.0
1587201828	2.0
158720181X	2.0
0988812517	5.0
0805092161	5.0
0316734942	5.0
0061992259	4.5
1591797853	3.0
0307718867	5.0
0061148709	3.0
1461063078	5.0
1250029147	5.0
0470522836	3.5
0310716462	5.0
0152054456	5.0
1596436182	5.0
1400072948	5.0
044657869X	2.0
0060194804	5.0
0316734950	5.0
1467980757	1.0
0753710676	3.0
0922729271	4.0
1416998020	2.0
0061662577	4.666666666666667
0060581654	5.0
0007447094	4.0
0061228575	5.0
0615147410	1.0
188939209X	5.0
0974560316	5.0
1611458773	5.0
0385529198	5.0
1590596277	4.0
B003HS56UG	3.0
B003B652YO	5.0
1932690476	5.0
1423134125	4.0
0761454594	5.0
0385521227	4.5
030738246X	4.0
0470484098	5.0
1439154244	5.0
047008037X	4.0
1402777477	4.0
0123742641	5.0
0385311400	5.0
0393065502	5.0
1469201615	5.0
1556528442	3.0
0375869204	3.5
B005AJA43O	3.0
B0063PR97I	1.0
0156141507	5.0
054784865X	4.0
0957094752	5.0
0143037889	5.0
0979066115	5.0
0345414411	3.0
0988751003	5.0
0778315193	2.0
1416967761	4.333333333333333
0061974455	5.0
0060588284	5.0
0470505427	5.0
0767932501	4.0
0763659576	5.0
009953682X	5.0
0385522584	5.0
0786888628	5.0
1595551360	3.0
0307932796	4.5
0143057464	5.0
076532640X	5.0
0312516460	5.0
0312542704	2.0
0547577397	3.0
0805073884	4.0
0007491263	4.0
0061999768	5.0
0240819233	3.0
0399131434	5.0
0544148304	5.0
0547241410	5.0
0307908259	5.0
0374384657	5.0
B004QZ9VUA	4.0
0385344325	5.0
0345530756	3.0
0399153691	5.0
0802116388	4.0
0930356136	5.0
0064436160	5.0
038534564X	3.0
1492773522	5.0
0451417313	4.0
061834697X	5.0
0240810899	5.0
1439155585	4.0
1475216378	4.0
0544191188	3.0
0099440687	5.0
1607180758	4.0
0761455876	3.0
0399160817	5.0
0547972598	4.0
B006VOOW3A	5.0
1400315395	5.0
0307578070	1.0
1451573774	3.0
0755392108	5.0
0451225279	4.0
0307452069	5.0
1416986898	4.0
0452297648	5.0
0060194855	5.0
0718178122	5.0
0399160809	5.0
0545220890	5.0
1439227764	2.0
0143036599	2.0
0738211052	4.0
0976901730	4.0
1612190898	3.0
0061915254	5.0
0802118143	5.0
0545210666	5.0
038553809X	4.0
0802119476	3.0
0374184216	3.0
1442468130	5.0
0761451498	5.0
074401543X	5.0
1442402326	4.0
0465003494	5.0
0785263713	2.0
0152002421	4.0
0061228591	5.0
0316043052	5.0
030737792X	5.0
0307377938	3.0
B008J2AHXG	5.0
0060721545	3.0
0316012793	5.0
0425245411	5.0
0007271166	5.0
1600775411	3.0
B009EBPRQ8	4.0
030745469X	5.0
0240521609	4.0
0545229243	5.0
1935654276	5.0
0470915846	3.0
0399154108	5.0
1591169224	5.0
1573222666	2.0
0786715472	5.0
0740783440	3.0
1400068053	5.0
0547580983	3.0
1400318432	2.0
1594204497	5.0
B009TKS6ZS	3.0
156523443X	5.0
0240819268	5.0
1595230505	5.0
0761462155	4.0
0810988488	5.0
1592333583	5.0
0545172780	4.0
0470618167	5.0
1936608278	5.0
014241591X	5.0
0545229251	5.0
0761339507	5.0
0061065900	5.0
0316155306	5.0
B008ASB4GI	4.0
1595545417	5.0
0345533739	5.0
0615147496	5.0
0385257406	5.0
1455515140	4.0
1250020832	4.0
0399155392	5.0
0132944189	5.0
0544105192	5.0
0142428469	5.0
0240812581	5.0
1475272553	4.0
1400305934	5.0
1593789998	4.0
4805310553	5.0
0972852999	5.0
0553386387	4.0
0385347340	5.0
0375867422	5.0
0375864393	5.0
0521447712	5.0
1433676990	4.0
1416971777	5.0
0761454632	4.0
0425255751	2.0
0547763271	5.0
1596434465	4.0
0240811240	5.0
0385509642	5.0
0761462252	4.0
0062089641	3.0
031613399X	5.0
142630918X	5.0
1250039479	5.0
006170363X	5.0
1595553029	4.0
044653191X	5.0
0307750922	5.0
0393060683	2.0
1590513908	4.0
1464201641	5.0
0312338279	4.0
0440419441	5.0
0972852980	5.0
0385737335	5.0
0743597923	5.0
1250003482	1.0
0743299841	3.0
1463710100	1.0
1416974814	3.5
0679644881	4.0
1590520203	5.0
0151015090	4.0
0544105176	4.0
031260212X	5.0
1432704893	3.0
0312375255	4.0
1439123926	3.0
0761454616	2.0
1595554343	5.0
0345506200	5.0
0972852972	5.0
0727869248	3.0
0375868771	3.5
0439925932	5.0
0345463447	5.0
045123734X	4.0
1416990062	5.0
1603584188	5.0
0515124648	2.0
0152061509	5.0
1414339364	4.0
0062235591	3.0
1932907513	5.0
0547547528	3.0
1439197334	4.0
1603580611	5.0
1606842633	5.0
159555307X	4.0
0307389189	3.0
0066211719	3.0
0756686849	5.0
0822579847	5.0
0753459183	4.0
0061997129	2.0
0152053948	4.0
0547248040	2.0
0761462201	5.0
0060083956	5.0
0375867449	4.0
0803733305	5.0
0374305919	5.0
0061964204	3.0
1416990070	4.0
0061965537	3.0
0316811726	5.0
0822578522	5.0
0753459175	4.0
0425251357	4.0
0312385471	5.0
1936140802	5.0
0778324893	3.0
0321701003	5.0
1413312535	5.0
0316074144	4.0
1400065755	5.0
1844166767	3.0
0142428493	1.0
039915180X	5.0
0061134082	5.0
1440475601	5.0
1604334908	3.0
1118497201	5.0
0425251381	4.0
1580089763	5.0
1451605919	4.0
1423171012	5.0
0615471846	4.0
0143058754	5.0
0788019538	5.0
141330057X	5.0
140224102X	4.0
0972852948	5.0
0310320321	5.0
0307594130	4.0
0152048588	4.0
0740785117	4.0
0316074152	4.0
0849920698	5.0
0849945992	5.0
0240811275	5.0
161218717X	5.0
0544029003	4.5
0547640234	4.0
1847249949	5.0
B005BQNC44	4.0
1588343758	5.0
0307732215	5.0
080241088X	5.0
0307719278	5.0
075821037X	5.0
0307275000	5.0
0977284808	4.0
0345471016	4.0
1250002125	5.0
0789743035	5.0
0547792638	4.5
0142302376	5.0
0822579839	5.0
1423171020	5.0
0812982886	5.0
1414326017	5.0
0672335697	4.5
1450434177	4.0
0141035676	5.0
159017335X	1.0
1933836385	5.0
0300169280	2.0
0061727679	5.0
0684831902	5.0
0201752794	5.0
1422118231	3.5
1596432667	5.0
0316235024	5.0
0375838929	3.0
0062128027	4.0
006166118X	4.0
0385502168	5.0
0761459480	4.0
0743264312	3.0
0553295772	5.0
0688134335	4.0
0316154059	5.0
0374332657	5.0
B008B0L0IC	1.0
1401310435	4.0
076145814X	4.0
039915714X	2.0
0062004794	4.0
0062026127	2.0
159240264X	5.0
0762436581	3.0
0345523539	4.0
0761458166	5.0
1435454847	5.0
0805092951	5.0
0240815688	4.0
1574413163	5.0
0743567218	5.0
0316086959	5.0
0312377045	3.5
0525951490	3.0
0373892802	4.0
0375408908	1.0
1609580427	5.0
0062066153	4.0
0761458131	5.0
0385538138	4.0
0143038273	3.0
0980455294	5.0
B008B0L0G4	3.0
1579129684	2.0
0440241715	5.0
0761459464	5.0
0823095363	4.0
1590305795	5.0
0452271878	5.0
0312286465	5.0
1400009634	4.0
1416547258	5.0
1933648007	2.0
1596913878	5.0
0312377037	5.0
0307386023	5.0
054737027X	3.0
1400052467	5.0
0765320207	3.0
0061727660	5.0
1933090545	5.0
141697170X	5.0
0395069629	5.0
1567998968	5.0
0743202090	5.0
1421402734	4.0
014025157X	5.0
0374364214	4.0
1119993121	4.0
0061714321	5.0
0312379641	5.0
1416547266	4.0
0142417769	2.0
0240522168	5.0
1423145623	5.0
B00BDTJNQE	4.0
0345475445	4.0
0060839139	5.0
014071491X	5.0
0890516413	5.0
143913765X	5.0
1936009013	4.0
0545027896	5.0
0143112031	4.0
1573223077	1.0
0399153608	4.0
1588163660	5.0
1250029201	4.5
0062190830	5.0
1400008387	5.0
0470592745	5.0
0517580519	2.0
0345534212	3.0
0770436854	3.5
0800720490	5.0
1470180642	5.0
1603420894	5.0
1594488657	5.0
0312426453	5.0
0757313825	5.0
0786950285	5.0
1581809581	5.0
0794422810	3.0
0062110756	5.0
0805095187	5.0
1416990003	5.0
1400043549	5.0
0307379760	4.0
0553589091	5.0
0763647519	3.0
0979742943	5.0
0547572557	5.0
1452124574	2.0
0060198303	4.0
158997624X	4.5
0060502053	4.0
B00E7KTERY	5.0
1401302866	3.0
0062078178	4.0
0785229043	4.0
0373892845	4.0
0060874368	5.0
0470592737	4.0
0770436889	4.0
1595548548	4.0
0307270181	5.0
0060596775	4.0
0547239939	5.0
0312319169	1.0
1564775569	5.0
0062235540	4.0
0312623038	4.0
193804200X	5.0
1413310788	5.0
0307378462	4.0
1107607779	4.0
0307590615	5.0
0743453972	5.0
0312658591	5.0
1600050956	2.0
0307386066	3.0
0873374487	5.0
1416971750	5.0
0061714313	5.0
0356500535	1.0
0684870681	3.0
1606840843	5.0
0805095160	5.0
0316216798	5.0
0060873027	4.0
0757313809	4.0
0618419691	4.0
1612183670	2.0
0465081819	5.0
0307730441	4.0
0061558265	3.5
009928278X	5.0
0385520808	1.0
006075639X	5.0
1936009005	5.0
0470930675	4.0
1856699463	5.0
0399154906	3.0
0763627909	5.0
0738214876	5.0
006227306X	5.0
0470487879	5.0
0878572201	5.0
1612186637	4.0
0137017839	5.0
1400067685	5.0
140194244X	2.0
1933090499	5.0
0061991066	5.0
0399166831	5.0
1595147004	5.0
0307582884	3.0
0743453956	5.0
0062102273	4.0
1416590935	4.0
0316078492	2.0
0061978086	4.0
0739322745	5.0
1426733887	3.0
1401340903	5.0
0240816250	5.0
1118436415	4.0
0545221269	5.0
0811865452	4.0
0060935936	5.0
0307704114	5.0
006164837X	5.0
1250007070	4.0
0871139855	5.0
0061726192	5.0
0758242654	5.0
1936413213	5.0
1442445513	5.0
0345533054	4.0
1596636505	5.0
089051500X	5.0
0307731758	5.0
1596913924	3.0
0671023195	5.0
0786818697	5.0
0062232509	4.0
0671023179	5.0
1416572287	5.0
0786808438	5.0
0811866793	4.0
0061726168	4.0
1400317029	5.0
0151006849	5.0
1400323703	4.5
0679432523	3.0
1594486050	5.0
0500051321	4.0
0240817575	5.0
0849948266	4.0
0786893931	5.0
0312874359	5.0
1603582568	4.0
0547953569	4.0
0143144529	5.0
0825803853	5.0
0761456236	4.0
0132383837	4.0
1596439378	5.0
0615465897	4.0
0240521544	5.0
1416590927	5.0
006166927X	2.0
0321442490	5.0
0312561172	4.0
1400067677	5.0
0425246035	5.0
0060987103	5.0
054410157X	4.0
1595551220	4.0
0345545087	4.0
038533351X	5.0
1601404956	4.0
0870118242	5.0
012383872X	4.0
140003213X	5.0
0764552481	5.0
0143124099	4.0
0942110552	4.0
0471252522	5.0
1601423225	3.0
0979054850	4.0
0385520077	4.0
1400204356	5.0
1595544917	3.0
0099448440	5.0
1590523148	5.0
1933952687	3.0
0375411690	4.0
0743299698	5.0
1609003853	5.0
0803740514	5.0
1416914242	3.0
076360013X	5.0
0743202708	4.0
0345411463	3.0
1400069432	5.0
0970810466	5.0
0399132635	5.0
0596510438	5.0
0060554738	2.0
0345528506	5.0
1490541055	3.0
0123814790	5.0
1416906649	5.0
0765301075	4.0
0312873077	3.0
1400053064	3.0
1620153955	4.0
0399145923	5.0
0142400149	5.0
0060001208	5.0
1118123093	5.0
0307279391	1.0
1600103928	5.0
1440506507	3.0
0385342454	5.0
0312428367	2.0
B006CC6ZTU	5.0
1440551995	4.0
0062069187	4.0
0547496389	2.0
1453702601	5.0
080509203X	4.0
0062297031	4.0
0440431808	5.0
0080971385	4.0
0809023857	5.0
0399152202	4.0
0545142997	4.0
0060540117	4.0
0316068284	4.0
0789749262	5.0
0822572419	5.0
0060891866	5.0
1416950796	5.0
0596520689	5.0
0307591794	4.0
0071418539	5.0
0805060499	5.0
0297850687	5.0
0544002695	4.5
1402250770	4.0
0805076824	4.0
1558324240	3.0
1416987258	4.0
0143059165	5.0
1416975284	5.0
1936413272	5.0
0618223231	4.0
0316021555	2.0
0007263686	5.0
1592333427	4.0
0099429330	5.0
0062008129	3.0
0310723485	4.5
039306235X	3.0
0679421017	5.0
0800719603	5.0
0312606362	4.0
1933605502	4.0
111815374X	5.0
0525948775	5.0
0345461754	5.0
1933877006	5.0
1401340997	4.0
0307338401	5.0
1595264825	4.0
0307929272	5.0
0553804642	4.0
0143123629	5.0
0399153594	3.0
0060816503	5.0
1596436247	5.0
B0089ODK06	5.0
1432730207	5.0
0312879199	5.0
1596436239	5.0
044654146X	5.0
1596923369	5.0
0983196338	4.0
0137058306	5.0
0761136193	5.0
1442482540	3.0
0823000842	5.0
1423138619	2.0
1603584323	4.5
031095097X	4.0
0307908348	2.0
1568600615	3.0
0201632888	5.0
1439209162	5.0
080652720X	5.0
0300166311	5.0
1593156286	4.0
0061363049	5.0
042523794X	4.0
1477822585	5.0
1607740559	5.0
1416565116	5.0
0061456918	5.0
0547555008	2.0
0764206079	3.0
1584798645	4.5
0547173539	5.0
0310266238	5.0
031026622X	4.0
034546706X	4.0
0140714790	1.0
014118776X	5.0
054792853X	5.0
1857441567	5.0
0316034010	3.0
0743226712	5.0
0547752687	2.0
0761455787	4.0
0979035708	3.0
1400202515	4.0
158008298X	3.0
0547612133	3.0
1886094357	4.0
0596526873	5.0
144187545X	1.0
0061125350	5.0
0312427085	5.0
1413306519	5.0
1936976188	3.0
0140714782	5.0
0547367562	5.0
0470396784	5.0
000720311X	4.0
0373210493	5.0
0345520602	3.0
158816974X	5.0
1416541160	5.0
0446531227	4.0
1616330856	5.0
1593272596	5.0
0892960213	5.0
0071416722	5.0
1616551607	5.0
1467900737	3.0
0805090282	5.0
0521443172	5.0
0763639230	5.0
0618771247	4.0
1595230610	5.0
0671536818	4.0
1416571817	3.0
1573242136	3.0
0151011397	5.0
0306821931	5.0
0307338444	5.0
0912365951	5.0
0312304110	4.0
0316069515	5.0
031238114X	5.0
0062107909	5.0
1742200508	5.0
0385349963	5.0
1416598065	5.0
0811876942	5.0
1434702065	5.0
1416571809	3.0
1400044197	1.0
1442409053	2.0
B008DSJBQU	3.0
B007UPF03U	1.0
0385743874	5.0
0765316978	4.0
0547577206	4.0
0380709139	5.0
0425233553	4.0
0689872372	5.0
0465003370	5.0
1400082463	4.0
1416565159	5.0
0062065653	3.0
1935052659	5.0
1595544984	3.0
0761454403	5.0
0307457850	4.0
1423164911	5.0
1595230637	5.0
054761215X	5.0
0547612168	5.0
1603583068	5.0
1118600754	5.0
0137152221	5.0
0805090266	5.0
1937856976	5.0
0849946441	5.0
1566633826	5.0
0486202909	4.0
1451668724	4.0
061514750X	5.0
0240810104	5.0
0470293411	5.0
1416541195	5.0
0142800821	5.0
0446573051	5.0
0316011355	5.0
141699081X	5.0
0544107713	5.0
1433527073	1.0
048663518X	5.0
1416533222	4.0
0310266289	5.0
0805090274	5.0
0739304038	4.0
0060974680	3.0
0785109242	5.0
0062220500	5.0
0143118226	1.0
0310950929	4.0
1250006651	5.0
0618737405	5.0
0984295119	2.0
1432724398	5.0
0062064223	4.0
0393058263	5.0
1594482586	4.0
0982095600	3.0
1476730091	5.0
1596438924	5.0
0547368925	4.0
0806527285	5.0
1599906333	3.0
1578565650	4.0
0849921244	5.0
1477817255	5.0
140008105X	5.0
1442450894	5.0
022408156X	3.0
0307594084	5.0
0345475518	5.0
0142004332	5.0
B00DL1LYYQ	5.0
1554079373	5.0
0520253175	4.0
0385302312	5.0
0062026089	4.0
0399156585	5.0
0465013686	5.0
054758136X	4.0
0061990639	5.0
076452562X	3.0
1477817247	5.0
0756638437	4.0
0062032755	5.0
1400064503	2.0
1770852255	5.0
0060765364	4.0
0393064921	4.0
1596915781	5.0
0793591228	5.0
0399156577	5.0
0385302320	5.0
0470455586	5.0
1579653715	4.0
147522219X	1.0
0739475312	5.0
0307458229	3.0
0547572417	4.0
0140285601	5.0
0446573019	3.0
0307266869	2.0
1426207182	5.0
1574889230	5.0
146801479X	5.0
0310320259	4.0
1439239088	5.0
0849946514	5.0
038535083X	5.0
0971949565	2.0
0385344171	2.0
1859859313	5.0
0062120050	5.0
0399168540	5.0
0452263476	5.0
1598007149	5.0
0198609906	5.0
0062113763	5.0
0323082327	3.0
0763658308	5.0
0307594033	5.0
0800733835	5.0
0451462904	5.0
1594160333	5.0
1118021959	5.0
147780529X	4.0
0062082930	5.0
0061450758	5.0
0756639735	5.0
0307455173	2.0
0849946506	5.0
0312619766	4.0
0307955524	5.0
1416958630	5.0
0679643656	3.0
0805092862	4.0
0547482523	5.0
0061015733	5.0
0062203215	4.0
0143121006	3.0
0142419672	5.0
0553802941	5.0
0761144609	4.0
488996181X	5.0
0385738579	5.0
0307720144	5.0
0451238508	3.0
0761458085	5.0
0062135953	4.0
006176275X	5.0
0062237470	5.0
1569755884	5.0
0312567251	1.0
0842342524	5.0
1770852212	3.0
0451213262	5.0
0152001174	5.0
B007IL90V4	5.0
0670032913	5.0
1413301797	5.0
1449319432	5.0
0123852226	5.0
0062082957	5.0
0312424795	5.0
0385347235	5.0
1439201307	4.0
0743297989	4.0
1250016886	4.0
0735625336	5.0
1577318978	2.0
1608320367	3.0
0470568135	5.0
0671042262	5.0
1442413050	5.0
1593154593	5.0
0307932885	5.0
0399155279	5.0
0061990612	5.0
0618784608	3.0
0062048279	4.5
0143034677	5.0
0684836610	3.0
1595546642	3.5
0345524969	5.0
1612786669	3.0
1890612340	5.0
0064442640	5.0
0547581319	3.0
0062088254	4.0
0307929248	4.0
1250015545	2.0
0062006428	5.0
0316056197	5.0
0470527617	3.0
160094048X	5.0
0007299540	5.0
0789493330	4.0
0979267102	5.0
0312334893	5.0
1933405171	5.0
0778314529	2.0
0803734719	4.0
0743252217	3.0
0240522001	5.0
039915969X	3.0
0794419348	3.0
0761458034	5.0
0143117882	4.0
B0089H006A	5.0
0764549685	2.0
1574715658	5.0
0060554827	4.0
1427201412	4.0
0470648694	5.0
0789306840	5.0
0060285966	4.0
0544225252	5.0
0061337587	3.0
0425243826	5.0
031255219X	5.0
0316216852	5.0
0142424129	5.0
0544217624	5.0
1466252928	5.0
0312426526	5.0
1612182208	5.0
0151972036	1.0
1413308368	4.0
1419687115	1.0
0345536959	4.0
0451095618	5.0
1582343861	5.0
087839415X	5.0
0761458042	5.0
0595283721	4.0
0374530491	5.0
1426212585	5.0
1608198723	4.0
0061735175	3.0
0399151737	2.0
0446547573	4.0
0062078011	5.0
0425227790	5.0
0307986659	4.0
0307454703	5.0
0765322730	4.0
1579653790	5.0
0415657075	5.0
0547244371	5.0
0805098100	5.0
0470565071	4.0
0805495215	3.0
1579128483	5.0
0062049577	5.0
0316068195	5.0
0399254528	2.0
0385736762	5.0
0596005504	5.0
014027541X	5.0
0007447868	4.0
0982338295	5.0
1596434503	5.0
0735620520	3.0
1413313736	4.0
031218087X	5.0
0849920779	5.0
0307950654	4.0
0803734735	3.0
1400068916	5.0
0132489627	5.0
1400323665	4.0
0843959800	4.0
0764956108	5.0
0679009256	5.0
1935961144	4.0
0152046097	3.0
0385341970	4.0
140031299X	5.0
1579128491	5.0
140000490X	5.0
1257080172	4.0
1442443715	5.0
1590595629	2.0
0470674938	4.0
0399137424	5.0
1416935142	5.0
1465414584	5.0
0895260816	3.0
0743269098	5.0
1558323759	5.0
0470556110	3.0
0470174625	5.0
0240818814	5.0
0143113496	5.0
1859859399	5.0
1400314739	4.0
0399151788	3.0
039915177X	5.0
1603582517	5.0
161695146X	2.0
1626361088	4.0
1481422340	5.0
0062060740	5.0
0307947076	2.0
0802722725	5.0
0240522044	5.0
0486613887	5.0
0486480356	5.0
0307878007	3.0
1470052555	3.0
1582972869	5.0
0062259652	5.0
141331063X	5.0
078523120X	3.0
0425251403	4.0
0446526681	4.0
0375412026	2.0
0470614471	4.0
1402773234	5.0
0425246043	5.0
0740777467	4.5
0547558139	4.0
0670023116	5.0
1611090571	4.0
0521869110	5.0
0596154232	5.0
0520262093	5.0
0312553498	5.0
1591842794	5.0
0060899735	5.0
1118639715	5.0
0374179549	5.0
0743406656	5.0
0399157077	3.0
141658563X	5.0
1582343896	2.0
0596802811	5.0
0385535155	2.0
0465022510	5.0
1600610641	2.0
1935279505	5.0
0060575735	5.0
1584690623	5.0
0670015547	5.0
0061120405	4.0
0152050167	5.0
1433526670	4.0
034553302X	5.0
1743214251	5.0
1439191050	5.0
0374305188	4.0
1612182216	2.0
1432733249	5.0
023034187X	5.0
0738725900	4.0
0375433392	5.0
0399162410	4.5
0452298156	5.0
1477817239	4.0
0062236997	5.0
0515138339	4.0
1416585672	4.0
1623650860	3.0
0890514577	5.0
1743214243	5.0
140032369X	5.0
0525951563	4.0
157067163X	5.0
3540416625	5.0
0545165571	5.0
1452107904	5.0
141436444X	5.0
0307717372	5.0
0373892713	3.0
0060098902	3.0
0778314596	2.0
0307446298	5.0
0060878835	4.0
059600687X	4.0
0761461620	3.0
0765338289	2.0
1937856046	4.0
0375704469	4.0
1564774104	5.0
0811869881	5.0
1413310656	5.0
0123821924	5.0
1586481843	5.0
0345466632	5.0
1605298476	4.0
1477817220	4.0
0132432749	5.0
0439078067	5.0
0890420246	5.0
0143142437	5.0
1442435828	5.0
0312587481	5.0
1118657918	5.0
0842360611	2.0
1843179962	1.0
0742549771	5.0
0547678231	5.0
0233001506	5.0
0743259920	5.0
031242888X	5.0
1620151634	5.0
1413308651	4.0
0983377324	4.0
0553588346	3.0
0307729311	5.0
0310292468	4.5
0307273512	3.0
1616201126	5.0
0735620385	5.0
0137058497	3.0
0151012164	5.0
0890516693	5.0
1455778605	5.0
160286005X	5.0
014044503X	5.0
0849947073	4.0
0375503374	5.0
0316248193	5.0
0375425314	5.0
1907152474	5.0
1612183018	5.0
0547257619	5.0
1590172329	4.0
0240814193	3.5
0547807961	3.0
0061668095	5.0
0312577206	5.0
0307593436	2.0
1608820254	4.0
1469218208	5.0
1612184340	5.0
0545290147	4.0
0143037250	5.0
0312369123	5.0
0312358482	5.0
1401600646	5.0
0321823745	3.0
193600917X	4.0
141692745X	5.0
0399156909	5.0
B008CZY9O8	4.0
1623651085	3.0
0310742943	5.0
0439284031	5.0
0615638635	4.0
0061660116	3.5
0061148512	5.0
0385527632	5.0
0470642041	5.0
0547518307	5.0
0983331103	5.0
1421523213	5.0
1118592050	4.0
0545425166	5.0
0470647736	3.0
059306917X	5.0
1600610498	4.0
1250024978	3.0
1250046327	5.0
0307949826	5.0
0765326264	5.0
1936009153	5.0
1936493047	4.0
0061123226	5.0
0847827534	5.0
1578565073	4.0
1118411234	4.0
1439229724	5.0
0439640113	5.0
B00L2FQJC0	4.0
0375869069	5.0
0809229773	4.0
0765320967	3.0
1602860041	5.0
0240814177	5.0
1250023637	2.0
0399140557	4.0
0761456120	5.0
0060578629	5.0
1442408227	5.0
0547576218	5.0
141430580X	3.0
1597495808	5.0
0062291882	5.0
0316008036	5.0
054757620X	5.0
0451235738	4.0
1570917183	4.0
1400081602	5.0
0385523211	3.0
0802405762	5.0
0671774832	3.0
0151015228	5.0
0316097934	5.0
0399533982	5.0
0061547751	4.0
0399152598	5.0
0470567953	4.0
0152010661	5.0
0307962865	3.0
B004DCB65O	1.0
1594030871	3.0
1601641877	3.0
0553587056	5.0
0761174931	5.0
0385537859	5.0
0373777191	4.0
0786247738	5.0
080212061X	5.0
1477816887	4.0
0310742994	5.0
0060752998	3.0
0374363994	5.0
1414361920	5.0
1465414118	5.0
1477847154	5.0
0441019765	4.0
1400318254	4.0
0615174388	5.0
034552425X	2.0
1416586571	5.0
0312380348	5.0
1439192316	5.0
1612184383	3.0
0099710013	5.0
1449336574	4.0
0449815978	5.0
3836521202	5.0
0152054227	3.0
0811865541	4.0
0385343663	4.0
0060580909	4.0
1590596013	5.0
0670786152	5.0
0824947711	4.0
1401941028	5.0
1558324356	3.0
0547807988	5.0
0007327064	2.0
1845333012	5.0
0849947014	3.0
0762440880	5.0
1601421389	5.0
8866135720	5.0
0689829035	3.0
1404875360	5.0
1570624852	5.0
0618998519	5.0
1936009196	4.0
0805086986	4.0
1600590330	5.0
1616331216	4.0
0989281000	5.0
1118764048	5.0
1118022238	2.0
0061704237	5.0
1432732331	5.0
0778317110	4.0
1558324364	4.0
0133121291	4.0
0547393105	4.0
0544022165	5.0
1416586598	5.0
0375826726	5.0
0061886394	5.0
0142422053	3.0
031072600X	5.0
0307451364	3.0
1439117063	5.0
0800720717	5.0
0978945670	5.0
0553587897	4.0
0811733289	5.0
0385739214	2.0
0099555352	3.0
1933718552	4.0
0345439945	4.0
1468080326	1.0
0099464462	4.0
0812992806	5.0
8862933185	5.0
0811850463	4.0
0062274457	5.0
1608605809	4.0
1413317537	5.0
051513287X	5.0
0060576073	4.0
0618356525	4.0
0061287539	5.0
1401941087	4.0
1400066093	5.0
0451221958	3.0
0989281027	5.0
0240521838	5.0
1414348126	5.0
1414369050	4.0
1593680260	3.0
037587089X	4.0
B007WLUPOQ	5.0
0547719280	4.0
0312428030	5.0
0307955699	2.0
1401900526	2.0
159698001X	5.0
1596980028	5.0
0300146841	3.0
0316154601	5.0
0307953033	4.0
0547073283	5.0
0805081267	5.0
1400203732	5.0
1250033896	4.0
0743204832	5.0
0800719700	4.0
0470176385	4.0
0763661651	5.0
0345505085	3.0
0786867566	1.0
0385753543	5.0
0802120644	4.0
0785231951	4.0
1401687369	3.0
1119992818	4.0
0321534166	5.0
045123393X	2.0
0307588920	2.0
0590437704	5.0
1470195984	4.0
0761149147	5.0
0425236757	5.0
0452286786	2.0
0312283628	2.0
1596635126	5.0
0060535547	5.0
030010989X	5.0
1400316448	5.0
0061173509	5.0
0375824197	5.0
0240817281	5.0
0300119232	5.0
013714234X	5.0
0375421815	3.0
1929774672	4.0
047177197X	3.0
0743296966	3.0
0470688254	4.666666666666667
0804162573	5.0
076364384X	3.0
0470399937	5.0
1442401672	5.0
0062073125	5.0
0618356541	4.0
006177104X	5.0
0345386450	5.0
0877798559	5.0
0240521870	5.0
1620152126	5.0
1741799007	5.0
B007JN67WQ	5.0
0545484367	4.0
1476706174	5.0
0061668060	4.0
1591143292	5.0
0307953068	5.0
0471782661	4.0
1449410243	5.0
0470592087	4.0
1597495867	5.0
1118244044	5.0
0979975301	5.0
0618945199	4.0
0375851712	5.0
0451419707	5.0
0553591967	3.0
0330513613	5.0
0765302217	3.0
1439169950	4.0
0345527380	5.0
0761455647	4.0
0373892179	5.0
015205071X	5.0
0786148829	4.0
0061733636	3.5
0470168730	5.0
0470876328	5.0
0310949602	5.0
1595143378	2.0
0972002111	5.0
1933353228	5.0
1442362383	5.0
0615148964	5.0
0375873996	2.0
0060192461	4.0
1612620248	5.0
0345532740	5.0
0399155686	5.0
0765302209	3.0
1484926471	4.0
1416599002	4.0
1616550414	5.0
0385533438	5.0
0143142410	4.0
0892366583	5.0
B007Z9DDTE	4.0
0385366396	5.0
0099459051	3.0
0192725599	4.0
0226065669	5.0
1416588388	4.0
0312370164	3.0
0385333471	4.0
B0067A2LBS	4.0
0307478432	5.0
059532469X	5.0
0802784860	3.0
1438969570	5.0
0240519531	5.0
0316000124	5.0
0811861112	4.0
0425233685	5.0
0547076347	4.0
1466373830	5.0
1559715731	5.0
0765320088	3.0
1402784821	5.0
0761149120	5.0
1435782143	4.0
0310938945	4.0
174220063X	3.0
0345413350	4.0
0310745160	5.0
140031514X	4.0
0743292561	5.0
0762439033	5.0
3822827630	5.0
0735669627	5.0
0307271722	5.0
0385733976	3.0
0061668036	4.0
1612186149	5.0
0373892160	4.0
0061123250	5.0
0061779814	3.0
0062027190	3.0
0062073168	5.0
006172162X	3.0
0874835631	4.0
1611748992	5.0
1568810725	5.0
1742209866	5.0
097239463X	5.0
0375411933	5.0
0763669520	5.0
0310334748	5.0
0596527594	5.0
0312368704	5.0
144248781X	5.0
0230755062	4.0
1452089396	4.0
145162445X	4.0
1596985666	5.0
1416591109	5.0
0132824973	3.0
1608199770	4.5
1401900496	5.0
0545116740	5.0
006212255X	5.0
1118521781	5.0
1600940560	3.0
039307157X	5.0
1595544313	5.0
0784721033	5.0
1400106567	5.0
0307887960	1.0
0061998249	5.0
0061969702	3.0
0385522843	5.0
0471768286	5.0
0849946654	5.0
0345505123	4.0
0446504106	5.0
1615991182	4.0
0316098329	5.0
1250004578	5.0
0425253368	5.0
1556527780	5.0
0385751877	4.0
031603603X	5.0
0307268934	3.0
0393062627	3.0
0061804428	5.0
0399154272	5.0
0545312841	5.0
0520254376	5.0
0761463313	2.0
0060007478	4.0
013299674X	5.0
159555324X	3.0
0307346676	4.0
1856696146	3.0
1401675433	5.0
0745671470	2.0
1423102266	4.0
0314184716	5.0
043962794X	4.0
0765307006	2.0
044018293X	2.0
1400315999	5.0
0307393879	3.0
0515132020	5.0
0545536014	5.0
1585675970	3.0
1936493837	5.0
1401937764	5.0
0789749858	5.0
0141010118	5.0
1426311249	5.0
0763646849	4.0
0061953385	5.0
0312377622	4.0
B005GM2OB0	5.0
0743270363	5.0
1416971564	4.0
030726632X	5.0
039914840X	5.0
0553808133	1.0
0470621958	4.0
1465401725	5.0
1416560874	4.0
0316077402	3.0
1413312780	5.0
1846860423	5.0
0385339518	5.0
0547820119	5.0
0307587606	4.0
1742204147	5.0
1449392687	5.0
0307277887	5.0
1402241283	5.0
B007ZRH4XC	5.0
015204969X	5.0
1402713983	5.0
0195397932	5.0
0547899262	5.0
099105010X	4.0
0399158685	4.5
0062130145	5.0
0316162264	5.0
0316969443	5.0
0061703842	5.0
0803732228	5.0
1452101671	5.0
1469783231	5.0
0060789484	4.0
1555976263	4.0
0307917371	4.0
0761463305	2.0
015206396X	5.0
1451697414	4.0
0132963876	5.0
0142428280	4.0
157954438X	2.0
1596985690	5.0
0851516513	5.0
0802121012	5.0
0553586661	4.0
1600592066	5.0
B008ENCDNW	3.0
0062230921	5.0
1561635553	1.0
0672325667	5.0
0756613248	5.0
0133092585	5.0
0321321146	2.0
0672325675	5.0
0307730271	5.0
0345441400	4.0
0374342296	5.0
0486292746	5.0
1584302372	3.0
0373210043	4.0
0767914007	5.0
1606521659	5.0
0982773714	5.0
1133776574	5.0
1937786099	5.0
1620152193	4.0
1416549633	4.0
054425208X	5.0
1404190074	4.0
1402287461	5.0
0152167854	4.0
0062110586	5.0
0143035401	5.0
0062126903	5.0
006072613X	4.0
0312424442	5.0
030772929X	5.0
1401936474	3.0
1439140219	4.0
0345396685	5.0
0312674414	4.0
1599903393	5.0
0199928355	3.0
0672333279	4.0
0312373287	5.0
0785227946	1.5
0764207091	5.0
0373210051	3.0
0545623928	4.0
1416595546	5.0
0980226015	5.0
0312379447	3.0
0609607480	5.0
125001171X	3.0
054786762X	5.0
1595548769	4.0
0441017940	4.0
193600920X	4.0
1423190874	5.0
0974531545	4.0
0374168717	4.0
0312864256	2.0
0310744733	5.0
1595543082	4.0
0800721128	3.0
014242207X	4.0
0312587511	5.0
144240339X	5.0
0143117505	5.0
1439149445	5.0
0739468073	5.0
1595555056	3.0
0307387135	5.0
0439903548	4.5
1118370201	3.0
0789741075	3.0
1591842239	3.0
0385340540	4.0
0988047217	1.0
1416963960	4.0
1401940544	5.0
0240811089	5.0
1416987037	5.0
0062107798	5.0
030759176X	4.0
1936009226	4.0
0071600744	5.0
037582233X	5.0
006207086X	2.0
0812520610	5.0
0312380429	5.0
1401685617	3.0
1591796717	5.0
0385339526	5.0
0545304385	3.0
0152047050	5.0
1477847162	5.0
1400073154	4.0
0062003259	4.0
B0058J480Q	5.0
0061718947	5.0
0240811070	5.0
054410935X	5.0
076530788X	5.0
1413309127	5.0
0399157387	5.0
0307729249	5.0
0312534884	5.0
0307464636	5.0
1466471425	4.0
0142402494	5.0
0375434313	5.0
0142427799	5.0
1935597078	4.0
0805090983	4.0
4889961135	4.0
0345804406	4.0
0370332288	5.0
1413319378	5.0
0385339534	5.0
1477847170	5.0
0547739648	3.0
1400053552	5.0
1400044618	5.0
0385737505	2.0
1119976871	5.0
0399156046	4.0
1843106949	2.0
1416936351	5.0
0794421741	3.0
0892967986	4.0
0805096299	5.0
0062060619	5.0
0385339542	5.0
0312642806	5.0
0316007587	5.0
0544096452	3.0
0307396061	4.0
0547738307	5.0
0062102907	4.0
0439023483	5.0
0553383485	5.0
0375415424	5.0
085707315X	5.0
0062005855	4.0
0956986676	4.0
0152063110	4.0
1582431051	5.0
141658661X	5.0
0811864278	5.0
0399160132	2.0
0345522478	5.0
1904492460	5.0
B004NIFNKM	3.0
1566636434	5.0
0061702587	3.0
0545436796	5.0
0596528000	3.0
0529110113	5.0
1598000462	4.0
1423104080	5.0
0316041440	4.0
0547739621	5.0
0060936428	5.0
0439023491	4.0
0345522494	5.0
1250006341	5.0
0240814150	5.0
0345499662	3.0
046501836X	5.0
0789741032	3.0
0374351147	5.0
1401943616	3.0
0785232435	4.5
1401940587	5.0
031612351X	3.0
0345522486	5.0
1477817328	5.0
1477809708	4.0
0373774877	5.0
161109044X	5.0
0312375042	3.0
031074475X	5.0
0399147144	5.0
0374280398	5.0
1416595562	5.0
032149573X	2.0
0385340559	5.0
1423151283	2.0
1604076275	4.0
0316123536	3.0
1416958568	5.0
0596005423	5.0
1250028582	3.0
1451525834	2.0
0061702560	2.0
0471089656	4.0
0805096248	5.0
0399159126	5.0
1931498237	5.0
0887402801	3.0
1439129835	3.0
0425243923	5.0
0062194178	5.0
0385340567	5.0
0072258705	4.0
0062119796	4.0
0060558288	1.0
0061914622	5.0
0470497653	5.0
111826682X	5.0
0399156097	4.0
0470497645	4.0
0198506147	5.0
0805076662	4.0
1606840606	3.0
1936009242	5.0
1416552405	2.0
0789742438	3.0
1936010054	4.0
1439172633	5.0
0938497510	5.0
0399153764	5.0
0811200329	5.0
0545327881	2.0
1780671067	5.0
0547751966	2.0
0761456007	5.0
0671868918	5.0
0425251608	4.0
1404867864	5.0
0062217135	5.0
1497518164	4.0
1936009056	5.0
0061985848	5.0
0062010298	5.0
1439171300	4.0
0061341428	5.0
0738213799	3.0
0615365825	3.0
0240810708	4.0
0061985864	4.0
1556527071	3.0
1612184227	2.0
1404867880	5.0
1477847235	4.0
B00I2WKX1E	5.0
0316126675	5.0
0062060554	3.0
0811864367	3.5
1467978302	5.0
0060522976	5.0
0071508570	3.0
0374307989	5.0
1413309844	4.0
089051657X	5.0
0132620340	5.0
0062003976	4.0
0765311089	5.0
1421409429	4.0
076531410X	5.0
0375837310	5.0
0849964547	5.0
075345842X	4.0
1118360923	5.0
1603201270	3.0
0007431201	5.0
0671774778	3.0
1611099676	3.5
0982324286	4.0
0312580746	5.0
079227363X	3.0
0062198505	5.0
055338466X	5.0
0312369263	5.0
0805093176	5.0
0345528719	4.0
0890517886	5.0
0240521765	5.0
0241950449	5.0
0743238095	3.0
1414325533	3.0
0060934832	3.0
0316003956	5.0
006270155X	4.0
0375507876	5.0
1423134869	3.0
0547201958	5.0
0142411493	5.0
0307338266	5.0
0789749068	3.0
0763652849	5.0
0385535376	5.0
1846032636	5.0
0425251616	4.0
0307887146	5.0
1592579493	3.0
1930865597	5.0
1595552715	4.0
0375858296	3.0
1118124146	5.0
0756631149	5.0
1401938175	4.0
0812976843	3.0
0890517894	4.0
042521771X	3.0
074325547X	4.0
1878076302	5.0
0470890754	5.0
0312384831	5.0
0439862787	4.0
0805062882	5.0
0671774719	3.0
0399152474	3.0
0375834257	5.0
0399164456	5.0
031286129X	5.0
0062027913	4.0
1442350458	3.0
054402771X	3.0
0765302195	4.0
0061779768	4.0
1400005159	5.0
1612184251	2.0
0961392177	3.0
1885358970	5.0
0312580762	5.0
0226038130	5.0
0066236207	5.0
161109965X	4.5
0439587530	5.0
0547893159	4.0
0449808696	5.0
0152054359	4.0
0399153799	4.0
0805062890	5.0
0321700945	5.0
1423430131	4.0
1556529694	2.0
1440318417	5.0
038536315X	5.0
0062071246	4.0
0547152426	5.0
0300110154	5.0
0395175135	4.0
047076905X	4.0
0786712260	3.0
1421535149	5.0
1593593198	5.0
0545233445	5.0
1416961224	5.0
1480439703	4.0
0547794231	5.0
0060563486	3.0
1612185592	3.0
B00EVUW06W	5.0
0385501129	4.0
1492291560	3.0
039915681X	4.0
1576601919	3.0
030728364X	5.0
1425781284	2.0
0615727425	5.0
0547385609	5.0
0811865665	5.0
0547512910	5.0
080507791X	5.0
0761455582	5.0
0786717939	5.0
1422120600	5.0
0061926663	2.0
0374326282	4.0
1432701967	5.0
0099457156	4.0
0425246221	4.0
0545265045	5.0
0849947138	4.5
1421535130	5.0
0743297296	5.0
0240817362	5.0
037584449X	5.0
039915907X	5.0
0061560855	5.0
1612184243	4.0
0811878988	4.0
074326875X	5.0
1440552614	4.0
0811873293	5.0
0345515463	4.0
1118277562	3.0
1843108801	5.0
0307595919	4.0
0618409491	4.0
1477663096	5.0
0061684228	4.0
0061724602	3.0
0061662836	4.0
0743259882	2.0
0399154213	5.0
0615689485	5.0
0199563837	5.0
0812967968	5.0
1439225419	5.0
0425223523	5.0
1465416072	5.0
1594201056	4.0
0807547026	5.0
087477845X	5.0
1439194823	2.0
0373210264	4.0
0521520940	5.0
0399154205	2.0
1444746138	3.0
1426765614	5.0
0743258541	3.0
1612186009	5.0
1597495786	1.0
0060931728	5.0
0152020136	5.0
1601310358	5.0
1477820124	5.0
0981969712	5.0
0545178142	5.0
0321699424	4.0
1623651123	2.0
0812992938	5.0
0062083260	4.0
0306808749	4.0
0822567644	5.0
0974537632	5.0
0375821813	5.0
0801891620	3.0
0758268661	4.0
0143118048	3.0
1449382592	5.0
0802126065	5.0
0061721557	2.0
B00L0L094K	3.0
0545222761	5.0
0143057588	5.0
0671027379	5.0
0805086838	3.0
1419684671	5.0
0857051873	3.0
0375868488	5.0
0142000280	4.5
0062095269	5.0
0552546321	5.0
034551548X	2.0
0385513992	5.0
0240808452	5.0
1416986510	5.0
1440552649	3.0
0547428499	3.0
0062114867	3.0
0385742770	4.5
0141326085	3.5
0240810783	5.0
0151010269	5.0
0140143505	5.0
0307749649	5.0
0812967976	5.0
0544146247	5.0
0312384009	5.0
015101289X	5.0
0321634934	4.0
0615192335	5.0
0679762655	5.0
1416974547	2.0
1573443972	4.0
0345497945	5.0
0143143832	5.0
1402211317	3.0
0307245306	5.0
140418984X	5.0
162015157X	5.0
0547391404	3.0
1432716107	5.0
1934359920	5.0
157284096X	5.0
0967481732	4.0
159643600X	5.0
1580895603	5.0
1416978909	4.0
0800719840	5.0
0740773739	5.0
0974537616	5.0
0312428170	4.0
0439023513	5.0
158008804X	4.0
0316154741	5.0
0817638660	5.0
1416986529	5.0
076145683X	5.0
0307275175	5.0
0061659223	4.0
1439102724	2.0
0761456848	4.0
1577316983	4.0
0307336492	5.0
0618339280	4.0
B00G4E050G	5.0
0670022810	3.0
034553283X	5.0
1594031444	5.0
0553584065	5.0
054410577X	5.0
1596434252	4.0
0316277665	4.0
0376020598	5.0
0312428189	5.0
0762441437	5.0
1595542590	5.0
1572840986	3.0
1934670618	5.0
0307962903	4.0
0307887995	4.0
1599903423	5.0
0671774786	3.0
0143106031	5.0
111818646X	3.0
0385739141	3.0
1620152010	5.0
1595553231	5.0
0446579815	4.0
1420103385	4.0
0316013315	5.0
1400051991	5.0
1477816909	5.0
B0085XSRCC	5.0
0399134654	5.0
0345539478	5.0
0547511698	5.0
1468301209	5.0
1595553223	4.0
0890511772	5.0
0451139941	5.0
1612186041	5.0
0316600806	1.0
0976777126	5.0
0152165967	5.0
0143039717	5.0
1575370581	4.0
0061953407	5.0
0812978676	4.0
0099911701	5.0
1416985220	5.0
085707802X	3.0
0803735340	5.0
0805092684	5.0
0060092939	4.0
0875965997	5.0
1465416056	4.0
0062273221	5.0
0890517045	5.0
0805095713	4.0
0805090029	5.0
1452257337	5.0
0812992954	3.0
1400063957	2.0
0763663522	5.0
0399154221	5.0
0060723831	5.0
0978918118	5.0
0143035371	5.0
0763650226	5.0
1561457302	5.0
0375837337	5.0
0062129902	4.0
0849921392	5.0
0152004963	3.0
0545042143	4.0
0312340427	2.0
0742551172	5.0
1570764050	5.0
0312113420	5.0
0312604467	5.0
0060287977	4.0
0525426035	4.0
0399508066	5.0
0984731202	4.0
0380769492	5.0
0152049770	5.0
077043584X	3.0
0373605412	5.0
0316025283	5.0
B008WVLQP2	5.0
0985361603	4.0
1595546871	3.0
0811869253	5.0
1411646479	4.0
006073132X	5.0
0470879483	5.0
0544022912	3.0
1599905248	4.0
0547572638	4.0
0615148239	5.0
0761455604	5.0
0316156507	5.0
1606842323	3.0
0918172020	5.0
0143122134	3.0
0345538064	4.0
0312323921	4.0
1401341675	4.0
0152048448	5.0
0307459349	5.0
0307913090	5.0
1595546863	5.0
1400066921	5.0
0979268605	5.0
0811870243	5.0
0307458016	4.0
0062079980	4.0
0307389006	4.0
0615148247	4.0
0061149047	4.0
0062274627	5.0
015101292X	4.0
1476739919	1.0
140031321X	4.5
0812977386	4.0
0062314254	5.0
0375840028	5.0
0743216776	5.0
1449435483	4.0
0470768649	5.0
B008HLH21E	1.0
B00CTRMASC	5.0
0470113456	3.0
0142421715	2.0
0812992997	5.0
0596004826	5.0
0312376464	4.0
0789748649	5.0
0547386109	5.0
0061896438	5.0
0615148255	5.0
0062305301	5.0
1935597108	4.0
0739464418	5.0
0618997180	5.0
1416942068	5.0
0321321235	3.0
0812977378	5.0
1599905256	4.0
B00BL6T2SI	5.0
0345538080	4.0
0375430008	5.0
0439320925	5.0
0374299013	4.0
0240812433	5.0
0143036629	4.0
0743527992	5.0
0446360856	5.0
0312608861	5.0
0307908542	4.0
1416954023	5.0
0914955063	5.0
1405187565	5.0
1741797101	5.0
0152061452	3.0
0062100203	5.0
1118583957	5.0
0316018953	5.0
142621183X	5.0
0373892101	3.0
1612183727	5.0
1449316190	4.0
1476710201	3.0
0547904312	5.0
0486413365	4.0
0739452495	5.0
0064473589	3.0
1569479542	3.0
0789737973	5.0
0061986356	4.0
0451411943	5.0
1849050996	5.0
1596980907	5.0
0399159894	5.0
0374380643	5.0
1605090026	4.0
0800719786	5.0
0553593064	3.0
1416908129	4.0
0974019038	5.0
0060854235	3.0
0976647907	5.0
0470182024	2.0
0321526376	3.0
0979268656	5.0
1589973941	5.0
0061957844	4.0
0553808036	5.0
0060571993	5.0
1593272774	4.0
0060594632	5.0
0123749530	5.0
0984589082	4.0
1414348134	5.0
1442484896	5.0
0689861877	3.0
0785227814	2.0
0547341261	5.0
0763650196	5.0
1118369378	4.666666666666667
0399151923	5.0
0375856463	5.0
0974019003	4.0
0970062680	5.0
1890626740	5.0
077831474X	4.0
0385528256	1.5
0307595110	5.0
1601420749	3.0
0470455772	4.0
0307272095	4.0
0689861885	4.0
0805460748	5.0
0316127191	5.0
0399154191	5.0
0307268845	3.0
0425252108	5.0
0373605404	4.0
1555976123	5.0
0399167498	4.0
076366040X	5.0
1592335489	3.0
006185283X	5.0
031602175X	5.0
0679722645	5.0
0743288408	4.0
0958278709	5.0
1595549978	4.0
0470149469	5.0
0689869738	5.0
1933771771	3.0
0321501926	5.0
1605294705	3.5
1400065666	5.0
1580086306	3.0
006114245X	5.0
0802795471	5.0
1590172167	5.0
0451160479	4.0
0547435584	5.0
0803732309	5.0
030798687X	3.0
0446568260	4.0
0375855955	5.0
0374299080	4.0
B007K9CUCK	5.0
0399256911	5.0
0446612863	2.0
0330490699	3.0
1934137340	3.0
0156030322	5.0
1595544283	5.0
0240522249	5.0
0061706876	4.0
0786173955	5.0
0545100410	5.0
0373250258	2.0
0983223238	5.0
0979268699	5.0
0099297701	5.0
039916393X	5.0
0763665215	5.0
0700615318	4.0
0061470902	5.0
0670038423	5.0
1556527810	4.0
0446391174	5.0
143272584X	5.0
0743454502	4.0
0756614651	5.0
1423131754	4.0
1593593260	5.0
0143118951	4.0
0452290007	3.0
146639644X	5.0
0307599590	4.0
1439150338	3.0
0770436315	3.0
0689823517	5.0
193360526X	5.0
0471754471	3.0
0435550268	5.0
1933476109	5.0
0310728592	5.0
1416583688	5.0
0544022084	4.0
0062090364	3.0
159990702X	5.0
1599900408	2.0
B009K7S5E2	5.0
1585425524	4.0
0972177000	5.0
0470124172	3.0
0345526945	4.666666666666667
0240814215	5.0
0761461426	4.0
006058310X	5.0
1426200315	2.0
0743299981	3.0
0321269063	4.0
1936493063	5.0
1416598731	3.0
1596912898	4.0
1442456841	5.0
0192723707	4.0
B00KQ8D3QE	5.0
0547443153	5.0
1118122372	5.0
1455577790	4.0
0061921033	2.0
1423107233	5.0
1481217704	5.0
0898219108	5.0
0143113240	5.0
1611090326	4.0
0195314638	4.0
0763636746	5.0
0547863365	3.0
0316021733	5.0
1413319238	5.0
1590526015	5.0
0061958301	4.0
0307265757	5.0
0393058476	5.0
1401931510	3.0
0470942312	3.0
0743277724	4.0
1401940471	3.4
076145604X	5.0
0765318482	4.0
0062024027	5.0
0763644374	5.0
0983782334	4.0
0240817303	4.5
0061964174	3.0
0060518952	4.0
1416982981	4.0
0761456066	3.0
1593154763	2.0
1936009145	5.0
0547681704	4.0
0312599447	3.0
0575077662	5.0
0578000717	4.0
0981085202	5.0
0143118900	3.0
0674015703	2.0
0062133950	4.0
0060573775	5.0
0765318474	5.0
B00DOBWBFY	5.0
0613998057	3.0
0811879429	5.0
1439138656	5.0
0618723412	4.0
0811875067	5.0
0307739368	5.0
0061689866	3.0
0465018270	5.0
0399153705	5.0
1410436349	2.0
0062200348	4.0
1847192971	3.0
0345533267	3.0
0842360565	3.0
0143113208	5.0
1890085057	5.0
1416958436	4.0
1603420797	5.0
0545349184	4.0
0399157298	5.0
160718124X	5.0
0123860016	4.0
1595550976	3.0
0441016790	4.0
1612183794	4.0
1933605243	5.0
0307379663	5.0
1400063035	5.0
0425248011	4.0
098004250X	5.0
0738735930	3.0
0240814258	5.0
0307717127	4.0
1601422520	5.0
0152053891	4.0
0849901081	4.0
032171962X	5.0
0425251721	3.0
1936096625	5.0
0345515501	3.0
0307591484	5.0
1404105298	4.0
1592401716	5.0
0553386719	5.0
0061728497	5.0
1456492268	5.0
0684832836	4.0
1594486395	4.0
1440552703	3.0
0060291559	5.0
1419596063	5.0
1423203623	5.0
B00K08SE5A	5.0
193290705X	5.0
1595550445	4.0
0756612977	5.0
0061715174	5.0
0385743564	4.0
034581360X	4.0
1605295981	4.0
1416978844	5.0
0330449605	5.0
038534340X	4.0
0553386700	5.0
0552151734	2.0
0470947802	3.0
0060724226	5.0
0578054167	5.0
0679891307	4.0
0310328764	4.0
0007193521	1.0
0061584991	3.0
140418712X	5.0
1118013980	5.0
0596515804	5.0
1586421654	3.0
043911019X	4.0
031232359X	3.0
0671532766	5.0
0143142216	2.0
144243385X	5.0
0399152776	5.0
014305838X	5.0
1416573011	4.0
0545222249	5.0
1416991824	3.0
0544102576	3.0
0060530480	5.0
0060094117	4.0
031262168X	5.0
0811856828	5.0
1477847316	5.0
0446580570	5.0
1856696820	3.0
0345511174	4.0
1595548114	4.0
0141027592	4.0
0307730999	5.0
1469210932	4.0
1616440163	5.0
0399151435	5.0
0807517348	5.0
0142411132	5.0
0062195344	3.0
144241958X	5.0
1416563687	5.0
0060737581	2.0
1612183239	5.0
1593274068	5.0
141695046X	5.0
0399256539	3.0
098278760X	5.0
0312644388	5.0
1118721551	5.0
0399143823	5.0
0061797022	3.0
193778620X	5.0
1937786218	5.0
078523179X	5.0
044652929X	4.0
1603583327	5.0
0307341569	5.0
1449341705	5.0
0316002925	4.0
080073338X	5.0
0786157933	5.0
097649437X	5.0
081299308X	2.0
140519670X	5.0
0439925487	5.0
193399410X	2.0
0143142232	4.0
0143144898	1.0
0804800049	5.0
0763647128	5.0
0307378845	4.0
B005K1R2A0	5.0
0803738552	5.0
1419656252	5.0
141430076X	5.0
1441758321	5.0
1844168034	2.0
045146365X	4.0
0060799846	5.0
1440475172	5.0
038574224X	3.0
0802723640	5.0
0061227692	5.0
0142800562	3.0
1611880327	4.0
0596009658	5.0
1615190783	3.0
0446575178	3.0
1416989536	3.0
0739332414	5.0
0062184687	5.0
0470487550	5.0
1935600028	4.0
047174719X	3.0
0892728167	3.0
0375505741	5.0
0143114166	5.0
0985784016	5.0
1420121707	4.0
0061259217	5.0
0312360525	3.5
1402213484	3.0
0061791784	4.0
0970959680	5.0
0931674948	5.0
0345470974	5.0
0761459812	3.0
0553294903	4.0
0307444821	4.0
0321832876	5.0
0007430671	5.0
1432712985	5.0
1400311403	4.0
0812993071	5.0
1846033659	5.0
0312368488	5.0
1597776300	5.0
0374298637	5.0
1905140150	4.0
1118124057	5.0
0062209698	5.0
0099281996	5.0
031236847X	3.5
0470230193	5.0
0307749584	5.0
0240811712	5.0
1400318041	5.0
1250019354	4.0
0061663417	3.0
0802722334	4.0
0696232634	2.0
0345514246	3.0
0373210728	4.0
0385343434	3.0
0375855939	5.0
006208576X	3.0
1118024648	5.0
0525949534	5.0
1400069777	5.0
1404189777	5.0
0307729982	5.0
1561589721	5.0
0385742282	2.0
1400318033	5.0
1441419721	4.0
0061730742	5.0
1118124065	5.0
0061791768	4.0
045123023X	2.0
0310727588	5.0
034552621X	4.0
0446195502	2.0
0062033689	4.0
0743277198	5.0
0547976518	3.0
0544232690	5.0
0439087279	5.0
9401413967	2.0
0486209202	5.0
054524269X	4.0
052188747X	4.0
1604141239	4.0
0545151333	5.0
1401301045	3.0
0547976526	5.0
1463711042	5.0
1401302378	3.0
0061128716	4.5
0312583729	5.0
0670032549	3.0
0307480569	4.0
0761455442	5.0
1477800662	2.0
1423605551	5.0
1599636506	5.0
006156754X	4.0
1414301278	5.0
0374347255	5.0
1590514750	4.0
1413305768	5.0
1591797489	2.0
1442423668	5.0
0070542341	5.0
0240811763	5.0
1419695894	4.0
1460989880	5.0
0765329921	1.0
190514010X	5.0
0446691437	5.0
0385753780	5.0
0345463838	5.0
1476762066	3.0
0547636695	3.0
0547558635	5.0
B007VZ0F0M	4.0
0849947219	5.0
1595230955	5.0
0880013516	4.0
1937538044	5.0
0060761288	5.0
0387201092	5.0
0743222016	1.0
0240811755	5.0
0307715310	4.0
1623150078	4.0
1401675158	5.0
0979974674	5.0
0778329372	3.0
1596435291	5.0
1416953582	4.0
1844168093	5.0
0553591703	4.5
0439895979	5.0
1423121287	3.0
0240811739	4.0
1591391105	5.0
1579550088	3.0
0060929510	3.0
080214179X	5.0
006000150X	5.0
0979259800	5.0
0061710318	1.0
0545265355	5.0
0547636687	5.0
007054235X	5.0
1402202733	5.0
1118487478	4.0
158816635X	5.0
0451226119	5.0
1494355655	5.0
0399157646	4.0
0307279898	4.5
1402214758	2.0
0977954536	5.0
0670033820	3.0
0143122622	5.0
0802122647	4.0
047004733X	5.0
078974953X	5.0
0470551771	5.0
0553591711	2.0
156010967X	5.0
1475134363	4.0
0425243214	5.0
0240813510	5.0
0439598397	5.0
0062121030	2.0
0394552016	5.0
1400204879	5.0
1442421053	4.0
0765304635	5.0
0307729915	5.0
0143122614	4.0
0981608736	3.0
0061577790	4.0
1401938949	5.0
0470545097	5.0
1250014506	5.0
0061137634	5.0
0740784315	4.0
1936493616	4.5
0750685255	5.0
1416939288	4.0
0700618260	4.0
0240814835	5.0
067964444X	3.3333333333333335
1935562126	2.0
0789742926	5.0
0470372273	5.0
0064402371	4.0
0061579521	5.0
039306770X	5.0
1594033722	3.0
1423123018	4.0
0156013606	5.0
0142419044	5.0
0060872985	5.0
0805092560	3.0
1118642236	5.0
1118173023	5.0
0807504874	5.0
0375410864	5.0
1432718215	5.0
0240811798	4.0
0415656850	3.5
0547394608	5.0
0679750533	5.0
0312426909	5.0
1599903547	3.0
0670020540	4.0
0152017909	4.0
1599907909	4.0
0061963313	5.0
006193836X	4.0
1595552243	4.5
0062083198	5.0
098856436X	5.0
0399245065	5.0
0316066141	5.0
1439145741	4.0
0743291476	5.0
0061998869	4.0
0544025830	5.0
0240520769	4.0
1414327862	5.0
054731583X	5.0
0765312239	4.0
0553590413	5.0
0141013885	5.0
0967089735	5.0
0307388298	3.0
0310494540	3.0
0195061012	5.0
1595552197	4.0
0399245073	5.0
1846073723	2.0
1400314410	4.0
045146415X	5.0
0545123267	5.0
0307931889	5.0
0761453776	5.0
089221709X	5.0
0345538196	5.0
0307714845	5.0
1589977130	5.0
0240812107	3.0
0517886022	5.0
1589796667	5.0
0545215129	5.0
1250028310	5.0
0743582438	4.0
0451236491	4.0
0547411634	5.0
0061177601	3.0
1118026489	5.0
1402270828	5.0
0385349521	5.0
0385351836	5.0
0765326809	3.0
0226238350	5.0
0307951499	3.5
1400311381	5.0
0765305097	5.0
0310330157	4.0
0062015079	5.0
1846034140	5.0
0316053619	3.0
1416971300	5.0
0765330075	4.0
1595545875	4.0
0385532431	4.0
1401322824	4.0
1603585044	1.0
0142404039	5.0
1607740036	5.0
0133101029	5.0
0349000328	4.0
143438361X	5.0
1938701062	1.0
0091954053	4.0
1571316922	4.0
0199737509	5.0
0345505352	5.0
1595553495	4.0
0547548443	4.0
0452152984	4.0
1595545867	2.0
0062015052	5.0
1250039010	4.0
193349512X	3.5
0545320690	5.0
0240814738	3.0
0307907317	5.0
B005EGWSIC	4.0
1894872215	2.0
0061974072	5.0
0307907333	4.0
1597495573	3.0
0312426836	4.0
9812469702	2.0
0062240501	4.0
0385349548	5.0
0761163239	5.0
0399159304	5.0
1449904556	4.0
1602374104	5.0
1400043956	4.0
0470102608	5.0
1250039029	3.0
0739438069	4.0
0763647926	2.0
0345523962	5.0
0805087141	5.0
1897073747	5.0
0571211038	5.0
0199565945	5.0
0230612652	4.0
0310720184	3.0
0984675108	4.0
006113094X	3.0
0441015956	4.0
0240812131	5.0
0375869638	4.0
0739456741	4.0
0312300948	1.0
080508181X	5.0
1451698984	4.0
1592402224	5.0
0307245640	5.0
0547241879	3.0
0307379361	5.0
0805093842	5.0
0307955893	4.0
0545249341	5.0
0307383415	5.0
0307730069	4.0
0316068705	5.0
1418543748	4.0
1611090261	4.0
1594486409	4.0
0345533313	5.0
0061851892	5.0
0743264738	5.0
0446195529	3.0
0399148639	5.0
0892217049	5.0
1571746056	1.0
1594487731	5.0
0547569335	5.0
1597494224	5.0
075824679X	5.0
0767927532	4.5
9810235437	5.0
0470911085	5.0
0060515732	4.0
0307950174	2.0
0440421330	4.0
0307463907	5.0
0321413644	5.0
1569756821	4.0
0982845227	5.0
1118169735	3.5
0143113720	5.0
0816680817	5.0
0321606183	5.0
0316807222	4.0
0062043935	5.0
0307717097	5.0
1416594884	3.5
038551638X	3.0
0399162925	2.0
0345384466	5.0
0385345186	5.0
0385739567	4.0
081186801X	5.0
1932690883	4.0
015202414X	4.0
0312671148	4.5
0240519825	5.0
0394588010	5.0
1589250982	5.0
1416592229	5.0
0240520807	4.0
1600608833	5.0
0547610831	5.0
1565123069	3.0
0310332796	5.0
0345523997	4.0
097950452X	4.0
1933090987	4.0
0679767436	5.0
0312382855	2.0
1591792576	4.0
0143120921	3.0
0375433694	3.0
1454904461	5.0
1568811411	5.0
0446538981	5.0
0802123015	5.0
0312107935	1.0
0399159347	5.0
193391842X	5.0
0978692802	5.0
0890516855	4.0
0123859360	5.0
0312495412	5.0
0547055277	3.0
146765101X	5.0
0982845200	5.0
031234323X	5.0
1416925457	5.0
0375413030	4.0
0374177449	5.0
0465010210	4.0
0857208675	5.0
1933476001	5.0
0060596341	5.0
0307271064	2.0
141699176X	5.0
1604991771	5.0
0761462651	5.0
0375431039	5.0
0240812174	4.0
1416949437	5.0
0761461329	5.0
1400066646	5.0
044630557X	3.0
1442403152	5.0
067943822X	5.0
4770014309	5.0
0596528272	5.0
0785111816	5.0
1933372958	2.0
1416550402	2.5
1856176037	4.0
0735712794	5.0
1596985011	5.0
0345532023	5.0
0399252223	4.0
0738726079	3.0
0307599469	5.0
0307744647	5.0
0385737734	5.0
0141439769	4.0
1901983412	5.0
0312288646	2.0
1442421835	5.0
0240817850	4.0
0007169914	5.0
0316075841	5.0
0794421997	5.0
0972094164	5.0
0380731606	5.0
0061233595	3.0
0061969559	5.0
0978692829	5.0
0099458322	5.0
0805079505	5.0
0307271080	3.0
0977223493	5.0
0393065049	3.5
0345532015	5.0
1451659393	4.0
1606841734	4.0
0547760620	5.0
1627790071	5.0
143352306X	4.0
0306818914	5.0
1442497009	3.0
0060909005	5.0
0764597841	2.0
B0065DAPCE	5.0
159514398X	4.0
0375435417	5.0
0399159312	5.0
0978692810	5.0
0152050469	4.0
0061433012	5.0
0340920246	4.0
0805089772	5.0
0803615590	5.0
0375414339	5.0
1932907114	4.0
0984052666	4.0
1580087523	5.0
0451414721	5.0
0470671548	3.0
0544158903	3.0
031615623X	5.0
0399149104	5.0
0307595080	5.0
1596437081	5.0
0553386751	3.0
0743579631	5.0
0152064206	5.0
0143145347	3.0
084873274X	5.0
0765309416	5.0
0061730807	5.0
0802798411	4.0
1250029694	4.5
1482046466	5.0
0385538553	3.0
0863158404	5.0
0804161992	3.0
1416557067	5.0
059610054X	3.0
B008QZV5LE	1.0
0812970497	4.0
1579121306	4.0
0061210056	5.0
0446409480	4.0
0062027891	4.0
0393068137	5.0
0060937998	5.0
0470570970	3.5
0062200461	5.0
161218586X	5.0
0195392884	5.0
0061214418	3.0
1932690824	5.0
0762413484	5.0
1612185878	5.0
1439218471	5.0
0765309408	5.0
0425029301	5.0
0312370830	3.0
0307592820	4.0
0321585453	4.0
1402208855	5.0
0849943744	4.0
1439155089	5.0
0615139493	4.0
0307450694	4.0
1439152845	4.0
0321555619	5.0
1401941672	5.0
0736921974	4.0
0770436404	5.0
055338676X	4.0
1416597980	3.0
0060513187	4.0
0194740137	2.0
0694015199	4.0
1416990496	4.0
1118341082	5.0
1250021707	4.0
0345524438	4.0
1599180294	1.0
174220564X	4.0
0375506209	5.0
1937786250	5.0
1477808647	3.0
068985983X	5.0
1611098157	5.0
1596985062	5.0
0689859848	5.0
0140449140	4.0
0307263436	5.0
1439101280	4.0
0763620041	5.0
0375971424	5.0
0762437405	5.0
0143124463	5.0
0439851475	5.0
1566252520	5.0
030723715X	5.0
0152053530	4.0
0763655597	5.0
0805090711	5.0
1400044413	5.0
1400308534	5.0
0915166437	5.0
1118083725	4.0
1118181395	4.0
0547738501	5.0
1611099455	5.0
0547859058	5.0
006174266X	4.0
0312576463	2.0
B0076PP55M	1.0
0596007787	2.0
0910155763	5.0
044657967X	4.0
0060011076	5.0
0545128285	3.0
1620151758	4.0
1741047358	5.0
0306813041	4.0
0060163119	5.0
0345535243	3.0
0345504968	4.0
0439322537	5.0
1400069866	4.0
1401939295	4.0
0785263268	5.0
1453254951	4.0
B006S9ZN18	5.0
0062048651	5.0
1594204705	4.0
0983630402	5.0
1421527723	5.0
1620151766	5.0
1576734854	5.0
078523165X	4.0
006202468X	3.0
0312372655	5.0
0061672475	5.0
0674017242	2.0
0321395387	5.0
1477538445	5.0
0765328550	4.0
1892127911	5.0
1419691570	5.0
0849964784	5.0
1400202140	5.0
0060888644	5.0
0142420174	4.0
0312600666	5.0
0884963799	3.0
0224093908	5.0
0385743459	3.0
1615190635	5.0
1439152802	5.0
097454762X	3.0
0393066304	5.0
1442402806	5.0
0143143662	1.0
1612183107	3.0
1423121317	4.0
0375422188	5.0
1609050622	5.0
1482555077	2.0
0802138209	4.0
B008BUDGG6	4.0
0979728304	5.0
0756664292	5.0
1438993986	5.0
0679422714	5.0
0062015729	5.0
0316044695	5.0
1402238614	2.0
015206432X	5.0
0123850819	5.0
0439644836	4.0
0312551371	4.0
1596917032	3.0
1615190643	5.0
0312371349	4.5
0062201808	3.5
0307730883	5.0
1935961691	4.0
0615599001	2.0
111830859X	5.0
1600050697	3.0
1401942024	5.0
4805311290	5.0
B00AHJSZ74	5.0
0446677906	4.0
0062094599	5.0
1419683926	4.0
0715319698	5.0
1933615346	5.0
0061809497	5.0
1593154917	4.0
0470828536	5.0
0345501896	2.0
0345523288	5.0
0671532855	5.0
1595551697	5.0
0375425233	3.0
1585361763	5.0
0061147958	5.0
0452295505	3.0
1440526583	4.0
0743245431	5.0
0316254770	3.0
1402213395	5.0
1402272529	4.0
0439838444	5.0
0312864590	1.0
0446525871	5.0
0062015702	4.0
1589976746	5.0
1416950338	4.0
037321085X	3.0
141695032X	5.0
0761459723	4.0
159420473X	5.0
0385535546	4.0
0143039105	5.0
0316011770	5.0
1594488258	4.0
1419702750	3.0
0230614396	5.0
1416989412	4.0
078974709X	5.0
0307273601	5.0
0553593625	2.0
1455525960	3.0
013702018X	4.0
1439156336	3.0
0143119974	5.0
0758218524	4.0
0874771641	5.0
0142004804	5.0
0310292131	4.0
0743275276	5.0
0761149872	5.0
0547074212	4.0
0152054103	5.0
0618581251	4.0
0307338053	5.0
047064219X	5.0
0822592479	5.0
0802119964	5.0
0670011576	3.0
0061756423	3.0
0061708704	2.0
0307729850	5.0
0758218532	5.0
B00B8K885A	5.0
1250034272	5.0
1595550348	4.0
1616330473	5.0
0007410956	3.0
0615142230	5.0
0375400532	5.0
0240820770	5.0
1594202109	3.0
0375863443	5.0
045146379X	5.0
0553806882	5.0
0316056634	5.0
0609610236	5.0
0890517215	4.0
0061809462	5.0
0385743491	3.0
161218314X	4.0
0618065687	4.0
0240522427	4.0
1605290114	5.0
0545210127	4.0
0451414764	5.0
0547722109	5.0
0399255370	5.0
1442422475	5.0
1576108813	5.0
0312271794	3.0
013706506X	4.0
0060279710	5.0
0061826871	4.0
0976882388	5.0
1402212895	4.0
0062071041	3.0
147751094X	5.0
147780739X	5.0
0307749436	5.0
030797071X	4.0
0316013587	5.0
1430317922	4.0
0689841604	4.0
1442433132	2.0
1400073979	5.0
0811877825	5.0
0553587781	4.0
1419660446	5.0
044022179X	5.0
0061958077	5.0
0470447583	4.0
0312622848	2.0
0544022637	5.0
0385742991	3.0
0312650094	3.0
1107609178	2.0
0486417409	5.0
0857201360	2.0
0425193462	3.0
0312271786	3.0
1423123123	5.0
0849922070	3.0
1118568478	5.0
0195314395	5.0
0615520774	2.0
0399154442	2.0
0425230074	5.0
1596435399	5.0
159555341X	5.0
1452110212	5.0
0061566349	5.0
1601438761	5.0
0062024612	4.5
0152021221	4.0
146356189X	5.0
1118129652	4.0
006135323X	5.0
0312290888	4.0
0374161879	4.0
1591025087	3.0
B004V49BLU	4.0
0240520629	5.0
0743281101	4.0
B00889TQTQ	4.0
0399155767	4.0
0515131229	5.0
0345529413	4.0
0688138241	3.0
1413317626	4.0
0061579688	5.0
0152058508	4.0
1402211546	2.0
0544034600	4.0
0321544080	5.0
1596916591	4.0
0316017922	3.0
0805087923	4.0
0757936717	4.0
0080971741	5.0
0470262737	3.0
0312429258	5.0
1937538168	5.0
1414305761	3.0
0486650383	5.0
0307888622	5.0
0937750255	5.0
0451238052	4.0
1560256362	1.0
0307730808	5.0
076145795X	4.0
1413318967	5.0
1556435967	5.0
0307729818	5.0
1402212887	3.0
080214361X	5.0
0884483010	5.0
1423133390	5.0
0137145500	2.0
0761457968	5.0
0060722304	3.0
0373892233	3.0
0765309394	4.0
0152021248	4.0
0373892241	5.0
0547615647	5.0
0545097495	3.0
0804162212	5.0
1595548068	5.0
1118016955	3.0
0545151422	4.0
1250026628	4.0
0143119117	5.0
1552852113	3.0
0345451910	4.0
1118107381	5.0
0486200701	5.0
0976882345	5.0
0399257136	5.0
0743572203	5.0
0307986276	4.0
B00JJYOC7A	4.0
047047419X	5.0
1906931208	4.0
0143038648	5.0
0547615655	4.0
0061626546	5.0
149436641X	5.0
1603582193	5.0
0061053554	5.0
160061454X	5.0
0916291529	5.0
1565126068	4.0
1935137921	5.0
1250001315	5.0
142153794X	5.0
1402240929	4.0
0060738170	5.0
0976882337	5.0
0152063900	2.0
1451699425	5.0
141331760X	5.0
1596434023	5.0
0321499794	2.0
0399153152	1.0
0802735592	5.0
0062220969	3.0
0804841535	4.0
1600614566	5.0
1440531994	5.0
1413306934	5.0
1600602592	5.0
1616951907	5.0
1400004454	5.0
0679453059	4.0
0140389725	3.0
054506631X	4.0
0763604143	1.0
1477612041	5.0
0061474622	5.0
B008FD5O1E	4.0
0307700143	5.0
0399153144	4.0
0743291360	5.0
0312383363	4.5
0470387408	3.0
1582346488	5.0
0307408493	3.0
0345457234	1.0
0307591387	4.0
0811861465	5.0
031286583X	3.0
074327041X	5.0
0373892292	5.0
0061767948	3.0
1615990240	5.0
1452877505	4.0
1476709998	4.0
0307291448	5.0
0061958093	5.0
1449083625	3.0
034554241X	5.0
1611098955	4.0
0312548567	5.0
0061252573	4.0
1595143041	3.0
1423145399	5.0
0684176580	5.0
0345531760	4.0
0618517472	5.0
0143037307	1.0
0547327935	5.0
0547194897	5.0
0553588214	2.0
0470262702	5.0
0736041850	5.0
0312970617	2.0
1416986324	5.0
0761453571	5.0
030795207X	5.0
0061128821	4.0
0385720793	5.0
0451232704	4.0
0980130514	5.0
0672335972	4.0
0544114485	5.0
0061755982	5.0
1579906109	5.0
1592333028	4.0
078602027X	5.0
0945045050	5.0
0399150811	5.0
145164308X	3.0
0785289089	4.0
0373892306	5.0
0143115618	5.0
1612183921	4.333333333333333
0060594454	5.0
0399157441	4.0
1885593317	5.0
1572707208	5.0
0876593996	4.0
0375405380	5.0
1586483218	3.0
0765311658	4.0
0375855793	5.0
0804832625	5.0
1596380616	5.0
1440554579	4.5
0803736983	5.0
1118453301	4.0
0062285505	5.0
1434767086	4.0
0307743292	5.0
0802119034	5.0
0743583884	5.0
0982642318	5.0
0805092439	5.0
1416985816	5.0
1419675540	5.0
0307474712	1.0
0452288312	1.0
054705338X	4.0
0547053398	5.0
0061928240	5.0
0547249667	3.0
0312385188	4.333333333333333
0321127315	5.0
1558328122	5.0
0399153063	5.0
0945045034	5.0
1585974625	5.0
0761452303	4.0
054741708X	5.0
0123750792	5.0
1848190190	5.0
0199986118	5.0
1413312004	4.5
0345461371	5.0
0765306298	1.0
1859858473	5.0
0761462589	5.0
0977795527	5.0
1594863601	3.0
1595553371	5.0
0470409231	4.0
110701459X	5.0
1606841696	5.0
0802733824	5.0
0470114541	5.0
1615077588	1.0
0892217197	5.0
0062237896	3.0
0345460057	1.0
0307955958	4.0
0007446128	5.0
0849946999	5.0
1413313329	5.0
031032906X	5.0
0813334829	5.0
0195105192	5.0
0062107496	4.0
098362321X	3.0
0471212954	3.0
1118360354	5.0
0975913506	4.0
0060081600	5.0
0375706682	1.0
1416534997	4.0
0762438819	5.0
1582463166	5.0
141698450X	5.0
1566914310	5.0
0756613590	4.0
0061724882	4.0
0822576457	5.0
1413309267	5.0
0142417483	5.0
0981927602	5.0
0765309386	5.0
0743571878	3.0
0375431101	5.0
0345521420	2.0
0061710245	5.0
0757305911	5.0
1439152780	5.0
1414375530	4.0
0310725755	5.0
1594205280	3.0
1937786196	5.0
076145361X	3.0
1402211538	3.0
0470470690	4.0
0399157476	5.0
0470640375	4.0
1848190166	3.0
0786867264	3.0
B00HSDKKLG	5.0
1596436719	5.0
1566638348	3.0
1933090847	5.0
1416984526	5.0
0606235035	5.0
1606840312	5.0
158430247X	5.0
159606630X	4.0
0061362956	5.0
0374230897	4.0
140031870X	5.0
0399156135	4.5
1554533082	4.0
1400318718	5.0
1416964053	3.5
0143124501	5.0
1593270356	5.0
1404187804	5.0
0373892322	4.0
0307744566	4.0
0385532504	3.0
0375505091	3.0
0894803417	5.0
0312425651	2.0
1453561153	5.0
0060890096	5.0
0765332574	4.0
0385349408	3.0
1477818162	5.0
0307955982	3.5
0544157567	4.0
1590805798	4.0
0984260021	5.0
1580087450	4.0
0553587889	4.0
0152063846	4.0
0310332680	4.0
0062201050	5.0
0470445726	5.0
0374207682	4.0
0345533429	5.0
0071614362	5.0
0143120131	5.0
B00CIGKCFC	5.0
1118252160	4.0
0345461347	5.0
0762409487	4.0
0765332582	2.0
1585367877	3.0
0813134161	5.0
0805034544	1.0
1585365211	5.0
0758213778	5.0
0061906077	5.0
0739331191	5.0
0985323604	2.0
0439700493	5.0
0898218462	5.0
B00BKSWOA0	3.0
0761451870	5.0
0679722408	5.0
075065712X	4.0
0141023961	4.0
1402751419	3.0
1741797306	4.0
0547152299	5.0
0240814002	4.0
0761457186	5.0
1879505703	5.0
1595552901	2.0
052595113X	4.0
0240815335	5.0
0137020163	5.0
0321555562	5.0
3822835099	5.0
0345533461	5.0
0738212733	5.0
1477808701	4.0
1937786153	3.0
0679722416	5.0
0805090649	5.0
0811704394	5.0
030733807X	5.0
0789747979	5.0
079450177X	5.0
0754054446	5.0
1741799953	5.0
014011341X	5.0
0061944343	5.0
1616082062	5.0
1612182682	2.0
0786713305	3.0
0061728403	4.0
0547738463	4.0
0979387361	4.0
015101406X	5.0
159691484X	5.0
159315237X	3.0
0307934179	4.0
1400073030	5.0
0152167544	5.0
1432724770	5.0
1741797322	4.0
0152063897	4.0
0470454652	4.5
1741799988	4.5
0385737610	3.0
0679722424	5.0
0143145444	5.0
1585675458	5.0
0553593676	4.0
0240816641	4.5
1612183980	3.0
0061969672	5.0
014242899X	4.0
088448260X	5.0
0899571980	5.0
0062071858	4.0
031604461X	5.0
1856177475	5.0
1416592385	5.0
1563054345	2.0
0399254994	5.0
1578202892	5.0
B008BMUPKE	3.0
0312492472	5.0
0486406830	5.0
0441017835	3.0
0062027794	3.0
1577310659	5.0
1440557675	4.0
1582434670	5.0
0679722432	5.0
1416912045	5.0
1439110077	4.0
1933767006	4.0
0374380864	2.0
0240812271	5.0
1936009323	4.0
0312610041	4.0
0312360738	4.0
1414319495	5.0
0425262588	5.0
0062200577	5.0
0312606842	4.0
1741799929	3.0
0439434203	5.0
1843109093	4.0
0385737637	5.0
0743466713	1.0
0700613358	5.0
0521635039	5.0
B00KJPFMT0	4.0
0812984307	4.0
159554626X	4.0
0761457143	5.0
1620151839	5.0
1469234289	1.0
0451221230	2.0
0373773897	3.0
0062187546	5.0
0743228154	5.0
1937786110	5.0
0312335776	5.0
0131986473	5.0
0061827258	5.0
1416989382	2.0
0307273563	4.0
1440536775	5.0
0945045026	5.0
006156284X	5.0
0756404738	4.0
0439474299	4.0
0240820711	5.0
0977445232	5.0
1611099390	3.0
1423121309	5.0
0802119913	4.0
1581351003	1.0
1601424965	5.0
1416542949	2.0
0804136890	3.0
0399147284	5.0
1477816356	5.0
0805090614	5.0
0345515609	5.0
1416979107	5.0
0345496000	5.0
0470407425	5.0
0131576070	5.0
0307273571	4.5
1118612264	5.0
0761457119	5.0
0786020261	5.0
085720873X	5.0
159059651X	5.0
0385536038	3.0
0615571417	4.0
0307407950	5.0
1402208766	5.0
077832740X	4.0
1439113157	2.0
0312674945	4.0
1400066778	3.0
0812972333	5.0
0811856100	5.0
0345504984	3.0
0440227984	5.0
0060004681	4.0
0486290298	5.0
1477849270	5.0
147780742X	3.0
0743599357	5.0
0062280678	4.0
0143115626	5.0
0812993241	3.0
0143123246	5.0
1250049377	4.0
0152019774	4.0
038551641X	5.0
0545342783	5.0
0547237642	4.0
0071467858	5.0
1596351748	5.0
0345528921	5.0
1598639692	5.0
0060197358	4.0
1432727826	5.0
031253275X	5.0
0312532768	4.0
0143120646	5.0
0310731828	5.0
0141040343	5.0
1416954627	5.0
0240808754	5.0
0446531383	5.0
0316077046	3.0
1433684829	5.0
1416967931	5.0
1444727338	5.0
0345540700	3.0
0345534034	3.0
157174584X	3.0
0399149392	5.0
0312600534	5.0
0618756612	5.0
0316069434	5.0
1416595031	5.0
1414381115	5.0
B00876UX06	5.0
0802141986	5.0
052119170X	5.0
070117756X	5.0
0486417131	5.0
1593274297	4.0
0061582573	5.0
0756609585	5.0
1595550674	5.0
0689849079	5.0
0307730786	5.0
039589901X	5.0
0385529813	4.5
1907152008	5.0
1416927026	2.0
0312936818	4.0
1400204666	5.0
1596635533	5.0
034550903X	5.0
0132908662	5.0
1590525213	5.0
0878571256	5.0
159233282X	4.0
0763662585	5.0
1433684845	5.0
143916519X	5.0
1413310508	5.0
160684329X	5.0
0746041683	5.0
141654383X	5.0
0061995568	2.0
1439112665	5.0
0763650552	5.0
0812973224	5.0
1118604172	5.0
0007347073	3.0
1400322731	5.0
125000716X	3.0
0618133372	5.0
0385495927	5.0
0345510089	5.0
1934030961	4.0
1586486381	5.0
0679761047	5.0
054784803X	3.0
030727571X	5.0
0547553110	3.0
0544114329	3.0
0385352107	5.0
1558322140	5.0
1400316057	5.0
177085195X	2.0
0312362994	4.5
0385618506	3.0
0547813376	2.0
0312600526	5.0
0778329526	4.0
0812974549	2.0
B009RESZ6G	3.0
0825436540	5.0
0756406404	3.0
0399139141	5.0
0823023494	4.5
0812994191	5.0
1742208185	5.0
0385514743	5.0
1401310192	5.0
0307379930	4.0
1933615222	5.0
0143119621	5.0
0143116592	5.0
0757307779	3.0
0890516251	5.0
1612182194	5.0
0312303785	4.0
0470623330	5.0
1596435070	4.0
0849946182	4.0
1569244286	5.0
0375758585	4.0
1250008484	5.0
1250007151	5.0
0544087089	5.0
0132884143	3.0
0307406334	5.0
052595077X	3.0
0765304481	5.0
0345500679	4.0
0789750384	5.0
0321316274	5.0
0312383886	4.0
0060256532	4.0
1442344911	4.0
0451219244	5.0
1589977742	5.0
B008DCYPD0	4.0
0123822297	5.0
0385376111	3.5
1599903717	5.0
0895260069	5.0
0763656704	5.0
B007A3ANUC	4.0
1862074798	5.0
0316069485	5.0
1883746221	5.0
0307406342	4.0
0062049801	5.0
0890516235	5.0
0941599639	4.0
0141301066	5.0
1936976013	5.0
1601424892	5.0
1589977750	5.0
0307888789	3.0
0786183616	5.0
160819938X	5.0
1592982425	5.0
1250008468	4.0
0316010782	5.0
145377503X	5.0
161218653X	5.0
0761456554	5.0
0316217492	4.0
1742200249	5.0
1590203135	3.0
014312417X	5.0
1612182186	5.0
0757307760	3.0
0470400188	5.0
0385339186	5.0
B004LX0IYK	5.0
0345500652	5.0
0152053379	5.0
0471754943	5.0
0399162364	4.0
0525950761	5.0
0811849090	5.0
1936976021	3.0
1557049939	5.0
1438258488	5.0
0399153489	2.0
054713732X	4.0
0785214127	4.666666666666667
1250028965	5.0
0803733070	5.0
1401943276	4.0
1423160657	5.0
0785228772	5.0
8496427471	4.0
1742208142	5.0
1608980103	5.0
0312599072	3.0
1592334644	4.0
1590514505	5.0
0545384958	5.0
076145652X	3.0
1118376781	5.0
0425211894	5.0
0895260034	5.0
0982295901	5.0
0385263481	5.0
B00J8OLGUW	5.0
1439183813	5.0
0240820479	5.0
0307269876	5.0
1594744637	5.0
030788743X	5.0
0547974590	5.0
0307977463	3.0
0972560491	5.0
0061964417	3.0
1742208150	5.0
0789736055	4.0
0679866973	5.0
0061827622	3.0
0385376154	5.0
1107029570	5.0
0345528204	1.0
0399157824	2.0
0061989711	4.0
1491510706	5.0
076532797X	5.0
1400317304	3.0
0425259862	5.0
159059519X	5.0
0307269868	5.0
1118073428	5.0
0743264096	5.0
0307716406	4.0
0470936983	5.0
0486256642	5.0
0544114396	5.0
1936493446	4.666666666666667
0767930576	3.0
1905264178	5.0
1416558934	3.0
0425259854	5.0
0803728506	5.0
1423101456	5.0
037572382X	4.0
0399157816	2.0
0451237080	4.0
0615264824	5.0
0399152121	5.0
0849918901	5.0
0152024883	5.0
0671898264	5.0
1118205731	5.0
074359679X	5.0
0316037885	3.0
0385514727	5.0
0789749335	5.0
1580650155	5.0
1742208177	5.0
1432720716	5.0
B006GIHQBQ	5.0
0966190858	5.0
193649342X	5.0
0521699568	5.0
0060085487	5.0
0547239343	5.0
0547556225	4.0
1595551107	5.0
1400320941	4.0
1595551182	3.0
0618708960	5.0
0061235903	5.0
0316381497	5.0
1599630176	5.0
0152067159	4.0
0439669448	4.0
0743270762	3.0
0399156550	5.0
0794420095	5.0
1594744602	4.0
0596008163	3.0
1594745935	5.0
1935071270	5.0
0425247813	4.0
0312374984	2.0
0374380015	5.0
145646874X	1.0
0805096701	3.0
0321525655	3.0
1416997784	5.0
0152002650	5.0
0375850864	5.0
0618721940	4.0
0446532681	1.0
1416984488	5.0
006228553X	3.0
1440536090	5.0
0778322998	3.0
0143057286	4.0
0822962012	5.0
0743202694	5.0
0873379144	4.0
0547763484	5.0
1118725794	5.0
0240818180	3.0
0743273818	2.0
037583527X	5.0
0834124661	5.0
0761462384	4.0
0544026934	3.0
0739304143	5.0
0544114353	5.0
1606840169	3.0
0521169828	5.0
0805081690	5.0
0439488915	4.0
0805078045	4.0
0312386982	5.0
0547520255	3.0
1416986200	4.0
0470587946	4.0
0865478619	5.0
0062209841	5.0
0137022077	4.0
0399252819	5.0
1402224303	3.0
B00AST1XJU	4.0
1584301570	5.0
1440309205	4.0
0099450259	5.0
0152014640	5.0
1612185290	2.0
1416941339	5.0
0385742444	5.0
0316069418	5.0
0615470335	4.0
0062297600	4.0
0387950168	5.0
1585420352	1.0
141970429X	5.0
1480052515	5.0
0470938781	5.0
1596434686	5.0
0544077741	5.0
0395321212	5.0
0385289235	5.0
0307463729	5.0
1596437715	5.0
0240810163	5.0
0138138109	4.333333333333333
0061905267	5.0
0963608851	5.0
1118439120	5.0
0763655341	4.0
0345507312	5.0
014026065X	4.0
006123592X	5.0
0874834791	5.0
1118002296	5.0
0061963135	5.0
1423113381	3.0
0618737510	4.0
0307460681	2.0
0307265439	5.0
1596432039	5.0
4770021224	5.0
0547637241	5.0
0321591933	3.0
082341602X	5.0
1118271769	3.0
1611098815	3.0
1583851917	5.0
0739339656	5.0
0307277453	5.0
1426714335	4.0
0671535110	5.0
0739359266	4.0
0763667358	2.0
1432749595	5.0
0316032921	3.0
0805088296	4.0
0062236679	5.0
0307881393	5.0
0385752725	3.0
0240810147	4.0
0805094946	3.0
1400041996	5.0
1402779054	5.0
0547237553	4.0
0061920886	4.0
1598567055	5.0
1118439104	5.0
0060283246	4.0
0307336883	3.0
888370102X	5.0
0765323559	5.0
1594746400	4.0
1118072162	1.0
0060746734	5.0
0789746344	5.0
1932690603	5.0
0763642010	5.0
0375422749	3.0
0307460665	3.5
0812978102	5.0
0805088288	5.0
0440409411	5.0
1413311024	5.0
076365227X	3.0
0151010897	5.0
0803734468	3.0
0061255599	4.0
1593371055	3.0
0714847895	5.0
0375422757	3.0
0316014230	5.0
0545035201	5.0
1118518586	3.0
1451636881	3.0
0873648641	5.0
014241977X	4.0
0374532915	2.0
0547868529	4.0
159554786X	5.0
032159195X	5.0
1743214308	3.0
147832967X	5.0
0307459659	3.0
0807509108	4.0
0316185396	5.0
111852392X	5.0
1118343085	4.0
0547745915	3.0
1580627749	3.0
0142429112	5.0
1598879251	5.0
0307731146	4.0
1477809317	2.5
0547868537	5.0
1442429518	2.0
0470238364	5.0
0156029022	4.0
0060511176	4.0
B00CQX26OM	5.0
0312559755	3.0
1451611595	5.0
044040942X	4.0
030795479X	3.0
0595276954	4.0
0132338696	5.0
0425261395	5.0
1400043700	5.0
0312862962	5.0
076135154X	5.0
0199858446	5.0
0486428753	5.0
0143034545	5.0
0764167251	5.0
0399156496	5.0
047066598X	4.0
0195327624	5.0
0486206432	5.0
0470124660	2.0
0091944058	3.0
0670784893	5.0
0544031563	5.0
0123748569	5.0
1584691204	5.0
0547242956	3.0
0449014460	5.0
0545381827	5.0
1107646707	3.0
0691099839	5.0
1597056057	4.0
0385740778	4.0
006087418X	5.0
1442497602	4.0
0312559739	2.0
0763632643	4.25
1451627939	5.0
061566329X	5.0
1449319564	4.5
1606411098	5.0
0062218832	5.0
0060780649	5.0
030789598X	5.0
0470568011	5.0
0307744434	5.0
B009WHFHYQ	3.0
0060557354	5.0
0761457097	5.0
B0065N0J0W	5.0
0345546857	5.0
0615287441	4.0
0375870407	4.0
0486238008	5.0
045121577X	5.0
0143117998	5.0
0439357918	4.0
0061999180	5.0
0425198480	1.0
1589804899	5.0
0140077022	5.0
0451236637	4.0
0099448769	5.0
1416991522	4.0
1416584404	5.0
080272177X	4.0
0062207296	5.0
0470641924	5.0
0316286850	5.0
193044818X	5.0
1439138311	5.0
0312547730	5.0
0062110969	4.0
B00ECJ68OW	4.0
0449816737	3.0
0062081993	5.0
1591841380	3.0
0671023225	1.0
1413317197	5.0
1477808825	2.0
142141015X	5.0
1477816429	4.5
0802797776	3.0
0374289158	4.0
1844167895	3.0
1591022495	4.0
1416958142	4.0
1413309569	5.0
0547877447	5.0
1416991530	5.0
1935654527	5.0
0800720288	4.0
055214262X	5.0
0060886986	4.0
0811877159	5.0
0671880187	5.0
0060585439	5.0
1416906967	2.0
0763654086	5.0
1602600716	5.0
0521427061	5.0
0143116649	5.0
0785263195	5.0
0385340990	5.0
1401930735	3.0
1595545239	5.0
0240814584	5.0
0544003454	4.0
0062015680	5.0
0761457046	5.0
0062234897	1.0
006188720X	5.0
1401324843	4.0
0240818946	4.0
0470189142	5.0
0195320190	5.0
0062070401	2.0
B0070X9XDU	5.0
1401601588	5.0
1416552847	5.0
0451223357	4.0
0689867670	3.0
0547222475	5.0
1461064589	5.0
1416906959	5.0
B00EZSRFFG	5.0
0375844104	4.0
0470916583	5.0
0967303508	5.0
0393311082	5.0
1442341955	3.0
0802120199	5.0
0099448785	5.0
0805974962	5.0
0307408973	5.0
141331189X	5.0
B009NGQ92K	4.0
0765315025	5.0
1932907351	5.0
1589254228	5.0
1553654854	4.0
1416961763	4.0
000755947X	5.0
1413305180	5.0
1430319992	5.0
1118087208	5.0
0375868941	4.5
0062271814	4.0
0761451714	2.0
0385537468	4.0
1450563090	5.0
0802721745	2.5
0307378683	4.0
0062015664	4.0
0297863924	5.0
0446551759	4.0
1603582630	3.0
054750991X	5.0
0226770990	4.0
1848190204	5.0
1605981923	4.0
1400113245	5.0
0802144160	3.0
0898712742	5.0
0811856240	5.0
B005FWPMR4	5.0
0547581297	2.0
0545270111	4.0
0672329638	5.0
1250005493	4.0
0823004325	5.0
0240817664	5.0
0805078827	5.0
0425086569	5.0
0307377342	5.0
1934813052	3.0
1740592913	5.0
1250041988	5.0
159038783X	5.0
034550111X	4.0
193290736X	5.0
0374379939	4.666666666666667
0385736681	4.0
1413318479	5.0
0007559461	5.0
0321492234	2.0
0142438006	5.0
0544239504	5.0
0321813839	4.0
0810984210	5.0
0874774608	4.0
0805073167	5.0
0374379963	2.0
0545157617	5.0
0307457052	4.0
0425247031	4.0
0849964873	5.0
1401309267	5.0
0425261336	5.0
1400045509	5.0
0778314472	2.0
1118356330	5.0
0061152102	5.0
1591747333	5.0
0091953855	3.0
B00897LH2G	4.0
1451616422	4.0
0062089064	3.0
0060888741	5.0
0316004030	5.0
037586895X	5.0
1596435925	5.0
0375856994	4.0
0547942087	5.0
0446584622	4.5
0224098101	4.0
0393065235	5.0
0977742334	5.0
1585427667	5.0
030793313X	5.0
1250045584	2.0
1612182038	3.0
0307272540	5.0
0425181642	5.0
0312532881	4.5
0385536208	5.0
0979751357	5.0
0761138994	5.0
0131478230	3.0
0521279542	5.0
0738713295	4.0
1250024633	5.0
1586485199	5.0
0143114093	3.0
0307984737	5.0
0449000729	5.0
0312355084	5.0
1118341384	3.5
0898797756	5.0
0451220102	4.0
1401687083	5.0
1402230923	5.0
0595463754	4.0
0785226087	5.0
1107690919	4.0
0312428545	5.0
0394446291	4.0
0141301155	5.0
0062049739	4.0
1612183379	4.0
0802715710	5.0
0310737001	5.0
1423170997	4.0
1595550550	5.0
0307010856	5.0
1426753241	4.5
0764525085	3.0
1596980540	5.0
0615392180	4.0
0446572829	5.0
1413318355	5.0
0373210671	5.0
0425262758	5.0
0061147788	3.0
0738214612	5.0
0345518918	4.0
0671014463	2.0
1477805842	5.0
1604991801	4.0
0761456465	5.0
076115728X	5.0
0857662295	5.0
0544164504	5.0
1595548238	4.0
0980179483	4.0
1592407129	5.0
039332723X	4.0
0811850161	5.0
059651817X	5.0
0802118836	5.0
1595550542	3.0
1580171052	5.0
0375423273	5.0
0980076315	5.0
1931082545	5.0
B008KRWSL4	3.0
0071419667	5.0
0312658656	5.0
1433531356	5.0
0451463528	5.0
0446563072	2.0
0307731979	5.0
0979751381	5.0
0811874192	5.0
1439275300	5.0
1937698971	1.0
0618274669	4.0
0060577665	5.0
0545218292	5.0
0545443520	5.0
1413306357	4.0
0060518499	5.0
0307886298	5.0
0425203506	3.0
0794418740	4.0
1612183352	4.0
0761459510	5.0
0763650668	5.0
0761175938	2.0
006213051X	3.0
012386965X	5.0
1627740066	4.0
0312384408	5.0
0805078800	5.0
006097625X	5.0
0060723467	5.0
147781650X	5.0
0060598573	4.5
0399155988	4.0
0345527895	2.0
0060509546	5.0
0123809185	5.0
0765317680	2.0
048624895X	5.0
1442406194	5.0
1450444687	5.0
0064442055	5.0
0545055857	5.0
158428126X	1.0
044024370X	3.0
0061692298	5.0
0143114050	4.0
1477816526	5.0
1595553630	3.0
0375865829	3.0
0545416787	5.0
0060829613	5.0
1612182070	2.0
0425219909	4.0
0811705501	5.0
0061920908	5.0
0764334514	5.0
141659518X	5.0
1477805877	3.0
0345547497	5.0
0307444732	4.0
042524668X	3.0
1416918833	5.0
1413308953	5.0
0439606780	4.0
1612182089	3.0
1118639561	5.0
0789748193	5.0
0425227510	5.0
084232576X	4.0
0385333781	5.0
030758836X	5.0
1561455180	5.0
0547076630	1.0
1589976533	5.0
0765326574	4.0
0811867846	5.0
030773191X	5.0
0375849726	3.0
0060935723	3.0
0789749491	4.0
1591840880	5.0
1416595163	5.0
0307353451	5.0
0761456422	5.0
0446614955	5.0
0465017339	5.0
0520089065	5.0
0760789401	4.0
1400069645	5.0
0080971148	5.0
0761456430	5.0
0345530608	5.0
0672329476	5.0
0439298113	5.0
0307474593	2.0
1477816542	2.0
0980076358	5.0
0740784811	3.0
1609803493	4.0
1857442210	5.0
1482078465	4.0
0062062794	3.5
0312383991	5.0
0553155466	4.0
0061284769	4.0
0547910681	5.0
0312853238	5.0
1584690925	5.0
031073701X	5.0
1440503257	4.0
0811875474	5.0
0062233653	4.0
0307409503	5.0
0061730866	5.0
159059634X	4.0
1402251866	3.0
144242351X	3.0
1599902508	3.0
1595550577	5.0
1441861033	2.0
0062004808	5.0
1442420499	5.0
0399157727	5.0
0307908100	4.0
0307446549	4.0
0399154698	3.0
1933600055	5.0
0890516170	5.0
0547824106	4.0
160774032X	5.0
0768404045	5.0
0761456406	3.0
1401943152	3.0
1401685285	3.0
0547254873	5.0
0547579675	5.0
0307268438	4.0
0545393787	5.0
0849946263	4.5
1422168166	5.0
0470542969	5.0
0307379175	3.0
0141196041	4.0
0321334175	5.0
1599904314	3.0
1603583246	5.0
0345542606	5.0
0446395072	5.0
0615365426	4.0
0451220986	5.0
0307446557	4.0
0316068861	3.0
0385352093	4.0
1596436484	5.0
0743235444	5.0
0786887400	4.0
1595544712	1.0
0399165339	4.0
1413308910	4.0
0822589451	5.0
1402243391	2.0
1449319793	5.0
0547076649	3.0
0547634129	5.0
0983103100	3.0
0061944904	5.0
0849946255	4.0
0981676758	5.0
0547330049	5.0
0781403693	3.0
0971343918	5.0
0547579667	5.0
0062237152	5.0
0890516189	5.0
060617110X	4.0
0618346872	4.0
0979585295	3.0
1476733414	5.0
0470644982	5.0
0399157700	5.0
0545055873	5.0
1416971025	5.0
1595544704	4.0
0312611935	4.0
0596006284	5.0
0803738897	3.0
1400315492	5.0
1558326693	5.0
082182676X	5.0
1433671689	5.0
0393051447	5.0
080509489X	4.0
1250010063	4.0
0345482476	5.0
0849946247	4.0
0425246663	3.0
111801233X	5.0
1593275439	5.0
0399155996	5.0
0061962783	5.0
075667204X	4.0
038551350X	5.0
0738710180	3.0
0061449156	5.0
0761453369	5.0
0062284398	5.0
0547390556	5.0
1454702486	4.0
1885624638	3.0
0307956644	2.0
0375705074	4.0
0152061908	3.0
0312430000	3.0
0312334192	5.0
0761344292	5.0
0547429339	4.0
0751550213	5.0
1400004233	5.0
0061231428	3.0
1933615990	4.666666666666667
0425260917	4.0
0743226526	2.0
1558324062	5.0
0399152075	5.0
0425255565	4.0
1402205910	5.0
159643774X	5.0
0345543971	5.0
1933615982	5.0
0486472043	5.0
1250003733	5.0
0811871002	4.0
0062237187	4.0
0615144233	5.0
1401310915	4.0
0743277287	5.0
0385335555	3.0
0778313921	4.0
1119959977	4.0
0307409570	5.0
1561488003	5.0
0425260909	4.0
1558324070	5.0
1602376131	5.0
B008C040KG	4.0
0062135317	5.0
1452656967	5.0
1442481412	5.0
0767931971	5.0
0345516370	4.0
0307735478	5.0
1596923164	4.0
0345506014	5.0
1565126297	3.0
0062077880	4.0
0778328198	5.0
0060742445	5.0
1118396448	3.0
0374139784	4.0
0316219398	4.0
B00CKVT5W6	5.0
1401322905	3.0
0307740803	3.6666666666666665
B007IURCHE	5.0
1596981008	5.0
0062072188	5.0
0441018181	4.0
1600602320	4.5
0981676723	5.0
1606840045	5.0
0385517084	5.0
0312593694	5.0
0385334206	4.0
0425260925	5.0
0684824906	5.0
1463765045	5.0
0805079254	5.0
0618226109	4.0
0446531456	3.0
0761455981	5.0
1477800123	5.0
1469208547	4.0
1616082682	5.0
0224096397	5.0
0794420184	3.0
0758246838	4.0
054516043X	4.0
0761462279	4.0
1439190879	5.0
1404187634	5.0
0805094873	5.0
0240809351	5.0
B00DZ71QQ2	5.0
0802120318	4.0
1408802023	5.0
0441018173	4.0
1595551026	4.0
0143118463	5.0
0141331879	2.0
1608198103	5.0
1606840134	5.0
0393061671	4.0
1558504702	5.0
0312591063	4.0
0399157689	5.0
1595542027	5.0
0399156356	4.0
080071931X	5.0
0802145566	4.0
0470177098	4.0
0743296435	4.0
038534743X	5.0
1423377028	3.0
0061567965	4.0
0545160456	3.0
080217051X	4.0
0471785970	4.0
0385334141	5.0
1400324335	4.0
0803734557	5.0
1118027450	5.0
0425256960	2.0
0618689494	4.0
1442344245	4.0
0399155015	4.0
0307266648	3.0
0761461051	5.0
0307747409	4.5
0446530980	1.0
0375867546	5.0
1250004241	3.0
080271756X	4.0
0375702067	5.0
0470684151	5.0
0761462376	5.0
0316003484	5.0
1742209521	5.0
0805094857	5.0
1250018870	5.0
006207511X	3.0
0778313859	4.0
0399155007	5.0
0765323427	4.0
0307986497	5.0
0323078001	5.0
0679747567	3.0
0385511841	5.0
1118532783	5.0
0385343078	5.0
0061733148	5.0
1439132992	3.0
0316166308	4.0
0770436730	3.0
1441729690	5.0
1452069441	4.0
0756626250	5.0
0552775541	3.0
0061791059	5.0
0307589730	5.0
1416548866	4.0
0345533623	5.0
1402245947	2.0
B00F1G0DWS	4.0
0425256987	4.0
0547516916	5.0
1594205027	4.0
0316166316	3.0
1477818359	5.0
0099445549	5.0
0547363001	5.0
0778325849	3.0
0252725484	5.0
0470467266	5.0
0240811585	5.0
1414372272	5.0
1416569790	4.0
1250014492	5.0
0152058222	4.0
0312570163	5.0
030744645X	3.0
1594205051	5.0
078521495X	3.0
0385340850	5.0
034553364X	4.0
054741725X	5.0
0763644773	5.0
0312674767	5.0
0545342155	4.0
0670066907	4.0
142218739X	5.0
1938529006	5.0
033044123X	2.0
0240520939	5.0
0007486774	4.0
0321503244	4.0
0525421610	3.0
037585861X	5.0
0812978250	5.0
039915504X	5.0
0140371486	4.0
144245153X	5.0
0805089438	4.0
047092974X	5.0
0316003441	4.0
1601422946	5.0
0761462333	5.0
0762433302	4.0
1599905671	4.0
0007124015	5.0
0374370842	5.0
1400097681	5.0
1891620606	5.0
1477809449	3.0
1442429607	3.0
0446530999	5.0
1432708929	5.0
1400202841	5.0
1432748106	5.0
0195152166	3.0
0843963670	2.0
0061990868	4.0
0743296419	3.0
0789210584	5.0
0743536452	2.0
1623650224	4.0
0547417292	5.0
0061941026	5.0
0316003476	4.0
0393321185	4.0
1400202833	5.0
0545035333	5.0
0140280197	3.0
0312059949	5.0
0399157697	5.0
1416913963	4.0
006087600X	5.0
0849900999	3.0
0802145558	4.0
006221893X	4.0
1455503053	5.0
0345484207	4.0
031600345X	5.0
0700606866	5.0
1476749787	5.0
0060281359	5.0
0764208942	3.0
030735346X	5.0
0091797276	4.0
0743243978	4.0
0307950433	3.0
0545214793	5.0
B0086W84P2	3.0
0307377431	4.0
0439545269	5.0
1477816569	4.0
1475236972	5.0
0761458271	5.0
0471692123	5.0
1930448074	5.0
0385337256	5.0
0671047337	5.0
0761451641	3.0
1414386885	5.0
0448452154	2.0
1250007356	3.0
039914613X	5.0
1118241258	5.0
1611099188	4.0
1250028272	5.0
0316035920	5.0
0060096942	3.0
0312364083	5.0
0688132286	5.0
0061673048	5.0
0307377423	5.0
1439186758	5.0
0312368437	5.0
1559718390	5.0
1416961666	5.0
0805077413	4.0
1118603591	5.0
0061549231	5.0
1118433076	5.0
0545143136	5.0
0375856811	3.0
0152049355	5.0
038507283X	5.0
0345543041	5.0
0544238338	5.0
0307336913	5.0
0061353841	3.0
1611099153	5.0
1936661381	5.0
0765317583	5.0
159474503X	1.0
0451237870	4.0
0007444117	4.0
0761459588	5.0
111112857X	5.0
006057464X	5.0
1594031908	5.0
1906250863	5.0
1477816585	5.0
0820319392	4.0
0345535405	2.0
0345803450	5.0
0312333773	4.0
1451509286	4.0
052171494X	5.0
054514311X	5.0
0307275566	5.0
081099741X	5.0
1596985380	5.0
0618556443	5.0
0141039280	5.0
1593270542	5.0
0307263517	4.5
0761458263	4.0
0142001910	2.0
1432711695	5.0
1877741094	5.0
0849900956	4.0
0761459596	5.0
0761121323	4.0
0446537519	5.0
054794215X	4.0
1400033608	3.0
0451220137	5.0
1434768511	4.0
1250028248	4.0
0805087664	5.0
1594745021	5.0
0486689220	5.0
076110481X	5.0
0374324956	4.0
0812993012	5.0
0811866572	5.0
0563486481	3.0
1591025699	5.0
0470127635	3.0
0385515316	3.0
B007XYIGR0	3.0
0848732634	4.0
1595548211	3.0
0143112392	5.0
0061251941	3.0
0060006641	3.0
0743271181	5.0
0310742471	4.0
1601641583	4.0
0425262766	5.0
0753456184	4.0
0525949046	5.0
081186524X	4.0
0061373486	5.0
052594902X	5.0
0848732642	5.0
160142471X	5.0
1414317492	5.0
174220466X	5.0
0980017106	4.0
0618369473	4.0
1742204678	5.0
1449311792	5.0
143476852X	3.0
1405192534	5.0
1476725799	4.0
0547370199	5.0
0132980932	5.0
0761459537	5.0
0805044515	3.0
1118568745	5.0
0152061037	3.0
006195876X	5.0
1934066133	5.0
0310710863	4.0
9036615925	4.0
1118017277	5.0
0849900921	3.0
1400019354	4.0
0596005792	5.0
0385515332	5.0
1416948635	4.0
0671047310	5.0
0596517696	5.0
1416551662	3.0
0310742455	4.0
0486458679	5.0
1616952539	3.0
B0057QO8Q4	5.0
0142418528	5.0
1596913711	3.0
1477848185	3.0
0345421515	4.0
073820756X	2.0
078521187X	5.0
1934066125	5.0
0385519702	5.0
1118288726	5.0
0794419992	4.0
1439220204	5.0
009950569X	5.0
1416588930	2.6666666666666665
0763663093	2.0
1612184642	4.0
0761461868	5.0
194095102X	5.0
0062104187	5.0
034550254X	5.0
0747264872	4.0
045123782X	3.0
0767914511	5.0
0399152849	5.0
