0316067369	3.0
0060852550	2.9999999999999996
1451621507	5.0
141697119X	1.0
030793313X	5.0
006001203X	4.0
B003YUCRG8	5.0
0061914657	5.0
B00EUI4XTW	5.0
145161747X	4.0
031230143X	4.0
1426745974	5.0
0316001635	2.0
0312379293	5.0
0061985848	4.0
0425245276	3.0
031609918X	2.646729359701286
0761148574	1.0
158562179X	5.0
0399257608	5.0
1451657706	2.0
0615838065	5.0
B00LF43ZWK	5.0
0345521080	5.000000000000001
8883707265	4.0
1591430763	5.0
B007OC4J2M	4.0
0312647999	5.0
0606106766	1.0
0307476103	5.0
0553592610	4.0
0425193624	2.9999999999999996
1565126831	5.0
1414310285	3.0
031612558X	5.0
0765327228	4.0
1400204666	5.0
0385527632	5.0
0399151443	3.0
081099724X	5.0
0553592629	5.0
0373210515	5.0
0786955031	4.0
0002007770	5.0
0764207555	3.0
0743554434	4.999999999999999
1442432780	2.0
0764207563	3.0
0425201317	2.0
0307949702	2.0
0670024783	5.0
0385022549	5.0
0307020517	5.0
0802723462	4.0
1936850435	5.0
0399257861	5.0
0756406978	5.0
B00J3J5LYY	5.0
1936460491	5.0
0375701427	5.0
B00D91M13G	5.0
1596917032	1.0
0981584330	5.0
0061374229	4.0
0425247120	5.0
0439175402	5.0
0345526546	5.0
1464707391	1.0
0970810482	2.9999999999999996
0446523321	4.0
1435713214	5.0
1611099536	4.0
1250036429	5.0
0373389388	1.0
0060507365	5.0
0743201981	5.0
0743597222	5.0
0312658966	5.0
0307461181	5.0
0312624670	4.0
0345547381	5.0
0385537859	5.0
042524413X	5.0
1591430550	4.0
0062268759	5.0
0307272621	5.0
034546401X	5.0
0062094475	4.0
0785218890	4.0
0687043719	1.0
0061920908	2.0
0451465849	5.0
0970810458	5.0
0553280511	5.0
B00BJTNGS4	5.0
1477403787	4.0
0545426227	4.0
0061490008	2.0
096728192X	2.0
0316033782	5.0
147500382X	3.0
0142426628	4.0
1619630621	5.0
1423157311	5.0
0316030287	5.0
0525952969	5.0
1933339004	5.0
1442423749	4.0
0345499395	5.0
B00H02PIAS	5.0
031621082X	5.0
1439263310	4.0
1601425414	5.0
1439192316	4.0
0375413626	5.0
B0082RSXJ8	4.0
B00GPVP3G4	1.0
0374364753	2.0
0373772750	1.0
0345447832	5.0
0385342454	5.0
B00BGBBBB4	3.0
1594488398	4.0
1937178471	5.0
0393311600	5.0
0061797057	2.9999999999999996
0060564784	3.0000000000000004
0310293251	5.0
0800734211	4.0
0143116436	2.5175659304817817
0061962740	4.0
0374126879	5.0
0380788632	3.0
0451417909	5.0
159627042X	5.0
0785113452	1.0
0312649916	5.0
078514840X	2.0
1439156352	5.0
0805094598	4.0
0393057518	5.0
0316013935	5.0
0425227855	5.0
0425223019	3.0
0312867514	1.0
014025448X	5.0
1442423765	4.0
1419711326	5.0
0441008534	5.0
1449400647	4.0
0547624573	5.0
1402244126	4.0
0887247091	5.0
1595143173	3.0
0670021644	5.0
B00HNCAPFI	5.0
0062008242	4.0
B008N04QYA	5.0
0060590254	5.0
031025065X	5.0
030726999X	5.0
1423139933	5.0
0380725835	4.0
0761356355	4.0
1423137876	5.0
0099443635	5.0
078522887X	5.0
030738246X	5.0
0515147915	3.0
0062272152	5.0
0312599072	4.0
0451418433	5.0
0316099112	3.0
B00H04OLMM	2.0
0060984384	5.0
0060740450	5.0
0399221808	5.0
1442367547	5.0
1608199371	5.0
0375830995	1.0
0849922070	5.0
0061059072	5.0
0312387970	1.0
0307943232	5.0
140007021X	5.0
014242370X	5.0
B007FL5LCO	5.0
1414301278	5.0
0671032976	5.0
0451159217	5.0
0007149530	5.0
061568176X	5.0
060617110X	1.0
1414337205	3.0
0451159330	5.0
0143170090	1.509307520476545
B00IA6ZTIO	5.0
0615377548	4.0
0307595668	5.0
0310736420	5.0
159079074X	4.0
4774307106	5.0
0800720814	5.0
0061239216	5.0
0385741561	4.0
0316199869	5.0
1581808836	4.0
1937546160	3.0
0307587827	4.0
0062085573	5.0
0439895979	5.0
0802143628	5.0
0978501470	4.0
1440721726	4.0
1402260520	2.9999999999999996
B00ENUDPBE	4.0
1476734615	2.0
1440310351	5.0
B004ZZQ9MO	3.0
0307266583	5.0
0316219347	2.9999999999999996
B009GCF3LY	5.0
0688158196	5.0
1453811850	5.0
1576839303	5.0
0439023513	5.0
0751550213	2.0
006220422X	5.0
1466368594	5.0
0812968972	4.0
0316210684	5.0
0786913134	3.0
1461057140	5.0
084233596X	4.0
0670786209	5.0
1410423611	4.0
0764208349	4.0
0375859551	5.0
0316222542	4.0
006105366X	5.0
0988369516	3.0
0374105235	5.0
0373210582	4.0
0486451224	5.0
0842328092	5.0
1606843214	5.0
0385336403	5.0
0718178122	4.0
0375868275	4.0
0978606639	5.0
0399157875	3.0
0330453866	4.0
0375702938	5.0
068485466X	5.0
1497581265	5.0
1250012570	5.0
0385343183	2.0
1416984488	5.0
0316222534	5.0
0375840753	1.0
0140107479	5.0
0091924774	3.0
0226743403	2.0
1451621302	5.0
1595143378	4.0
0399164162	1.0
1616200464	5.0
0060532467	5.0
0061010650	2.0
1442362383	4.0
0345532864	5.0
1620073633	5.0
0764210408	4.0
0316068675	4.0
1906173419	5.0
0764209655	4.0
1843174448	4.0
0738736597	5.0
0099911701	5.0
1476717257	5.0
0373775075	5.0
1595144234	4.0
083081258X	4.0
0821774182	5.0
0374281807	5.0
047018549X	5.0
0307750833	4.0
0312360258	3.0
1421501538	5.0
0399146725	5.0
1461000017	3.0
0764208217	4.0
092958726X	5.0
0545323126	5.0
0987650408	5.0
1416986200	5.0
0802117155	3.0
0312152337	5.0
1402279450	5.0
0061779814	3.0
0143118463	2.0
1401236774	5.0
0062073168	5.0
0738736228	5.0
0615801587	5.0
1494951738	5.0
0545123267	4.0
0312648049	5.0
0486245934	2.0
0345538196	5.0
0316030872	5.0
1586487930	5.0
0399246398	5.0
0452298016	5.0
0802487017	5.0
0867905018	4.0
0230755062	5.0
0061997161	5.0
0758214634	2.0
0143170104	5.0
B00A2CWS4C	4.0
0985327812	5.0
140883233X	5.0
0440178592	4.0
0801885469	5.0
0061097861	5.0
1402255403	5.0
0307379205	5.0
0307886751	5.0
B0082RBUBQ	5.0
0425255638	5.0
0399150927	5.0
0578050242	4.0
030745715X	3.0
0316098329	2.0
0062077562	2.0
0345479904	5.0
0142419400	5.0
0060594667	5.0
0545044251	5.0
0143121162	3.507564062982402
0842377506	5.0
0807101508	5.0
1602643814	2.0
1419705369	5.0
1620610078	5.0
1470030675	4.0
1620611279	5.0
1442457031	5.0
0451216954	5.0
0778325849	5.0
0786813342	5.0
1426714211	4.0
B009AHT1HC	5.0
0982410263	4.0
141698450X	5.0
0061726826	5.0
1463774826	1.0
1439166951	3.0000000000000004
072071351X	5.0
0615150748	5.0
0786929685	1.0
1423121937	5.0
0679735879	2.0
0547341245	4.0
0061231150	3.0
0758222572	5.0
0307279936	5.0
0739452495	5.0
0842365826	5.0
1589600630	5.0
0316341517	5.0
1416531599	4.0
0615419178	5.0
1414319703	5.000000000000001
1480290319	5.0
0316211125	5.0
1426702264	5.0
0743250346	5.0
0316168718	4.0
0307957837	1.0
0307710319	4.0
080707070X	4.0
0525953132	5.0
0446362921	5.0
1599904349	4.0
0451163834	5.0
0670026115	5.0
0545230500	4.0
0615487076	5.0
0142428280	5.0
0062006207	5.0
B005WZZRWY	5.0
1780992831	5.0
1400074568	5.0
0812980239	5.0
1416563814	4.0
0060698640	5.0
0143124870	5.0
1455505242	5.0
159514353X	4.0
0835898431	5.0
1453679448	4.0
0061941026	5.0
0857521012	4.0
1609362187	4.0
0142428167	3.0
0375701907	5.0
0374503486	5.0
0671025708	5.0
0375866272	5.0
0385739680	4.0
0307744434	3.0
0451229819	2.0
0307272095	4.0
0140433880	4.0
0606262520	5.0
0452295297	5.0
0553213164	5.0
0140177388	4.0
0425183092	1.0
1574218964	5.0
0316211176	5.0
1936460068	5.0
0768325013	5.0
B00FPQM7FU	1.0
0307378403	5.0
0399159347	4.0
B00JAPUBSC	5.0
B00D5D2ECQ	5.0
0743454529	3.0000000000000004
0778324206	5.0
0060652381	5.0
1909490016	1.0
141652715X	2.0
142312197X	4.0
1400206464	5.0
0062107798	4.0
0778326756	5.0
1439194017	5.0
0143034901	5.0
0751536822	4.0
0380724081	4.0
0671040839	5.0
0553269224	5.0
0141044330	4.0
0375434313	3.0
0312624689	5.0
014242899X	5.0
0439922283	4.0
0547371489	4.0
0061713015	5.0
0989464105	5.0
0061969559	3.0
1433502399	5.0
B00DV0XJ4A	5.0
0062268414	4.0
1582431167	5.0
0141039280	2.776967011136367
1582349029	2.0
1442341955	5.0
159514398X	5.0
0547608322	4.456340956340956
1609073398	5.0
0345409973	5.0
031620126X	1.0
0451226992	5.0
0062102907	2.9999999999999996
0439023483	5.0
0800734521	4.0
0486294501	5.0
0226817415	5.0
0385516401	5.0
0007386648	5.0
0312169787	4.0
006137587X	5.0
0142424188	5.0
0061214655	4.0
0425220613	3.0
0316152196	5.0
1451626207	2.0
014241980X	4.5179941002949855
0312352174	2.0
0312252323	5.0
0062024140	3.0
1576832406	5.0
0786940247	2.0
0345523342	5.0
0345522494	5.0
1936460033	3.0
0385340222	2.0
0786950285	5.0
1423121309	4.0
1592402860	5.0
0451463153	5.0
1937389170	4.0
0553269216	5.0
0983004021	3.0
0764224271	2.0
0740779656	4.0
0061349232	3.0
0778326438	2.35662386782124
0824956478	5.0
1250006317	2.9999999999999996
1414311613	5.0
0316074314	5.0
1936460041	5.0
0961830905	5.0
0312389345	4.0
B004DI7JNG	5.0
0979621119	5.0
0316197084	4.0
0758611218	5.0
1497408857	5.0
B008X6TCNE	4.0
0375831002	5.0
1577319427	5.0
0399257829	5.0
0060098902	1.0
038077013X	5.0
0985621214	4.0
0980025087	5.0
0744590779	5.0
0446580260	5.0
1933495057	5.0
1400067758	2.0
0375856994	5.0
034542705X	2.0
0425263991	5.0
