1450430112	5.0
0312598378	5.0
0027109917	5.0
0743281616	4.5
0446555118	5.0
0316743003	5.0
0452285623	5.0
0812694090	5.0
000649885X	3.0
0312425155	4.0
006440188X	4.0
0374532281	4.0
0609804138	5.0
0312243359	5.0
1612183247	3.0
0446577391	3.0
1594486395	3.0
0684842637	5.0
140006404X	5.0
0399149155	5.0
0451211979	5.0
014311638X	5.0
0062014536	5.0
0061547565	2.0
0765328666	5.0
0316153915	3.0
0399151451	4.0
0375402896	5.0
0316926108	5.0
0312339933	4.0
0307946592	5.0
014303832X	5.0
1250024749	5.0
1594487251	4.0
1933389427	2.0
0061567159	4.0
0743246853	5.0
1118094514	2.0
1400069750	5.0
1416575642	5.0
B00IEI3SUO	3.0
037541486X	5.0
0316170038	3.0
0142300608	5.0
0060987049	4.0
0140367217	4.0
1401302785	5.0
0743281632	3.0
0060277270	5.0
1480426911	4.0
0470050101	5.0
1575666065	5.0
0345528840	5.0
1559705361	3.0
0385736800	4.0
1442430354	4.0
037543318X	4.0
1439152926	5.0
1451652224	5.0
0393318680	5.0
0375403736	4.5
1416566724	4.0
0060094117	2.0
0786808551	4.0
0345477170	3.0
0061558230	5.0
0738202517	5.0
1590582055	5.0
0385351488	4.0
0684864401	4.0
0394573358	4.0
0399151435	5.0
0786020873	5.0
0743257952	5.0
0312359586	4.0
1590582039	5.0
0312315961	4.5
0393075370	4.0
006093493X	2.0
0399160388	5.0
0571294197	5.0
0060199695	5.0
0743281640	3.0
0142002968	5.0
0312422911	5.0
0312379129	5.0
0307980456	5.0
0544103882	5.0
081299308X	5.0
0385730284	5.0
0061143480	4.0
1469237164	5.0
0425256138	5.0
0316122386	4.0
0307463125	5.0
0060539232	5.0
1451609825	4.0
044021971X	4.0
1439157316	5.0
0763614211	5.0
0743244222	5.0
0143115006	4.0
0373791240	5.0
0345528875	5.0
0140058893	5.0
B00HQNTWQM	4.0
0345305221	5.0
0425179494	4.0
0778315150	2.0
0743400283	5.0
1594488142	5.0
0739332414	4.0
0060955406	5.0
1439216207	5.0
0307720705	4.0
0345535154	4.0
0062105450	4.0
0547350635	5.0
0375725881	5.0
0805088938	5.0
0060899220	4.0
0553581538	3.0
0061230839	4.0
0312291027	4.0
0064408078	5.0
0786865504	4.0
0786863323	5.0
157409100X	5.0
0316055433	5.0
B00II3YH8W	2.0
0316734942	5.0
0062071130	4.0
0976324644	4.0
1250019354	3.0
080280652X	5.0
0316919896	5.0
0156035464	5.0
0345528891	5.0
0446555126	4.0
0020427115	4.0
0440219744	4.0
B0041N3RDE	5.0
0307463575	3.0
B006S3F8NW	4.0
0142000345	1.0
0399142533	5.0
0316734950	5.0
0802138594	5.0
0099451743	5.0
0812975677	5.0
0786808519	3.0
0373772998	5.0
0312565852	5.0
1401210562	5.0
0061171115	5.0
1595143173	4.0
0195038630	5.0
1565049942	5.0
0312328893	3.0
0312272766	3.0
0340712511	5.0
1586087754	2.0
0743499433	5.0
0062008242	3.0
0395881560	5.0
034543448X	4.0
0345434498	5.0
1582349606	5.0
B005FA429K	3.0
030738246X	5.0
006125133X	3.0
0609605852	4.0
0312304439	4.5
0345396456	5.0
1598806599	3.0
0758211643	3.0
1594868239	3.0
0545424925	5.0
0345366239	5.0
0307279464	5.0
0312198639	4.0
0061544450	1.0
0446530220	3.0
0743571266	5.0
0316125067	4.0
0385347863	3.0
0307346382	5.0
0970716907	3.0
0553525832	5.0
0061998885	4.0
0142002542	5.0
0316153990	5.0
0312289189	2.0
B00EXW70LS	5.0
023070932X	5.0
0099416158	3.0
B00JSCQLFO	5.0
0385335881	4.5
0767932501	4.0
0375501347	5.0
0241143144	5.0
0385333668	5.0
0671014188	5.0
0393064646	4.0
0142002585	5.0
0071468064	5.0
0553585495	5.0
0345463838	4.0
1594205795	5.0
0679729976	5.0
B00B8UH6B2	2.0
0062135252	5.0
0971553602	2.0
1414303467	3.0
0312383290	5.0
0743434013	5.0
1616145994	5.0
0330412701	5.0
0743222016	5.0
0767903161	5.0
0373210361	4.0
0062109391	5.0
1593155085	4.0
0547482477	3.0
B00HI9EQ7E	4.0
1416950079	5.0
0446530689	5.0
0446195979	3.0
0452285216	5.0
0060183713	5.0
031218008X	5.0
B0051ZG7AG	3.0
0345434471	5.0
0970366604	5.0
0345435796	3.0
0547577389	3.0
0743222008	5.0
0811807843	4.0
0385021747	4.0
078601637X	4.0
0060730552	5.0
1428166181	5.0
0553579673	5.0
0312594410	4.0
0451226119	4.0
0399145664	4.0
0312662149	4.0
0393051390	5.0
0373835396	4.0
0446579920	3.0
0061137642	4.0
0142501182	4.0
0312353812	4.0
0061766720	3.0
0312942036	5.0
0307268357	5.0
0060508175	5.0
1439147914	5.0
0061998850	5.0
1574882325	5.0
0140178724	4.0
0385720408	3.0
0718178122	5.0
1403970742	5.0
0316051926	5.0
0061091723	4.0
0399146504	5.0
1557044066	5.0
0446530263	5.0
1416544569	5.0
159240653X	5.0
0743250508	4.0
0330345044	3.0
0374184216	5.0
0547251270	5.0
140008234X	5.0
0984680098	5.0
0743411323	3.0
1250002990	3.0
0393310361	5.0
1401303277	5.0
1480100064	5.0
160684038X	3.0
0553286447	3.0
0545123283	5.0
0385342179	5.0
0060872985	1.0
0805092560	4.0
0312353839	5.0
1575666936	3.0
0195374525	5.0
B00J4XK00Y	3.0
144235321X	5.0
1885061315	5.0
1559212578	3.0
1551665298	5.0
1432797441	5.0
0375707166	5.0
0385523882	4.0
0380793806	3.0
081269404X	2.0
0312873344	3.0
0553062050	5.0
0679748202	3.0
0312351666	5.0
0316066141	5.0
0312143982	5.0
0786888679	5.0
0525947752	5.0
0061670111	3.0
0525950923	4.0
1414303432	4.0
0446402389	5.0
0316059862	4.0
1250024765	5.0
0061091707	4.0
014241591X	2.0
0375504834	5.0
0060938412	4.0
030681188X	4.0
0061771317	5.0
0316155306	5.0
0307277674	4.0
0307474615	3.0
0399148612	4.0
0545123267	5.0
0375866566	5.0
1442450304	4.0
0312205406	5.0
0307700682	5.0
0345538196	5.0
0451204891	4.0
0915811006	4.0
0765309467	4.0
0451465024	5.0
0691122946	5.0
1451645163	5.0
0307266532	1.0
0805066241	5.0
0425173348	4.0
0330319922	3.0
B00J4NQ8HI	3.0
1575666995	5.0
0684823438	5.0
0446611816	5.0
1582438293	5.0
1595545409	5.0
0399148604	4.0
1604860804	5.0
0452298032	5.0
0440212332	5.0
0385351836	4.0
1477818456	5.0
0399150927	5.0
031613399X	5.0
0399159738	5.0
0312848838	5.0
0156011980	5.0
0312261594	5.0
0451456548	5.0
0345337662	5.0
1574888498	5.0
0307750922	4.5
0786022124	5.0
1590513908	3.0
0312319517	5.0
1477808671	4.0
0451211162	5.0
0743299841	5.0
0385495358	4.0
0375404155	4.0
0312363273	5.0
098024367X	5.0
0312287712	5.0
0830827420	4.0
1897299168	5.0
0140434941	5.0
0515135305	3.0
0060584750	5.0
1909062278	5.0
1416509690	5.0
0312369816	4.0
0765333104	5.0
0142403180	5.0
1596916508	5.0
1482313545	5.0
0312340117	5.0
0375704132	5.0
0061014788	5.0
0375422986	1.0
0385336667	4.0
0849911796	4.0
0312308892	5.0
0449223604	5.0
0060512202	4.0
0446520802	5.0
1620610078	4.0
0525945652	3.0
1401937519	5.0
0385512821	5.0
0439443849	5.0
0060505915	5.0
0345463447	4.0
1581952317	5.0
0345482182	5.0
0743250524	5.0
0345418832	4.0
0689851928	1.0
0787955787	5.0
0061256684	5.0
0385336675	4.0
0812993969	4.0
0062235591	3.0
0399146474	4.0
1590210557	5.0
0062108050	4.0
0312306261	5.0
0061978841	3.0
0199538794	4.0
0312360185	5.0
0312352565	4.0
B003X976CA	5.0
0156031566	5.0
0060083956	3.0
0062211196	3.0
0802170609	5.0
0142421871	4.0
0060972777	5.0
0441715923	5.0
0141013451	4.0
0312119038	5.0
039568093X	5.0
0312425996	5.0
0316969680	1.0
0340712538	5.0
1400065755	5.0
0061128643	5.0
0060544260	5.0
1575665212	4.0
0307379361	5.0
0380782308	4.0
B00BUGFZDK	4.0
0671019392	3.0
0143121359	3.0
0307594130	4.0
0307096432	5.0
1455528439	5.0
0142406252	5.0
0307950174	3.0
0316133973	5.0
0307463907	5.0
0375890246	4.0
0375701907	5.0
0307275000	5.0
0061013412	1.5
0006162649	4.0
1405258217	5.0
0316045187	4.0
0545424941	5.0
0142302376	4.0
0312185863	5.0
0373790724	4.0
0060897848	3.5
0778322254	5.0
0312241941	4.0
0684838907	5.0
0307379388	5.0
0316098116	4.0
0425264203	5.0
006112429X	5.0
0525951059	3.0
0375501843	3.0
1593154682	3.0
0743271092	5.0
0330413147	5.0
0441015530	4.0
0062128027	3.0
0312319142	5.0
0316601039	5.0
0679760806	5.0
0880707755	4.0
0385492707	4.0
1423183096	5.0
0553295772	5.0
0316154059	5.0
0307346811	5.0
0374332657	5.0
0440204321	5.0
0743227387	5.0
0465010210	5.0
0446527858	4.0
0525951040	4.0
0060596341	5.0
0525944745	3.0
0743267818	1.0
0142800082	4.0
0399534628	5.0
0140449124	5.0
0060188952	5.0
0385734212	5.0
0446606081	4.0
0060924640	5.0
0440413729	5.0
031226772X	5.0
1612182321	4.0
0761459499	3.0
1599987619	3.0
031092815X	5.0
0141180358	5.0
1572245921	5.0
0743567218	5.0
1416550402	4.0
0061143464	3.0
0451464109	5.0
B004LGS7WC	4.0
0316043893	5.0
014028009X	4.2
0446609560	2.0
0316168688	5.0
0312313810	5.0
0446614912	5.0
0306815877	4.0
0307266915	5.0
0375507590	5.0
0385538138	5.0
0671755064	5.0
0751541184	4.0
0316075841	4.0
0380731606	5.0
B00EACYF0U	5.0
0312568894	4.0
0307269183	5.0
0312286465	5.0
0142501557	4.0
0307271080	4.0
0810114844	4.0
0880641487	3.0
0982333706	2.0
0802170250	5.0
0140244816	4.0
1484081870	5.0
031242423X	5.0
0345475496	5.0
0451210220	2.0
0062026100	2.0
0142420905	4.0
0778313344	5.0
0765320207	5.0
0399159320	2.0
1594487790	5.0
1479236659	5.0
0767913744	4.0
0375414339	5.0
0316154067	5.0
0061143448	3.0
0061714321	5.0
006224535X	4.0
0142800031	4.5
1594488649	5.0
1933515627	3.0
0306810123	3.0
0345475445	5.0
0451225708	5.0
0761461752	5.0
0811845362	4.0
0345487427	4.0
0385478437	4.0
0060525118	3.0
0486292576	4.0
0812969014	5.0
0517580519	1.0
1449925030	4.0
0071591583	5.0
1400032415	2.0
0618357130	4.0
0871132583	4.0
0452282969	4.0
0060599804	5.0
1595141758	4.0
0374351384	5.0
0141182571	3.5
1480535281	4.0
0812973992	5.0
0618709274	5.0
1611090695	4.0
0857520792	5.0
0553375628	4.0
160684170X	4.0
B00CU5C3FI	5.0
0061582336	2.0
0345475461	5.0
0060852577	4.0
0307394913	4.0
0312319169	5.0
1599986337	5.0
1585365505	5.0
0375500901	4.0
158005286X	5.0
0375422145	5.0
0307590615	4.0
0375831002	5.0
0743453972	5.0
0062014552	3.5
1416598839	4.0
0446527874	5.0
1575668793	5.0
1118167155	4.0
0743471393	4.0
0671745247	5.0
0375402314	4.0
0380800640	4.0
0300080778	4.0
0385498039	4.0
0743200705	5.0
0143124463	3.0
145165801X	4.0
0451464141	5.0
0141001844	4.0
0385520808	2.0
0440422256	5.0
1585360287	4.0
1573226114	4.0
1595551700	5.0
0399152679	3.0
0312383304	5.0
1582979901	1.0
1599900580	5.0
044657967X	4.0
0525953728	5.0
0062024205	1.0
0312301448	5.0
1416541527	5.0
1419957724	3.0
0451198794	5.0
0345483944	4.0
044020657X	5.0
0345504968	5.0
0743453956	5.0
0060587245	5.0
0449000966	4.0
031286101X	5.0
0740755234	5.0
055313079X	5.0
0062048651	3.0
0849920728	5.0
B00FEZ20WW	4.0
075969222X	4.0
0978917006	4.0
0758220405	3.0
0786866772	5.0
0060760443	5.0
0061672475	4.0
0615569617	4.0
0060735023	4.0
0307237540	5.0
044617842X	5.0
0345533054	3.0
0671023195	5.0
1579219659	4.0
0380721643	4.0
0765304546	4.0
0025225804	3.0
038574126X	5.0
1780329482	5.0
0312334354	5.0
0425213544	5.0
0671023179	4.0
0446525804	1.0
0312383320	5.0
0595406971	3.0
1423121317	4.0
0312428324	5.0
038079943X	4.0
0316159360	5.0
1455878561	1.0
0451235843	5.0
0441203981	5.0
0446533424	2.0
0451463781	5.0
031242082X	4.0
0316196754	5.0
0786893931	5.0
0440207452	5.0
1408835193	5.0
0312154542	4.0
0062085611	5.0
0143116479	5.0
156478214X	5.0
0739421042	1.0
0345451902	4.5
0143144529	5.0
1423121325	3.0
0886777356	4.0
1442430001	5.0
0385477163	3.0
0307742857	4.0
0195170229	5.0
0142401447	5.0
0099282917	5.0
0385319673	4.0
0330484966	4.0
0140298479	5.0
0671026682	3.0
014029628X	5.0
159116205X	4.0
0671038656	5.0
0385527519	5.0
0330334611	4.0
006095339X	5.0
0760725594	3.0
1482765586	5.0
045146463X	5.0
0758205686	4.0
0330444085	5.0
0142500372	3.0
1608090248	2.0
0312253486	2.0
0375713301	5.0
0765313081	5.0
0060562382	5.0
0471252522	5.0
0395706734	5.0
0142004812	5.0
0312658850	5.0
0316254770	5.0
0312934920	5.0
0316209724	3.0
0670021334	4.0
0385333536	5.0
0375724427	5.0
0060935979	3.0
0316011770	5.0
0060196092	3.0
1933622733	5.0
009950975X	5.0
1416989412	4.0
006019295X	5.0
0345431057	5.0
0345411463	5.0
1400069432	3.0
1439156336	4.0
0312280610	4.0
031218171X	5.0
0345502736	5.0
1595581030	5.0
0345528506	5.0
0142417807	5.0
0385494505	2.0
159013060X	5.0
0060609176	5.0
0060393203	4.0
0670024856	3.0
B00I7JJN1I	3.0
0312291388	4.0
0307262995	3.0
0345423429	5.0
0064401324	4.0
1478295856	5.0
0061708704	5.0
0316182540	5.0
1592407323	5.0
0060393211	2.0
0440431808	5.0
038552224X	5.0
0312179405	3.0
0812984250	4.0
0316209740	3.0
006197806X	5.0
0060987111	4.0
0312655347	4.0
0312358334	5.0
0061093602	4.0
0142428949	5.0
045146379X	5.0
147520910X	3.0
0316056634	5.0
0312429223	3.0
1566631254	4.0
0671027573	4.0
0385537751	5.0
006173506X	5.0
0825462967	2.0
1416989439	4.0
0143059165	5.0
0340898917	3.0
0307387437	5.0
014025448X	4.0
0441008534	5.0
0316021555	3.0
0312423926	5.0
0863161189	3.0
0679446796	4.0
0060609192	5.0
0312347294	4.0
0446578754	5.0
0786808497	5.0
0316013587	5.0
1482063557	5.0
0786808012	5.0
0345461754	4.0
0060977744	3.0
1423157370	4.0
0385731841	4.0
1401340997	4.0
0316926086	5.0
0316601950	5.0
0312427050	5.0
0399143793	4.5
0142004855	5.0
0805095535	5.0
0061128856	4.0
1565129156	5.0
0373210027	4.0
0671019546	3.0
0312423934	4.0
0374505845	3.0
1597776408	3.0
0765327619	5.0
0399153594	4.0
0765325438	4.0
0609807919	5.0
0099421860	5.0
0385342047	5.0
0140242058	5.0
0060094095	3.0
0312290888	4.0
0545140315	4.0
1605981044	5.0
B004V49BLU	5.0
0440984696	5.0
1590585011	5.0
0300166311	5.0
0765303612	3.0
014101587X	5.0
0307908364	5.0
0399121994	5.0
0316017922	4.0
0765327627	5.0
0425256235	5.0
0449907643	5.0
0761525726	4.0
0758203926	5.0
0373895755	5.0
0385342020	5.0
0609807900	5.0
0380804522	4.0
0684810549	5.0
1480170402	4.0
1843608103	1.0
1595143068	5.0
0141035005	5.0
0062224077	5.0
0316034010	4.0
0061374199	4.5
0937611018	3.0
039914594X	4.0
0767903269	5.0
0307277186	4.0
0590877607	5.0
0345484401	5.0
1599632292	4.0
1569479739	4.0
1558219048	5.0
0373210493	4.0
0751539678	5.0
033039780X	4.0
0312992424	5.0
0345451910	4.5
034542218X	4.0
0996066608	4.0
0380731479	5.0
0586090398	5.0
0060530383	5.0
0375868267	5.0
0306817438	3.0
B00BAF3YBQ	4.0
1890768162	4.0
0373712553	3.0
0375410767	1.0
0679453040	4.0
0385739370	4.0
1620402831	4.0
0312580126	4.0
055309503X	4.0
0345469674	4.0
0060589469	5.0
0060565497	5.0
0060738170	5.0
0316045128	5.0
1442421177	5.0
0060988827	5.0
014242059X	3.0
0143038656	5.0
0140167773	5.0
0786031824	4.0
0446530387	4.0
0330453866	3.0
0062102222	4.0
0307741907	2.0
0312945655	5.0
037576092X	5.0
0316713732	3.0
1400044197	4.0
B0095ZMQZ8	4.0
0814776019	5.0
0007111347	5.0
0439404371	3.0
0679453059	3.0
B00CMU87GU	3.0
0981652565	5.0
0312569033	3.0
0897935217	5.0
0380732343	4.0
067944761X	4.0
0743201485	5.0
0451462882	4.0
0385520484	5.0
0060184957	3.5
1416565159	3.5
0679833722	4.0
0312361572	3.0
1423149769	4.0
0805242074	5.0
0385730586	5.0
1402268432	4.0
0451220714	5.0
0763640670	4.0
0679453067	5.0
0385342063	5.0
074327041X	3.0
0060548932	4.0
1594633177	5.0
0307387828	5.0
006251704X	4.0
0345468368	5.0
0312283709	5.0
0061720437	3.0
0143118218	5.0
0061252573	5.0
0312360258	4.0
0345449622	1.0
0142800821	5.0
0316070521	5.0
0399152288	5.0
0312361580	5.0
0312349483	5.0
0374270937	5.0
1607014017	5.0
0679602712	5.0
1411683153	5.0
0374264260	5.0
1250025737	3.0
1439192812	4.0
0375760911	5.0
0007442920	5.0
0767931750	3.0
B00BPJAGMC	4.0
1416556206	5.0
0345475526	4.0
1416524746	4.0
0715633228	5.0
0399156119	2.0
0739316877	5.0
144245041X	5.0
0140434836	2.0
0394568354	5.0
0312559208	5.0
1596912294	4.0
0312642970	5.0
0345545834	4.0
0399158774	4.0
1419701916	5.0
0140245162	5.0
0375508147	5.0
1406330337	3.5
0805094601	5.0
0061083461	5.0
0743201493	4.0
0380815583	5.0
1416594981	2.0
0345475518	5.0
0399147632	1.0
0340899751	4.0
0385337418	5.0
0140270590	5.0
0385326742	1.0
0062026089	5.0
0399156585	5.0
1455522805	5.0
0060392827	3.0
0345441737	4.0
0060731583	5.0
1475084099	5.0
0140293248	1.0
0765307154	5.0
0142406325	5.0
0060185716	4.0
0345460030	5.0
1575663597	4.0
0802119034	3.0
1484931963	4.0
1490471103	5.0
0307474712	3.0
076145277X	5.0
044652753X	5.0
1585710709	5.0
0062193856	4.0
0393064921	3.0
0743202376	4.0
0345404785	1.0
080508925X	4.0
1558328122	4.0
0802144012	2.0
068816840X	5.0
0811860698	5.0
0545259088	5.0
0345487524	5.0
0307951103	3.0
0525954236	1.0
0394480767	5.0
006222543X	5.0
0446578703	5.0
006211946X	2.0
0385338724	4.0
1606841696	3.0
0061083445	5.0
0393035158	4.0
0316701297	1.0
1455520640	4.0
0307266869	5.0
0061990655	3.0
0380792478	4.0
0758202687	5.0
0553381849	5.0
0385519109	5.0
0451408578	4.0
0618792252	5.0
148234873X	1.0
1606840363	4.0
0141001771	4.0
0547985533	5.0
0451203895	4.0
B005VERFK8	3.0
0140274960	5.0
055311123X	3.0
0140122796	5.0
060980619X	2.0
0758213336	3.0
0758215517	4.0
1402262272	4.0
0385497237	2.0
0316777730	5.0
0375867333	3.0
0399157484	5.0
1933771577	4.0
0813808081	5.0
0375431101	5.0
0312373139	5.0
0312421273	4.0
0684854031	5.0
0618713476	5.0
B00AUDZJRQ	4.0
0137009720	4.0
0765702886	5.0
0547482523	5.0
038533611X	5.0
0615419178	3.0
0743284658	4.0
0743205413	5.0
0375422641	5.0
0439740517	4.0
0062135961	3.0
0060293152	5.0
0743570537	5.0
0553275852	4.0
0195383427	4.0
0156031450	5.0
0446532967	3.0
0802137725	3.0
0345545869	4.0
0061015725	4.0
0767914376	5.0
1442450444	4.0
0739419692	5.0
0385337426	5.0
0674954734	4.0
0446576956	4.0
0060175966	5.0
0964716909	5.0
1250034701	5.0
0618982728	5.0
1416964053	2.0
0375869530	4.0
0974548006	5.0
0812979370	5.0
0307264254	5.0
0141001798	3.0
1439269769	3.0
0060732482	5.0
0307378187	4.0
0399150838	4.0
0394571932	3.0
B009TEX3WK	4.0
006075995X	2.0
0066209765	5.0
B00ASZSVO4	5.0
0312252943	4.0
0671537601	5.0
0770436919	5.0
0312567243	4.0
0671042262	5.0
140135212X	4.0
0671025708	5.0
1416549994	3.0
0142003069	5.0
0399155279	5.0
0545448212	5.0
0060817089	5.0
0316027650	5.0
0441014771	5.0
068485449X	5.0
0451228731	4.0
0140386718	5.0
0312642962	4.0
0061479934	4.0
0316056197	5.0
0972635750	4.0
0451217608	5.0
1470998858	4.0
0195124731	5.0
1400062349	4.0
0691127468	5.0
B00G8OUAFC	4.0
0152062106	4.0
034545247X	3.0
006085880X	3.0
0316204889	5.0
0312422156	5.0
1481226851	5.0
073946289X	5.0
0807083054	5.0
0547385420	5.0
1477672125	5.0
0393068471	4.0
1455826863	5.0
0684849569	5.0
1427201412	1.0
0805077669	5.0
0810948214	4.0
0684863871	5.0
1480039810	3.0
0385524072	4.0
0385518633	4.0
0316739030	4.0
1417808268	5.0
0843947810	2.0
0060512180	4.0
0312342020	5.0
0007281447	5.0
080503188X	5.0
0765306220	4.0
1250000955	4.0
0061735175	3.0
0345508912	5.0
077831586X	5.0
1937007596	5.0
0618570519	5.0
1565073479	2.0
0060505885	5.0
0425214478	2.0
0380732823	3.0
0006490603	5.0
1937265730	3.0
0312205392	4.0
0380714590	4.0
031218087X	4.0
0874744911	4.0
014242899X	5.0
031604461X	4.0
0099535297	4.0
0446525774	2.0
0062505858	5.0
0451412656	5.0
0743226399	5.0
0060530413	5.0
1892213087	5.0
0061241083	3.0
0380715430	4.0
1591841003	4.0
0316010863	5.0
0553214446	5.0
0312625529	5.0
0156030543	3.0
1416912045	5.0
0615305237	5.0
0374380864	1.0
0446675776	3.0
0452287081	3.0
0385337000	5.0
0312285485	1.0
0142421901	4.0
0689850921	3.0
0062003313	4.0
0765300966	4.0
0743466713	4.0
0743278801	4.0
159448306X	5.0
0307379418	5.0
1484148037	5.0
0060005556	5.0
1400043670	4.0
0451462076	5.0
0312867689	5.0
0547203888	5.0
0486250644	3.0
0399147292	5.0
0671016857	5.0
0312374062	5.0
097634551X	5.0
0060584696	5.0
0983930805	5.0
0062060759	2.0
0385319606	1.0
0821772341	3.0
0345453786	1.0
0316122556	5.0
0142300497	4.0
0307962695	5.0
0316796883	5.0
1423121309	5.0
1586489348	4.0
1477411321	4.0
B00F5DF9QC	2.0
1606840746	3.0
0688171613	5.0
0061804193	3.0
0399147268	4.0
1406330396	5.0
0345496000	5.0
0375416854	5.0
B00DK8L8Z0	4.0
0316147869	2.0
0345420438	5.0
0761375260	3.0
0375433392	5.0
0778313255	5.0
1591843634	5.0
1843170523	3.0
0863161928	5.0
0312426100	5.0
0151010986	5.0
1495443507	2.0
0312265840	5.0
0091618908	5.0
0553572334	1.0
0307406628	5.0
1582433380	5.0
0765306239	5.0
1560989955	5.0
0062280678	5.0
0465014917	5.0
0061990698	4.0
B004R1Q38Q	4.0
0767903625	5.0
1401301428	5.0
0440979374	5.0
0060098902	5.0
0062003321	5.0
1442445939	4.0
1612383858	3.0
0316084239	4.0
0307360814	5.0
1590514254	5.0
0385503121	5.0
0989527417	4.0
0060885599	5.0
0802721893	4.0
0743221990	5.0
0345528921	5.0
0143112120	5.0
0230105033	4.0
0758269374	5.0
0446521582	5.0
0061173932	5.0
0061146315	5.0
0375869034	5.0
0385494602	5.0
0143142437	5.0
0345526880	5.0
0312359314	5.0
0825305152	4.0
1118657918	5.0
0897333659	5.0
0486270572	5.0
0394736656	4.0
0141040343	4.5
0451232682	2.0
0743292510	5.0
0316077046	4.0
0451207246	5.0
0743442709	5.0
0140436588	5.0
073873604X	5.0
1444727338	4.0
0310292468	4.0
0307456625	5.0
0312242263	5.0
0061146307	3.5
0399151699	4.0
0983930848	5.0
014314376X	5.0
0060555513	5.0
0312359322	1.0
1410406350	5.0
0375829822	5.0
0983157278	5.0
B009PP0IYO	3.0
042516988X	5.0
0451463862	5.0
0743219465	5.0
0062107828	4.0
070117756X	5.0
0312347316	4.0
1400042011	5.0
0449006395	4.0
0316355569	4.0
0743292502	3.5
1573443441	4.0
0385660065	5.0
0375725601	5.0
1250001404	5.0
1596323280	5.0
B00IVCU4LY	4.0
0312348649	5.0
0060083247	4.0
0761461965	4.0
039915034X	4.0
0312315716	5.0
0312979983	5.0
0385340117	5.0
0373210515	5.0
0061146331	5.0
0385517831	3.0
0143037218	3.0
0375401318	5.0
0743267524	2.0
0778325156	5.0
141654383X	4.0
0312622783	5.0
0375414622	3.0
0375409289	5.0
0312979975	4.0
0312347308	4.0
0802723462	4.0
0345340248	5.0
0765307928	5.0
0060197285	4.0
0761173633	5.0
0062048503	3.0
0615945694	2.0
0615782140	5.0
0679748091	5.0
0142422010	5.0
0609601202	5.0
0061926515	4.0
0451463439	5.0
0151015228	5.0
0399152598	2.0
0316010790	5.0
0061452017	5.0
0385340176	5.0
039914496X	5.0
0425263908	5.0
0316602051	3.0
0393079562	5.0
0743225708	4.0
0590383884	4.0
1574091239	5.0
0747553858	5.0
0525947132	2.0
0385322747	5.0
0679412611	5.0
067155302X	5.0
0064471969	5.0
0449000648	5.0
1406337609	5.0
0375851798	4.0
0743260945	5.0
0547242166	5.0
0195204662	4.0
1573225517	4.0
0439903467	5.0
0743496132	2.0
0061452009	5.0
0451464753	5.0
1933615699	5.0
0385534345	4.0
0060889659	4.0
0316024961	5.0
0312301596	5.0
0385722435	5.0
1416586571	4.0
0399162380	5.0
0312534914	5.0
1439192316	5.0
0316001821	3.5
0141180676	5.0
0062077902	2.0
0679602895	5.0
0385501005	4.0
0765327546	5.0
0062217070	5.0
0451219244	5.0
0743260937	4.0
0446530077	4.0
0525423265	4.0
0060277475	5.0
0062049801	4.0
0739458213	5.0
0696230216	5.0
0802138365	5.0
0786711280	4.0
0345465377	4.0
0060176385	5.0
B00ILN2UO2	4.0
0307473147	5.0
1594868816	4.0
0786183616	5.0
0451217055	2.0
0316126535	5.0
0425263916	5.0
0061284408	3.0
0394551788	4.0
1567510221	5.0
0525423257	4.0
0345476026	4.0
0743260929	4.0
039914143X	2.0
0805094598	4.0
0802137024	4.0
1451675542	3.0
0316036919	5.0
0812977610	4.0
0393057755	5.0
0061240869	5.0
034544227X	2.0
0345259084	5.0
0142422053	4.0
0142000108	5.0
031234161X	5.0
0684842483	5.0
0062265970	5.0
038553695X	5.0
0330419129	5.0
0446520659	4.0
1479205249	1.0
1410422445	3.0
0590877518	5.0
0312946201	5.0
0099555352	4.0
0525948422	5.0
0385533462	5.0
0099464462	5.0
0446531782	4.0
0142002798	4.0
0312349106	4.0
0743272986	5.0
0802139272	5.0
0451207645	5.0
1477848827	3.0
0312358075	5.0
0446527297	4.0
0307886107	5.0
0812992806	5.0
0375503757	4.0
1442421258	1.0
0307952193	4.0
0099244721	3.5
0230101488	5.0
0316175560	3.0
1416598146	5.0
B009B11BKW	4.0
0061782165	5.0
0451460758	5.0
0451221958	3.0
1582975035	5.0
B00IPDVINC	5.0
1451611552	5.0
0374302103	2.0
0307269876	5.0
0765314630	2.0
030788743X	5.0
0071341455	5.0
1740594738	5.0
0307955699	5.0
0061935085	5.0
0060878096	3.0
0316154601	4.0
0140306013	5.0
0307378195	5.0
0062064649	5.0
0743204832	4.0
0451459792	3.0
0141012250	5.0
0451170725	4.0
0061153907	5.0
0631189467	5.0
0143170090	5.0
0786807067	5.0
0312358091	5.0
0062265946	4.0
0765309289	4.0
0451225090	4.0
0061537934	5.0
0316602906	2.0
0306822725	5.0
0765311119	5.0
031228361X	5.0
0060938226	5.0
0312283628	1.0
0684865114	5.0
0312288085	5.0
1416599452	4.0
0345346866	4.0
0786807075	4.0
159420201X	4.0
0451188489	5.0
B00AIF3QD0	3.0
0743267117	4.0
0307267679	3.0
1603582282	4.0
0307476286	1.0
0465094007	5.0
0007167040	5.0
0679753834	5.0
0743222245	2.0
0307958701	5.0
0446527289	1.0
0452283280	5.0
0373210574	5.0
0061173975	5.0
0099406136	2.0
0812981707	5.0
0316686565	2.0
0385320175	5.0
0425264394	3.0
0061735825	5.0
014132855X	4.5
0099526832	5.0
0758267401	4.0
0060878061	5.0
0061774596	4.0
0380812045	4.0
0375412824	3.0
1937856836	5.0
0425230155	5.0
1455516783	5.0
039592720X	4.0
0739315293	5.0
0571203132	5.0
0374115389	5.0
1250012570	3.0
0312318421	4.0
0061097268	5.0
0446532681	5.0
1416940022	5.0
0312291655	4.0
0439551056	4.0
1453656952	4.0
0064472884	1.0
0316069884	5.0
0452283221	4.0
0345425324	5.0
1595143394	4.0
0399155686	5.0
0446576670	5.0
067100767X	1.0
082176778X	5.0
0671007696	1.0
0451229894	5.0
1933060050	5.0
0062021877	4.0
0553299514	4.0
1890768022	5.0
0743225325	3.0
094267927X	5.0
1400060311	1.0
076791841X	5.0
0393066614	5.0
1482311461	4.0
0312304250	5.0
0399145877	3.0
0399146725	3.0
0451404211	5.0
0312278233	5.0
0312866828	5.0
0812978544	5.0
030726419X	4.0
037570910X	2.5
B00GD0UL8M	3.0
0007172826	5.0
0865478619	5.0
0061668036	3.0
0465029841	5.0
0786890754	2.0
0099450259	5.0
0062001817	3.0
0375501568	5.0
0316069418	4.0
0380812053	4.0
0061253774	5.0
0316776963	5.0
0971880107	3.0
0671021451	4.0
0061449202	4.0
0451412729	5.0
0743241835	5.0
0765318172	3.0
0807121010	3.0
0375706534	5.0
0802720854	5.0
0385350732	3.0
0618197354	5.0
B0088NH1K8	4.0
0316154695	4.0
0805070516	3.0
0758213662	4.0
145162445X	5.0
193556238X	5.0
0312938543	5.0
0743418166	3.75
0446612901	5.0
0679801146	5.0
0345404459	4.0
1582342806	5.0
014027927X	4.0
0385494297	5.0
0060976918	5.0
140883233X	3.0
0802798225	3.0
0061687162	5.0
1250029880	2.0
1481021559	5.0
0743573722	5.0
0007337701	5.0
0385344074	5.0
074356619X	4.0
0061778184	5.0
0857072285	4.0
0142002267	5.0
0811860329	5.0
B00IHNY3FK	3.0
1475045964	4.0
0446529400	3.0
0765342286	4.0
0060936460	3.0
0006511252	5.0
0316910333	5.0
0312304269	5.0
034542753X	5.0
0061926183	4.0
044617792X	5.0
0060958286	5.0
0446177938	5.0
0449000265	5.0
0966443098	5.0
0374281602	5.0
157322068X	5.0
0451181468	4.0
0765308347	3.0
0393062627	5.0
0151008116	4.5
0140281118	5.0
0345413377	3.0
B00EPF5LSW	5.0
0062117181	5.0
0393059448	5.0
0375421890	3.0
0152012397	1.0
0802720870	4.0
0385488858	1.0
0028632753	2.0
0373210086	4.0
0618246940	5.0
1416954171	5.0
0062114905	2.0
0061930210	3.0
0439456983	5.0
0812992873	5.0
0399146644	3.0
031228442X	4.0
1611943728	5.0
0345416422	4.0
014305760X	5.0
0307277461	5.0
1451685815	3.0
0375727485	5.0
0982913168	4.0
0312424892	5.0
0671013815	5.0
B00HJ692AC	3.0
0767920708	4.0
0312609833	4.0
0141038985	4.0
1591960436	3.0
0439324599	4.0
0547892632	5.0
0316176443	4.0
0393062686	5.0
0312945272	5.0
0745670172	3.0
014241977X	4.0
0399146237	5.0
0743270363	4.0
006074104X	5.0
0670018554	5.0
030726632X	5.0
0743250354	3.0
0345493036	5.0
0553808133	2.0
0618334661	4.0
0060007451	4.0
0393047059	3.0
0446604488	4.0
0142429112	1.0
1598879251	4.0
0380723336	5.0
0307932540	3.0
0140282033	5.0
1582342849	5.0
0743250346	4.0
0156029022	5.0
0545240778	5.0
1592863981	3.0
0142429104	4.0
0786807091	5.0
0316969443	4.0
0446504122	3.0
1569701903	5.0
0615320554	3.0
0312364318	5.0
0142410977	4.0
B004CLYO8W	3.0
0399145362	3.0
015206396X	4.0
0373210035	2.0
0143038907	3.0
0743202295	4.0
0545230500	4.0
0140283331	5.0
0767926439	4.0
0140431225	5.0
0142418471	5.0
0671525751	5.0
1250041120	5.0
0062230921	4.0
0399156496	4.0
0449015327	5.0
0778313530	4.0
0099526409	5.0
0451409973	2.5
0156031302	4.0
B006X09584	1.0
0140169539	5.0
1573244619	5.0
0812979486	4.0
1851686371	4.0
0547844581	4.0
0375821821	5.0
006136813X	4.0
0141185430	5.0
0547328184	4.0
0802119166	4.0
0385508522	5.0
0679643753	5.0
0312364326	5.0
0312283555	4.0
0547892616	3.0
0671776126	5.0
0143038915	5.0
0345449347	2.0
0375421459	5.0
0316912581	5.0
0745651445	5.0
0312377630	4.0
1414317301	5.0
1594487502	2.0
B008O0QUU2	4.0
0061724750	5.0
0312426623	5.0
0606262520	4.0
0062238426	4.0
0307977889	4.0
0060926201	5.0
0307266303	5.0
1605044075	3.0
0375406522	5.0
0743262301	5.0
045121577X	5.0
B00BKQR4C0	4.0
1451691696	5.0
0385488440	5.0
0786864516	4.0
0802144195	4.0
0066211115	4.0
0547242093	5.0
0061655988	4.0
0452279585	4.0
0399149309	2.0
0140077022	5.0
125001171X	5.0
0440419263	5.0
0385324057	5.0
0441017940	5.0
014038572X	5.0
0985352043	5.0
0786221542	3.0
1582974969	5.0
0142000930	4.0
B00IWEZ2EU	4.0
0060822503	5.0
B0055ECOUA	5.0
1885983395	5.0
014242207X	5.0
0547576722	5.0
0425180727	1.0
0399151613	5.0
1423110706	5.0
044900371X	4.0
0312378106	5.0
037541326X	1.0
1475209495	2.0
1582974985	4.0
0062059262	5.0
0312962258	5.0
030795031X	2.5
0307265838	4.0
0385340540	3.5
0307932907	5.0
0345463269	4.0
0062107798	5.0
037582233X	5.0
0151015287	3.0
0385537492	3.0
0373250134	5.0
0316678104	5.0
0060175400	5.0
0199738661	4.0
0143034901	5.0
0807073342	5.0
0195124413	5.0
0449000664	5.0
0307961435	5.0
0452281881	4.0
0375411089	4.5
0451463498	5.0
0061718947	4.0
098869512X	5.0
0316010731	5.0
074328190X	3.0
0385340990	5.0
0670038539	3.0
0307593924	5.0
0517162717	5.0
0312537913	4.5
1419327577	5.0
0375725237	5.0
0312939019	5.0
0142001805	5.0
039331894X	5.0
0142000957	5.0
B00K9PQ2V2	4.0
0385338686	5.0
0312272057	5.0
0446524565	4.0
0375411070	4.0
0060014156	5.0
0061340634	4.0
0679722319	5.0
0140230270	5.0
0671025864	4.0
0345544242	5.0
1442341955	4.0
0761117199	5.0
1469241943	3.5
0060560150	3.0
1582433216	5.0
0547608322	4.0
1451673442	4.0
B005YQB658	3.0
0375507345	5.0
0805209999	5.0
1575666324	4.0
1416575979	4.0
0373772211	4.0
0062102907	4.0
0312276885	5.0
0141439580	5.0
0439023483	5.0
0307879453	5.0
0679439382	1.0
0312378556	5.0
0618119817	4.0
0446582417	5.0
0590485954	5.0
0440928931	5.0
1451636008	4.0
0060920084	5.0
0758269269	5.0
0385537468	4.0
0140177191	5.0
0553592483	5.0
0062071750	5.0
0345436911	4.0
0307378683	5.0
0739444913	5.0
0312325614	3.0
0345456939	5.0
0770422470	4.0
0312203039	5.0
0312976860	5.0
0936070250	4.0
0446696161	5.0
0062024140	4.0
0375822313	4.0
0385492510	4.0
0975271148	2.0
0679732535	4.0
0451215729	5.0
1400068622	5.0
0312242611	4.0
0060524030	5.0
0307473546	5.0
0399147144	5.0
0316773433	4.0
0385340559	4.0
1414311613	4.0
0060559144	5.0
0140440585	3.0
037571412X	5.0
0062026771	2.0
0399152970	5.0
0060538201	3.0
0451233107	5.0
042518739X	5.0
0743566572	5.0
0399151648	5.0
0553258540	5.0
0307589897	5.0
0060004320	4.0
0743452887	4.0
0307275639	5.0
0062204602	5.0
0758269242	5.0
0547942079	1.0
006440823X	2.0
0399147136	5.0
0618427058	5.0
0800757955	5.0
B009MD66JK	4.0
0142406422	5.0
0553576801	3.0
0140262032	3.0
0758269250	5.0
074326455X	5.0
1451649312	5.0
1439255636	2.0
0446505870	5.0
0316228532	3.0
0486436772	5.0
1458202283	3.0
0811213641	5.0
0399153764	2.0
030793313X	3.5
1567691188	5.0
0618509283	4.5
0312278586	4.571428571428571
0399152431	5.0
0674018796	4.0
0743277236	2.0
0312426356	5.0
0385341350	3.0
0060185147	3.0
0312371551	5.0
0141301163	5.0
1400080428	5.0
0807061425	4.0
0440415993	5.0
0451222768	4.0
0312267460	4.0
0547002599	5.0
1451620527	5.0
0061985864	4.0
0805083375	3.0
B009KQAQOK	3.0
0451220102	3.0
0142402516	5.0
0385732554	5.0
0312861281	4.0
0752858939	5.0
1582343578	5.0
0316037702	5.0
0884111288	5.0
0679767967	5.0
0062060554	3.0
0375714839	5.0
0451199871	5.0
0871319012	4.0
1442421762	5.0
0061236233	5.0
0553110977	4.0
0844237159	3.0
037550432X	5.0
0312979622	5.0
0743275071	4.0
0739322974	5.0
0689821867	5.0
0062198505	4.0
B00HJFNQVY	3.0
080212996X	5.0
0062023586	4.0
0446614513	3.5
0312269609	2.0
0544022491	5.0
0679738169	5.0
0684841444	5.0
0375507876	4.0
0007136838	5.0
159051310X	5.0
0143122916	5.0
0061230901	3.0
0142501034	4.0
0061985880	5.0
0671024256	5.0
0425213773	5.0
0061008303	4.0
0312531540	2.0
0061935107	4.0
1594202303	2.0
0689842309	3.0
0786853204	5.0
0345440188	5.0
0062059998	4.0
0758204590	4.0
0399155988	4.0
0061491349	3.0
0786866977	5.0
0451220536	2.0
0439253233	5.0
0452282438	4.0
0385513534	4.0
0609608126	4.0
0316353299	5.0
031286129X	4.0
0743242165	1.0
0062093029	5.0
0307387208	5.0
0449002942	5.0
0451227174	4.0
0062036866	3.0
0060233346	5.0
030727828X	3.0
0812020340	3.0
0395926882	5.0
0449808696	5.0
0689821875	4.5
0553254367	2.0
1585710016	4.0
0789307979	1.0
0312347480	5.0
158234227X	5.0
0393057658	4.0
0446531081	3.0
1594204993	5.0
0385509049	5.0
0761454284	5.0
0978862244	5.0
0060191872	2.0
030758836X	4.0
0375414959	4.0
0345803507	2.0
0452297907	5.0
0812967941	5.0
014311316X	5.0
0373240007	4.0
0743437691	4.0
055328942X	2.0
0062221213	3.0
0061936464	3.0
0140088172	3.0
1416595163	4.0
0679463038	5.0
0007171684	5.0
0271017805	5.0
0312347472	5.0
0297817892	5.0
1416990658	5.0
060980684X	5.0
0064408191	4.0
0061703257	4.0
0061994316	5.0
0671026011	4.5
0425184730	5.0
0765316323	2.0
0671027344	4.333333333333333
006055584X	3.0
1432701967	5.0
0449146383	5.0
0099457156	5.0
0770436250	4.0
0062059963	4.5
0758231741	4.0
0399149279	5.0
0451224922	1.0
0670021113	5.0
0740706004	5.0
0062081055	2.0
0062062794	4.0
0312609264	5.0
0786866942	4.0
0373767056	3.0
0767908368	5.0
0312853238	3.0
0061560855	3.0
0743242157	4.0
0441020402	5.0
074326875X	5.0
0345515463	4.0
0142000221	3.0
1586421514	5.0
0062276344	3.0
1592331009	5.0
1416590773	3.0
0374288739	5.0
0061556300	4.0
0399154213	5.0
B00DQ6VI60	3.0
0060851988	5.0
0451208846	4.0
0345479289	5.0
0192835904	4.0
0312284861	5.0
0738801518	4.0
0340837780	5.0
037550253X	4.0
0141330554	4.0
0743436776	5.0
0316205184	3.0
0451463900	5.0
0312934327	3.0
0679311831	3.0
0984755128	5.0
0399153357	5.0
0062273248	3.0
1612186009	3.0
0743235444	5.0
1400095506	4.0
0375753125	5.0
0061284394	3.0
074343675X	4.0
1599830558	1.0
0441020429	5.0
0140264078	1.0
0062059939	4.0
1402271875	4.0
0373211120	5.0
0375821813	4.0
0060514957	4.0
0060569662	5.0
0345422392	5.0
0821780654	5.0
0062011995	5.0
0345531973	3.6666666666666665
0385336810	4.0
0446530557	5.0
068987474X	5.0
0981570100	4.0
0671027379	4.0
1480167002	5.0
0812980956	4.0
0940322277	5.0
0451180410	4.0
0743292499	5.0
1933372060	5.0
0060393408	5.0
0060742887	5.0
0452297540	5.0
0060892994	5.0
0689318782	5.0
080212075X	5.0
0151836000	5.0
0141326085	4.0
098870742X	1.0
0758213964	1.0
0345422384	5.0
0140196099	3.0
0446519790	3.0
0307749649	5.0
0099287595	5.0
0062252747	2.0
015101289X	5.0
0061230987	4.0
1476756503	5.0
0446530565	5.0
1573222348	5.0
0060531061	5.0
0307593371	5.0
1440721726	5.0
0143143832	4.0
0786866586	5.0
0374350310	5.0
039333399X	4.0
1594201064	4.0
0062103733	5.0
055327788X	5.0
0230014801	5.0
0099908506	3.0
0099474123	5.0
0316916056	5.0
0375407375	5.0
0805097945	5.0
0393049140	4.0
0316154741	5.0
0385319037	4.0
0689808828	5.0
0446579807	5.0
039332110X	3.0
0312547021	5.0
0446522996	3.0
0061231428	3.0
0345433092	5.0
1494225557	4.0
0989104400	4.0
1416975888	5.0
1602602875	5.0
0446617601	5.0
039915339X	5.0
0061431834	5.0
1599472511	2.0
0451529014	5.0
0375859551	5.0
0671519255	5.0
0887483798	5.0
B00D7GHT30	5.0
0547799535	4.0
077043715X	4.0
0793828198	5.0
0062074342	4.0
1401303382	3.0
0385729332	5.0
0811871002	4.0
1596980176	5.0
0743436733	4.0
0156003937	4.0
0152012559	4.0
0385335555	5.0
0141331860	3.0
0143059335	3.0
0446579815	5.0
0399152067	5.0
067002063X	5.0
0345433084	4.0
1569243239	3.0
0143038419	5.0
0547884605	5.0
0142400300	5.0
0312379080	4.5
0451180429	4.5
1594204594	5.0
0415945682	3.0
0062085484	5.0
0679781382	5.0
0312340443	5.0
0671519247	5.0
0312242174	3.0
0553104624	5.0
0226858863	4.0
0446579823	2.0
0670021504	5.0
0786888784	4.0
0143038869	5.0
0743422112	5.0
0871139693	5.0
0393319296	4.0
143922675X	5.0
0670018376	5.0
0385729359	4.666666666666667
0449004260	4.0
0802120326	5.0
1442413336	5.0
078622438X	2.0
0758200617	4.0
0020427859	4.0
0375407340	4.0
0060086246	5.0
0060194995	5.0
0385739168	3.0
0671670557	3.0
0316473049	5.0
0312878915	5.0
0743202562	5.0
0141310960	5.0
0446531456	3.0
1582437181	5.0
0199211426	5.0
0865477647	3.0
0802120792	4.0
1937007723	5.0
0399154221	5.0
0062103768	3.0
034553199X	4.0
0312278594	5.0
0786867876	5.0
1591391660	5.0
054522490X	4.0
0060975776	5.0
0060976624	5.0
0451404327	2.0
0375409513	5.0
1400034183	5.0
0062217100	5.0
0312872380	5.0
0451206681	5.0
0312340427	4.5
0141331879	4.0
0385729367	4.5
0553078755	4.0
0062004042	4.0
1484909917	2.0
0307275132	5.0
0399156356	5.0
1567920845	5.0
0312871996	3.0
1574090984	4.0
0886773520	5.0
1590173090	4.0
0316025283	4.0
0452281946	5.0
0195156994	5.0
0399151907	5.0
006073132X	5.0
1480568503	4.0
1416593403	5.0
1595143203	5.0
0446675121	3.0
0385738773	4.0
0061996181	5.0
1452101108	5.0
0307474968	5.0
0399155015	5.0
0451204514	5.0
0446530980	3.0
1439189862	5.0
1616587458	4.0
088240539X	5.0
1574090992	5.0
0064406326	5.0
0758204604	4.0
0141300620	3.0
0312641893	3.5
0307913090	4.0
0689811128	2.0
0805091343	5.0
0767907809	5.0
014131088X	5.0
0385335482	5.0
0547055323	5.0
0375500898	5.0
0142423904	4.0
1932360824	4.0
0553562738	5.0
B00CIVLYXG	1.0
0786818913	5.0
0440242096	5.0
0743271157	5.0
0345510992	5.0
0142419400	5.0
0345497538	2.0
B00BMZ74PG	3.0
1606841440	4.0
1400051886	3.0
0062314254	5.0
034541215X	5.0
0060762098	3.0
0446527793	5.0
0440242088	4.0
0380727633	3.0
0547904770	4.0
0307950492	5.0
0552775541	5.0
0142406570	2.0
0142421715	4.0
1606590782	5.0
1606841459	5.0
0312330669	5.0
1573222747	3.0
0440559758	5.0
1594205027	5.0
0316166316	4.0
0786869216	5.0
1626490376	5.0
0141439807	5.0
1613753152	1.0
0451212118	5.0
0812975197	2.0
0307576418	4.0
0307265773	5.0
0393308197	5.0
1551664550	5.0
B00ASACHNU	5.0
0399165274	5.0
B0063XS0RI	5.0
0399146113	1.0
0061726826	5.0
0141802766	4.0
0312653832	5.0
0557267196	5.0
1490536388	5.0
0316199680	4.0
0373764790	5.0
162649035X	5.0
0399155066	5.0
0618644652	4.0
0316018953	4.0
1400106656	5.0
0156030357	5.0
030728090X	3.0
033044123X	5.0
0307279936	5.0
0062019503	4.0
0374166854	5.0
0061231037	3.0
0340898208	4.0
1573229334	4.0
0671779974	4.0
0060090367	4.333333333333333
B00GVAIVG8	4.0
1416595635	4.5
0446527378	5.0
1416594787	4.0
055358894X	5.0
0765322528	1.0
0394717767	5.0
1401300715	3.0
1594488932	5.0
0446617687	2.0
0446519723	5.0
0142420891	5.0
0140060286	5.0
148028629X	5.0
0141012692	5.0
1771273240	3.0
0062006207	4.0
0451212177	3.0
1931520259	5.0
0743443896	4.0
0807070831	5.0
1416585834	5.0
0061001783	5.0
0743454545	5.0
0062092995	5.0
0312938640	5.0
0425211606	1.0
0812971647	5.0
0743247035	5.0
006212241X	4.0
1596913797	5.0
0974106712	4.0
1401300731	5.0
0062004018	3.0
0312205511	5.0
1573221856	3.0
1400051452	4.0
0752881353	4.0
1574090976	4.0
1586483862	5.0
0452295297	4.0
1416595619	2.0
080211928X	5.0
1935597140	4.0
0061996165	5.0
0609809431	4.5
0679736875	5.0
0060584009	5.0
1492828769	3.0
0399148337	5.0
014280018X	4.5
0446612871	4.0
1439128871	3.0
0316182885	4.0
0451464443	5.0
1451617402	5.0
0060294671	5.0
0060185546	5.0
0142300675	4.0
0440237122	3.0
0307377431	4.0
0307939650	5.0
0743454529	4.0
0062224735	3.0
031284879X	5.0
075826691X	5.0
0312949383	5.0
0671047337	5.0
0805087214	4.0
0446608386	3.0
0684844095	4.0
0374299080	4.0
1477419497	4.0
0446612863	5.0
0758266928	4.0
009928264X	4.0
0553374451	5.0
1400152984	5.0
039305974X	3.0
0743216342	4.0
1453653929	4.0
0385530528	4.0
031227677X	4.0
0374102414	5.0
0967936128	4.0
0689801734	4.0
0786865709	4.0
0374299099	5.0
0786806532	5.0
0312976992	5.0
0143114107	5.0
0140266712	5.0
0765317583	1.0
0316206849	4.0
0525422099	3.0
0062024035	4.0
0312332459	5.0
0151009716	4.0
0778324109	5.0
0062105485	5.0
0399152814	5.0
157566559X	5.0
0786806540	5.0
0373262604	4.0
0446525537	4.666666666666667
0399148787	2.0
0060090383	5.0
1250030951	2.0
0312366280	4.0
0399256938	3.0
0141039280	4.5
0425220907	5.0
1592403611	4.0
078523103X	4.0
0156006219	5.0
0812971671	5.0
0141001925	5.0
0151446474	5.0
014241543X	5.0
1575668629	3.0
0140230386	4.0
0451220137	5.0
0307390454	5.0
0385529953	5.0
0141310073	5.0
0812994345	4.0
0385515308	5.0
0312276761	3.0
0684871688	5.0
0385515316	5.0
1419955349	2.0
0758271476	5.0
006205161X	4.0
B00BPEBIMO	5.0
0140439013	3.0
0316016381	5.0
0553381172	4.0
0060829699	5.0
037325069X	5.0
0440228611	5.0
0743271181	4.0
0312626681	5.0
0545654572	5.0
0345453549	3.0
0142196835	3.0
0989492508	3.0
1451651767	5.0
0618494170	4.0
B004NIFSVG	4.0
0525949046	5.0
0062024027	5.0
0312427654	4.0
0143123033	4.0
1416563628	5.0
006222560X	4.0
1593154763	4.0
0061827010	4.0
1453860959	3.0
0330517783	3.0
B0093MU7QS	1.0
0743227077	5.0
0345803485	1.0
1590584309	5.0
0618433600	5.0
0132980932	4.0
0060953071	5.0
031220339X	5.0
1595144919	4.0
1586486071	5.0
0618164723	5.0
0613998057	4.0
0805097457	5.0
0385337272	5.0
0062012010	4.0
1439107955	5.0
0671047310	5.0
1586481614	5.0
0062202529	3.0
0373774524	5.0
0061238961	4.0
0451172027	5.0
0307345424	5.0
0449003868	4.0
0142418528	5.0
051514701X	5.0
0743295153	5.0
037575718X	5.0
1609280911	5.0
1416563644	5.0
0385337280	3.0
0062702440	5.0
0679442626	5.0
0316125849	5.0
1477502378	5.0
0671023373	5.0
0399151516	1.0
0743244850	5.0
0765329581	4.0
