0545170931	4.0
0615556434	4.0
142011722X	4.0
1455548987	4.0
1489523413	5.0
1493522175	4.0
1450258476	4.0
B00EXFFVHA	5.0
1608952703	3.0
078684907X	5.0
B0085QFAU6	4.0
0985817089	4.0
0545433800	2.0
0060002484	4.0
B00IBU4QL0	5.0
0615672760	4.0
B00J1WU41S	3.0
0316906506	4.0
1941198910	3.0
0671016776	5.0
1599901307	4.0
0373098723	5.0
0615911684	4.0
B00F56BWL0	3.0
B00CC6G0AO	4.0
B00G7Z4ENG	5.0
149353985X	5.0
1490519068	4.0
061569540X	3.0
1480174718	3.0
B00FVIXS5K	1.0
0451411196	5.0
B00BPTTFOW	1.0
0312675089	4.0
0985817097	5.0
B00D3ULM60	4.0
B00F007WI8	4.5
B00KQ4FVLS	3.0
0380802856	4.0
B00I8R7M3U	2.0
0385341202	3.0
0373873697	3.0
0981307175	5.0
0786808551	4.0
0553563270	5.0
B00DP6P71S	4.0
B00EORVZJ0	5.0
0439597404	4.0
B00FQMZDZY	4.0
B00CNKYU56	4.0
B00B55WXU4	3.0
B00GRMDVVA	5.0
0743437128	4.0
B00HOQRG0U	4.0
B009WFT69A	3.0
1118002830	4.0
B00817F90U	-Infinity
B008XDNMH4	2.0
1608090574	4.0
0385341210	5.0
0152022856	5.0
0061257095	5.0
1490523103	4.0
067165960X	4.0
0373002211	4.0
B00AB3TB2E	3.0
B0069E2SFQ	2.0
B00KFUJX58	4.0
1494957612	4.0
B00IXMM1AO	4.0
0312675062	4.0
051513175X	5.0
B00K9T0TI0	1.0
1608981231	5.0
B00J44T4YQ	3.0
B00ALJOKPG	3.0
1466284439	2.0
B00DOFHHFO	5.0
1419965433	-Infinity
042519681X	5.0
0263899403	-0.0
042524413X	5.0
0439576520	5.0
0373778287	4.0
0786891416	4.0
1479359084	4.0
B00BXKF402	2.0
0615822991	4.0
1493632639	5.0
B00IGW34D4	5.0
0345458834	4.0
1601641621	5.0
1495960234	4.0
B007QNPRUW	4.0
1493625489	2.0
1491092033	4.0
B00C9FLKVW	5.0
B009AMLDIM	4.5
0595407706	4.0
B00GLGZ1WO	4.0
140228375X	3.0
1594146810	4.0
0991831012	5.0
B00DIAP6IA	4.0
1630420034	4.0
0786891424	5.0
B00B3YJK4E	4.0
1612131611	3.0
0805088938	4.0
061579615X	2.3333333333333335
B00EISXKVG	4.0
0345458842	5.0
1490440224	3.0
B00J5ROIYI	4.0
1118138228	5.0
B00IRKG66C	4.0
B005OSJ11M	4.0
1482555395	3.0
0307406105	5.0
B00761OU0C	3.0
1494244381	5.0
1480125717	5.0
B00IB4A7E6	4.0
B007QNNDAS	5.0
0373696728	5.0
037369671X	5.0
0843959843	5.0
1478272880	4.0
147672721X	5.0
1476727228	5.0
1444766708	4.5
B004RPXUN8	5.0
B009XU69GM	3.5
B00AERA2EI	5.0
0439551234	4.0
1416503560	4.0
1477473939	5.0
1467980757	4.25
0533139759	4.0
0060562498	5.0
B005TVG1GM	5.0
148261376X	4.5
1492824844	4.0
B00HX6X1SC	4.0
B00GR93AKK	4.0
0340712511	4.0
0439700930	4.0
0446555991	4.0
043977439X	4.0
0373261047	2.0
B00DBF3EJK	4.0
B00H59M0NE	4.0
0778312909	5.0
B00BVA2QBO	5.0
1456309501	5.0
B00BOJ7C1Q	5.0
B00FB2W7VC	3.0
B00C00YWC0	3.0
1477575103	5.0
1439160937	3.0
0312959761	4.0
B008QPZ8O4	5.0
B00HI35MA0	2.0
1468100246	5.0
1490530258	5.0
B00L6HNQMA	5.0
146109111X	4.0
1469201615	3.0
0985723505	2.0
0553287346	4.0
1461057205	4.0
0143119494	4.0
1492112879	5.0
1483913481	5.0
0373771606	4.0
B00GWOW3SU	4.0
0452296366	3.0
B00BMDDP9W	4.0
B00GDF3N5A	5.0
B002M3SXQG	5.0
1481162527	3.0
B00ICL9X0C	5.0
B00AJ92500	4.0
0439774381	4.0
0452283027	4.0
B00BUKRA8Y	2.0
149377770X	5.0
B007C8IFXW	4.0
B00BUTLJUU	3.0
B00HSWBEP8	4.0
B007144QCG	5.0
1617730920	4.0
1416950079	5.0
0316014540	3.0
0595419739	5.0
B005QBS2RQ	2.0
B00ENTQLP2	5.0
0385344325	4.0
1627406336	4.0
0312858175	3.0
1938961633	4.0
1939337259	3.0
0989424251	4.0
1937733297	4.0
B00K4I391A	2.0
1449586732	4.0
B00HX8NJNM	3.0
B00GNQW38C	5.0
B009Z24VLI	2.0
B00CNTSVZM	3.0
1490572082	3.0
B00HQSEA96	5.0
B00BWU7UHI	4.0
B008550EV2	3.0
0778312941	5.0
1477587136	5.0
B00DLATS18	NaN
B006FKBCOM	4.0
1603800433	5.0
1469252317	5.0
B005IGVF4G	3.0
B00F0SB87Q	4.0
B00DZZG89Y	4.0
B004K1ESM6	4.0
0718178122	5.0
1250035864	4.0
B0063672C4	4.0
0957282400	4.0
1624090168	4.0
0345519515	4.0
B005T4RK78	2.0
B00AGZAZQI	5.0
B00DYAU0YE	4.0
B00AE8S7I0	4.0
B00BDSDBWW	4.333333333333333
B00FZ2EK54	2.5
149619408X	5.0
1469932733	4.0
1938639081	3.0
B00IC8WSNO	1.0
0439700957	4.0
1612184197	5.0
B007WUMF9U	5.0
1481931628	4.0
B00DVMHY1W	4.0
0778303926	4.0
B007JJSIZ4	4.0
1623001250	4.0
0821760912	4.0
037388561X	3.0
0373885628	5.0
1937608018	5.0
B00G0ZMWOG	5.0
B00GW9F31Y	5.0
0446326925	4.0
B009W9ZDHU	4.5
0979510015	4.0
0373484291	3.0
1444729721	4.0
B00GY34GUM	7.0
1932416870	4.0
0764210890	2.0
B00E9LXPIU	4.0
B00BJCBPIO	4.0
0553104845	3.0
0764202448	3.0
B009DS3YCG	4.0
0061138495	5.0
B004OYTF4A	4.0
B00F6BHUCY	3.0
B00BQ3BVKI	5.0
061578187X	4.0
0316031844	2.0
1940041082	2.0
B00FEX0OB8	5.0
0739328735	4.0
0062293478	3.0
0987803786	5.0
0345495020	3.0
B00IBU4ILI	5.0
1490559175	5.0
1470107163	5.0
1416556109	3.0
1937070328	3.0
B00BWY1C4Q	4.0
1935711369	5.0
1460974425	4.0
B00CQUW9YC	4.0
0380710277	4.0
B005LILSPW	4.0
0345337662	1.0
B00CDSO814	2.0
0060765240	4.0
0307750922	4.0
B00BGHSMOM	4.0
B004RVNMBW	4.0
B00BP5DNTE	3.0
B008R53HGY	4.0
1481294482	5.0
0615827837	4.0
0743597923	3.0
1477817158	3.0
080217065X	3.0
B00CTSZDSK	4.0
B0092ML9AC	3.0
B008J905WW	4.0
0060273224	5.0
1442359889	5.0
B008GO6Z56	5.0
B008DBGGOW	3.0
0446343455	4.0
0553293176	4.0
1603742085	5.0
B006SMMW64	-Infinity
0345506200	3.0
B00EVCIBKY	4.0
B00ETIRVAG	5.0
0553293168	4.0
0689710887	4.0
B00HZ46GS4	5.0
B003C1Q4XG	5.0
0778327906	4.0
0763624837	4.0
0060530928	5.0
B0058DUNLU	4.0
095728246X	4.0
B004W0C520	4.0
0061139785	4.0
1597058009	3.0
1770841458	4.0
B007UWO34U	3.0
B008IL48BK	4.0
0345519477	5.0
B006ZRGG4G	3.0
B00H9QVYU8	3.0
0821740458	4.0
1470042223	4.0
1434767396	4.0
B00FJ879D4	4.0
0373126522	4.0
B00971BN5E	3.5
B00CVQRFWC	3.0
1476735603	5.0
1419961985	5.0
1484010671	NaN
0452296293	2.0
0615894666	4.0
B007XXQZSI	3.6666666666666665
149095399X	4.0
0373697120	3.0
1400065755	4.0
0062294776	5.0
B00EHL35AK	4.0
B00CS6PXLA	5.0
B00AUHR3F8	4.0
B00BQ2LYRO	3.0
B00EOBHVPI	4.0
B006YVYQAO	5.0
0446572470	5.0
B00C4BA6A2	2.0
B00I8S43ZE	3.0
B00FJ5OZPM	2.0
1480118516	5.0
B00BSGL0T0	5.0
1940534291	2.0
0670018767	4.0
0316133973	5.0
0345519493	5.0
037377205X	5.0
1906210047	4.0
B007EKXYAW	4.0
1482752735	2.0
160154457X	4.0
B006YUF6BS	4.0
0312185863	4.0
B008NGBK0M	3.0
B008JFTK18	4.0
0440208297	5.0
1477817182	5.0
147939906X	2.0
B00DJK31TK	2.5
B009F3M9ZC	3.0
0989675505	4.0
B00JM1HMAO	4.0
B006PNKS2Q	2.0
1940534224	5.0
B00AOT0UIE	4.0
B00748O4DA	4.0
0307378403	5.0
0615757375	4.0
B00COCNNCE	3.0
B00865MLJO	3.0
B004C44EO8	3.0
B00A8PYYOA	3.0
0380766701	4.0
0374332657	5.0
0373775997	4.0
B00E8Q6FII	4.0
B0051VGSWW	4.5
1909490016	4.0
0982073542	4.0
B008HHCYRK	5.0
B00B3OWCFI	4.0
0425154092	4.0
B00KIV9VZQ	4.0
0060010800	4.0
1612183654	3.0
B00I1IYKQ8	3.0
1461154472	4.0
B008P4LJG2	2.0
1483931218	5.0
0425265951	5.0
0399507914	5.0
B006777W9M	5.0
0312357435	5.0
B0062E7HK4	5.0
014028009X	5.0
B00C14XX02	5.0
B007CIMWZO	4.0
B00AJQ32AK	3.0
1938499921	5.0
1937044890	4.0
B00HPMD68O	5.0
B00E3D65BI	5.0
0615581374	4.0
1478148020	5.0
B00DIA92I0	3.0
B00HV45E40	4.0
042526596X	5.0
1432770322	5.0
1250009634	4.0
148207849X	4.0
1607140667	4.0
1909490032	4.0
1612182305	4.0
1581821239	5.0
B00EX5UMEW	1.0
B00EXXCSCI	4.0
0983735093	3.0
0586217460	4.0
B00BLXOYO8	4.0
149352660X	4.0
0060562536	4.0
0142800031	1.0
1491264489	Infinity
B005TLKZR8	4.0
1477485066	4.0
B00J1AO2C2	5.0
0505527847	Infinity
006218850X	4.0
1412202124	3.0
B00A9NJ10I	5.0
B00KRISBFG	3.0
1416947205	5.0
0373775970	4.0
B005H6Y60M	5.0
B008DQLNQI	3.0
B00FJOKMEQ	4.0
1460985990	4.0
B0083EOEHA	4.0
B008N02SUE	4.0
1626811202	5.0
1416520856	4.0
1492807516	4.0
B006WU57VE	4.0
B0082JA56K	4.0
0061579173	4.0
1470180642	5.0
B00DIBOF72	4.0
1932172262	5.0
0505526522	3.0
1482688514	4.0
0553375628	4.0
B008XQSX8E	4.0
B00GWOXXAM	4.0
0062078178	4.0
B007U0ZP76	4.0
0061632686	3.0
0307742423	4.0
B008FB06WS	4.0
B0061O0H20	5.0
1937856178	5.0
B0097H1LMI	4.0
1402251238	4.0
1580175295	5.0
0985374217	5.0
B00ES2AJ16	4.0
B00E6ZZ4DS	5.0
B00BIS4GE4	4.0
006056251X	5.0
B00CS7EAHM	8.0
1492744115	4.0
1478127147	3.6666666666666665
0060873027	5.0
148111834X	5.0
B00BO3R6K4	3.0
147501239X	5.0
B00EPK7BQC	4.0
B008Q7QRZG	4.0
0440422256	4.0
0988035014	4.0
B00AYO44IQ	5.0
B00CNVVJ68	4.0
0439700892	4.0
B00E3UOBG2	3.0
B00I8NKOMU	5.0
B00C1LUIOY	5.0
B00EKX6HZU	4.0
1595547169	1.0
0307395022	5.0
0061991066	4.0
B00CO80MQ8	4.0
B00DSGRRGS	4.0
1935178032	4.0
161218359X	5.0
B007W6BJV4	4.0
0307582884	5.0
0062102273	3.0
1908917806	5.0
B00CGAH37U	3.0
B00KKTMGR6	4.0
B00GLHKBL4	4.0
B00EDVXMYI	3.0
B00F8FZDAE	3.0
0758239009	5.0
1475057385	-Infinity
B00AVKL9KO	4.0
0615569617	4.0
1935178040	4.0
0764228277	4.0
006199104X	3.0
1936413213	2.0
0971701377	4.0
1579219659	4.0
0380721643	4.0
B00DKYKPBC	5.0
1484177010	4.0
B00GSJ4AVM	Infinity
0373128355	4.0
B00JWET7TU	4.0
1601548117	3.0
0615706770	4.0
B00CCXC6SC	5.0
B00EXOVO3G	4.0
1612183581	5.0
B00I9QGS3U	4.0
0385319207	4.0
1489512659	4.0
B00BK50QYY	3.0
B007YNCGH6	4.0
0971365903	5.0
B006HWXJU8	-Infinity
1439199086	4.0
B00BECGBA6	4.0
B004QGYA0A	4.0
B00C1LFF6A	4.0
0060734191	5.0
B007OOW42M	5.0
B009ZTNIK6	4.0
0679644199	3.0
1927461715	5.0
B008Z9AVE8	5.0
0984419608	4.0
B00AK1BOCW	3.0
1935178067	4.0
1484131673	3.0
B00IY0SQSG	3.0
B00AND5YIM	2.0
B0063CCIA4	3.0
B00B5W9PWQ	3.0
B006GWZWB8	3.5
1907016414	2.0
B00L6FV9XU	4.0
1495281078	4.0
B00FKCG0DY	5.0
B00DPAN1BC	5.0
B00J6BB1XO	1.0
B00KD4KGR0	4.0
0983706352	5.0
0007493754	5.0
1936850362	5.0
B007RKZ98O	5.0
193332063X	4.333333333333333
0615845517	4.0
B00J1K4JOI	2.0
B00I8Y3OI0	2.0
1479224251	3.0
0307588149	4.0
1483912922	5.0
1451639341	1.0
1921064668	5.0
1455865230	4.0
1439181799	4.0
1482378523	4.0
B00BHJRYLG	5.0
B00H4J4AP6	3.0
0061579211	4.0
1451527756	3.0
0980036909	4.0
B00G3OO3N2	3.0
B008X6FOE0	4.0
037379570X	3.0
1616203218	4.0
0345528506	5.0
1489521534	4.0
015205457X	4.0
0615741932	5.0
1444765507	3.5
1936653567	3.0
B00D0YUH0G	2.0
B00KD44DME	3.0
0615324444	5.0
1467936707	4.0
1466276983	5.0
B00F7P4T5U	3.0
B002I1XQ1Y	4.0
0553299476	3.0
1608501140	2.0
0440431808	4.0
1481882902	3.3333333333333335
1492141224	5.0
B00BUKRALG	3.0
1909490199	4.0
0425236676	4.0
0982616503	5.0
B008YPOUPE	4.0
1477848347	4.5
B00L0IGXXY	3.0
1439134588	5.0
055329945X	2.0
0671027573	5.0
1499128789	3.0
1468154168	4.0
0143059165	4.0
1936413272	4.0
B00E9DQLBG	4.0
1932586296	4.0
1482685302	5.0
B00ERNO9E4	3.5
B00F1IFK6A	5.0
B00I9NSFDO	3.0
0821779443	3.0
0765304961	4.0
B009S7HTZU	4.0
B00CE4A8UM	5.0
1456527738	Infinity
B00DT8KOVK	4.0
0312347294	5.0
0615766412	3.0
1481021702	4.0
1482063557	3.0
098261652X	5.0
B00EGS7Y74	4.0
1495307352	1.0
1594744769	3.0
B00HMBOS62	5.0
B00CU1K1G0	5.0
0451230531	5.0
B00CC3HMDG	4.0
0061344796	5.0
B00CKH0X2G	2.6666666666666665
B00BNXIJ06	4.0
0307338401	5.0
0515131679	5.0
081743593X	5.0
B00GG1C64K	5.0
B008A0OQ84	5.0
B005V0F2SY	5.0
B005JT5DP4	5.0
0804165742	5.0
0778321746	4.0
B00B4XT7K6	3.0
0982060912	4.0
1493626884	3.0
1484843002	4.0
0373125240	3.0
B00FC09WPC	3.5
0956246109	4.0
B006012RWW	2.0
B006LFWDJY	4.0
0987741144	5.0
B004HO6ATU	1.0
B00DYBSGTO	2.0
0061974587	5.0
1456572326	3.0
0345541537	3.0
B00BPCW2NK	5.0
1481944835	5.0
1494374560	3.0
1416537635	4.0
B00G7HUW80	3.0
B008RNOOM2	2.0
B004MPRZAW	5.0
1936403838	5.0
1605040878	5.0
B00HTJJSSU	4.0
039914594X	2.0
B00F6ELODW	4.0
1475066228	3.6666666666666665
0582435676	5.0
1470033305	5.0
1847538991	5.0
0373605161	5.0
148255545X	4.0
B00FC36M16	2.0
B00AQRMYSS	3.0
B00BPWNMD4	3.0
1939559170	1.0
1612185371	4.0
B0095VONZS	1.0
1602393702	4.0
B00EUIFF6W	3.0
B00BBX9B3C	4.0
B00C4X5JSE	3.0
B007P0LUYS	3.0
0547076452	5.0
B00K7ND3PY	4.0
B00ASPED6E	5.0
1479363294	-Infinity
B006FRP18S	5.0
B00AXHNHLE	3.0
B00A8S22OQ	4.0
B00KP115V2	4.0
1479226033	4.0
0441013937	4.0
1937608115	3.0
B00FAYYWNC	5.0
0385335318	4.0
B006PHD7J8	5.0
1439187002	3.0
0515142395	2.0
B00IP55PNE	3.0
B00HBIZ4UA	3.0
B005C2CMAW	4.0
B00H0J0GNK	4.5
0764206060	4.0
B00CPSGLEE	3.0
0151014434	4.0
0380732343	5.0
006053124X	4.0
B00BOWTTNC	4.0
1466211636	5.0
B005YSUS1Y	3.0
B00GR0LNQM	3.0
0987741101	4.333333333333333
B00DYVWVIQ	3.5
1461057116	3.0
0984191046	4.0
0758241399	5.0
1495271684	5.0
B008MT8VMU	5.0
B00685NFI0	5.0
0553574078	4.0
B00LRM150O	4.0
1492785423	4.0
B00EYPUJB2	4.0
0980849349	5.0
1416583807	4.0
1492916773	4.0
B00D4HBFHI	3.5
B00A5XJE7M	4.0
0373675895	4.0
0007442920	5.0
0758241380	5.0
0595430201	5.0
0380817772	4.0
1939559111	3.5
B00DX5DFEW	4.0
1105749460	4.0
B00BC4C2M2	4.0
1479110825	3.0
1476730091	4.0
0982093896	5.0
0345545834	5.0
1603815341	5.0
0985928026	3.0
B0091USXFO	4.0
0373122241	5.0
B00H1VKZL0	-Infinity
B00ATUZ3AS	4.0
B00AQKE0T6	4.0
0821766996	3.0
0060185716	4.5
1492746622	5.0
1439153663	4.0
B008MOGWS0	4.5
1612810853	5.0
0452266564	5.0
0800733851	4.0
B0096IX6NA	3.0
0399156577	5.0
0062068601	3.0
0988198002	4.0
0062258346	4.0
B00J8X2SKA	4.0
0689868227	4.0
0689865198	5.0
B00EPZUSYY	Infinity
B00KZKZTNI	4.0
1605923087	2.5
0316018740	3.0
B00K2IK20S	2.0
B004443YKG	4.0
B00BN1XJOE	3.0
B00GNQW24W	3.0
B00FAY90KM	2.0
0141322209	4.0
B00D9WXYXG	2.0
B006GZ1VU6	4.0
B00D9UQPTI	2.0
148234873X	4.0
1419951653	5.0
0974029092	3.0
1599982900	5.0
1469957132	4.0
0385418957	5.0
B00CLZPX6S	3.0
B00ARPMIJE	5.0
B007UJ65G2	3.0
0399168540	5.0
B00EXC4S5E	1.0
B008GUEA8E	4.5
0979930502	4.0
B007HOCYGA	2.0
B00HFUOZ5Y	1.0
0062068628	4.0
006206861X	3.0
B00CGPLP4C	3.5
030724332X	4.0
0373730381	5.0
0984673040	NaN
0307455173	2.0
B00BSX46G2	1.0
B00ARON0OW	4.0
B0036ZAI4E	1.5
1481814915	5.0
0060765380	4.0
1451684835	3.0
9769528765	4.0
0758281420	3.0
0061009059	4.0
1484949285	3.0
B00F8Z2C9O	4.0
1939045002	-Infinity
0373076312	5.0
0761144609	3.0
1605047449	5.0
0741444569	5.0
1932172300	5.0
1419960539	5.0
0307278859	4.0
1496085574	5.0
0060876271	5.0
0307887804	2.0
0345545869	NaN
0345485750	3.0
0553561618	3.0
0615846033	5.0
B00DUJDK3W	4.0
3952401528	5.0
B00A00BEWS	4.0
0618462325	3.0
B00FB2HDFM	5.0
B008C3HIA2	4.0
1499138903	4.0
149375601X	3.0
B007Z4WSOK	4.0
B00EHMXUW2	2.0
B006QYG9FY	4.0
B00IDIGIJ8	3.0
0505521806	5.0
B00GQC1XCK	5.0
B00EAPU7QS	2.0
0553293257	4.0
B00BSH8ZEM	5.0
0399158316	3.0
B00EX5D20I	5.0
0425266516	5.0
1492230790	4.0
1598580159	4.0
B00ACQJEQI	3.0
B00A7TZ0AY	2.0
1460951816	5.0
0671042262	4.0
1416549994	4.0
1480199265	3.0
1482678225	3.5
1479370312	5.0
0425189872	4.0
1424154251	4.0
0399158308	5.0
1933426012	3.0
1926997204	4.0
0312309899	4.0
0007299540	4.0
0982134010	5.0
0373240228	4.0
B00I2VUH8Y	4.0
B00CX9K2FE	4.5
B009YM5XOS	4.5
1491255692	5.0
0557175216	-Infinity
0312422156	4.0
039472903X	5.0
B00GWXC34U	4.0
B00EP6LI92	4.0
B00AZGJ41A	4.0
1456461486	3.0
1492200948	3.0
1412062292	4.0
0373797427	3.0
B00EMWZBGU	3.0
B00JXWO17O	3.0
B00KHFP5FI	5.0
B00I8S3KKI	3.0
B007A577SQ	4.0
B00J1AO3JE	-Infinity
B00BWIJA6E	3.0
0821775898	4.0
1417808268	5.0
B0061JPT78	4.0
B00GI2D682	3.0
0143038184	4.0
0451224795	3.0
B00F1RE1XO	3.0
0983574219	4.0
B00A6S46EC	2.0
0778327841	4.0
B007I87NW0	3.0
B00C8EUHQS	3.5
0446576913	5.0
0425267806	3.0
B008HJ2UBS	1.0
B0057G5BQ0	3.3333333333333335
0988699613	4.0
1476730946	1.0
B009VR4SW4	5.0
B00IR33PVS	4.0
1908603607	4.0
1475070306	4.0
B0035LC6I0	3.0
B00GK677PY	4.0
1496148304	3.0
B0085P68SU	5.0
0140092501	5.0
1491253002	3.5
1463600682	4.0
B00KVQQYRG	4.0
194016110X	4.0
B00DHJI1HA	5.0
B00BT1T1ZY	4.0
B00F1IMH7A	3.5
1450543332	4.0
B00CO6DD4I	2.0
0373797435	4.0
B006G2XOMW	3.0
1933426071	2.0
B002SVQD0A	5.0
B0057Q0MRS	5.0
1105089231	3.0
193217236X	5.0
0385523173	4.0
1480256250	5.0
0425272346	4.0
1494966514	5.0
B00AMPL2CI	3.0
0345466608	4.0
1476760772	5.0
0373131151	3.0
0671003550	4.0
1935178075	4.0
1594483086	3.0
0312367775	5.0
1612962173	3.0
078689136X	4.0
1490475117	3.0
B009W9QTVY	5.0
0446572500	4.0
B0065QWGXW	5.0
1489586083	3.0
B00HNW4J3M	1.0
044101433X	4.0
0425272354	4.0
0099491222	3.0
193885733X	4.0
0505527979	5.0
0758293437	5.0
1479143707	5.0
B00JK54EFS	5.0
042513699X	4.0
B00JW5R0DO	3.0
1466421290	3.0
1493547658	4.0
149757613X	4.0
0345495152	4.0
1933426098	3.0
B00G641A26	5.0
1476751803	5.0
1481058134	5.0
1455517062	5.0
1490946993	4.0
1469982994	4.0
0060764902	5.0
B00788EKFS	3.0
0399162410	4.0
0143125435	4.0
B00F6ZF0ZE	5.0
0060882077	5.0
0241966647	2.0
B006UWPIRW	4.0
B00AR5U2JW	4.0
B00IJHQUH8	3.0
1470098725	4.0
0821769170	4.0
0312926022	4.0
1479327573	5.0
038552319X	5.0
B00DY8HASU	5.0
1419968432	5.0
0985199792	4.0
B00F3RRLFW	4.0
1482702320	1.0
0446353957	5.0
B00C7CKW5M	3.5
0743221990	4.0
B00E8ZW9SY	5.0
1494240173	5.0
B008OYM3EK	4.5
0375869034	5.0
0373172176	4.0
0989245314	5.0
B009AM56TY	3.5
B00ET57O8I	5.0
1477823131	5.0
0425267067	5.0
069200100X	5.0
145266739X	4.0
1480264520	4.0
B0053PVHTU	5.0
B006MLKZWO	5.0
0521710057	4.0
0345501578	5.0
B00AB9RC2E	3.0
0989247988	4.0
0312599455	3.0
160286005X	5.0
B00I3PRMQO	5.0
1304492052	4.0
B005QCYZZS	5.0
0743580818	5.0
B00563EYAS	4.0
1484053524	3.0
0553820621	2.0
B004HW6D58	5.0
B00F5NSVBC	3.0
0764208322	5.0
B00I63FSZU	4.0
061588721X	3.0
B00HCLQTNW	4.0
B00ACVKFUC	4.0
B00FW18W9I	NaN
B00IFNPWJ8	5.0
1495480534	5.0
1250012996	3.0
0375837418	5.0
0758229119	3.0
1484196090	4.0
0312577214	1.0
B0080USSYW	3.0
0525952977	5.0
1481997289	2.0
0446353507	5.0
1442348089	5.0
B00J7F2NTA	4.0
1484021959	4.0
B003980XT8	4.0
0375837426	4.0
1461052149	5.0
1455599085	4.0
B00BWG55KQ	5.0
1482032503	5.0
0553590685	4.0
B004JN0CJI	4.0
1439102856	5.0
B005NKEEYK	4.0
0062033018	3.0
1470197782	4.0
067102678X	5.0
B00BOVL2CE	4.0
1466410485	4.0
B00KAM07RY	4.0
B0053GSDOG	4.0
1479124591	3.0
B007BKAGVU	4.0
B00L2CNSL8	5.0
0143037234	4.0
B00AQP6YYK	5.0
B007W7ZEK0	5.0
B00DSCZIOK	5.0
193919394X	6.0
1476730601	5.0
1490339248	2.0
0330450409	4.0
B00F2NMV5C	4.0
1604504552	4.0
1482747197	4.0
B008NR8K2C	3.0
0385537859	4.0
1475244207	5.0
B00H5XO33A	3.5
B00KB4CMD8	3.0
B00C8FEKAG	4.0
1463631928	3.0
B006MN996A	5.0
B005RFI2MG	3.0
1466455330	4.0
B00AGZ1Z8A	4.0
1844163814	4.0
B00JKY633A	3.0
1494968525	5.0
B00G2LWCXY	5.0
B004LGTRPS	2.0
1416586571	3.0
B00G8H2EQW	2.0
B008VS9RA2	5.0
0553578960	4.0
1495240428	5.0
1938352394	5.0
B009M4VVIK	3.0
0804119716	1.0
0988264242	4.5
0989715477	5.0
1478273984	4.0
147003655X	3.5
B00FWFUXFK	5.0
B0088QTH0C	4.5
0425267040	Infinity
B00FKMC1F0	4.0
1599982137	3.0
144242916X	5.0
1466216131	3.0
B00H5Q9UQW	5.0
0615810756	3.0
B00FP8Q4LQ	4.0
0451412230	4.0
1490995935	4.5
0563526378	4.0
B00B0LEP4U	4.0
1477848460	5.0
1402282699	4.0
0440216478	4.0
B008LDZK44	5.0
0743260929	4.0
B007MSSFB4	3.0
B00D1I2M90	3.0
1481885065	NaN
B00C45BQT8	4.0
0752817051	5.0
B00H2WCTMQ	5.0
B00C2L7N4G	3.0
0983979707	2.0
1493513060	3.0
B009WCOCLA	4.0
B0042P5DA6	4.0
0373527675	5.0
B00GKRMUWS	4.0
B008V5EUIO	4.0
B00HH1JVCI	5.0
0099555352	2.0
1492343846	4.0
061576567X	5.0
B0078G41BS	2.0
0099464462	5.0
0399130365	4.0
1631420038	5.0
B007575YNO	4.0
1937608271	5.0
B00FCRLDWA	5.0
0843941944	4.0
037309583X	4.0
B009RDMZ86	5.0
B004TMDSKY	4.0
B00DINE4DK	1.0
0553578138	3.0
1442421258	4.0
B00B2X2F8E	5.0
1938352335	5.0
1469960117	4.0
1593301596	4.0
0553591924	5.0
1481827979	4.0
0804119724	4.0
B00KNJQ2T6	4.0
B009B11BKW	5.0
B009FEDS1A	4.0
0451405129	4.0
B0084RNSRI	2.0
0451221958	5.0
B00IBTDC4I	5.0
B006HLA43O	4.0
B0092XHPWM	5.0
0843953934	3.0
B00BN7139G	4.0
1452668663	5.0
0345480147	3.0
B005KV26MY	5.0
0380805707	3.0
0140306013	5.0
B00H0JYU2S	3.0
B00BPB9L3U	4.0
0373126212	4.0
B0099XUAPO	3.0
B00BCFWJ9M	5.0
1480063592	3.0
1492807249	2.0
0615613373	-Infinity
082175887X	2.0
0380812029	4.0
B00CHA2VNA	5.0
0060754753	5.0
0988275732	-Infinity
B00IEDD2G4	5.0
0765319071	2.0
0615493386	4.0
1609283945	3.0
B00CCVVKMW	5.0
B00GRAZS1S	4.0
B007UC0YWA	3.5
1469901811	3.0
B008SMSW1G	3.0
1482692392	5.0
0380812010	4.0
0615425208	1.0
0553102346	2.0
B00LH7H4ZO	1.0
B008CFHFDU	1.0
B00BBEILTQ	4.0
0061041696	5.0
B00G6P1TMG	4.0
0989416402	3.0
B00HNCMVJG	2.0
B00CDYOGXI	4.0
B004IPPJPO	4.0
B007N8UM14	4.0
1470115026	5.0
149539090X	6.0
0373605218	4.0
B00D3PFFJ0	4.0
0452298733	4.0
1484881850	4.0
B00GNNDI5W	4.0
0991763491	5.363636363636363
1440433151	4.0
0451419723	3.0
B00KFIUKB6	5.0
0380780755	4.0
0471782661	4.0
0312582668	4.0
1484976703	4.0
0345391810	5.0
0061656089	3.0
1426707673	5.0
B005I6BHZI	4.0
B007YIZ2YA	4.5
0451419707	4.5
0553102354	4.0
0989416410	5.0
B009TWA1RM	3.0
0380812037	4.0
0451522753	3.0
1481170422	4.0
B00G8PFI08	3.0
B00G8GAFZK	3.0
B005PP3DVS	4.5
0345391829	4.0
075826870X	5.0
0972968423	4.0
0061229687	3.0
0972968415	5.0
1481177060	5.0
B00A8E5ICS	4.0
B006QCLWNK	8.0
B00BBFP1LG	3.0
1419950118	1.0
B00BTIDXVU	Infinity
1583453504	3.0
0738841234	4.0
0316000124	4.0
B0041T59IY	5.0
B00B0GA7VA	5.0
0060535504	1.0
B00FEH36WI	5.0
0765320088	1.0
0385513836	4.0
B009SCQ42E	4.0
B00D192118	3.0
B009PG2GZC	3.5
1940924006	3.0
0061771090	4.0
B007MIITQA	4.0
067102728X	3.0
B00CLECQ28	5.0
0972968407	4.0
1878448749	5.0
1419658247	4.0
0380780747	4.0
0989501604	3.0
1496109686	Infinity
B00GYHLHW8	3.0
B00BXV0G9U	4.0
B00GLVGWP4	4.0
149236522X	4.5
1490904387	4.0
B009G4BJKQ	4.0
B008KWR0YO	5.0
B00CY1L0M0	4.0
1742209874	4.0
B00C0D2MAQ	5.0
0230755062	4.0
0062229907	3.0
1612186076	3.0
B00DAIUFCM	5.0
1938404130	3.0
B00D5G561E	Infinity
0977954323	5.0
1470063360	2.0
1250029880	5.0
B007HHNYK2	5.0
B00ANCBRD4	5.0
1479225703	5.0
1603184279	5.0
B00ADZ06QK	5.0
B00BS2ECK8	5.0
1475090404	4.0
0756400627	5.0
B00EAHZR5W	4.0
B007MGRIFU	3.0
B008GWT0NM	4.0
1419967096	4.0
1494443252	5.0
B00HK0ZQJ8	3.0
0373297629	5.0
1477817360	5.0
B003U89RS0	5.0
B006ECFWBA	5.0
1482703513	3.0
1419959492	5.0
0988978016	5.0
B00E89E6K4	5.0
0425232425	2.5
B004X2JH5U	4.0
0440245001	4.0
1484838971	5.0
B005LEWYJA	3.0
0552159921	5.0
0671023616	3.0
0380805693	3.0
B00FCCO4EE	5.0
B00HEZR8V8	5.0
0380899531	4.0
0812969650	5.0
1605044040	3.0
148391366X	5.0
0671730363	4.0
0062076108	5.0
1455526061	5.0
B002TG4NCO	3.0
0373240716	4.0
0765320045	3.0
B00E5JAIP4	5.5
0312332726	4.0
1492103748	5.0
B00FIWMPJO	4.0
B00F8PHUVO	5.0
B00D002DE8	5.0
0446559245	4.0
0380805685	4.0
0312363044	4.0
1469941082	4.0
B001TUYV7S	3.0
1479155624	4.0
B00IK55ZLQ	1.0
B00IBNCU8I	4.0
0615608868	5.0
B00E00RUW2	5.0
0739443615	4.0
076458829X	5.0
1416954147	3.0
0778313514	5.0
B00KNXM4D0	2.0
0380817691	2.0
B005W7A3HG	4.0
1494709783	2.0
B005COO1X6	4.0
0399150730	3.0
B00FA0SCM8	4.0
B00CY2I1XK	4.0
B0083UCPNO	NaN
1468187953	4.25
1423140567	4.0
B00FWYROBC	5.0
B009R81WKI	2.0
1480529699	Infinity
B00BU7M4YC	2.0
B008RAKIV6	5.0
014303541X	5.0
1490506446	2.0
B0077CUYPK	3.0
B0053HGM4I	5.0
B00KP12A0M	4.0
B00D6Q062M	5.0
1479390046	2.0
1419967053	5.0
B004C44GP0	3.0
1434768015	4.0
B005FCDTYM	5.0
0505527693	5.0
148183682X	4.0
0974626902	5.0
B00HKMN1SE	4.0
B0082VI2X6	2.0
0786017813	5.0
0689871325	3.0
0778313530	Infinity
1489515690	3.0
0802122345	3.0
1599988364	4.0
B009KUOC0U	4.0
0451414098	5.0
0764207083	4.0
0061876909	4.0
0552550299	5.0
B0060PEOR4	4.0
0857521012	4.0
B00751MAS2	4.0
0470913029	3.0
B00A73ZE6K	5.0
0061231134	4.0
1484042018	4.0
1477578013	5.0
B00DCBMEQW	5.0
1844883078	5.0
B006ML8JCW	Infinity
0689871317	4.0
B005NWIBF6	4.0
1939455073	5.0
0060833203	4.0
0983831866	5.0
0141188936	5.0
B00EKK7EKK	3.0
159543836X	5.0
1478376422	4.0
0425212807	1.0
B00G625XCG	5.0
B0061I6WFC	3.0
1452663874	2.0
0615974171	4.0
0552550280	4.0
B006IYRVHM	4.0
0981461921	4.0
B00CB26KXG	4.0
1402264771	3.0
B00E9F6X5S	3.0
1479257370	5.0
B00DOI6HDY	2.0
1493659472	3.0
0439573610	4.0
B00IZO08D2	4.0
1494317621	4.0
B006LMJOWG	3.0
B00AIC7K26	3.0
0983524092	5.0
B008NVWDNK	4.0
B00BTJYH1Y	4.0
0307387135	4.0
1841959111	4.0
B00GG5BJ08	4.0
1416509879	3.0
B008ADTCDA	2.0
B00CXR5C88	4.0
0312367465	4.0
1936305941	4.0
B00IHG5VB2	3.0
B006MWY93E	4.0
0472031279	5.0
B005MRAGBY	4.0
0989952908	3.0
B009F7K6EY	4.0
0955698618	5.0
1463555792	5.0
B00B73TIBG	5.0
1484820800	4.0
1741797209	5.0
1444700707	5.0
0062197258	4.0
0375411089	4.0
0061718947	4.0
1432825038	5.0
B00HTPTXN4	5.0
1476755094	3.0
B00BFY4PGU	Infinity
1941098126	5.0
B00GGL8UWM	4.0
1480226300	4.0
B008UR3L6A	3.0
B006OP8PCA	4.0
B0093TFV08	3.5
1419970682	2.0
0370332288	5.0
0380800829	4.0
B00CLJ0I7I	4.0
0440245095	3.0
B006HWFKD2	4.0
0963005286	2.0
0983731721	5.0
1493738704	3.0
B00ATC4QZE	4.0
B00CLZCRIU	3.0
0988695146	3.0
B00FBRKH8M	3.0
B008LDPF3K	5.0
B00APPO6KU	4.0
0312289723	4.0
1492942677	4.0
1492239054	3.0
B007FZJO5K	5.0
1476761779	5.0
B00FPYHJ9Q	NaN
1495360202	5.0
B007U7KULA	4.0
B008O7A3N0	4.0
0439023483	5.5
1493627031	1.0
B005BE0QE0	4.0
1416562664	4.0
1479190829	4.0
B00BGVJBKW	3.0
B00GYLVVS4	3.0
B00I5WXAF2	5.0
B00E8HWL7Q	3.0
B00EMXC022	5.0
0988729806	3.0
0451226801	4.0
B00AWKF1BQ	4.0
1440557373	4.0
0439023491	5.0
B00HNIAFXE	2.0
0307461572	4.0
1481839020	4.0
B00JH65TA4	3.0
B00CVEMQM8	4.0
B00FEON3FQ	3.0
B00597RQUQ	4.0
1941098134	5.0
B004NIFNM0	3.0
014012991X	4.0
B00K4368KO	4.0
B004YX8WPO	2.0
1482728834	5.0
1937334236	4.0
B005KCL9W6	4.0
B004HZXEUC	4.0
B00IWBT11I	3.0
B00HGWT0E2	3.0
0679009329	5.0
B0092QUFRQ	5.0
B00JNI8WMS	5.0
0312426216	4.0
B007RUN7FG	4.0
B00LDD8NDO	3.0
B0056B58ZK	5.0
B00E3C2O7S	5.0
0743566572	-Infinity
B00K00M7GK	4.5
0786818603	4.0
B00DWIZFFW	4.0
B008OXJJYS	5.0
B00ANT60YS	3.0
B0045JK4BM	4.0
B00D00LXS0	4.0
061574642X	5.0
1477809732	3.0
1597802166	4.0
0992142202	5.0
0385340567	-Infinity
038079456X	4.5
B005DJV5J8	4.0
1483901653	NaN
B003U89SC0	5.0
1940695333	4.0
1491002786	4.5
1590516796	4.0
1481821733	3.0
0316228532	1.0
B00JFHDJDE	4.0
0373126395	3.0
B00G8JNLRQ	4.0
B00G90S4JY	4.0
1481028979	2.0
1936653389	Infinity
1482603217	5.0
0380790890	3.0
0061259365	5.0
1467922730	5.0
B00FXMAOU6	3.0
0373129416	4.0
B00AKK7O5E	3.0
1908086157	5.0
038542289X	3.0
0451218248	4.0
B008Q10HIK	4.0
1419967762	5.0
0989450252	5.0
1477473831	5.0
0062060554	4.0
B007NXKA0W	5.0
1927947111	3.5
0451414101	4.0
0553110977	4.0
1250026806	3.0
1494289105	5.0
B00APNQGQE	3.0
0981497810	4.0
0399159053	3.0
1463566492	4.0
B00EYSHM3C	1.0
0060545623	3.0
1927947103	3.0
0971539022	5.0
1456332015	5.0
B00G6Q0AES	4.0
1495389812	4.0
B00H0V069M	5.0
B00J2QO8Y2	2.0
0451240197	5.0
0553107305	3.0
1463556217	5.0
B0063T6ZUG	3.0
B00GK8N03A	2.0
1492828211	4.0
1609280954	5.0
B00EOERFQK	2.0
B00GFD7I0G	3.0
B00LPR8TV4	4.0
1481047272	2.0
0989450236	5.0
1483918432	4.0
B000MAHANI	3.0
0451404769	3.0
0971539030	5.0
1468098578	4.0
B00GFYG2O8	4.0
B00586XP5S	Infinity
B00JL4USCQ	Infinity
0979626501	5.0
0061951641	4.0
1466398167	4.5
B00BUD1QUY	5.0
B00BSLDFZC	5.0
B0045UA6F0	5.0
0439436583	4.0
B00A70QDTA	3.0
0062107763	2.0
1455599182	5.0
0312425074	5.0
0982175590	4.0
B0088QRBIC	5.0
161109965X	4.0
B00EPPVJM4	4.0
0449808696	3.0
0986494313	4.0
B00BEXR2EE	5.0
0615834612	5.0
0439436575	5.0
0988870150	3.0
B00BR2BOUU	5.0
1492843857	2.6666666666666665
1940832934	5.0
B00DYPA5ZS	3.0
038536315X	4.0
0060521600	5.0
0263877957	3.0
B002SB9ZCI	2.0
0971539014	5.0
B00959YEAE	3.6666666666666665
B00FB1F9CW	5.0
B009YYEZUE	4.5
B00CXAZZGY	4.0
1492291560	NaN
0983218684	3.0
149097380X	4.0
0373240007	4.0
1484816064	NaN
0439436567	5.0
1624110312	NaN
0446612774	5.0
B00989J3PM	5.0
0738707872	3.0
0140449310	3.0
B00I9JLGWU	4.0
147825954X	5.0
0345476158	4.0
B00J436CN8	5.0
B00727DPY2	4.0
0671026011	4.0
B0070J2HD2	4.0
0142402575	4.0
B00APUHUBM	5.0
1432701967	5.0
B00B84B7DQ	3.0
0099457156	4.0
1477630988	2.0
043902353X	5.0
0439436559	4.0
0061852058	5.0
0553583603	3.0
0957616708	3.0
B00C126RFM	3.0
0743458117	4.0
084394532X	5.0
B00GG16OO8	4.0
B00G5WYCD8	5.0
1937273563	3.0
1456325787	4.0
1497465141	3.0
B00DK8AQ8K	4.0
B00AKI4ISM	4.0
1479218685	4.0
0399154213	3.0
B006PW0Q6U	5.0
B00BH786VA	5.0
B00IFNRMFA	3.0
B003VQQPF4	4.0
B00IU5ACYG	4.0
B00F3G29QY	5.0
0060590254	4.0
1482568519	5.0
0981514898	5.0
1938618033	4.0
B00BM7IZ66	3.5
1939820227	4.0
0062240307	3.0
0739327364	Infinity
B004MDLTRY	4.0
1843606143	3.0
B00GEGHXYA	4.0
B00D0RDYWQ	4.5
B00CZDVYCS	4.0
B00G6CCJXC	3.0
0312949820	4.0
B00GZANS6M	4.0
0778317005	3.0
B00J1V0PYU	NaN
B0051EZBRM	5.0
B009CDW9VE	3.0
B005GFILNW	5.0
1477578749	3.0
0505528223	4.0
B00IKXWG2O	5.0
1495320103	3.0
0373885717	5.0
0143057588	4.0
0615429505	5.0
B00I8ZTOMO	4.0
B00CSEHXQU	4.0
0671027379	4.0
1588209636	3.0
1605048577	5.0
006195165X	4.0
0803494947	3.0
1484858786	3.0
1475972350	3.0
192073189X	4.0
B007R5LPYQ	2.0
1479398179	4.0
B00CBPPNCM	3.0
1467926272	1.0
1484913000	3.0
B00B9I1M5O	5.0
B00HOGZEAY	5.0
0307749649	4.0
1490938648	3.0
0345527488	4.0
0804119627	4.0
1440721726	1.0
1482782294	3.5
B004FPYZNY	5.0
0307245306	5.0
1452655219	3.0
0802119778	3.0
0679747044	5.0
0439023513	4.333333333333333
0345460693	4.0
0615777759	4.0
1441403868	4.0
0316175668	5.0
1492311677	5.0
0987803735	-Infinity
B003PJ7CRC	2.0
1451666330	2.0
0380753022	2.0
0380792621	4.0
0989450201	5.0
B004C44GF0	5.0
1927947170	4.0
0373769601	4.0
0061916471	4.0
B00B0GAAKI	4.0
1476718202	4.0
0918222788	3.0
145389523X	5.0
B00K0OKKS8	3.0
0821775294	1.0
B00IGH5LV2	5.0
0373885768	3.0
0989180484	5.0
B009CDXW24	2.0
1493571036	3.0
B004G8QZ92	1.0
1927947162	4.0
B00K56DJ16	3.5
1475184980	5.0
077831703X	2.0
B00CF6IXKG	2.0
0345539478	5.0
1601628951	5.0
B00H0OYXC0	5.0
B00DJB6KE2	5.0
1481042440	2.0
B00954KAV6	4.0
1612130488	NaN
B00FBE82O6	3.0
B00C51HBJ0	4.0
B00BZPLHJM	4.0
045141411X	3.0
1469960044	3.0
0615824404	5.0
006191648X	4.0
B00FBFQ5JY	5.0
0553348973	4.0
1469984016	5.0
0991186907	2.0
0099911701	Infinity
B00AR0R5XS	5.0
B00699917E	4.0
0615645003	5.0
1440509867	3.0
0312370288	3.0
B009GW2MEA	5.0
157921858X	4.0
B00DYZ9CJI	3.0
0307969509	3.0
161218071X	3.0
0312353723	4.0
B00F5FBRD4	5.0
B00BQ2Z3TO	3.0
B00JCXV4BU	4.0
1940026016	4.0
0988218208	4.0
B00D3CDEA0	4.0
0310326281	5.0
0061995231	1.0
1601310331	4.0
B00B6U2M04	5.0
B00KWKNASM	2.0
B005QEA87A	NaN
1300059885	3.0
B00C7HG9KY	3.5
1484952669	5.0
B00IXY4W6S	4.0
B00EWQRSW6	4.0
B00HJZF38S	5.0
B00GDVZ96A	3.5
1469901773	4.0
0451466225	4.0
0758254091	2.0
0399508066	5.0
B005I5NA72	4.0
1940161304	5.0
B00CCRTFSC	Infinity
0316025283	3.0
B00HYJXLQ0	4.0
1463768591	4.0
B009FC62Y2	4.0
0987484516	3.0
0451466233	1.0
B00J93RV5G	4.0
006073132X	4.0
B00KF5489Y	2.0
1480568503	5.0
B00EKS4WWU	4.0
B00BOZI3L8	5.0
B00KKVNHIQ	5.0
0963881450	3.0
0061906220	5.0
B00C266D7E	4.0
0804119686	5.0
B00KKPS23C	Infinity
B00DHS021E	4.0
B00LS5PYG6	5.0
B006I9GYZ2	3.0
0380750864	4.0
B0057HLJG0	4.0
0981514820	4.0
0307913090	4.0
1491208295	4.0
0984425705	5.0
1607377446	5.0
B0066HBGCM	Infinity
B008K50QHO	3.0
1402274068	4.0
0062019554	5.0
B009LVWN40	4.0
B00AAIRKR8	4.0
B00IFVXOQS	4.0
0679723110	1.0
0060594667	3.0
1463717091	4.0
B00E3YCDQI	2.0
0425240169	3.0
0451459946	4.0
1477403043	4.0
B00CYPPEU0	4.0
1475113706	5.0
0316067954	2.0
0307275167	5.0
B00CKVCZG4	4.0
0060558121	3.0
B00GFD8LCU	4.0
B00AK2UISW	3.0
B00AUIY2XS	5.0
B00E9UG812	4.0
B005S1XTEA	4.0
B0064PJUWY	5.0
0768426685	5.0
B00GOFP9NS	1.0
1576839141	5.0
0985826339	4.0
B008O91IGE	5.0
B00J0D69KI	4.5
B00CPDPXWK	4.0
B00KU771Q4	5.0
B004UGLWR0	3.0
0991209206	3.0
B00H00USMS	4.0
B007WTJBC0	2.0
B00CTSZRUO	2.0
B004GKMEHC	5.0
0988223635	4.0
B00ASOBK16	3.0
1419969595	NaN
B004PLNH5K	4.0
0399508023	5.0
0557697514	4.0
B0094B6QQ8	5.0
1479135925	3.0
1456463462	4.0
B0036TH4V0	4.0
B009FN80BY	4.0
030737839X	4.0
B0092Q3DXY	3.0
1627403183	5.0
0451197704	4.0
B00GF4SYJE	4.0
0547744943	4.0
0061231037	4.0
1439198306	2.0
0440223784	5.0
B008K7QMDE	5.0
0988223643	4.0
0440222451	5.0
B00C8EUFU6	5.0
1480132705	2.0
0345535820	4.0
0991677196	5.0
B005NWIAAW	5.0
B006X7NG64	4.0
B00FM53CRG	4.0
B00DAIUOYG	4.0
0988843315	5.0
1935711288	5.0
B00CICE2FM	3.0
1455526134	5.0
B005C5YZ86	4.0
0983212546	2.0
B00B1FE36K	3.0
B006T8FTS0	4.0
B00L1RWIG0	4.0
0140621199	3.0
B00CGI3IT4	4.0
1847481825	4.0
1491216743	3.0
B00AH04HW0	1.0
1477807268	4.0
B00HUVRFG4	4.0
125005236X	5.0
B00B43B6WI	5.0
B004OEKFYO	4.0
B00ED7989A	4.0
B00DHX5D86	4.0
B00HHGRE22	Infinity
B00K4IYUC2	4.0
B00ASP8XNS	5.0
B00AW285EE	5.0
1463584318	5.0
1451625898	3.0
098663106X	5.0
B00BQF8CW6	3.0
B00BNRIK4W	4.0
1495459225	4.5
1481212079	3.0
0615827500	4.0
B00FFS2NTS	1.0
B00C6ZTN64	4.0
B00CG5X1AS	4.0
B00F2NMVFW	5.0
0988275708	5.0
0061351601	5.0
1475066945	5.0
B008LO6RTK	5.0
1478712864	5.0
1499597681	4.0
B004HO63FG	5.0
1416595619	3.0
1482576988	4.0
0373775466	4.0
B006U1OHMU	5.0
B009L9YVHE	4.0
0615444326	3.0
0373775407	3.0
0062223895	4.0
1477470735	5.0
B00C7EP5D4	4.0
B00E4WJ5VA	4.0
0451404815	4.0
B00D3R642K	3.0
B00BZPJRQW	5.0
1440557438	5.0
B00A94QQCI	5.0
1442369167	4.0
0061236764	4.0
0451412435	4.0
B00C7DB33Q	3.0
1476738637	5.0
1494783827	-Infinity
1483957993	3.0
B00905DHEC	2.0
0451235681	5.0
1482652226	4.0
0345535871	5.0
B0096SLP6A	3.0
B00GXCWEIK	4.0
1938404084	5.0
0843953012	5.0
B00AXDNVHS	4.0
B004A8ZT9A	Infinity
B00EU8SNPC	3.0
0345533232	5.0
0099297701	5.0
B009N1XUJ0	4.0
0758207727	3.0
148267579X	3.0
B00DD6YGGC	4.0
1493640984	5.0
148122221X	4.0
B007NBCCA0	5.0
0385538499	4.0
B00BXOZTD0	2.0
B00ASR6WGQ	3.5
B00786YT1A	2.0
0345533240	5.0
B00GIAW2KM	4.0
0986631051	5.0
B00GL6AZE8	2.0
1490339973	5.0
B00H8IV4IE	3.0
B00A0RLDC2	5.0
B006LSTJGQ	3.0
B007EF0H8Y	4.0
B006KZ5N6A	5.0
0451400445	1.0
1416583688	5.0
148008591X	5.0
B00GCWLZX6	4.0
0778324117	4.0
0061922315	4.0
B00A6KM05W	Infinity
0061876895	5.0
B009NOFGQM	4.0
B006GULH6Y	4.0
0061283940	3.0
0380718774	5.0
1491268727	4.0
B00D0S8PZQ	4.0
B00I4KRM8G	3.0
0778313476	4.0
B00BCA1QU0	5.0
B00HWMQCCO	1.0
B00BCA7JTM	5.0
B00G5QOASQ	4.0
B00AA5CMU6	4.0
B00IW8ADMW	Infinity
0060882298	2.0
B00I3VAHZG	5.0
B00CH6GV4E	4.0
0615771521	5.0
0812544730	4.0
B00JBU40ZQ	4.0
1935171690	4.0
1482389916	4.0
B00702Z0SS	5.0
B00GK6O7F2	3.0
1481153218	2.0
1630350087	5.0
0345417054	4.0
147746400X	3.0
B007SRTW70	3.0
1466447648	5.0
1491077379	2.0
B006RUUAHA	4.0
0312367546	4.5
B00811WUNA	3.0
1499556306	4.0
1477817441	5.0
0446612812	4.0
B00BZ6GJO4	3.0
B00J47H8H8	4.0
B00BR2PQJU	5.0
1468002171	4.0
B00AQ13MJO	5.0
1905621272	4.0
B005K000SM	5.0
0307265749	4.0
B00IREVEZG	4.0
0595377890	4.0
B00KFXAPNE	2.0
0345533283	3.0
1410436349	4.0
B008G6RPJE	3.0
0778328503	4.0
148413933X	4.0
0142437263	5.0
0446612804	5.0
B00JBUFFNC	4.0
0446947970	4.0
0385738757	5.0
B005QB25H4	4.0
0451201426	3.0
B00AG1JJ82	3.0
038077352X	4.0
1494358220	5.0
0486447537	5.0
055334949X	3.0
B00FBE8LP6	4.0
B009OKSNVU	4.0
0385338139	5.0
B00HDDLONY	3.0
0439932149	4.0
B00CQAYZJO	2.0
140591422X	4.0
1456584014	4.0
0739336800	5.0
1936596148	5.0
B008PU4PBW	5.0
B00FG9VLEO	3.0
0982795246	5.0
1939337666	4.0
1891105108	4.0
0763653845	5.0
B00EH2N8RO	4.0
0143118579	5.0
1456547070	4.0
0373772521	3.0
1426925336	5.0
0985913312	5.0
0330449605	5.0
1401058019	4.0
1450577067	5.0
174220001X	3.0
B00JCNEPO8	3.0
1483918777	4.0
B0054E9A6C	3.0
1491219416	4.0
1846058902	4.0
0133158721	3.0
031237917X	3.0
1610348850	5.0
0446522651	5.0
B00F2OB8EG	3.0
0060277270	5.0
B00697TCAW	5.0
B00D4K5SFA	4.0
1439152926	2.0
B00AA1Z89W	5.0
B00E9G5CJ0	3.0
0152020683	4.0
B007QFWQYK	5.0
B00DTGU750	3.0
B00F76QSH6	5.0
0993737048	4.0
0451222660	3.0
B00BACVJES	3.0
B009X3PQMW	4.0
1606012975	5.0
1497454999	5.0
B00B1I51H2	5.0
000738422X	5.0
1484920066	4.0
1600430228	4.0
B0058OJ8AG	4.0
1500279773	2.0
0312986033	1.0
0515115266	4.0
0373773889	4.0
0062127241	4.0
B007QPU7VE	4.0
B00IMPIPX4	3.0
1463685955	4.0
B009UUS2HO	4.0
B005CRGPAA	1.0
0553210416	5.0
B00AVKKUKE	4.0
B00K3NBQX4	4.0
B00I7VVZAI	2.0
1455578363	5.0
0800720075	5.0
1494954133	2.0
B00G6O7HXC	1.0
B00C8CYUMC	5.0
B00BADY48K	5.0
B00F7S9T5C	4.0
B00FFROT3M	4.0
B00KK433NW	3.0
1455512583	5.0
0446524425	3.0
1419968939	5.0
147500382X	4.0
B00IHGM3Z4	4.0
0821773836	5.0
1491021217	5.0
B00D0D50YU	4.0
B005FR28HG	2.0
B0075YL9CW	3.0
047174719X	4.0
B0085W8S68	3.0
1477537279	2.0
B00F66OJXC	3.0
0312360525	3.0
0989243311	4.0
148109873X	3.0
1477817506	3.0
1481060139	5.0
B00KLJCUIK	5.0
B00IWDZFWA	4.0
0312368488	4.0
0316055433	4.0
1484829026	5.0
B00II3YH8W	2.0
B006K30BZK	5.0
B006Z1GKXO	4.0
B00KI3TEOM	3.0
B00DC2M3TE	2.0
031236847X	4.0
0307749584	-Infinity
1439191697	3.0
0989740633	3.0
0778329313	4.0
B009V7IHY4	4.0
B00GPYF3NO	2.0
149298079X	3.0
1480089133	5.0
0982270402	4.0
0615613969	5.0
B00EK8JZZO	3.0
1609289447	4.0
B00F8PH9SI	4.0
B00EGSFFGG	5.0
0373528779	4.0
0060218053	5.0
1455578347	2.0
160342038X	5.0
B00HDQFG76	5.0
B00KRQCHYO	3.0
0749080973	4.0
0399142533	4.0
0979509424	4.0
1455599271	4.0
1419699393	5.0
1492371289	4.0
B00LU6MZWE	4.0
B00C8GBAZ8	2.0
B00GVG59M6	4.0
0307282694	5.0
1584282495	3.0
161109951X	5.0
B009ZKSIIC	4.0
1496176685	2.0
1606590855	3.0
B00D4ITQCS	2.0
B00DFNWDCM	3.0
B00BFL8R80	5.0
B00JFC2Y8U	3.0
098944600X	4.0
1490443703	4.0
006199622X	3.0
0061712981	3.0
B004INHR24	4.0
0340988622	5.0
B00APT8BDE	3.0
B008EHVF8C	-Infinity
B008WFYTA2	3.0
B00JBXLGQY	3.0
0312628269	3.0
0452287898	4.0
0991249054	5.0
B00H5X9NLW	4.0
1492375675	2.5
B00H14799I	4.0
B008HRM6L4	3.0
B0054EU1KQ	3.0
B00AZ9JCSW	3.0
B0082GF0BS	3.0
0393239357	3.0
1499251939	3.0
0307736245	4.0
1492982598	4.0
B00ICQWDJ0	4.0
1475084498	4.0
0380708353	4.0
1460989880	1.0
B008BYP14M	3.0
0758212518	5.0
1602392757	5.0
B00IC9YFKC	2.0
B00DZZGMEA	5.0
1605042943	5.0
B00IRO0QR8	4.0
1484012844	3.6666666666666665
146113613X	5.0
0316013684	5.0
B00D0TB15G	4.0
B005CX39SK	3.0
B00ILKTBSI	4.0
0991322207	5.0
0446614483	5.0
0983256837	2.0
B005AJNWPG	4.0
0062302418	5.0
0743222016	4.0
006230240X	5.0
B00KC7AAJC	1.0
1933515252	5.0
1497345839	3.0
B00IGHT942	5.0
B007PPJOGO	4.0
B00AAFHIC8	4.0
B00K02JWBG	3.0
B00CQAJVXE	5.0
1579550088	5.0
0143034359	3.0
1445713691	4.0
B00F3EBVQA	4.0
078601637X	4.0
B00CC40FE8	3.0
B00273BHCS	5.0
1423103424	4.0
1586087312	5.0
B009LD3F54	4.0
1419668242	5.0
096406054X	4.0
0595337775	4.0
0312676786	5.0
1426948018	4.0
B00K5XJ9VS	4.0
B00FKP37FA	3.0
B00BOVLVCU	5.0
1492787701	5.0
034546074X	3.0
B0056396E2	4.0
1463760922	1.0
B00LD69YWA	4.0
1435705319	4.0
B006Y06F4K	5.0
1482370999	3.0
1495458881	5.0
0316072818	4.0
1492201189	5.0
0983736707	4.0
B00AUE97Y6	4.0
0345458443	5.0
B00B6HQV6I	3.0
0964060574	3.0
B004OL2JIM	4.0
1937080072	4.0
0393062031	5.0
0615860826	5.0
057809245X	4.0
1456477544	5.0
1586087320	5.0
0445406518	4.0
B00C2YSE5K	3.0
B005IYEWHA	4.0
0373593880	4.0
1481054317	5.0
B00C6QUK3S	5.0
B005LJEUWO	3.0
B008BIGEDU	4.0
B00ENW9J9Y	4.0
B00BTIDW4S	4.0
0615213073	4.0
B00C2YRAQE	5.0
1484859693	4.0
0615769764	5.0
B00FJBHURG	3.0
0800731573	2.0
1478295155	5.0
B008WEX5IK	4.0
0312205406	4.0
1480167983	1.0
B003GIRR8G	3.0
B00KVNGPIM	5.0
B00J9QOLOM	4.0
B004E3XVIM	4.0
B00KFZCAAI	1.0
0578064405	4.0
B00ATRCPSE	2.0
0439821630	5.0
0062092812	4.0
B00AB3QW1W	3.0
B00DMSGYFM	4.0
1477557776	5.0
B00BG3ELWS	-Infinity
B00GNA16EA	3.0
B00A9H1A3U	3.0
1558492984	5.0
B009V2YCRA	4.0
1484125460	4.0
0316020729	3.0
037324844X	4.0
B006DJSRIO	4.0
B00ASSUKQ8	2.0
B00FXAG6MS	3.0
0062019430	5.0
B00IZRAKLE	3.0
149274588X	5.0
B003SX12EE	2.0
0505524384	5.0
B00BMFPT12	4.0
1481987712	5.0
B00DQ4WFKA	4.0
B00JRBN26M	5.0
1939962323	4.0
1921064390	4.0
B00FL0IWSQ	2.0
0312364121	4.0
0762443294	5.0
0759550425	5.0
0140386882	5.0
038533883X	4.0
0312868014	4.0
1490516425	4.0
0451200497	3.0
1478369930	4.0
1939962315	4.0
B00960YPOC	1.0
0982918615	5.0
B00CI0DNSG	3.0
B00HHIGJFS	4.0
1456301152	5.0
147824738X	-Infinity
B003IWOC1A	4.0
1480268798	4.0
B00KI8MMA0	3.0
0345486544	5.0
B00IPL4AR0	4.0
B009KZ3B5C	3.0
1494796392	2.0
0312306261	4.0
1469953293	4.0
B009GKU2DU	3.5
0375828249	4.0
B00BZPIHN6	3.0
0446692867	3.0
1599987252	5.0
0984007202	2.0
0140071075	4.0
1492846678	4.0
0615764037	2.0
B002IT5SIA	3.0
B009I6QHQ8	5.0
0553377876	3.0
B0026RHZI0	4.0
0006514952	5.0
006075981X	4.0
B0087W2UVK	3.0
0345521307	4.0
B007GXQ78S	5.0
0340825588	4.0
B00CZJT1T0	5.0
0061987328	4.0
1937475719	5.0
1492170348	4.0
B00G2UXCK2	4.0
1478319658	4.0
B00IDSO2ZK	3.0
0441015956	5.0
B00DG8ZYA4	5.0
000752417X	2.0
B005HOL30A	4.5
B00ET5PQEC	5.0
B008PP3SJC	5.0
B00DI9D5O8	2.0
B00ANX112K	2.0
0062092847	4.0
B0086PQ672	4.0
B009JWLKEU	4.0
B006HKZAWK	3.0
1461131332	3.0
0143112406	2.0
B0076PP4JE	3.0
B00H4L2MHC	4.0
B009SZC1A0	5.0
B005D4Y5LS	6.0
1492781568	5.0
1492367249	5.0
B00GQOYA8W	4.0
B00IBJ8AA4	3.0
0375890246	4.0
0982845227	4.0
1482770148	5.0
1491035048	4.0
0345384466	2.0
B00H5PS86G	4.0
0345323440	5.0
B00F22SVB6	3.0
006149190X	5.0
B00AF2PYRW	4.0
0373244045	4.0
B006HAZ3WC	4.0
B00F1H20SW	Infinity
B008SY7GKW	3.0
B00G3KUQI2	4.0
B008Q1WC2Y	1.0
1469998165	4.0
0373751559	3.0
0989050858	4.0
1455599255	3.0
1455578312	1.0
B00I3QB160	3.0
0399159347	4.0
1482729970	4.0
0976678780	4.0
B00FA12DA4	5.0
0982845200	4.0
0446582212	1.0
B009XXC23I	1.0
B00AA3P6SI	1.0
0615827446	4.5
B00HWL40S8	2.0
B007URVZJ6	5.0
0988115131	3.0
B00BN1P6Z4	4.0
0976457393	5.0
1470108097	1.0
0758259271	5.0
0985494409	5.0
031226772X	5.0
B007X6GZDK	3.0
148410630X	5.0
1939962374	3.0
0758273568	5.0
B00FD8P19O	3.0
1484121937	4.0
B00AOOMS7U	3.6666666666666665
B008VHD6AU	5.0
B007WCKDR4	2.0
0345507940	3.0
0385750706	4.0
0345532023	2.0
B00CYBIXES	4.0
1401301975	5.0
144235948X	2.0
0439699991	4.0
B00AXTM8G2	4.0
B00HGLBQ0Y	3.5
B009D7W8BA	5.0
1466440961	5.0
B00H9VAJV8	3.0
1492186775	3.0
0545196388	5.0
B00H1RMZOY	4.0
B00JUG8DCC	4.0
B00JP0NOCC	2.0
B005GVY46E	4.0
1903931843	4.0
1469227886	5.0
B0028ICUE6	3.0
0061343900	4.0
B006X0JV9W	3.0
1495240231	4.0
0758259255	5.0
B00C9RRTFQ	5.0
1420108697	5.0
1476739633	4.0
0449909379	4.0
0061433012	5.0
1416905871	4.0
B00ASSOB68	NaN
0743579631	5.0
0385750722	4.0
B00DUWZC76	5.0
0142406635	3.0
B00BSZZYT8	4.0
0670038717	5.0
B0086VVB1C	2.0
147912866X	4.0
B00ASB6N9I	2.0
0615861326	5.0
0615587097	4.0
0451198514	5.0
0440240840	3.0
B007TX64L0	4.0
0758259239	5.0
B008GT83FG	5.0
B007YJ3JV2	3.0
B00GI8V430	3.5
B00KQ604E0	4.0
B0064P9O34	5.0
1494851636	3.0
1484161114	4.0
0312370830	5.0
0062211102	4.0
B005UGFEQ4	4.0
0615139493	4.0
0778314227	5.0
B00K52OOXW	4.0
B009NM1P9Q	4.0
B00ACQPD68	1.0
1492326577	3.0
1480225649	4.0
1492267791	5.0
B00JIWJ6EM	5.0
B009VJ1M44	3.0
B008ZEFZ2Q	4.0
1926760824	3.0
1476735247	4.0
B005S0V67I	5.0
B0080RDG0G	2.0
0375831002	4.0
B00K3YJYJG	3.0
1743341474	4.0
0373731957	4.0
149755750X	3.0
B008SGZOL8	5.0
1940785081	5.0
B00GNLN228	5.0
1484920147	4.0
006029809X	4.0
B00CVUJTQI	5.0
B00CB0LN0S	5.0
B00C93JQOM	4.0
0891073701	4.0
B0090UZUT2	3.0
B004KABILQ	3.0
0425263754	4.0
1477817581	2.0
0983601771	3.0
B00GPWDS2O	3.0
B00JJ64B6U	4.5
1438942389	2.0
B00FJE9026	6.0
0821780034	3.0
0312576463	1.0
B0057PFWDI	3.0
1475025319	2.0
B00BI4PRIC	3.0
B00CS4PHZO	4.0
0373207247	4.0
B0030CMJEK	4.0
1594204721	5.0
B009SVIDY2	5.0
1461058821	5.0
B00DOHN274	4.0
0142001740	5.0
0345504968	4.0
B004UHLJNG	4.0
B00BPA9UIM	4.0
1499752822	5.0
0060751967	4.0
1480266825	5.0
B00BABTBWQ	4.0
B003SX124E	4.0
B007RQMV5W	4.0
0615680046	5.0
B00BGJ9KNC	4.0
B0084OEVOU	5.0
0821780042	4.0
1480181595	5.0
096507241X	4.0
0345515633	5.0
B00GFRJTJK	4.0
B00IKZ7TJW	5.0
1846075599	5.0
B00F1F127O	1.0
0425233189	5.0
1468123424	5.0
B00HS5DYDA	4.0
0061020672	4.0
B00IFEMVHI	4.0
0385339283	2.0
0553106244	3.0
B00DFLDJG8	5.0
1479397032	4.0
B00DZEEJ1Y	3.0
0060012382	5.0
1439152802	3.0
B00E7824EQ	5.0
B00E7XUGM8	5.0
0007430590	3.0
1620151731	4.0
054708577X	4.0
1463603320	-Infinity
0743554434	5.0
141043382X	3.0
0977926516	4.0
B009VIE3FA	4.0
1497435900	3.0
0987671782	4.0
0375422188	5.0
1482524759	-Infinity
037542217X	4.0
1470047551	Infinity
0758284047	4.0
B00EV6JP6E	7.0
B005DHMMHE	4.0
B00B7M3B3S	3.0
1467917109	5.0
B007X6IOT8	3.5
0756404797	5.0
B004VO7NXI	5.0
B00AA46Y06	4.0
0778314154	5.0
1480180289	4.0
B00HZ3NG74	5.0
0140298479	4.0
B00LLSH2HY	5.0
0802796508	4.0
1492254398	4.0
1939865328	5.0
B00JBUH5B2	4.0
0451461134	4.0
0615785131	5.0
1482582627	4.0
0385343329	3.0
0425217965	3.0
B009XFD76M	3.3333333333333335
B00IKZ7TGU	4.0
1402267169	5.0
B006IEWH1M	4.0
B009SX8H6O	5.0
1476717516	3.0
B00AFB685K	5.0
0802796516	5.0
B00D55N4AK	1.0
B00IKZ7THO	5.0
098346961X	5.0
B00IKZ7THE	4.0
0615736114	4.0
B006FZIT4I	5.0
1468186183	3.0
B007SPPH1M	4.0
1475186525	3.0
0778327493	3.0
B00DLJPM9G	4.0
B00CMHGTK4	4.0
1423101758	4.0
1481004719	5.0
0385535546	5.0
B006B22ZT0	5.0
B00JHJ2DEG	5.0
055338483X	5.0
1476717524	4.0
1612183174	5.0
B00IKZ7TH4	4.0
1439156336	4.0
0804164851	2.0
1565122550	1.0
1484074173	4.0
B00KANX6Y4	3.0
B003WEAAZ6	2.0
1481020838	NaN
B009LXGINU	5.0
B00332F4YE	4.0
B00BTKEW2C	2.0
B00DA109XO	3.0
1402267185	5.0
B00B53IPF8	3.0
B00FGHYLD4	3.0
1496013557	3.5
0373294506	3.0
0979855136	3.0
0007410956	5.0
B00BSX4U04	NaN
B007OCHLAE	5.0
0062255657	4.0
B005LT34G2	4.0
0778314197	5.0
0307460185	5.0
1481222422	3.0
1463695403	NaN
B00AMIH8Y6	3.0
0988363267	4.0
B00KEFZQ14	3.0
B007KAZ9ZE	3.0
159955075X	4.0
1250058236	5.0
B00AKQTJ92	1.0
B00DH3ANTK	4.0
000224053X	3.0
0380802317	4.0
B00H41LOBC	1.0
0307749436	NaN
0441017029	5.0
B009G9LJKG	4.0
0786808012	5.0
1418493023	5.0
1480054542	4.0
B00K8HKI8O	5.0
B005TDRJ70	4.0
B003U6Z7JK	4.0
1556114931	4.0
0399143793	5.0
B00B2PPA2K	4.0
146095758X	5.0
B00ICQFRXE	4.0
0060580674	4.0
B00EIJ8FJC	2.0
B00JMFNYP2	4.0
B008ZHF7BM	4.0
B00AGDONCC	5.0
B00F4F0E3Y	3.0
0985066385	5.0
B006JD1OXE	5.0
1434890414	4.0
149033274X	4.0
B004SOYUR8	4.0
B004TPVNZS	5.0
1616200545	4.0
0380780445	4.0
B007QW5S3E	4.0
B00FABMQ74	4.0
B00D3P83TE	4.0
B00EGIG3OO	1.0
B004AYDJM8	2.0
B005J0I2UQ	3.0
B00KF23F46	4.0
B0057ZYBYE	5.0
0979622808	4.0
1442303093	3.0
0984852964	1.0
0879308249	5.0
B00BTN2DSY	4.0
1781847924	5.0
B00B77Y0AQ	NaN
B00B84UZKW	5.0
B00C7FXMSI	3.0
0743233484	4.0
0399151397	4.0
B00CG6QSXO	5.0
1482084007	5.0
0061740063	4.0
B00G5JL6XA	3.0
B007S1QNLY	5.0
B005FG16WK	3.0
B00BV0IM9E	-Infinity
B008J2MFRM	3.0
098829544X	5.0
0307716511	4.0
0451219783	5.0
1479352160	4.0
B00EWT167G	3.0
B009POU7NW	2.0
B005G7ZFXY	5.0
B00CUFV28M	3.5
B00EXRB5KA	2.5
148188607X	3.0
B00K5CKXBE	3.0
0143058266	2.0
0977608603	5.0
B003SX12A8	4.0
B009NG313A	4.0
145584165X	5.0
0330453866	2.0
1940887011	5.0
B0086I3GB8	5.0
B004XVM2GW	5.0
1419970291	5.0
1450572375	5.0
1611189683	4.0
B00I2VUKKY	4.0
1453725776	4.5
B00H7OJXMI	5.0
B003MZ0OTM	5.0
B00B139754	5.0
B00AFLLUL2	4.0
B006ACAOHG	5.0
B009YLKQNW	4.0
1479237140	3.0
0763625043	4.0
0310205719	1.0
1401688535	4.0
0983744203	5.0
1908262273	4.0
0988391317	Infinity
B00IDAQ99K	4.0
B004G5ZSJ8	3.0
1478165189	4.0
B0085DPZ2M	3.0
1492204102	5.0
1482707691	4.0
B0090Q0XZ2	3.0
B00DNI8KOO	3.0
1484813642	4.0
B008HH98A6	4.0
0385346433	4.0
1480112143	3.0
162830149X	4.0
0758284071	2.0
1480278823	4.0
1846077397	4.0
1484854152	5.0
B00DK42O66	5.0
B006U1N37U	NaN
1456596705	5.0
0979895219	5.0
B009O74CYU	4.0
0778329186	3.0
B00BKKHSIQ	5.0
0571223109	4.0
0143123238	4.0
0143186817	3.0
014311560X	3.0
B0082CA0Z8	5.0
0399157441	3.0
B00B0QITYC	3.0
0316030872	3.0
B005OBHMMO	5.0
1461052602	5.0
1906931240	4.0
B003SX0Y5M	2.0
B00E7HQA8S	3.0
B00H9ZT1X6	3.0
0061083461	3.0
0984697438	5.0
0263211053	4.0
0380815583	5.0
B00IX1L8B8	3.0
1490403523	3.0
0778329194	5.0
B006CRHK62	5.0
0340734272	4.0
B00FE09IK4	4.0
1495358429	4.0
0061962163	4.0
B00CR3YP0E	3.0
0812983823	2.0
B00FVGRX9O	3.0
0380771586	5.0
0451417054	4.0
0345460030	4.0
0802119034	4.0
1416940901	5.0
B005NWJK6K	3.0
0984733604	4.0
148017307X	5.0
B00HKMYCQY	3.0
B009KCNGHI	4.0
1479339962	1.0
B0054H1I7S	4.0
B00FFCNGHC	4.0
0143124544	5.0
0312595689	5.0
B009G4TY1C	4.5
1587432897	3.0
1461085543	4.0
1601831412	5.0
B00F6YHACG	2.0
B00HS9FNMQ	5.0
1481870629	2.0
B00688GE7Q	5.0
B00G8J9S14	3.0
B00KKV45QY	4.0
1556438958	4.0
1453735151	5.0
1492732451	4.0
1455576646	3.0
B00KI15QOG	5.0
B00BQOB4G8	3.0
1419649213	4.0
1480279323	4.5
B00B37ZSO2	5.0
B00FUBT7S0	4.0
044021596X	5.0
1419968084	5.0
1492984396	2.0
B00IPQWZLS	4.0
B00G950LIQ	5.0
0980806607	4.0
B006N2ZBD0	4.0
149529045X	4.0
1482747634	3.0
B00A13YLV0	5.0
1476741182	4.0
1481172549	4.0
B006KH7BKE	3.0
0385750684	4.0
0615859763	5.0
B00H9JGL08	3.0
006178320X	4.0
B003SX0XY4	4.5
1482669781	5.0
B00I0J0Q4S	3.0
B00BTIDOO6	5.0
B00BFCUU52	4.0
B0095JX7F2	3.0
1439152780	4.0
B005FG17T2	5.0
B004YWQK1S	2.0
1468172352	4.0
0062201034	3.0
1453855769	5.0
B00AI3A3RO	3.0
1480218391	4.0
1467970182	5.0
B006Q648F0	7.0
0743570537	5.0
149041245X	4.0
1495472418	5.0
1847997074	4.0
0615752179	5.0
1493671898	5.0
B006F6P1MK	5.0
1601831420	5.0
B00C105MHI	4.5
B008F4F47M	4.0
1402244428	3.0
B00E2QS6SG	4.0
1623420768	4.0
1927461340	5.0
0373731205	3.0
B00APKK5J6	4.0
B00BFYG15S	5.0
1594486522	3.0
B00II6JZB8	5.0
1250041481	5.0
B00DD88VJI	4.0
0399133496	5.0
0595440096	5.0
B009GMNJPG	3.0
B002TLTM8O	4.0
B005PG5JD2	5.0
B0068RBV9S	3.0
1466272937	4.0
1409288838	2.0
1489512292	4.0
1482588714	3.0
0373098103	4.0
0307460983	5.0
B00GSWF888	4.0
B00BV0A3AU	4.0
0739331191	5.0
B008EZ6EEO	5.0
B00APEYBAQ	5.0
B00B4IDNC4	4.0
0451200322	3.0
0345544110	5.0
1463646429	4.0
B00AVKAEMS	4.0
B008L4O75G	4.0
B005OYJU3U	4.0
0307407977	5.0
1466365951	4.5
1412035910	4.0
B00JYFN400	2.0
B005OAV2SA	5.0
0985236744	5.0
B005AL357O	5.0
1466324600	1.0
1452662673	4.0
0375855718	4.0
0843958936	4.0
1480039810	4.0
B00814M37U	4.0
0425214001	4.0
0062026488	5.0
0758273444	3.0
1497378036	4.0
1480251828	5.0
B005Y2MYNK	3.5
B00DFDDI7G	4.0
0340770732	5.0
B003SX0XZI	5.0
1495262375	5.0
160164003X	5.0
B0035LDNV4	4.0
0615592392	3.0
1559708352	4.0
B00F7CJKAC	Infinity
B00IZS01DU	5.0
B007JE1B1C	3.0
0440216443	4.0
B00FZ7I3A2	3.0
1849832889	5.0
B008H459W0	1.0
1599984237	3.0
B0054GYBWI	5.0
B00B2M3NSG	3.0
1492164429	5.0
B00B8376JG	4.0
B00BB3KD0W	4.0
B00AYPCWHK	3.0
B009LBORGC	3.0
B006G66YTS	5.0
B00AMN2GMU	4.0
0451464214	5.0
1497380367	4.0
1594746125	3.0
B00BEM0YEU	4.0
0062027794	4.0
0062092782	4.0
1413485960	4.0
B004E10W0E	4.0
B00C9T9Q2I	4.0
B00A0GP1KS	Infinity
B00J732BRQ	4.0
1479326674	3.0
B00BND1UTS	5.0
B00JPGDDWM	4.0
B003XIJ5X4	5.0
1481898981	5.0
B00CCH4WKI	4.0
1463573049	4.0
0957298544	5.0
B00EQC7HJK	5.0
1480245119	5.0
149610692X	5.0
1586086901	5.0
0312265867	5.0
0307588661	5.0
B005UGRJ8K	3.0
1470029782	3.0
B00BE9T5TS	4.0
061584166X	4.0
1469234289	5.0
B00D3XWOUK	1.0
B00CGFEJ1I	5.0
0985059133	2.0
B00ETR8GI8	4.0
0062328220	5.0
1590280555	4.0
0671039970	4.0
0800733428	4.0
B009YLKRAO	4.0
1456399489	4.0
1463670982	2.0
B0068UAZ8I	3.5
0441012175	5.0
0061176443	3.0
B00AAHC6HS	Infinity
B005EGWISM	4.0
B00AW28HF6	5.0
1483967581	5.0
149229618X	4.0
0345504992	4.0
0399147268	4.0
B00FWGWSBG	4.0
0451221249	5.0
1477665412	5.0
B00C5IH1NO	1.0
0307273571	5.0
0778314103	4.0
1608325660	2.0
0312265840	4.0
1480153443	4.75
B00EAG0EVA	3.0
0312301545	3.0
1593154976	4.0
0373776942	4.0
B008SG8BYA	4.0
B00AOHA8M4	2.0
B00J9YWEOS	4.0
0451221257	4.0
1444700634	4.0
1479209139	4.0
B00ISOM7K6	3.0
B00L4S73PM	2.0
1492874868	3.0
B005FK989Y	5.0
0747535140	4.0
0981943608	3.0
B00IBF3PJ4	4.0
0692005862	5.0
0989451216	3.0
B00C825F1W	4.0
B00GT8442W	4.0
B00IG5QRUI	3.0
0307456625	4.0
B007JP85IS	-Infinity
0989163377	3.5
B00GLENATM	3.0
B00DRHKWC4	4.0
1601832168	5.0
B00C2E18A8	3.0
B00CJGUHR4	4.0
B00GTA9WS6	4.0
B00HM6Y632	5.0
1444775871	3.0
006224244X	4.0
0446694339	5.0
B009HCVJIE	4.0
B00HLV2Y00	4.0
B00LBITZPQ	5.0
1927476062	4.0
B005OMBTKY	4.0
0821780379	2.0
0312979983	3.0
0385504519	5.0
B00BY6LJ72	5.0
0373210515	5.0
B00F5I6B7I	4.0
193332077X	4.666666666666667
1449407897	5.0
0615726496	1.0
0312538057	5.0
0451464745	5.0
1484108795	3.0
0061974617	4.0
B00EZ5T3AE	4.0
099173274X	5.0
141654383X	2.0
B0078IPM9Q	4.0
1479126756	6.0
1495397130	3.0
B00FDWWRVU	1.0
B005E0QWSA	3.0
042519485X	2.0
0743289358	3.0
1490513957	4.0
B0096DIIVU	3.0
B00CP9LRY2	3.0
B00C2ISM9E	5.0
099155051X	5.0
1480066230	3.0
1493758810	3.0
1935248138	5.0
B009ZW8G28	5.0
0486278026	5.0
0778313190	5.0
0062049836	4.0
149934306X	5.0
B0096PWTUO	4.0
0823015874	5.0
0316019127	4.0
1420125060	4.0
0984404406	2.0
0553383884	5.0
0061582514	3.0
0425263908	5.0
B009TU4VAW	3.0
B009SF9IG0	4.0
1477679995	5.0
0156005832	5.0
1494953048	4.0
0553576798	4.0
1481890859	5.0
0061240419	3.0
0060747153	5.0
B006K7MNFM	5.0
1439260176	4.0
1937771385	3.0
B00C6PCROY	5.0
B00AYYOSS2	2.0
0061010960	4.0
0316019135	5.0
0425215415	1.0
B0087KGSNI	4.0
B0090N4M1G	5.0
1402284853	4.5
B0087MQCU0	2.0
B0091I2S3Y	4.5
1490502408	2.0
1601546076	3.0
B00BRVXQWU	5.0
1481953214	4.0
B00IJF4E2I	4.0
0141301074	4.0
B00C0B1AQU	4.0
031621082X	5.0
B0089MXR6K	1.0
1932586393	4.0
1475192088	5.0
055310893X	4.0
0439833086	5.0
B0055X0CVO	4.0
0385376111	5.0
B008GE7CN0	4.5
0425263924	3.3333333333333335
B00HUCSP3K	4.0
1477849300	5.0
148496604X	4.0
1482520087	4.0
078615909X	5.0
1490310835	NaN
B00F4M9IO8	4.0
B00EGSF7KA	4.0
1481975498	4.0
0988213044	5.0
1935171984	NaN
1479340235	5.0
0439833094	5.0
0425263916	5.0
1938457021	5.0
148256095X	4.0
1467969729	4.0
0758229542	3.0
B00L0E8638	3.0
1490363343	3.5
B00H17SY8U	5.0
B00BLO9O92	3.0
0525423257	4.0
1420130439	3.0
1612182186	1.0
0988489171	3.0
B00GBMOOTO	5.0
1905437013	4.0
0345459946	7.0
B00957T6IQ	4.0
0743444043	4.0
B008EDUPNW	4.0
1781845832	4.25
B00J1P0I2A	5.0
0615461344	5.0
1466354267	4.0
B00DXKHIIQ	4.0
0312540302	5.0
B00ADO64B2	4.0
B00FK7PEJK	4.0
1466219661	5.0
B00DXIFORA	4.0
B0082LYB68	5.0
0151013896	3.0
B00D1GP2QC	3.0
0446531316	3.0
B00CO99QKU	1.0
0312384343	4.0
0307943232	NaN
B00DGYD3UQ	3.0
B00GHTKD96	5.0
B004OA5ZTS	2.0
030788743X	5.0
B00J35FL1G	2.0
B00J3X0RWG	3.0
1482332450	4.0
0615835619	4.0
B005SVVFL4	3.3333333333333335
0312384378	4.0
B00JO2W4U4	4.0
B00FJZ2G6W	5.0
B00AL0IYMA	3.0
B006TZH5VW	4.0
0446363383	4.0
1938961862	3.0
B00AFEAD3K	3.5
B00KE8JZ6I	4.0
1466219688	5.0
B008128YFW	3.0
1402279485	4.0
B00AWST6W8	3.0
1423101456	5.0
B00B6JFKNG	5.0
1416957707	5.0
1470171570	4.0
B00851H8JC	3.0
B00HR6BC1Q	5.0
1492809438	3.0
0373895631	3.0
B00COVGG9W	3.0
B00AIF3QD0	3.0
B00CD41N6Q	4.0
1482670534	3.0
0446616893	5.0
1623006732	5.0
B00EL3YKFS	2.0
B00E34UHZM	4.0
0578005816	5.0
B0098M07PY	4.0
0967279348	4.0
1476731535	3.0
0957218907	4.0
B00A9WU2B6	3.0
0988544512	3.5
B006FRVSJ4	2.0
0425264394	4.0
0758265220	4.0
B00I9QF124	5.0
B00ERCYFBC	2.0
0765317710	5.0
B004NBZE76	4.0
B0072IKLUC	4.0
1481112481	5.0
B005JKER8M	3.0
0373210582	5.0
B003SX0Y1G	5.0
B00F1W0EGW	5.0
B005IYXXRU	5.0
B008LWR7AU	3.0
1466440694	4.0
0373440049	5.0
B006KZ3V64	3.0
B004J4WJBQ	4.0
B00DAN8IQ2	4.0
B00CJ0R5HK	3.0
B00ES5J6LW	4.0
1475034725	3.0
0312384335	4.0
B00HAUV8IG	4.0
B00941H4MS	3.0
1925086550	4.0
1477679146	3.0
B0093TKFVI	5.0
0981943667	5.0
0981943675	4.0
1478179473	4.0
B00DGVFUJG	4.0
B004VWL2T6	2.0
B008XL0ZBM	4.0
142573152X	5.0
0553265741	4.0
B007QMHT5O	4.0
1478261595	5.0
0380815575	4.0
B00HXR4Y5U	5.0
B004XECH3C	1.0
1611098831	3.0
B00E253VU0	4.0
B00H9S7UJU	3.0
B00CUJ3UTM	5.0
B0037NB5Z6	5.0
B00513D9HW	3.0
B00C8HYE6Y	4.0
B00E9AMK9G	5.0
1420105418	5.0
B005C1MYW4	4.0
B00AST1XJU	4.0
0821777580	3.0
0099450259	4.5
1495927857	4.0
B005USIO78	4.0
145169346X	4.0
1619211327	5.0
B00IC7NA2I	4.0
B006VHGWIA	4.0
B00JSY2RUK	3.0
B008G093ZO	4.0
B00LKEVSJ2	4.0
0449002462	5.0
B00BNFJ7QE	5.0
B00HV4B3E0	5.0
1927461006	5.0
1595141146	4.0
0979745349	4.0
0375822739	5.0
B00BZWLARY	5.0
0985726733	4.0
147780756X	4.0
B00J3IRPUS	2.0
0375422722	5.0
B00I26UI6K	4.0
B00BPAAVDK	4.0
1927036380	5.0
0307265439	4.0
1481952838	Infinity
1626941408	4.0
B00IY5RVGE	3.0
B0042P5GOO	3.0
B00LM2HG8Y	1.0
1937733114	4.0
1479197009	4.0
0595327249	4.0
0380820846	5.0
B00843W6QG	3.0
B00HYQJPC2	4.5
0375422730	4.0
B006WW9FZG	1.0
0979086701	5.0
1484872444	5.0
1852853743	4.0
B00KH0147G	3.0
B00BIMKT82	4.0
1492101583	4.0
1499745400	4.0
1490439838	5.0
0440245478	3.0
B00BNESZ4U	2.0
1470088207	5.0
0805060731	4.0
B00FXW4R9U	4.0
0061963119	4.0
1938786688	3.0
B005GXROO6	3.5
0316211222	4.0
1477661786	2.0
0615345859	5.0
B008S2RN2K	4.0
B009NH511E	5.0
0988273608	4.0
0425217213	4.0
1930846185	4.0
0307277461	4.0
1466425180	5.0
0345542452	2.0
B00I0WD2XC	4.0
0446562416	4.0
1463777175	3.0
B00EAM9H8U	4.0
1477680055	5.0
1494282011	5.0
B0085BCFXG	2.0
142088154X	4.0
B009ZL7D28	4.0
0307987647	3.0
B0052ZBFD4	3.0
1257541455	5.0
0778313999	5.0
0578049449	5.0
0399146237	4.0
B00AQJRYWC	Infinity
B00CSB3G6E	5.0
1482680858	2.0
1493756168	4.0
B008DI0W2C	2.5
B00E5RIF8I	4.0
0143038923	5.0
B00D0G1PK0	4.0
185487487X	3.0
B00CNUW9AO	3.0
B00AW5BWZ0	5.0
1476754144	4.0
B00C31H2VO	3.0
0142429112	1.0
B00FWSTTKM	3.0
0615549012	3.0
0345313860	5.0
B00H7IM66Y	5.0
0060092661	5.0
0380820854	4.0
B0050JKLW8	4.0
B00CKF3EEW	5.0
1455598992	3.0
B0057ZFIAK	4.0
B00CRQUGMM	5.0
0373125429	4.0
0340495294	4.0
B006LUHWMW	3.0
0007245823	3.0
159990554X	4.0
B00A7HDV6Q	4.0
B00GGUZP3A	5.0
0778315711	5.0
B003TFE6RG	4.0
0060092653	4.0
0373731329	4.0
B00GNLR7WO	5.0
B00EN3BMN4	3.0
1494496194	3.0
B00IE4QU7Q	4.0
B00737IJZQ	4.0
1466282835	4.0
1938404556	5.0
1455124168	4.0
1611189837	5.0
B006YG7L9W	1.0
0985872586	5.0
B00ITEDP9M	4.0
0142004030	4.0
1250003695	3.0
B00CKYMRG4	5.0
B004YTT2OI	1.0
B00C16YL10	3.0
149958492X	5.0
B004E3XTGG	5.0
B00CHP64IS	3.6666666666666665
0143121103	4.0
B00HGW82TG	4.0
0983260710	NaN
0553583166	4.0
0307744434	4.0
B00DSCQCK4	5.0
0615287441	5.0
B00EOA1BJ6	3.0
1475043724	4.0
0061575429	4.0
0679643745	2.0
141690607X	4.0
B00I52PPT6	4.0
0425205282	4.0
B005QQL5G6	4.0
0985914017	3.0
148391321X	5.0
B00AA4A7F4	3.0
0811214575	5.0
0385750927	5.0
B00EPQPNMU	2.0
037377575X	4.0
B008MJHYWI	4.0
0988408694	1.0
0099558068	4.0
0749009802	4.0
B00H6S6W9W	3.0
0984807101	4.0
0979962412	5.0
B00BNA9V24	4.0
B00ASQRZ4K	5.0
B00JXJOVYU	4.0
B005PHAHBU	5.0
061568677X	5.0
1591841380	4.0
1936850850	3.0
B00I2EMJ8C	4.0
B00AOH6FFS	4.0
1439177937	3.0
B0086OEU4E	Infinity
B005GXROHI	3.0
0515138622	3.0
045123796X	3.0
0778327728	5.0
B00AHOLMVA	3.0
0312874065	3.0
1479370053	NaN
B00GJCNLWC	4.0
0758217633	5.0
1499382626	4.0
141996920X	4.0
0988656647	5.0
1601452055	4.0
0615910521	5.0
0578122596	5.0
B00EX57GVE	5.0
1608090744	4.0
B00KPEW1XA	4.0
B00HOIFMFY	5.0
0741453711	5.0
B007RMZYL4	5.0
B005XN8NKS	5.0
1416934162	4.0
0307712842	3.0
0615306217	5.0
B00HWI04XQ	5.0
0142001805	4.0
B00FHIZMP8	4.0
1481019716	4.0
145646132X	5.0
B007LS0JQE	4.0
1484079795	4.0
B00HES6DY8	4.0
B00B687AX0	4.0
B00H83KLLA	4.0
B00EBUPSLG	5.0
1611099285	5.0
1492976423	5.0
B00DD0TZOQ	3.5
B006M6XV1Q	4.0
145023691X	3.0
0307408973	5.0
146636016X	5.0
B005C1AMWI	4.0
1482761807	3.0
1480251720	4.0
1491001011	5.0
1480217840	3.0
0307406318	5.0
0738845108	5.0
B00B526GCS	3.0
B00FHKS1KO	4.5
1441303251	5.0
1490506853	4.0
B00D2XOTN6	3.0
097908671X	5.0
B00KYZYJD0	3.0
B00881P6AW	3.0
1492305413	-Infinity
1466282894	3.0
B009WQ4OUU	4.0
B00EMFW6CE	4.0
B00HGFG4ZW	5.0
B009IV2Q3G	4.0
1475120346	3.0
B00C7AK1F0	4.5
0988111802	2.0
1612184774	2.0
0060956445	5.0
B00A92MVLK	3.0
1482015560	2.0
B004UI6H32	2.0
B008GWOGXG	4.0
1482725339	5.0
0679824243	4.0
0312203039	5.0
9769548634	5.0
B009YAVVAU	3.0
B00BNRJAW8	NaN
149609705X	3.0
1590281527	5.0
098522553X	2.0
0975464922	5.0
006178480X	3.0
159038783X	4.0
0307593916	3.0
1480086711	5.0
B00DT5KWEM	4.0
0800733533	1.0
B003NX6ZLO	3.0
0345456947	4.0
B005RF9ZUY	5.0
0345275136	5.0
1480015555	2.0
1596922516	4.0
0810959259	5.0
1599987430	4.0
0553272837	4.0
B00AI21KBI	4.0
098326077X	4.0
B005IMCYVI	1.0
0988367912	5.0
0810959267	5.0
141995850X	5.0
145211322X	5.0
1496101391	3.0
B009F19JFM	4.0
0375875263	4.0
B00BACYZXU	4.0
0615454224	3.0
B00HH24U96	3.5
0451411420	3.0
B00B5OANRK	3.0
1933157089	4.0
0440206707	5.0
B00BCSHOJO	3.0
B00AQ6BHBY	4.0
B00HQM8VEM	4.0
B00BFFYXBG	5.0
B006ZDPVM8	4.0
B00IMP3N86	4.0
B004OEIU32	5.0
038077013X	4.0
B00ANTYLIK	2.0
B00JL1GWS8	2.0
0062049879	4.0
B00CRUV24E	3.0
1475121644	2.0
B00HBX7DD6	1.0
143823144X	4.0
B00AP836G2	5.0
1470100304	4.0
0425241742	4.0
0758217617	4.0
B00KXFTNCS	3.0
B00HVFB1IM	4.0
B005IYY0CM	4.0
B007OALZAI	-Infinity
B00AIBVG22	3.0
B00AA5CJ0Y	4.0
0578141809	4.0
0316001759	4.0
B00BFDJPCK	5.0
B00DP8R3P4	5.0
B00BNR35V0	3.0
0439791456	4.0
B008MO6OEW	4.0
B009WU5TQE	4.0
1590513134	5.0
B00D0EHDQM	4.0
B0051VRLRS	5.0
1480276855	3.5
0615647200	5.0
1573221090	5.0
0345548787	5.0
0062274171	5.0
B00DVNLS4A	5.0
B004K6MLIE	3.5
147522186X	5.0
B00JLW04KO	Infinity
B0079R4H1A	3.0
B00B0J815Q	4.0
B00DT7YTYE	5.0
0061052043	3.0
0373127251	4.0
0553386824	5.0
B00FV2UR82	5.0
1478233575	5.0
0316037702	5.0
1938101014	3.5
054774501X	3.0
0316210919	5.0
B00BRSZGNU	4.0
098901312X	4.0
1492908495	4.0
1484059190	2.0
0316001740	5.0
0615553028	5.0
0060829672	4.0
B00BJ6SBTQ	3.0
0988937107	4.0
0060855924	4.0
145550923X	2.0
B00F70T4JQ	2.0
B00H5FW0D8	3.0
0380766760	4.0
1608193306	3.0
B0055Q81Z0	4.0
1499620128	4.0
1489570799	4.0
1480127833	5.0
B002NU5JRY	2.0
B00FGFYIS4	Infinity
0373207018	3.0
043979143X	5.0
147825999X	-Infinity
B001VLXMD4	5.0
B0086QIB8I	4.0
0312531540	2.0
0515140791	3.0
0441225519	2.0
1483980839	5.0
1482080729	2.0
B00JHNAWQS	5.0
1623780136	5.0
B00IZGQ1HM	3.0
B00F5HR7J0	4.0
0061965804	4.0
1611183758	4.0
B0082JA5NI	5.0
1499221533	2.0
0981899722	4.0
1612178812	5.0
B007CKQ2KS	4.0
1479185876	4.0
0812550102	5.0
0823015750	5.0
B00AV07RAK	4.0
B005MGEO36	3.5
B00FXB6TJM	5.0
B00F31FRKO	2.5
B00AIE5MII	5.0
B009D41FO4	4.0
0061122416	4.0
1492248304	1.0
0061284742	4.0
0425233383	5.0
B00DQJ9SMS	5.0
B00BDD4VAI	4.0
0060586583	5.0
0449012751	4.0
0615764827	4.0
030758836X	1.0
0345803507	4.0
0789736179	3.0
0316210986	3.0
B00BYLQHEC	4.0
0312360401	4.0
0425256030	5.0
B00BI4J0S0	4.0
B005OY0JFI	5.0
B00KKU9NDA	3.0
0486423972	3.0
1416939776	4.0
0982589409	2.0
0557941229	5.0
B00CGLUXIK	5.0
B00IMUT71I	4.0
0316001732	5.0
B004WPW6UG	3.0
149097959X	5.0
B00BEMD8FW	3.5
0758231741	3.0
149049927X	3.0
B00KC7HWSO	4.0
0061230944	4.0
0985008660	2.0
0062267884	2.0
B003YJEWSA	3.0
0312853238	5.0
0316010669	4.0
B007NUVFN6	4.0
1477816534	4.0
B00EW38V5M	2.0
1419956620	5.0
B00DZX2Z66	3.0
B00E5HXVSW	3.0
1419965514	4.0
0615575234	5.0
1455524018	4.0
B00CK0R72M	4.0
1477532986	5.0
B00KOSOX2O	1.0
B005F69N0C	5.0
0978606205	4.0
1481836579	4.0
1420125141	4.0
0451404386	4.0
0778316149	5.0
B00DP64AB6	5.0
0785250573	4.0
0060890312	5.0
0142001104	4.0
0452295386	2.0
B005IDGQDY	5.0
B00IMIU89U	5.0
0615894739	3.0
B005O1AH5S	4.0
0380724987	4.0
B00BI4IY3M	5.0
B006R6MUJA	3.0
B005DEWINK	4.0
0373130805	4.0
B00JHMNB76	5.0
0425258629	4.0
1456487884	4.0
B00FQWQTH0	5.0
0615581927	5.0
B009I41WB0	3.0
1499285604	5.0
B004MPRBPQ	4.0
042527294X	4.0
0979720214	4.0
B00FXYLC96	3.0
B00GO4P8EY	4.0
060617110X	2.0
0440241162	3.0
B00CFWYQCY	3.0
B00BJ4XEJU	3.0
1482332574	5.0
B00IC7ZAYY	3.0
1467976970	4.5
1481835262	3.0
B00IQBVJAK	3.0
B004T39Y88	5.0
1440119007	4.0
B004HKIPUQ	2.5
0991379659	4.0
B0079OSSWW	4.0
1599982617	4.0
0380776162	2.0
B005LXW3JW	4.0
B009FUE0BQ	4.0
B00H2WZZY0	5.0
B004Q3RL4U	2.0
147763407X	5.0
B00BOS4UF8	4.0
B00I3QKPHQ	2.0
034541389X	3.0
B00BQMLIL6	5.0
0307886212	3.0
B00F70LNO0	5.0
1478398078	4.0
B008D6I52I	3.0
1460990757	4.0
B005L4Z9OW	4.0
B00JNKAPAI	2.0
B0048EKIR4	5.0
B009Y3OAG4	5.0
B00I67PCTI	2.0
0061231428	4.0
073936474X	5.0
B0048EKIQK	4.0
0786888768	3.0
1891105035	3.0
0399148817	3.0
1620060892	5.0
1481917463	3.0
B005NWMIP0	4.5
B008UWGNG0	4.0
B00507U1ES	4.0
B00GWUNLL2	4.0
0385729332	5.0
1463709056	5.0
0373207034	2.0
1492372080	-Infinity
0553578693	4.0
0071759182	4.0
B0091V9BPE	3.0
1475296576	5.0
B00G4DKNMM	5.0
098276751X	4.0
1493692658	4.0
B00JV933XC	4.0
B00GWXVROC	5.0
B00CDGDG9G	1.0
0345516370	5.0
0615868401	4.0
075825881X	4.0
B00HB8NMOK	3.0
1612177549	4.0
0061231401	4.0
0373695349	4.0
B00C4BA44K	4.5
B00BJ8M54Q	3.0
1492388416	4.0
0984538801	4.0
0553592947	2.0
B003LSSPCS	5.0
1585860972	4.0
B00BEGPGBW	1.0
B00FY7NCPO	3.0
B00HHAOSHC	3.0
0385729359	4.0
B00B92ZW88	4.0
0373097093	4.0
1477848967	3.0
0373442556	3.0
0061124230	4.0
B00KI9H1FU	3.0
0020427859	5.0
0843958251	4.0
B00IGWXERU	4.0
0979720222	4.0
B007VP627W	2.0
B00AJ7G4BI	3.0
0671670557	4.0
0786238534	4.0
B00BSB5B2M	5.0
1478209828	4.0
B00FIWMVRU	3.0
B0096CG1FQ	2.6666666666666665
B00DIGN69K	1.0
B008QMPMPM	5.0
B00IBDKQJ8	4.0
B00GF4T5X8	-Infinity
1482628961	5.0
B0088NH2HA	5.0
B007NIQWWW	5.0
B00GSZK6QO	2.0
1476732027	4.0
B007YNQ8PC	3.0
0312591063	5.0
0385750889	5.0
B00AX1D3GE	3.0
1494274523	3.0
038534743X	4.0
B00C5W2FTA	5.0
1466202815	3.0
0312365314	4.0
0449150399	2.0
B00JQKMOQI	4.0
0425256960	3.0
1484020162	4.0
1940695082	3.0
0974827401	4.0
1481891243	5.0
B00AZZQTHS	5.0
B00EQMK918	1.0
B00703HTGS	3.0
B00DR4XGUM	4.0
B00CTRLBUA	3.3333333333333335
B003F77AO4	3.0
0983031800	4.0
B00B8GHMEC	2.0
B00GIWXQZA	4.0
B00EUSMJHK	5.0
B009JF5ZY8	3.0
B007AE2RDW	3.0
1442119861	5.0
0545044251	5.0
B007SABZPO	4.0
0312976909	4.0
0964596040	3.0
1466438371	5.0
1477501932	3.0
0060513659	3.0
1463792662	3.0
1461065712	4.0
0988373653	4.0
0679863729	4.0
1469982781	5.0
B006M0HK6O	2.0
1479370118	5.0
006113922X	4.0
B00AUVKS9C	3.0
160145015X	4.0
B00A2B8GWG	4.0
0452297036	3.0
1478710640	4.0
0060575913	5.0
1466231386	1.0
1470027399	NaN
B00G0TI2I2	3.0
B004TR40UQ	3.0
1449561454	1.0
1492294152	4.0
B00FO60CH6	5.0
1451667264	2.0
B005KT0ROA	5.0
B004774YNG	5.0
0061784796	4.0
1939203287	5.0
0140447946	5.0
B00FUGYON8	3.0
B00C0E0KMM	3.0
0981880304	4.0
B00BUR5O3U	3.0
0373730144	3.0
B00IIUARXO	4.333333333333333
0330258648	4.5
B00A8MOAKG	5.0
0345452615	3.0
0987745778	5.0
149600082X	4.0
0345494490	4.0
B00BPHFKZ2	4.0
1568461488	2.0
1483927725	4.0
B00GB92ZXO	3.0
1586086731	5.0
1463663137	4.0
B00EV7P8FU	Infinity
146641300X	5.0
1402289502	4.0
148230810X	4.0
B00FJH5IRO	4.0
1472211243	3.0
B00HUUAG4I	4.5
0939217147	5.0
B00CLJMALK	4.0
B00JT8RS3Q	5.0
B007D788ZW	4.0
B00BMEM3NA	4.5
B00AQ5L0Z8	4.0
148028629X	5.0
0385511809	4.0
B00JWFM3QS	5.0
B00757WOT6	4.0
B00DMB8IL2	4.0
B00G8U2O0U	3.0
B009S89D94	4.0
1455528323	4.5
B00B7EMO16	5.0
1932859306	5.0
B00JOLN936	4.0
1490530614	5.0
0061941026	1.0
B00FWB69H0	3.0
1484021479	5.0
B007JK4AAK	5.0
B00KAJE9YE	5.0
1477451129	4.0
192703647X	4.0
0345533666	4.0
B0091V1M74	3.0
1455871672	4.0
B00EECLODW	4.0
0373445563	4.0
0739359339	4.0
0615766544	3.0
0061247820	3.0
B00C7CYYY2	4.0
B00C9J5RIU	5.0
0440223318	5.0
B006YLK6P8	3.0
1482383349	4.25
0373896077	3.0
B0068M2JGC	4.0
B00AA0G9G4	4.0
161218460X	2.0
B00AUYGVB8	4.0
1451683391	4.0
B00CLRRAE4	2.0
0316035939	4.0
B00CK98XXK	4.0
0307950433	5.0
0439545269	4.0
B005O54AOI	5.0
012375092X	5.0
B00DL2W83G	3.0
B008J8LSWE	4.5
0671577042	4.0
0957681240	3.0
B00FHNW530	4.0
B00CP6GM5E	5.0
0316035920	5.0
B00FB2IABS	3.5
1468133861	-Infinity
B007UDOZ0Q	3.0
B009KUNT90	5.0
0439899516	5.0
B00B3HUW3E	3.0
B002W83DTS	5.0
0933477171	5.0
B00BODG2YU	5.0
B00GQ0WGLY	4.0
B00640YZ1U	2.0
0064409406	4.0
0765317583	4.0
B005IGVRVM	2.0
B00ITEMSQ8	4.0
0425272125	5.0
B0056HQSW6	5.0
0007444117	1.0
0439899524	4.0
B00DS8BJKG	4.0
1479213446	4.0
1490518940	5.0
B00JTIZV2Q	5.0
B00ATG0BUO	5.0
B00B35YA7U	2.0
B004H1TQC6	5.0
0525950036	4.0
B00DR0SIJU	3.0
1494418789	4.0
0064409414	4.0
B008LZH0FY	4.0
B00CSAP0NW	5.0
B00KLNSLBQ	5.0
B00KXFTOJU	5.0
0345535405	4.0
1611183766	5.0
0451410238	4.0
B0064P2T40	3.0
B00AFPWL20	5.0
1612185932	4.0
0957137249	4.0
1493661442	3.0
B00BT0J8ZS	4.0
B004Y69V92	3.0
1493799320	4.0
B00757ZY2K	2.0
B006Y0XRV4	3.0
1494347113	4.0
0385529953	4.0
1611099137	4.0
0141310073	5.0
178184643X	4.0
0345291999	4.0
B007EE4VGO	4.0
0380730820	4.0
B0091V56US	4.0
B00D50N93W	4.0
1419955349	4.0
0425158543	4.0
B008RADS5O	4.0
146759542X	3.5
0141301120	4.0
1933242035	5.0
B00928LV4U	5.0
1460993012	3.0
B0057HDWM4	4.0
B00HI1BE5O	5.0
0879308826	5.0
B006IDG3AO	4.0
B001GPOO64	Infinity
1463604815	5.0
1453860959	4.0
B004UB2TZ4	5.0
B00FKO8RZ6	1.0
1937252264	5.0
0345803485	2.0
174220466X	4.0
B00FL3VPD2	4.0
0800732324	2.0
0758250991	3.0
0449014509	5.0
0451232143	5.0
B00BZW572S	4.0
B00D3OUUIC	2.0
034550691X	3.0
B00E6RNOB0	Infinity
B00AJ3WCTU	3.5
1482016990	4.0
B005JYUWVY	2.0
0060091290	5.0
B00AGAZNHE	4.0
0895873532	5.0
0373389892	4.0
B0057QO8Q4	3.0
1493652540	4.0
1601641567	5.0
1456356534	3.0
0345548760	5.0
B00AVB4G8A	5.0
1492303585	3.0
0345803493	3.5
0312929773	4.0
0889842930	5.0
B00KVP3042	5.0
0440218802	5.0
0957137206	3.0
0985817038	3.0
0373294212	NaN
0380730847	3.0
B00ISYAI52	3.5
B00IO3QQZI	3.0
