0615489990	3.0
0385528701	3.353579911774686
031259836X	2.0
0867167130	5.0
1427621330	4.0
0345490126	4.0
1416559175	4.0
1590173406	5.0
0395389925	4.0
055338452X	4.0
030726923X	5.0
0778328406	5.0
0061474096	4.0
0345407288	4.0
B008IU9JJW	5.0
0142003808	5.0
0679750150	4.0
0316906506	1.0
0307275930	5.0
1478311290	4.0
0141181737	3.0
1250002966	3.0
0671016776	4.0
034552795X	3.0
0743288246	4.0
014311638X	4.0
0671775952	1.0
0739448641	4.0
0375413553	5.0
0140036202	5.0
0060186372	4.0
0316926108	4.0
0349139164	5.0
B006W1BBB8	4.0
0976999137	4.0
1559703148	5.0
0446198188	5.0
1400043581	5.0
0307949613	3.0
0743270975	4.0
1586172956	5.0
0373654030	4.0
1400080533	4.0
037541486X	5.0
1569473013	4.0
0312675089	4.0
0983457301	5.0
0330493310	4.0
0062329065	4.0
B00EA96WZO	4.0
0385501684	4.0
0985220902	4.0
1555663273	4.0
1250038944	5.0
0809094983	5.0
1937776417	4.0
0446614874	2.9999999999999996
037543318X	3.676073619631902
0002007770	4.176739090743108
0857206524	5.0
0224076892	3.0
1593155905	3.0
0385536356	4.0
0345477170	5.0
0373219571	4.0
0446532452	4.0
0099503093	3.0
0373130546	4.0
B005U3KEY4	5.0
1451620667	5.0
B00CO7FLJM	2.0
1844675998	4.0
0340836717	2.0
0826414354	4.0
006089833X	4.0
1481967673	5.0
1250023882	4.0
1582434395	5.0
1400066220	5.0
0446532460	4.0
0615352413	5.0
0740721135	5.0
0439136350	5.0
046500217X	4.0
067101675X	5.0
1568584105	1.0
0312675062	4.0
1439192561	5.0
023033816X	5.0
0671014161	2.9999999999999996
1467534722	5.0
0470889802	4.0
0385660243	4.0
1410440478	5.0
030795062X	3.503903903903904
0312291000	5.0
0609608487	5.0
B009284PFW	3.0110726643598613
1594487286	4.0
1439157316	5.0
0345525345	3.0
0982624239	5.0
034552666X	4.0
0307237699	2.3190569744597247
0312655460	5.0
0199216614	4.0
0143115006	3.7871900826446283
0684818981	4.0
B0051OU3W0	5.0
1594487294	4.0
0596006152	5.0
1118094956	4.0
076791032X	5.0
0192854119	1.0
0061845620	2.0
0312270933	4.0
0452269571	1.0
0684864878	2.0
0544104714	4.0
1451620632	4.0
1616951613	5.0
1477639683	4.0
0312655479	5.0
0230342213	3.0
0141007540	2.0
0374150850	4.0
0525947353	4.0
0967520711	5.0
038553762X	4.0
0141180420	2.0
1585676195	3.0
0061673234	5.0
0316734942	5.0
0060922532	2.8636678200692036
0330412744	2.0
0307406105	4.0
0515131784	2.9999999999999996
0099506165	5.0
0060190434	2.9999999999999996
055310652X	4.0
1605981745	5.0
0983359709	1.0
0897335627	5.000000000000001
1416567607	5.0
074566539X	4.0
0375414819	4.520908435472243
1590710487	5.0
0764129201	4.0
0099453924	4.5681660899653975
0307396266	4.0
0804120935	2.0
0312243324	4.0
0316734950	4.0
0375725423	4.0
073949015X	2.9999999999999996
0141180412	5.0
0809105349	5.0
B00847CGV2	5.0
0689846185	4.0
0142003891	5.0
0385502958	4.0
1453299335	4.0
0375700943	4.0
1935279491	4.0
0393925161	5.0
0898703166	5.0
0446614017	4.0
0373261047	4.0
0374283168	5.0
0373285019	4.0
158648219X	2.9999999999999996
074341134X	5.0
0307599809	3.0
0345485602	4.0
1250032792	4.0
030738246X	5.0
0140295933	4.0
0851511910	5.0
0380711532	4.0
0743444299	5.0
1401303226	3.0
1606644793	3.0
B00BK9I0L6	5.0
0393065502	2.0
0143035223	4.0
0670021415	5.0
0679746048	3.0
0553345796	5.0
0345497600	4.0
0446614009	2.9999999999999996
1594200076	2.0
0143119494	4.0
055338273X	5.0
0553525832	4.0
030747738X	3.0
1400082315	2.0
0451229681	4.0
0099285045	4.999999999999999
0451215001	4.0
0671567829	5.0
0786888628	4.0
1572439394	5.0
1470153912	5.0
0374215812	3.0
0756622727	4.0
1590587340	5.0
0452296331	4.0
1935251945	4.0
159240569X	3.0
0385318073	4.0
0802119409	5.0
1613646887	2.4066481994459834
0385534574	5.0
B00EH1V9NU	3.0
0375409440	5.0
0300078803	4.0
0452264790	5.0
1445601834	4.0
1401303242	4.0
0804165858	3.0
0140235426	5.0
0307908259	4.0
0915815346	5.0
0452283035	4.4521510096575945
1882972546	5.0
0739420232	2.9999999999999996
0307279480	4.0
031218008X	4.608598962194217
0345347951	5.0
0399153691	4.0
0345461665	2.9999999999999996
0738551856	5.0
0802121721	5.0
1416532056	5.0
0374139628	4.0
0743246438	4.0
0310250870	4.0
1593761597	5.0
1852421835	5.000000000000001
0312363206	4.0
0425199932	5.0
0316210684	4.0
0821776495	4.0
0099460297	4.0
0263872319	3.0
1453772642	5.0
0060013974	4.0
0099523558	3.987535953978907
0143120441	4.5320247933884295
0297851276	5.0
0967967570	5.0
0732294355	5.0
0310250862	5.0
0755392108	4.199120879120879
0062191381	4.0
0452296315	4.0
0446532436	4.0
0140256369	5.0
0060080841	5.0
0312360118	4.0
0385720408	5.0
0718178122	4.239294710327456
0373125151	1.0
0140153004	2.9999999999999996
0553804723	4.535074987905177
0091779251	4.0
0786888652	5.0
014303961X	3.0
B00DI93B2O	3.0
0312942028	4.0
0312282990	3.8257968865826535
0743411323	4.0
0375702709	5.0
0060882867	5.0
1401303277	4.5681660899653975
0446519480	5.0
0385495315	5.0
0982576056	5.0
0316187712	5.0
0263873668	4.0
B0077YUVAQ	2.9999999999999996
0778303926	4.0
0156711427	4.0
0140437614	4.0
0007149824	1.0
0804177872	5.0
030745469X	4.0
0895554755	4.0
0099472252	5.0
0385483368	4.0
0307453375	3.0
0743457536	4.0
0671038184	2.0
047018549X	2.0
1472803337	5.0
0684867974	4.0
1591846455	5.0
0142001287	5.0
0786715472	4.0
0801027780	5.0
0679761640	5.000000000000001
1588517055	4.0
0898705770	5.0
B004DNWEFO	3.0
1439164487	5.0
0374185522	4.0
0143036580	2.0
0679435549	4.0
0979510015	5.0
0446402389	3.0
0767903196	3.0
0312863551	4.645399597044996
0375724974	5.0
0679759336	4.364389233954451
0830813217	5.0
B00971BLY2	5.0
0374230595	4.0
0307277674	3.6632138114209822
0340793112	4.0
0099510286	4.0
0199782520	3.0
0979045142	1.0
141658370X	5.0
0385475764	5.0
0141345659	4.0
0345497678	2.9999999999999996
0698103033	1.0
1586487930	5.0
0767904427	2.0
1594203199	4.0
0312263767	5.0
0140440399	5.0
1451645163	5.0
0739328735	5.0
0061728934	3.0
0880294272	5.0
0307275019	4.0
0449221431	2.0
0446531944	4.0
0142800902	3.0
0060936223	5.0
0060505931	4.0
1888992085	4.0
0399155376	3.0
0141800259	4.0
B008BP5UHY	5.0
0140444750	5.0
0345472365	5.0
0778324850	4.0
1416534652	5.0
0195146808	4.0
0385523939	5.0
0375706305	1.0
1608190722	5.0
0451524675	4.0
0345464753	4.0
0877847339	4.0
B00AL2AH7I	5.0
0544245598	4.0
1453873287	4.0
0263179001	3.0
1616239042	5.0
0393060683	5.0
0930407407	5.0
0399122443	5.0
0743597923	4.0
006052992X	3.0
0374174784	4.0
0312420277	5.0
0062020870	4.0
0812979206	5.0
1608190714	4.0
0345464761	4.0
0884271781	2.0
1585422789	5.0
0743287851	4.0
0061728918	4.0
1402222718	2.0
0060786140	5.0
0143034758	4.493767976989453
0385336667	2.4569362261669956
1616953306	3.0
1416550828	5.0
0451201345	4.0
0385473117	2.295501730103806
1400166551	5.0
1596916982	3.0
160320072X	1.0
0688001297	3.0
0374266514	3.0
0895263807	4.0
0671510053	4.753262158956109
1442457392	4.5889864325618515
1466321040	5.0
0375501886	4.0
0452284295	4.0
0571215882	5.0
1596916974	4.0
0060560754	4.0
0743204697	5.0
0143124889	4.0
0727880454	4.0
0879736933	4.0
096426109X	5.0
0373711980	4.0
0679736727	2.0
B00811PQRW	5.0
0195372883	4.0
0375508465	4.0
1932019014	5.0
0553274872	5.0
098286700X	4.0
0316066524	2.9999999999999996
068482471X	3.0
0399146466	3.0
0307473716	5.0
0307594165	5.0
0449230341	4.0
0671836692	4.0
0613171373	4.0
1451672721	3.0
0615239145	4.0
0142180300	4.0
1588343782	5.0
0679643524	5.0
0140430156	2.9999999999999996
0802843018	5.0
061843920X	4.0
0895556421	5.0
0310449510	2.0
030798656X	4.0
0345472357	4.0
0143058754	3.5382262996941893
014025949X	4.0
0312376553	5.0
0307700666	3.851239669421488
1590582403	4.0
031255513X	4.0
1585429384	4.0
0446616699	4.0
0143034790	3.322046374677954
B00FK9DEEK	5.0
0802143032	5.0
0898707536	5.0
0743269187	5.0
1464201692	4.0
0385523904	5.0
1409135462	5.0
0345394259	5.0
031230711X	4.0
0375501851	5.0
1933354720	4.0
0307277666	4.0
B006U61WO6	5.0
0312185863	4.0
0373895941	3.0
0060897848	4.0
0691096570	5.0
0547640226	2.0
0812982886	4.0
0515134007	4.0
0806526025	4.0
0375500510	4.0
0898709385	5.0
0375714790	5.0
0345803787	3.0
1400068819	2.4617737003058107
1591843332	5.0
0061727679	4.0
0684831902	5.0
0345453212	5.0
0156028360	4.0
0385526121	5.0
0743464699	4.0
0192801570	1.0
0743467728	4.0
0439796636	5.0
0964261065	5.0
0375408932	4.0
0307378403	5.0
0312319142	5.0
037365409X	4.0
038548951X	4.0
0615211623	5.0
0517706229	1.0
0830815007	4.0
0374332657	5.0
0897335686	4.0
0807831093	1.0
0345458915	5.0
1590582411	5.0
0312948174	5.0
1936214717	5.0
1591840295	3.0
0374533636	2.0
1605981729	5.0
013324783X	4.0
1616951540	3.0
0393059642	5.0
0060010800	5.0
003055442X	5.0
1597124176	4.0
0140157379	5.0
1594485593	3.0
0316045608	1.0
0380729768	4.0
0307588335	3.0
038072975X	5.0
0060587873	4.0
052103552X	4.0
0312377045	5.0
0964261081	4.0
0316211079	4.0
0802122140	4.0
0310234840	4.0
014028009X	4.579387186629527
0385519850	5.0
039306722X	3.0
0316168688	5.0
0375408908	5.0
0307388670	4.0
0312313810	4.0
0440218500	3.9359504132231407
0312427743	4.0
0399160795	4.0
0395739829	1.0
0802135455	2.6979969183359014
1478317450	5.0
0452271878	3.0
0373654081	4.0
1400052467	4.0
0345458931	5.0
0547317271	4.0
0307378411	5.0
0395069629	5.0
006079156X	4.0
B009A728GI	5.0
0099525372	3.0
0060735449	4.0
0143038281	4.0
0802135447	5.0
0375700188	5.0
0545354420	4.0
0452289106	4.0
0061988243	4.0
0312169787	4.420612813370473
0060735457	4.0
0393059669	4.0
0465023959	4.0
014310571X	4.0
061826325X	5.0
1605940364	4.0
0330448854	5.0
1573223077	2.0
034580550X	5.0
0156586509	4.0
0425147762	4.0
080326366X	4.0
0312355688	4.0
0517580519	3.0
0684813211	5.0
1400000416	5.0
0465043550	4.0
0307716139	3.0
0425188485	5.0
0465017290	2.0
0440223016	5.0
0002051850	4.0
B006YBLQ8E	2.9999999999999996
039472366X	3.0
030738604X	4.0
0330309773	3.0
0375405836	4.0
0778326691	5.0
B004SHF03S	5.0
1583144536	4.0
000721278X	3.0
159448998X	2.0
0312319169	4.0
0062235540	4.0
0312427794	5.0
0345505719	3.0000000000000004
1885767870	3.0
0345453204	2.9999999999999996
0099478374	5.0
0356500535	5.0
0373880855	4.0
1921758112	5.0
0425147746	4.0
0553383256	5.0
0385343833	4.0
1934230383	4.0
0840721285	5.0
0700614311	5.0
1594032068	5.0
1594037760	5.0
0140119906	4.556236673773988
0373654057	2.9999999999999996
0399157182	5.0
009928278X	5.0
1593765193	2.0
0312262469	5.0
156976350X	5.0
0446698555	4.0
0380729741	5.0
0143114662	5.0
0977147428	5.0
1934230294	5.0
0981576982	3.0
0312187459	5.0
0971727988	5.0
0670619647	5.0
0988767325	3.0
0060874465	4.0
0345311809	3.0
0671006614	4.0
0743289455	4.0
B0069A5J8S	5.0
0140060898	5.0
0345397266	5.0
1586172824	5.0
0895551586	5.0
0743418700	4.2551103843009
0061775126	5.0
0312362846	5.0
0812969073	5.0
0140449523	4.0
1401301320	4.0
0316105953	5.0
0143120514	5.0
B007G263MO	5.0
0060907002	4.0
0306816555	4.0
0375854908	5.0
1569478821	4.0
0062026879	4.0
0060760443	4.0
0786719923	3.0
0374184933	5.0
B00H8RT8HO	4.0
037570924X	3.0
0140070206	4.0
0465002080	3.0
031612558X	5.0
0446520594	3.117006802721088
1591713250	5.0
1595586784	4.0
0002727463	1.0
0517548232	5.0
1586638440	5.0
0553383108	3.8848797250859106
0345424719	5.0
0684809966	5.0
0307270149	3.0
0374248656	3.0
0373711247	4.0
0761163735	4.0
0307949702	3.933281004709576
1455521175	2.0
1416550011	4.0
1936399296	3.0
0002226618	4.0
0141030631	5.0
0143116479	4.574380165289257
0312324561	5.0
0060599677	4.0
0761456236	5.0
038534905X	4.0
1447213238	4.0
1586215647	5.0
0345490231	4.0
B00262YAQ0	4.0
0679644199	4.0
0195182685	5.0
0765316994	2.9999999999999996
1933633840	4.0
1883011078	4.0
B006MHF95G	5.0
0373441835	2.9999999999999996
0330334611	4.0
030747304X	5.0
0060987103	4.0
0143115138	2.8512396694214877
1585425680	5.0
1416599304	5.0
141659759X	5.0
0670033308	4.0
0312421702	5.0
0199755868	2.0
1481130862	5.0
0451218051	4.0
0345453255	4.0
067974066X	3.0000000000000004
0544129911	3.0
0786868910	5.0
0345512162	4.0
0316037915	4.0
0375702652	5.0
0142002631	5.0
B004V0V9R8	4.0
0547053738	4.0
0380728222	5.0
055327418X	2.9999999999999996
0385491026	4.579387186629527
0873589076	5.0
0821228374	5.0
0451218043	4.0
0316032212	4.0
0743299698	1.0
B00AQLOJ96	3.0
0060520507	2.9999999999999996
0263792447	5.0
0393077489	5.0
0425201147	4.0
1592764053	4.0
1616203218	4.0
0778327000	4.0
0786893966	3.0
0060554738	5.0
0099288230	5.0
B00D09TPV8	4.0
0345528506	5.0
0375506713	1.0
0451219368	4.0
0060528486	5.0
1400033497	5.0
0385333501	4.325902335456476
080910038X	5.0
0060393203	2.0
0393070840	4.574380165289257
0345470613	5.0
0307272761	4.0
0099532530	4.0
0802142745	5.0
0312570740	5.0
1462112269	5.0
0091799597	1.982024336283186
0140079459	4.0
0312533918	5.0
0312186150	5.0
0739474812	4.461773700305811
1481148141	5.0
0060764864	2.0
0062257838	3.0
1555975828	2.0
0297850687	5.0
0984332596	2.0
0544002695	3.4569362261669956
061810450X	5.0
0373441878	4.0
0307395057	5.0
1608193977	1.0
0143112082	4.0
0393069850	4.0
0307387437	4.0
B008ZUE3JQ	3.0
0312341911	5.0
0441008534	3.0
0307453421	5.0
0316021555	3.0
0394520718	4.0
074323300X	3.0
1401300065	4.0
1583142614	4.0
0373125224	4.0
0143057367	5.0
039306235X	3.0
0316034045	2.0
0517204770	5.0
0451228219	4.0
075969401X	2.0
B006KHGWAO	4.0
037572706X	5.0
030726999X	4.727600721587493
0060977744	4.0
4770026099	3.613752743233358
0316601950	2.5890538033395174
0373713843	4.0
1586484028	4.0
0310240506	4.0
0425191281	4.0
0812966864	4.0
031260503X	4.0
1442367547	5.0
0449226182	4.0
0375830995	4.0
0525948791	4.0
0062008110	4.619647355163727
0385491069	4.0
0375757724	2.0
0330294911	4.0
1400068142	4.0
0804165742	4.0
0140513124	4.0
0778328376	4.0
0307955575	4.0
0395759242	4.0
0307908364	5.0
0451159330	1.0
0373125240	4.0
0553383981	2.0
0385491034	4.579387186629527
0767906314	2.0
0679760229	3.0
0195622553	2.9999999999999996
0451209923	3.0
0812976215	5.0
158617021X	5.0
0385346859	4.515003489183531
B00BIH9VBI	5.0
0345480058	5.0
014118776X	5.0
0316199869	2.0
1583229035	2.0
0425196992	5.0
0143106295	5.0
0143112953	5.0
0060576170	3.0
009946019X	5.0
B006AC9CEM	4.0
067102096X	4.0
0452264898	4.0
0393051692	4.0
0582435676	4.0
0525948767	4.0
B00902HYAS	4.0
0385491050	3.4206128133704734
0312427085	5.0
0061998540	4.0
0385501706	5.0
1568583532	5.0
0764953885	5.0
0449808068	3.5785807575097954
B0095VONZS	4.0
0143124927	5.0
0786017996	5.0
0060838728	3.1106775452288042
1137278536	2.0
1592232922	4.0
0898708931	4.0
B006XXHPTW	4.0
1608190897	3.0
037541293X	2.0
0312640234	5.0
0143036475	1.0
009949308X	5.0
0895554658	5.0
0446545864	5.0
1420930591	5.0
0060589469	3.0
0307338444	5.0
0140282556	5.0
0316069515	3.0
0891418741	4.0
1586172875	4.0
0140167773	5.0
1590170229	5.0
0778312836	4.0
0099533014	2.9359543436905517
0385499825	5.0
1935597329	5.0
042516246X	5.0
1615842799	4.0
0307741907	4.0
1573229164	1.0
0312640242	2.0
0061134244	2.9999999999999996
1416586059	5.0
1477483438	5.0
1592404243	4.0
0765316978	4.0
0618095012	5.0
0312199406	2.9999999999999996
0307477479	4.0
0060520590	4.0
1469298651	2.0
0670020893	1.0
1416541187	5.0
1400082463	5.0
1400069491	5.0
0345506251	5.0
0141004312	4.330764290301863
038551199X	5.0
0521853575	5.0
B0022NGBBA	3.0
B0070WA4UW	5.0
0060548932	2.0
1595230637	4.0
1451668724	3.0
0345468368	4.0
0375709223	2.0
1416541195	5.0
0140196277	4.0
0142800821	3.329694323144105
0060765313	5.0
0345807294	4.0
031605755X	4.0
0802715532	4.0
0971727961	5.0
0007442920	1.0
0679768165	3.558568329718004
0778323501	4.0
0345468376	4.0
0142004340	5.0
031609756X	2.593724859211585
0553214497	3.0
0446617008	4.0
0385474555	4.0
0307264238	5.0
0307594076	5.0
0345360788	4.0
0393058263	4.0
0312205767	4.0
0806527285	4.0
0615537111	5.0
0425162443	5.0
0374266425	5.0
0805095934	2.0
1481091522	5.0
0345495144	2.0
0393058271	1.0
022408156X	2.0
0142004332	5.0
0345404335	2.9999999999999996
0615928323	2.0
0743550501	5.0
1574557203	5.0
0060392827	4.0
0618634630	3.0
0140293248	4.0
0963869590	5.0
034531221X	4.720715835140998
1410423271	4.0
0312996764	4.0
B00BCMLK36	5.0
0312203128	4.0
0895556340	5.0
080508925X	4.0
B00HQOKU7G	4.0
1616553448	3.0
0345483162	5.0
1470065886	5.0
1403969434	5.0
0778324745	4.0
0373880790	5.0
0060884614	5.0
0375422625	4.0
0981737188	4.0
0140285601	3.5698863636363645
0393061884	4.0
0765320169	4.0
0743250400	5.0
0151012709	5.0
0486425576	5.0
0770435629	5.0
0740763660	5.0
0517578131	1.0
0060924349	5.0
0988410826	5.0
0385344171	4.0
0142003018	3.0
0061713783	5.0
0743260686	5.0
0385418957	5.0
0060525460	4.0
0141034262	2.643533123028391
0316038326	2.0
0307395987	5.0
0140443355	5.0
031230191X	4.0
0312533020	4.0
1848876076	5.0
0307712508	4.0
1608196119	3.969993021632938
1467073172	3.0
0679643656	4.522662889518414
0778315819	2.9999999999999996
B00ALGQA98	3.0
1410458792	5.0
0143142801	4.119098712446352
0060560649	4.0
0061009059	2.268292682926829
0151012768	5.0
0618335404	4.0
0316018724	1.0
1594032122	5.0
0307720144	3.0
0393072592	4.0
0800753429	4.0
1594032130	5.0
014018726X	4.22355818218871
0985711337	5.0
140003292X	4.0
0393051676	5.0
0805079874	3.0
0140430032	4.582938388625593
B00AP7BEJE	4.0
0679437460	5.0
0307336794	5.0
0452267854	4.0
0230611699	4.0
1594032114	5.0
0802144454	4.0
0684853159	3.0
0312536984	5.0
0778322122	5.0
0026309106	3.0
0691135096	3.0
0312674546	5.0
0060732482	4.0
0345460480	5.0
0061965677	4.0
0307278867	3.711145996860282
1433670038	2.0
0805092846	4.0
1400065844	4.0
0061573132	3.0
0140097317	2.0
1416549994	5.0
0140041796	4.0
0307932885	5.0
0451214587	2.9999999999999996
009956064X	4.0
0060817089	4.420612813370473
0688050107	4.0
0316027650	5.0
8862931379	5.0
0873513932	4.0
0812979354	4.0
B005TLXZ1G	5.0
0307269930	5.0
0312301936	4.0
0972635750	4.0
0307951154	4.0
0395860407	5.0
0451217608	5.0
0195124731	4.0
1479251941	4.0
1579653774	5.0
0141884819	4.3231334149326806
0399149422	2.0
0312626894	2.0
B0056HP0WA	5.0
0066619785	5.0
0316211176	4.0
0375713344	3.3914010378057817
0312422156	4.999999999999999
0982667205	4.0
0062210343	4.0
0345408772	4.493767976989453
1481806483	5.0
1400043638	5.0
0375508546	4.0
0393068471	4.0
0451222121	5.0
0984332588	4.0
0060820683	4.0
0307743683	4.322344322344322
044661176X	2.9999999999999996
0670885797	4.0
0061337587	4.0
0373221959	4.0
B0076ZVINU	5.0
0425206866	5.0
1416546022	1.0
0547792778	5.0
080419257X	3.0
1401352197	4.0
0316739030	4.0
019515634X	5.0
0609609785	4.0
B00CMHD6DC	5.0
0007281447	5.0
0452269652	4.0
0615351948	5.0
0230607543	5.0
0061735175	3.0
1439157189	5.0
0316097519	5.0
0307454703	3.0
B005Z7L4EO	2.0
074327752X	1.0
1781160325	4.0
0312427867	4.0
1573220736	5.0
0300114230	4.0
0671677438	5.0
0007447868	2.9999999999999996
0140441506	5.0
0307408841	4.0
B00FB1NLDG	1.0
0380714590	1.0
0345349571	4.290799194089994
0156030535	3.0
0060882034	3.0
080706341X	3.0
0143116533	3.894405594405594
0099496941	4.0
0615515746	5.0
0140621806	4.782983970406905
0316001929	4.064049586776859
0679009256	5.0
0307278832	5.0
0764595547	5.0
0399157018	4.0
097878359X	4.0
0374177783	4.0
0446611751	2.9999999999999996
B00A4Q4DEO	5.0
1400031664	2.0
8862930003	4.0
1585678961	5.0
0140168117	4.0
0743289528	4.0
0316097500	4.0
0060930187	4.0
0385337000	4.0
0143112163	3.0
0812972767	5.0
0451525264	5.0
1400042313	4.0
1470179768	5.0
161695146X	3.0
1934230251	3.0
159448306X	5.0
0982145543	4.0
0982280033	1.0
0060005556	4.0
0140432620	2.9999999999999996
0706415639	4.0
1409136612	5.0
1608196992	5.0
080217079X	5.0
0312349947	3.0
0452289238	4.0
0307452999	5.0
0452283930	4.0
0345453301	4.0
0739334670	5.0
0140148590	3.2805526036131782
141330527X	5.0
0451236726	5.0
0345450280	5.0
0316332224	5.0
0743243307	4.0
1935279505	4.0
0307717348	3.0
0060959843	5.0
0425193942	2.9999999999999996
0199832579	4.0
042513699X	3.420141116100064
0312193300	5.0
0963869558	5.0
0714530875	5.0
0201083191	5.0
159558059X	1.0
0634021427	4.0
1439191050	4.0
0099484927	4.0
0140262156	3.0
1594487456	2.0
0135974445	5.0
193423026X	2.0
0778313255	5.0
0892838108	5.0
1934230278	3.0000000000000004
1565124669	4.0
1612184871	4.0
0091795273	5.0
0842373624	5.0
060960841X	3.0
1569479364	5.0
0151010986	5.0
0446546275	1.0
0743597176	4.0
0963869566	5.0
1596986034	5.0
1888992182	5.0
0385493703	4.0
0394702409	4.0
0399151753	4.0
0307405788	5.0
0393070794	5.0
0099445352	1.0
0060098902	3.795782463928967
0441810764	1.0
0312429622	4.212809917355372
1594487472	5.0
0345406141	4.0
043935806X	5.0
0143121073	5.0
1475061412	4.0
1452835330	4.0
0316097543	4.0
0393048896	4.0
1590173287	2.9999999999999996
0143112120	2.1884801824921585
0385507968	4.0
0963869574	5.0
0143122827	4.0
1439121168	5.0
0099485311	4.0
0062114131	4.0
0441014038	4.0
0553807641	3.0
0373895259	4.0
0151621233	4.0
0312427573	4.0
1594487480	3.0
0802117880	4.0
0446614661	4.0
0300113994	2.0
1466362286	5.0
1573222062	5.0
057807835X	5.0
0061124532	4.0
0786890762	2.9999999999999996
0671015206	3.0
037550334X	4.0
0743211979	4.0
0375724745	4.380354505169867
0452281032	5.0
1493625284	2.0
0316724971	3.0
0967149215	4.0
0062218336	4.0
0767926900	4.0
1590172329	2.0
0767905199	4.0
0671004573	4.0
0615590586	5.0
067401071X	2.0
0988709309	5.0
B00F7YDITY	4.0
0307262839	5.0
0061148512	5.0
0807118737	4.0
0871403633	3.0
0141182806	2.6573672806067172
0375758992	3.0
0312612982	4.0
B00ATC9I1Q	4.0
0393081818	4.0
1442348089	4.0
158617097X	5.0
0137153872	3.0
0451412273	4.0
0307949826	3.0
0670024783	4.0
1400043379	5.0
0465069908	4.0
0393064476	2.0
0965104265	4.0
0765307928	5.0
0316347965	4.0
1931709122	5.0
0307387992	3.0
0767905172	4.0
0778326020	4.0
0060577304	4.0
0446615951	4.0
0312854889	5.0
0553050680	3.0
031242759X	2.0
0525948007	4.0
0143037234	5.0
1466466006	5.0
0380815923	4.0
0786838183	4.0
0345468457	4.0
081297235X	5.0
0199753784	5.0
0802716709	4.0
0385496826	5.0
0142001430	5.0
0446614610	4.0
0671876465	2.9999999999999996
0446615943	4.0
0743225708	1.0
0385537859	2.9999999999999996
0030554624	4.0
1400042062	2.9999999999999996
034546401X	4.0
006093476X	4.0
0307271773	4.146974885844749
0394726413	2.0
140220695X	4.0
0307274802	5.0
0743260945	5.0
0060530677	2.9999999999999996
0385536518	4.0
0393059960	5.0
0385479484	5.0
0141007338	4.0
0312890524	4.0
0679463364	5.0
0452284988	5.0
1400043387	3.0
0062021028	2.0
0525952969	3.0
059525425X	2.9999999999999996
0316159417	4.0
0778320731	5.0
0316024961	4.0
0812976746	4.0
125000098X	3.0
1573222038	5.0
0879739428	5.0
1455521248	2.0
B004SOQ0SK	5.0
0375726519	1.0
0671042815	3.0
0060724412	4.0
0385343663	4.0
0345350472	4.0
158648415X	4.0
031232118X	4.0
0595205232	4.0
1612183026	5.0
1551669498	4.0
1493526324	5.0
1591794102	4.0
0060512806	5.0
023070686X	4.0
0801031648	5.0
0375502025	4.0
0142002771	4.0
0373895275	4.0
0340822775	4.582938388625593
0671024183	5.0
0345333926	2.9999999999999996
0316036919	3.4785894206549117
0312349513	4.0
0815704518	5.0
037371310X	4.0
0983477574	5.0
0571231632	5.0
1421406454	5.0
0330419129	4.433763188745604
0739466224	5.0
0452284139	4.0
1410422445	4.189937106918239
0761453016	3.0
0811733289	2.0
0805086935	5.0
0385341067	4.0
0099555352	3.0
0099464462	4.363553113553113
0312857055	3.0
0812975464	4.0
0983974020	4.0
0373790112	2.9999999999999996
0394587391	4.0
B007MUAEXO	5.0
0192838296	4.0
1250000165	4.0
B006LAX8K2	2.0
B005L565YO	5.0
031603438X	4.0
1491070021	3.0
1400066093	4.0
0374119783	4.0
B0092XHPWM	4.0
0312620535	3.0
030795871X	5.0
0385341083	4.0
0060890681	5.0
0547719280	4.0
0743225732	5.0
155750587X	5.0
0312857063	4.0
0470155469	4.0
0140306013	5.0
0307953033	4.0
0805073612	5.0
0312608888	5.0
0679420266	3.0
0060531177	3.0
082177977X	2.9999999999999996
0425195791	4.0
0684862077	4.0
0345527356	4.0
0763661651	4.0
0061939897	5.0
0486460363	5.0
0465054803	3.240127388535032
1608194914	5.0
0583128165	4.0
048647366X	5.0
B005G4WUSU	5.0
1559706848	3.0
1480441945	4.0
0983979731	5.0
0671663941	4.0
0671447343	4.0
0140447601	5.0
0452285453	3.0
0060850523	4.220088626292466
067103619X	4.0
0143036777	4.0
0141023384	5.0
0066214181	5.0
0985711310	5.0
0758266103	3.0
0525947558	2.9999999999999996
0732297656	4.0
1416587004	4.0
0060392452	2.360413589364845
1451655592	5.0
037543075X	5.0
0451217888	4.0
0060009241	4.0
006177104X	2.0
031217005X	5.0
0061161535	4.0
0375502874	3.322046374677954
0425210138	3.0
1400042909	3.2324068598462445
1573221562	5.0
1401303498	4.0
077832382X	4.0
0140258795	3.671890798786653
0020519109	2.706706706706706
0385311214	2.9999999999999996
0802118380	2.0
0385350813	3.0
0099526832	4.331521739130435
0979493161	5.0
B006F80YL6	2.9999999999999996
143910946X	5.0
0449225151	2.9999999999999996
0316735655	4.0
0143116193	4.0
0307990893	4.461773700305811
0060878061	4.0
0824823052	3.0
030727831X	4.0
0151012121	3.0
0312570694	5.0
0143121529	5.0
0375700757	4.53822629969419
0060590319	5.0
0061148520	5.0
078689072X	5.0
0452260116	5.0
045122986X	5.0
1590173619	5.0
0982816405	2.0
0743573641	5.0
0345527380	4.0
0786148829	5.0
0452270391	2.0
0385344155	4.0
0805074902	4.0
0767928695	5.0
185217126X	5.0
0812974166	4.0
B008S3Y6HY	5.0
1595552014	3.0
0312306407	5.0
0312582676	5.0
0812992857	5.0
1932531688	5.0
0373860579	2.9999999999999996
1442362383	4.0
0345479149	5.0
0143121510	3.0
0871139332	5.0
0374120803	1.0
0671020668	4.0
0385366396	3.0
0307594777	2.0
097949317X	5.0
0241951615	4.782983970406905
0060930314	3.0
039916765X	3.0
0345452909	5.0
0742538222	5.0
0195327101	3.0
0385333471	3.0
0786890746	2.0
0679457542	4.0
0142003220	4.0
015101342X	5.0
0385294166	4.0
1416567445	4.0
0983974004	4.0
034549038X	3.0
0805069585	4.0
0007172826	4.353015075376884
081462930X	5.0
034553803X	5.0
0373711336	4.0
0156001888	4.0
0316008079	4.15012794995735
0385525818	5.0
0141186356	5.0
0743488024	2.0
1439177554	5.0
0743225791	5.0
0316776963	3.958848662019339
038549730X	4.0
1611748992	3.0
0316021806	5.0
0979022266	4.0
1490904387	4.582938388625593
0867165995	5.0
0345476972	5.0
0375508260	5.0
0142004456	4.0
0385521502	4.0
0316154695	4.0
1462032761	3.0
0375502947	4.0
1433502313	2.0
0230755062	5.0
0802717209	4.0
031230644X	5.0
0307474844	5.0
0316021814	4.0
0060878134	5.0
0393071588	4.0
0786711647	4.0
0743293037	4.0
0374114129	3.0
0802143245	4.0
0743488008	4.0
0007228023	4.0
0743250788	2.0
0425196216	4.0
034096314X	5.0
0767915305	4.0
0006511252	4.0
0809141299	5.0
0140286802	5.0
0345476999	4.0
0451213580	4.0
1590580427	5.0
0316098329	5.0
0061012351	4.0
0813551501	4.0
006017143X	5.0
0385751877	4.0
0375750223	2.0
0151008116	2.9920111590159775
0140281118	5.0
1610392817	4.0
0802118275	4.0
0983166994	5.0
0195078942	2.9999999999999996
0380899531	4.0
0375708731	5.000000000000001
1455526061	5.0
1586482467	2.9999999999999996
0399142282	3.0
0316066737	5.0
0767912268	4.0
0374199833	3.0
0345496574	5.0
1416592423	4.0
1932019294	5.0
0091800951	3.987535953978907
0060529709	4.0
1556527772	4.0
0028646851	5.0
1480567981	4.165876777251185
0446615161	4.0
080281607X	4.0
1401020410	5.0
0316049344	2.9999999999999996
0060778776	5.0
1408818000	4.0
0312082622	5.0
1118443608	5.0
0375703055	3.841225626740947
0517166224	4.0
0060196742	3.0
0393059030	5.0
0307989828	4.0
031242440X	4.526619627966645
0451233174	5.0
0470401818	4.0
1932173749	3.0
1416522883	5.0
0312851820	2.9999999999999996
0446615153	2.9999999999999996
0099524252	2.9999999999999996
0060927569	5.0
0156010860	5.0
0385350775	5.0
1402256302	4.0
0099476355	5.0
0375703063	4.0
014303541X	5.0
0307277887	4.239294710327456
034549654X	5.0
0345439104	5.0
0345496558	4.0
034543739X	4.0
0143123300	4.0
0060008776	3.0
0060892382	4.0
1250028507	5.0
077832379X	4.0
0316179965	4.0
0802135668	4.0
0061578916	5.0
0812534433	5.0
0375415483	5.0
081299289X	3.0
1594488827	5.0
0373123264	3.0
0064408639	3.0
0848804236	3.0
0142428280	2.9999999999999996
0345492161	2.9999999999999996
0802121012	4.0
0316051632	3.0
0778313530	3.0
0802841066	5.0
0547328184	4.0
0316899984	2.9999999999999996
0547892616	5.0
0857521012	5.0
0876857632	4.0
0375422307	5.0
0340823186	1.0
0375415475	5.0
0345449347	1.0
0064408647	3.0
0385315546	5.0
0988867400	4.0
157322281X	5.0
0141188936	3.4266528925619837
0743427084	3.0
0345464974	5.0
0060522275	4.0
0061233781	5.0
0316154660	4.0
1401935141	5.0
0979746205	4.0
0307884848	5.0
0671886746	5.0
B0044XV8LO	4.0
0385527691	1.0
0312428812	2.53822629969419
158834178X	5.0
0316230812	5.0
0062188313	5.0
0679009353	5.0
0307388468	4.0
0066213789	2.9999999999999996
0515148458	1.0
0641500815	3.301173881144534
0375726527	3.0000000000000004
0385423357	5.0
0307387135	2.9999999999999996
0345445848	3.0
0307265838	2.0
1401940544	4.0
B004JHYN6C	4.0
0743243625	5.0
0452278236	2.9999999999999996
030759176X	2.9999999999999996
0151015287	4.0
0201423391	4.0
037582233X	5.0
0393038912	4.254111198120595
0399149783	2.0
0143034901	4.663520408163265
0380718839	5.0
B00GA2AS54	3.0
1593306474	4.0
0375411089	3.0
0312272065	4.0
1439187711	3.0
0099451956	2.5534907081868408
0312323859	5.0
1453869859	5.0
1590515498	4.0
0307272168	4.0
0811856666	4.0
0310265703	5.0
0156013096	5.0
0307884821	4.0
0312272057	5.0
0664223494	4.0
0060194170	5.0
1595581367	4.0
1586175009	5.0
0312359861	5.0
140004460X	2.3894044555356273
0307346609	2.9999999999999996
0140230270	4.0
0812979044	3.0
0451233166	5.0
0312621051	4.0
0307597059	3.0
0312289723	4.0
0373250118	4.0
1411631285	5.0
0385538367	3.0
0615575706	5.0
097974623X	4.0
0575073160	2.9999999999999996
0439023483	4.148330058939096
0316042781	3.0
0375415424	4.0
0062005855	5.0
0684844184	5.0
0140390219	2.0
0141321008	5.0
0312428863	4.333333333333334
0679730346	4.0
0679756973	4.0
0140137572	4.0
0345436911	4.0
0061702587	3.0
0812973763	4.0
0345533143	4.0
1481271970	4.0
1451626207	4.0
0739444913	4.0
037371307X	4.0
1841953830	5.0
1846972531	5.0
0465023711	5.0
0446695297	2.0
1447259297	1.0
0385468865	4.0
0451226801	5.0
0375423699	2.0
1616950498	5.0
1782500502	5.0
0811215474	5.0
0060936428	4.0
0439023491	5.0
043920352X	4.0
1250006341	4.0
0385343612	5.0
0743297431	5.0
0385492510	4.645399597044996
0761171959	4.0
0143122061	3.5430637738330044
0375836942	4.0
1118172760	5.0
0385415702	4.0
0375505105	4.0
0743205383	4.0
0451229088	4.0
0316021822	2.9999999999999996
0452287146	4.0
1400030021	4.0
0385340559	3.4569362261669956
1594486247	4.0
0679449124	5.0
0451235770	4.0
159692165X	4.0
0312426216	5.0
0571139671	4.0
031027771X	1.0
030727344X	5.0
0385515693	5.0
0380785625	2.9999999999999996
0393045250	5.0
0446357197	4.0
1475153686	4.0
1594202508	4.0
1597802166	4.0
141695418X	5.0
0767901568	5.0
0374190666	4.0
0307962792	3.0
1416540423	3.0
0812973771	3.0
1594487596	5.0
0060515104	5.0
039915910X	5.0
0345440145	5.0
0312375069	5.0
0316228532	4.239294710327456
0395907284	5.0
1932420207	5.0
0679642811	5.0
0425205681	5.0
0316021830	5.0
0375506519	2.0
1439102767	5.0
0307739473	3.0
0812972473	3.0
1557255903	3.0
1416526374	5.0
0618004076	4.0
0316735736	4.0
0061779725	3.0
0385720564	4.0
0743287037	2.9999999999999996
0970262108	5.0
0142002836	4.0
1416598669	5.0
B001XURN06	5.0
0312978324	4.0
0385523386	3.0
0898704782	4.0
0060185163	3.0
0553273914	5.000000000000001
B0089LQGKK	5.0
0062060554	5.0
0670058874	4.0
0446532371	4.0
031235195X	1.0
0345549627	4.045325779036827
1559706775	5.0
0316114669	4.0
0307719847	3.0
0778329860	5.0
0375412336	3.0
0143117599	5.0
0899332757	5.0
0312951299	4.0
0131103628	5.0
1439102740	4.28828125
1416597301	5.0
1456562363	5.0
014303538X	3.0
0373310242	4.0
B008TGMQAE	4.0
0394600746	4.0
0805063315	3.0
0061779741	5.0
0732296277	5.0
0142002852	5.0
B00AYTASE0	2.0
0375725997	5.0
0061799319	3.0
0375412328	5.0
143910140X	5.0
0873640217	5.0
0385506821	4.0
0451212924	5.0
0451240197	5.0
B004TXOQSQ	3.0000000000000004
1484028465	4.0
B00D0YNMM6	3.0
0679444327	5.0
0425214621	4.0
0679735909	4.0
0810116863	3.0
0394743091	4.0
0451215192	4.0
0853039313	4.0
9491634003	5.0
037540032X	5.0
0679764437	5.0
0743464826	4.0
0306817675	5.0
0143037110	3.8848797250859106
0060586125	5.0
0312288352	3.0
1580052967	5.0
1250034485	2.0
0263173364	4.0
0140430717	4.0
0140048979	5.0
006072563X	4.0
0465021816	2.0
0691126836	5.0
087877050X	4.0
1596684887	4.0
0385495617	3.6978319783197833
0312657757	3.0
0425212033	5.0
1565630521	4.0
0399152474	5.0
0142002879	4.0
0099556758	4.0
0786717955	4.0
1582974888	5.0
0062124269	5.0
0061779768	3.0
1447262859	4.0
0385523343	4.0
1931382654	3.0
140003454X	4.853025114155251
0973157054	5.0
0061121584	4.0
031235987X	5.0
1590585208	4.0
158586059X	4.0
0375424148	4.0
0805062890	5.0
077043620X	4.0
038536315X	4.0
0142000205	4.0
0671441337	5.0
0224042963	5.0
0679455876	4.0
0394722183	4.787190082644629
0312428111	3.425619834710744
0596007124	5.0
006093221X	4.0
0985076305	4.0
B009AMLISC	5.0
B0095W7HS2	3.0
0140120831	3.0
030728364X	5.0
0812995139	3.794143744454304
0451220552	4.0
0385524684	4.0
0316012831	5.0
1400034582	5.0
0671207148	4.0
0679412719	5.0
0743287010	4.0
0805094466	3.0
0143037145	4.656198347107438
B008CPQG9O	2.0
1932173048	3.0
0307889750	5.0
0394573439	4.0
0060955775	3.0
0316633763	4.0
0770436250	5.0
043902353X	4.0
0316917338	2.9999999999999996
0385527721	4.0
0230340385	4.0
0595218431	4.0
1400034574	5.0
0743255453	4.0
031253728X	4.0
0553379291	5.0
1741792347	2.0
0312563558	3.0
0765315467	3.0
0743289684	3.0
006019491X	4.158774373259053
0141188014	5.0
0802139329	4.0
0374299854	5.0
0739403435	5.0
0446199575	2.0
0465008887	4.0
1468194453	5.0
B00HY2RGWC	5.0
0811217167	4.0
006074815X	3.0
1401302009	3.0
0385513968	4.0
0446546925	4.683076923076923
0060590254	4.0
0802144756	5.0
190351794X	4.0
0553817736	5.0
1616087080	5.0
1482926474	1.9216359662816107
0674027663	3.0
0061563080	3.0
0399111964	3.0
0312303467	4.0
0780648838	1.0
044658083X	2.0
0670918466	4.0
006091307X	2.0
0060512741	4.0
0979589207	5.0
B00BT708ZU	5.0
0930462092	5.0
0143120360	5.0
014200023X	5.0
1586489941	4.0
0446616311	4.0
0471780790	5.0
0375424199	2.0
0385509006	4.0
0375504737	4.0
0307958841	4.0
1616200782	5.0
0060545674	4.0
0547518269	4.0
1401303358	4.0
0671027379	4.0
B0090CQ3AK	3.0
014303796X	3.0
0137903952	2.0
0020519001	4.0
0060742887	2.9999999999999996
0812977300	3.0
1419601482	5.0
0452297540	4.0
0975306642	4.0
0061097314	5.0
031234967X	4.0
0385513992	5.0
014012392X	4.0
0615498965	4.0
0813365813	5.0
0099287595	3.0
0878575103	3.0000000000000004
0762424931	3.0
0812967976	5.0
0140280553	4.419650655021835
1401303366	3.0
0307341836	4.0
0743204700	4.0
0452288606	4.0
0941533506	5.0
0345496612	4.0
0451220528	4.0
0802119778	5.0
0802117112	4.0
014006110X	3.0
0143036661	5.0
1586485563	1.0
0671888587	5.0
0439023513	4.239294710327456
0345460693	4.0
0060088877	3.0
0375410538	2.0
0446579807	3.827567712523465
1439102724	5.000000000000001
B005CRQ4U6	5.0
0143120328	5.0
1250002893	5.0
034553283X	5.0
0345461959	4.0
1594031444	5.0
0099461269	3.2697795071335927
0743204735	4.546528803545051
0609804618	5.0
B00IQJYPZ8	4.0
0812969707	4.0
0451215184	4.0
0062061038	5.0
0380719185	5.0
1907650563	4.0
0385533543	4.0
0375411852	2.0
1416532161	2.9999999999999996
0802117163	2.0
0615276504	5.0
0739326074	4.0
0307962903	4.0
0316040924	5.0
0979905273	5.0
0307887995	2.9999999999999996
B00AR3GEC8	1.0
0743436733	1.0
1582974020	5.0
0521398320	5.0
0393065669	4.0
0865476330	4.0
B007OKBVHK	4.0
0385519249	5.0
0143038419	4.366138059701493
0156454890	5.0
0312558155	5.0
0500284296	5.0
0345539478	5.0
0140447539	5.0
0395353238	5.0
0345468597	4.0
0802130127	1.0
1579548911	3.0
0143036688	4.0
0446555894	4.0
0393319296	4.0
013138094X	5.0
0967883261	3.0
0440107601	4.0
0373892055	3.0
0979022207	5.0
B00AR0R5XS	4.0
0156004801	4.0
1250000203	5.0
0691139296	3.0
0750933372	4.0
0394577892	4.0
B005IG6AK0	4.0
1455515558	3.0
0915815281	4.0
0060194995	4.217197924388435
0670034819	4.0
1590581709	5.0
0385344007	2.0
0446614548	2.9999999999999996
044661453X	4.0
0375420649	5.0
0060976624	4.0
0815410867	5.0
069113927X	4.0
0143038400	4.0
0613065425	4.5681660899653975
1569803366	4.0
0312874561	4.0
0385482388	5.0
0307271609	2.0
0142004669	4.0
0307275132	2.482632541133455
1935448005	5.0
1475005148	5.0
1401924352	4.0
0312567073	2.9999999999999996
0142003255	5.0
B0092XN9O0	4.0
1880741318	3.0
0865477736	5.0
0140440046	5.0
0316015008	4.0
0385528264	4.0
1933346159	5.0
0743294254	4.0
0940450410	4.0
0875527000	4.0
0446564745	4.0
1934230855	4.0
3822822841	5.0
0312320884	4.0
0205747965	5.0
1930486731	2.0
1741797152	5.0
0978104900	5.0
0142003247	4.0
1400062551	4.0
006073132X	2.2455436720142603
034911563X	4.493767976989453
0316156507	4.0
031232619X	4.0
0918172020	3.0
0895260670	5.0
006176826X	4.0
1933633263	3.0
0375725164	4.0
0739427490	2.9999999999999996
0307913090	4.487597911227154
0553274325	5.0
0446616397	4.0
0767907809	2.9999999999999996
1400041600	2.0
0142003239	4.0
B00B3L1IN8	4.0
0142003271	4.0
0307389006	2.2461759082217974
0553562738	2.9999999999999996
0374211973	3.0
0385498748	4.0
0446527785	2.9999999999999996
0983393230	4.0
0739451103	4.0
015101292X	3.0
1400051886	4.4318339100346025
0061735329	4.0
0451229851	4.0
0812977386	3.0
0062314254	4.551589029168481
074327332X	5.0
0147509793	3.0
0486479137	5.0
0375728228	4.0
0517338416	3.0000000000000004
1400082137	5.0
0142003263	4.0
0805091319	4.0
1401603009	5.0
0307275167	4.254208754208754
0312376464	3.0
1400041627	4.343379446640316
0151012946	4.0
0060558121	4.0
0307263118	4.4653846153846155
0857385682	5.0
030726310X	5.0
1573229385	5.0
0739464418	5.0
0615775055	4.0
0812977378	5.0
1433523345	3.0
1551664550	4.0
076531052X	4.0
0307377040	3.4849965108164693
B00AXS4ZYQ	4.0
0307474933	5.0
0143036629	2.796238244514107
0151010331	5.0
0743527992	5.0
0786863900	5.0
0151012997	5.0
0760716080	5.0
0307908542	5.0
0142003298	4.0
0743226127	4.0
014200328X	2.0
0743491475	2.0
014004020X	4.083333333333333
0316018953	4.0
0451234383	5.0
1400106656	5.0
0060590297	4.0
1455509620	5.0
0312262515	4.0
0060731370	4.0
030737839X	5.0
1439149380	2.0
0671447548	5.0
0099478897	5.0
097980471X	3.0
1581826621	5.0
0199836787	4.0
0140440070	4.0
0300027605	5.0
B005O2WNAO	4.0
0811217132	4.0
1581823592	3.0
1849050996	4.0
0307474925	5.0
0192820850	5.0
1616952156	4.0
1403972885	4.0
0618344586	2.0
0679746641	4.0
0143035304	5.0
0061451835	3.0
1596980907	4.0
0764203622	4.0
0143120395	4.0
0618492399	3.0
0321349601	4.0
0446617687	4.0
0060755334	3.0
1401308201	4.0
0140621199	5.0
0060747730	4.0
0141012692	5.0
0307907236	5.0
0451212177	4.0
0060589280	3.0
0764120085	4.0
1455505242	4.0
0307456242	5.0
0743454545	2.73816155988858
1938442350	5.0
0345523865	3.0
0140272119	3.0
0375415351	5.0
0786860847	5.0
0425207579	2.9999999999999996
1118590244	4.0
0974106712	4.0
1594862958	1.0
0345450450	5.0
0385498799	5.0
0399157212	3.0
0307272095	4.0
1594031495	5.0
160494689X	2.0
0307268845	2.0
0140441379	2.0
1460913345	5.0
097928161X	5.0
1416595619	5.0
031225234X	4.0
0971088896	5.0
038550117X	2.0
0452266386	1.0
1619021757	4.0
0547549466	4.0
0002242052	2.0
1442214716	3.0
034546687X	3.0
0804138818	5.0
1558219730	5.0
0898701775	5.0
0307939650	4.0
1442369167	5.0
0345526910	4.0
0743454529	4.363490792634107
0060195347	3.0
0060759747	4.0
034548648X	4.0
0739495585	4.366153846153846
0811720640	5.0
0373771053	4.0
B0054E7ATQ	5.0
0375414002	2.0
087140379X	3.0
1590581687	4.0
0385340427	4.0
0812993462	4.425619834710744
0762415983	5.0
0374299080	4.0
020530902X	5.0
159179790X	5.0
0446540706	3.0
0374169918	5.0
0316012823	3.8292134831460674
0802846688	5.0
0786173955	4.0
0778322394	4.0
1590581695	5.0
1491255439	5.0
0316741582	5.0
1400041686	5.0
0226965325	1.0
0932551513	4.0
0099297701	3.0
0140294392	5.0
0393059731	5.0
080500534X	5.0
0679722661	4.2792841648590025
0451210352	4.0
0812979176	4.0
B00889U91U	4.0
0306814668	3.0
0307962881	4.0
0312423268	4.0
0062208284	5.0
0441014100	2.0
0394223632	4.0
0547134649	3.0
0756400597	2.0
0060904909	5.0
0891074961	5.0
0373713142	4.0
0553582313	4.0
0385510926	5.0
0307599590	5.0
0684870363	5.0
0385341733	4.0
0060898623	5.0
0375727760	2.9999999999999996
0007116055	4.0
0977880400	4.0
0307276414	2.0
1400044731	4.820652173913044
0819818437	5.0
0075536668	5.0
0060507403	4.0
0060935227	4.0
0312294115	4.0
0375405976	3.0
0821773429	4.0
1480445657	4.0
0060882298	4.0
0316016381	2.0
0307939693	4.0
0671890913	5.0
B0073PRNTG	5.0
0811721949	5.0
1559704160	5.0
0373285728	3.0
1587432692	5.0
1590072871	5.0
0062024027	2.0
0143122185	5.0
0140139400	4.0
174237557X	4.0
0805390456	5.0
0848731794	5.0
1400097282	1.0
0743211936	4.0
B00DOOPAGI	5.0
0451222334	4.0
0385479670	4.0
1594485038	4.0
B00AKGF0VI	4.0
0618943323	5.0
193284161X	5.0
0312273231	4.212809917355372
0307265749	4.0
0613998057	5.0
0805097457	3.0
0307739368	5.0
0451155963	5.0
0385420161	4.5681660899653975
0061689866	4.0
0465018270	4.0
0679009450	5.0
1557287406	4.0
0743230213	4.0
0553807579	4.0
051514701X	2.0
0345478843	4.0
0373880979	4.0
0851513514	5.0
0399157298	5.0
1400044774	4.0
0517209772	5.0
1586487388	4.0
0671610503	5.0
0618093974	2.9999999999999996
0307265730	4.192111959287532
0307379663	4.0
1931859396	4.0
0451222350	4.0
0970262116	5.0
0060852550	4.0
0316204366	2.0
1250043042	3.0
0375758771	5.0
0515128554	4.0
0345515501	5.0
1559704012	1.5600222304557245
0425205827	5.0
145161747X	5.0
1592401716	3.0
0451223969	4.0
0446614416	4.0
076071679X	4.0
0316059854	4.0
1442349158	4.0
0684844818	4.0
0618068864	4.0
0425200124	4.0
0811835901	5.0
1586170767	5.0
0316001635	2.9999999999999996
0345528816	4.0
0156007819	4.0
0809071878	3.0
0375724508	5.0
0340935235	5.0
0515128546	4.0
0375414401	5.0
1594204829	4.0
0553386700	5.0
1593080298	3.106878908470722
0399151451	4.0
0451194071	4.0
0385344740	2.0
0385478348	5.0
0375701893	2.0
1416587624	4.0
0967360706	4.0
0941711420	3.0
0099416557	5.0
0307394069	5.0
1596681675	5.0
0307476464	3.991236306729264
0451526058	2.0
0812973437	2.0
0761104844	4.0
0345468694	3.295501730103806
0060277270	5.0
0679009523	5.0
0399152776	4.0
0345528840	4.0
0786864214	5.0
B008LD8W4O	5.0
1439152926	4.0
1453254803	5.0
0312315953	5.0
0345479351	5.0
0375719180	5.0
0446580570	5.0
0789496097	3.0
0151011052	5.0
0674066979	5.0
0812977823	3.0
0307341542	4.0
0743299396	5.000000000000001
1416596585	5.0
1620878070	5.0
0618068872	4.385479041916168
1416563687	3.0
0312315961	5.0
0446612685	4.0
0670018287	5.0
0743230493	4.0
077831426X	4.0
006093493X	4.0
0061432687	4.731793960923624
1400043123	3.0
0486416062	5.0
0571294197	4.0
0140434135	5.0
030759582X	4.0
0307269698	2.0
0898702216	5.0
0684844826	4.0
0826417868	3.0
0062127241	3.0
0307341569	3.0
1118116410	4.0
B004KZOTLW	4.0
055380698X	5.0
0393316041	3.519410977242303
0528008056	5.0
0805095691	5.0
0547750315	5.0
0805069399	2.0
0679726012	3.0
0373230338	4.0
1400068452	4.0
B0051AOIT8	5.0
0805094369	5.0
140004314X	3.6866040533860605
0770437680	3.0
1455525839	4.0
0983952418	4.0
0143114158	5.0
0385503857	5.0
0099740915	4.202377807133422
0075536498	3.782983970406905
0871401622	5.0
0821780123	2.9999999999999996
0140058893	5.0
141656103X	4.0
0985149914	3.0
0977333809	1.0
1582345201	5.0
1469217554	4.0
084990367X	3.0
0739332414	5.0
0525951873	5.0
1400061830	5.0
0393088693	2.0
0679738010	2.7385277246653916
0312360525	4.0
0312379145	5.0
014044615X	5.0
0060899220	5.0
0071415130	2.0
074344647X	5.0
0451219007	4.0
0321832876	5.0
0739357727	3.0
0316055433	4.0
0312564538	2.0
0770436374	4.0
1594489483	5.0
030680686X	5.0
1599211122	4.0
0802118518	3.545010467550593
0140049975	5.0
B00BP45LD6	5.0
0385468148	4.0
0099451751	5.0
0375504427	5.0
0312361866	5.0
1573222267	4.0
0060510862	5.0
0385335814	4.0
0985030208	5.0
0061913014	3.0
0451217292	4.0
0141191538	5.0
039332270X	5.0
0312560168	5.0
0547237804	4.0
0393057518	4.0
0881411744	5.0
1416537309	4.0
1857997832	4.0
1480295426	5.0
0465003079	4.0
0099451743	4.0
1551661764	4.0
1590513444	4.0
B00CF225RW	4.0
0544114523	4.0
0201122782	5.0
0547976518	5.0
0985285001	4.0
0446577782	5.0
0812981901	2.0
074327055X	4.0
1586483056	5.0
0060652942	5.0
0099581876	3.0
0679736247	2.0
0137935633	5.0
1401302378	5.0
0156013673	5.0
0195136292	5.0
1481089846	5.0
0739443356	2.0
0615691455	2.0
0060652926	5.0
0316016748	4.0
0307742911	4.0
0312423810	5.0
0340179414	5.0
0307350401	3.0
1935597647	4.0
0061977969	2.3231334149326806
0802118585	5.0
0300097573	2.0
B0006XBQFY	5.0
0385524749	3.0
0812975219	4.0
0385335881	5.0
0385523416	5.0
0375501347	5.0
0316089699	5.0
0393064646	4.0
067002189X	3.0
0446691437	5.0
0312383282	3.0
0143038702	4.0
0446576476	2.9999999999999996
0385536755	4.0
081170274X	4.0
1595230955	5.0
0060761288	4.0
0099452243	4.0
034900028X	5.0
0061560936	5.0
1442346965	5.0
0066209846	4.0
0778329372	4.0
0060557559	4.364389233954451
084477264X	5.0
0452285216	2.8434496017577584
1476705496	3.0
0451223918	2.9999999999999996
0307338789	4.0
0753186578	4.0
0316036315	5.0
0143034359	5.0
0805096973	3.0
0140431020	5.0
0394711955	4.0
0345438825	4.0
0747568235	5.0
0143117297	4.0
006212109X	4.0
0316066117	5.0
0812968972	4.0
0307279898	4.0
0679445307	5.0
0452287847	5.0
0340953950	4.999999999999999
0140185011	2.9999999999999996
0671692658	2.0
0312349394	4.0
1594205337	5.0
0140185003	5.0
0385507372	4.0
0062241796	4.0
0486451224	3.0
0007205236	5.0
0307956350	5.0
0739319418	4.0
2954168102	4.0
0140178724	4.0
1401301088	2.0
0679749519	4.0
0452283493	4.0
1401309801	4.0
0399153276	4.0
0385507380	4.0
0385512724	4.0
0345417968	4.0
1579128866	5.0
0375701850	5.0
0439110165	4.0
030680865X	5.0
0300076614	4.0
0312289146	4.0
0593057791	5.0
0671692674	5.0
1442363479	3.0
0385518048	5.0
0767908414	4.0
0060872985	4.0
0812975286	1.0
1567923860	2.0
B00ANMZ0G4	4.0
0307269663	1.0
0446614440	4.0
1592406513	3.0
0061845256	4.0
0312244266	5.0
B00A6CY2J2	5.0
0375707166	4.0
0393062031	4.0
0674065603	4.0
0679750533	2.9999999999999996
0434291838	5.0
0316067474	4.0
0373128681	3.0
0815410743	4.0
0345494997	4.5320247933884295
0446614424	4.0
034538623X	5.0
1451655789	1.0
0895293234	5.0
0380725703	4.0
0743582373	5.0
0201749629	5.0
0983791503	4.0
1575660385	2.9999999999999996
0312569378	5.0
080105849X	3.0
0140144528	4.0
0143118587	5.0
046500928X	3.0
0732281482	4.0
0060958022	5.0
014017737X	2.0
0143116827	2.4317252657399835
0142002046	3.0
0399157565	3.0
0783149956	2.0
0307931889	4.0
0061992704	5.0
0156008351	5.0
0312205406	4.0
0486607690	5.0
014200202X	5.0
0805091211	4.0
0452282918	5.0
0142002038	4.0
0140053204	2.264794383149448
0141004924	2.0
0140177396	5.0
1933368055	3.0
0679734589	4.0
0060959355	4.0
0230613926	5.0
0375706771	4.0
0307381668	5.0
0830709258	5.0
B00C4G20YC	4.0
1594484651	4.0
0312423772	4.0
1934606413	3.0
0837184436	5.0
0984457666	5.0
0385349521	4.0
081121611X	4.0
0865474117	4.0
0393244660	4.0
0345441613	5.0
0345406400	4.0
1439165319	4.0
0375508015	5.0
0316158801	5.0
0374104573	3.0
0156011980	2.0
0312261594	4.0
0718158970	4.0
159114745X	4.0
080213016X	2.0
0441015948	2.9999999999999996
0312378777	5.0
0143112449	4.493767976989453
0393332152	5.0
0142002062	3.0
0345442938	4.0
0385532431	4.0
0143119087	4.680491551459293
1603585044	4.0
0140434941	5.0
0349000328	5.0
0061928127	4.291818655549766
0749906685	4.0
014023313X	4.0
0375704132	4.0
0060558008	4.0
0307475913	4.0
1605296376	2.9999999999999996
0199737509	5.0
0812979680	3.0
0670021954	5.0
0789745259	2.9999999999999996
0140390847	5.0
0312144075	5.0
0142002054	4.0
0446520802	3.896206533192834
0312421133	5.0
1586481363	4.0
B007MFTOGM	4.0
0805091203	5.0
0230120733	5.0
0394475291	2.5392817059483725
0307275450	2.0
0307907333	5.0
0312306261	4.0
0316955043	5.0
097795630X	5.0
1453751300	4.0
0062248472	5.0
0553271369	4.0
0156031566	4.0
0385349548	5.0
1416507493	2.9999999999999996
0140239405	5.0
0345521307	3.7757945145842404
0446560065	5.0
0446552437	4.0
0441715923	4.0
0142002070	5.0
1400049253	4.0
B00C3OU6VE	4.0
1567923801	4.0
1611941768	2.0
0241003792	4.0
0553212168	2.9999999999999996
B009POEAY4	1.0
0971618305	4.0
0452011205	4.0
0307383415	5.0
0345336771	5.0
037541438X	4.0
0743264738	4.0
0941419444	4.0
0553071858	3.851239669421488
0143035630	4.0
0451408888	4.0
B0076PP4JE	4.288383945636016
0471395528	3.0
0061714704	4.0
0312426852	5.0
8804617829	5.0
0312446470	4.0
0060974974	5.0
142212584X	5.0
0671244094	5.0
0641934173	2.8784752077959297
1623651670	4.0
1586489291	5.0
0062207938	3.0
031257357X	5.0
0140042520	5.0
0156148501	5.0
030796650X	4.0
0373125690	4.0
1439171173	3.0
1616201738	3.5829383886255926
0307717097	3.0
1905574509	5.0
B00BFMDOPA	5.0
0300176880	4.0
1418472077	5.0
0385739567	5.0
1404183558	5.0
0375509321	4.0
006112429X	4.0
0385351852	4.0
0307946924	3.0
0618048448	4.0
0140177388	4.0
1586422162	2.0
0140127925	4.0
0767915569	4.0
0446570230	3.0
0465009212	5.0
0307276740	5.0
1440118604	3.0
0060501189	5.0
0575071184	4.0
0143120921	3.0
0373751559	4.0
0802717055	4.0
0979018838	5.0
0375414371	4.0
0399158022	4.0
0399159347	5.0
0375401067	5.0
0802717047	3.0
0143142283	4.0
0553824813	5.0
1605292885	4.0
0312868855	5.0
B00DI7HNXE	5.0
0812971787	5.0
0786703881	1.0
0375413030	3.0
1479116661	3.0
0684811073	5.0
1594486433	5.0
0451232054	1.0
0452281679	3.0
0778325784	5.0
031226772X	4.0
0879237511	2.9999999999999996
1892145049	2.0
0007156618	5.0
0674023870	3.0
0812969464	3.0
0141001828	4.0
067943822X	4.0
0307877094	2.0
0385508719	3.0
0307934055	4.0
B004TXNZOC	4.0
061832996X	5.0
0345532023	2.0
0988979500	5.0
0878331700	4.0
1559708476	3.720715835140998
1610393503	5.0
0300118945	5.0
0977914380	4.0
0375703683	4.0
0061725471	5.0
0743238494	5.0
1416912177	4.0
0751541184	5.0
0345426061	5.0
0553109200	4.0
0316075841	4.0
1451575017	3.0
0525953663	3.0
0345532031	3.165150454863541
0099458322	3.697546686195533
0307271080	4.644427001569858
0345532015	2.0
0060977191	5.0
1627790071	3.0
014311686X	3.0
0385349580	5.0
0575096497	5.0
0156439611	5.0
0345420748	4.0
1594201854	4.0
0571208207	4.0
0375435417	2.0
0060394072	5.0
0340920246	4.0
0312318286	3.0
0470496517	4.0
030740787X	4.0
0195368347	5.0
0449911683	5.0
0375414339	5.0
1439110190	5.0
1601621620	4.0
0451221346	4.0
148051652X	3.0
0385307756	4.0
0425269051	2.0
0316243922	5.0
0743470095	3.0
0140449175	2.9999999999999996
159448645X	5.0
0970321295	5.0
0985437812	5.0
0670038717	5.0
0156006529	2.9999999999999996
1902602692	4.0
1480090166	5.0
0195169115	2.9999999999999996
0767903528	4.0
1616952431	4.0
0671001256	3.0
0465032427	4.0
159420053X	3.851239669421488
1416938745	4.0
0765309408	4.0
0312370830	3.0
0425029301	3.0000000000000004
1612180183	2.0
0141182571	4.0
0312872917	2.0
141655839X	2.0
1583224696	4.0
0983386005	4.0
0976428814	5.0
0684850605	4.0
0345340833	5.0
037550317X	3.0
0670025429	5.0
0062280546	5.0
0671023497	5.0
055338676X	2.0
0425215245	4.0
0060852577	4.0
0615317510	4.0
0375508880	4.0
0802150616	5.0
0375422145	4.0
0802136346	5.0
0375831002	4.881846635367763
1565842197	5.0
0802137679	5.0
0812977904	5.0
0977939847	4.0
0743296362	3.0
0983716307	4.0
0307276732	5.0
0615599095	5.0
1467516589	5.0
0316243914	5.0
0375402314	5.0
B00AQYG1CQ	4.0
0375971424	5.0
0143124463	5.0
1250037271	3.0
0380813947	4.0
0691136696	3.0
0141001844	2.5888833249874814
0307406512	4.0
067977632X	5.0
0977100421	4.0
0470767863	5.0
0385338015	4.0
0316067369	3.4785894206549117
0312383304	4.0
1609450787	1.0
0786708808	5.0
0143143646	3.0
0195170253	4.0
0571239498	4.0
0547859058	5.0
0373127480	3.0
0345447859	5.0
0553209582	3.0
0801821584	5.0
0451218493	4.0
0545128285	5.0
1416541527	4.0
0385515995	4.0
0142001740	5.0
0802135196	5.0
1556357036	4.0
0425190366	5.0
0060956402	4.0
0345466128	5.0
0060587245	4.0
0312658877	5.0
0679463283	4.0
0786717750	5.0
0060002107	4.0
0671025368	5.0
0345515633	5.0
0060516054	5.000000000000001
0385538618	4.0
1400043220	4.0
1118065069	5.0
1451628250	2.0
0307475255	5.0
1439156379	4.0
141655047X	4.0
034552893X	4.0
0224093908	5.0
0297864823	2.0
B007GDZEXW	5.0
080271594X	4.0
0451412168	4.0
144233729X	4.0
0060964049	5.0
0143118668	3.0
1476751447	1.869481765834933
030739414X	2.9999999999999996
0061472808	5.0
0547750412	2.0
0312383320	3.0
0061582417	5.0
0743554434	4.511164036915749
0312427468	5.0
1561706086	3.0
0451235843	5.0
0847835294	5.0
0061924687	5.0
0345346904	4.0
0743277023	4.0
0062015729	3.0
0385333951	5.0
0316044695	4.498337292161519
0553382241	4.0
0399151311	4.0
026316246X	4.0
0735200300	5.0
0316067393	5.0
0373713428	4.0
0385755430	4.0
149230123X	5.0
0062113372	4.0
0385319673	4.0
0679727299	5.0
0140298479	5.0
0312427484	2.7785042909685327
0307271005	4.0
0060564598	4.0
0307387879	4.0
0330444085	2.9999999999999996
0547934874	5.0
1559703482	4.0
0143142356	4.0
0330535382	5.0
0812977963	3.0
0060087757	3.0
0060540591	4.0
1481291866	5.0
0981804705	4.0
0062015702	3.0
0316011770	4.47800296589224
1455134767	4.0
1612183174	3.0
1586488899	3.0
0152017178	5.0
0143142372	4.0
1451629540	4.0
0143118641	4.0
0393065030	1.0
0811208478	3.0000000000000004
0571174450	2.0
0743257405	3.0
0345447832	5.0
B00GX6Q1XK	5.0
145583145X	5.0
1585747505	5.0
1599213664	5.0
0060504072	5.0
1400034337	2.0
1564782115	5.000000000000001
0375503234	2.0
0345527682	4.0
0062255657	4.0
0452260892	4.0
0201835959	5.0
006123950X	4.0
0521519357	4.0
0804138567	3.0
0385515987	4.0
0373712146	4.0
1590710126	5.0
1439156352	4.0
1582342032	4.0
0140440720	5.0
0307742814	5.0
0373713479	4.0
0140186409	5.0
1585425206	5.0
1400068568	4.0
140006855X	5.0
0132599686	4.0
0689851898	4.0
0451239350	4.0
0195135091	5.0
B00AH6Z1F6	5.0
0764201638	5.0
0007157150	5.0
038073320X	5.0
0898705460	4.0
0375400524	5.0
0061097101	4.0
0373892276	4.0
097943050X	2.0
0758222653	1.0
1570628076	4.0
0812974018	4.266427718040621
B00537SKMA	4.0
0704327503	1.0
0805095535	4.210801393728223
0385524854	5.0
0060513837	4.0
0330418386	5.0
0684838095	4.0
0060740450	4.762054979720595
0374505845	5.0
1601625235	4.0
1590587669	4.0
0143113828	5.0
0195314395	4.064049586776859
B00A8SJ4OC	5.0
0316036218	4.0
0099421860	3.0
0761516808	4.0
1607144565	2.0
0373296258	4.0
B007G82AIO	5.0
0385510233	3.5815983881799864
141656991X	4.0
045123801X	5.0
0871139456	5.0
156512250X	3.0
0374161879	2.0
0618420053	3.0
034552635X	5.0
0385346409	5.0
1613820259	3.0
1590586344	5.0
0198326769	3.0
0441827209	4.0
0140281630	2.9999999999999996
067164842X	5.0
0895260387	4.0
1584799501	5.0
1400108268	5.0
0312202318	4.0
0805069259	5.0
0316017922	5.0
097962942X	4.0
0671028472	4.0
0306816172	5.0
0061692034	4.0
0062021559	4.0
0805091157	5.0
0691121796	5.0
0141441038	5.0
1841957976	5.0
1452109222	4.0
014144102X	2.9999999999999996
0375504524	3.0000000000000004
B009BBD1P0	4.0
0226076229	4.0
0062012614	5.0
0767922840	5.0
0812967739	4.0
0312316534	4.0
0151013519	4.0
0312539673	4.0
0688072798	4.0
1469984202	4.582938388625593
B0054KIVSE	5.0
0805075933	4.0
0061711527	4.0
0385523556	5.0
0143119117	5.0
0312342802	4.0
0374172587	4.0
0307278441	4.05323925593329
0307700127	3.0
0061684422	5.0
0060513888	4.0
140006371X	4.0
0804139024	3.0
0743572203	4.0
0380731479	4.0
0312421303	3.301173881144534
0312277059	4.0
1781310858	3.0
0758222610	4.0
0061054887	4.0
1565126068	5.0
0345518780	4.0
0778329259	4.0
0060738170	3.489373007438895
0743203631	4.0
0307700119	4.0
0061721786	5.0
0743241924	4.0
0143038656	3.0
0007181639	3.0
1416503854	4.0
0316713732	5.0
1439109109	4.0
1481233920	5.0
0521437741	5.0
0553477900	4.0
0312265050	4.0
1590582802	5.0
0385519494	5.0
0307700143	4.0
0099429799	3.9600980049002446
0375421726	3.0
0151005958	3.0
0679643230	4.0
0393051242	4.0
0060975547	5.0
0486275485	4.0
1770411038	3.0
0451412192	4.0
0307387828	4.0
1933515171	4.0
0375502769	4.0
1568583982	5.0
0312283709	5.0
0802130356	2.0
0312383355	4.0
0385532458	4.0
0060798696	5.0
1405005823	4.0
0385506198	4.0
0446695726	4.0
1410419592	2.0
0875803679	5.0
0674064402	2.0
0451232704	5.0
0307453022	5.0
0752220179	5.0
0879738294	5.0
0670889768	4.0
0307209865	5.0
0760320594	5.0
0143112589	4.0
0307387089	5.0
0452263034	5.0
0140441131	5.0
0449233782	3.0
1400075637	4.0
0767928997	3.0
0451237692	2.0
0345516044	5.0
0399158774	3.0
067976075X	4.0
0525947965	4.0
0547330790	5.0
1592402135	2.0
1483945367	1.0
0451224388	3.0
0061083461	4.0
0380818612	4.0
0340899751	5.0
0140449086	5.0
0802716490	2.0
B00HP9ZGI0	5.0
0373791712	2.0
0062285505	4.0
0316154563	5.0
0345460030	3.0
073561993X	5.0
0446607207	4.0
0307474712	4.619647355163727
1594731039	5.0
1559273097	5.0
0374527229	3.0
014044906X	4.0
0316735043	3.0
0099448831	2.0
0312595689	5.0
081097052X	5.0
0060787112	4.0
1413313337	5.0
1931520062	4.0
0393068056	5.0
0385338724	4.0
0671047515	5.0
0143116916	3.0
0898707234	4.0
0373223285	4.0
039914675X	2.9999999999999996
0615814891	4.684408855393311
0451220803	3.0
0345301110	2.0
0615598528	5.0
0452256763	4.0
0375706682	2.0
0062202359	3.0
B00C2SNR12	5.0
045122129X	4.0
0841914060	4.0
0316777730	3.0
0140444203	5.0
B003BIGFSE	1.0
0385495056	3.0
0615817971	5.0
1454901276	4.0
0992504627	3.0
0060775181	4.0
0312421273	1.8636678200692038
0345441788	4.0
0373132085	4.0
0316089516	3.0
0307275337	4.0
1439152780	5.0
0316341517	2.0
1933821876	5.0
0393311147	5.0
0385527144	2.0
0061829838	4.0
006206777X	4.0
072788140X	5.0
0316099783	1.0
0743570537	5.0
B004JN0FEA	5.0
044650534X	2.0
0393065812	2.0
0061094129	4.0
0805080414	4.0
039304050X	5.0
0743469801	2.9999999999999996
006128856X	4.0
0141439602	5.0
0385532504	2.0
0967404053	4.0
0595440096	5.0
0385349408	4.239294710327456
1416558454	5.0
0143119168	5.0
0978924622	5.0
006075995X	3.760705289672544
0747549923	4.0
1888212284	5.0
0230108938	4.0
0940322889	5.0
0143112511	4.0
0330512706	5.0
1934230669	3.0000000000000004
0345461347	4.354600402955004
0767902386	5.0
0307460983	5.0
0452298563	5.0
0345335309	5.0
0345310020	4.579639691163854
B008LE00OS	5.0
1841767875	1.0
0671769561	4.0
1481809997	5.0
0679722408	3.0000000000000004
006085880X	5.0
1426202776	5.0
1741799961	5.0
0060093684	3.5699257425742568
0515126772	4.0
0375711163	5.0
0141023961	4.0
0060745339	4.0
0446601977	5.0
067973001X	4.0
0373131593	4.0
0307591409	5.0
0321205685	4.0
0141183756	5.0
0812970578	5.0
0143113046	3.0
1579622224	3.0
0679722416	5.0
0393045358	3.0
157687639X	4.0
006083482X	4.0
0743243749	5.0
0393060977	4.0
B0063782YA	5.0
000779021X	3.0
0670014656	3.0
0312342020	5.0
0399159215	5.0
0385504470	5.0
0786869089	5.0
054402883X	4.0
0143115693	5.0
1585427926	4.0
B008UGZV1Y	5.0
0143118722	5.0
0060932384	5.0
1442346272	4.012464046021092
0385336179	4.0
0375422218	4.0
0307934179	4.0
0679443746	5.0
0099461846	5.0
0987243012	1.0
0749953721	4.0
0465012760	5.0
0679722424	5.0
1570615578	3.0
0307407993	3.0
B009JYHT3Y	5.0
031604461X	5.0
0679776249	1.0
0913836869	5.0
0684829975	5.0
0312577869	5.0
B00CW22G4M	5.0
1595230270	5.0
1563054345	4.0
0062082507	3.0
0312168780	5.0
0399141928	2.0
0743427157	5.0
0312244967	4.0
0132931370	4.0
159058581X	3.0
0679722432	5.0
0778325687	4.0
0544002253	5.0
0812927362	4.0
0801026938	3.0
0812970586	4.0
0345440463	4.0
0310209307	4.0719459198454855
0385090021	5.0
1586422243	5.0
0062200577	5.0
0802881661	5.0
0975962531	5.0
0765300966	4.0
0898707285	5.0
B00DPZKAHU	5.0
0307588661	4.0
0312265867	4.0
0026009102	4.0
0312423055	5.0
1934137154	4.0
0761457143	5.0
0060977264	2.0
0812982592	4.0
1612000657	5.0
0743228154	4.0
1479383236	4.0
0684825538	5.0
0778315428	4.0
0451223896	5.0
0771046189	5.0
B00AMTL6V6	5.0
0307273563	4.276404494382022
006156284X	3.0
0987243047	5.0
0786711566	4.0
0316796883	5.0
067443000X	5.0
0671792768	4.0
031092605X	5.0
0802119913	3.0
0345442229	5.0
0061436860	4.0
B009XNG7RA	4.0
1455512613	4.0
0307381757	4.0
077832303X	2.9999999999999996
1250003164	5.0
0393068005	4.732692307692308
0451221249	4.0
0452267455	4.0
0312662963	5.0
B00CCBE1ZA	5.0
0007441290	4.0
0141439688	4.0
B00DK8L8Z0	5.0
0141975652	3.3708086785009863
068481224X	2.0
0307273571	5.0
B00AQUTOJW	4.0
0873642155	4.0
1590513398	4.0
B006H4DBA4	5.0
1596914807	2.0
0451213653	4.0
0615639011	5.0
1444707264	5.0
0312265840	4.0
0446524484	4.0
0470636246	3.0
140006676X	1.0
0316036196	2.0
188790400X	5.0
1400033888	5.0
0446697591	4.0
0345804589	5.0
1596985186	5.0
1569714029	1.0
0743249070	5.0
0198711905	4.0
0451221257	5.0
0143115626	4.0
0307277941	4.493767976989453
0451202996	4.0
0312274793	4.0
0306809060	2.0
143916827X	5.0
1250049377	3.0
0156030985	3.0
038551641X	5.0
0446616176	2.9999999999999996
0312265859	4.0
0307360814	4.471252566735113
0688097235	5.0
0380723085	4.0
0684829924	2.0
0345528921	5.0
0805091920	2.9999999999999996
0451411773	4.0
0743253388	5.0
B006T3TO4A	4.0
0385494602	4.0
0879738510	5.0
0399150374	4.0
0821778080	4.0
1444727338	5.0
0743244427	5.0
0307456625	3.4424398625429546
0399149392	4.0
0060510609	4.0
0553806785	5.0
0345342445	2.9999999999999996
1451640013	5.0
0486272745	5.0
0571221858	4.0
0060555513	2.9999999999999996
0743499603	4.0
0316069434	5.0
0452284546	5.0
0060761407	4.0
0817949127	5.0
1559706414	4.5575601374570445
0060957867	5.0
0061582573	5.0
0385660065	5.0
0425193500	2.0
0375725601	3.949866310160428
0060722282	3.0
0141180633	2.9999999999999996
0061010995	2.9999999999999996
0060924926	5.0
0312348649	4.0
0399149368	4.0
1402758901	5.0
0385504519	4.0
0375725628	5.0
0141188596	5.0
0345421329	5.0
0385517831	2.0
0449237567	5.0
0312324669	5.0
0399137378	2.0
0786866640	5.0
0547554435	4.0
037571362X	3.0
0671027662	4.0
0151006725	4.0
0446694304	2.0
0226805328	5.0
B008IUVDHS	5.0
0375409289	3.0
1590583140	5.0
0316078395	5.0
B008R3HH44	5.0
0865479100	3.0
0143121944	5.0
1938170156	4.0
0679761047	4.0
0618446966	5.0
0156005891	5.0
0809076098	3.0
0312424094	4.0
074329033X	4.0
0385618506	3.0
1611090997	4.0
0743529138	4.0
B009RESZ6G	5.0
0307879852	4.0
0743597222	3.0
037542315X	3.0
0451219260	4.0
0060936959	4.0
1593274254	5.0
0425263908	4.0
073948804X	5.0
0240815092	5.0
0751551678	4.0
0802118771	5.0
0679411763	4.0
0553381210	4.0
067155302X	5.0
1451642636	5.0
0151014388	4.574380165289257
0425269205	3.0
031623480X	3.0
1583144706	4.0
1594480419	4.0
1416925252	4.0
0979402808	4.0
1439102430	5.0
0300137540	5.0
0684807610	5.0
0375411569	4.0
0091883768	3.0
0679729771	4.0
031621082X	4.0
0399141464	1.0
0316001821	4.134878819810326
0307454894	4.311241610738255
1439190135	4.0
1493635913	5.0
0753823152	5.0
0679444637	4.0
0140012486	4.0
0816053324	5.0
1482367955	4.0
0805210555	4.0
0143038109	4.0
0812978951	4.0
0312326408	5.0
0062049801	4.0
0739458213	5.0
0140248927	5.0
0976118106	1.0
0152465030	4.0
0375700374	5.0
0547516177	5.0
0385521065	1.0
1439102414	3.0
0786183616	5.0
160819938X	3.0
0441007317	5.0
0860916766	4.0
0465007201	5.0
0743257758	5.0
1250008468	4.0
0334028566	5.0
1400095808	2.0
1580089070	4.0
1435243862	5.0
0345518845	5.0
0446530085	5.0
0330493108	4.0
0307740994	3.4110135674381485
0143035096	4.0
0805095446	4.0
0312348665	4.0
1402780869	5.0
0060085444	4.0
0451213920	4.0
0151013047	5.0
0345468031	4.0
B00D7NGESE	5.0
B009JGYLA6	3.0
015101387X	4.0
B00F6P2KX4	5.0
0760325766	4.0
1401943276	3.0
0307740986	2.0
0743272501	4.0
0385343248	5.0
0375756752	1.0
3836525194	5.0
0380731398	5.0
155597483X	4.0
0316015644	3.574380165289256
1932958010	1.0
0446614262	4.0
0571225373	3.1410635155096016
0385509359	4.0
0465002374	5.0
0975264028	3.0
1402255497	5.0
1594487081	4.0
0684843323	4.0
0307932583	4.0
0679785892	3.9005830009205287
0764202618	2.9999999999999996
0312421877	3.0
0895260034	5.0
1570580359	5.0
0385263481	5.0
0330390287	5.0
0451205448	4.0
0312420544	5.0
1556526024	4.0
0553211951	5.0
B00I3E2E9K	5.0
0451229444	5.0
0061095052	4.0
0802714587	5.0
014062029X	4.0
0316096199	5.0
0373881010	4.0
0691050627	3.0
0385417101	5.0
0345528204	5.0
0141012250	4.0
0307908003	4.0
0143170090	4.105537280701755
076532797X	4.0
014303457X	5.0
0671009826	4.0
B009CJ5REY	3.6311822892133776
1594203369	5.0
0451229452	5.0
1586483277	4.0
1608192733	4.0
0312375417	3.0
1459708016	4.0
0684857960	5.0
0743247515	4.0
0446401269	4.0
0061537934	4.0
145588426X	2.9999999999999996
0440225825	4.0
0316602906	2.0
0767930576	3.0
1596980494	5.0
0881501972	5.0
1594483507	5.0
067145711X	5.0
0312424922	5.0
0385514727	5.0
159420201X	5.0
0316014303	2.0
0316219223	4.0
1582346305	4.0
0801021804	5.0
0743267117	5.0
0312375425	4.0
0525948406	1.0
039914014X	4.0
0980245575	5.0
0743222245	5.0
189162041X	4.0
0099282194	5.0
0891418873	5.0
0099406136	1.8636678200692038
0060534621	5.0
0330439693	5.0
1449966128	5.0
0061673889	3.0
0547640978	4.0
0307700003	4.0
0345491254	5.0
0307713318	5.0
0062105620	4.0
067157521X	5.0
0778300676	4.0
0373713525	4.0
0672523833	4.0
0898705533	4.0
1444724266	2.0
1419707264	5.0
0898706866	5.0
0385509316	5.0
0062238396	4.0
0061438596	4.0
0425230155	5.0
0385338708	4.0
0307277488	5.0
1400064708	5.0
0452288940	4.0
0440504708	5.0
039592720X	4.411070780399275
0061953776	3.0
0349131481	4.0
030733855X	5.0
0446616869	4.0
1479330027	5.0
1250012570	4.0
0446532681	4.0
0618721940	5.0
0060096195	5.0
0609803875	5.0
080103602X	5.0
0307379086	5.0
1590200918	3.0
0345427505	4.0
0470289066	5.0
0312384335	5.0
0761462392	5.0
0195306686	4.0
0312352743	3.0
0316033499	4.0
0618646531	3.0
B009P0OXS6	5.0
0143038990	3.4617737003058107
1250044103	4.43313708999159
0470553731	3.0
B00DVZSR1A	2.0
1419683667	5.0
0395937477	5.0
0385509332	5.0
0743225325	2.0
0385518293	5.0
0451217454	4.0
006112107X	4.0
0345450736	4.0
0399156526	4.0
0140187464	5.0
0786714387	5.0
0316219266	3.0
030726419X	4.0
0451208501	4.0
073932506X	5.0
0312351429	4.0
B00A3Z78C0	5.0
0141002018	2.0
0812976363	4.5889864325618515
0575018712	3.0
1455831735	1.0
087011851X	2.0
0929712714	5.0
081121592X	4.0
0142003697	4.0
0099450259	4.6676605504587165
0547519273	3.0
1451609213	4.0
0060756969	5.0
0061253774	2.0
0811862976	4.0
0820346004	4.0
0316176486	3.0
0849957680	5.0
0201567512	4.0
0307463729	4.0
0307352099	5.0
1594036659	4.0
1445603837	5.0
0143114891	5.0
0143170104	4.774626865671642
0933932049	5.0
0307473996	5.0
0312424868	4.0
0316097446	2.6424418604651163
0307265439	4.336305732484077
006072174X	4.0
0816689407	4.0
0061873470	4.0
0307932508	4.0
0007337701	5.0
0312857586	4.0
0300140223	5.0
0451222091	4.0
0345303636	5.0
0062120395	5.0
B004Q3RMR6	2.0
0679454918	4.26978021978022
044617792X	2.0
0739339656	3.0
B004YXFTNM	5.0
0764226630	2.9999999999999996
0312354568	4.0
0851517404	5.0
0060391626	5.0
1585742899	4.0
B009TI07IY	4.0
0805242953	4.0
0143121162	4.0
0062236679	5.0
0786867175	4.0
0802170420	3.0
0156226006	2.9999999999999996
0778325954	4.0
0441000681	4.35373317013464
0316007994	5.0
0399143130	4.0
030680977X	4.0
0811215059	4.0
0982526008	4.0
0786814667	4.0
0316211222	4.0
1595551077	4.0
0767930509	5.0
0765347504	4.0
0307266745	5.0
0803276311	5.0
0140249435	5.0
031601558X	5.0
0778313980	5.0
0345452550	4.0
0061864501	4.0
B0051ACN1I	5.0
0743407059	4.0
0449807819	4.0
0761461140	5.0
0943151163	1.0
0451203771	5.0
0425263150	4.0
0982526016	5.0
158648026X	3.0
B009UPE4K8	5.0
0316097462	4.0
0671739166	4.0
0192839993	4.0
0316014230	5.0
0307987647	4.738872403560831
0553100203	2.0
0758206097	4.0
0394281225	4.0
0307381463	5.0
0307700887	5.0
0345369432	4.0
014311350X	4.0
0679446478	5.0
149124867X	4.0
0312384394	4.0
0143038923	5.0
0553108174	4.0
0671036505	4.0
B004PVSPKM	3.0
0520258320	3.0
0316399612	5.0
0385314698	3.0
0316097497	4.0
0140455620	5.0
038533429X	5.0
1598879251	3.0
0330317547	5.0
1423377109	5.0
1934157457	5.0
0312252846	2.9999999999999996
0195064712	3.0
0307932540	5.0
0788146653	4.0
0140282033	4.579387186629527
042519406X	4.0
0151013977	2.0
0143038931	4.0
B008TA81Z4	2.9999999999999996
0312087012	4.0
1594205167	4.0
0151787336	5.0
1416509437	4.0
0810914301	5.0
0061782238	4.0
0142429104	4.0
0316789844	2.9999999999999996
0571205828	4.0
0307346226	4.0
0975546406	3.0
4770030134	4.0
1605984116	4.0
0306816083	5.0
0833029983	5.0
0099574918	5.0
0375726179	4.0
0843961139	1.0
B006SPE64C	5.0
0767926439	3.0
0142418471	4.0
0130676349	3.0
0679768548	3.0
0312423586	4.0
1566251826	5.0
067976853X	3.0
1623651433	4.0
0547844581	3.0
0123748569	4.0
0670023094	5.0
0802119166	5.0
0062121693	1.0
0060758759	5.0
0142004030	5.0
1464201455	2.0
1594202907	3.0
0778312690	4.0
1569471932	4.0
0143114816	5.0
0553251996	5.0
0307744434	4.745362563237775
1451610289	4.0
0192830740	5.0
0812978145	3.0
0679643745	4.0
0140153195	2.0
0922915865	4.0
0307720454	4.0
0385507607	3.0
0813210836	4.0
0671520954	4.0
0099558068	4.0
076792200X	4.0
0425220818	4.0
0385324057	4.0
0671201581	5.0
B00AAFHSGO	5.0
0374292795	3.7172701949860727
0061133884	5.0
0470044950	1.0
0307379973	2.0
0330421573	5.0
077832334X	5.0
0312332343	4.0
0399151613	4.0
0862419964	5.0
0393070654	3.0
0140077030	4.0
1609803639	3.0
1559708204	4.0
0345546881	5.0
193421759X	5.0
0974636711	2.0
0316159972	5.0
1583147861	4.0
B00486U5DY	5.0
1439140634	1.0
0060884320	4.0
0375508651	4.0
0812971531	3.0
0230760813	4.0
1602396566	2.9999999999999996
0060175400	5.0
0199738661	5.0
0316678104	4.0
0972458689	4.0
0060585439	5.0
0751536822	4.376705141657922
0812975928	4.0
0195181409	5.0
0099448793	2.992192192192192
042521107X	4.0
0385340990	4.696989966555185
0385260431	4.0
0307712842	5.0
0307593924	4.5575601374570445
0374275637	4.0
0006550436	4.5681660899653975
031622328X	4.0
0679451005	4.568274734260016
0142001805	4.077954048140043
0802132189	3.0000000000000004
0470189142	4.0
1416572449	3.0
0451219279	4.0
0060855894	4.0
1416552847	5.0
0061687545	3.0
0615445306	5.0
0061340634	2.9999999999999996
1450497101	4.0
0312427999	1.0
1583147837	2.0
0399155198	4.0
1490371788	4.0
0811216306	4.0
0778315762	5.0
1573221937	4.0
0679407731	4.0
0385498241	5.0
1492747890	5.0
0143038044	5.0
0307408973	4.0
0374275629	3.0
1582433216	4.0
0765315025	4.0
0375507345	4.0
1434768473	4.0
0307406318	5.0
0465024637	4.0
1118779614	5.0
0486426939	5.0
0399152997	4.0
0786863625	3.0
0399148019	5.0
0446579246	3.158774373259053
0231083734	4.0
030726369X	4.568274734260016
140135209X	5.0
0312590733	5.0
0671027638	2.0
B004V9HL7G	5.0
0670037621	4.0
0312426682	4.0
0060737875	4.0
0142001821	4.0
0195159543	5.0
1582340285	2.0
0956974201	2.9999999999999996
0451232232	4.0
0061967556	4.0
0385315147	4.0
0393080021	3.0
B00DAK6US8	3.0
0307378683	5.0
0062015664	5.0
0982526024	5.0
0297863924	4.0
037541455X	5.0
0671015648	5.0
0312203039	4.0
1400113245	5.0
0446696161	4.0
0802144160	4.0
0374157618	4.425619834710744
0316097403	3.0
037540256X	5.0
1933615184	4.0
1476746583	5.0
1583147810	2.9999999999999996
1582345961	4.0
048628039X	3.0
0425086569	4.0
0739357417	4.0
0767915747	4.0
0812975936	4.0
0989282716	4.0
0399149325	1.0
B008MINPHW	4.0
1596910577	5.0
0609610627	4.0
0143117939	1.0
0764200046	5.0
0312424035	3.0
0375432183	5.0
0140440577	5.0
1741798981	4.0
1889334316	5.0
0671516884	5.0
0895260905	3.0
0307275639	5.0
B004UIZYFY	5.0
0425261336	4.0
1401928463	4.0
0312552262	4.0
0764200054	4.0
0345452593	4.0
0061351326	5.0
0810959275	5.0
0449911888	5.0
0061175692	4.0
0316010707	5.0
1594487111	2.0
0060562773	4.0
0451215702	2.9999999999999996
0312203063	4.0
0385503245	4.0
0375761322	5.0
0615337589	4.418229166666666
0373130899	4.0
0618509283	5.0
0312278586	5.0
161218202X	3.0
0595429831	2.0
0061230936	3.0
0312315856	4.0
0451221427	4.0
080101171X	3.0
0446526916	2.0
0786862181	4.0
1467561193	5.0
B00CBZB62I	4.0
0446670235	5.0
0449000729	4.0
0307984737	3.0
0140286276	4.0
0312862113	4.0
0307276902	2.0
0446563099	3.0
0525425977	2.9999999999999996
014104022X	5.0
0743298160	4.0
1453662464	3.0
0310330718	4.0
0684854759	5.0
0393079872	3.0
0312429886	4.0
0373711034	4.0
0980076323	5.0
0201408252	5.0
0307272559	5.0
0375714839	2.446305418719212
0394446291	5.0
1449370195	5.0
B00AZO8TPO	5.0
0062246933	3.0
0307716333	5.0
0345469402	5.0
0375504338	4.5889864325618515
0425262758	4.0
0316204269	4.130715123094959
1742200397	5.0
086716879X	5.0
0553385526	5.0
0830718982	3.0
0307452360	3.3745498199279713
0425244083	1.0
0810996170	4.380352644836272
0060393491	4.0
0671747584	4.0
0375726829	2.0
0446563072	5.0
0061246492	1.0
0810932962	5.0
1586485172	5.0
143918903X	5.0
0307984761	5.0
0060518499	4.0
0981584330	4.0
0812975995	5.000000000000001
0231128444	3.0
0140187537	4.0
0060760222	5.0
0446364762	4.0
1602397910	5.0
0984692355	4.0
0765304368	2.9999999999999996
0979047080	5.0
0312379005	4.0
0553805304	4.0
0393071952	1.0
140130110X	4.0
0399153322	1.0
0140172459	4.0
0316010677	4.0
1579180086	4.0
0767921763	3.0
0811215865	5.0
0385513534	2.9999999999999996
B0064P2L9I	4.0
0307378721	5.0
0060760257	4.0
1405000325	5.0
0805096663	5.0
0307886263	4.0
042519499X	4.0
0393065286	5.0
0307718964	4.0
0061122416	2.255706443224502
0061147710	4.0
0345547497	5.0
0141020644	5.0
B00COAAH70	5.0
0312347480	4.0
0451222725	4.0
0898709199	5.0
0393057658	4.0
0060839880	1.0
0312428596	5.0
1413308953	3.0
1477805869	5.0
0395080746	5.0
0425203565	4.0
030758836X	4.619647355163727
0521860016	5.0
0812415736	1.0
1892145529	4.0
0718157168	3.0
0345803507	3.876516464471404
0316210986	4.0
1590203240	3.0
B004MDLXXE	5.0
1591840880	5.0
0312347472	4.0
0375411437	4.0
0374161623	4.0
0300179472	4.0
0307951820	2.0
0671793489	4.0
1439102309	4.0
0375505636	3.0
0151014248	2.9999999999999996
0895557967	4.0
0099481243	4.0
0778325091	4.0
0345479653	4.0
0307946495	5.0
0312667574	2.0
0312853238	4.354600402955004
0743266587	2.0
0316010669	3.248088685015291
1440503257	4.0
1931018170	5.0
0547572174	5.0
0307272532	4.0
0676978584	4.6162034299231225
0061177598	1.5811417575368825
1594865671	5.0
0974789518	5.0
1590587413	5.0
0615495486	5.0
0449911004	4.0
0393065251	5.0
0060581778	4.0
0385514816	4.0
0671606816	4.0
B005U3HPNC	2.9999999999999996
0743295986	4.0
0451209702	4.0
0738801518	4.0
0192833723	4.0
0312371152	5.0
0307718921	4.0
0133133710	4.0
0399153357	2.0
0975900935	3.0
0393064778	5.0
0752454048	4.0
0385509480	2.0
1433681846	3.0
006074068X	4.0
0307270777	3.0
037570504X	4.214103382259093
0312194390	5.0
0140264078	4.53822629969419
1572641584	5.0
0985311045	5.0
031609739X	3.0
1439153027	4.0
0595305873	2.9999999999999996
0060514957	4.0
0986023884	5.0
0312610602	5.0
0345531973	3.0
0156494477	4.0
0440241162	3.458149779735683
0805080295	3.0
0060903252	5.0
0743497155	3.0
0984692371	3.0
1400067030	5.0
0451531388	2.0
0547229895	5.0
0974789569	4.0
0060826568	4.425619834710744
1590176189	5.0
0142003786	4.0
159276245X	5.0
0425191060	3.0
1841956422	3.425619834710744
0446554995	3.0
0385336829	4.0
0345531965	3.0
0983428050	4.0
0786866586	2.3555729984301412
0425217299	5.0
0981963196	5.0
0060927216	4.6145209580838324
0765312794	4.0
0892831243	5.0
B0072AR856	5.0
039333399X	4.0
0385535775	2.0
0230014801	4.0
0192831992	2.9999999999999996
0375705074	2.0
0099908506	4.613752743233358
1451682824	4.0
0307379183	5.0
0300122551	2.0
0307960722	3.0
0226020452	5.0
0670021962	4.0
0714531146	5.0
0307596850	1.0
0373837690	4.0
0142180815	5.0
1416538704	3.0
0452274400	4.0
077043715X	4.0
0307267148	4.0
0345543971	5.000000000000001
0061031127	4.0
0345423291	5.0
0062237187	5.0
0615492398	3.0
0679734163	3.0
0385517068	4.0
0399152067	5.0
B00589BB56	5.0
1476730318	5.0
0307596869	3.0
0312430027	4.0
0812977793	5.0
B00BSXNZFU	3.0
1594204594	4.0
0340839937	2.0
0312379080	2.9999999999999996
0140293442	4.0
0140107479	2.7087608524072615
0679781382	4.0
0544047745	3.0
0743246136	5.0
0312243022	5.0
1559705809	5.0
0553268929	5.0
0316198730	3.0
1598168525	4.0
0345341007	2.9999999999999996
0399145761	3.0
0345491351	5.0
0140445358	5.0
B004UICU42	4.0
0778328198	4.0
0691149097	5.0
0394480171	4.0
0984674500	3.0
0143038869	5.0
1585426393	5.0
1118396448	4.0
0451218671	4.0
0399139087	2.0
1594483655	5.0
1401322905	5.0
0802119328	5.0
1400068398	4.0
0316525650	4.0
0345481100	4.0
0307388913	4.0
0385517084	3.0
0307388921	4.0
0821776126	4.0
0345528379	4.0
0684824906	5.0
0312430051	4.0
B00GV1LA1A	4.0
0743255054	5.0
B00K6GZJ68	5.0
034553199X	2.9999999999999996
0224096397	3.0
0307701220	5.0
1586170430	5.0
1400034183	4.0
0719564476	5.0
1463799268	5.0
1558324089	4.0
0451417631	5.0
0809094827	4.0
0446527327	4.0
0470889284	5.0
061805703X	4.0
0394580230	5.0
0393060349	4.306974858069749
0375422838	4.0
0060926791	4.0
0743296435	4.0
0307385906	4.158225637443241
1920143319	4.0
038534743X	2.0
002025900X	5.0
0785270221	5.0
1573221872	4.0
B007J7BH4K	2.9999999999999996
0762764155	4.0
0393338843	4.0
0316955132	2.9999999999999996
B00CMJ90M6	3.0
0974827401	2.9999999999999996
039575514X	4.0
0547225490	5.0
0451202341	5.0
0345438329	3.0
0778312518	4.0
1118018516	4.0
1468112066	3.0
0385335482	4.338521400778211
0385509529	5.0
0449911942	4.0
0399143041	1.0
1413453767	5.0
0006551807	4.78986434604556
0380819732	2.9999999999999996
0385334117	4.0
0451225007	4.0
B006X6QIP6	2.0
0393039765	1.0
1596911182	4.0
0778312526	4.0
0345497538	4.0
0802120245	5.0
0451239652	3.0
0385511841	4.0
0425194183	4.0
0061133930	4.0
0449911977	2.0
1118532783	4.0
081120118X	5.0
0545044251	1.0
098902590X	4.0
0061733148	4.0
0321026896	5.0
B00BE9DNEG	5.0
0552775541	4.4679752066115705
0385523823	5.0
0452264138	4.0
0399145672	2.9999999999999996
0373124201	2.0
0425209717	3.0
1594205027	4.0
B00EJ1LH58	5.0
0316166316	5.0
0345438310	5.0
1583147799	4.0
0151001820	3.0
0316955108	4.389955686853766
0141439807	5.0
1586484753	5.0
0156012979	5.0
B0078GIUG0	4.0
1461036348	4.0
0099445549	3.0
0060575913	3.0
0451216954	4.0
030727070X	3.0
0345485572	4.0
1592401031	5.0
0099478447	3.0
0062030310	5.0
0099478420	5.0
0399146113	5.0
0316065781	5.0
0373836406	4.0
1400052793	4.0
0307879178	4.0
0316101842	2.0
038079487X	5.0
159403236X	5.0
1493625810	3.0
1615845658	5.0
0375506160	5.0
014143984X	4.461773700305811
030728090X	3.3030100334448163
0307279936	2.0
0679769781	1.0
1933615907	4.0
0618418865	5.0
0451196856	5.0
0375422889	4.0
0330258648	4.0
0143113623	5.0
1478310960	5.0
0064407691	4.0
0316955175	5.0
0812978250	5.0
0988877104	2.0
0007124015	4.523295454545455
0230621236	4.0
074326049X	5.0
0316097365	1.0
0140280189	5.0
0385511809	3.686070686070686
0764553917	4.0
0743496701	2.9999999999999996
0465011233	5.0
0375413189	5.0
0679727914	3.0
0393064727	2.9999999999999996
0060930829	5.0
0312554184	5.0
0684855100	3.0
0061941026	3.0
0805076158	5.0
0345504348	4.0
0688060129	5.0
0374503486	4.282729805013927
0743284437	4.0
0452287677	1.0
0375866272	5.0
0515101222	4.0
1780760167	4.0
0143035762	5.0
0060684127	5.0
0739359339	3.6025164426651415
0312379935	4.0
076145165X	5.0
1579651348	5.0
0312554168	4.0
0060780770	1.0
0452295297	4.599884858952216
B00COMWJDS	5.0
0312339046	4.0
0307957934	4.0
0714845310	3.0
0802119298	5.0
1589792378	5.0
080211928X	4.0
0393050939	4.0
1414385544	4.0
0451213882	4.0
0971249180	1.0
0316206822	4.0
1583147748	4.0
1616083166	2.9999999999999996
1594631964	4.0
030735346X	5.0
0307352137	3.0
0316056863	4.0
0312853254	4.0
0972697810	2.9999999999999996
0425113671	5.0
0399160450	3.0
0743496728	5.0
1469226456	5.0
0553585800	2.0
0684873893	5.0
1480146994	5.0
0547807686	2.0
0312364083	3.0
0671003755	4.158774373259053
0061177571	5.0
0778324575	4.0
0307377423	5.0
0505526840	2.9999999999999996
B003N2Q5RY	5.0
0006514006	3.9235474006116213
097869290X	5.0
1416552944	5.0
0060560053	4.0
0679733787	5.0
0060527463	5.0
0375423303	4.0
0765317583	2.0
158333291X	5.0
0316206849	3.3541829554339326
0007444117	1.0
0465020143	5.0
0982731639	4.0
0671036645	2.9999999999999996
0151014280	5.0
0061584444	4.0
0375507477	3.0
1478224568	5.0
0142001929	3.0
0307275558	3.3803526448362717
0449912426	5.0
1416550305	3.0
0345803450	4.63435148295706
1844153398	5.0
0373262604	5.0
0446525537	5.0
1583147713	2.0
0312368461	3.0
0141039280	4.5919483101391645
0373131356	4.0
B0091UK4Q0	5.0
1615390383	5.0
0307263517	5.0
0156027135	5.0
0310437458	5.0
0931888484	5.0
0977199274	5.000000000000001
0099525259	5.0
1449377564	5.0
0230609503	2.0
0151446474	4.0
0375424652	4.0
0425203581	2.9999999999999996
0060505222	5.0
0615443435	5.0
0142800155	4.0
B00558UL38	4.0
B007EE4VGO	5.0
0553109537	5.0
0811866572	4.0
0307743896	5.0
0007386648	4.461773700305811
0156028433	3.0
1591024366	4.0
0306803542	5.0
0393089134	2.9999999999999996
B005GQ40H2	5.0
0743262298	2.0
0385530935	4.0
0618104690	5.0
051512219X	4.0
0425262766	4.0
B0082FVTBE	4.0
0060977493	4.239294710327456
1585420263	4.0
0553385534	1.0
1416572570	4.0
080212206X	5.0
0312429835	4.0
1565849949	5.0
B004Z4VNXA	5.0
0812932927	3.0
0310271053	5.0
140006788X	4.490725126475549
0007148089	4.0
0345803485	2.5803991926440903
174220466X	4.0
0618433600	5.0
0143112368	5.0
0809016494	4.0
0452261910	4.0
0814610250	5.0
0451204948	4.5681660899653975
0765342537	2.9999999999999996
0385337272	1.0
0399160477	4.0
B006QRBG2W	5.0
0060736682	5.0
0819222038	5.0
0862321107	5.0
0375409084	5.0
0330423452	5.0
0451225856	4.0
0374281378	5.0
0451213890	4.0
1594862559	3.0
1586482939	1.0
0345803493	3.360485268630849
0385519702	5.0
0061133973	4.0
0452282829	4.420612813370473
0307264882	4.608598962194217
085170932X	2.0
1608190188	2.0
0802118801	4.0
0345463366	4.0
0471694797	5.0
1624908705	1.0
156025355X	5.0
