0140445056	NaN
1883691001	NaN
0060852550	NaN
B00AR6ZB60	NaN
006001203X	NaN
146108086X	NaN
B00HG2KNE8	NaN
B009Z7903M	NaN
0974657387	NaN
1444727338	NaN
190809608X	NaN
0805093079	NaN
0385339151	NaN
B000JD7SY4	NaN
B004FN2DFI	NaN
B00DRHKWC4	NaN
0385231822	NaN
0062227289	NaN
055380653X	NaN
0981871488	NaN
0520204204	NaN
1490337016	NaN
0380834448	5.0
1469218208	NaN
0615706878	NaN
0312427581	NaN
1586172956	NaN
1591609011	NaN
0486431681	NaN
0002555166	NaN
0671747231	NaN
0062220683	NaN
037543318X	NaN
0143037455	NaN
0470623322	NaN
0060565551	NaN
1463705433	NaN
141654383X	NaN
B00IGB0RSK	NaN
0140277447	NaN
1493767526	NaN
0312979975	NaN
014014739X	NaN
B008BSB9K8	NaN
B00G4UH0XU	NaN
B00817F90U	NaN
0982280009	NaN
B00DM0GH9S	NaN
0140434135	NaN
0140185232	NaN
0552143901	NaN
0312199783	2.0
0786838183	NaN
067122350X	NaN
0062075942	NaN
0373796501	NaN
616904621X	NaN
1596988126	NaN
046508995X	NaN
0307941922	1.0
0316010790	NaN
0985318856	NaN
0345388232	NaN
0385470436	NaN
1594030871	NaN
1494215195	NaN
0736938664	NaN
0140185887	NaN
1477679995	NaN
1595547088	NaN
0156005832	NaN
0446535788	NaN
0425222195	NaN
0192854585	NaN
B009CGA5BM	NaN
038547041X	NaN
0615786596	NaN
1586176277	NaN
1626810516	NaN
B009JD4LMW	NaN
161614551X	NaN
0345434684	NaN
0307396045	NaN
031621082X	NaN
125000098X	NaN
0786891424	NaN
0880015764	4.0
B00L3U9OCG	NaN
1463518293	NaN
B0068RXHJU	NaN
1588140199	NaN
014044615X	NaN
0199535620	NaN
061579615X	NaN
082177848X	NaN
0786020423	NaN
0345523199	NaN
144054073X	NaN
0385343663	NaN
1940734142	5.0
1586175157	NaN
0316055433	NaN
B00F4M9IO8	NaN
0743290313	NaN
0739458213	2.0
0007327064	NaN
1596142103	NaN
046500525X	2.0
1580084621	NaN
0061662585	NaN
0786891432	NaN
B008BWR28C	NaN
1601630956	NaN
1608198065	5.0
0312551215	NaN
0865477361	NaN
B009W3QEHO	NaN
1490363343	NaN
0825441927	NaN
1481815571	NaN
0143144200	3.0
1596062983	NaN
0345491882	NaN
0984875514	NaN
0307396266	NaN
0440242738	NaN
0152023984	NaN
0486420116	NaN
0061886394	NaN
0312340702	NaN
B00CO7GN1W	NaN
0141185260	NaN
0140445455	NaN
B005FG163Y	NaN
B00BGTT2RG	NaN
1439145776	5.0
0985420502	NaN
0898703166	NaN
0330419129	5.0
014241509X	NaN
4789014401	NaN
0307476073	2.0
0060652942	NaN
042524699X	NaN
0310266335	NaN
0316545120	NaN
0578084899	NaN
0313348227	NaN
1495435792	NaN
0140448950	NaN
1456486438	NaN
031236038X	NaN
1479190217	NaN
146109111X	NaN
0373247648	NaN
1453812954	NaN
0451461606	NaN
B009B11BKW	NaN
B00GXDQKZW	NaN
0143037889	NaN
0060925175	NaN
0373892144	NaN
0373656610	NaN
0451229444	NaN
0312938810	NaN
159698001X	NaN
B00BOZ8MYG	NaN
0312857063	NaN
0393062481	NaN
0385523416	NaN
1587312565	NaN
1400203732	NaN
0345528204	NaN
0745953034	NaN
0380732262	5.0
0967967503	NaN
B00DHVERWQ	NaN
B003UV98M2	NaN
0895260263	NaN
146113613X	NaN
0486460363	NaN
0465054803	NaN
1586170341	NaN
0679783229	NaN
0983943729	NaN
0674002903	NaN
1594170797	NaN
B0053ZGAW4	NaN
0747263175	NaN
193736108X	NaN
0393052419	NaN
B00GBHW9L4	NaN
0800719719	NaN
B002AJ7X2C	NaN
1594033757	NaN
1421508257	NaN
0061985120	NaN
B00CHEP002	NaN
0486448037	NaN
147674355X	NaN
0898707749	NaN
0547745524	NaN
0545265355	NaN
B00HHD6KJ8	NaN
0821768433	NaN
1594034605	NaN
B00EMG3A00	NaN
0615626432	NaN
B00D1A8R88	NaN
B00B0V6OXA	NaN
006177104X	NaN
1401340881	2.0
0981608744	NaN
0892819049	NaN
0982523300	NaN
0061472786	NaN
1940095107	NaN
0446579920	NaN
1440446458	NaN
0394726251	NaN
080101204X	NaN
0307578070	NaN
0765317710	NaN
1931018480	NaN
0307956350	NaN
0811212882	NaN
1594032408	NaN
0307745384	NaN
1594032645	NaN
0199268851	NaN
B00E5S0ITG	NaN
1893896242	NaN
1416539905	NaN
0425223434	NaN
1416984488	NaN
1593270291	5.0
0060753676	NaN
0811203506	NaN
1492791199	NaN
0226204006	NaN
0316308935	NaN
0615579930	NaN
1477848851	NaN
067104155X	NaN
B00FP4S6E8	NaN
1594033722	NaN
1468102494	NaN
B00BZAAY5K	NaN
0385495315	NaN
1567923852	NaN
1481930303	NaN
0143143743	NaN
B009UX5G0W	NaN
1461057000	NaN
1935191756	NaN
0060928239	NaN
0679433139	NaN
0807504874	NaN
1494715570	NaN
B006J8QAOW	NaN
1423624262	NaN
1468161660	NaN
B004Z1FQ0O	NaN
074758012X	NaN
0758213816	3.0
0399257268	NaN
015600609X	NaN
0099463555	NaN
0312570236	NaN
0226493113	NaN
145160811X	NaN
0425243001	NaN
0140187456	NaN
1466381213	NaN
B00C2YRAQE	NaN
0739828371	NaN
0982611927	NaN
0307277674	NaN
B00A42GHTC	NaN
1843109174	NaN
1601547803	NaN
1477511520	NaN
0425217248	NaN
0983155402	NaN
0375708707	NaN
0140195815	NaN
0310330149	NaN
0806111917	NaN
B00EDTQO8Q	NaN
0451465261	NaN
0767928881	2.0
0684813637	NaN
0316154695	4.0
0062286706	NaN
1439172072	NaN
0192839780	NaN
B00J8UC600	NaN
0143170104	NaN
0316119202	5.0
0898706041	NaN
0007162219	NaN
0393060454	NaN
1927036380	NaN
1470107163	NaN
B00DKAQ9JS	NaN
0373802935	NaN
1494763281	NaN
0345500911	NaN
1591025915	NaN
0679738711	NaN
1452604010	NaN
0963942948	NaN
0830837426	NaN
0840758715	NaN
1484893344	NaN
B005M3IN72	NaN
0385339925	2.0
1483903869	NaN
B0050W9FZO	NaN
0898707102	NaN
1441812660	NaN
1451638884	NaN
1483948978	NaN
0151008116	NaN
1594036632	NaN
1477817158	NaN
1939962323	NaN
0373802927	NaN
0310276438	NaN
0938501526	NaN
0547662424	NaN
0140434941	NaN
0800720415	NaN
B00747G2YA	NaN
1596985887	NaN
0671315285	NaN
0300111908	NaN
0756409446	NaN
1481213229	NaN
158617696X	NaN
B009CLS1KO	NaN
B0039GL2JK	NaN
B00FIPCLG8	NaN
0062007688	NaN
1594032025	NaN
B00C53PC7Q	NaN
0029227968	NaN
1939962315	NaN
0452252288	NaN
1490521844	NaN
0140282025	NaN
0385660804	NaN
0198235453	NaN
1455163511	NaN
0800718798	NaN
0449909719	NaN
1420894609	NaN
0971843120	NaN
1477809783	NaN
0143122231	NaN
030795563X	NaN
1604023953	NaN
B008IL48BK	NaN
147832967X	NaN
1594036616	NaN
B00IKW40N8	NaN
0385015364	NaN
1935589679	NaN
0142002070	NaN
0688119131	NaN
B00C5RY1G0	NaN
0976405903	NaN
1612184944	NaN
0971843112	NaN
0156029022	NaN
B00CKF3EEW	NaN
B003N2QTTS	NaN
1479348988	NaN
0688135633	1.0
0778324893	NaN
0373247575	NaN
B00IMIQTXY	NaN
B00DI9D5O8	NaN
0739456741	NaN
0224081411	NaN
0758222580	NaN
B00E7TQCLQ	NaN
0060736712	2.0
0373797338	NaN
B00597SVTG	NaN
061514831X	2.5906333083373103
0781805503	NaN
1937771601	NaN
1594032238	NaN
B00AD5LQLY	NaN
B008RBTVCW	NaN
0965604012	NaN
0761520597	NaN
0060971460	NaN
0385531540	NaN
0345430751	NaN
0385344082	NaN
1401324800	NaN
B00CP540RM	NaN
1849058105	NaN
0312609809	NaN
1555974074	NaN
B008NKSO4I	NaN
0571211496	4.0
1586174754	NaN
159532139X	NaN
0865970645	NaN
B00B0JOZV0	NaN
1491015454	NaN
0143114816	4.0
9748303039	NaN
047023833X	NaN
0764222228	NaN
0307338622	NaN
0451234294	NaN
1404380582	NaN
B00FEZLWCG	NaN
0486402703	NaN
0141188936	NaN
0385472072	NaN
0373244045	NaN
0984825614	NaN
1586380265	NaN
B00ADQC54K	NaN
0976585502	NaN
0002550296	NaN
1449307116	NaN
B004SY5TPU	NaN
0615910742	NaN
0425198243	NaN
0615609570	NaN
0786020326	NaN
B00CZEJS0C	NaN
1439183368	NaN
0345478991	NaN
0743467728	NaN
0671201581	NaN
0345381769	NaN
0374292795	NaN
0374523835	NaN
0618701737	NaN
0440219809	NaN
1939962382	NaN
0984856501	NaN
1935302477	NaN
B0045OUSV8	NaN
1460970454	NaN
0786020334	NaN
1449316956	NaN
034545345X	NaN
B004I438LM	NaN
0446547204	NaN
0915132397	NaN
1400053579	NaN
B00CDVZFRW	NaN
B00LB9SB46	NaN
1604991771	NaN
0809028166	NaN
0374522758	NaN
1594036004	NaN
1939962374	NaN
1466269472	NaN
0916308367	NaN
1594485593	NaN
0375422331	NaN
067943822X	5.0
1886939411	NaN
0451527542	NaN
1416906967	NaN
0991841166	NaN
144235948X	NaN
081099643X	NaN
B008L87H0O	NaN
0060598751	3.0
0615702686	NaN
1609580427	NaN
B004UJKI0Y	NaN
1611880599	NaN
1477594523	NaN
0764129139	NaN
0758212194	5.0
1439810184	NaN
0061335290	NaN
0375701028	NaN
0375724389	NaN
1604443979	NaN
1886940649	5.0
0470503912	NaN
0192803735	NaN
0451412796	NaN
0976876051	NaN
1909305065	NaN
1475028539	NaN
0385006896	NaN
1416906959	NaN
0764209906	NaN
043970166X	1.0
0691147140	NaN
1586178512	NaN
061840547X	NaN
0865475822	4.0
B00A0NOF7G	NaN
0385516118	NaN
B007BVNF4O	NaN
1595546324	NaN
0615429084	NaN
0199535949	NaN
0804136750	NaN
0375505164	NaN
1566637953	NaN
0374400113	NaN
0425241300	NaN
1594631409	NaN
0743579631	NaN
B004UOH7NU	NaN
0590471791	NaN
0553383485	NaN
0394481917	NaN
0984544704	NaN
0758225695	NaN
0345314328	NaN
1438245408	NaN
B002ROKQU6	NaN
B0072VFJ8I	NaN
1624670997	NaN
0373802749	NaN
0547364644	NaN
B008X5D132	NaN
B00AWW2PIG	NaN
1931514585	NaN
B00J83KPRI	NaN
1257060457	NaN
0061967556	NaN
0061702587	NaN
046502176X	NaN
0297863924	NaN
0595154123	NaN
0373797745	NaN
1935071602	NaN
0446409480	NaN
1495920216	NaN
0316042773	NaN
1400113245	NaN
B00GT1IGZA	NaN
0307986969	NaN
1460958195	NaN
0986016519	NaN
1482562847	NaN
0060936428	NaN
043920352X	NaN
0375751548	NaN
0373657102	NaN
0553213652	NaN
0451232011	NaN
0061632651	NaN
0765309408	NaN
B002B9MH9A	NaN
B00DIBOF72	NaN
0393081109	4.0
B00BGCPYDE	NaN
0060925779	NaN
1439155089	NaN
B004G8P09S	NaN
1586172166	NaN
B002HJ1X7Q	NaN
1599987430	NaN
0671631314	NaN
0679728058	NaN
0140183884	NaN
0141181230	NaN
1476735247	NaN
0615621635	NaN
0975436228	NaN
0895260905	NaN
0373797524	NaN
0373772467	NaN
1611941342	NaN
1475154771	NaN
1887521321	NaN
B00CPBC5UU	NaN
1568331347	NaN
1463794126	NaN
0671223321	NaN
0312286899	NaN
0062073729	NaN
030723715X	NaN
037382808X	NaN
0515124079	NaN
1455503959	NaN
1594031401	NaN
1591026342	NaN
1432825771	NaN
0385522282	NaN
B00701DQSU	NaN
0373656319	NaN
1569316961	NaN
1480536466	NaN
0195159217	NaN
0449224384	NaN
1456428810	NaN
0062102273	NaN
1475070373	NaN
0765328542	NaN
0156717700	NaN
076422607X	NaN
0898704782	NaN
B0041KLE6Y	NaN
0300035829	NaN
1477695079	NaN
0060268654	NaN
1939551072	NaN
B00JJRUF78	NaN
0964631601	NaN
0470116137	1.0
0385468431	NaN
B00586QMDK	NaN
B00DLW4HYO	NaN
0743471369	NaN
B00H5NRJIQ	NaN
038546844X	NaN
0060964049	NaN
0446520594	NaN
1452852251	NaN
1491055189	NaN
0061472808	NaN
1463751249	NaN
0517548232	NaN
0758207689	NaN
0810932970	NaN
1482658143	NaN
0061950726	NaN
0615622364	NaN
0071600213	1.0
0425227944	NaN
0812974433	NaN
B007H90BGA	NaN
1595552723	NaN
1596980990	NaN
0671747584	NaN
0615636586	NaN
0385493622	NaN
0143122916	NaN
B002RKSEHW	NaN
1463691092	NaN
143918903X	NaN
1480180289	NaN
1492993786	NaN
0393329437	NaN
1491265698	NaN
006105531X	NaN
0755100255	NaN
0460876163	NaN
B00HGEPEWC	NaN
1614122024	NaN
0060930462	NaN
1608190021	NaN
1471750353	NaN
193519125X	NaN
B00FQQ1A8Y	NaN
0972548602	NaN
0140449337	NaN
1936071649	NaN
B008RDCBEA	NaN
0691019053	NaN
1421502216	NaN
0307593983	NaN
0143142356	NaN
1573922102	NaN
0631221387	NaN
0763181897	5.0
B00G1JN3A8	NaN
0898706904	NaN
0062071475	NaN
0805096663	NaN
0307886263	1.0
0374298734	2.0
0609609459	2.0
0061147958	NaN
B006FYKUMS	NaN
0789326493	5.0
0451165209	NaN
B009DNHHYM	NaN
0140440992	NaN
0895261286	NaN
1566634792	NaN
1455134767	NaN
0140447385	NaN
038536315X	NaN
0143142372	NaN
0789315114	NaN
0545233445	NaN
0060563486	NaN
0671047140	NaN
0743471326	NaN
B009CHBNVW	NaN
080073324X	NaN
0345447832	NaN
0517545160	NaN
2035421322	NaN
067401197X	NaN
0151003386	NaN
0446612774	NaN
1595540547	NaN
0385342454	NaN
0385512457	NaN
B00J436CN8	NaN
0922915296	NaN
0812977505	4.0
B005UJR9JQ	NaN
0980076358	NaN
0345443020	NaN
0316091049	NaN
0263888630	NaN
B005KF68X8	NaN
0684838230	NaN
0943914558	NaN
0307405389	NaN
1596436069	NaN
B00DI8TUHU	NaN
0060987359	NaN
0764553100	NaN
159698273X	NaN
B00C0NTHOK	NaN
0545210127	NaN
1481178202	NaN
1591858828	NaN
1477663096	NaN
B00883BJOM	NaN
0691013551	NaN
1499293224	NaN
0865976317	NaN
0764209116	NaN
0373657811	NaN
1596915285	NaN
0307407187	NaN
0373892276	NaN
1482568519	NaN
0307272702	NaN
0425247732	NaN
B00BMPAFUC	NaN
014018600X	NaN
1594035601	NaN
1468156179	NaN
0140018719	NaN
0517885573	NaN
1586170252	NaN
0307236617	3.0
0880801484	NaN
B005DEWINK	NaN
1439172803	NaN
9749375084	NaN
1612186009	NaN
0985816716	NaN
0062008110	NaN
0061582603	NaN
0898704383	NaN
0375753125	NaN
0062102419	NaN
0060603402	NaN
0394570839	NaN
0312538359	NaN
0316926078	NaN
0061452572	NaN
149033274X	NaN
B006LEDIIK	NaN
0140281630	NaN
0140447970	NaN
B006I69YPC	NaN
0743296850	NaN
080075963X	NaN
081296991X	NaN
0312360282	NaN
B00C34PYKW	NaN
0758203926	NaN
B00D454GV2	NaN
1576755991	NaN
0983347409	NaN
1434703142	NaN
0385513992	5.0
1477571086	NaN
1594036918	NaN
0762436905	5.0
1489534806	NaN
1400158710	NaN
1466451033	NaN
0915957728	NaN
1463770812	NaN
0446195618	NaN
0758210221	NaN
0553560700	NaN
0743233484	NaN
0976684306	NaN
1594031215	NaN
1568590296	NaN
0743272897	NaN
B001V9KG4E	NaN
1933184809	NaN
1469984202	NaN
0615617603	NaN
0312360290	NaN
0375752498	NaN
0061711527	NaN
0385513763	NaN
0451529065	NaN
1416552286	NaN
0763655953	NaN
1478313781	NaN
0751550213	NaN
1573221201	NaN
1475181221	NaN
0465018807	NaN
1492333204	NaN
0804139024	NaN
0743572203	NaN
0547508042	NaN
B002WEPC8W	NaN
0982555016	NaN
B0080GUO6Q	NaN
044656740X	NaN
1940887259	NaN
0802120105	5.0
1600476902	NaN
1481917463	NaN
1936596229	NaN
031612091X	NaN
1489591095	NaN
1611940834	NaN
0345491149	NaN
1595544518	NaN
B00GW6ND32	NaN
1441761683	NaN
B008C040KG	NaN
B00BXXTM9S	NaN
1423399269	NaN
0805210245	NaN
0340839937	NaN
0525951911	1.0
0263881377	NaN
0451230744	NaN
0345516370	NaN
0765316978	NaN
B0094JN30M	NaN
B00ES2OZ5W	NaN
B00AMN2IBO	NaN
0156034441	NaN
1476755604	NaN
B00BZPLHJM	NaN
1468190075	NaN
0743596870	NaN
1940026032	NaN
0982611900	NaN
1939203309	NaN
0345545931	NaN
1933471654	NaN
0099911701	NaN
B00FG5OCUI	NaN
0764208454	NaN
0895559064	NaN
0440223725	NaN
1596981008	NaN
1585420840	NaN
0385052154	NaN
1416564071	NaN
0375709223	NaN
0312283709	NaN
B0078GIWW2	NaN
0970481969	NaN
0345368959	NaN
B00GW9F206	NaN
0199812098	NaN
0373892039	NaN
B00ANZ7TCO	NaN
0985439475	NaN
146105866X	NaN
0310435641	NaN
0345461983	NaN
1940026016	NaN
0062242512	NaN
1586601393	NaN
1595230866	NaN
B007GO359Q	NaN
0425212408	NaN
0465013678	NaN
1475157797	NaN
0061143960	NaN
0393061434	NaN
1568600593	NaN
1467991066	NaN
1477661875	NaN
B00IFTK8CS	NaN
0751364428	NaN
0425253465	NaN
159474520X	NaN
0345521862	NaN
0310278716	NaN
B00B15Z1P2	NaN
B00A42YTVK	NaN
B005WLK5GG	NaN
0373797028	NaN
1849058288	NaN
B00D2KTTHK	NaN
0199919755	NaN
B006ITXEVO	NaN
B00F9AJXYA	NaN
0770435602	NaN
0061450545	NaN
0399154167	NaN
1595543104	NaN
0981947417	NaN
0547225490	NaN
0521882745	NaN
1495477908	NaN
0140442448	NaN
1491208295	NaN
0979805600	NaN
0451417054	NaN
B004AYDLUI	NaN
0062123785	NaN
0743583884	NaN
1477684751	NaN
1621570274	NaN
B00C404E60	NaN
0915144093	NaN
B00EEPZHI2	NaN
0307474712	NaN
1477256156	NaN
0061928240	NaN
B003YDXKB6	NaN
0486264432	NaN
0743426916	NaN
B00EYDRI7W	NaN
B00BMZ74PG	NaN
014044906X	NaN
0385511841	NaN
0393059332	NaN
1586171399	NaN
0515142166	NaN
1482023245	NaN
1849058261	NaN
1561374652	5.0
1402205058	NaN
1594036756	NaN
1419707442	5.0
1595540075	NaN
1416954295	NaN
0615621953	NaN
1596987960	NaN
0739474464	NaN
0232525005	NaN
B00EEAIJ8W	NaN
0316067954	NaN
1556438958	NaN
014241722X	2.0
0310256720	NaN
1939811104	NaN
0451412818	NaN
0761135952	NaN
B004MDLQ6S	NaN
0316166316	NaN
1468126237	NaN
0765800004	NaN
1411613589	NaN
B00IMIQUXS	NaN
0984825932	NaN
B0083BWZQA	NaN
1413313329	NaN
0375710930	NaN
1601831404	NaN
0767902580	5.0
0991209206	NaN
B00CDUY48O	NaN
B00HJCPDVI	NaN
1578562597	NaN
0373797478	NaN
0316101842	NaN
0307594033	NaN
B00G18JQGY	NaN
B008S1VH5K	NaN
0973673621	NaN
1493625810	NaN
1893554090	NaN
075821927X	NaN
0758219288	NaN
0865476608	NaN
B00CDA4IQC	NaN
1593743432	NaN
0898706106	NaN
B008A7T024	NaN
1596987766	NaN
1624930468	NaN
149103517X	NaN
0061009059	NaN
148413995X	NaN
0991677196	NaN
1451625618	NaN
1460902203	NaN
0373272030	NaN
031608428X	NaN
0316084298	NaN
1453880941	NaN
0988843315	NaN
1604501952	NaN
0972589813	NaN
0966977785	NaN
1461085977	NaN
1481056557	NaN
0007124015	NaN
1414326599	NaN
B009174D0G	NaN
0739314009	NaN
1400097681	NaN
0764551949	NaN
B004WPP32E	NaN
0307336794	NaN
1423170288	4.0
148231780X	NaN
097367363X	NaN
0393072584	NaN
0143124501	NaN
0553808036	NaN
0714832472	NaN
0679721134	NaN
1439188963	NaN
0312560850	NaN
B00G8G8K6G	NaN
0345517199	NaN
1479132438	NaN
0972347313	NaN
0062511238	NaN
0691135096	NaN
0785829202	NaN
478901441X	NaN
0895261715	NaN
1882514912	NaN
0812538900	NaN
1476776016	NaN
1586172697	NaN
0470398256	NaN
1482633353	NaN
0374503486	NaN
033050603X	NaN
0816642680	NaN
0486218783	NaN
0812979362	NaN
0307480585	NaN
0151957479	NaN
0394822862	NaN
1594034761	NaN
1491523409	NaN
B001D64682	NaN
0465044387	NaN
0312642962	NaN
0425266745	NaN
B007J71S62	NaN
1592334156	NaN
1600246818	5.0
0982618492	NaN
1482719800	NaN
1477848150	NaN
0064408337	NaN
0679722645	NaN
0312866321	NaN
0373802676	NaN
0345544110	NaN
0764228315	NaN
0743299787	NaN
1610170024	NaN
0446601977	NaN
0465019382	NaN
0425255808	NaN
0141185937	NaN
0553575422	NaN
0393068471	4.0
0895260603	NaN
0449224422	NaN
0985236744	NaN
1624820298	NaN
0192835696	NaN
140224066X	NaN
B007VWL27A	NaN
0802121187	NaN
1596986492	NaN
0615470629	NaN
159474419X	NaN
0544217624	4.0
023076889X	NaN
1466480033	NaN
1444755773	NaN
1593640242	NaN
0979014123	NaN
0140185976	NaN
1590204638	NaN
1482046792	NaN
B005KLVNFA	NaN
0060007761	NaN
1595230483	NaN
1400042534	NaN
0688085067	NaN
B00B6JFSOC	NaN
1453857516	NaN
1493543016	NaN
0897333594	NaN
B005Z7L4EO	NaN
1581345615	NaN
B0096QZ4OQ	NaN
1479338478	NaN
0316988901	NaN
0547243286	NaN
0465058728	NaN
0140284109	NaN
0143125478	NaN
1933417188	NaN
B0084JQAS0	NaN
0881925985	NaN
1479151556	NaN
0140057307	NaN
031604461X	NaN
B005RELF5S	NaN
1569470111	NaN
1416592385	NaN
0140621806	NaN
0345534557	NaN
0965485609	NaN
1578633745	NaN
0373797680	NaN
0393315568	NaN
1596985380	NaN
0373802641	NaN
089870815X	NaN
1616141700	NaN
0307353486	NaN
1477849475	NaN
0973673613	NaN
0802777686	NaN
1400042550	NaN
0765318415	NaN
1416912045	NaN
B004GEAFEW	NaN
1442352965	NaN
0310209307	NaN
0373797435	NaN
0385090021	NaN
B005K2HS44	NaN
0374528373	NaN
B00AX19UG6	NaN
0470127635	NaN
159698290X	NaN
0451231023	NaN
B00AA5CKPI	NaN
0307950476	NaN
1421506300	NaN
0983573336	NaN
0465022502	NaN
0738711993	NaN
037379567X	NaN
078689136X	NaN
0684800012	NaN
B00E8HWZ36	NaN
097634114X	NaN
0393317528	5.0
046505434X	NaN
B003CC1LDS	NaN
0062024027	NaN
0759529515	NaN
0060785845	NaN
0465018025	NaN
157076462X	NaN
0395315557	NaN
0684870592	NaN
0192892231	NaN
0983772541	NaN
141657123X	NaN
0373797613	NaN
0801858690	NaN
0688169783	NaN
0679741143	NaN
0765330555	NaN
B00HVKCMQC	NaN
0895267896	NaN
085720873X	NaN
1612182690	NaN
B00JCXK3PS	NaN
0983573352	NaN
0140177094	5.0
0310272157	NaN
0140183523	NaN
1490374752	NaN
0805098542	NaN
0373797648	NaN
0812972333	NaN
0465022529	NaN
0984236570	NaN
0986934127	NaN
0982773439	NaN
0373296649	NaN
1933184566	NaN
0595376304	NaN
0451225856	NaN
0307472329	NaN
0800733401	NaN
0373793286	NaN
1939403154	NaN
0393034267	NaN
1456356534	NaN
0898709458	NaN
0425207978	NaN
0764542613	NaN
1603420797	NaN
0060098902	NaN
0143121073	NaN
086547480X	NaN
1449303714	NaN
0801495474	NaN
0307360814	NaN
0615637086	NaN
1849058059	NaN
B00AHO9R1M	NaN
0316097543	NaN
0804161607	NaN
0505527995	NaN
1849058296	NaN
1594713421	NaN
