1493696254	5.0
B00COVLF3Y	5.0
0756405513	4.0
0843958308	5.0
0345480317	4.352615384615385
0739469339	5.0
0345389409	5.0
0345515501	5.0
034529873X	4.821385176184692
000649885X	3.0
B00FYVZFIC	5.000000000000001
0786170956	5.0
0425227723	5.0
0062198890	4.0
147522186X	5.0
0345362276	5.0
1481802054	5.0
0441005314	5.0
0345339495	3.7490215264187867
0399151575	5.0
0982982615	5.0
0553258524	4.492666091458153
1484966287	5.0
0345368932	4.699097621000821
0743436008	2.0
0316210919	5.0
1250020026	4.0
0312358482	5.0
1439156379	5.0
B00B7LBLW2	4.0
034552893X	5.0
0312979983	5.0
0062082353	3.0
0345387007	3.9183901621017325
1891252089	5.0
1455501514	5.0
0345456351	5.0
031262168X	5.0
B005VGNELU	5.0
1460981634	5.0
1939416671	5.0
B00AA5COZY	5.0
1442146435	5.0
0345318234	5.0
B00EV0FAOG	4.0
0345340248	5.000000000000001
0380788314	5.0
B009MA3WN6	4.0
B006WQ9AJI	4.0
B00IOXWK2G	5.0
0099282917	4.0
1475934939	5.0
0981965407	5.0
B00CK8CL0W	3.638063279002876
006105531X	4.0
0983129819	5.0
1479229814	5.0
0385489056	4.0
0886776317	5.0
0345388232	4.807043286867205
0345387023	3.9183901621017325
0764227025	5.0
B00BQMEPV6	5.0
1482343886	5.0
0425263908	4.0
1410440478	4.0
0143142356	5.0
0385537859	5.0
0451234812	5.0
0399164456	3.0000000000000004
0805096663	4.0
0764227033	5.0
159038962X	5.0
0451231309	5.0
0345542924	5.0
042523567X	5.0
0312864590	3.0
141659518X	5.0
0307985911	5.0
1574328905	3.0
0765309920	4.0
0758203039	5.0
082303643X	5.0
0316069353	1.0
B00D0D50YU	5.0
0615426263	4.0
B00DRNBOJS	5.0
0061878200	4.0
0345434684	5.0
0025853503	5.0
0060758287	1.0
0439598427	5.0
031621082X	5.0
125000098X	5.0
1595581030	1.0
0718157168	1.0
0982624263	5.0
1574216163	5.0
0985583983	4.0
B00HV5RCI0	5.0
1442369183	5.0
B00DGYKGQ0	5.0
0345317580	4.999999999999999
038504884X	5.0
034550089X	5.0
1477448535	5.0
1250018021	5.0
0399152326	4.0
0060510862	5.0
1441565345	3.0
0312853238	4.0
061810450X	4.0
1477473939	5.0
0978980409	5.0
0307985938	5.0
0345352661	5.0
1478220570	4.0
000224053X	2.0
0553103237	4.999999999999999
B0040ZNUCG	5.0
0988191237	3.0
030726999X	4.0
1601625596	3.0
0399143793	5.0
B00GED9EQS	5.0
1440322554	5.0
1482926474	5.0
0451418433	5.0
147813223X	5.0
B00CKCQTSI	4.0
075730110X	5.0
0786915749	1.0
0983737606	5.0
0736074570	5.0
1440303916	5.0
0307959805	1.0
1577944704	5.0
B009CD4FX4	5.0
0553286374	5.0
0425258742	5.0
B00GXN5R74	3.0
1888766077	5.0
1612191940	5.0
0373778236	4.0
0441006256	5.0
0553103334	3.7095588235294112
1451608152	4.0
0981461026	5.0
0253203317	3.0
B00F1V5VR0	5.0
0972872310	5.0
0451180410	5.0
0671878662	5.0
0140243046	5.0
0061565288	1.0
144030839X	5.0
0316208590	5.0
0981882307	5.0
0988405512	4.0
0141441038	5.0
0425259854	5.0
0802126057	5.0
1611098874	5.0
0425234339	5.0
0743233484	4.0
0345368991	3.901246638963579
0446554995	4.0
031218008X	1.0
0761453245	4.0
0345347951	5.0
0345379640	4.0
B00H146VT2	5.0
0312957572	2.0
B002RKSZJO	5.0
0310200059	3.0000000000000004
0345480287	5.0
0757002749	3.0
1463684347	5.0
054799219X	3.0
0316210684	3.0
0345379632	4.0
149436641X	5.0
0345542886	5.0
0899668631	3.0000000000000004
0312582668	3.0000000000000004
0553560816	5.0
0817001670	2.9999999999999996
0553063162	5.0
B00K5KCGSY	5.0
0345491149	5.0
0385349963	4.0
0976726904	5.0
0345368975	5.0
0345379624	4.226019845644983
0345539478	2.0
0061733997	5.0
0312582676	4.0
0756407451	5.0
0316198730	5.0
045141411X	4.0
0886776856	5.0
0886776619	5.0
0765302209	5.0
0099429799	4.0
0671876287	5.0
1556618395	5.0
B009YNGUGC	2.0
B00BAR713G	4.0
0756405289	4.0
0345368959	3.844550327575938
0446573051	5.0
0425103285	5.0
0312349483	5.0
146641989X	5.0
0345461983	4.021238138273836
B00KX2FJOW	5.0
0399158820	5.0
190126842X	5.0
0452296544	2.0
0805090037	3.0
0345422171	5.0
0671720996	5.0
0764210890	3.0
1425794939	5.0
0823039129	5.0
0765325942	5.0
0575081384	5.0
031609756X	5.0
0399157565	2.9999999999999996
0312205406	5.0
1935597256	5.0
0765311771	5.0
1475906900	5.0
0890241902	1.0
0143170104	5.0
B00DOHB992	5.0
1568497016	2.0
0316097446	5.0
0765325950	5.0
0688143202	5.0
0307932508	4.0
B00IDHIGBM	5.0
0345500911	5.0
0061969702	4.0
0545652200	5.0
B00C8U8DPO	5.0
0312306326	2.0
0380710277	4.0
B00APLIWOK	3.0000000000000004
0399155007	5.0
0316211230	5.0
0800733614	5.0
0345369335	4.261080870917573
0345327861	5.0
0060391626	5.0
0375404155	4.0
1463717091	5.0
0823026027	5.0
0312364121	5.0
0446527793	5.0
1433503743	5.0
0980231450	4.0
0140258264	5.0
1479244422	3.0
B00A4PJYQW	5.0
0143113526	5.0
0061092037	5.0
1611942519	5.0
0312651228	5.0
0451202317	5.0
B00A3VMH70	3.372537659327926
0800733606	5.0
B00G8OIFZ4	3.0
0764960563	3.0
0764209078	5.0
0312537409	5.0
0756407273	5.0
0967567300	5.0
0345335465	5.0
B00C2SNR12	5.0
0615741150	4.0
0312306261	5.0
0199538794	4.0
0743571991	2.0
0099505967	4.0
0061784796	4.0
1493625810	5.0
0425103552	5.0
014029435X	5.0
014143984X	5.0
B008LYMHL2	3.0
0765315939	5.0
0307711773	5.0
0330258648	5.0
0764204955	5.0
0307587606	5.0
0553588958	4.0
0140294384	5.0
0345386744	5.0
1480224952	5.0
075640391X	5.0
0140294376	5.0
1481056557	5.0
0060545593	5.0
0975546406	2.0
0140422536	2.9999999999999996
145162137X	4.0
0399148892	5.0
0061015725	3.0
1612182739	4.0
B00CA28JV8	5.0
0142428280	5.0
1495437108	4.0
0061989991	4.0
B00BE9WA8G	4.0
0671626132	5.0
B00DPJZRO2	2.0
0345522893	5.0
1495302725	4.2375
0345533666	5.0
B007HHHDUE	5.0
0345324412	4.0
0307595110	5.0
1477475311	4.0
1494402718	5.0
B00GK50H66	5.000000000000001
B00CNX3V0S	5.0
0615609570	5.0
006085880X	5.0
0983911118	4.0
1494305763	4.0
B00CWKKZKQ	3.0
0310428521	5.0
1423154525	5.0
1939457033	3.0000000000000004
1442358254	5.0
0988866811	5.0
1291180435	2.0
0553374451	5.0
1475280327	3.0
B000JMLBHU	5.0
0345335287	5.0
0373079907	5.0
0316097519	4.162966700302725
0345335082	5.0
0061688401	5.0
0316211079	5.0
1469227894	5.0
B007V4F6ZM	5.0
146792475X	4.0
0345418794	5.0
0307464873	5.0
B004WPP8YW	5.0
0743488636	4.0
0800721225	5.0
B008DVVLYW	3.0
0451412656	5.0
1433502399	5.0
0345315227	1.0
0399150862	5.0
031621129X	5.0
0061990019	5.0
0968325629	5.0
0609610678	5.0
0345535529	5.0
0099525259	4.0
0575084162	5.0
0988701200	5.0
0399137424	5.0
B00IU6U4PW	4.0
0553258559	4.0
1475185022	2.0
B00FOXWV7S	1.0
B00AHF5IMI	5.000000000000001
0756406927	5.0
1484873319	5.0
145163756X	5.0
0806533641	5.0
B009HSBFYQ	4.0
0452011175	5.0
0505527847	5.0
1482670801	1.0
0062070304	5.0
0425205592	5.0
1447259297	5.0
098390121X	5.0
1452664935	3.0
0446353930	2.5525291828793772
B009YLKRAO	5.0
0451202538	5.0
B005CYYCBM	3.0
B004R9QQ1M	3.0
0142800376	1.0
0345523474	2.0
0345379187	4.0
B00DEO5NJC	5.0
0062197339	3.0
0345362861	4.443894107600342
1469982994	5.0
1492862304	5.0
1455839906	1.0
0399159126	5.0
0062070320	5.0
0345441249	3.564569536423841
B004LB4FBE	1.0
0345465652	5.000000000000001
0446521094	1.0
0553258540	4.0
0345484177	5.0
0062015761	5.0
1463534809	4.0
1475154771	5.0
1602860483	5.0
B00CG69E0I	5.0
0345406141	4.0
