0307277674	2.0
0307280721	2.0
1455548987	5.0
0345348656	3.0
0312187459	5.0
B007OXKDNK	5.0
0143123238	5.0
0399157565	3.0
B0087IE3QO	3.0
088685282X	3.0
0345538196	4.0
0452298016	2.0
0312853254	3.0
0142428469	2.0
1467922730	5.0
1401302491	4.0
0743454529	4.0
0151006261	2.0
0307932583	4.0
1590308174	3.0
0143123629	4.0
1565118936	5.0
1612186009	5.0
0316036218	3.0
0767903447	4.0
1449401163	5.000000000000001
0553812173	1.0
0307913090	4.960543797311915
0375870423	3.0
1613820259	5.000000000000001
0393013995	4.0
1587613212	5.0
0312851405	3.0
0553103334	4.473712446351931
0671027379	3.0
0061099341	3.0
037543318X	5.0
0151008116	4.0
0618680004	2.9999999999999996
B00F6FVV02	5.0
0226458121	3.0
0007447868	4.314339268978445
0545044251	5.000000000000001
1478704489	4.0
1442429771	5.0
0761463275	3.0
0982944608	3.0
0743251628	3.0
0141030631	2.9999999999999996
0807101508	4.0
0345314255	5.0
0385336667	4.0
1442346965	5.0
B004TAWB4A	4.0
1623150744	3.0
0029259657	1.0
0060182989	1.0
0312890540	1.0
0312144075	5.0
1416563687	3.0
0545265355	1.0
0062513346	2.0
0439023513	5.0
0345336674	3.0
1480137340	4.0
055389787X	4.999999999999999
0615232698	1.0
1623151155	3.0
0743254554	4.0
0307987647	4.849469928117085
0439023483	2.4352941176470586
B005COO1X6	5.0
0345498607	3.0
0615474616	1.0
0316199680	4.0
1477807365	5.0
0312853963	3.0
0143142356	2.0
0977147460	4.0
0385537859	2.0
0142406635	3.0
0786952334	2.0
B008NEZXG6	5.0
1405000325	5.0
0440212812	1.0
0345543971	4.707133210558623
0060977264	4.0
0142429112	4.0
B003YLR5O6	5.000000000000001
0307932540	2.0
0312864590	1.0
0060392983	3.0
0761561374	5.000000000000001
0312852487	2.9915062287655716
0451239687	2.0
1439184305	3.0
0230769152	1.0
0399900578	5.000000000000001
0756404738	5.0
0975271148	4.0
1439102392	4.0
0989042901	3.0
1580082815	4.0
0261103288	5.000000000000001
0142408425	4.0
0316080772	5.0
1442362383	5.0
0765304740	1.0
0312594437	2.0
037540158X	5.0
0002247399	4.619334217416437
0739458213	5.0
0316080683	4.0
0446618489	3.0
037584631X	3.0
1402278519	2.0
0989147304	5.0
0811859339	4.0
0756402697	3.0
1477818162	4.0
0062310135	5.000000000000001
0452278902	5.0
1605296503	4.0
043902353X	5.0
1439102414	4.0
0984042385	4.0
B00I2ACS3W	4.0
0786955082	4.0
1607066211	5.0
147519451X	4.0
1405005823	5.0
0312850093	3.0
0615669166	3.0
031237206X	5.0
0152023984	4.0
0486462919	5.0
0375826726	2.0
0895297272	5.000000000000001
0786948671	1.0
0786949244	1.0
