1118657918	5.0
0399148612	5.0
0764201913	5.0
1586171976	5.0
0399157565	4.0
1490904387	5.0
0316099759	5.0
0553062441	4.0
0764202685	5.0
B00EQ6VCPG	4.0
0345538196	5.0
0806527285	5.0
1612185304	4.0
0805093079	5.0
0805088156	5.0
0345504968	5.0
1890318353	5.0
0736912916	5.0
0989504867	5.0
0312556608	5.0
0758280378	4.0
148397555X	5.0
0316069434	5.0
0765325950	5.0
0786711647	4.0
0312571224	5.0
0764222600	5.0
0545290147	3.0
1600476899	4.0
0316210919	5.0
0393244660	5.0
0595386687	4.0
1597970255	4.0
1439153663	4.333333333333334
0989504859	5.0
0345460030	4.0
0307474712	5.0
0307976092	5.0
0451213580	5.0
0356502465	5.0
0307750922	5.0
0312352387	5.0
0316098329	5.0
0316204269	5.0
0743271157	4.0
0385517831	2.018915510718789
0143124544	4.5
0345424719	4.0
0061950726	4.0
0316166308	4.0
0060584750	5.0
0385323816	5.0
0739422707	5.0
0739474464	5.0
0736074600	5.0
0545227380	5.0
0345505476	4.0
0385336667	5.0
0385333951	4.0
0446573019	4.0
125000716X	5.0
0316044695	4.5
0812963776	4.0
0671017063	4.0
0312366310	5.0
0061257095	4.0
1499611552	4.5
1250034485	5.0
B00HKXS8MC	4.0
B007Q4DC4O	5.0
0778325725	5.0
0385336675	5.0
B00359FHZ6	4.0
1455121924	5.0
0399165274	5.0
0758280343	5.0
B00ES5Y1M6	5.0
0446581844	1.0
0399146237	2.1250000000000004
0807050202	3.0
0307948684	5.0
1597772992	5.0
0553271369	5.0
0099524252	5.0
014016930X	4.0
0316693251	5.0
1559702028	5.0
044024370X	4.0
0399164456	5.0
0805096663	5.0
077832463X	5.0
031632468X	5.0
0985241500	5.0
0062124269	4.0
0547744943	4.0
0786891416	5.0
1451642997	3.0
0307718964	4.0
0312580762	5.0
1410458792	5.0
1468120077	5.0
0142002070	4.0
0385503857	5.0
0446525871	5.0
141659518X	4.0
0671799320	5.0
0385341954	4.0
0449808696	4.0
0399157239	5.0
B004TQN0NU	5.0
0316069353	5.0
0099244926	3.0
1250007151	5.0
038536315X	2.680332359386415
0385343221	4.0
1250040132	5.0
084232920X	5.0
0778324893	5.0
0778326276	4.0
0671315536	4.0
031621082X	4.0
0399162380	5.0
0385339089	5.0
030758836X	5.0
125000098X	4.0
0736903283	5.0
1491524081	5.0
0884861783	5.0
0553807862	5.0
1455521248	4.0
0670024856	4.0
0345534522	4.0
1477848452	5.0
1442366109	5.0
1592641644	5.0
B00IQEPLCO	4.0
0316055433	5.0
0989504840	4.0
0061703257	5.0
1401324924	5.0
0061992259	5.0
0857521012	4.0
0310242827	5.0
006075995X	1.0
031257357X	5.0
0764221493	5.0
0778316815	5.0
0743464583	4.0
0345549333	4.0
1590203259	4.0
0465058779	5.0
0060817089	5.0
0989662209	5.0
0312853238	5.0
146990196X	5.0
145561789X	5.0
0764205110	5.0
0307266303	5.0
0399142533	4.5
039915986X	5.0
1608190463	5.0
0446195502	5.0
1499293224	5.0
0595341829	5.0
0446520659	4.5
0385344457	4.0
0307749436	5.0
0312319142	5.0
0399159347	4.5
0142428868	5.0
B0055PMJMW	5.0
0316601950	1.0
0671415085	4.0
031269945X	5.0
0399143793	4.5
B009XGD2DY	5.0
1492853976	5.0
0451418433	4.0
0312243073	5.0
0385338902	5.0
1576834743	5.0
0805446834	5.0
B005D75Z8C	4.0
0446506699	5.0
145659009X	5.0
023076889X	4.0
0316036218	5.0
067141125X	5.0
0671003755	5.0
098472351X	4.0
0800794052	5.0
0452296366	5.0
0399163832	5.0
0099416158	5.0
006109692X	5.0
0743567218	5.0
1400061997	5.0
0743285026	5.0
0316097519	5.0
0847838714	5.0
0345531973	2.0
0345528204	5.0
0345543041	5.0
0446691437	5.0
0778315991	5.0
0307947130	5.0
1451693419	4.0
0451180410	4.0
0007444117	5.0
0143125478	5.0
1595230955	5.0
0330412701	5.0
0312022824	5.0
0006550436	5.0
0061537934	5.0
0893340790	5.0
0310440297	5.0
0141326085	5.0
0061969559	5.0
1439192987	4.0
B008DVVLYW	4.0
0805421300	5.0
1935670484	5.0
0393066274	5.0
0425259854	5.0
0345532015	4.0
031628663X	5.0
1611098998	4.0
0976778807	4.0
0140621806	4.0
0471377902	5.0
0399155635	5.0
B002AJ7X2C	5.0
0307346609	4.0
0345531965	5.0
0307245306	4.0
1423397193	1.0
1469241943	5.0
014018869X	4.0
0547237723	4.0
141697170X	5.0
0804136750	5.0
1401322557	5.0
1584232277	5.0
0758278438	5.0
074325144X	5.0
0451417313	4.0
0451413199	5.0
0316154067	4.0
0062073125	5.0
0751539678	5.0
0751550213	5.0
0812975707	5.0
078602495X	4.0
148051652X	4.0
0316098868	4.0
1494355655	5.0
0982946171	5.0
B0090WS03I	4.0
156947981X	5.0
0449214265	5.0
141658661X	4.0
0060856157	4.0
0007386648	5.0
0061134007	5.0
0811735303	5.0
0375407006	5.0
0451468295	5.0
B004ZLRW6K	5.0
0505527847	4.0
0425246043	5.0
1439192960	4.0
078689136X	5.0
0743271181	4.0
0446579939	4.5
0982714955	4.0
0718178122	4.0
0446572985	4.0
0312651244	5.0
B0045OUDT0	5.0
0743204840	4.0
0786031824	4.0
0375701966	5.0
0060931418	4.0
0312370830	5.0
0615799140	5.0
0380842939	5.0
1466464445	5.0
0451408829	5.0
1612182364	4.0
1569479836	5.0
0345539478	5.0
0805418393	5.0
B00HVUWVK4	5.0
1442362383	4.0
0399147268	4.0
1611099358	4.0
0765330555	5.0
0345337581	4.0
1565125088	4.0
0983741735	4.0
B00JTCU1JU	5.0
1477807306	4.0
1412049024	4.0
0143036688	5.0
0330419668	5.0
085720873X	5.0
0099550113	5.0
0312591845	5.0
B00GG2DBFC	5.0
074327041X	5.0
0805098542	5.0
0786854448	5.0
0375831002	4.5
1885173628	5.0
0452278902	5.0
1477595651	5.0
0671315927	5.0
1442483725	5.0
0312381611	5.0
1456324608	5.0
0385340567	4.0
1442361867	5.0
0446539740	5.0
146641989X	5.0
0758292244	5.0
0671315919	5.0
0007442920	5.0
1933495057	5.0
1444729721	4.0
0316059862	5.0
0385514131	5.0
0316097543	5.0
0062073168	5.0
1250019982	5.0
B009088BMM	5.0
