B00JXW6GFE	5.0
B00BD2PT8M	5.0
B00IBM4CLC	4.0
0578124114	5.0
1497362784	4.0
1455548987	5.0
B00E251RHY	5.0
0989740617	5.0
1489523413	5.0
B00EXFFVHA	5.0
B00FVPL9E0	4.0
1402261543	4.0
0778315576	5.0
B00GANYNVI	5.0
1614953716	5.0
0985817089	4.666666666666667
1600854303	4.0
1494931451	4.5
B00GSVVXQU	4.0
0989713482	5.0
1492775754	4.0
B00AAQ3PHO	4.666666666666667
1941198910	4.0
B00C2RT7QM	3.5
0425260674	5.0
B00ASSO9MY	5.0
1620043173	4.0
0762451319	5.0
B00B6LRUOG	5.0
1497339510	4.5
B00IB4YVWK	4.0
B009U4MXPW	1.0
B00HUBW5R8	5.0
B007R5JA9S	1.0
149099792X	5.0
1497385431	5.0
0578125439	5.0
B00JGC5C3S	4.0
0778315584	5.0
B00HP90OBE	4.0
1477801111	4.0
B00C2RT7QC	3.0
1494906015	4.0
149353985X	5.0
B00IU9DK8C	4.0
B00KMJM6VK	5.0
1483918777	5.0
1497305756	4.0
1491219416	4.0
0987726242	5.0
1483920607	4.5
0778315592	5.0
0615669107	3.5
1490970444	4.0
B00DD5YI1G	1.0
B00C6G0VKK	3.0
0373862113	5.0
1482660121	5.0
0985817097	5.0
1468194992	4.0
1622661273	5.0
1439123128	5.0
B00E1WCHOU	4.0
B0075ZHYVG	2.0
B00I7X5ML4	5.0
1937551903	4.0
B00JKRGHQA	5.0
B004A90DBS	2.0
B005ERXW3Q	4.0
B00GZ6QI4A	5.0
0385538537	5.0
148403726X	5.0
1630350060	5.0
B007CE53DG	5.0
1477483780	5.0
B00B0JG626	2.0
1402294484	1.0
B00FIOKXLY	4.0
1419631373	4.0
B00JU1OXZ8	5.0
B00B4FCU12	4.0
0987726218	4.0
1497454999	5.0
B00B1I51H2	5.0
1484920066	5.0
B00AHIKYIS	4.0
B009VK5ZIM	5.0
1493755544	4.2
1612185894	3.0
B00J9U5VSS	4.0
1499772785	5.0
1490523103	2.0
0373002211	5.0
B00JA26TTU	5.0
B00EANAGSE	5.0
B00C2RT7RQ	4.0
B00J1XU24G	4.0
B003MAKE1A	4.0
B00KFUJX58	4.5
B00GANXTEA	4.0
B00KK1GLWA	5.0
1937121127	4.0
B00K9T0TI0	1.0
0446527920	5.0
B00J44T4YQ	5.0
B00K3NBQX4	4.0
1419965433	4.0
B00A9GO8QM	5.0
B00KFTA0YC	5.0
B007Z4UIPG	4.0
1499108826	5.0
1455578363	4.6
1482692163	5.0
1497394333	4.666666666666667
1937608077	4.0
B00K08VZSS	5.0
B008732YPQ	2.0
0615822991	3.0
1500302643	5.0
1493632639	5.0
1419968939	4.0
1495960234	4.0
B00AMPAF3A	4.0
B00HFIZ3E8	4.0
1493625489	5.0
1490405461	3.0
B00HNXD9QO	5.0
1940361001	3.0
B00KLILI5M	4.0
1479187925	3.0
0989373827	4.0
0987456628	4.5
B00BJB3X58	4.0
B00AVKVM8S	2.0
1493768824	5.0
B00JJZTMGA	4.0
B00LMTLV24	5.0
1492874248	5.0
B00BSXWWNG	5.0
B00D048R6W	5.0
061579615X	5.0
B00JVWZH24	5.0
1477817506	4.0
B007SRM196	4.0
1492822604	5.0
B00KUTGATG	5.0
B00KLJCUIK	5.0
B00JPRTVMW	5.0
0987726277	5.0
1480147508	5.0
B006Z1GKXO	5.0
B00C53PEII	4.0
1609288122	3.0
B00761OU0C	3.3333333333333335
0989740633	5.0
1494244381	4.0
037379343X	4.0
B00B08H1ZS	4.0
1494450666	4.0
1484119258	3.0
1937593789	5.0
1481929380	5.0
B00C0ZVKHK	4.0
B00BBM7H3E	5.0
1937551954	4.0
B00IQOFSDG	5.0
147672721X	5.0
1476727228	4.0
1627982043	3.0
B00JG7JNSS	5.0
1444766708	5.0
1609289447	4.0
1455578347	4.5
1484090306	3.0
B00FDSL6LQ	4.0
B00L4OLMNK	5.0
B00FCUWET8	4.0
1490425071	4.0
148262625X	4.5
1940883148	4.0
061571773X	4.0
1492371289	5.0
1467980757	5.0
B00J6Z32HI	5.0
1494724693	5.0
B00H4W89TQ	4.0
1499190433	4.833333333333333
B00KEZK9F2	5.0
1500260290	5.0
161109951X	5.0
0989373843	5.0
148261376X	4.0
0373860315	5.0
1495912183	5.0
1492824844	5.0
B00DT9ZU9A	3.0
1482086557	5.0
1595143173	4.0
0615796982	5.0
B00JY2P4R4	2.0
0340564067	3.0
1467938351	3.0
B004SP6LLU	3.0
B00C845LOG	3.0
B00CKBRVPE	4.0
0595209017	2.0
1490952624	5.0
B00CAWVTE2	4.0
1484817095	5.0
B0085ZCUC8	5.0
1493788868	4.666666666666667
0989868869	4.0
1490530258	5.0
B00EFM7KZM	2.0
146109111X	5.0
B00L4OV9CO	5.0
0985825553	3.0
0060652926	1.0
1492375675	5.0
B00GVB3NQA	4.0
1455574880	5.0
B00FGFY86G	5.0
B004UI6IGS	4.0
1609289021	5.0
149420424X	4.0
B0069E42VE	5.0
B00GIOQ70Y	4.0
1481162527	5.0
B00HNSLKTW	3.0
1467938378	5.0
1455574856	4.5
1481152718	5.0
B00GQ9IKCE	1.0
1489553207	5.0
0446354678	5.0
1940832004	5.0
B00948Q3HI	3.0
1938623533	5.0
B00C0CPCXG	4.0
1491095555	5.0
146113613X	4.0
0062302426	4.666666666666667
1470147238	5.0
B00IHMEBR6	4.0
B002DOSBOS	5.0
B00KYA9VUQ	5.0
0062302418	5.0
0989373819	4.5
006230240X	4.666666666666667
B00BW7BYLY	5.0
B00EB323E8	5.0
B008WUG5KO	5.0
0991280717	4.666666666666667
1484968042	4.5
B009M69KMW	5.0
1490977929	5.0
1938623541	5.0
B00HDSDDRO	5.0
1463474334	5.0
B00942EA8S	4.0
B00GMZLW0Y	4.0
0545265355	3.0
1499280017	4.0
B00I5CQ40K	5.0
1499156995	5.0
0989373800	4.0
1493539493	5.0
1490533710	4.0
B00DAH19LY	5.0
B00IPOY6KS	5.0
B00B4Y2ODW	4.0
0738726451	4.0
1419950339	5.0
0399147845	5.0
150044779X	5.0
B00LBGL76I	5.0
B00LC9L31I	5.0
B00K7DNGWE	5.0
0425269841	4.5
B00DILU8XM	5.0
0984422900	5.0
B00DLATS18	5.0
B00I0UWJEW	4.0
1447718925	5.0
B00HT8ZTKM	5.0
1493530682	4.5
B003K16VAE	5.0
B00DNMRWEY	5.0
1469252317	5.0
1494376644	5.0
B0089EI560	5.0
B00G1X9G1Y	5.0
B008JHXOKY	4.0
B00ET28R8W	4.0
1492787701	4.333333333333333
1481916025	5.0
B00EWRZG5Q	5.0
149542118X	5.0
1484812212	4.0
B00DYAU0YE	3.0
1608201589	5.0
1497572207	5.0
149446747X	4.333333333333333
1492707619	5.0
0375728074	5.0
0983905274	5.0
1492136824	5.0
B00DSA5U3G	3.0
B00GG5ILU4	5.0
1623804124	4.0
B00C7CZ45A	5.0
1466206160	4.0
149619408X	4.0
1497303192	4.0
148950995X	4.0
B00KKXUHX2	5.0
0345486919	5.0
B00492CJVS	5.0
1481009206	5.0
B00CNTTUWA	4.0
1494707748	3.0
1483906779	5.0
0425264173	4.0
B004GKMEC2	4.0
1496123727	5.0
B00EBMTBUS	4.0
1492178683	2.0
1468161660	5.0
B00H0P5F0I	5.0
B004KNWEDY	4.0
0425269868	4.0
B00B99RJR8	5.0
042526985X	5.0
B00K9ZM2XY	5.0
B00EPK7FH2	4.0
1490997954	4.0
B008G6OKZ6	5.0
B00KAMNARI	5.0
B00BANV988	5.0
B00M0RE7CS	5.0
B00JIWJ78C	5.0
B00G0ZMWOG	4.0
B009QQ12CY	4.0
B0030MQJT6	5.0
1491041307	4.0
B00GI3EDFQ	5.0
1491072032	4.666666666666667
B00E44IIPW	1.0
B004HYH9WM	4.0
B00ITTMGZG	4.0
1496191838	5.0
B00C2YRAQE	5.0
B00GY34GUM	5.0
B009POGE3E	5.0
0989138607	4.5
B009SGX2H0	4.0
0373776039	5.0
B007SJVTRY	5.0
0615769764	4.5
0991566661	5.0
B00A2B87U2	5.0
B0057IOU6K	5.0
0373878125	5.0
B008O53RD0	4.0
B00J7FVYRC	5.0
1484941411	5.0
1493670417	4.5
1496026063	5.0
B009ZPIJVS	4.0
B00HT5SIRQ	4.0
0373513674	4.0
0425241114	4.0
B0057J4Y38	4.0
B008LDJWRK	4.0
B00BG3ELWS	5.0
1492764167	5.0
B009V2YCRA	4.0
B00HYHZHYQ	5.0
1490559175	4.666666666666667
1477808663	5.0
B009AEM1QI	3.0
1461162491	4.0
0692215433	5.0
B00L9S5OF8	4.0
1939927560	5.0
B00FNUND4W	5.0
1496166485	5.0
B008YYKQ1M	3.0
B00HY3W7F2	5.0
0373777787	5.0
0989138631	5.0
1492249009	4.0
1481987712	5.0
1477808671	4.5
B00DZ3T1XG	3.0
B00FKDHLOU	1.0
1481294482	5.0
0062267175	5.0
B00D5YWZFQ	5.0
B009AEM5ZA	3.0
1477817158	5.0
1482069164	4.0
1612187145	5.0
B00JAOKSBI	5.0
0451469402	4.0
B009VSN2DO	4.0
0349402965	5.0
B00LT1BR5G	5.0
1495974057	5.0
B00I0K9VLG	4.0
1492888095	5.0
B00K9TF1KQ	5.0
B00FFS2IFM	5.0
0615803873	5.0
1490962050	5.0
1481896830	5.0
B00I5HXXV8	1.0
B0096NOC4M	5.0
B00FOPTNHM	5.0
B00COQM3GM	4.0
1494296888	5.0
1479763756	4.0
0989219712	3.0
1939962315	4.5
B00KZPHXDW	5.0
B00KPIPQJ2	5.0
0373776470	5.0
1456301152	4.0
B00BD770F2	2.0
0615849601	4.666666666666667
0615788084	4.0
B00ANFW25S	4.0
B00IPL4AR0	4.5
1615819487	5.0
B004W0C520	5.0
0615720455	5.0
B009H68DRK	5.0
1494796392	5.0
1490946810	5.0
1477807365	5.0
B00L5O9V5K	5.0
1490943781	4.5
1476712980	3.0
0345546601	4.0
1469926903	3.0
0615839878	5.0
B00AIA3LKS	5.0
1470042223	3.0
B00328I27U	5.0
B00HXE6HK8	5.0
1609288939	5.0
1455515175	4.0
B00HFYQ346	5.0
0062204408	5.0
1623420415	5.0
1455576506	5.0
1476735603	4.333333333333333
0613171373	4.0
1593093608	5.0
1484010671	5.0
B009K5DIOQ	3.0
0615894666	3.0
1491291699	5.0
1494388588	5.0
0062294776	5.0
0373797338	4.0
147675652X	5.0
B00G12XU1M	5.0
1484835263	5.0
0307700666	4.0
B0080724J0	5.0
148488907X	5.0
0615840841	5.0
B00K5XAZ5W	5.0
B00KAQ5ASG	5.0
B0099S7F98	4.0
B00ES473BS	4.0
B00IGWSBT6	5.0
B004RQD3XO	3.0
B00BX0PTPM	4.5
1490436529	5.0
B00JTGZLFA	5.0
1482518325	4.0
0982432100	4.0
0345546628	3.0
B00DVWJW58	5.0
0345471016	4.0
1476756546	4.75
1482770148	4.0
0425266869	4.0
061582434X	5.0
B00KAIALHE	4.0
1402245866	3.0
B00FKAK9SS	4.0
B005R2LUFA	4.0
1496006488	5.0
1453600698	4.0
1477823859	4.0
1494422549	4.0
0982432119	4.0
B00KGEB5Z4	4.0
1596328231	5.0
B005TWTP0U	4.0
1477817182	5.0
1936305321	5.0
1484043596	4.0
0989675505	5.0
1495493237	4.0
160910255X	4.0
B00EGGIEVQ	3.75
B00ADSEL5E	5.0
160601465X	3.0
1455599255	3.0
098871583X	4.0
1455578312	4.25
B00FCAZOHC	5.0
1496060814	5.0
0615757375	5.0
B00B2KTSUA	3.0
B00J7R9VOI	5.0
1939962382	5.0
1491276029	5.0
1492897418	5.0
B00DW9PVTG	5.0
B00GT0NLZQ	5.0
B00ECBS5OQ	5.0
B00DG9L4B6	4.5
0984946446	4.0
1439194254	5.0
1484934709	4.0
B00KO0H90U	4.0
B009RSFSRG	5.0
1490910433	5.0
1482594021	5.0
1481968106	5.0
1607776405	5.0
0385341636	4.0
1497470161	5.0
B0061TOZ0U	5.0
B00CDVZFRW	5.0
B009U4MU1Y	2.0
B001DOHZ5A	3.0
B0060WNRZC	4.0
1455599247	5.0
1481870912	5.0
1481863398	3.0
148415486X	4.5
031608476X	4.0
B009ASNQ18	5.0
0316084778	5.0
148410630X	3.0
1939786215	5.0
0373079907	5.0
0615847048	3.0
B007XL69GS	4.0
B008VHD6AU	5.0
B008P4LJG2	4.0
B004OEIRJY	5.0
1484865510	4.5
0373830122	5.0
0060935766	4.0
006228939X	4.5
1484164210	5.0
B00LNTOHOC	5.0
0425255700	4.0
0991401115	5.0
B00AXTM8G2	4.0
1492127132	4.0
1484013387	5.0
B00HPMD68O	4.0
B00FQHQXJY	3.0
1481948997	5.0
1492186775	5.0
B00KWLI1PS	5.0
B00CV30X1K	3.0
B00LKS5WUY	5.0
0991082303	3.0
0062018957	5.0
148207849X	4.0
B00DRTDDNC	5.0
1605047708	5.0
B00HHBU6LS	4.0
B009MQ41Q2	5.0
1499797664	5.0
1482687240	5.0
1494897865	4.0
B00GEMBVM4	5.0
B004UN4B7G	3.0
B00JYKUG6U	5.0
B00E1IHYJ2	5.0
1476735271	4.0
B00KSS733Q	5.0
1623804981	5.0
B00HA5SBC2	5.0
148252502X	5.0
B008VXUI0A	4.0
0743579631	5.0
149274459X	5.0
B00IP8459G	4.0
147000870X	5.0
B003EYVZVW	3.0
B00DUWZC76	5.0
162878007X	5.0
1490595635	3.0
B00DQIXS3Y	4.0
1455599220	5.0
B00BS2EIIO	5.0
1499505078	4.0
1481861182	5.0
0451233328	5.0
B00KR1NEHI	5.0
149494264X	5.0
B00J2F81CS	5.0
1937044475	4.0
0988986299	4.0
B0086VVB1C	3.0
B008RMAZSA	5.0
1455554308	5.0
B00E63ML0O	5.0
B0050QI8BW	4.0
1563333325	5.0
B00H12A1UY	3.0
B00FJOKMEQ	5.0
B007YJ3JV2	3.0
1627982582	5.0
0385341679	5.0
1490401822	5.0
B0080RBQL2	3.0
B00ASO8BFO	4.0
B004K6MLMA	3.0
B009TBG5NM	3.0
B0064P9O34	3.0
1477808620	5.0
1494851636	4.5
148183925X	3.0
B00CNID0J0	3.0
1628780096	5.0
B00J7FVQMK	5.0
1497472393	5.0
B00JTIZW7U	5.0
B00LZ4D0UC	5.0
B00IQVDSYK	4.0
B00IA9TLBM	5.0
1593093683	5.0
B00H5XAQOU	5.0
0758214324	5.0
B005UGFEQ4	5.0
B00AMOODZM	5.0
0062317458	5.0
B00I513YAY	4.0
1492946850	5.0
1492812080	5.0
B004VWMMUO	5.0
B00EFW44C4	5.0
0991181808	3.0
B00B9R924S	5.0
B00DCFXLEC	5.0
1480225649	5.0
1476735247	4.0
B004OEIRNA	3.0
B00H0UT5UO	4.0
B00KC8Q522	4.5
0778315568	5.0
B00J1TBTN8	5.0
149755750X	3.0
0373731957	5.0
1490313281	5.0
1495498530	5.0
1478127147	5.0
B00814K01Q	5.0
B00FI33X3A	5.0
1484920147	5.0
1627982566	4.0
B003V8BU84	5.0
0385341652	4.0
1627984747	5.0
1496135393	5.0
0988715880	5.0
B00I0ZF9VM	5.0
B009W77SXO	4.0
1583415831	4.0
1619214164	4.0
B00JJ64B6U	5.0
1476706417	5.0
B004ISLQCG	4.0
B00HNXTHC4	5.0
B0081NXW9O	5.0
B00FJE9026	4.5
1478360577	3.0
B00E3UOBG2	4.75
1843600676	4.0
B0049H96KK	3.5
0804176809	4.0
B00AMUZS3W	5.0
B00KCAP936	4.0
1475037775	3.0
B00L87JAWS	5.0
0452272424	3.0
0985374233	5.0
1499752822	5.0
1938296036	5.0
1492917192	4.0
0615680046	4.5
B004H8GCXU	5.0
B00IKZ7TJW	4.0
B00CX5V74I	5.0
1480278807	5.0
1623800080	4.5
B0084U9KWW	4.0
006199104X	5.0
1492893900	4.0
B009W9GJL4	5.0
B008O53UZ0	4.0
B00DUH3Q9C	5.0
0758231555	5.0
B00E7XUGM8	5.0
1620151731	4.0
B00BMTQNQ8	3.0
B00L8CUD2E	5.0
B000VWM0KU	3.0
B00A8PL3U8	2.0
0988170116	4.0
148482606X	5.0
B004G0936W	4.0
1484168542	5.0
1497435900	5.0
B009VIE3FA	2.0
0451235843	5.0
1620612917	5.0
B00EXF742U	5.0
1468008862	5.0
B0090P1MIU	4.0
B00BSH3SS0	5.0
B00AYIDVLS	5.0
0989246515	5.0
1484079833	5.0
1484921275	5.0
0062085611	5.0
1615816003	5.0
B008RH5NSC	3.0
B00GMKKJ58	3.0
1480083909	4.0
B003SX122G	4.0
0615964079	5.0
1481280767	5.0
B00GQZDJME	5.0
B00H5SDPQQ	5.0
161935103X	5.0
B00HZ3NG74	4.0
B00K4YX0S6	5.0
0316220973	5.0
B00DSGN9B0	5.0
B008JHXROC	4.0
B00B5W9PWQ	4.0
0578129965	5.0
149429169X	3.5
B00LP3ULFU	4.0
1482582627	4.0
148238745X	4.0
1494839245	5.0
146094111X	5.0
B00IGBG96E	1.0
0983706352	4.333333333333333
B00L7UT8GE	5.0
B00JYZGK56	5.0
B00IPIMWUK	5.0
B00GBIYX8A	5.0
1490589481	4.0
1476717516	4.0
1495985636	4.0
1494432935	5.0
1484185064	5.0
1482618516	5.0
B00IKZ7THE	5.0
1482767775	5.0
1495453227	4.0
B00LYH0JD6	5.0
009950975X	4.0
B00J2JNS8Q	5.0
B0036ZAHDG	4.0
1937007588	5.0
1476717524	4.0
0062127543	5.0
B00CAB1RF4	3.0
0143142372	5.0
B00EX4UIV0	4.0
B00E31AHYG	5.0
0615811752	4.0
1470165627	5.0
1492259667	5.0
B0092MPT80	4.0
B009043KF4	5.0
1484007735	5.0
1604359951	4.0
0451219368	5.0
148002211X	5.0
B00FO6WOZY	5.0
B0082OISR8	3.0
149735837X	5.0
1489521534	5.0
147513844X	3.0
1476751404	5.0
1491008113	4.0
0615741932	4.0
B00AR7UYU2	5.0
B00I2SWC1C	5.0
1499504039	5.0
B00BTKEW2C	5.0
B00K0N2SRA	5.0
B00FGHYLD4	5.0
B00BF4S2B4	5.0
1483966763	4.666666666666667
1475047517	5.0
1771300345	5.0
B00BAN2ETQ	4.5
1479398772	5.0
B00HCZUYQG	5.0
037376281X	4.0
0758231512	2.0
B00LLWDUDK	5.0
1484119134	4.0
B00CNQ7BG0	4.0
1623801389	5.0
B00H1I3UA6	4.0
0957496168	5.0
B00AG1JFYA	4.0
B00GMPH6E0	5.0
0615956017	5.0
B00KP2BAWA	5.0
0473240610	4.5
0615833500	5.0
1492237868	5.0
148488308X	5.0
1484927850	4.5
1492301205	5.0
B00ERFMUW0	5.0
1482060930	5.0
1939865360	3.0
160928822X	4.0
B00JU93M6Q	5.0
B00LEST7MO	4.0
1484858913	5.0
B008JI94PM	4.0
1939276012	5.0
B00AMIH8Y6	5.0
B00JNSN3RM	5.0
0981563619	5.0
0545210127	3.0
1250058236	5.0
B00H9RKOXK	4.0
0615474322	5.0
B00B75Q58S	1.0
1481988867	5.0
B00HZVPR9G	4.0
0451239350	5.0
1494482320	5.0
0957496176	5.0
B00D7H38ZM	1.0
1497448808	5.0
B0043GX2FW	5.0
1456527738	4.0
0451228219	4.0
0316129534	4.0
B00KA0AT06	5.0
1483940993	5.0
1480054542	5.0
B00JDYC5OI	4.0
1495307352	5.0
B00FAUSUO8	5.0
1492144371	5.0
0062204467	5.0
B00J9YFE5Y	5.0
B00BPIEDPY	2.0
B005S6LEWO	5.0
1940652073	5.0
0957496184	5.0
1493584154	5.0
B007ZAZC2Y	5.0
1479344591	5.0
B00JP0NWFQ	5.0
B0050P3ZNY	4.0
1478314605	5.0
1477699287	5.0
1477809597	5.0
B00K0YPPME	5.0
B00JA0ZGQY	5.0
B00ASDYLJ0	5.0
098839135X	4.0
045123801X	4.0
1440562237	4.0
1497440068	5.0
B0015YEQ6O	5.0
0991418239	5.0
0615718353	4.0
1463502664	5.0
1479306282	5.0
B00CGOWIL2	2.0
B00KZ0ZNS4	5.0
B00D3P83TE	4.0
B00GANFU4W	5.0
B00D3VJIU6	5.0
1477822577	5.0
0373605153	5.0
B00EBN532W	1.0
1611099838	5.0
098760239X	3.0
1489534806	5.0
B00J93293U	5.0
B00G2571ZE	5.0
B00HNF4O6G	5.0
1940165032	5.0
1489554408	4.0
1500187216	5.0
B005HMGY0G	3.0
B00LEZ9E4I	5.0
B00BTN2DSY	5.0
B00INJ44NY	4.0
B00KKXTQG6	5.0
B00HTJJSSU	5.0
B00F6ELODW	5.0
B00G5JL6XA	4.0
B00EB3F4M6	2.0
1479103780	5.0
B00FZEGYII	4.0
B00EOC3FNY	3.0
1470033305	5.0
1477822569	3.0
0062204475	5.0
0373793510	4.0
1492353558	4.0
0312563752	4.0
098829544X	4.0
0373210493	4.0
1484053699	5.0
0345532600	5.0
1494480581	4.0
B00BBX9B3C	4.0
B00BGIUFRI	1.0
1481136577	5.0
B00HGZE238	5.0
1599982870	4.0
0988391333	5.0
B00HCMBQVQ	4.666666666666667
0989986306	5.0
B009JHFVM2	4.0
0312992416	4.0
1483927571	5.0
149031802X	5.0
B00AQP7HNM	5.0
098938280X	5.0
B00B3KPBSW	3.0
B00FIL334Q	4.666666666666667
B00H7IEPXG	5.0
0982513208	5.0
1461121736	4.0
B00I2VUKKY	5.0
1492141291	5.0
B00G3A9SQ8	5.0
0989210928	5.0
0984912908	5.0
B004ZURWV6	3.0
0312580134	4.0
1492928720	3.0
B00ES2OZ5W	3.0
B00HTAXTOS	4.0
B00K9OOET0	5.0
1491065621	5.0
0316129518	5.0
1492706671	3.5
1481985337	5.0
B00BOWTTNC	2.0
1938623614	4.0
1490984798	3.0
0987741101	5.0
1497435552	5.0
0738736597	4.0
B00I89ZB3Q	5.0
0988391317	4.666666666666667
0399166459	4.0
B00HOSAE52	5.0
B00FG9BDIS	4.0
1494751534	4.75
B00BENU5H0	4.0
B004G5ZSJ8	5.0
B008LX6TQ2	4.0
B008MT8VMU	5.0
B00DNI7UE0	1.0
B0095WD3KI	5.0
B0080XQWME	4.0
1490381716	5.0
162380535X	5.0
1499622988	5.0
B00DRL96CC	5.0
B00HCLDV24	5.0
1492717312	4.0
B00H9WL498	5.0
1492785423	5.0
B00BVNH75Q	5.0
1402211597	4.0
0615826814	4.5
B008Z4GYBC	4.0
1475147341	5.0
B00IDW1B6O	4.0
B00DQ6PEA6	5.0
1938623622	4.5
1483942716	5.0
0385346433	4.0
1491726156	5.0
B00FZ61D0A	4.0
1467973270	4.0
1936782111	5.0
B00ASE1J9O	5.0
B00KKQ9X0C	4.0
B00FAH38DE	4.0
1484854152	3.0
B00EUDOEIC	5.0
0983374732	1.0
0989316041	4.0
B00DIKH6ZG	4.0
0615834027	5.0
1500181544	5.0
1477661875	4.666666666666667
B00B1INX6I	4.0
1607778793	3.0
B00B0QITYC	3.0
0446357405	5.0
B00IX4583Y	5.0
1476730091	5.0
0525947965	5.0
1481844369	5.0
0316404381	4.0
B00K9QUXAC	5.0
1250050367	5.0
B00GO6VI50	4.0
B00LCA8612	5.0
149040399X	5.0
0738725951	3.0
B00FE09IK4	4.0
B0086WG6N4	4.0
1629290203	4.0
B00FEXXD4S	3.0
B009R8DHRE	5.0
0451417054	3.3333333333333335
B00K395P12	4.0
1481126709	5.0
1492746622	4.0
1941450008	5.0
1939786177	5.0
B00BSHEOCO	5.0
1484931963	5.0
1490471103	5.0
1490324623	4.0
1490943846	5.0
B00I1TD7BG	5.0
B00KY8G61A	5.0
B007BJMJCU	4.0
1481937774	4.0
149738737X	4.0
1477805281	4.0
0758228821	4.0
B009LXV3JO	5.0
1461119847	5.0
1475091648	4.0
1416509577	4.0
B00DY8HAH6	3.0
149295490X	4.0
B00F01WMK0	4.0
1490519637	4.0
1484895894	5.0
1461085543	4.0
1484054172	5.0
0615809057	4.0
1490951032	5.0
1610340361	4.0
B00GRCP66S	5.0
B00IMHU7MO	5.0
0595429262	2.0
B00KZKZTNI	3.0
1482632462	5.0
B0075VFMCI	3.0
B00GQIKG72	4.5
B00I17JLUO	5.0
1481960121	4.0
B00HHAUWT0	1.0
B00FAY90KM	4.0
B00B1XELYQ	4.0
1497455049	4.0
1939962439	5.0
B00IX6AGU2	5.0
148234873X	5.0
0425241262	4.0
B00CPXT38A	5.0
148491502X	5.0
B00GQ0OF8G	5.0
1419951653	4.0
B009LRWWYK	5.0
1494722631	4.75
1419968084	4.0
1939786150	5.0
B009AEM4YC	3.0
B00CGTWC0O	5.0
149473592X	5.0
0578133512	5.0
1497426995	5.0
B00HOIH342	5.0
B00HGK8ZWM	5.0
0373860757	4.0
1402245777	4.0
B0091XZ4U8	1.0
B00IN8HWPC	5.0
B0056QJL2Q	2.0
B00B60C3PS	4.0
1476741182	4.666666666666667
B00IHQKGJ4	4.0
1484186702	5.0
0615859763	5.0
B008PVA3SK	4.0
006178320X	4.0
1455554820	5.0
B00CQ5R0D2	3.0
B0087GUGMG	5.0
0425267822	4.0
B00ARON0OW	5.0
0989780716	5.0
1600854907	4.0
B0095JX7F2	4.666666666666667
1603745076	5.0
1455549002	4.5
1494937115	4.5
B00CQQW1ZI	5.0
B0094P45DU	4.0
148021132X	5.0
1481812718	5.0
B0031Y9CPG	3.0
B00JW4RP6W	4.0
0321476735	5.0
149280584X	5.0
B00GP49IOO	4.0
B00CQ5R0DM	3.0
B00A2ZUPVC	3.0
B00CHADMNI	4.0
B006Q648F0	4.0
1492346896	4.0
1583146210	2.0
1495472418	4.5
1461085977	5.0
0957484607	4.0
0425267814	4.0
1496085574	4.0
0345545869	5.0
1493671898	5.0
0778313654	5.0
1402244428	4.0
B00E5S0JQ8	5.0
B00EX5JM0M	4.0
1494999811	4.0
1494871718	4.0
B009AEM15O	2.0
B00K0OL35W	5.0
1595302778	5.0
1492781452	5.0
1470033860	4.0
0979504880	4.0
1627981527	4.0
148276590X	4.0
1492350915	5.0
B00AID5QZS	5.0
1596328584	4.0
B005GQU32I	5.0
B00HRC5Y7I	2.0
0425266516	5.0
141658918X	4.0
B009TEX3WK	5.0
1492230790	5.0
1484120906	5.0
B00C11XQLG	4.5
B005EIC308	2.0
B00LAVI4N8	4.0
B00CC0XI8C	5.0
1939457130	5.0
B0084XJP2O	5.0
1482678225	3.0
1493513834	5.0
B00JLUH7Y2	5.0
B00LS6M6UC	5.0
0957484623	4.0
1626490570	5.0
B00DA7MHUQ	5.0
978160820X	5.0
1939786193	5.0
B00GSWF888	4.5
B00EIJ8FLK	4.0
B00EAY3V4E	4.5
1449975224	4.0
B00DY8HAK8	4.0
1476753164	5.0
190949013X	4.0
B00AJ2C50M	5.0
099200652X	5.0
162380132X	4.0
1491090561	4.5
1491052295	4.0
0991309693	5.0
B00DR6WOY4	4.0
0345544110	4.0
0316204889	4.0
B00IR2J49G	5.0
1481004379	5.0
B00BPDMVDU	5.0
B00EP6LI92	3.0
1490346023	5.0
1484131622	5.0
1466365951	4.0
B00E3UW03S	4.0
149475861X	4.0
B00CC6X8HC	5.0
0985059176	5.0
0803477821	3.0
0692208879	5.0
1613720874	3.0
1495960390	5.0
0615846084	5.0
1452662673	5.0
B005AQ2A8E	5.0
0451947630	5.0
B00DQAFCKO	4.0
B005M8GWPC	5.0
B00DY8HAMQ	4.0
1492769339	4.5
1620043211	3.0
1480039810	4.0
B004Y5MWZI	5.0
1480145424	4.0
1499163096	5.0
B00JDLFHRI	5.0
1620612194	4.0
1583145311	5.0
0425214001	5.0
1475223897	5.0
149745901X	5.0
B00EPWDBS2	3.0
1940883121	4.5
193996248X	5.0
B008T8P5UU	5.0
B00K4P35YO	5.0
1468008919	5.0
1497378036	5.0
1499104774	5.0
1482727668	4.0
B00EWUJNO8	5.0
148205633X	4.0
B00LLI4V82	4.0
B00KGNBDYI	5.0
B004QGYHEY	4.0
B007I87NW0	5.0
1482792621	4.5
0385338317	4.0
1496147464	5.0
B00GXKWCWA	4.0
1490359311	4.0
1492760994	4.0
1495262375	4.5
1623420725	5.0
0425267806	5.0
1494277859	5.0
0991309677	5.0
1482680955	4.0
0991426738	4.333333333333333
1419969331	3.0
0988489112	5.0
B00H0QU0SY	4.0
B0089YHC1O	5.0
B003VIWRRW	4.0
B00GM42DEE	5.0
1484972090	5.0
B00DK7EGCI	4.0
0615676863	5.0
0312624689	4.0
B00EC100VC	4.0
1490933646	3.0
B00IDW1ODE	4.0
1495212505	5.0
B00BB3KD0W	3.0
1617690139	4.0
B00JPTY4M2	5.0
B00J3ZVZ2U	5.0
B00BACYYRW	1.0
B003ZYFCPQ	4.0
1612173705	4.0
1623802695	2.0
B00DD89DIG	5.0
B00HDSBXP8	4.0
B009EAV4V6	4.5
B00BUZ3C5Y	4.0
B00DY8HAOE	4.0
1484861280	5.0
1499765738	5.0
B007HOVTQ6	2.0
1496030001	5.0
1491291796	4.0
B0089H1YEW	5.0
B008PU4QNO	4.0
1482706725	5.0
B00DUB24LO	5.0
B00DG292XK	5.0
0425262103	4.0
1490349529	4.0
B00BU7KBRE	5.0
B00IP1CTT6	5.0
B00EVL9HH6	4.0
1481258885	5.0
B00CCH4WKI	3.0
0062351893	5.0
0615662242	4.0
0803496540	5.0
1480071110	5.0
1600854990	5.0
0991309650	5.0
1611098041	5.0
0991426711	4.0
B00H1BHWC0	4.5
B00LJ827NU	5.0
1481909282	5.0
1599984261	4.0
B003VD2330	4.0
0425272346	5.0
1484148029	3.0
B00A8PYXHS	2.0
1493616269	5.0
1484148037	4.0
B004OR1UGI	3.0
B008HYUETS	5.0
B00AA5CKPI	5.0
1476760772	4.0
0380776820	5.0
B00F7SOBRS	4.0
B0057PITS8	3.0
B00IODNJRG	3.0
B007IO7C6Q	4.0
1500417483	4.0
B004UC6H7O	4.0
1492869031	5.0
0985059133	5.0
1478244399	5.0
B00KXEP22E	5.0
B00A9K1S6Q	3.0
B009W9QTVY	5.0
1489586083	5.0
1491039701	4.0
1402218567	4.0
B009K43ICE	5.0
B00JASPPM6	5.0
1471133567	5.0
B00BUTLKGS	5.0
0425272354	4.666666666666667
0615748996	4.0
1257652591	5.0
160598406X	4.0
B0085NZO0U	5.0
1939786134	5.0
B00F5DF9QC	5.0
1482640058	5.0
0060526335	5.0
0615843840	5.0
B00L9HIR4E	5.0
1493709232	5.0
1435753291	5.0
1477849262	5.0
1476751803	5.0
1484109724	4.0
B00DZVKL64	5.0
1481058134	5.0
0778314103	4.0
1469982994	4.5
1482027402	5.0
0615816215	5.0
1499145284	5.0
B00860MWLG	4.0
B00B8UBC8A	4.0
B00CQWHYFE	5.0
1937394867	5.0
1497544106	5.0
0241966647	4.0
0993702325	5.0
B00H0V34Z0	4.0
B00KCUU8PU	4.0
061588699X	1.0
B00HWIBEGW	3.0
B00C4CK8PE	4.5
B00EOGP1JG	5.0
1416595457	5.0
1939786118	5.0
1481015435	5.0
1479327573	4.0
B00KVT8S7C	5.0
B00BGVJ8WS	5.0
1494467933	5.0
B00BRK1EGQ	4.0
1419968432	4.0
B00FWG96A2	5.0
1481939904	3.0
B00GSWRLCE	5.0
1499103425	5.0
B00EYJ2LGY	5.0
1597480800	5.0
1481083538	5.0
1626490171	3.0
B0088Q23F8	4.0
0989527417	4.0
1492322083	4.0
0615883001	4.0
B008OYM3EK	5.0
B005KC29BG	4.0
1609680049	5.0
B00BUT8MIW	5.0
0778314006	5.0
1481874330	5.0
B00K6R1A8S	4.0
B00IA6QWP8	5.0
B00F942X6Q	3.0
B00JJ532WA	5.0
1477847103	2.0
1495200388	4.0
1630350273	5.0
1491219645	5.0
B00E66PQSK	3.0
0736938621	5.0
0758266510	5.0
0062267744	5.0
0385339151	4.0
1449787401	3.0
B009G9T87W	5.0
B0095YE84Q	4.666666666666667
1484073150	4.0
B0053PVHTU	4.0
B005GYBP4K	1.0
1495211037	4.0
0989247988	4.666666666666667
B00K1053R4	3.0
B00HG15RHM	4.0
B00K3517K4	5.0
B00FJ1E9IY	5.0
B005QCYZZS	3.0
B00K4Z948K	4.0
B005JSJUFE	4.0
B008JHXQL6	5.0
1471133524	5.0
B00EDWMG3K	5.0
1613725124	4.0
B00CMJ7BEA	5.0
0451234871	4.0
1453755438	5.0
0758266529	4.0
0312942230	4.0
1484053524	5.0
1444775871	5.0
1482710714	5.0
B00DEK1TFI	4.0
0991732766	4.0
0451234863	4.0
B00CAWFFRE	5.0
1497322081	5.0
1491068116	5.0
1615818758	5.0
1941098053	5.0
0312381239	4.0
1612130976	5.0
1495480534	5.0
0989247953	5.0
B00A72WJ3W	5.0
1466397373	3.0
0988489198	5.0
1455526975	5.0
1582974551	5.0
1482694158	5.0
0062267728	5.0
B00IO4JNA2	3.0
1481997289	4.5
099173274X	4.5
0615820999	3.0
B00GU2Y0L2	5.0
B00GEU1Q0I	3.0
1484021959	5.0
1455599085	5.0
1479126756	5.0
B009G0SSK4	4.0
1482032503	5.0
0312979975	5.0
042519485X	4.0
B00AR3GK0Y	4.0
1496129628	5.0
0373775814	4.0
0425267083	4.333333333333333
1940346053	5.0
1934531316	2.0
B00KEZV34S	5.0
148391769X	5.0
B00DLY80CC	5.0
1607379163	5.0
149934306X	5.0
1484818571	5.0
1936413353	5.0
037377012X	5.0
B00AJW1VE8	5.0
149973865X	5.0
B00I590F8A	4.0
0615822762	5.0
B00E2T7Y1I	3.0
B00I8N3NO6	5.0
B009BIHQM2	4.0
B00F1R0T7Q	4.0
0425263908	5.0
1482568446	5.0
B00IFVYRAU	4.0
0615821421	4.0
B00IW3BOC0	5.0
B00B09RYJK	5.0
B00HNWEA9K	4.0
1493632876	4.0
B00J1HNFMS	5.0
B00F1R0T76	4.0
B00K283O3U	5.0
1492119237	4.0
1499142978	5.0
1940448018	3.0
1494968525	4.0
0989416496	4.0
B006BC05R4	4.0
B00DD2VXNU	2.0
B006I2RN9U	4.5
B009WCP5SE	5.0
B00HY0K7O8	5.0
B006PNS31O	5.0
B009SPYCP2	5.0
1477477284	4.0
1481953214	5.0
0557083311	5.0
1439192316	5.0
1476718970	5.0
1941098096	5.0
0990425010	5.0
B00C50WRDQ	5.0
1615818731	5.0
1490487190	4.0
0312381220	4.0
B00EK84D0G	5.0
006229931X	5.0
B00DI9DMN2	5.0
0425263924	4.25
1609286189	5.0
1490468439	4.0
0988264242	4.333333333333333
0007492316	4.0
B00F2NMUVM	3.0
B00G07B4GQ	5.0
1453755446	5.0
1482520087	5.0
147003655X	4.0
B00759OYY2	5.0
B00J3BRW6C	5.0
1477628797	5.0
1490310835	5.0
B00AYOSV6C	3.0
0425267040	5.0
B00F3FE60M	5.0
038533916X	4.0
1481053639	5.0
1597480770	5.0
B00H5Q2YNI	4.0
0425263916	5.0
0988264250	5.0
B00CP8WH4W	5.0
1477849793	5.0
149039754X	5.0
1461045401	5.0
0989281000	4.5
1490558861	5.0
B00H0UT7PM	4.0
1612183034	5.0
0988489171	3.5
B00H8TBLWC	5.0
B00KF0URBM	2.0
1490418547	5.0
B00CE7B32G	3.0
B00F1R0T9E	3.0
1497342538	5.0
B00AJ6TLNC	2.0
B00DFKVJ5C	3.0
1492343846	5.0
1494386631	4.0
0451231740	4.0
1494385783	5.0
B00H85VLC6	5.0
B00ADO64B2	5.0
B00FWG1DD0	3.0
B0081SO0FE	4.0
1631420038	4.0
B005BFXTEI	5.0
B003URRRCE	4.0
B00IA7X40S	4.0
B0098796PQ	4.0
0743471652	5.0
B00748O78C	5.0
1481836447	4.5
B00JFHKEOG	5.0
B009B11BKW	4.666666666666667
B00KBILTW4	5.0
B00AQ36WMG	5.0
B00J0KYFSO	5.0
0989281027	5.0
1494899469	3.0
B00IJJBJR2	4.0
B00B8U421O	3.0
1484104811	4.0
1482709333	5.0
B00F2M2YSM	4.0
1484994566	5.0
B0041VYKH8	5.0
1482796104	4.0
B00FH7H2AM	4.0
0615835619	5.0
B005SVVFL4	4.0
B00BO0QE4Q	4.5
1492741310	4.0
0345528204	4.0
0615613373	5.0
B00IND9DJA	3.0
B0082ZE4R0	4.666666666666667
1493625675	5.0
0557301777	5.0
0451229452	4.0
0451468279	5.0
0991105419	5.0
149477125X	5.0
B0030H269S	4.0
B009Y5KKMU	5.0
0988275732	5.0
B009XYZVGW	5.0
0316102148	4.0
B004GEB0GY	2.0
1482743205	5.0
B00FKLJI1G	4.0
B00BO0TACO	5.0
B00F9EZCKU	5.0
B00AV4X6GK	4.0
1466337222	5.0
1492809438	5.0
1630350222	5.0
0989281043	5.0
0800730976	5.0
B0058LZT4S	5.0
B00K9NWRLI	5.0
147674355X	4.5
B008IUB17K	4.0
1494774305	4.0
B00HQLB72Q	4.0
0312620519	4.0
0380815524	5.0
B00GH33TRA	4.0
B00FA11TTU	5.0
B00KE7GRQA	5.0
1627984097	4.0
B007X4MXSS	5.0
B00JORLRJS	5.0
B00EKJGRJ0	5.0
0451237013	4.0
B00GO3HQE0	3.0
B00KF29D8I	5.0
1483964884	4.0
B00I9QF124	4.0
149090784X	3.5
B00JRQ08HI	4.0
149539090X	5.0
B009THH70Q	3.0
B00GF6BVXI	5.0
B00BETNNDW	4.0
1440433151	5.0
1494286823	5.0
0979504821	3.0
1606597205	2.0
B00E5I9DL0	3.0
B00GLBRGCC	5.0
B005OLJ3VC	4.0
B00BIQW1XY	5.0
B0080UST5K	4.0
1623807867	5.0
1489544941	5.0
B007YIZ2YA	3.0
1612177212	5.0
B00FCRLDR0	5.0
0451419707	5.0
B00J9LKE2U	5.0
B0076U1XZ8	5.0
1935192809	4.0
0446574481	4.0
1626490511	4.5
B00EUAYECG	4.0
B00AH00WWO	4.0
1490389571	5.0
B00J5NRLAA	5.0
0451468287	5.0
1476764468	4.666666666666667
1451678673	4.0
1494794357	5.0
B00CFOC822	5.0
B00CY0F0NG	4.0
1492889571	4.0
161109884X	5.0
0979311055	3.0
0989416429	4.0
1627986251	4.0
B00BV8Z72G	5.0
1481170422	4.666666666666667
0804176787	5.0
1936833522	2.0
B00A4Q06C2	5.0
1493563343	5.0
0988301318	4.666666666666667
1481934902	5.0
B0054LX3C2	4.0
B0093TKFVI	5.0
B00JD223TW	5.0
B00AZMFJ5O	5.0
B00DGVFUJG	5.0
1482624257	5.0
B00DDXKA1U	3.5
1497471729	5.0
B004WSXGXE	5.0
B00I7KFLUY	5.0
0991235916	4.0
0979311047	3.0
1475139837	5.0
0373778449	5.0
B00KZ9E37C	4.0
1492271225	4.0
193755130X	5.0
1479299936	5.0
B00JOWF2JY	4.0
B00EB3FDHM	4.0
0312947984	4.0
B00BSNKLNY	4.0
0692244271	4.0
B0096KHEFE	5.0
1482319055	4.0
1455582689	4.0
B007MIITQA	4.0
B00CLECQ28	3.0
B005Q07FK2	4.0
B00EUBGT7I	5.0
0615734901	4.0
B00G8UF35S	2.0
B00KGC2SV6	5.0
1495927857	5.0
1611249538	5.0
1937551792	5.0
B00H04ZOQE	4.0
1781845433	3.0
B008Y0J9OQ	5.0
9769548685	4.0
B00JVSWYV0	5.0
0989707350	4.0
B00IB3T5P4	4.0
B008BZLW5S	4.0
B00BBMN2R4	3.0
0425220419	4.0
149236522X	5.0
0989102300	5.0
1495461432	4.0
B00AV4X9TO	5.0
1494297523	5.0
0373272332	5.0
B003N3V61S	5.0
B009FRSVL4	5.0
B003100U5G	5.0
B00AI68N32	5.0
B00486U5NE	5.0
B00F942XHA	4.0
0595385125	3.0
B005ZWRMM2	4.0
B00C0D2MAQ	3.0
B009H50IJM	3.0
1499638361	5.0
160928125X	5.0
B00IVSF77Y	5.0
1456888587	5.0
B00DW7VI7M	4.5
B00HLX9Z3C	4.0
B004XWBBHM	5.0
B00FKQ8H0O	5.0
1493545981	5.0
1490368574	5.0
1622415450	5.0
0989339270	5.0
1609367707	5.0
1490449647	4.333333333333333
B00HFUAODQ	4.0
1479225703	4.0
B00KJICKNI	5.0
B00EAHZR5W	5.0
1626490031	3.0
1490383700	5.0
1419967096	3.0
0857072285	4.0
B00B10AVJ8	4.0
1497501148	3.0
B00DYB9I00	5.0
1442345462	5.0
B00BWF3P5E	4.0
1492182125	5.0
B00BCA1YHK	5.0
1612132227	5.0
1482703513	4.5
1484114558	4.5
1623420687	5.0
B00KBBD10O	4.0
B00BFI9HJG	4.0
B00GNA18JI	4.0
B006LXOZHO	5.0
B00JVXUIP4	5.0
1484872444	4.0
1490449639	5.0
B00JE1ZNOO	3.0
1492973327	5.0
B00K2G43PA	5.0
B00IHS123G	5.0
B00D0SZ3GA	5.0
B00CGKP6EW	3.0
B00H9HCHIU	5.0
B00LINDV7W	4.0
B00FCGNC2U	3.0
B00IP78ISQ	2.0
1781121044	4.0
B00HQQ5ZP6	4.0
B00HEZR8V8	5.0
B00IX7L5UG	4.5
1478354224	5.0
B00E8FOLUI	4.0
1627987150	3.0
B00LDZFR3Q	5.0
1938786688	5.0
B005GXROO6	4.0
149929798X	4.5
0989192369	4.0
B00KB4DLMO	5.0
1492103748	5.0
0988273608	5.0
B00C53PC7Q	5.0
1484186613	5.0
149105476X	4.5
0373605323	3.0
1627980512	5.0
0989339246	5.0
B00BS3J7F2	3.0
1452895503	4.0
B005ZZJPVA	4.0
1496021819	5.0
1494282011	5.0
B00HJ692AC	3.0
B00L2V73TM	5.0
B009NNXUKC	5.0
1482306069	1.0
1492121169	5.0
0778313999	4.5
B00EXTZ676	4.0
B00KZ52Y1I	5.0
B00DAI2Z6Q	5.0
B00B4Y2UHW	5.0
0615781608	5.0
B00HMP4JEO	5.0
1612177166	3.0
B005FSIQKI	5.0
B00ERF83CQ	5.0
B008DI0W2C	4.5
B00B0NOTUS	5.0
B004NBYBLQ	5.0
1468187953	5.0
1497326923	5.0
B009J2KAU0	1.0
0473254204	4.666666666666667
149979178X	5.0
1480529699	5.0
B00B39MTZG	2.0
1460934156	5.0
0553445383	4.0
0778315703	4.666666666666667
B00EBSOLFW	4.0
147500544X	5.0
B00IOU3ZCI	5.0
B00JO8YPG4	5.0
1490506446	4.5
B00H7IM66Y	1.0
B00JUCHUMK	5.0
B004G08YMQ	5.0
B0098HNVPC	5.0
0991105451	5.0
1455598992	5.0
1479348988	5.0
B00ICYQVOA	4.0
B00FA2B9S0	4.5
B00KHHOUKW	5.0
1479390046	5.0
1939786096	5.0
0615734847	4.0
1419967053	4.0
1475043740	5.0
0975546406	5.0
B00HNY8LO8	4.0
1600430090	4.0
0989438708	4.0
B00A9MKHOI	5.0
148183682X	5.0
0373731329	5.0
0553445391	4.0
1476746532	5.0
1490927042	5.0
0778313530	4.0
1489515690	3.0
B00BOTU4JI	5.0
B00K9NWRHW	5.0
149091191X	5.0
B00IE4QU7Q	5.0
B00F1R0TJY	4.0
B00K9O53UO	5.0
B00EJ32J2Q	4.0
B00JKW0680	4.5
193978607X	5.0
1611189837	5.0
0985872586	5.0
B0060PEOR4	4.0
B008X7FLTC	5.0
B0090UJK84	3.0
1844883078	4.0
B00JFBNZ6G	5.0
1909108065	5.0
1482532832	5.0
149958492X	5.0
1494418290	5.0
1495461424	5.0
1497585368	4.666666666666667
0988695103	5.0
B00CHP64IS	5.0
0984020896	3.0
1939455073	5.0
B009TU9M06	4.0
1250043786	4.0
0312362153	5.0
1492859761	4.0
B006SRTWOE	4.0
B00HCQA7HQ	5.0
B00A4S4CNO	5.0
099050560X	5.0
1609365585	5.0
B00B90VF4A	5.0
B00J37ECPK	5.0
B00HLWBYVY	4.0
0983979782	4.0
B00AKKN9TY	5.0
B005LVXHX0	5.0
0988771373	4.0
B00KA0JEHU	5.0
1496170342	5.0
0764212095	5.0
0064434508	4.0
B00IA1QLKY	4.0
1489578765	5.0
1482609959	4.0
147677594X	5.0
0988264269	5.0
B00IJYIFG0	3.0
1500145173	5.0
B0038KX8S0	4.5
B0092FVJQ8	5.0
1493659472	5.0
B006H6AOK2	5.0
051511247X	5.0
B00HSYBLYA	4.0
B003J359OC	3.0
B00I3M5W6O	5.0
B00DG8K9JA	1.0
B00GY53H3C	5.0
1482531925	5.0
B00CIAD6UQ	5.0
1494488558	4.5
B00E8JD7V8	4.0
B00GG2DN4Q	3.0
0987507303	5.0
1495404471	5.0
B00E9JLXH2	5.0
1610261399	5.0
1442485256	4.0
B006MWY93E	3.0
1936305941	5.0
0987507311	5.0
1499150555	5.0
B005MRAGBY	5.0
0544264975	5.0
B00GJCNLWC	2.0
1476759006	5.0
148270661X	5.0
B00ING7934	4.0
B00KLPW3K4	5.0
141996920X	4.0
0615910521	5.0
0373794061	5.0
0578122596	5.0
B00ENTQWVU	4.0
0615801048	5.0
0988264285	5.0
1608208885	5.0
B00IM4RLQC	5.0
1476755094	4.0
B00D4JIIJY	4.0
1499670028	5.0
1941098126	5.0
B0093TFV08	5.0
0316200174	4.0
B00BEQP450	5.0
B00IGUOMGY	4.0
B00BEMAZ6C	5.0
B009C8E95I	5.0
1492940003	5.0
B00ED036HC	4.0
0976876051	4.0
B00KA0AGJK	5.0
0615729916	4.5
1492184373	5.0
1499382642	5.0
0981737226	1.0
B00KGREQZW	5.0
1419912755	4.0
145559945X	3.0
1442485280	5.0
B00EBUPSLG	4.0
1444709534	3.0
B007Z5Y0MW	5.0
0451233166	3.0
B00GIURUEA	5.0
1499764529	5.0
1492976423	4.75
B00HQ0IPEK	5.0
B006M6XV1Q	4.0
B008PT0LN4	3.0
B00BFUIUF6	1.0
1492942677	4.0
0615902529	5.0
B005NWHGOS	5.0
B00II0Z4G4	4.0
1484988795	1.0
1496146239	4.333333333333333
1476761779	5.0
1496087291	5.0
1451694768	5.0
0989245357	5.0
0062102907	5.0
B00F3CE6O6	3.0
B00JT3DH0O	5.0
B00LDZ0ZCE	5.0
B00EORVJL4	4.0
B00HK4E794	5.0
0515149330	4.0
1492305413	5.0
B00KM5W8BW	5.0
1484197313	5.0
1489555293	5.0
B00GV1C4FQ	4.0
B008IXPAGA	3.0
B00HHI16TW	4.0
1470033917	4.0
B00AL3IOLI	4.0
B008GWOGXG	5.0
B00HK4EGY0	5.0
B00C54V18O	3.0
0385332963	5.0
B008O58NXO	5.0
1499219202	4.5
1492998214	4.0
B006VIG3AG	4.0
B00BWEV9PI	4.0
1453847685	4.0
B00JH65TA4	5.0
0692221506	5.0
1495416046	5.0
1939392756	5.0
B00D7WKQRA	5.0
1482728834	5.0
B00FELK4G0	5.0
B00IDIFMOK	5.0
B00C52XCOM	4.0
B00JLTRZ18	4.5
0553445774	3.0
B00BNGXPBQ	5.0
1623803853	3.0
B00CHYPGZ6	5.0
0800733533	4.0
B00BMAESB4	4.0
1455546941	5.0
B0092QUFRQ	4.0
B00G1JUD6K	4.0
075822740X	5.0
B00FFE7POK	5.0
1622668030	5.0
B00LDD8NDO	5.0
098326077X	4.0
0989117375	5.0
B00DH25008	5.0
0743566572	5.0
1939786002	4.0
B00ASBNZGM	5.0
149043013X	5.0
B00L7DRQME	3.0
0440246369	5.0
1489515607	5.0
159426743X	5.0
149960369X	5.0
B00JTJ2F2O	5.0
0557049725	5.0
084395793X	4.0
B00I25I2WS	5.0
0615744257	5.0
B00JL1GWS8	5.0
B008N74W1K	4.0
B00JOUMHJY	4.0
B009MD66JK	5.0
0982949529	2.0
B00EL20B7A	4.0
B00DGYKVWE	5.0
1482725789	4.0
B009OMHGPM	3.0
0989465004	5.0
149214584X	4.0
0578141809	5.0
1495432556	4.0
B00B0OWC4M	4.0
B00BFDJPCK	5.0
1600854672	4.0
1480536466	4.5
B00H0U4M98	5.0
1452645493	5.0
1490596801	3.5
1477673296	5.0
1496139542	5.0
1476744920	4.5
1484088514	4.0
B00IODZCDK	4.5
B00KANKYJE	5.0
1480276855	5.0
1300730862	4.0
B00KP2KBC0	3.0
1489515909	5.0
1495452174	4.0
B00DTQP4GM	5.0
0373861370	4.0
B00CPG1UII	2.0
B00ARZ4Y28	5.0
1453720693	5.0
163035015X	5.0
B00KUXI06S	4.0
B0096CG9XU	4.0
1494286084	5.0
B007WZML7G	5.0
1630350168	5.0
061563740X	5.0
B00GKKU12G	5.0
1419967762	4.0
0989450252	5.0
B00CQYAW3I	5.0
1940832977	5.0
B00BER9TQO	5.0
1628301686	4.0
1477653678	5.0
B00G2V3300	4.0
098901312X	5.0
0989013138	5.0
B004RZHSAO	4.0
1499564368	5.0
B00440E0HG	4.0
1492908495	4.333333333333333
0988707489	4.0
1492108421	5.0
1494289105	4.4
1622422333	3.0
0615553028	5.0
B00ITAIBUY	4.0
0989269868	5.0
0984887873	5.0
B00845VIS6	4.0
1610403231	4.0
1615814051	1.0
B00AR27MCA	5.0
B00CFQJCOC	5.0
B00FP4B3EI	5.0
1476783284	5.0
0544022491	5.0
B00KCS1EUA	1.0
1480219851	4.0
149484172X	5.0
B009LRWVF0	4.0
B007Q6WLDK	5.0
0373861354	5.0
148398527X	5.0
1492187224	4.0
B00H0V069M	5.0
B00LKSYSR2	4.0
0451240197	5.0
1492784370	4.0
B00A95CVBW	3.0
B00LRZLRMM	5.0
014219672X	5.0
0316043125	4.0
B00DVLLIYW	4.0
B00KU6IYW0	5.0
1463632096	4.5
B00HKMUFU6	4.5
0989407403	3.0
B00FGFYIS4	4.0
1492828211	4.666666666666667
1481901907	5.0
1495284778	5.0
B00GFD7I0G	4.0
B004XJ6922	4.0
B00H7F1EQA	5.0
1482080729	5.0
1630350192	4.0
B00F01WK5C	5.0
0989450236	5.0
148956621X	4.0
071815276X	3.0
B00KBZ8QQY	5.0
B00GFYG2O8	2.0
0843959533	4.0
B00HWF752W	4.0
B00EVIXJSC	4.0
0425236889	4.0
B00G9QP6DU	3.5
1499221533	5.0
B00CC68G7Y	4.0
B00K4FXL8O	5.0
1937551806	4.0
1466398167	4.0
B009CDWSW4	3.0
1490922288	3.0
B005MGEO36	3.0
B00GB03IE8	4.0
B00HGW0QZY	5.0
B009HA6COM	2.0
1940071097	4.0
B00DEJ9500	4.0
061578139X	5.0
B00I15VIZC	5.0
147677210X	5.0
B0083IVU3C	4.0
0143116231	5.0
0989117316	4.0
B00FO8AVSY	5.0
098500861X	5.0
0991379632	4.5
0985008628	4.0
1494407752	5.0
B009DNHHYM	5.0
1492248304	1.0
1630350125	5.0
0615834612	5.0
0989104478	4.0
1482718529	5.0
1940832934	5.0
B00F4A6S3Y	5.0
B0088JSBNI	4.0
0425247546	3.0
1481837001	5.0
B00HZZ6818	5.0
B00L7W9UYW	5.0
B00FG7VDS0	4.0
0758231725	3.0
1491230592	5.0
B003M5IZ3Y	4.0
0983218684	5.0
0615771106	5.0
1495457834	4.0
B00BZAUBF8	5.0
B00DGC7CG4	4.0
B0082B3DXA	5.0
B00KI4KIC8	4.0
0425256030	5.0
B005OY0JFI	5.0
B00B6JFNZ6	5.0
1479257389	4.0
0553589377	4.0
B00GOL8I7G	4.0
1500204048	4.0
B007UDH6IE	5.0
0307292134	5.0
B00J436CN8	3.0
1476763623	5.0
148115902X	4.0
B00G89PNCW	5.0
0991379616	5.0
B00ELJQ8P2	5.0
1494469170	4.0
B00GWFPRW8	5.0
B00AR09SCO	5.0
1476744904	5.0
B00BEMD8FW	5.0
B00LH7TTLQ	5.0
B00C30H7OM	5.0
1480000108	3.0
B00I48UVYK	4.0
1612177956	4.0
149049927X	4.0
B00D8GLHYG	5.0
B00DE50M2E	5.0
0957616708	4.0
B0098ABK34	5.0
1479354996	5.0
B00D6W5U36	4.0
0062267884	5.0
B00KLBHX44	5.0
B00G8BHJB8	4.0
1484829379	5.0
B00B9Z0RAS	5.0
B00K02EM8O	5.0
1468180673	5.0
B00HFXK4W4	5.0
149277412X	3.0
B00FIL6SRA	5.0
1497497132	5.0
1496010299	5.0
B009RHX9SW	5.0
B006BI1IME	5.0
0373211104	5.0
1419965514	4.0
B00KOSOX2O	5.0
B00C6SI9UW	4.0
1481836579	5.0
1500447889	5.0
0989104443	5.0
B00G1N5ASW	5.0
B00HRIDFVY	5.0
0778316149	4.5
1492753203	5.0
006201949X	5.0
1620610558	5.0
B007XVV6PW	5.0
B00BI4IY3M	4.0
1593094183	5.0
1490392602	4.0
1493603558	5.0
B009XY1A94	5.0
1937551857	5.0
B00AFPMF5I	5.0
1612186009	5.0
1493626655	5.0
B00EA44BUW	4.0
1291667431	5.0
0615581927	5.0
0451470672	5.0
0989041697	2.5
1489580174	4.5
1419954865	5.0
148398348X	4.0
B00E2YJYSY	5.0
B0040JHZI2	4.0
B00GCG7JLE	5.0
1593094175	5.0
0505528223	5.0
1484159403	4.0
B009515U3C	5.0
1496035151	5.0
B00B5XDDHI	5.0
B00AEB5ECE	3.0
1623809517	3.0
0615429505	4.75
1482332574	4.666666666666667
B00JGE6E9C	4.0
B009XFWQCI	3.0
0553589733	4.0
B0092E41NC	2.0
1467976970	5.0
1481835262	5.0
0989104427	5.0
1481239031	5.0
B00KYC5SY2	5.0
0778316173	5.0
B00LOXIM3E	4.0
1480275107	4.0
B00GEEB15Y	4.0
1481995383	5.0
1481275119	4.0
B00LK0NCO0	4.0
0062333038	4.5
B00C9PED6G	5.0
B00H2WZZY0	5.0
1492740357	4.0
1497592380	5.0
1476756503	4.5
B00DQICAF6	5.0
0804119627	5.0
B00ITZRDW6	5.0
B00IJDNUWU	5.0
1468185527	5.0
B00B1W0JZ2	5.0
1481229656	4.0
B00AZB8PGU	5.0
0989104419	5.0
B0045JKYVW	5.0
B00IUMZ0VE	4.0
1499291019	5.0
B00JCJAK96	5.0
1453691863	4.0
0989598438	5.0
B00KQ3CLEY	5.0
0991151402	4.0
B00960PYSI	4.0
1492311677	4.0
0987803735	5.0
1484893964	4.0
B0069E7ZYK	3.0
B00L2LLC0S	5.0
B00GO9JJKI	4.0
1468042122	4.0
0989104400	5.0
B00BB1AU52	4.0
0380792621	5.0
B00E1M6LCE	4.0
0989450201	4.75
1484033841	4.5
1608201236	3.5
1476718202	4.666666666666667
B00BEK71Q6	5.0
B00GWUNLL2	5.0
0986023833	4.0
0615774237	5.0
B0053HCVJI	5.0
B00CK51JT4	5.0
1482376180	4.0
B004G8QZ92	5.0
0615694403	4.0
1493578901	5.0
1626490872	5.0
1612175392	5.0
193641340X	4.0
149731061X	4.0
0385343183	5.0
1492111228	5.0
1494748584	5.0
B00DJB6KE2	4.5
B00GG1C83Y	4.0
1497572320	5.0
0989598454	5.0
1612130488	5.0
0615868401	5.0
1476755604	5.0
149032495X	5.0
1475244940	2.0
B00BZPLHJM	1.0
1633500004	5.0
B00JGJB5E6	5.0
1492899461	4.5
1484042778	5.0
B00AT392AM	3.0
B00KBJEV6E	5.0
1494714361	4.0
B00GFW7ZT6	5.0
0615645003	5.0
B00II0Z49G	4.0
B00IPSM4ZS	5.0
B00KI9H1FU	5.0
B009U4VBCI	5.0
1936413442	5.0
0441020011	5.0
B008IU9SSE	4.0
1477266836	4.0
B00JIV2YA6	4.5
084395955X	4.0
0446355453	5.0
0385739168	5.0
1939927935	4.5
B00BT4RWAM	5.0
1409151522	5.0
1493643274	4.5
B0044R8ZDE	5.0
B00L8EFASY	4.0
B00ATV53KC	5.0
B00JX1IEZA	5.0
B00BNGXORQ	5.0
1493552317	4.0
B00KVLMPFQ	5.0
B00F942VQI	5.0
1494852039	5.0
1938397312	5.0
B00GF4T5X8	5.0
B00GW9SOBK	5.0
B00DJE8XE4	4.0
B00J1V124M	1.0
1455583650	4.0
0440244633	5.0
0991786246	5.0
1493591991	3.0
0996037004	5.0
1484909917	5.0
1492379522	5.0
1475054556	5.0
1477805028	4.5
1476732027	5.0
B00GW9DU3C	5.0
1490506535	5.0
0451466225	5.0
1469901773	5.0
0989776018	5.0
0989492559	5.0
1495359506	4.0
B00EFJ1YQG	5.0
B00JTIOYOM	5.0
B0085W26CK	4.0
1490974377	5.0
B00LF115XE	5.0
0451466233	5.0
1440431957	4.0
1481217747	5.0
B005LJX21O	4.0
0991127390	5.0
1440565473	4.0
B009LD3FAY	5.0
0615824471	5.0
B00DMQ8IJY	5.0
1440565457	4.0
B0034KYRGG	4.0
B0088GGSR2	5.0
1484055268	5.0
B00J7UCNUY	5.0
1475156456	4.0
B00J8MO4DA	5.0
148201694X	5.0
B00A6A2QXS	4.0
B00EBNV5M4	4.0
0557028582	4.0
1616587458	4.0
B00IGCUGA8	4.0
1613725922	2.0
B00IT3D23W	5.0
1491208295	5.0
1482781336	3.0
B00CRLK3NO	5.0
B00KV13TKG	5.0
B00IAVGJPG	4.0
1477817484	4.0
1492216690	4.5
1492793639	5.0
0989776034	5.0
B00FD5HCC6	5.0
B00LUCO52G	5.0
1495943623	5.0
0451225007	5.0
B0060OTERA	2.0
B006EQ9A8C	3.0
B00DMTXQHA	4.0
B008840GI6	5.0
1494962772	4.0
B00EUSMJHK	3.0
B001AS6H7Q	5.0
1608200884	5.0
B008AE698U	3.0
B00KCE1ISM	5.0
1484888901	5.0
B000WCWUWM	3.0
B008H7KFPI	5.0
B00C74WXBG	5.0
B00I21QYJ0	5.0
1478111046	5.0
1490541322	4.0
1940745322	5.0
1496145437	5.0
1433503743	5.0
B00DV88VFO	5.0
037377768X	5.0
1492299413	4.75
B009NWWAR2	3.0
B00HSQFWCA	4.0
1490470042	5.0
0060558121	5.0
B0037266GA	5.0
1477805052	4.666666666666667
B00AK2UISW	5.0
1469982781	4.5
1479370118	5.0
B00IBHSZ4M	4.0
B00EO2ONH6	3.0
1626490376	3.0
B00JNZQS4K	5.0
1583144293	4.0
0451466241	5.0
B00BPGXF82	4.0
B00K5D7IAC	4.0
B00GETW0LI	5.0
1480156760	3.0
B00G0TI2I2	5.0
1481035614	5.0
148400938X	5.0
B0070Y00M2	5.0
B00D1XKU6C	5.0
0989776050	5.0
B00KB2WS3E	4.0
1492294152	4.0
1481978063	4.0
0615793312	5.0
1463774826	1.0
1489528865	4.0
1419958461	4.0
0312653832	4.0
1600858279	4.0
B004PLNH5K	4.0
0991587200	5.0
B00J88XU2K	5.0
1419969595	4.0
0062100203	3.0
B00GLSBYYG	5.0
B00KF1FDFQ	4.0
B00DFLJE76	5.0
1484815556	3.0
1479244538	5.0
B009O5J0NA	5.0
1481285866	5.0
B009N90N74	5.0
162830118X	5.0
B00HL2MGPM	5.0
1782550062	2.0
1476755590	5.0
B00K31ABUA	2.0
B00BMM5M3A	5.0
B00CC68FFW	3.5
030728090X	5.0
1596328363	4.0
1623806399	1.0
1499198825	5.0
1419970585	4.0
B00D0VMCXO	4.0
B008JHQ67C	4.0
B00ADQGHKI	3.0
B00EHU46AE	5.0
B00KQ1Y1IA	4.5
1482689553	3.0
B00JKPOKHK	5.0
B00CTAQBA2	5.0
149600082X	5.0
1480132705	5.0
0991677196	5.0
B00KLDXECW	5.0
B005NWIAAW	5.0
1484869346	4.5
0062326201	5.0
148230810X	4.0
0425251233	5.0
0751545201	3.0
1484807944	4.75
B007WMXUCY	5.0
1472211243	5.0
0312364431	5.0
0983212546	5.0
B00CRMGXFU	5.0
B00CLJMALK	4.0
1499195303	5.0
0985334541	5.0
B0050JKVK0	3.0
1585714062	4.0
1476776040	4.666666666666667
B00KLDRU5O	5.0
161213128X	5.0
B00AQ5L0Z8	1.0
B00C74WXEI	5.0
1453876456	4.0
B00CC3QZ8E	5.0
B00HUVRFG4	4.0
B00H7JVB5A	4.0
1479309079	5.0
125005236X	4.666666666666667
B00J6GU2AC	4.0
B00BL5VCO6	5.0
1892520400	5.0
1622411161	5.0
159309065X	5.0
147920711X	5.0
B00L5QH96Q	4.0
0062072900	3.0
B008B0EFMU	5.0
B004PVSST0	4.0
B00ASP8XNS	5.0
B0086Y9MM4	3.0
1490530614	4.0
0989598403	5.0
B00BQF8CW6	5.0
B004Z228WW	4.0
1484021479	5.0
B00KAJE9YE	5.0
1495459225	5.0
1476776016	5.0
1496177029	3.0
1468174312	2.0
0778316939	5.0
B004OR1O3M	5.0
1493649779	5.0
0988275708	5.0
149284960X	3.0
1490515011	4.666666666666667
0992466512	5.0
1493529161	5.0
1936305208	4.0
B00F7ZCN1M	4.0
1499597681	5.0
B00H3I2172	5.0
0425266745	4.0
B00BIW8Q3C	4.0
B005SIISYO	4.0
B00F027TWA	4.0
B00H6TI3F2	5.0
B00D3P84Z2	2.0
B00HTNMNCE	5.0
B00FQ7O648	3.0
B00C74VCSG	4.0
1493621890	5.0
0373795491	4.0
B009KSXUBY	5.0
1481841009	4.5
1479318841	4.0
B00KUCK4V8	4.0
1495433927	5.0
0988585936	5.0
B00GU7XWKC	5.0
1482500051	5.0
1492827436	5.0
1484805313	5.0
B00LLDYYIE	5.0
B00KLRM1NQ	5.0
B00G829YYM	5.0
0615799450	4.5
0985817003	4.5
0373217692	5.0
1492265225	4.333333333333333
B00HBJD0EG	4.0
1482753286	4.0
B00A2B8TF0	2.0
B00JD49EZG	3.0
1482792893	5.0
1455529273	4.0
B007P7ZW6S	5.0
0312949383	4.0
1481960741	5.0
1476744084	4.0
B008NXLQ04	5.0
B00DU52U5K	5.0
B00H8HBN5E	5.0
B009D4T3XO	3.0
B00KTI9R6Q	4.666666666666667
B00BBM79LY	4.0
1482652226	5.0
B00J35W1ZK	5.0
0373774559	4.0
B00CDW3SDE	4.0
B00AUJ3TFE	5.0
1629890529	5.0
0984662162	5.0
B00BE2NUPA	5.0
B00AXDNVHS	5.0
B009DAG1PQ	1.0
B0099GXVES	4.5
B009N1XUJ0	4.0
1481936603	5.0
0425272125	5.0
1493511459	5.0
B00JKMLD8M	4.0
B00CC68FE8	4.5
B00I5EU4SQ	5.0
0615920683	4.666666666666667
B00JS2N6Z2	4.0
B0087TFNAS	3.0
1460918681	5.0
B00B2EGMWI	5.0
0373534612	5.0
B00E9GQQ9K	4.0
1476725365	4.0
B00CGFCEHE	5.0
1475031823	4.0
149602043X	5.0
1611183766	3.0
1620042142	5.0
1481957597	5.0
1490339973	5.0
B00GL6AZE8	3.0
B00L48ZXN6	4.0
1496088018	5.0
B00FPUSYHG	4.0
0451467965	5.0
0425272133	3.0
B008JA86NG	4.0
149033730X	5.0
B00BMM5LJ0	5.0
B00L1R3R0G	4.0
B004I43HJA	4.0
148953993X	5.0
1493661442	4.0
148008591X	2.0
B00FIVYEUI	5.0
1491269650	4.0
B00I7C5CEC	5.0
149231207X	4.0
B00B3F04U2	4.0
0310335108	5.0
1482629453	4.0
1499324855	4.0
1492339946	4.5
B00IZY03W8	4.0
B008UCQYFU	4.0
1500140872	5.0
B00E3KE91Y	5.0
B009NOFGQM	5.0
0451466667	4.0
B00K3IQCQK	5.0
042520751X	5.0
B00CTQTULI	1.0
B00GSR304M	4.0
1419955349	5.0
B008J2H9PU	5.0
B003TFE5FO	5.0
1627981373	4.0
1937252272	3.0
B003XNTV06	4.0
B00C5RKZ6U	3.0
B00IW8ADMW	5.0
B00C0EJC7Q	4.0
1481194186	5.0
1463597665	5.0
1490424601	5.0
1483954048	5.0
0989492508	5.0
1477617140	3.0
B00J7A6AXU	5.0
0991686004	5.0
160435965X	4.0
B00BCX93OS	5.0
148115320X	5.0
0451466659	5.0
B004ZUJIAE	4.0
0984903402	2.0
0988348268	5.0
148485828X	4.666666666666667
1941098010	3.5
0373774516	3.0
B0093MU7QS	5.0
1937252264	3.0
0785129413	5.0
B007UQNDX8	4.0
1484085906	4.0
0345803485	4.0
B00J47H8H8	4.0
1490907157	4.5
0345543084	5.0
1491091673	4.5
B008UCCCGA	3.0
B008FK959E	4.0
1630350095	5.0
B00K31DCD8	4.0
B00D3OUUIC	4.0
1608090418	4.0
B004RP8WZE	5.0
1480186120	5.0
B00KKYKWFE	5.0
B008GVC6SE	5.0
B008VM4JRE	5.0
B008QZA7PY	5.0
0615885438	5.0
B00AILH720	5.0
0425224074	5.0
B00DT93NM6	1.0
B00B6JFK9U	4.0
1493652540	5.0
B008GN0GQG	5.0
1480008907	5.0
0345548760	4.0
B00CJ1IOL0	4.0
1497382742	5.0
B00J7PJQ1I	5.0
B00HJTZJCE	4.0
B00ILN9PWM	4.0
1490317767	4.5
B00I3LDM9Y	4.0
1605045446	4.0
B00ILW2WYG	5.0
B00KVP3042	5.0
0989825086	5.0
0985817038	4.0
0989768473	5.0
1941098037	5.0
B00JKNR2AY	5.0
B00FBE8LP6	5.0
0373294212	5.0
B00DG9R4MY	3.0
098004250X	5.0
B000R93D4Y	3.0
0451119894	5.0
1496129830	4.0
