0670023663	3.0
0679882839	5.0
052111974X	4.0
054410210X	4.0
1455548987	3.0
0764201913	5.0
1612185428	3.0
1586176064	5.0
0806122366	4.0
B00EOER0G0	5.0
0061474096	3.0
1461076382	5.0
1938067363	3.0
0374532281	3.0
0684832836	5.0
080783193X	4.0
014311638X	5.0
031051150X	4.0
014303832X	5.0
0671247972	5.0
078975102X	5.0
0307948765	5.0
0310325250	3.0
0989596192	3.0
1605293326	5.0
0307476464	3.0
B00AJOCJR4	5.0
0671510991	5.0
0765326493	4.0
1611090776	5.0
0789744716	5.0
1484076435	5.0
0385349173	1.0
0143120867	3.0
B005OTEEHC	2.0
0199557454	5.0
0615556892	5.0
0789749173	3.0
0875522122	4.0
0340923245	4.0
1479262897	5.0
0141027592	5.0
0060085630	5.0
0061709719	3.0
B00G7RPVZO	5.0
1416596585	5.0
0452281253	3.0
159233041X	5.0
1591843820	4.0
0985355808	4.0
0002550938	4.0
0061432687	5.0
0571294197	5.0
1600614620	4.0
0439136350	5.0
0822223007	5.0
B00AIAR4UG	1.0
0762428589	4.0
0805053883	5.0
0425154114	4.0
0345339029	5.0
B009EGC5UO	5.0
0061189243	5.0
0865479798	4.0
B005ISQ7JM	5.0
0982743602	4.0
074359830X	3.0
158134628X	5.0
0307291146	2.0
0751549118	5.0
1938618114	3.0
0977080722	5.0
0071477845	5.0
1439157316	5.0
0061721808	4.0
0199236224	5.0
0802837271	5.0
140275129X	5.0
0099740915	4.0
0739332414	1.0
0470487550	5.0
0785124365	5.0
1591846072	2.0
0804185859	5.0
0385503865	4.0
0060899220	4.0
1565892127	5.0
0061718629	3.0
0316055433	4.333333333333333
1572243759	4.0
1442369183	1.0
1455501441	5.0
1929266049	5.0
1596981520	1.0
0230342205	3.0
0800787625	4.0
1455549800	1.0
1118267885	4.0
0141191538	4.0
0140481354	2.0
1561584029	5.0
111856331X	5.0
1594204403	5.0
0375414819	5.0
0307396266	5.0
1452657319	1.0
0143115472	5.0
1433507757	5.0
1611099528	4.0
0895261138	1.0
1594862923	5.0
0747235481	4.0
1610170709	5.0
B00BR0IWLG	3.0
1595230939	1.0
1401238947	3.0
1435459628	4.0
1586487892	5.0
0399128298	5.0
0199735700	3.0
0684844419	5.0
0060582510	1.0
0071741356	4.0
1401302378	5.0
0307279464	5.0
0805012478	3.0
0137019963	3.0
155936260X	4.0
1606644793	5.0
B009Q78PQO	5.0
B0063PR97I	1.0
024052604X	5.0
B005638LWK	4.0
1594033773	1.0
0671413333	5.0
0199574855	5.0
0061998885	5.0
0671027034	4.0
1401238939	2.0
0470736291	3.0
159698158X	1.0
1402226705	5.0
0465003451	5.0
0679311718	5.0
0439757819	5.0
1475084498	2.0
0385523416	5.0
0486461459	5.0
B00H876DYU	4.0
0241143144	3.0
B007AIQO0A	5.0
B004XWFM72	3.0
1400163439	4.0
0446691437	4.0
076278055X	3.0
1433524724	4.8
1596982896	1.0
1586858238	5.0
1401238920	4.0
0195367804	5.0
0785213066	5.0
0312266073	4.0
0778801314	5.0
0316006939	5.0
084477264X	5.0
1591391105	4.0
B000JQUSBQ	5.0
0865734356	5.0
1936096218	3.0
0140245227	4.0
0545265355	5.0
1595230947	1.0
0310515025	5.0
B00EPYH91A	5.0
0785165339	5.0
061834697X	5.0
0316210684	4.5
0805401954	5.0
143925933X	5.0
B000RLGE0W	4.0
1419667394	5.0
1456406272	4.0
0449214265	4.0
0701176830	5.0
0615953948	5.0
0765332272	4.0
1936560143	3.0
0151006903	4.0
0199594414	5.0
1426208839	5.0
0452297648	4.0
0307956350	3.0
0718178122	5.0
0749464135	5.0
0060652969	5.0
1401237649	3.0
0307713547	5.0
0307886794	5.0
0261103288	5.0
076844098X	5.0
0805418393	5.0
0132686058	5.0
0545141966	5.0
B004KSREFC	1.0
0199594406	5.0
0471887412	4.0
B008847KPI	4.0
0312610521	5.0
007177596X	5.0
0805068007	5.0
0738713597	4.0
0883856018	5.0
0786880708	5.0
0785167544	1.0
1621570126	5.0
0785119396	5.0
1587203170	4.0
1600775411	3.0
B006EP1BBC	2.0
145551215X	5.0
0061231770	4.0
0316240079	4.0
0199730075	2.0
0399151079	1.0
1603090916	4.0
143510949X	4.0
0976571501	5.0
1439164487	5.0
1423603354	5.0
0805210385	5.0
0060652950	5.0
0312569378	5.0
1596985976	1.0
1401238955	3.0
1592403492	5.0
0385339704	5.0
014017737X	4.5
0894803123	5.0
0879731206	5.0
0140189378	5.0
0061992704	4.0
0307952339	5.0
1478184523	1.0
1594036411	5.0
0691122946	5.0
0140177396	5.0
1439172072	5.0
068806356X	3.0
0061792268	5.0
0199559287	2.0
0801027764	5.0
0061771309	5.0
0984755764	5.0
0802808697	5.0
0192853619	5.0
1400157919	1.0
0140444750	5.0
1477809511	4.0
0785157778	5.0
0307956709	5.0
0915540509	4.0
B00JRJQ7Z2	1.0
0393244660	4.0
B0071FAQ38	2.0
0380727501	4.0
0373777787	1.0
1480048240	5.0
B009MQP7QU	4.0
019538136X	4.0
081120457X	5.0
0385337515	5.0
0099435624	5.0
0671315285	5.0
0810944391	5.0
084231413X	5.0
0966883101	5.0
1401240305	5.0
0789751933	5.0
0385311397	5.0
0743500598	5.0
1582407630	5.0
B00EWZC8QI	4.0
1455163511	1.0
0307395863	3.0
1460944194	5.0
0394829123	5.0
0786718013	3.0
0761461353	5.0
1439184496	2.0
0131737988	5.0
0399159304	4.0
0062278290	4.0
B00CEFF88S	5.0
0743283430	4.0
0618551050	5.0
1607069318	5.0
0800721721	5.0
0517385740	5.0
0240816986	5.0
140124601X	3.0
0800629558	5.0
1578151317	5.0
0151007039	4.0
B00B1YQNFK	5.0
0743296745	4.0
0393072231	5.0
0399154094	4.0
042518403X	2.0
0739456741	4.0
1413312535	4.0
0872204022	4.0
0142428493	4.0
0140177361	4.0
0312861877	5.0
019531106X	5.0
1891776053	5.0
030680607X	5.0
0736905448	5.0
1400052890	5.0
031255513X	5.0
1594487731	2.0
1573220418	5.0
0224076051	5.0
0935199268	4.0
0062003054	1.0
0425081028	5.0
0060293233	5.0
B004PYDI4M	5.0
0375405445	5.0
0199596654	5.0
1449392474	5.0
1479234826	3.0
0151334811	5.0
0199560234	5.0
0140042520	1.0
0425176444	5.0
1442208767	5.0
0789743035	5.0
0061561029	4.0
0883687062	5.0
1455574783	4.0
014242935X	2.0
0767903595	5.0
B00AKXO2B0	5.0
1414326017	5.0
024081343X	5.0
0140177388	4.0
0140034919	3.0
0199582491	5.0
0688156533	5.0
0811814211	5.0
0345803787	4.0
0195311450	5.0
0786020326	4.0
0156028360	5.0
0375712135	2.0
1441768564	5.0
0143124048	5.0
0802123015	3.0
0399159347	3.0
1596981903	1.0
0801014832	5.0
1456387103	4.0
0071453393	5.0
1451698097	1.0
0811809692	4.0
0786020334	4.0
0857208675	4.0
B007URVZJ6	4.0
1934572810	4.0
0802407617	2.0
1616366109	5.0
1594036004	4.0
0529064847	4.0
0131118927	5.0
B007SJBJ2O	5.0
0984666648	4.0
1468191853	2.0
0307959376	5.0
0140449116	5.0
146377253X	3.0
014028009X	4.0
0345477685	4.0
0451187849	5.0
0375408908	3.0
0141439769	5.0
0785119744	4.0
0199226326	5.0
0099468123	4.0
0240817850	4.0
0199576203	5.0
0195297512	5.0
0192893211	5.0
9810877765	2.0
0240813499	5.0
1401231853	3.0
0312383711	5.0
1469204304	3.0
0785288244	5.0
0898031699	5.0
0375404538	5.0
0060909005	5.0
0231152124	5.0
0156439611	4.0
0891416064	5.0
0143144006	4.0
1470122359	5.0
0425263312	5.0
0060934425	3.0
0310293162	5.0
1418541532	5.0
0375700188	5.0
1477808612	4.0
019954591X	5.0
1568981694	5.0
B003NSC5IG	5.0
0785107746	2.0
0316243922	5.0
1594488649	4.0
0586207643	4.0
0061988243	2.0
1479298034	4.0
0312169787	4.0
0738735841	5.0
0312658575	5.0
B007R8BHAK	5.0
0060956690	5.0
0345253590	5.0
0307986969	3.0
B00I0BYOVW	4.0
0321776615	5.0
0465002609	4.0
0451235517	2.0
159403558X	1.0
0679444904	3.0
0002051850	5.0
031259979X	4.0
0240522141	5.0
0140449159	4.0
0345533399	5.0
0060852577	4.0
0071636080	2.0
0345462149	4.0
0195300343	5.0
3832794719	5.0
B00HPL0SEU	5.0
0142180351	3.0
1886442959	1.0
0375831002	4.0
0743453972	5.0
1480267015	4.0
1577489144	5.0
0199601208	5.0
1935071823	5.0
0143055631	5.0
0877933383	4.0
0446547468	5.0
1477808647	3.0
0345450175	4.0
0195325605	4.0
0762437405	5.0
0300141734	2.0
0679777660	4.0
0307587460	4.0
0199551375	5.0
0984725008	4.0
0785162305	5.0
1475031904	5.0
0792269365	4.5
1627100245	4.0
0470487879	5.0
0801022622	4.0
0385734964	2.0
0385522282	5.0
0984655123	5.0
0525953728	5.0
1612185304	2.0
B00G9QL99U	3.0
1607066920	5.0
1470829711	1.0
0740755234	5.0
0199235694	5.0
0321717589	5.0
0340580259	4.0
055313079X	5.0
0691150990	4.0
0375756485	5.0
1422115011	4.0
0060516054	4.0
0192854038	5.0
1401234615	4.0
142217770X	3.0
0060894083	5.0
1439152802	4.666666666666667
0802130720	5.0
B00AHE20W0	5.0
1107602173	4.0
1476751447	5.0
1452852251	5.0
1416572287	5.0
B0085WDWB4	4.0
B00GHMAIMA	4.0
1482658143	2.0
0240817575	5.0
0226458083	5.0
030738652X	5.0
0310701287	5.0
0743418727	3.0
0199234345	5.0
1449927939	2.0
1586172808	5.0
0192854046	4.0
B003M0N9LW	5.0
0425172961	5.0
0452279070	2.0
1594746087	5.0
0316044695	5.0
0123850819	5.0
0615465897	5.0
0312351747	4.0
1615190643	4.0
0385319673	5.0
1475233639	5.0
0671026682	3.0
0393900592	4.0
0199225869	5.0
0750627689	5.0
0330334611	4.0
0802825109	4.0
145210655X	4.0
1594036063	5.0
0743575318	3.0
0307351009	5.0
067974066X	5.0
1475035551	4.0
B00A5MREAM	4.0
1592405169	4.0
098346961X	5.0
0199754543	5.0
0785165622	3.0
B00CLS62D8	3.0
1494300672	4.0
0696000628	4.0
1455134767	5.0
0316011770	4.0
1591841984	4.0
1406843539	5.0
B008GT05IY	4.0
0804138109	1.0
0802119999	5.0
1400044596	5.0
0143142372	4.0
0199578699	5.0
1414324855	1.0
1494958848	5.0
B00FM0N0VO	5.0
1618689908	1.0
0316529400	5.0
0312204094	5.0
0785167811	2.0
024081181X	4.0
B00BFNYBMY	3.0
0375435050	1.0
0670024856	5.0
1578401968	4.0
1118290771	5.0
0099532530	5.0
0307885151	4.0
0465051006	5.0
0192801996	5.0
0446561932	4.0
B00GF5XK0Q	4.0
0691131171	5.0
1596680296	5.0
0199588481	5.0
0842302425	4.0
0801031990	4.0
1441766073	5.0
0375400532	4.0
1477847014	3.0
1476725160	5.0
0307405389	5.0
0307460185	4.0
0471720836	4.0
0199580987	5.0
0452263921	5.0
1439276838	4.0
0140186409	5.0
0465020755	4.0
0312540213	3.0
0307453421	5.0
1607066084	3.0
0141441062	5.0
0765304961	5.0
0399157964	5.0
1478125950	5.0
0714836257	4.0
0061379409	5.0
0061713716	5.0
030726999X	5.0
0738738751	5.0
B008HQ2PJI	4.0
0330418386	5.0
0446506699	4.0
0375830995	5.0
0785113312	4.0
071563318X	5.0
0470100877	2.0
006135323X	4.0
0385346409	5.0
0312428391	3.0
1613820259	5.0
1613824610	4.0
0140281630	4.0
1400203856	4.0
1885167660	4.0
0762419776	1.0
0061721794	4.0
0451239377	5.0
0316017922	4.6
B0074FJDQQ	5.0
0884690016	4.0
0898704103	5.0
0671681494	4.0
014118776X	5.0
014144102X	5.0
1611098998	5.0
159403253X	5.0
0767921992	4.0
1469984202	5.0
B00AQMDU3Q	5.0
0061809020	2.0
0345481372	4.0
1578987970	5.0
0486280861	5.0
1574880497	5.0
161278576X	5.0
0262002744	5.0
0195014766	5.0
0307716511	3.0
1451645678	5.0
0824603141	5.0
0465018807	5.0
0486287491	4.0
0671470450	5.0
B005UD1GWI	1.0
1461174562	5.0
0375724834	5.0
0143058258	5.0
0804139024	5.0
0743572203	5.0
1596915242	5.0
1477522980	5.0
B002DR329O	3.0
1600104835	4.0
0634022296	4.0
019285352X	5.0
0385349947	4.0
0764206052	4.0
1606521918	5.0
1416535438	5.0
0060589469	5.0
145266787X	1.0
145584165X	5.0
0140167773	3.0
0062107909	5.0
1441761683	5.0
B003NNUX9Y	5.0
0316078468	5.0
0007461763	3.0
1477579850	4.0
0141441089	4.0
1440310319	4.0
1466265450	4.0
0785153268	4.0
0517880946	5.0
B009QBSUMO	4.0
0756607647	4.0
0385342063	4.0
B004UJDWYI	5.0
1444705881	4.0
1118600754	5.0
083083401X	5.0
031600023X	4.0
0552161403	4.0
0446585025	4.0
0061252573	5.0
1594032505	5.0
0345531760	5.0
0345807294	4.0
0142419176	5.0
0374264260	5.0
1600854036	3.0
1616550783	4.0
0192807226	5.0
0486290735	4.0
0465013678	5.0
0143123238	5.0
1467991066	2.0
1493648616	5.0
159474436X	5.0
006016848X	1.0
1935661914	5.0
0982770502	3.0
0446505781	5.0
3832795790	5.0
0805447997	4.0
140008105X	5.0
0199544905	4.0
0307594084	5.0
1586176870	1.0
0061962163	4.0
080242189X	4.0
1451685718	3.0
0399158766	4.0
1596987731	1.0
0312261470	5.0
0975991477	3.0
0615450865	3.0
0830834079	5.0
1621570290	1.0
0892832835	5.0
0684844281	1.0
0199210705	4.0
0143124544	3.0
0310309409	4.0
1439189617	4.0
006213115X	1.0
1933662832	5.0
0829435352	5.0
1484054172	5.0
0739474464	5.0
0785121781	5.0
1594863601	5.0
0140285601	5.0
0099460920	4.0
0143116916	4.0
0618792252	4.0
1449358659	4.0
B0086N7AHY	5.0
1477477535	4.0
0770435629	4.0
0984697411	2.0
1469215950	4.0
B006ZENZ1G	1.0
1427798206	4.0
0789749734	5.0
0142003018	5.0
0786867280	5.0
1439173249	3.0
1482747634	1.0
0819826693	5.0
158617245X	5.0
B007M29RBM	4.0
0829435778	5.0
0192853929	5.0
B00A9GHI6Y	4.0
0375754768	4.0
0618713476	3.0
0446529311	5.0
0679883568	4.0
1600583040	3.0
1439152780	3.0
B000JQUU00	5.0
1410458792	4.0
0312546343	4.0
0143142801	5.0
1602478325	5.0
031257343X	5.0
0316036137	5.0
B00GKIH19Y	4.0
0394741129	5.0
1416569596	3.0
0879309547	5.0
0340632372	5.0
044650534X	5.0
0312427824	4.0
0789744473	5.0
0679721134	4.0
0385532504	4.0
019280457X	5.0
0595440096	5.0
1935712365	1.0
0615351913	2.0
0375704051	5.0
144248246X	3.0
0785108785	4.0
0810949520	5.0
1563273756	4.0
0061990612	3.0
0738725978	5.0
009956064X	5.0
073872596X	5.0
1476765138	1.0
1480167207	3.0
1432734199	5.0
1594036942	1.0
0802463258	5.0
140123769X	4.0
B004GUSASE	3.0
0553258478	5.0
0806524618	5.0
1596986484	1.0
0195314840	3.0
0240522001	5.0
1422142698	4.0
162157203X	1.0
1935302353	5.0
0465019382	4.0
0385337493	5.0
0913836400	5.0
B009J6AHTK	3.0
0064435962	4.0
0060652381	5.0
0307743683	5.0
0785161759	5.0
0789747979	5.0
0199575274	5.0
0872864286	4.0
0393078264	5.0
1566994039	5.0
0007281447	4.0
0670784761	4.0
B00DSZVS9Q	4.0
0226264017	5.0
1442347120	1.0
B005KLVNFA	3.0
0380818248	4.0
0553280384	5.0
1608192172	5.0
1439169160	4.0
0679443746	2.0
0060760508	4.0
0307743675	5.0
0785117210	5.0
1581824629	4.0
1595231129	1.0
1936383799	4.0
0743520696	4.0
019538914X	2.0
0099496941	4.0
0465008216	5.0
0140621806	5.0
0061906085	2.0
0789744449	5.0
1401231969	4.0
158080067X	5.0
0380715430	4.0
1591841003	4.0
0785119876	3.0
1609520696	4.0
0060653205	5.0
0062213865	3.0
0306817950	5.0
0805017585	5.0
0451194004	5.0
0307959473	5.0
1597266647	4.0
0140291938	5.0
0517185970	4.0
0844742236	4.0
1596986042	1.0
0199572194	4.0
0879463171	3.0
159448306X	4.0
0385516401	5.0
0811878317	5.0
0026009102	2.0
1612181384	5.0
1612785387	5.0
0199657122	5.0
1612183565	3.0
0470430656	5.0
0778313247	3.0
1937272052	1.0
1563524848	4.0
0771046189	5.0
B004SV2IPC	5.0
0440216850	4.0
0596802811	5.0
1480142352	3.0
1612183573	4.0
1600610641	5.0
1565129903	3.0
0470742682	3.0
B004JU0QIS	5.0
1439191050	5.0
B004WPNCPY	3.0
0321834658	5.0
0393320928	5.0
1118612264	3.0
085720873X	3.0
077832740X	5.0
0978669517	5.0
0345433742	5.0
0805098542	1.0
0810938480	4.0
160641951X	5.0
0425064409	4.0
1596986034	5.0
0743249070	5.0
0876046049	4.0
1414364458	5.0
0805073272	3.0
1587432471	5.0
0061131547	5.0
0060098902	4.0
0785119833	1.0
1442361867	1.0
0385056664	5.0
0195152948	3.0
0739469339	5.0
1449403077	4.0
1477823131	3.0
0802434282	5.0
0345479572	5.0
158008463X	5.0
0307456625	5.0
0061568252	4.0
0062331159	5.0
0312601867	5.0
0785184228	2.0
0395169615	4.0
0825307325	3.0
0137016611	5.0
0440423236	4.0
B002LSIG96	5.0
1612184340	5.0
0764208322	5.0
0385660065	4.0
1499114095	3.0
0345524241	4.0
0141188596	3.0
0738726230	5.0
0071761578	5.0
0393081818	4.0
0925279773	1.0
0071434933	4.0
019511552X	5.0
162015160X	5.0
B009BPHTKY	2.0
0137153872	5.0
B006D30R6U	5.0
1595815732	5.0
0061551821	5.0
0670024783	5.0
048624511X	5.0
0141439491	5.0
1931709122	5.0
B0084B050M	5.0
0345510089	4.0
B0042XA2Y0	4.0
B00BVJG256	3.0
0141040378	5.0
0385344961	4.0
0761459626	5.0
0240814177	5.0
0451148398	5.0
B00CNXI1SK	5.0
0982139187	5.0
0800708199	5.0
B0042XA2Z4	4.0
158180766X	5.0
0785114793	5.0
0240815092	5.0
0140267670	3.0
1479341541	1.0
0979020565	5.0
0262513625	4.0
0062094475	4.0
160553157X	5.0
0446604801	3.0
0547242166	5.0
097860525X	3.0
0615786596	4.0
1426732236	3.0
1586176277	2.0
184767786X	1.0
0470497114	5.0
B008LZZNE4	3.0
0007491433	4.0
0525952969	5.0
1476718970	3.0
0316001821	2.0
0192803603	5.0
1858944996	5.0
0195310306	5.0
0943574447	5.0
0879739428	4.0
0786021993	1.0
1588168727	5.0
0140012486	3.0
1494904489	5.0
0199567417	5.0
0385343663	5.0
1477817751	4.0
1594488398	4.0
0140183485	5.0
0762438568	2.0
0142428604	5.0
0385537883	4.0
158134824X	5.0
0451176464	4.0
1594864454	5.0
0060512806	5.0
0985350318	4.0
1477849793	4.0
0879071141	5.0
0988523108	5.0
1607061163	4.0
0316881791	5.0
0137050127	5.0
0340822775	3.0
1118764048	5.0
B00D03VUAI	1.0
0615821898	5.0
1937178242	5.0
0061240869	4.0
0671467808	5.0
069101146X	5.0
076791757X	1.0
1401245005	4.0
071817707X	5.0
0060198184	5.0
0743272501	5.0
1410422445	3.0
0307278360	5.0
1426206453	5.0
1466254416	4.0
0789750333	5.0
0099464462	5.0
0575070536	5.0
0571225373	4.0
1477848827	4.0
1556529538	5.0
1461159490	4.0
0140448950	4.0
0684843323	3.0
1620151243	5.0
1556436912	4.0
1569243794	5.0
0307943232	3.0
030795871X	4.0
0060566272	5.0
1938067193	1.0
1477401296	5.0
0316693286	2.0
B0042XA308	5.0
1611735270	4.0
024081066X	5.0
0465003214	5.0
B0042XA312	5.0
B0042XA30S	5.0
0140448942	5.0
1442367636	5.0
0143170090	5.0
1470013851	5.0
0061939897	1.0
B006LWJ75K	3.0
0226458121	5.0
0789749327	5.0
014024980X	3.0
0061537934	5.0
0785123687	5.0
0307887898	5.0
0671447343	5.0
0321907477	5.0
067145711X	4.0
0060850523	4.0
0785156623	1.0
0789749335	5.0
047063927X	5.0
0789748010	4.0
B004GHN6RM	4.0
0062101676	4.0
146105656X	1.0
B0042XA32G	4.0
0199569258	5.0
1621570339	1.0
B0042XA31W	4.0
0061965766	3.0
0764208381	5.0
0062073125	4.0
B00AP4LJIS	5.0
B0042XA32Q	4.0
1606901257	4.0
0020519109	5.0
0061914177	3.0
1607144417	5.0
0312316224	5.0
1936096420	3.0
0307337227	4.0
1477499911	3.0
0671611011	5.0
0547577575	2.0
1935071270	1.0
0672523833	5.0
0898705533	5.0
0321903935	5.0
157687592X	5.0
0764814303	5.0
0060878061	2.0
0521478146	4.0
1461107334	5.0
1449410243	5.0
0595416047	5.0
0425173550	3.0
078689072X	2.0
193362244X	5.0
144236761X	3.0
0714836346	4.0
1434441946	5.0
B003T9V9A4	5.0
1118299280	4.0
0385320159	5.0
1416940022	5.0
1586171429	5.0
0439636485	4.0
0879102780	5.0
0140143459	5.0
068487315X	4.0
174220810X	5.0
B00740IAF6	3.0
1616364971	5.0
B0042XA34O	4.0
0718018001	5.0
0241951615	3.0
1933060050	4.0
0385333471	4.0
0979393302	5.0
0307361357	4.0
B007YZQOLI	4.0
0985022426	5.0
0982604025	5.0
B009AW0SGA	3.0
0813340861	4.0
1463525435	4.0
0811841529	2.0
1589639936	4.0
0071784225	5.0
0679744088	4.0
B007V3FLTE	5.0
0714838500	4.0
0553347756	5.0
0802827292	4.0
030726419X	1.0
B00E5JMQP4	2.0
1425997406	2.0
0865478619	5.0
0099450259	5.0
0785264817	5.0
0064409945	5.0
0226320553	5.0
0061953342	5.0
0316176486	3.0
039915731X	4.0
B007TF9FCI	4.0
0451138937	5.0
019285383X	4.0
0199206589	1.0
0553077376	3.0
0385289235	3.0
0743276949	5.0
0192853856	3.0
0307461548	5.0
1594036659	5.0
0312368704	5.0
1591843170	3.0
0143170104	5.0
1118459199	3.0
0801068193	5.0
0764226649	5.0
0434020842	4.0
0061173002	5.0
0786711647	4.0
0307265439	5.0
1118456939	5.0
0800718372	2.0
1453887660	4.0
0156372088	5.0
0192804456	5.0
0007228023	5.0
0345461002	2.0
0307277453	5.0
0671019112	5.0
0679725415	5.0
0399157301	3.0
0060391626	5.0
0310276438	3.0
0199747539	5.0
078522663X	3.0
1439154422	1.0
083081650X	5.0
0758259409	5.0
0441000681	5.0
0385338600	5.0
B00IWSZMNC	5.0
1600106951	4.0
0801027985	5.0
1613823592	1.0
0753462141	5.0
0452265347	4.0
039915776X	4.0
0596514263	4.0
0800757998	5.0
0618127496	5.0
0743276973	3.0
0865714487	5.0
0761462473	5.0
B00GOM67R8	1.0
0789749858	5.0
0307588513	5.0
0970312598	4.0
0192853880	5.0
B005FHHFQ0	5.0
014028334X	4.0
1555839355	5.0
0684871726	5.0
0595434789	1.0
0806998075	5.0
1444758551	3.0
159417024X	4.0
0465005969	4.0
0785168214	4.0
0898707315	4.0
157806161X	5.0
B009NKXAWS	5.0
0452286247	5.0
0345358791	2.0
0345406680	3.0
0192853821	2.0
0785168222	4.0
0740704877	2.0
0316224553	3.0
0141501596	5.0
1401309658	5.0
0764204807	3.0
0500513449	5.0
0316166626	5.0
0316224588	5.0
0252062345	5.0
0316290491	4.0
0547328184	2.0
B007B1WH02	1.0
0312609809	5.0
0801036402	5.0
0857521012	5.0
0226500578	4.0
0060608528	5.0
0452260094	4.0
1118336348	4.0
009974371X	5.0
0143121103	4.0
0312424442	2.0
1416534830	3.0
0199550204	5.0
0226136132	4.0
1401235166	4.0
0764209272	5.0
0140153195	5.0
1452662584	5.0
1607062933	5.0
0768424577	5.0
144237134X	4.0
0764208829	5.0
0547242093	5.0
0345479602	5.0
0615537871	5.0
1594486670	4.0
1456414143	3.0
042515954X	5.0
1490561676	5.0
1402237146	5.0
B007HBH9L8	5.0
1591841380	4.0
0307389316	3.0
0062076183	4.0
019921543X	5.0
055299703X	5.0
0061655511	4.0
009952998X	4.0
1565656296	5.0
0544264975	4.0
0470392401	2.0
0544035011	5.0
1841121258	2.0
0785168281	3.0
0465092756	5.0
1581344651	5.0
0688074049	4.0
0062066390	5.0
0810110245	2.0
193318423X	5.0
1492184373	4.0
1586175009	5.0
0345315227	3.0
B00IVE31MG	5.0
0375713255	5.0
0936385111	4.0
1594036225	5.0
1451673442	1.0
1885061900	5.0
0486426939	5.0
B0094JF00I	3.0
1441303251	5.0
1576832899	5.0
0785158014	5.0
141658661X	5.0
0486258491	5.0
0679756973	5.0
0061967556	5.0
048646170X	5.0
0615977235	4.0
0307730697	5.0
1453271090	5.0
0553107240	4.0
0230606121	5.0
1608190099	1.0
0307272591	5.0
0385492510	5.0
1476746583	5.0
0465002846	5.0
0425086569	5.0
078516829X	3.0
1613778538	5.0
0199584052	4.0
0142438006	5.0
0316074314	4.0
0316083275	5.0
1401302629	4.0
0805210954	5.0
0061563862	1.0
1478375965	4.0
0307463745	3.0
1594630100	5.0
0750628960	5.0
081297462X	3.0
0060794410	4.0
0140390243	5.0
B0083XFTB6	2.0
0451149165	5.0
0758241704	1.0
0764421050	5.0
111826682X	4.0
1600661297	5.0
0316010707	4.0
0394757688	4.5
0982949529	3.0
1414319576	5.0
0316228532	5.0
B002SUAYBU	5.0
0224098101	4.0
1558505113	4.0
0385249462	5.0
0061664618	5.0
0061147761	5.0
1118226151	5.0
0878397043	5.0
B00FV1VB06	5.0
0394759893	3.0
1594034915	4.0
1937856755	4.0
B00FBZJMQM	2.0
0743206045	2.0
0192803913	4.0
0785125124	4.0
0345422783	5.0
1579654355	2.0
078521626X	4.0
0199601348	4.0
1400053293	5.0
0060974060	1.0
1478163143	4.0
0310330718	5.0
0062060554	5.0
031603116X	4.0
1599637324	5.0
054774501X	5.0
0321775694	5.0
1596449381	4.0
0062246933	3.0
149093118X	5.0
1591253195	2.0
0132357798	1.0
0785125132	4.0
0446572829	1.0
1449394140	5.0
0375504338	5.0
0939144115	5.0
B004UJR154	5.0
0316204269	4.0
1590597664	4.0
0470554584	5.0
1451676565	5.0
1480219851	5.0
0979579481	4.0
0802118836	2.0
1596980990	1.0
0143122916	4.0
0544104404	1.0
1400053277	5.0
0446563072	5.0
B004TPCR4O	5.0
0140390162	5.0
0691057761	5.0
1936719061	4.0
0061730416	4.0
0938497529	5.0
0596004028	4.0
1594202303	3.0
1456331183	3.0
0825420482	4.0
0061950718	1.0
B007YLWXEY	4.0
0199295514	5.0
1571203117	4.0
012386965X	5.0
0785125116	4.0
0385502478	5.0
0306806541	5.0
0609600648	5.0
1557835853	5.0
0465086330	4.0
1481125273	5.0
0992097428	2.0
3791337165	5.0
1439176191	1.0
078522601X	5.0
0805096663	4.0
031268052X	4.0
0395075378	5.0
B00EDA7UKG	5.0
1442350458	4.0
0062124269	5.0
B00B3L1HWK	4.0
0399208534	5.0
0874779375	5.0
B007WKEM0A	5.0
B002RI9GUI	4.0
1572304510	5.0
0895260190	5.0
038536315X	5.0
0321776585	5.0
0385344430	5.0
1413308953	4.0
0061992100	5.0
0618126988	3.0
0762441844	5.0
0750682264	2.0
0789748193	5.0
B005LPE456	4.0
1400318130	5.0
030758836X	2.5
B001NTMH1W	4.0
1433506327	5.0
0140120831	5.0
0142001538	5.0
0805083367	5.0
1401240291	4.0
080073324X	5.0
1591840880	4.0
0307353451	1.0
0446612774	5.0
1481098861	4.0
0521424267	5.0
0002247399	5.0
0061703257	3.5
1482375214	4.0
0618788778	5.0
0312555938	5.0
0918477379	3.0
0806614390	5.0
1617230014	5.0
B00DIDASXA	5.0
1886442681	1.0
081313398X	5.0
0967634415	4.0
0312853238	5.0
0316010669	4.0
1597265632	3.0
1479100870	4.0
1604500093	4.0
141426710X	5.0
1439280266	4.0
B008CJ1R5S	2.0
1592331009	5.0
0195342631	5.0
0762779241	3.0
0028624513	5.0
038534662X	1.0
0345517652	4.0
1484823664	5.0
0133133710	5.0
1935251805	5.0
0486200515	4.0
0385523785	5.0
0312491840	5.0
006091307X	3.0
1482735962	5.0
1612186009	4.0
0465049338	5.0
B0097G7FUG	5.0
089870569X	5.0
0785124209	4.0
B005UFUOGU	5.0
0785124683	5.0
B00ALN287O	5.0
0143118048	4.0
1422121062	3.0
0385336810	4.0
0330287133	5.0
0142000280	4.0
0140714553	4.0
1593591861	3.0
0307749649	5.0
0785155651	4.0
0374201781	5.0
0321646916	5.0
B004TPQJBG	4.0
1457514508	1.0
B005KGATLO	4.0
1451612540	5.0
0132230852	5.0
0785163271	4.0
0143034480	3.0
0465049354	4.0
098554550X	4.0
1582409897	4.0
080271532X	5.0
B003TZLM3M	5.0
0312246552	5.0
1439102724	5.0
0199214964	5.0
0071762361	5.0
0446579807	5.0
0689808828	4.0
0553263226	4.0
1449403832	5.0
1619493918	4.0
0761455515	4.0
044656740X	5.0
0470458429	5.0
0596007191	5.0
1607069385	4.0
0399156429	4.0
1250030056	1.0
111818646X	5.0
0374154902	3.0
0062273205	5.0
1119959977	4.0
0878332162	5.0
0451450647	5.0
1490800425	5.0
0898707846	5.0
0764210319	5.0
1401235344	1.0
0240814711	4.0
1593930747	3.0
0061231401	4.0
045141411X	3.0
0765304740	5.0
0071750363	5.0
B004UKEOGM	4.0
1584350806	4.0
0192853791	5.0
0465002277	3.0
0394577892	2.0
1596981008	5.0
1455515558	4.0
1455163449	1.0
0684824906	5.0
0385334206	5.0
0670855383	5.0
1934291056	4.0
075536189X	2.0
B00K6GZJ68	3.0
0142001163	5.0
B004UJORLK	3.0
0679728740	5.0
1940026016	4.0
1620330652	3.0
B004TPCQWC	5.0
1595230866	1.0
0345803922	4.0
0809094827	4.0
1591846560	1.0
0316015482	5.0
1606600109	5.0
0740751433	3.0
0743500466	5.0
0385334141	5.0
044038883X	4.0
1611097843	4.0
1893554287	4.0
0595270255	2.0
0316099988	2.0
0441014941	4.0
0375751467	3.0
190800245X	1.0
1582408629	3.0
0785122427	5.0
1782392424	3.0
1250016215	2.0
0979607000	4.0
0060514558	1.0
0192853740	5.0
0547055323	3.0
0785165037	4.0
0062295543	4.0
014027166X	5.0
0307389006	3.0
0399535225	5.0
0307888908	3.0
068482793X	4.0
1904510000	5.0
0345497538	3.0
0394821106	5.0
0349100136	5.0
0807407348	5.0
B00DFM4XE4	5.0
0785166378	4.0
0684854295	3.0
0062314254	4.0
0991097505	2.0
0811874613	4.0
0375760385	5.0
0199553645	1.0
0232525005	5.0
1593251408	5.0
0226288625	5.0
0060883529	4.0
1883285461	4.0
0375501770	5.0
0806518561	4.0
0789748649	5.0
0060837721	4.0
0307948196	1.0
0785111751	3.0
0345534956	5.0
0814405894	4.0
3527406018	5.0
B00BFIQSWU	3.0
1565235738	4.0
1435456521	4.0
0771023219	5.0
0553260111	5.0
1612183727	4.0
B007TBWW68	4.0
0393050572	4.0
0199548242	3.0
0891079319	3.0
0805092625	4.0
1449393659	5.0
140870403X	4.5
1442344202	1.0
0991677196	5.0
0465089038	3.0
014009623X	5.0
0071543821	4.0
0451147952	5.0
068816689X	4.0
041507892X	2.0
0979921805	5.0
B002ZCXTLI	5.0
0743255917	5.0
0739314009	1.0
014044792X	4.0
0785129499	5.0
B009G7FKL2	4.0
1601409982	3.0
0785129472	5.0
0192804340	5.0
0143114948	4.0
1586172204	5.0
0843963670	4.0
0465002315	5.0
0972002626	3.0
0802800432	4.0
1475238339	3.0
1439156921	5.0
1586482548	2.0
1471683087	5.0
0345533666	3.0
1402768087	5.0
B006HRMZWG	4.0
0399157697	1.0
0399157212	2.0
0452295297	5.0
031237206X	5.0
B0092U34IO	5.0
0821228900	5.0
0515094978	2.0
0060584009	1.0
0310212715	4.0
0679722645	4.0
081334008X	5.0
0195369319	4.0
B005KDPILI	3.0
0399161309	4.0
0802122043	5.0
080281025X	5.0
0452281547	4.0
0985641215	5.0
030735346X	5.0
0312651619	1.0
1610170024	5.0
B006LAOIWY	5.0
0785151702	5.0
0312853254	5.0
0898701775	5.0
1118459237	4.0
0340924993	5.0
0671011367	3.0
0399160450	1.0
0743496728	4.0
0739495585	5.0
0307341488	5.0
0976000806	5.0
0451163508	5.0
1118241258	5.0
0785151710	5.0
B00BQENF0Q	2.0
0805068953	3.0
B008GYQ5UG	5.0
1491052058	2.0
0785189068	3.0
030747237X	3.0
0240817745	4.0
1118230132	5.0
0300104669	5.0
0785288376	4.0
0060936975	3.0
0446573647	4.0
0316206849	4.625
3832794638	5.0
0873374339	5.0
0789741164	5.0
0060932139	5.0
1594031908	4.0
1476725365	1.0
1492910759	4.0
0061934771	5.0
0062272853	1.0
1438509480	5.0
0385531842	5.0
0061214957	4.0
1596985380	5.0
0307353486	1.0
0141039280	5.0
0345536738	5.0
0140183574	5.0
B008HMN5BE	5.0
B00FVOV3P6	2.0
1449377564	5.0
0977628809	4.0
0140275657	4.0
145166818X	4.0
1416559132	5.0
0199229546	5.0
0007386648	4.75
0767900391	5.0
B008C2EU2W	5.0
1567318495	2.0
1602002312	5.0
0143116738	5.0
0309085497	5.0
1621570916	1.0
0786861312	5.0
B00E3E4XNO	5.0
1582405948	4.0
054742485X	4.0
1495266990	5.0
0323069177	5.0
0345803485	3.0
0684868016	4.0
031028788X	1.0
1935639447	4.0
1558327908	4.0
0071468943	5.0
1482085925	5.0
1401240216	4.0
0060573775	5.0
B00E0P32CY	5.0
B00ASB6LSQ	2.0
0613998057	5.0
1493664522	5.0
0062292889	1.0
1607067676	5.0
0596517696	5.0
0785161562	5.0
0972822585	4.0
1451697945	5.0
0240522273	5.0
0802427340	5.0
1463577613	3.0
0740751093	5.0
0517193345	5.0
B004RJ7XI2	5.0
1594200203	5.0
0465021441	4.0
006063037X	5.0
0199550166	5.0
0061841323	4.0
009950569X	5.0
0910355045	4.0
0340597704	3.0
0060959622	1.0
0192806939	5.0
0785125035	5.0
0681323272	5.0
156025355X	5.0
