B00L83QEHG	5.0
194055991X	5.0
B00D1WWGT2	5.0
0764202448	4.0
B007FDVIR4	5.0
B009XIIA4I	5.0
0989740617	5.0
0373657099	5.0
B00KGNCQVC	5.0
0312332637	5.0
161218698X	5.0
0062023004	5.0
1420131419	5.0
B00DRN0LG0	4.0
0615857272	5.0
1451500998	5.0
0451230132	5.0
0425246922	5.0
B00CVKZCB4	1.0
B00KLMV7RC	5.0
B007C7CZ7K	5.0
1555037712	3.0
0375708278	5.0
0263211053	3.0
B00HG15RHM	5.0
1484924886	5.0
B00FCXPMOY	5.0
084235090X	5.0
0756641195	5.0
1493754351	5.0
1493545981	5.0
0425250741	5.0
0451467302	5.0
B00HOURMMS	5.0
0062023012	5.0
B00JQWNS8E	5.0
B00FVGRX9O	3.7023712183156174
B00EAHZR5W	5.0
161935117X	5.0
0451417054	5.0
0988707489	5.0
1492746622	5.0
1484931963	4.812176835573941
1490471103	4.516150516150517
B005YFBYN8	5.0
1490943846	4.896102967465142
B00HD02Q3E	5.0
B00IDMXLFS	4.0
B00E7824EQ	4.0
1494435950	5.0
B00KJJ4XVO	5.0
B00E7XUGM8	4.0
0778313859	5.0
0983800677	5.0
B0088H8OZ0	5.0
0515145432	5.0
B00H8CK9EU	4.0
1612187145	4.53100376841384
0446532452	5.0
B00FMZYMAC	5.0
1612184677	4.79315071521744
0062049607	5.0
0983450587	5.0
0446527793	5.0
B00AFNOLZC	5.0
1495234258	5.000000000000001
B003VS0F2G	5.0
148398527X	5.0
B00GPSN73S	5.0
1886652066	5.0
B00GQIKG72	5.0
014219672X	3.0
B00JU1OXZ8	5.0
B00GXKIC8S	4.0
B00DXOJIKS	5.0
0425267083	5.0
1495489345	5.0
0615647235	5.0
B00J2G703I	5.0
1477818359	5.0
0989450236	5.0
0425239071	4.0
B00IRDI2LQ	5.0
1492133779	4.0
0312363168	5.0
0440222702	4.0
B00390BEDU	4.0
0854567062	4.0
0373776535	5.0
1476755108	5.0
B00EUDPPGM	5.0
1477811869	5.0
1490946810	5.0
B00H2864GM	4.999999999999999
1490943781	5.0
B008ZPVTJS	4.0
B00IHQKGJ4	5.0
B00KHTDGF0	5.0
0615859763	5.0
1936596067	5.0
B00GYJUCVS	2.0
B00KVN6HH6	5.0
B00GXNSLOA	4.0
B00DCJJMUA	5.0
1492955949	4.0
1499198825	5.0
1480529699	3.0
0756655307	5.0
B00KMH907U	5.0
0985115602	5.0
B007Z3QVGW	4.0
1492192112	5.0
B00HFWL6AY	5.0
1611099544	1.0
0425233383	4.0
B00G7POGZW	1.0
B00EWNXS28	5.0
061591070X	3.0
B00LTZF4CY	4.812171805574256
1612182763	4.0
0615517773	4.0
1490931430	5.0
B0091TJHIW	3.0
1499308442	5.0
B00CFO44OC	5.0
1493768824	5.0
061525201X	5.0
B00DGLC9N6	5.0
147675652X	4.0
B00J915BYG	4.0
148120811X	5.0
0425267849	2.0
1476751404	5.0
B00GF1XVZO	4.46403242147923
0671207148	5.0
B00BGBBBB4	2.0
0988264242	5.0
B005IAQD26	5.0
0842375406	5.0
0989740633	5.0
B00CP540RM	5.0
B005GQU32I	1.0
1602860645	4.0
B00IX07OIA	4.398095238095237
0312377630	4.0
0446361739	5.0
1477811877	5.0
B00IPI546E	4.0
0803495161	5.0
B00HBUPBC4	5.0
1492338141	4.541341145833333
B00CGOS40Q	5.0
1490515011	4.0
1493529161	5.0
0764209159	5.0
B00G06W3SA	4.689950428120775
0804161321	5.0
1499597681	5.0
148262625X	4.0
B003CT3094	4.0
1939356075	5.0
161109951X	4.0
B00907YWNK	2.0
149099274X	5.0
B00GCXQ19I	4.0
1477809589	4.0
1494482320	5.0
B00GOJZAII	4.0
0825433193	5.0
1491052295	4.0
B00IHTA3QC	5.0
0764209116	5.0
098345051X	5.0
0988115123	5.0
1492343846	5.0
B00IU5ACYG	5.0
0312651619	5.0
B00FTZ8JCM	5.0
1491266236	5.0
1402280467	4.0
0843964391	4.0
1492101400	5.0
B00GA31X0C	5.0
B00G05BXCS	1.0
0425230627	5.0
B00HVPD7KW	5.0
B00FYURUQS	4.734704112337011
0373278055	4.0
B00K7BK1GU	5.0
0849922070	5.0
B00ARXMWTW	4.79947827461727
1492375675	5.0
1477800662	5.0
1612186009	5.0
1939813026	5.0
0316038636	5.0
0985066385	3.0
0989281027	4.0
B00JPJY43Q	5.0
B00KGLZVYS	5.0
B00GWF5ETE	5.0
B007KGA5WU	5.0
0843935960	5.0
B00FCMBQ6S	5.0
0425263770	5.0
1490417796	4.770620689655173
B00C8EUHQS	5.0
0615910521	5.0
1494841223	5.0
0425250377	4.0
006226768X	5.0
160260147X	5.0
B00DTBDSPG	4.0
B00CCYPROG	5.0
0989104427	5.0
0007444117	2.0
1482996367	4.0
0764202030	5.0
0991105419	5.0
0989702510	4.496746203904555
1491054808	5.0
098870742X	5.0
1492940003	5.0
B0078T4G88	5.0
1484968042	2.0
0062078143	3.0
0778313107	5.0
1475051417	4.0
0843962658	4.0
0345527488	4.0
B00A0C9T5U	4.0
0983579253	4.71799668993308
1611099285	5.0
080073355X	5.0
0345434471	4.0
B008TGH622	4.0
0843964278	4.366212619383121
1495335038	5.0
1469241943	5.0
1560373571	4.0
0061711640	5.0
B00ETHOFY2	5.0
0062018965	5.0
0738719668	5.0
B00J5IV97Q	5.0
B00IC6B8KK	5.0
1402284462	4.0
1612182917	4.0
054799219X	5.0
B005J5L0Y6	5.0
B00F2OGQJ8	2.0
0843963018	5.0
0843962844	4.5299313052011785
B004TPS1VW	5.0
B00J9YWGTQ	4.999999999999999
0989450201	5.0
B00FN2PPQE	5.0
0007386648	5.0
B00L4A52DA	5.0
1479189952	5.0
B00KS7AXX4	5.0
0989702537	4.999999999999999
B0092XYEIK	4.643545778065352
B00KPJKXU8	5.0
B004H8GBYK	5.0
1492798398	4.0
B00E8HWZ36	2.0
1494376644	4.0
1493785796	4.0
0615909264	5.0
B00GQBH7F8	4.0
149046607X	5.0
B00J9LKE2U	5.0
B00JMF2RPU	5.0
1612184669	4.750545953703127
1497409926	5.0
B0051306KU	5.0
B005FA30V6	5.0
B00J98RD4A	5.0
1492951641	5.0
1612187137	5.0
1476764468	5.0
0062022997	5.0
0061351423	5.0
0983887926	5.0
1497472393	5.0
1612186963	5.0
B007WE3AFO	4.0
1492235512	5.0
B005VE3XI6	5.0
B00AMNNTIA	5.0
B00I4PEHKC	5.0
1492777463	4.770620689655173
1466443723	4.0
1477805907	4.0
1402271727	5.0
1466423595	4.68622507449003
B00EYMD9FI	5.0
B00DK8L8Z0	4.0
B00HFYCP1G	5.0
1490984798	5.0
B00HN1MC6Y	5.0
1599987430	5.0
B00DGVFUJG	2.0
B00HOSAE52	4.0
B00FKYD7BK	4.0
B00EYOTJPK	5.0
B006ZOP3PC	5.0
1492956635	5.0
037383246X	5.0
B00825DJKI	4.0
0345803493	3.5051067780872796
0988536811	5.0
1602601461	5.0
1480111295	4.0
1494852039	4.588150704630428
B00K5C0PDA	5.0
1420121685	5.0
0505526425	3.0
061589285X	5.0
1480568511	4.0
B00I6I33GG	4.0
