1300337478	5.0
0743281616	5.0
0345502671	5.0
0399154973	5.0
0345806093	5.0
1401302769	4.0
0060002484	5.0
0446577391	5.0
0062198890	5.0
0985822422	5.0
0758285035	4.0
1118446569	5.0
1118515668	5.0
0060938099	5.0
0765305526	5.0
0807001007	5.0
055380653X	5.0
1608090558	4.0
B008IOF1YA	1.0
0312967306	5.0
1480174718	5.0
0982157614	4.0
0345502655	4.0
160529246X	5.0
0425241920	4.0
0425224562	5.0
0061257079	4.0
0373774710	5.0
0399153624	1.0
0743281632	5.0
B006ZPRRVY	3.0
1250038944	4.0
037543318X	5.0
1934030732	4.0
0002007770	5.0
0446404144	4.0
0385536356	5.0
0061558230	5.0
0310331935	5.0
0446576085	4.0
0062049607	4.0
031264521X	5.0
0373774729	4.0
0778329755	5.0
0743437128	4.0
1118641345	5.0
0987462075	4.0
0984925902	5.0
1463783175	5.0
0345495802	5.0
0312368062	5.0
1594487278	5.0
0439136350	5.0
1432765027	5.0
0373002211	5.0
1401941214	5.0
0525946071	3.0
1440551847	5.0
1400111374	5.0
051513175X	5.0
0761456325	5.0
1416979727	4.0
0892967811	5.0
042524413X	4.0
0615398650	5.0
1422192199	5.0
1595550003	3.0
0786891416	5.0
0849948126	5.0
1438990308	5.0
0805088903	5.0
0786134828	5.0
0451465849	5.0
0060591803	5.0
1595549013	5.0
0988060809	4.0
0989930459	4.0
0544000137	5.0
1440561222	5.0
0062224840	5.0
1492874248	5.0
0761456309	5.0
0345483804	5.0
0312658508	4.0
0804119953	5.0
038553762X	5.0
0307718867	5.0
0553591339	5.0
0345467795	4.0
0307739767	4.0
B004ZUTNGI	5.0
B00A2SZCBW	5.0
1118312953	5.0
B00GKXL3DO	4.0
0345549333	3.0
0345492730	5.0
B007RELMWM	1.0
1467979767	5.0
1439154295	4.0
0805096531	5.0
0316734950	5.0
0060828412	4.0
0330426575	3.0
0007447094	4.0
1440218579	2.0
1551668734	4.0
1453299335	4.0
159777541X	1.0
0553807803	5.0
1451642040	5.0
0399151060	3.0
159420442X	5.0
1555174469	2.0
B00JU5YAKW	5.0
034552537X	4.0
1483983366	5.0
0345366239	5.0
0615226795	5.0
1492274518	5.0
054784865X	5.0
0778315193	5.0
1250011043	3.0
1565121783	5.0
B00DFSO2OO	5.0
0230342256	1.0
1455501476	4.0
1616268484	5.0
0971553602	5.0
1414303467	5.0
1400066298	5.0
0446527033	5.0
1909520470	5.0
0307587827	5.0
0312352557	4.0
044651506X	5.0
015206513X	2.0
0385344325	5.0
0345530756	4.0
0743437993	4.0
061834697X	5.0
0446527041	5.0
1590807901	5.0
0385475721	5.0
1574213628	2.0
1401939813	5.0
0446364495	1.0
1616201320	5.0
0718178122	3.0
0399146504	5.0
0316070629	4.0
0553584197	5.0
1434893847	5.0
1434703274	5.0
0978721357	1.0
0373775164	5.0
0842332340	5.0
0316009148	5.0
0451203070	5.0
1927675081	5.0
1492230944	5.0
019982830X	5.0
0557612004	5.0
0307888940	5.0
0007149824	2.0
0345439724	2.0
1482320274	1.0
0738216712	5.0
1401901204	4.0
1932714162	5.0
B00AGABFQC	5.0
0316207047	5.0
B006PDKEE8	5.0
0312106122	5.0
1451608128	4.0
1250000335	5.0
0805093427	5.0
1477809503	5.0
1904902626	5.0
0345533739	5.0
0451240987	4.0
1479351954	5.0
0307700682	5.0
1589399919	5.0
0373777795	5.0
0385335350	5.0
1477817131	5.0
B00DHHJRU2	3.0
0310334985	5.0
1433523493	5.0
1482345579	5.0
B0095BV5FO	3.0
0761462252	5.0
0670026395	4.0
042524377X	4.0
1433526514	5.0
1453721096	4.0
0307750930	5.0
1594712433	5.0
0060765240	5.0
0307750922	5.0
0062133470	4.0
0679644881	5.0
080217065X	1.0
0547939949	5.0
0984502203	3.0
B002TSAORU	4.0
0307473740	4.0
0425243796	3.0
1600940323	5.0
0374388296	5.0
0312284683	4.0
1596916982	5.0
0062110780	5.0
0451205707	3.0
0451236033	3.0
0761462236	5.0
0312534256	4.0
0547939957	5.0
0373292198	4.0
0743250524	5.0
0515124648	4.0
0547466323	5.0
0385336675	5.0
0807042455	5.0
1476705801	4.0
0345532449	5.0
1426760493	5.0
1476712980	4.0
1594632588	4.0
0761462201	5.0
1574216732	3.0
1856696324	3.0
1492123595	5.0
0061231398	5.0
0345533763	5.0
0380819627	5.0
0399147799	5.0
0307473716	5.0
0385361661	1.0
0425251357	3.0
0385474466	4.0
0312360193	5.0
1451672721	5.0
0061626813	1.0
0786010541	5.0
1400065755	5.0
0142428493	3.0
0373777744	4.0
B00AUYINB4	5.0
0425251381	4.0
030798656X	5.0
0761452869	5.0
0553589938	5.0
B0087KI142	5.0
031298460X	4.0
0312946384	4.0
1477567593	4.0
0740785117	4.0
0195137930	1.0
1480118516	3.0
161218717X	5.0
0544029003	5.0
0547640234	5.0
0345430514	2.0
B0081IKXAK	4.0
0316246573	4.0
0307732215	5.0
1250002125	5.0
1601425082	5.0
0553589946	5.0
1595554386	5.0
1466991526	5.0
0786011858	5.0
1618480332	5.0
0062133438	5.0
0060897848	4.0
0345464737	5.0
1451626851	4.0
0425243761	4.0
B00AR5HWXQ	5.0
0399150536	5.0
1494775093	5.0
0425259285	5.0
0765316153	4.0
1440533113	4.0
0425251322	3.0
1481896881	4.0
0310324793	5.0
0399158499	5.0
0765328143	4.0
0425247295	3.0
0989481700	4.0
0060527331	4.0
0989292711	5.0
B005D75Z8C	5.0
1401302815	5.0
039915714X	3.0
0425251314	4.0
080508889X	2.0
0061558281	4.0
1608680150	5.0
031021923X	5.0
0440215439	5.0
0425240673	4.0
0373773366	5.0
097266260X	5.0
0345531175	5.0
0316211079	3.0
1419687026	4.0
B00HFIJJ20	3.0
1451628684	4.0
1493671367	3.0
0761461779	3.0
1935170058	4.0
0761452834	5.0
0425218708	5.0
1477807756	5.0
0615394302	5.0
0425251330	3.0
0615673228	4.0
0451239938	5.0
0765317443	2.0
1250035058	4.0
B00FWWC446	5.0
0586217460	5.0
0307961257	5.0
1484897528	5.0
0547317263	4.0
B002HRF7WK	3.0
0451466306	4.0
1481861182	5.0
0312286449	1.0
0312591829	3.0
006218850X	2.0
1461103517	5.0
0312658575	5.0
0345505735	4.0
0451224868	5.0
0399148248	5.0
0451222202	4.0
0345534212	5.0
0805416528	1.0
0743294165	5.0
0399150560	4.0
1608090515	4.0
0761458115	5.0
0984716513	2.0
0307591972	5.0
0451235517	4.0
0375868704	5.0
1400043549	3.0
0316301868	4.0
0857520792	5.0
031259979X	4.0
0778326691	5.0
0307742423	4.0
0062198793	5.0
0451232496	4.0
0062235540	5.0
0312282060	5.0
0345505719	5.0
1118252691	5.0
0385738617	5.0
006200476X	5.0
0060527315	5.0
0425265943	4.0
0393081575	5.0
B004EYUHV0	4.0
B0020HR7KW	5.0
0451222229	4.0
1937868133	4.0
0739450107	5.0
0805095160	5.0
0385342500	5.0
1453717021	4.0
0316129089	4.0
0778313387	4.0
1595547207	3.0
0399157182	5.0
B0085MS638	4.0
B004KAA9PC	5.0
0982157630	4.0
0670023264	3.0
0849948290	5.0
1455110345	4.0
1586487140	4.0
0988767325	5.0
0060874465	5.0
140194244X	5.0
1414383649	5.0
1401340911	4.0
0061978086	5.0
0451219333	5.0
0140275363	4.0
1426733887	3.0
0316068225	5.0
1419671502	5.0
1416596240	5.0
1401340903	3.0
0061763144	5.0
1603810552	5.0
0525951555	5.0
1478347104	5.0
B00E2YXSVI	4.0
0500288054	5.0
006199104X	5.0
0345533054	5.0
1551667363	4.0
0671023195	5.0
0557091004	5.0
B00F9CEBXQ	5.0
0061246263	5.0
0849948274	5.0
1884365442	1.0
0061726168	3.0
1455501514	5.0
1118423100	5.0
0307270149	4.0
1594486050	5.0
0307949702	5.0
1402270399	2.0
1455521175	3.5
0310949912	5.0
B00JJYH24A	3.0
1439199086	5.0
0345447409	4.0
0099282917	5.0
0373062664	5.0
1424169380	5.0
0375408061	3.0
0060828579	5.0
B003VD1EAI	3.0
0553589113	5.0
0785261036	5.0
1565124723	5.0
0765317435	5.0
B00ADVB4YC	5.0
1479224251	4.0
0307588149	4.0
0451234936	5.0
161188067X	1.0
042526291X	5.0
1491204052	5.0
1894063414	5.0
0785262377	4.0
076360013X	4.0
0547196210	5.0
031615976X	5.0
0399132635	5.0
0547759266	4.0
1616951508	5.0
1595547193	4.0
0345528506	5.0
1940014204	3.0
1481150456	4.0
075828750X	5.0
0316000647	4.0
1402268033	4.0
0385342454	5.0
1933157259	5.0
0307914208	5.0
0671027581	5.0
1483966763	1.0
1455554049	5.0
1413311911	4.0
1938961544	5.0
B00GF5XK0Q	3.0
0312368127	5.0
0842332278	5.0
B00CQEM2SQ	3.0
0071462694	5.0
0786017147	5.0
0399152202	5.0
0739474812	5.0
0545142997	2.0
0989901815	5.0
0979824400	5.0
0761458859	5.0
0062257838	4.0
0316159794	5.0
0805076824	5.0
1455120596	4.0
0671027573	5.0
0778315053	4.0
0373777086	5.0
1573443387	3.0
006173506X	3.0
1433532492	5.0
0804107858	4.0
0316021555	3.0
098360584X	3.0
1611099854	4.0
0615836607	3.0
0316034045	4.5
0307592294	4.0
0761458824	5.0
0312352646	2.0
0982555067	5.0
030726999X	5.0
0802120547	4.0
0312372248	5.0
0385537700	5.0
0982539800	4.0
0778315061	5.0
1401340997	5.0
1401685048	4.5
B00AB1ZGX4	3.0
0553280848	4.0
0446576107	3.0
0486246515	3.0
0373777019	4.0
0880801484	5.0
1118678567	5.0
0553804642	5.0
1469248387	5.0
0143123629	5.0
0515131679	5.0
0141034173	4.0
0312979495	3.0
0399153594	5.0
0525948791	5.0
158017471X	4.0
0802119557	2.0
078974922X	5.0
0547367546	3.0
141696763X	4.0
1593760361	5.0
014101587X	5.0
0765300583	5.0
0425258890	4.0
B003VD1EC6	5.0
0345541537	4.0
0547852835	5.0
0736937838	4.0
0595301282	5.0
0547243952	4.0
0778315088	4.0
0553382640	4.0
1492156361	4.0
0307338428	4.0
0385513763	2.0
0778315096	4.0
1936976188	5.0
045123491X	3.0
1609530934	4.0
0615441866	3.0
1550548166	3.0
0373210493	5.0
1442359919	5.0
0061493341	3.0
0553586009	5.0
0849917905	4.0
0312979444	4.0
0739316036	5.0
045123409X	4.0
0671786539	5.0
1451611862	5.0
0739480685	5.0
0345542886	4.0
006213468X	5.0
0425241157	4.0
0306821931	5.0
B004QS93Z0	5.0
1439197288	4.0
0471478121	1.0
0316069515	5.0
0804176434	4.0
1476702918	5.0
1416534571	5.0
1434893960	5.0
0765316978	4.0
B00F766YYS	5.0
0151014434	5.0
1604817194	5.0
1479271497	4.0
0345491599	4.0
B007K3E2PY	5.0
0399157980	5.0
1475271093	4.0
0451465911	5.0
144240907X	3.0
1401686354	5.0
038080588X	5.0
054761215X	5.0
159448919X	5.0
0451230515	5.0
B00B6OW7BO	4.0
0061122297	4.5
0373210442	5.0
0307750833	5.0
031033716X	5.0
0446573051	5.0
0312352638	5.0
0979824486	5.0
1416599371	4.5
1401686370	5.0
1481158333	5.0
0982514514	5.0
0340953616	4.0
B00C2I56Z2	5.0
1596922095	5.0
0310950929	5.0
1934938408	5.0
1250006651	5.0
0446528412	4.0
B005BRTY7C	5.0
006193142X	5.0
0446576972	5.0
161218703X	5.0
B00A1RFO6M	5.0
B008IU9RJO	5.0
1440208255	2.0
031236203X	4.0
B00BE2NSUC	4.0
0738217107	4.0
B00CA88MOG	3.0
0142004332	5.0
0307990745	5.0
0307452956	5.0
0736921400	4.0
0446576980	5.0
0770435602	5.0
0143121049	3.0
0399156585	5.0
0312571224	5.0
0061990639	4.0
0672335557	5.0
1439153663	5.0
0761462139	3.0
076145277X	3.0
0800733851	4.0
0451229606	5.0
0547150938	5.0
1477817271	5.0
0451226585	3.0
006222543X	4.0
0310333555	5.0
0446573019	5.0
0312380720	3.0
1455520640	4.0
1611942519	5.0
1419684027	5.0
0544109414	5.0
0849946514	5.0
1433530708	5.0
0821768719	4.0
045122650X	5.0
145288126X	4.5
B007IBUSUQ	4.0
0425251489	4.0
0786026863	5.0
0671705091	5.0
0307712508	5.0
0061998575	5.0
0446527130	5.0
0060765380	5.0
1451684835	5.0
1410458792	5.0
0980058287	5.0
0399900578	5.0
0451227859	4.0
0307720144	4.0
1449570178	5.0
B004MMEDU0	2.0
080509816X	5.0
0062237470	3.0
1555976387	5.0
0736905340	1.0
0345485750	5.0
0061015725	5.0
080509282X	4.0
055277572X	4.0
1400040582	5.0
0312362021	5.0
0451238516	4.0
1448614627	5.0
0983492700	3.0
0615351913	4.0
024081441X	5.0
0375412085	2.0
1416549994	5.0
0061990612	5.0
0778314510	5.0
0316027650	5.0
1612786669	5.0
0345485777	5.0
0062088254	5.0
0316018708	3.0
1573244724	5.0
1432706500	5.0
0743581687	5.0
0007299540	4.0
0373285930	4.0
1570084092	4.0
0778314529	5.0
0425258076	4.0
0316211176	4.0
073946289X	5.0
0547385420	5.0
0786016612	4.0
1412062292	4.0
0544225252	5.0
0312377134	4.0
B00A3XQW9M	5.0
0765317354	3.0
0544217624	3.0
0965624781	4.0
B0078S9A6C	5.0
080419257X	5.0
0399157034	5.0
1400068940	5.0
042525142X	3.0
0984673091	5.0
0061474266	4.0
1426212585	5.0
0743509463	4.0
1482055015	5.0
0316097519	3.0
0062078011	4.0
B0088BWI2Q	5.0
1416552715	5.0
0307986659	5.0
0595433359	5.0
140020304X	5.0
1599902826	4.0
0547244371	5.0
0310344298	5.0
0547807430	5.0
0061582018	5.0
0425251462	3.0
0230341845	3.0
0425252795	3.0
1414368860	5.0
0307408841	4.0
0312369530	5.0
0807013196	4.0
031218087X	2.0
1908603607	4.0
0307950654	4.0
0385335296	5.0
1595545360	3.0
B008DVVLYW	1.0
1581823770	5.0
038553292X	3.0
0451412656	5.0
076145800X	5.0
0375404414	5.0
0982770596	4.0
0385514298	5.0
0553581236	5.0
055380779X	5.0
037389273X	5.0
0451202546	5.0
1626361088	3.0
0307947076	3.0
0061914975	5.0
0451232356	4.0
0380812967	5.0
0425258041	4.0
0345534352	5.0
0316341118	4.0
143352970X	5.0
1933515511	5.0
0451223411	5.0
0312553498	4.0
1118639715	5.0
1908147717	4.0
1401931758	5.0
0099491222	5.0
1461189268	5.0
193351244X	5.0
1573229962	5.0
0312301995	5.0
1608195651	5.0
1439172773	5.0
1414310641	5.0
1611941237	3.0
0743254899	5.0
1611097177	5.0
1551666936	5.0
042521317X	5.0
0425252752	3.0
0374305188	5.0
0451232380	5.0
146102062X	5.0
0316147869	5.0
B009VR4SS8	4.0
0375433392	5.0
1455517062	4.0
0312320264	4.5
0345526732	4.5
0399150439	5.0
1250009715	5.0
073942503X	5.0
0062222376	5.0
1426759517	5.0
0373892713	3.0
1931722595	5.0
B00G4LX0UG	5.0
034542705X	5.0
0385535171	5.0
0307714292	3.0
1466213035	3.0
0143142437	5.0
0312587481	5.0
0307353753	4.0
0743292510	5.0
0785262288	4.0
0553588346	5.0
0446532231	2.0
0385514301	5.0
0143038575	4.0
1461195977	5.0
0802121918	5.0
1616201126	5.0
0066211085	5.0
178264072X	4.0
0811869938	4.0
1422194191	5.0
0825307325	5.0
0761919945	1.0
1611097169	5.0
1484188497	5.0
1451689764	5.0
1590787188	5.0
0983263329	5.0
0385342322	5.0
0743292502	4.5
B00DQO436O	5.0
0849948398	5.0
1451696086	4.0
0679422846	5.0
0470647736	5.0
0312577214	5.0
0765365855	5.0
B00B3TJIZU	3.0
0670024783	5.0
B00I3U9P4G	5.0
0786018313	5.0
0385735723	5.0
B00CRN3208	3.0
0316702706	4.0
1250023637	3.0
0060889632	5.0
0425252825	4.0
0761927573	5.0
0984026525	4.0
0385537859	4.666666666666667
0446610259	5.0
0425247414	4.0
0451233964	3.0
0061836923	4.0
0743260945	5.0
1842297392	4.0
0974081922	5.0
0062021028	3.0
055357762X	5.0
0786032634	5.0
0849947022	5.0
0316024961	5.0
0099710013	5.0
0743260937	5.0
147003655X	5.0
B006WPPXK4	4.0
1401941028	5.0
0316057851	5.0
0385537883	4.0
B00F3PWZ3M	4.0
0425260410	5.0
0061473820	4.0
0451220684	4.0
0385334729	2.0
1453258140	5.0
0061704237	4.0
0316036919	5.0
0312349513	4.0
1558324364	3.0
1402285728	2.0
0060527048	4.0
1490906916	5.0
0062222406	4.0
1490557962	4.0
031234161X	5.0
0802120660	5.0
0330419129	3.0
0345323750	4.0
0761453016	5.0
0440236940	5.0
1400203759	5.0
0425245675	4.0
0345502825	5.0
0849948320	5.0
0812992806	5.0
0441017150	4.0
0062083392	5.0
030794672X	5.0
0373777159	5.0
0451418433	5.0
0061231975	5.0
0345528670	5.0
051513287X	5.0
0804119724	5.0
0399155651	4.0
B009B11BKW	3.0
143353293X	3.0
1401941087	5.0
0451221958	5.0
0823099016	4.0
0307955699	5.0
B0075AS488	5.0
1461122503	2.0
1611099714	5.0
1433531623	5.0
1400203732	5.0
0373210116	3.0
1439197199	4.0
B006KF66H0	5.0
0312593309	2.0
1401687369	5.0
045123393X	5.0
0451415388	5.0
0307588920	3.0
037344480X	3.0
0740760548	5.0
0843961562	5.0
0863277284	3.0
0821770500	5.0
0307267679	5.0
0525947558	5.0
1465378383	5.0
1574410792	5.0
1416590692	5.0
0440236908	5.0
0425232328	5.0
0061041696	2.0
0373836007	5.0
0195387627	5.0
000725394X	5.0
0312339348	5.0
0451237498	3.0
0786028521	5.0
0449225151	5.0
0826311687	4.0
0767926021	5.0
0307953068	4.5
0842300988	5.0
0060878061	4.5
1118244044	5.0
1455516783	5.0
0312573723	3.0
0373210108	4.0
0786890738	5.0
0446555789	4.0
078689072X	5.0
0895260476	5.0
0373892187	4.0
0312318421	5.0
0307745392	3.5
0307458857	3.0
B009TWA1RM	3.0
0425241289	4.0
1451621302	4.0
045123085X	4.5
1401944140	5.0
1611097975	5.0
1442362383	5.0
1433530333	5.0
0345532740	4.5
143821443X	5.0
B00CBWFQAO	5.0
1455549657	5.0
0758276346	3.0
0399155686	5.0
0446576670	5.0
084394854X	5.0
0385366396	5.0
142691752X	3.0
0345485823	5.0
030771683X	5.0
1400202450	5.0
1481950592	4.0
0786890746	5.0
0743278275	5.0
0805082549	3.0
0399154345	3.0
0553588338	4.0
0451220609	4.0
098912892X	5.0
1118677536	5.0
1413454763	3.0
0230605745	5.0
0307271722	5.0
0515134643	4.0
067102728X	5.0
0345485815	5.0
0786890754	4.0
0316008079	1.0
1926997964	1.0
0805094512	5.0
0152058664	5.0
0060566698	5.0
1481869795	4.0
0553586602	4.0
1612183808	5.0
0425233731	4.0
B004OEKF6M	4.0
1611748992	5.0
0385516169	5.0
0743294378	5.0
0199916357	5.0
0786891297	5.0
0743406176	5.0
0310334748	5.0
1594204284	5.0
0451216628	4.0
0230755062	4.0
1596985666	5.0
B007A53WEY	5.0
0764202219	4.0
1608199770	5.0
B004D9FEPU	4.0
B00FXXXZGU	5.0
1603184279	4.0
1401341799	5.0
0373079745	5.0
0385344074	5.0
1453887660	3.0
1935597000	4.0
0470505702	5.0
0778804534	5.0
037321006X	4.0
0345476999	5.0
0375502971	5.0
0988978016	5.0
0316098329	5.0
0743294394	4.5
0764211137	5.0
0761463313	4.0
B00D9A4LJO	4.0
B00FCCO4EE	5.0
1484100387	4.0
B00FGI65NW	5.0
0821779710	5.0
0451236270	4.0
1594485763	3.0
0765307006	4.0
0743294386	3.0
B004EPYXMS	5.0
0515132020	5.0
0307461513	5.0
0758269218	4.0
1936493837	4.0
0758271522	4.0
0789749858	5.0
0141010118	5.0
0810982862	5.0
0525953493	5.0
0307989828	5.0
0399150730	5.0
039914840X	5.0
1595548726	5.0
B00FVDMDOC	5.0
B00C27ZEQO	5.0
030795563X	5.0
1591025966	3.0
0156010860	4.0
0385350775	5.0
0984561609	5.0
0547820119	5.0
0061656003	3.0
0446529435	5.0
0425266605	4.0
1595555013	5.0
0545240778	4.0
0451238869	4.0
0062311077	5.0
0547626150	5.0
145162137X	3.0
B004CLYO8W	4.0
0307917371	5.0
0761463305	5.0
0765312417	4.0
0132963876	5.0
0380977265	3.0
0399156011	2.0
0671707175	5.0
0310250684	5.0
0385344082	5.0
1118646312	5.0
0061732370	5.0
0765312409	4.0
0857521012	5.0
1484042018	5.0
0684846756	5.0
0976876078	5.0
1416549633	4.0
0312377630	5.0
0425245705	5.0
143924894X	5.0
0141188936	1.0
0425263592	4.0
1466223200	4.0
0060926201	5.0
1439140219	5.0
B005KMBC1E	5.0
0142000906	5.0
B006NXYG1W	5.0
0425212807	4.0
0425207463	5.0
0307884848	5.0
0345502035	5.0
144237134X	5.0
0761453938	5.0
1611090482	5.0
0312428812	5.0
B008J6RN0C	4.0
0988725401	5.0
0345464109	5.0
0982481748	5.0
159315660X	1.0
0307590437	5.0
0778324206	5.0
0451413644	3.0
0615521061	4.0
0312600151	4.0
1433681285	5.0
1595555056	5.0
0062088149	4.875
1433526360	4.0
0544073770	5.0
1401940544	5.0
0544264975	4.0
1401685617	5.0
0143034901	5.0
1250005027	4.5
0982481764	5.0
1466471425	5.0
0142427799	4.0
1565546970	3.0
0312869967	5.0
1934137456	4.0
078689122X	5.0
0451208153	4.0
0061673390	4.0
0440245095	4.0
0547739648	5.0
0307346609	5.0
0399149759	5.0
0446612960	5.0
1482609509	4.5
0312265778	5.0
0143115790	4.0
1478314192	5.0
034554773X	5.0
0345453417	5.0
0439023483	5.0
0553382152	1.0
0758225695	3.0
0446582417	5.0
0307264556	5.0
0812993373	5.0
0345443209	5.0
0786891254	5.0
1434325156	5.0
0778325571	5.0
031260016X	5.0
0451223772	5.0
1400069947	5.0
0743234707	5.0
0425246167	3.0
0061348155	3.0
0425252841	4.0
043920352X	5.0
0767922468	5.0
B00DRAS16A	2.0
1400068622	4.0
1401940587	5.0
0307590402	5.0
0425246175	3.0
1482663031	5.0
0373777922	5.0
0385340559	5.0
0061348171	4.0
1414311613	5.0
0618556133	5.0
1594486247	5.0
0345453433	5.0
B00C3341BG	4.0
0399159126	5.0
009917961X	5.0
0736918116	4.0
B005D7KFHI	5.0
156947947X	4.0
0547687125	4.0
0385339577	5.0
B004WDZSDK	5.0
0553584898	5.0
0310333490	5.0
0989203506	5.0
0788789643	5.0
0385340567	4.666666666666667
1118294041	5.0
1490909222	5.0
0441014003	5.0
1470064626	3.0
0312360819	4.0
0312375069	4.0
0849944813	5.0
0316228532	3.5
0425205681	4.0
1455808067	3.0
0743496205	5.0
1439172633	5.0
0684838265	5.0
1590803868	5.0
0380789892	4.0
0399152431	5.0
0345422317	5.0
0544126688	5.0
1580173233	2.0
0743496213	5.0
0385523386	5.0
055358846X	3.0
1118444272	3.0
0553588478	5.0
0764204084	3.0
1580085849	5.0
1477631429	4.0
0345549627	4.0
0345456580	5.0
B00F4HBCME	5.0
0615971865	5.0
1847513018	5.0
1421409429	5.0
0547634528	5.0
030796292X	5.0
1439102740	4.0
0316043133	5.0
0553581856	5.0
1250009464	4.0
0578007274	5.0
080212996X	5.0
0399159053	5.0
1461138612	5.0
0425227944	5.0
0544027701	5.0
0062313843	5.0
1933538872	5.0
0873648196	5.0
0253350662	3.0
1452105006	5.0
1442194650	3.0
047087466X	5.0
0451403444	5.0
1118490193	5.0
1581600488	2.0
0545107105	3.0
1590587855	4.0
1401938175	5.0
0767932005	5.0
0446523445	5.0
0425212033	5.0
0345476131	5.0
0307352587	4.0
0373874243	5.0
B0038ZR0KM	4.0
B004UFB66S	5.0
0399164456	5.0
0451232518	3.0
0345528735	5.0
0062124269	5.0
B00B1MR7P2	3.0
042523990X	4.0
045123250X	4.0
030727828X	3.0
0736918094	3.0
0547893159	5.0
0615548962	5.0
B008F4R1AA	3.0
B0081LHZL2	5.0
038536315X	4.894736842105263
0060521600	5.0
039916443X	3.0
0224042963	5.0
0741439786	5.0
143424721X	4.0
1402218850	5.0
1480439703	3.0
030728364X	5.0
B00DFIE80W	3.0
1611099633	4.0
1462111181	2.0
0345476158	5.0
0761526463	5.0
0394573439	5.0
0345435648	5.0
1592579469	5.0
1416590714	4.0
0307388522	4.0
1629236519	4.0
0743202961	5.0
0374126879	3.0
B00DL5T200	5.0
0761455590	5.0
0345515463	5.0
0061259357	5.0
1463613385	3.0
0399164421	1.0
1118127218	5.0
030795627X	5.0
0061684228	5.0
1118185110	5.0
009954783X	4.0
0553590707	3.0
1592331009	5.0
006074815X	5.0
B00HPBC0NM	5.0
0399147926	4.0
0989146510	3.0
1569475148	3.0
1463437935	5.0
0385532253	5.0
B0092MT3Y6	5.0
0451204492	5.0
1482926474	5.0
0739327364	5.0
044658083X	5.0
0446580848	5.0
0764544659	3.0
0345548388	4.0
0449002071	5.0
146625453X	5.0
1481262262	5.0
0312365721	4.0
0451414187	5.0
B0081CUVIU	5.0
0547386087	5.0
0802126065	4.0
0373881355	4.0
0425231178	5.0
0143057588	5.0
0446529567	5.0
B008GFWH52	5.0
0671027379	5.0
006195165X	5.0
0743292499	5.0
1470012634	5.0
0849948428	5.0
0802120768	5.0
1118422899	5.0
0385742770	5.0
0141326085	4.0
1419675710	5.0
0307749649	5.0
B00BNY2X0M	3.0
0743204700	4.0
0151014604	4.0
0137015461	5.0
0820335061	5.0
0307245306	5.0
B00FYW9VHC	5.0
0345539451	4.0
1441481370	5.0
0060848324	5.0
0373771983	5.0
0316154741	5.0
1439197059	2.0
1440136874	4.0
0373210213	3.0
125003003X	5.0
0547691130	5.0
1416525874	5.0
B0081CJECY	4.0
0765311054	2.5
0345541790	5.0
0312558163	4.0
0399158618	5.0
1560256141	2.0
0143038419	5.0
1463568266	3.0
1433521547	5.0
B0067ZJVK2	5.0
0345539478	4.0
0765311046	5.0
1433530457	5.0
045141411X	5.0
0425232468	4.0
1482005050	5.0
1592556736	5.0
142578741X	5.0
0312387962	5.0
006191648X	5.0
0425252078	4.0
0804119678	5.0
042525206X	3.0
0099911701	1.0
0743412788	5.0
0553588451	5.0
1612186017	4.0
0062220756	5.0
0805095713	5.0
0615717233	1.0
0307969509	4.0
0812992954	5.0
0373210205	4.0
0060663723	1.0
161620253X	3.0
B005ECTSQ6	5.0
0399154221	5.0
0385344007	5.0
1250043395	4.0
1611062306	5.0
1612186025	4.0
1481814761	5.0
0061098698	4.0
0743456335	4.0
1434705358	5.0
B00DOPEUB8	1.0
0739412302	2.0
1940026016	5.0
0307986071	5.0
0062129902	5.0
0545042143	4.0
0553385186	3.0
1401924352	5.0
0727882554	5.0
0758254091	5.0
0451236122	4.0
1401200176	5.0
1444756451	5.0
B004P1IXQ8	5.0
1741797152	5.0
0345483383	5.0
1595546871	5.0
1433526409	5.0
1611097843	5.0
0758280378	3.0
0441014941	5.0
031237643X	5.0
0451236130	4.0
0425252124	5.0
0345538064	5.0
1470188058	5.0
0425257819	4.0
B00G3DC7RW	5.0
1414307659	4.0
0061032085	5.0
B00IJL27MQ	4.0
0807033405	5.0
0446527785	5.0
1565124073	4.0
1401936318	5.0
0786887931	5.0
0739374532	4.5
1463717091	4.0
1400069165	5.0
B00CTRMASC	5.0
B00BW8KO00	1.0
0316067954	5.0
0812992997	5.0
193952993X	5.0
0789748649	5.0
0399155481	5.0
0425243206	4.0
1433523345	5.0
1576734161	5.0
0425240177	5.0
0743412753	5.0
0760308683	5.0
0373777205	5.0
0316067962	5.0
0141802766	5.0
0988223635	3.0
1440525803	5.0
0441014992	5.0
0307273393	4.0
0316018953	5.0
1884956793	5.0
0985159022	5.0
1451572964	4.0
0312262515	5.0
030737839X	5.0
0451197704	3.0
0312364423	3.0
0547744943	5.0
0425242765	3.0
0547904312	5.0
0671447548	5.0
B00CCUCD1A	3.0
0547853149	5.0
1250052343	2.0
0764204955	5.0
140870403X	4.0
B0085CYF2E	5.0
0373262221	3.0
B009G9TYDU	4.0
1564745430	4.0
1455839957	5.0
0739314009	4.0
1439259739	5.0
0425242773	4.0
1118004361	5.0
140193501X	5.0
0425252116	4.0
0761453830	5.0
0425239136	4.0
0727881205	3.0
1616200774	4.0
0446529532	5.0
0399151923	5.0
0385528256	4.0
0307595110	5.0
0446769827	4.0
0399154191	4.0
0373605404	5.0
098957007X	3.0
076366040X	5.0
0385015836	5.0
157061881X	5.0
0399161309	4.0
1479204951	5.0
1250030927	4.0
0345521226	5.0
038551316X	5.0
0804138818	2.0
1401941761	5.0
1434766381	5.0
0345526910	4.0
1439138672	4.0
1477533028	5.0
030798687X	5.0
0786020458	5.0
1250030935	3.0
1483957993	5.0
1451524439	5.0
0330490699	5.0
1595548645	5.0
1451524447	5.0
0307731472	3.0
0061706876	4.0
0786173955	5.0
0345535871	4.0
1475211201	5.0
0446358592	5.0
0425248038	5.0
0425242730	4.0
1451641974	5.0
0979692903	4.0
0786020466	5.0
1611880475	4.0
111871525X	5.0
0316097756	5.0
0978970772	5.0
1937957713	2.0
1596921749	5.0
1581824874	3.0
0544027787	5.0
0451233026	4.0
0425186156	5.0
0544102622	5.0
0316185906	3.0
037377673X	5.0
158160050X	4.0
0758266901	4.0
B004EYUH9C	4.0
0061458414	5.0
0544114604	4.0
0399158588	4.0
0425241424	3.0
111855017X	5.0
0310332079	5.0
0061922315	5.0
B006M0IJ9G	3.0
0061044040	3.0
0978573234	3.0
B00ARMQ7TY	5.0
1421405962	5.0
0399153721	4.0
B0083HRISE	3.0
0553562797	5.0
1480445657	5.0
0440237556	5.0
0425251640	4.0
0451236955	4.0
0786032464	5.0
0786891130	2.0
B00DCFQI4W	5.0
0307939693	4.0
B004WXF2C2	5.0
076533271X	1.0
0671537466	1.0
0802142915	3.0
0812995201	2.0
1401940471	5.0
0316015059	4.0
1426749503	5.0
0739380338	5.0
031044067X	4.0
0425115801	5.0
0989042901	3.0
0425240991	4.0
0451221001	5.0
0425263649	3.0
1468002171	4.0
B00A90PN12	4.0
0312347987	5.0
0062025317	5.0
1433679922	5.0
1425131778	5.0
1590131673	4.0
1612183786	4.0
0486438600	3.0
0978573226	2.0
0345533267	5.0
1400323460	5.0
0310494478	5.0
0312533640	4.0
0394583760	5.0
0425248011	4.0
1400204186	5.0
0446547352	4.0
0147508436	5.0
B005D4YPHW	5.0
0890425558	1.0
0830754733	1.0
1555975534	3.0
0316204366	5.0
0399155821	5.0
1416978836	5.0
145161747X	5.0
0345470990	5.0
1456492268	4.0
006135158X	4.0
0805093079	1.0
0375724524	5.0
140006404X	5.0
0553591754	4.0
1595548130	4.0
0345528816	4.5
B00FHQI2KM	4.0
0553386700	4.0
1940210003	5.0
1451676689	4.0
0312187106	5.0
1483918777	2.0
0310328764	5.0
B002BA58R2	5.0
1612183255	5.0
0849964660	5.0
1451675364	5.0
0425251713	5.0
079442600X	5.0
0385534140	5.0
0553591762	4.0
0345528840	4.0
1433530139	4.0
031262168X	4.0
0425251748	4.0
0425269027	1.0
1477847316	5.0
1856696820	4.0
1612183220	5.0
0061137618	5.0
1613430442	2.0
0963473263	2.0
0399151435	5.0
0425157628	5.0
0857205668	5.0
0451235975	5.0
0307718417	5.0
146352210X	5.0
1607964481	3.0
1118116410	5.0
0312556934	4.0
0316008230	5.0
0525949550	4.0
1469237164	5.0
0385347804	1.0
0060175273	4.0
054402589X	1.0
1551668386	5.0
0307452468	5.0
B00JOGB2GW	4.0
0062064835	5.0
0099740915	4.0
0142800562	5.0
1433507781	3.0
1781590710	5.0
0770435009	4.0
B0044XUV4O	4.0
0446575178	5.0
1612183298	5.0
0873644964	4.0
0025853503	5.0
1416989536	3.0
B004CYESFS	5.0
0688174841	3.0
1551668378	5.0
0761459812	5.0
0812993071	5.0
0470908262	4.0
1401341942	5.0
0316055433	3.0
0743245539	4.0
0307749584	4.0
1401302351	5.0
B0073SSN6U	5.0
0425255298	5.0
042525528X	5.0
0451415965	3.0
0849947251	5.0
1481160370	4.0
0062064851	4.0
0373210728	5.0
0696233967	5.0
1434799301	5.0
037321071X	5.0
0743245547	5.0
1440447977	5.0
0385742282	5.0
0399142533	4.0
0399162127	4.0
0307958108	5.0
0425245020	3.0
1590308476	5.0
0380781891	5.0
030727859X	5.0
0547976518	5.0
0425235637	5.0
1611940524	4.0
1466338342	5.0
1453806024	5.0
0979951089	2.0
0060652934	5.0
0099581876	5.0
0007442637	4.0
0312699468	4.0
0373777396	5.0
0983256853	3.0
1439156417	4.0
1456486438	2.0
0615499708	3.0
0761455442	5.0
0761463070	5.0
0425244598	4.0
0307887200	5.0
0743417909	5.0
0778316041	5.0
1413305768	5.0
098225301X	5.0
023070932X	5.0
1616200421	4.0
0821768417	5.0
0761455418	5.0
0310338174	4.0
0804119511	5.0
1611940508	4.0
0992078601	4.0
0312383282	5.0
0452295491	2.0
B00GR4XFPU	5.0
0547774338	5.0
0849947219	5.0
1484858425	3.0
1616200456	4.0
1565129237	4.0
0446580503	5.0
0547571607	5.0
0439895979	5.0
1477692304	4.0
0452285216	1.0
0545265355	5.0
0312957572	5.0
0849947200	5.0
0451417798	4.0
0312675461	3.0
0385518021	3.0
0977954536	5.0
080411952X	5.0
0340953950	5.0
1463605005	5.0
0802122647	5.0
1570544077	5.0
0062241796	5.0
1612190421	4.0
1250014522	5.0
1461014522	5.0
0553591711	4.0
0781405785	3.0
0452283493	5.0
0743277163	3.0
1401938949	5.0
0307713547	4.5
0425245888	4.0
1936493616	5.0
1450283853	5.0
067964444X	5.0
0778313808	5.0
0966770404	5.0
0449132269	5.0
1414334133	5.0
0804119554	5.0
0544032101	5.0
0788748467	5.0
0743270541	5.0
0811853756	5.0
0380804204	5.0
0142421375	5.0
0452278902	5.0
1461043069	4.0
0156026929	5.0
B000JML1QG	5.0
057809245X	5.0
006193836X	4.0
0307454231	5.0
0307717925	5.0
0615213073	4.0
0060652950	5.0
0553591746	4.0
0553590413	5.0
0615648649	1.0
0345505387	1.0
0345454944	5.0
0310494540	5.0
0553585991	3.0
0316405345	5.0
0399157565	3.0
0062080830	5.0
0761453776	5.0
0345538196	5.0
0788751298	5.0
0345518586	5.0
0778313719	3.0
0062257390	5.0
0061140325	3.0
0762448946	5.0
B00HGU1916	5.0
0802145213	2.0
0451220900	5.0
0345510623	5.0
0451223187	5.0
0310330157	5.0
076273907X	5.0
1416968571	4.0
B00C0JHYR6	4.0
1603585044	5.0
1580627560	5.0
0345542223	5.0
143367212X	4.0
0061928127	4.0
0451223195	4.0
0307886840	3.0
0759550425	5.0
0804109303	5.0
0786860766	5.0
0544022807	5.0
0473198738	5.0
B0089YQPI0	4.0
0345482182	5.0
0307907317	5.0
0310329191	5.0
0451215583	5.0
0062202235	4.0
0312306261	5.0
0425252213	3.0
039915759X	5.0
1477807365	5.0
0743298934	5.0
B004ZGCS46	4.0
0767924479	3.0
0399159304	5.0
1433681919	5.0
1478288892	4.0
0805093834	3.0
0553050931	5.0
0425240223	3.0
0763647926	5.0
006075981X	5.0
0312363699	5.0
0765340291	5.0
0307711773	4.0
0441715923	5.0
B00AQ2GHLS	5.0
0425232611	3.0
0099244926	4.0
0345510666	5.0
084232920X	5.0
0979018803	4.0
0375869638	5.0
0307245640	5.0
0425242897	5.0
0240814797	5.0
0609608932	4.0
0425241564	4.0
0873649737	2.0
0425240231	4.0
1594486409	4.0
1612182739	4.5
1583946055	5.0
0399156259	5.0
0974380687	5.0
0451407555	5.0
0137047983	5.0
0451203585	5.0
0641934173	5.0
0330435949	5.0
0425265544	4.0
0915297019	4.0
0802473164	5.0
1118169735	5.0
0446573337	4.0
0062004379	5.0
1401310893	4.0
1611940419	4.0
0385739567	5.0
0307889092	5.0
014242935X	4.0
1470027070	5.0
0330435957	4.0
1551666650	5.0
0307946924	5.0
0525951059	5.0
0345523997	5.0
0061233544	5.0
0060759836	4.0
0312941919	5.0
0307276740	5.0
B00675IB08	4.0
0743299426	5.0
1451617526	5.0
098905084X	1.0
0062132520	4.0
0399159347	3.0
0761120149	5.0
0373079915	4.0
1611090245	5.0
0800719050	5.0
0975599542	1.0
0778325776	5.0
1937715094	5.0
0857208675	3.0
1441456724	5.0
1889031658	1.0
0385340303	4.0
0486402371	5.0
141693877X	5.0
0060759852	5.0
0761462651	5.0
0425251799	4.0
0307889068	3.0
0061351504	4.0
B006CRF2CG	3.0
0803297416	5.0
0758286872	3.0
B0041D8Y1Y	5.0
1414319355	2.0
1617950688	3.0
0060882387	5.0
156512569X	5.0
0982935110	5.0
0425225496	5.0
0345507940	5.0
0066211336	5.0
0345532023	5.0
042521785X	3.0
0380731614	5.0
0141439769	5.0
0778312488	5.0
0751541184	5.0
0061351539	3.0
0982436106	5.0
0345532015	4.5
1469204304	4.0
0312381530	5.0
006219965X	4.0
0449909379	5.0
1489589686	5.0
1420846981	5.0
1466299916	5.0
1448651921	5.0
0399149104	5.0
0307962105	5.0
084873274X	5.0
0985023066	5.0
0857385178	5.0
0778314200	5.0
0399137122	4.0
1250029694	5.0
0761462600	5.0
0451198514	3.0
0976812649	5.0
0312614578	3.0
0195392884	4.0
0812993144	5.0
0778315541	3.0
1478703415	4.0
0765309408	5.0
B00GL3Q176	4.0
0980073375	5.0
0425251756	5.0
0312614586	3.0
B00AT1LSPQ	4.0
0826414737	5.0
B00ED1ZHZK	4.0
0778314227	5.0
0062280546	4.0
1490990518	5.0
1937349969	5.0
0425251780	4.0
0312860951	5.0
0761457240	5.0
0375500901	5.0
0375831002	5.0
157421327X	4.0
0985483709	5.0
0778315568	5.0
0307276732	5.0
0765321971	5.0
031609983X	3.0
0778314235	5.0
0375971424	5.0
0385513283	5.0
0399147381	5.0
1475031904	5.0
0312383304	3.0
0143143646	4.0
1434767868	4.0
B009P81O6C	5.0
1611099455	5.0
0547859058	5.0
0399151346	5.0
0061468525	3.0
0345447859	5.0
044657967X	4.5
0758209606	5.0
0310267153	5.0
B004TP6R86	4.0
0307943194	4.0
0525953728	3.0
045123278X	4.0
1401940277	5.0
0133040240	5.0
0957417500	1.0
1401939295	5.0
B00ESQIN56	5.0
1453254951	5.0
067102535X	5.0
0345515633	5.0
0062117750	5.0
0451217152	5.0
1250018196	5.0
1439156379	3.0
034552893X	4.0
1557504830	5.0
1615190635	5.0
0470600322	5.0
0553588249	5.0
0312383320	3.5
0385341571	5.0
1595551638	4.0
0143143670	4.0
0310329981	5.0
162634051X	3.0
963133614X	1.0
1887010106	5.0
1467917109	3.0
0312872178	5.0
0316044695	5.0
0425251853	3.0
0778315487	3.0
1609618475	5.0
1439156395	5.0
0345484800	5.0
140006984X	5.0
0984592903	3.0
1933515104	4.0
1401942024	5.0
0984452605	5.0
0451202945	3.0
0385535562	5.0
1592557457	5.0
0061239550	5.0
0470828536	5.0
0385323719	5.0
0307716546	5.0
0061252514	5.0
1592577067	5.0
1416591826	4.0
0972882413	4.0
009192667X	3.3333333333333335
0310442575	5.0
0062015702	4.0
0849947391	5.0
0743233468	5.0
B00DSI4SFY	5.0
0385535546	5.0
0316011770	5.0
1455134767	4.0
055338483X	5.0
0553384848	4.5
0981024114	5.0
1400067251	5.0
1477817603	4.0
1439156336	4.0
0804164851	5.0
1565122550	5.0
1605292796	5.0
0310292131	4.0
1615190678	5.0
0743451716	5.0
0345447832	5.0
1489572767	5.0
0060748389	4.0
1565129164	4.0
B005P7EG4O	5.0
1582381607	4.0
0345490665	5.0
B004XQVKR4	5.0
1609618440	2.0
0553593633	3.0
0446409502	3.0
0137052650	3.0
1492309168	5.0
0851360114	2.0
1609618432	5.0
0307460185	4.5
0761455345	5.0
1416544623	4.0
0743245423	5.0
0061809462	5.0
0451231457	5.0
0425251810	4.0
0425163385	5.0
0451235819	4.0
0425194779	5.0
1742208096	5.0
1118109120	5.0
0307749436	5.0
0743233492	5.0
030797071X	4.0
B008LYMI0W	5.0
0310326052	5.0
B00K5ZHAWQ	3.0
1556114931	5.0
0399143793	5.0
0385742991	5.0
0060580674	5.0
1451618069	5.0
0849922070	1.0
0399154442	2.0
0312571623	5.0
1477588779	5.0
0385342047	4.0
0544108620	5.0
0385535511	5.0
1416585168	4.0
1935597760	4.0
0515131229	5.0
B00ARNWNFK	5.0
0789749696	5.0
0061429783	5.0
1416577572	5.0
0875907369	5.0
0984852964	5.0
0307730808	5.0
0738213136	5.0
0743552660	5.0
B005HMGY0G	1.0
0743233484	5.0
0307277186	4.0
1442187697	5.0
0307716511	4.0
1451645678	5.0
0425155722	5.0
0312978596	5.0
0307700127	5.0
0486287491	2.0
0446575208	5.0
1453640487	1.0
0307986276	4.0
B00ELU67Y8	4.0
B00KMFZB8E	5.0
0547615655	5.0
0425264270	5.0
0470585897	5.0
0143058266	2.0
0373776128	5.0
1400204755	5.0
1469990903	4.0
0380780410	5.0
0152063900	3.0
0307700119	2.0
0143038656	5.0
0312339216	3.0
1453885684	5.0
0312945655	5.0
0316713732	5.0
1416590587	5.0
0385740360	4.0
0062294377	5.0
0373777469	5.0
0553287893	5.0
1584859776	3.0
0451220714	5.0
0312349491	4.0
1466276584	4.0
0765333023	5.0
0470601604	3.0
0345522818	4.0
0741449722	3.0
0380815699	5.0
0425243354	3.0
B0070Y3N9E	4.0
1611098955	5.0
1118490312	5.0
0143122711	5.0
0385532458	5.0
1401938809	4.5
0312349483	5.0
0671045814	5.0
0446695726	5.0
0061128821	5.0
0451232704	5.0
0767931750	5.0
0544114485	5.0
0312306342	5.0
080703276X	4.0
1433524473	5.0
0743298853	5.0
0804170703	5.0
0143123238	4.0
0312556179	5.0
1400074304	5.0
0345440412	4.0
0984492771	5.0
0375508147	5.0
1451623496	3.0
0373777434	5.0
0425252361	5.0
037377740X	5.0
B00H8CLEHG	5.0
0547125518	5.0
0345505492	3.3333333333333335
0399156100	5.0
019517500X	4.0
B0083Z40N2	1.0
1440554579	5.0
1118453301	5.0
B006PU7RU0	4.0
1434767086	4.0
1596987731	5.0
0061928240	4.0
1608325628	5.0
0786022000	5.0
0451236386	5.0
1453270973	5.0
1616952342	4.0
0143124544	5.0
1433676613	5.0
0786012633	5.0
0986842222	5.0
0312562837	4.0
0373777450	5.0
0961711213	5.0
0307589978	5.0
B0055O0NQC	5.0
0778314952	5.0
0345505476	3.0
0470409231	2.0
0805447989	5.0
0743445880	3.0
0061083445	3.0
1593155484	4.0
1406330345	5.0
1455576646	5.0
0738708135	2.0
0307955958	5.0
031032906X	5.0
1477523413	5.0
B009RPTFIC	5.0
060631640X	5.0
1597775908	4.0
1433525763	5.0
0373892349	4.0
0739340948	5.0
0061724882	5.0
B004EEORPW	5.0
0007230206	2.0
0765309386	5.0
0758246668	5.0
B008LYMHL2	2.0
1118120353	5.0
B00G3GNUXO	5.0
140168551X	5.0
1906669015	4.0
B003Y5H7BI	5.0
0486426440	3.0
0312574770	5.0
B00GGMSV9S	5.0
0984042326	3.0
0451235002	4.0
0230769152	1.0
0802120059	4.0
0446359637	4.5
0310333989	5.0
0316099783	4.0
0743570537	4.5
0743453484	4.0
0451236327	4.0
1426702256	5.0
0778313654	4.0
111844132X	5.0
0553586548	5.0
140031870X	1.0
0060175966	4.0
1413746373	5.0
0399149848	5.0
0399156135	5.0
0307744566	5.0
0373892322	2.0
0812982533	4.0
0765332574	4.0
0385349408	5.0
0133249263	5.0
0061731161	5.0
0451216768	2.0
0061624780	4.0
1478172207	2.0
140224004X	5.0
0151014922	4.0
0743445848	5.0
0802120032	5.0
0062201050	5.0
0985758406	3.0
0991164504	5.0
0765332582	5.0
0451204786	5.0
0062213024	5.0
0743453468	4.0
1419675524	5.0
0061624772	4.0
0312989180	5.0
0739331191	5.0
1848190131	5.0
1931561419	1.0
0440236029	3.0
1565073010	1.0
0143142399	5.0
1611098092	4.0
0470430699	5.0
0515134392	5.0
1412035910	5.0
0451213637	5.0
0099513021	1.0
031032551X	5.0
1594746141	5.0
1594631719	5.0
1451672489	5.0
1470017741	5.0
0553593668	5.0
0307976815	5.0
1551668297	5.0
0547738463	5.0
0399150889	5.0
B005Y2MYNK	2.0
067100395X	5.0
0679742034	2.0
1611942128	4.0
0071499849	3.0
1419686291	3.0
0989812812	5.0
0966602161	5.0
1573222917	2.0
0425252310	3.0
B008X3NCRE	5.0
1599989921	5.0
0615290116	5.0
0373877528	4.0
0062071858	5.0
1477816348	5.0
031604461X	3.0
0061431184	4.0
0061576603	3.0
0061147931	5.0
0310333172	5.0
0425252302	4.0
0451238974	5.0
1413793576	5.0
1933515937	5.0
0345444825	5.0
0132944677	4.0
0764227440	1.0
B008HUZTPG	5.0
0345503686	5.0
0451194004	5.0
0373776993	5.0
0985728604	5.0
1468035274	5.0
0060504137	5.0
0578019116	5.0
0764204785	5.0
0061188433	5.0
0399159266	3.0
0451233204	4.0
0061780103	5.0
0786869054	5.0
0425257193	5.0
1477808728	4.0
B00C7FX4RM	4.0
0446572985	5.0
0684871432	5.0
0399153950	5.0
0425241602	5.0
0307273563	5.0
0385537328	5.0
1611099382	5.0
0547859082	5.0
B009YLKRAO	4.0
0252010434	3.0
1490329951	3.0
1463670982	3.0
1452134251	5.0
0451234545	4.0
1565129903	3.0
0740779656	4.0
0758281021	3.0
1490400400	3.0
0399147268	4.0
1496149203	5.0
0307985768	5.0
1480177407	1.0
0307461440	5.0
0307273571	5.0
0778314103	3.0
085720873X	4.5
1937593827	5.0
1940511011	5.0
0133090442	5.0
0805098542	3.5
B00IU1YG6A	5.0
0399153934	2.3333333333333335
1439101167	5.0
0345804589	4.0
1580400035	5.0
0547992653	5.0
1475164211	2.0
0451202996	5.0
0812993241	5.0
1476709092	3.0
0425219712	5.0
1612181376	5.0
031286504X	5.0
0060885599	4.0
0060931078	4.0
0345528921	4.0
144149975X	5.0
0786032251	3.0
0312359314	5.0
0825305152	5.0
1482066300	5.0
0061995541	4.0
B004M191IA	5.0
0399149392	5.0
0449000605	5.0
0425245276	4.0
0451213912	4.0
1469210711	3.0
0312359322	5.0
0553592858	3.5
1416595031	5.0
0385341482	2.0
0307352897	2.0
0800793242	4.0
B00DTBDVK8	5.0
0345433319	4.0
0399149384	5.0
1470096633	3.0
0007285973	5.0
0141188596	5.0
1482544059	5.0
143916519X	5.0
0385517831	4.666666666666667
1600610013	4.0
0471168572	5.0
0061995568	4.0
1439112665	4.0
1477654631	5.0
1414383789	5.0
1595549684	5.0
1478358149	5.0
042523634X	4.0
0425257274	4.0
1602862222	3.0
1934030961	5.0
0804138400	5.0
1938170156	5.0
0385538758	5.0
1612182143	4.0
0060004878	4.0
1931402205	4.0
0440222702	5.0
1402799438	5.0
0547813376	5.0
1477593144	4.0
1484140028	4.0
B00JDQJ8J6	4.0
0399152113	5.0
0399153446	2.0
0316602051	4.0
0345514459	4.0
1451649282	5.0
1595547088	4.666666666666667
0061240419	4.0
1400069548	5.0
031623480X	5.0
0061010960	3.0
0553528238	5.0
0684807610	5.0
0738719528	4.0
0307406334	5.0
B004U7EUGE	5.0
0373266154	2.0
031621082X	4.0
0316228117	5.0
0399162380	4.666666666666667
0380819066	5.0
0307596907	5.0
0345500679	5.0
1439190135	4.0
042525190X	3.0
0451219244	5.0
B0040JI3JM	3.0
0140012486	4.0
1416596372	5.0
0385733577	5.0
0307383180	5.0
0553385607	5.0
0525950753	5.0
B0047T7F58	4.0
0743223543	4.0
0310336104	5.0
0451208595	5.0
0425228711	5.0
0307473147	5.0
0385521065	1.0
160819938X	1.0
0615574092	1.0
082493220X	5.0
0385733585	5.0
0307887464	3.0
1612182186	3.0
0307958345	5.0
1937530353	5.0
B00AK0PJD8	5.0
B008RH5MZG	5.0
045122941X	5.0
1484102630	5.0
0446520659	5.0
B00D47QOJC	4.0
0310291534	2.0
098490302X	5.0
1401689523	5.0
0307886107	5.0
0451470567	5.0
0151013896	3.0
0099244721	5.0
0385510349	4.0
1484042492	3.0
0307943232	4.8
1419961268	3.0
1594744637	5.0
0615753221	3.0
1463774087	4.0
030788743X	5.0
0375406182	4.0
0307977463	5.0
0743223551	5.0
0764210238	4.0
1611098866	3.0
0399157824	2.0
160037994X	5.0
0310439078	5.0
0143170090	5.0
1118117565	4.0
0761456503	5.0
0671614584	5.0
1433522306	5.0
0765334275	4.0
0446363383	5.0
0743247515	4.0
1423101456	5.0
0316066346	5.0
1933515015	5.0
0972362509	5.0
1118205731	5.0
0061742120	4.0
0425242196	5.0
0060790806	5.0
0547501951	3.0
193649342X	5.0
0451413199	5.0
0345453808	4.0
076145344X	5.0
0470633549	1.0
0385334338	5.0
0062117602	5.0
0451227689	4.0
1610350073	5.0
B00JGYASWG	5.0
1937715205	5.0
044650940X	4.0
0425264394	5.0
0761461078	5.0
1594745935	5.0
0373777590	5.0
0312374984	3.0
145646874X	5.0
0451231708	4.0
1401303021	5.0
1578635020	3.0
0425230155	4.0
144236761X	5.0
1416984488	3.0
006228553X	5.0
1939197015	3.0
1933515082	4.0
1609615905	5.0
0515131113	5.0
0399164162	5.0
B004WOXGJM	4.0
0756626048	3.0
1475034725	1.0
0804119317	5.0
0547763484	5.0
1416556311	4.0
0385323697	5.0
0399152180	5.0
0671891677	4.0
0373776284	5.0
042524346X	4.0
0425243478	4.0
0199922667	5.0
1742202829	5.0
0865478619	3.0
0061651605	5.0
B00AST1XJU	3.0
1250033470	3.0
B004HO5M3U	3.0
0316069418	4.0
0385742444	5.0
1250026385	3.5
B00G8OC1D6	4.0
0761453539	5.0
0316176486	4.0
1490425209	3.0
0312979088	5.0
1616951397	5.0
0399155147	4.0
1432717979	5.0
1479396613	3.0
0393337618	5.0
0385289235	5.0
0821770918	5.0
B00GZCK7IW	4.0
1433524104	5.0
1118407512	5.0
0802869858	5.0
0310331234	5.0
1595141146	5.0
0143170104	5.0
0470111372	4.0
0312424868	2.0
B005IC6EDM	5.0
1423113381	5.0
0425238199	5.0
031237982X	5.0
0440235227	5.0
0800720202	4.0
074356619X	5.0
0061689378	2.0
0312380828	2.0
1611098815	2.0
1464201404	5.0
0451234081	3.0
0739339656	5.0
0446177938	5.0
B00A2SCRR4	1.0
1939627109	5.0
1612182933	4.0
0761453512	5.0
0451227794	5.0
0312643721	5.0
0385343191	4.0
0805094946	2.0
083081650X	5.0
0373777574	5.0
0385338600	5.0
0451231805	5.0
0801058236	5.0
0373777558	5.0
039915776X	2.5
B007SYX1KC	1.0
1741798124	4.0
1439164681	3.0
0778313980	5.0
0373777566	5.0
0425242234	4.0
1611090040	3.0
0141038985	5.0
1492121169	1.0
0778313999	3.0
0399146237	5.0
B004V55KU0	5.0
B008MKEJJI	4.0
0374532915	5.0
1455897213	5.0
0765302624	5.0
159554786X	5.0
1611800021	5.0
B004IK8FRI	2.0
1401312802	4.0
0316097497	4.0
0142429112	5.0
1250014360	5.0
0345453824	4.0
0425243508	3.0
061548719X	5.0
0615885926	4.0
0373837860	5.0
1478343982	4.0
1433526719	5.0
1118692667	4.0
0525953019	5.0
1475043740	4.0
1250027659	5.0
1476731497	5.0
0385359594	5.0
0615804551	5.0
1400043700	5.0
0373291914	5.0
1612182976	5.0
0671525751	5.0
0449219771	5.0
156858749X	5.0
0312952813	5.0
0547236263	5.0
0545381827	5.0
0778312690	4.0
0763632643	5.0
039915647X	4.0
0060780649	5.0
B008C9HWRU	3.0
0802120156	5.0
0133090396	5.0
0767901177	2.0
0615775373	3.0
0345447174	5.0
045121577X	5.0
006200980X	5.0
098270190X	5.0
0778314405	5.0
037377575X	5.0
0373218419	1.0
0061655988	4.0
006165597X	4.0
0099558068	4.0
0380808307	5.0
1439138311	5.0
162652050X	3.0
0451222008	5.0
0553582658	5.0
1565126319	3.0
0061706515	4.0
0451235312	4.0
0062107313	5.0
1433521903	5.0
158979379X	5.0
0446580287	5.0
0761462414	4.0
044661078X	5.0
0345341961	5.0
0751536822	4.0
0451222016	5.0
0373078846	5.0
0307719480	5.0
1401930735	3.0
0385340990	5.0
0743410602	4.0
0446580295	4.0
0307712842	5.0
0307408965	5.0
1433528525	5.0
0312939019	5.0
1574216996	2.0
B00BSEDLYY	5.0
0470189142	5.0
0345505514	5.0
0062070401	5.0
1456563289	5.0
0312355025	5.0
0761451749	5.0
0375864571	4.0
031621129X	2.0
0345544242	5.0
145161778X	5.0
1469241943	5.0
0684857057	3.0
0786033428	5.0
1400202086	5.0
0393323056	3.0
0446609781	4.0
0761451714	5.0
0689853076	5.0
B00EMFW6CE	1.0
1461072131	5.0
B0053GAUYC	5.0
0142001821	5.0
0821720600	3.0
0547055072	4.0
0689853084	5.0
0786028092	5.0
1410753840	3.0
0297863924	5.0
1478395117	4.0
0679824243	4.0
0061284904	5.0
0743287649	5.0
1569759294	4.0
0451406095	5.0
0380978164	5.0
0727883313	4.0
1442362855	5.0
0312858868	5.0
1439102392	4.0
0312284497	4.0
1455512737	5.0
0978590929	5.0
1479209244	4.0
0425247023	4.0
006178480X	5.0
1250041988	4.0
0553584405	5.0
0763654043	5.0
1936719010	5.0
0385341407	5.0
0345536665	4.0
0743200950	4.0
0385735359	5.0
044023655X	5.0
0345544293	3.0
051514097X	2.0
0374379963	5.0
0727883348	5.0
0425247031	5.0
0553584413	5.0
0345455622	5.0
0689853068	5.0
0778314472	5.0
0525953876	4.0
0345535332	3.0
0873494857	4.0
0399160582	4.0
148125720X	5.0
1581349076	5.0
0373210655	5.0
030793313X	5.0
1402282125	5.0
B00BNR35V0	4.0
0770437125	5.0
1565124529	4.0
B004TZKEMQ	5.0
0743206045	5.0
B00FFHHS4E	3.0
0982589468	2.0
0786019980	5.0
081186653X	4.0
0399155937	4.0
1404100970	5.0
0030266408	5.0
0399151575	5.0
0451208439	4.0
0615726585	5.0
0141301155	5.0
0316210919	3.0
0062049739	5.0
0399149260	4.0
0425244075	4.0
1426753241	5.0
B005GFAYXC	2.0
0307716333	5.0
0373770235	3.0
0373210671	5.0
B00DWLBBNY	4.0
0062082353	4.0
0738211583	5.0
0976096358	5.0
0060577657	4.0
1589800478	4.0
159554822X	5.0
145550923X	5.0
0743206061	4.0
0842320016	5.0
B0048EK054	5.0
1451645821	5.0
1433531356	5.0
0307339114	5.0
0738214620	5.0
0615178448	5.0
0778326381	4.0
0425270351	4.0
0743254562	2.0
0425203506	5.0
1612183352	5.0
0300142188	5.0
1571203117	5.0
0345526546	5.0
0061965804	5.0
0615362346	4.0
1616284870	5.0
0399155988	5.0
0767921763	5.0
1927675103	5.0
0345455681	5.0
098387932X	4.0
0345538552	5.0
044024370X	5.0
0805096663	5.0
0312559097	5.0
B004RPVVTI	5.0
031236170X	5.0
0307718964	4.666666666666667
0345526570	2.0
0345547497	5.0
161218510X	4.0
1483995038	4.0
0307444732	5.0
0425259994	5.0
0062021389	3.0
0062073427	4.0
0385344430	4.0
148410076X	5.0
1602474648	4.0
0425227510	2.0
0515130540	5.0
0385339089	5.0
030758836X	4.25
0425244032	3.0
0743287487	5.0
1629270059	5.0
1607144719	5.0
0375849726	5.0
0446614955	3.0
0765308703	5.0
0061703257	5.0
0307474593	5.0
0786015543	5.0
0310440130	5.0
1477816542	5.0
B00AHW1VW2	5.0
0399155953	5.0
0061230944	5.0
0385340044	5.0
0061284769	4.0
0312853238	3.0
B004V9HBL2	5.0
0385340052	4.0
1451674333	5.0
1433530074	5.0
B005D7JNDA	5.0
0385411723	5.0
0345500776	4.0
1118546458	3.0
1489539042	5.0
0399157727	5.0
1936558386	5.0
1401943152	5.0
0988191237	3.6666666666666665
0451220978	5.0
0805096620	5.0
B0040JI37O	4.0
0736930191	3.0
B004P8JMNY	1.0
0133133710	5.0
0307379175	4.0
0060192755	5.0
0486498638	5.0
0345542606	5.0
0786016051	5.0
0399153357	5.0
0399152024	5.0
1480032980	3.0
1433681846	5.0
0615581927	4.0
0425246655	2.0
0802121624	5.0
1597892734	4.0
1433671697	5.0
1558326685	4.0
006206584X	5.0
0345531973	5.0
0316155608	5.0
0451180410	5.0
1400315492	4.0
1558326693	4.0
B004TPSH9S	5.0
080509489X	5.0
0425246663	4.0
0307337332	5.0
0345530632	5.0
0802807542	5.0
0399155996	5.0
0345531965	3.0
B00GQP08AU	4.0
0425217299	5.0
0195398653	5.0
0646582720	5.0
0307886212	5.0
0316219347	5.0
0758278438	4.0
0380803429	3.0
038574059X	3.0
1468173952	5.0
0374316414	3.0
1612182917	4.0
0061231428	5.0
073936474X	5.0
1933615990	5.0
1465419543	5.0
1933615982	5.0
0451239547	3.0
0062085492	5.0
0425243575	4.0
0385335555	5.0
0553578693	5.0
0399156429	5.0
0849943191	5.0
0451239563	3.0
1612182925	5.0
1558324070	4.0
B009PNPRLU	2.0
B0076DH7X2	5.0
0515133655	5.0
0312379080	5.0
1594204594	5.0
0062065890	4.0
1442481412	5.0
0345506014	5.0
0061231401	5.0
044653143X	5.0
1565126297	5.0
0658001701	5.0
0062077880	3.5
0399157743	5.0
0812981847	4.0
1118396448	5.0
0425247953	4.0
0425207072	2.0
1551668440	5.0
0062072188	5.0
1452203997	1.0
0789326299	5.0
0770437184	5.0
0972121838	4.0
0761454659	5.0
075828733X	3.0
1478252537	3.0
0425219046	3.0
0761462279	5.0
0310435641	5.0
080212030X	5.0
B004TPCQWC	5.0
B004V493QI	5.0
0979805627	5.0
0007550197	4.0
0553078755	5.0
0316211338	4.0
1595542027	5.0
0761461035	4.0
0345541235	5.0
0425244989	4.0
B00EAPX6HU	4.0
0373777671	5.0
125000554X	3.0
0380815354	5.0
034545264X	4.0
0399155015	5.0
0446530980	4.0
1250004241	5.0
0778313840	3.0
0979805600	5.0
0778312518	4.0
1436335876	5.0
1599903059	3.0
1570618445	5.0
B004VXM0TQ	5.0
0307986497	2.0
1477805044	3.0
0441012795	5.0
0770436730	5.0
0967536812	5.0
0373777698	5.0
0778320146	4.0
0316117366	5.0
0486491269	5.0
037377768X	5.0
0807101508	5.0
1402269978	3.0
1492354252	4.0
1470109689	5.0
1935407929	1.0
014241722X	5.0
0451240634	4.0
1118077733	5.0
0307948196	5.0
B009T9SCOO	5.0
0812980549	4.0
160145015X	5.0
B009NL3VWQ	5.0
0765332388	5.0
1553658256	4.0
0399148779	4.0
0985723556	4.0
0985462736	5.0
0984377212	5.0
0385340850	3.0
1889025046	4.0
0061784796	4.5
014143984X	5.0
1595547762	5.0
030728090X	5.0
142218739X	5.0
0312341385	5.0
033044123X	4.0
0345452615	3.0
1477805079	4.0
0425252566	4.0
1612181554	4.0
006227371X	4.0
0345536703	4.0
0970409869	2.0
0804113971	5.0
1416585834	5.0
B004HFRGIS	5.0
1481082833	3.0
0470930721	5.0
1599790025	2.0
0312570198	3.0
1477809457	5.0
0345533666	4.333333333333333
0446554952	5.0
0451226305	5.0
0743562704	5.0
0312567480	3.0
B006HIJO9W	2.0
0385738358	3.0
045123524X	4.0
B004HYHAOE	5.0
B00I0AEPVM	4.0
0957043740	5.0
0060584009	4.0
0393050939	5.0
014280018X	5.0
0671035339	5.0
0441015891	4.0
0312853254	5.0
0062236733	5.0
039915812X	4.0
0307950433	2.0
1477816569	5.0
0553142151	5.0
0761458271	4.0
1401604730	5.0
0061958743	4.0
0451237862	4.0
1477848169	5.0
0805061088	5.0
0425238237	4.0
1451682050	3.0
0316603570	4.0
0978655168	4.0
0739437208	5.0
0979607086	1.0
0312368437	5.0
0440237130	4.0
B007BOC0OW	5.0
0743496744	3.0
1612185924	4.0
0345543041	5.0
0761458247	5.0
B007BJU2E2	5.0
0765317583	5.0
0316206849	4.5
0425241890	3.0
0061584444	5.0
0670025593	5.0
0786015500	5.0
0373777612	5.0
1477816585	4.0
B00H8BP8JC	5.0
0345803450	3.5
0553582798	5.0
0553385593	5.0
1481957597	2.0
0345479734	5.0
0307353486	5.0
0307950425	5.0
0061584452	5.0
0312341393	5.0
1475043805	5.0
0765316234	4.0
0156006219	5.0
0399152806	4.0
0061958794	4.5
0307985989	4.0
0547792107	5.0
031285630X	5.0
0007386648	5.0
0007254008	4.0
1618680129	5.0
0142423092	5.0
1595548211	5.0
0849948088	5.0
B00CHNTQWG	4.0
1592641393	2.0
1439204187	5.0
0743271181	5.0
184819031X	4.0
0765334909	5.0
1574214276	4.0
0099453193	5.0
0758274971	3.0
1933515759	4.0
0307907619	5.0
0618393110	4.0
0978655117	5.0
1611099110	5.0
B003U2RTBS	4.0
0440213134	5.0
0743487869	5.0
1118551060	5.0
042526808X	4.0
0061999288	5.0
0553584537	5.0
0425241866	3.0
1416592180	5.0
045121918X	3.0
1451684649	3.0
1566846412	1.0
0671034014	5.0
1442359315	5.0
0615637086	5.0
031033117X	5.0
0399152849	5.0
