0545298431	4.0
0889652015	1.0
B0084AVKZ2	5.0
0140366822	3.0
B004KKXPLC	2.0
0984880100	1.0
0316176486	4.0
B004MMEA0I	3.0
0316204366	2.0
B00AA4JIWC	4.0
0785261192	2.0
0877791325	5.0
0811205460	4.0
0141040343	1.0
1442360747	5.0
145162607X	4.715386918126029
B004ZM8O3O	3.0
1400066476	3.0
1494400626	4.657216246588538
0062198890	4.0
0984492771	3.0
B004SUP1XO	4.0
0061997161	5.0
B004TQI9CW	3.0
0761148574	2.0
067144901X	3.0
0312359322	1.0
0307990745	2.0
0671449028	1.0
061554052X	4.0
B00AUAA2J4	1.0
B005JKEMQY	3.0
0141301155	5.0
B0056VBOB2	5.0
1426701926	4.0
0307750930	1.0
0316133760	3.0
B00AHE20W0	2.0
042510687X	3.0
B00BP5DNTE	2.0
0062220683	2.0
1250038944	3.0
1591744431	4.0
0470521171	2.0
0151008116	4.0
1495250423	5.0
0062265423	2.0
0140390839	4.0
1604692278	4.0
0307949702	1.0
1938312015	4.0
0061997188	5.0
031260369X	3.0
0062018558	3.0
1567692974	3.0
006222543X	2.0
193519223X	3.0
0807101508	4.0
B004TPPYJY	5.0
1496061195	3.0
B0041KLDWY	3.0
0140180346	2.0
0399160825	1.0
1416563687	5.0
0764202677	2.0
0470533897	5.0
0312424094	1.0
0470503866	1.0
B004PYDSVA	1.0
1442369671	5.0
B0090OLFA6	4.0
0140367438	4.0
145288126X	1.0
1482689308	3.0
0142001430	5.0
161218412X	3.0
1493625810	5.0
147780529X	4.0
0385537859	2.0
0988698706	3.0
1567692591	3.0
0062278290	4.0
B004TQGUMI	5.0
1480529699	5.0
0615347347	3.0
0307284042	1.0
144041999X	5.0
0312534906	1.0
0375872132	5.0
B00DC71HQY	1.0
B005MR6KP0	1.0
068982663X	1.0
1439154953	3.0
1478327286	4.0
068816689X	5.0
039916443X	2.0
B004LROPC2	1.0
0025853503	5.0
B0083ZMP5C	2.0
161427181X	5.0
0140621199	5.0
030758836X	1.0
125000098X	2.0
0935039252	5.0
0679847510	5.0
0802119875	3.0
B00BD23LQO	2.0
0452297907	4.0
0671449036	2.0
0192838113	5.0
1452664862	2.0
081299289X	5.0
1414361114	5.0
148231780X	3.0
0970409869	2.0
B00AQMYYIG	2.0
B006JHF9RM	5.0
1477809686	3.0
0956161014	1.0
B0055PMRSS	2.0
0060293233	4.857530053250852
1444727710	1.0
B00IDC8QBC	5.0
B004UJH7CG	2.0
B005CHQY24	5.0
1433524767	5.0
B00AYB4W7C	5.0
0684848139	1.0
0385528914	1.0
1408704188	2.0
B00ILYKD8G	4.0
031257357X	1.0
0316209864	5.0
1608090132	4.0
1441766073	2.0
1612174442	4.0
0802812198	3.0
1423119983	3.0
0679893148	1.0
1612380069	5.0
0671449044	1.0
0307744434	3.0
B00BHP1QC8	4.0
B0055UP87U	2.0
B004TIMGD8	4.0
1580082319	4.0
1591796776	4.0
1494341638	3.0
0553258478	3.0
071817707X	4.0
B00849JTBU	4.0
1493621890	3.0
1452659370	1.0
144237134X	3.0
0979647525	3.0
B0052THDGI	1.0
1442361557	5.0
0553609416	5.0
B009G9LJKG	2.0
0195170776	5.0
B005CIUK1Y	5.0
1480054542	4.0
1558580093	1.0
1477848827	5.0
0938497472	5.0
0971175500	5.0
B0071FK674	5.0
0330418386	4.438518863530508
0752881698	4.0
B00BFFIQJG	2.0
080073369X	3.0
1479190217	4.0
1416563709	5.0
0140157379	2.0
B004TPVNZS	3.0
B0084961ZM	4.0
B000JMLBHU	2.0
0964261081	5.0
0060919833	3.0
0345543041	5.0
B001HZY846	5.0
1906821658	5.0
0141439769	5.0
0872205738	2.0
0451238044	4.0
0802121977	2.0
B004X6MGZE	4.0
B007NBCCA0	3.0
0979622808	3.0
0385346859	1.0
B00F19F39I	3.0
B006KLYMYI	4.0
0486420701	3.0
0141326085	3.896062271062271
B00H64ZW5G	1.0
0545307406	5.0
0060754753	5.0
1494430533	3.0
1466211385	5.0
1935961144	3.0
B00BW4LZ52	3.0
031621129X	3.0
1594746125	5.0
1600200494	2.0
0802170811	2.0
1416563725	4.999999999999999
0345434463	3.0
0545265355	5.0
B00FCKGFMU	1.0
141697170X	4.496610774170532
0762770082	3.0
B0042XA31W	5.0
B009LUCM2O	1.0
1937551873	5.0
B005L4Z9OW	3.0
1451646968	3.0
0982607865	5.0
1481281429	3.0
1484075404	3.0
1451018053	4.0
1419686356	1.0
0399165940	2.0
0615568610	5.0
1567692990	4.0
1457500264	4.0
0061728977	2.0
0448436140	5.0
1440433151	3.0
0141325291	3.0
0615492398	2.0
1937551539	3.0
B009YAVVAU	3.0
B008EWNCC4	5.0
1442453443	4.129107981220657
1439184305	3.0
0557569567	5.0
1441761683	4.0
1595230726	1.0
0062064320	3.0
1402200455	3.0
B0093MU7QS	1.0
B00BA6JZ9U	4.0
030738604X	1.0
B00A2FGIBI	3.0
1440214158	3.0
1439172536	1.0
1603741089	3.0
054529844X	4.0
B006L4C066	3.0
1938467698	5.0
1416564071	5.0
0439813786	3.0
0738713805	3.0
149366364X	3.0
0385129912	3.0
B00IXOBK4U	3.0
0976061805	1.0
1481821733	1.0
B004W0NGIM	4.0
1439176582	4.0
