0312384874	5.0
B00EGJ33YG	5.0
1496000226	5.0
0441019730	5.0
0525953728	5.0
0060087714	5.0
1250002842	5.0
B00EBZMKXA	4.0
0684815273	5.0
1908086157	5.0
0470487623	5.0
0330449605	5.0
B004C44LE6	5.0
1495355713	5.0
B006HSEMBM	5.0
0307946592	5.0
0062060554	5.0
0991187903	5.0
1881982777	5.0
0307351696	5.0
B00K6BGMIW	5.0
B00H6LS59E	5.0
031215125X	5.0
0312348649	5.0
1439152802	5.0
0920668852	5.0
1250038944	5.0
B007VHH8D2	4.0
0375403736	5.0
1570764867	5.0
1455521175	4.0
0307341542	5.0
B00AYIDVLS	4.0
B00H9NMQE4	5.0
0143122916	5.0
0446563072	5.0
1482307723	5.0
1493755544	5.0
0470528060	5.0
0553569910	5.0
1291301453	5.0
1499611552	4.0
142012272X	5.0
B00AEGD3TK	4.0
1439192561	5.0
B004GXB2DG	5.0
0743202953	5.0
1410440478	5.0
0385537859	4.0
0263899403	5.0
B006MN996A	5.0
1496036697	5.0
1936578638	5.0
1579654150	5.0
1441756027	5.0
1414368437	5.0
1926534522	5.0
B00B0645XG	5.0
0373803435	4.0
1933826401	5.0
038536315X	5.0
B00IYYIXR6	5.0
0312534914	4.0
0399162380	5.0
0345487133	5.0
030758836X	4.75
0977426939	5.0
0345803507	4.0
0060256532	5.0
1490487190	4.0
0938497456	5.0
1608090264	5.0
B00EISXKVG	5.0
0770104150	5.0
158234311X	4.0
0062207393	4.0
0316055433	5.0
0937548758	5.0
0451211634	4.0
0739458213	5.0
0307749584	5.0
038533916X	5.0
1596680296	5.0
B00AR09SCO	4.0
0515131539	5.0
1477471634	4.0
0385418485	5.0
1491041706	5.0
0062257838	5.0
1402718616	5.0
161026083X	5.0
B00FPW0JFE	5.0
1449325564	5.0
0743289684	5.0
0385341261	4.0
0312348665	5.0
0505526700	5.0
B009ZL7INW	4.0
0689866771	5.0
1477575650	5.0
1477663096	4.0
0451239350	5.0
B00GUDHBZS	5.0
B00B4II2MK	4.0
0965327523	5.0
B00EXR1XFC	5.0
0099443635	5.0
0739327364	5.0
044658083X	5.0
161372442X	5.0
1463711042	5.0
1935670913	4.0
0028608283	4.0
0615958257	5.0
1598635107	4.0
B00KAEUZOC	5.0
1490356509	5.0
B00FQWQTH0	5.0
B0092XHPWM	5.0
B00CWUK628	5.0
B0081CUVIU	5.0
1484883829	4.0
B00FKERWFC	4.0
0380708353	5.0
B00G76GR7Q	5.0
039548829X	5.0
0451215125	4.0
1902528867	5.0
0451230671	5.0
1492340480	4.0
0761463275	5.0
1463746741	5.0
045123054X	5.0
0985338873	4.0
0380776162	5.0
0307455475	5.0
1596982772	5.0
B00CAW3G66	5.0
B00K0SDP9K	5.0
0425255131	5.0
0373285027	5.0
1604680466	5.0
1440721726	4.0
0061451460	5.0
B00DIOM0IA	5.0
B009AZ3M8S	5.0
0545265355	4.5
B009AZ80R6	5.0
1617751847	5.0
0312365748	5.0
0374298688	5.0
B00JGYASWG	4.0
B008550EV2	5.0
0312204914	5.0
0979439124	5.0
B005G7ZFXY	4.0
0380719185	4.0
0345542886	5.0
1478703091	5.0
0992696402	5.0
0451237382	5.0
0316069515	4.0
B003R7L3QI	5.0
1497362210	5.0
0451226127	5.0
1937690687	5.0
1463568266	4.0
1594745811	4.0
1420128612	5.0
0316648043	5.0
1592286674	5.0
0261103288	5.0
1475106602	5.0
0375503846	5.0
1608198367	5.0
1937872068	5.0
1496198212	5.0
1468149547	4.0
0373695349	4.0
0373803141	5.0
1611940826	5.0
1468161660	4.0
0061438456	5.0
0441020011	4.0
1495366731	5.0
B00B09ZD2U	5.0
B0077J5FNY	5.0
0425233685	5.0
1492391719	5.0
B00I3M7M3A	5.0
1605297828	5.0
B00I6ZS6IE	5.0
0374214913	5.0
9198174622	5.0
1482547929	5.0
0007442920	5.0
B00C91Q0C0	5.0
1617751359	4.0
0373730217	5.0
0312332637	5.0
0373697546	4.0
B00GTV3ULK	4.0
B004PLNOH6	5.0
0143123238	5.0
160138355X	5.0
0312642970	5.0
1569242739	5.0
B00BFQDGN6	5.0
1500156213	5.0
0758211244	5.0
0230755062	5.0
1590301374	4.0
1483994422	5.0
1250029880	5.0
1477809511	4.0
0767906721	5.0
0688143202	4.0
006250925X	4.0
0451417054	5.0
0515133337	5.0
0061458031	5.0
0545652200	4.0
0486252116	5.0
0316955124	5.0
0316098329	5.0
0991084551	5.0
148119321X	5.0
0743597923	4.0
B00877W5WO	4.0
1477818243	5.0
0470503874	5.0
0684866048	5.0
B009Y8AOE6	4.0
157344930X	5.0
0982207743	5.0
1497455049	5.0
1479370118	4.0
0778313980	5.0
1933417471	5.0
B006R2CYSQ	5.0
B00JOGIP8A	5.0
B0052UWL6E	5.0
1478729139	5.0
1416580573	5.0
0312363168	5.0
1589233549	5.0
014241977X	5.0
0671744224	5.0
1610261003	5.0
B00EM65ZHG	5.0
1569242658	5.0
0307712508	5.0
B00BMM5M3A	5.0
B007V4D6IQ	5.0
0767917898	5.0
1469248581	5.0
1589822714	4.0
1493736426	4.0
0307932540	5.0
149487072X	5.0
0061656003	5.0
1930448279	5.0
193341751X	5.0
1466434058	5.0
1480218391	5.0
0671023306	5.0
161026049X	5.0
0380815265	5.0
B00BUFF0OU	5.0
B00413PTRQ	5.0
1484812387	4.0
0394716787	5.0
B0080I5GTY	5.0
0978924622	5.0
B00CWQ3SZY	5.0
B0082PXOQM	5.0
0312938640	5.0
0991088719	4.0
B00JDNH9IG	5.0
1118342909	5.0
0345533666	5.0
0307589927	5.0
B00882CXFM	5.0
1499143125	5.0
0738207853	5.0
0307744434	5.0
0312642962	5.0
0399159878	5.0
1494341638	4.0
0060548150	5.0
1591843332	5.0
098905084X	5.0
161448368X	5.0
1470124327	4.0
0451238931	5.0
0451237722	5.0
1469226456	5.0
0938497588	5.0
0829420010	5.0
0982537085	5.0
B005D75Z8C	5.0
1495419509	5.0
0671526014	5.0
1482046792	4.0
0451235436	5.0
1481969668	5.0
044630557X	5.0
B002R5B0WI	4.0
0451224795	5.0
0312950489	5.0
140160059X	5.0
B008VHD6AU	5.0
B00CNTTEAI	5.0
1442346272	5.0
144235948X	4.0
1906821658	4.0
0758203004	5.0
142691279X	5.0
1607103133	5.0
0385340990	5.0
1463692463	5.0
0307408841	5.0
0312323859	5.0
0373697171	5.0
B007LS0JQE	5.0
0758203012	5.0
B008XLF8SM	5.0
1463510659	5.0
B00H9WPYJY	5.0
1599982196	5.0
B00ISJO1D2	5.0
0316194727	4.0
1933417072	5.0
0451234006	5.0
159990702X	5.0
0452287081	5.0
0099525372	5.0
1461104858	4.0
0439023483	5.0
0553132431	5.0
1554102170	5.0
0140177191	5.0
1613900724	5.0
094143432X	4.0
B0042RUPNE	5.0
1611940052	5.0
B008GWOGXG	5.0
1291475621	5.0
B00HFEY5PU	5.0
1492953261	5.0
B00907YUOG	5.0
0062024027	5.0
B00BU7CNC0	5.0
1495337626	5.0
B006CQLGXG	5.0
0821767089	5.0
0425193942	4.0
1491877928	5.0
B009YV9N1S	5.0
0345803485	1.6400000000000006
1453662855	5.0
0671726730	5.0
B008LX9Q26	5.0
1611099358	4.0
161194001X	4.0
0385340311	5.0
B00G2GIKL2	5.0
1455839906	5.0
0060005777	4.0
1493537970	5.0
193718269X	5.0
0739450107	5.0
B00JTJ2F2O	5.0
B0078S9B6G	5.0
1291089985	5.0
0062194178	5.0
0764229931	5.0
0615782507	5.0
1495240398	5.0
0140099212	4.0
B00IJ1U81S	5.0
1478209151	4.0
0380731819	5.0
1442359315	4.0
B00AC6S4NM	5.0
0425263991	5.0
1475031904	5.0
