1469228920	2.0
061553015X	1.0
1451617925	4.0
B00EOER0G0	4.4696933107944945
0486297136	1.0
0615556310	3.0
0743294378	3.0
0345345940	5.0
006016848X	1.0
1470126230	5.0
1400067685	3.0
0061474096	4.0
0805093079	1.0
0867905018	4.0
0615306039	3.0000000000000004
039308017X	4.0
0471134465	4.0
1451641346	3.0000000000000004
0471372870	1.0
0385523386	4.0
0385341598	5.0
080271756X	4.0
0316210919	4.0
074356619X	3.0000000000000004
0062009281	2.0
0785262180	3.0000000000000004
0553568728	3.0
098197323X	2.0
0615392180	2.0
B007A4V33M	1.0
1598632205	2.0
0446522651	1.0
0553067311	5.0
B00A8PZKJS	5.0
0385349173	3.0
0316098329	1.0
0060921080	5.0
0312595689	3.0
0060594667	4.0
0312570708	1.0
1451676565	4.439958592132505
0912177152	3.0
0757303234	5.0
030738652X	5.0
159059360X	4.0
0140277447	4.0
0989042936	4.0
006222543X	4.0
0374531056	5.0
1481817329	1.0
0807101508	5.0
1477807357	5.0
0316043001	4.0
0143113887	3.0
0571294197	3.0000000000000004
0307265773	5.0
0439309107	5.0
0312202296	4.0
1453728988	3.0000000000000004
1565124871	3.0000000000000004
0385488963	5.0
0062127241	3.0
158542143X	3.0000000000000004
0596100167	4.0
0525953493	2.0
1439173249	4.0
1461148677	4.0
1478716568	3.0000000000000004
1420108689	5.0
0671775928	4.0
0385537859	3.513863216266174
0804107386	3.0000000000000004
0963584502	1.0
0061713759	2.0
080215042X	3.0
1449408206	5.0
0984440615	5.0
0743569784	5.0
1447262859	3.0000000000000004
067154294X	4.0
0143142801	2.0
0823015521	5.0
B00679LQIS	1.0
0385474466	5.0
1594632456	3.0
0449012751	3.0
1467960225	3.0
0060088613	1.0
0061490156	1.0
1580422578	4.0
0345534522	3.486013986013986
031621017X	5.0
0880343354	2.0
1554515653	2.0
0743294114	1.0
1478295856	5.0
0345477367	5.0
0142428604	4.999999999999999
1595230912	5.0
0306814471	1.0
0925279455	5.0
1482598507	3.0
1596912901	5.0
0781813018	4.0
0425202682	2.0
0029303303	5.0
0385741502	4.0
1439236976	5.0
0062255657	4.513863216266174
1591843588	4.0
1556527055	5.0
B00G3E5T5I	3.0
0977246434	5.0
B00HHGR8WS	5.0
0316027650	1.0
0061670871	1.0
0062133438	3.0
1484830245	5.0
140123769X	2.0
0060528370	2.0
077832575X	5.0
071800924X	5.0
0316066427	4.0
140006855X	4.0
0684849119	5.0
0764820079	5.0
0985241306	4.0
0517293161	3.0
0099766817	5.0
0684835398	5.0
0393049825	3.0
1439183368	3.0
0307476073	2.9443447037701977
B00JSFVNGS	4.0
006124189X	5.0
1586487892	5.0
1600105327	2.0
0800719050	3.0
1439138311	3.0000000000000004
0399160450	3.0
1482594129	1.0
0739495585	4.578143763938926
1557094403	3.0
0446580848	3.0000000000000004
0679456805	4.0
0736913165	2.0
0307943232	4.0
1470183676	1.0
0307594009	4.0
0881889792	5.0
0345535871	5.0
2894504454	5.0
1460999428	4.0
1477464190	2.0
0307934055	3.0000000000000004
0751536822	3.0000000000000004
0544035011	4.709660574412533
0385341601	3.0
1559501901	1.0
0316010731	5.0
1616146729	5.0
0060194839	1.0
0099451956	2.0
055337849X	3.0
0060737298	1.0
1592401422	2.0
B008DVVLYW	1.0
1616200693	3.0
0975436708	5.0
0061934771	1.0
0062224077	3.0000000000000004
0811217078	5.0
0743226712	4.0
0060850523	3.0000000000000004
B006Z499M0	1.0
0764539302	4.0
0446385166	5.0
1442497009	4.0
0141039280	5.0
0307377326	5.0
0399159312	3.0000000000000004
0062267558	5.0
0061756350	2.0
0307959473	5.0
B002B9MGIM	2.0
0689808828	2.0
0786719060	3.0
0671456547	4.0
0883682796	1.0
156947981X	5.0
0399160817	5.0
0061766720	4.0
1558327568	5.0
0307394131	4.0
0374379947	3.0000000000000004
B0088OVJTQ	3.0
1479128317	1.0
0810941864	4.0
0060589469	5.0
0195169115	3.0000000000000004
0316038393	5.0
0759637946	1.0
0140167773	2.0
1442362855	4.0
039953671X	4.486013986013986
1846431220	3.0
1619022370	3.0
1400042216	1.0
0894866354	4.0
019529775X	4.0
B00HPY1F62	2.0
0374379939	3.0000000000000004
B00ED1ZHZK	2.0
0988408031	3.0000000000000004
1611099358	5.0
0688050999	4.0
0307273571	4.0
0399162410	2.0
0307266397	4.0
1594486255	3.0000000000000004
0812980751	1.0
0061353876	3.0
1478181672	3.0
0812974638	3.0
B008NQRHUY	5.0
0143118218	1.0
0195149726	1.0
B006PWHCN0	4.0
0307717372	4.0
1560259795	1.0
0446573051	3.0000000000000004
148951418X	4.0
0425207978	3.0000000000000004
0160730848	1.0
0452298172	5.0
0743291476	2.0
0312968302	2.0
0812976363	5.0
0679641041	3.0
0743582373	3.0
B00BEJ7AL8	5.0
0316228532	1.0
0345528921	2.0
0470505567	2.0
B00826HAPW	5.0
0307341992	5.0
0892968192	3.0000000000000004
