B007EWLUB0	5.0
006201451X	4.0
1476707626	3.0
1439102767	2.098020280057943
0778315339	4.0
0060852550	4.0
0385342438	4.0
0547859058	5.0
0987856863	5.0
0071763651	4.0
1590516400	3.0
1400067685	3.0
0770437125	5.0
0142001740	5.0
034552795X	4.35310849248273
0451047117	3.0
B006C9VHG4	2.0
1118775082	2.0
1611097169	4.659174499387005
0307704114	5.0
1594488223	5.0
054774501X	4.0
1451675364	5.0
0761451927	5.0
0307475255	3.0
1250018196	5.0
0811854892	3.0
031256578X	5.0
0547634528	4.0
1616950617	1.0
031255561X	1.0
0595242499	4.0
1612176933	5.0
0671472178	2.0
1476707723	5.0
0397303998	5.0
0060575115	1.0
0761456465	5.0
147782314X	3.0
0761459618	5.0
0312315953	5.0
1595548114	2.0
0345517830	4.0
0446533424	5.0
0812983386	4.0
1400317150	5.0
0670024783	5.0
1742202225	5.0
0547953569	5.0
0451218469	3.0
0596006446	4.0
0761456236	5.0
1596439378	4.0
0553050680	2.0
0761456481	5.0
0761453091	4.0
0446671339	5.0
1936976226	4.0
0761459510	5.0
0345530918	5.0
0547734360	4.0
1455886289	5.0
0385534280	4.0
1440215782	5.0
0062279939	4.791069459757442
1616284870	4.0
0596008678	1.0
0385537859	3.0
0062289861	5.0
1416597360	3.0
0803738552	5.0
0761455485	5.0
0345528735	3.0
0062069284	5.0
0520262492	4.0
080212061X	5.0
1477816402	5.0
1481138472	4.0
0385392907	4.0
1611099668	5.0
1477847030	5.0
0761456457	5.0
145630612X	2.0
076145523X	5.0
0761455248	5.0
0979600006	3.0
074329811X	5.0
1556529694	5.0
1612183174	4.0
0307886034	5.0
140006869X	5.0
0307273601	5.0
1400069432	4.0
0545233445	4.0
0452296846	2.0
030758836X	4.0
125000098X	4.0
0312655452	1.0
0345803507	1.4192477876106193
0802119875	2.0
0395978378	4.0
0486467759	4.0
1401302467	5.0
1477847006	4.0
0062194348	5.0
0786880422	2.0
0062207393	3.9696213066999584
088188507X	4.0
0761458972	3.472205618649133
037584631X	2.0
0557941229	3.0
0761454373	5.0
0954875648	3.0
B00DR4H572	3.0
0803731957	4.0
0988483742	1.0
0140132708	4.0
1441565345	3.0
0062115359	2.9999999999999996
1118841832	4.0
076145327X	4.0
0821772961	4.0
0761163808	5.0
0761455469	5.0
0316217492	4.0
0133836878	2.9999999999999996
0312563558	5.0
030727179X	2.0
B00EW7DKJU	2.0
0761453172	4.0
0547848013	5.0
0761456562	5.0
1400318033	4.0
1440552614	4.0
160819275X	4.0
0307720926	4.0
0385483996	5.0
1442420499	5.0
0547976518	5.0
0812981901	4.0
097587005X	3.0
1420942409	4.0
1620873346	1.0
1439158843	4.0
0385742991	4.0
0739327364	4.0
1469960117	3.0
076145652X	4.0
1401941087	2.0
1612186009	5.0
0761463070	5.0
B008BX4NII	2.0
076145313X	3.0
1935597647	4.3809523809523805
0761456899	3.0
0307269876	4.0
0143119494	3.0
1569479755	2.0
0446545953	3.0
1475067453	2.0
0547053428	4.0
0763661651	3.0
0812980956	3.0
0544034724	2.0
0743292499	4.0
0761456503	2.0
039916216X	4.999999999999999
0547617933	5.0
0385346859	5.000000000000001
1440552649	4.0
1455512125	4.0
1582461597	5.0
054404584X	3.0
0393041654	3.0
1599952955	2.0
0767920546	2.0
B007PPJOGO	3.0
037572382X	4.0
0606069615	1.0
0761455302	3.0
0761453245	4.0
1469984202	4.0
0803499280	4.0
0761455787	3.0
147674355X	4.0
0802119778	5.0
0375424091	2.9999999999999996
1454702486	4.0
0794510833	5.0
0307716511	5.0
0345527011	4.0
0761456848	4.0
0761455639	4.0
098290505X	2.0
1423133080	5.0
0761453695	5.0
0761455752	5.0
0761457933	4.0
1250044693	5.0
0547985541	5.0
B004KAB0O6	3.0
0062103326	1.0
0755392108	5.0
0062121030	2.0
B006IDDBYK	2.0
0061986755	2.0
0307908038	5.0
0761454675	5.0
0761461094	5.0
0143038419	1.0
0061137634	5.0
1477816909	4.0
0307596869	4.0
0385344155	5.0
0547126522	5.0
0312330529	5.0
1442481773	4.0
1416590587	4.0
0761451293	4.0
0062294377	3.0
1466443723	3.0
0399163077	5.0
0761454527	5.0
0761455736	5.0
0425258734	1.0
1565126297	2.9999999999999996
0761453792	5.0
0132542501	5.0
0765333023	2.0
077831295X	2.0
030771683X	2.0
0849946441	2.0
0735340390	5.0
1492890405	1.0
1477810285	5.0
1620402750	3.0
1599907909	5.0
B00D4B53UE	4.0
0761455981	5.0
1933754931	1.0
1619631652	5.0
0761455744	5.0
0307271722	5.0
0062209841	5.0
0547519273	4.0
1250026385	3.00785498489426
0316776963	1.0
034580676X	4.0
1616951397	4.0
B00A9HW1CY	3.0
0142300047	5.0
006193142X	4.0
0399161945	5.0
B00A1SCEQY	4.0
0316278157	5.0
0199916357	4.0
0761454500	5.0
0761454624	5.0
0761461035	4.0
0802722806	4.0
0982770502	3.0
0316014044	4.0
1456535870	4.0
0307474844	1.0
0761457909	2.0
0761454519	3.0
0765325713	4.0
B00A6HZVI8	3.0
0761454632	4.0
1439166641	3.0
0761455965	5.0
1477817247	5.0
1440554579	4.0
0006551807	4.0
B005G8L5C8	1.0
0988843307	3.0
0345803280	2.0
0975361589	3.0
0143124544	4.4987593052109185
0761452303	5.0
0060391626	5.0
0761462465	3.0
1612187145	3.0
0385752725	4.0
1616492082	4.0
1858944066	5.0
1423102282	1.0
006222543X	4.0
B005H86SH4	2.0
0761458093	2.0
0761454616	4.483322844556325
1250028655	5.0
0743550404	3.0
0743466446	5.0
0062110780	5.0
0375868771	4.0
0757906125	3.0000000000000004
125001980X	3.0
1451685815	5.0
0521513324	2.9999999999999996
B004UB2WME	3.0
0812993969	2.9999999999999996
0062030310	2.0
0062202235	5.0
0307989828	5.0
1451636881	4.0
0307395987	5.0
1455897213	2.0
1467900583	1.0
0767923154	5.0
0988698706	4.0
0307455173	1.0
0061998699	4.0
0547744943	5.0
1250039029	5.0
0345521307	4.0
1934006009	4.0
1442427698	5.0
1451684835	4.0
0547892624	5.0
0547820119	5.0
0312595697	4.0
0770432778	5.0
1847734294	3.0
0345530373	4.0
0761455809	4.0
0804832420	5.0
161695129X	4.0
1612183735	5.0
0761453741	4.0
1455521914	2.0
0761458085	5.0
1490460381	3.0
1555976387	4.0
0805212140	3.0
0345524942	3.0
0761461248	4.0
0761463305	4.0
144236209X	3.0
0425251381	4.0
0062190423	2.9999999999999996
030798656X	4.273434856175973
B000TGDM6O	3.0
0807001732	5.0
0979268656	4.0
1416960929	5.0
0470444525	5.0
1594486522	5.0
055277572X	5.0
1601548710	2.0
0061690449	5.0
1440556652	5.0
0385347235	1.0
0761459022	5.0
0751547875	5.0
0761458174	4.0
1455124168	5.0
0761461450	4.0
0761457089	5.0
0062121693	2.9999999999999996
0061941026	1.0
0857521012	4.0
0671025708	3.0
014312000X	4.0
0385528256	4.0
1599928442	5.0
0143121103	3.0
0060780649	5.0
0385739567	4.0
0761457097	5.0
144243614X	5.0
0307461831	5.0
0062132466	5.0
0345484207	3.0
B00HJEHOFE	4.0
030737937X	4.0
B003XYFN5M	1.0
0763655996	1.0
076366040X	5.0
0307884848	5.0
B00BZTOP0G	2.0
B00CE1P4CC	4.0
0910055998	3.0
0967453607	1.0
1452659370	1.0
1400068819	1.0
1477847065	5.0
0761453938	4.499695678636641
0758259387	2.0
0758273339	4.0
0547385420	4.0
0761458158	5.0
1494305763	4.0
0062112902	5.0
0761459480	5.0
0061143316	3.0
0761453822	5.0
080419257X	1.0
076145814X	4.0
1455507229	4.0
1470108097	5.0
1608680150	5.0
0446606081	1.0
0393081427	4.348362678953431
1565126319	2.0
0062107313	4.451412052479431
0345510593	5.0
0375847626	5.0
0812981693	4.0
1480504246	3.0
1469905833	2.0
0312264100	3.0
0843955430	2.0
0316097519	2.0
0761453911	4.0
1118433076	5.0
140020304X	5.0
0062049690	5.0
1469227894	4.3330608908868005
0544263618	3.0
0307885917	5.0
1477847162	4.0
0062197258	4.0
1582974950	2.0
0385737734	2.9999999999999996
0761457038	5.0
1477816461	4.490735206216378
1931368252	3.0
0312323859	5.0
0761457046	5.0
B00DQQVTA0	1.0
0321719808	5.0
0803734735	2.0
1616891262	4.0
0345523784	4.0
0307730115	1.0
1611091438	2.9999999999999996
1477816585	5.0
0143113003	3.0
0316001929	2.0
0345534557	1.0
0316185906	1.0
1482665506	3.0
1594745277	5.0
1611099285	2.0
1491023139	4.0
0394861027	4.0
1469241943	4.0
0340920246	3.0
0761458387	3.0
0805096299	4.0
0385337000	4.0
1897512600	2.0
1477816453	5.0
B00BHM7TQ8	1.0
0761451838	5.0
B005H4V4M2	2.9999999999999996
078523120X	1.0
0062071750	5.0
0975925598	3.0
0345534352	5.0
B00GWZ0YDA	1.0
0794421857	5.0
1742200184	5.0
147781647X	4.490735206216378
0545026202	5.0
1477816488	5.0
0307939693	4.0
0446409480	3.0
147780885X	3.0
B00A0BV74C	3.0
B005FWPMR4	5.0
0761458115	5.0
1442362855	5.0
076145604X	5.0
0062024027	3.0
054529441X	4.0
147781731X	4.0
0739303643	4.0
1477816356	5.0
0062094505	2.0
0345803485	1.0
0547352204	5.0
0061340324	4.0
0345536665	5.0
0451214994	3.0
0761456147	5.0
0307273571	5.0
075822897X	4.0
0761458328	5.0
085720873X	4.0
0307265749	2.0
1612184871	5.0
0761456031	4.0
0062235540	5.0
0062237845	5.0
0761457003	5.0
0375835962	1.0
0451234677	1.0
1612183301	2.9999999999999996
0811879542	5.0
0142180351	4.0
B0050Q4YBK	3.0
0062280678	2.0
0761457127	5.0
1439267618	5.0
0812993241	3.507917174177832
0060098902	1.0
0345803493	1.8384955752212389
0770437729	4.0
0375971424	5.0
B0089QQZCY	4.0
0307360814	5.0
0761459553	2.0
0316228532	2.098020280057943
0307884910	4.0
0745661521	4.0
1477817220	5.0
006224860X	4.0
