0316105848	5.0
0141441585	5.0
1416949038	2.0
0345502671	5.0
0143119419	5.0
0262640414	4.0
0195158016	5.0
000649885X	5.0
0312243359	4.5
0446577391	3.0
1941198910	4.0
0345444213	3.0
034552795X	4.0
1427098956	4.0
0812558154	4.0
0385501692	2.0
159692277X	3.0
080213193X	4.0
0304357146	5.0
0738200336	5.0
0297772708	3.0
0307737179	5.0
0312289588	5.0
037541486X	5.0
0312675089	4.0
0140367217	4.0
0330493310	5.0
B00GCEE4IM	3.0
0385501684	2.0
0385736800	2.5
037543318X	3.0
0300023731	5.0
0002007770	5.0
0007190042	4.0
142312166X	4.0
B00FY54N68	4.0
0679729585	4.0
0061558230	5.0
0553271822	5.0
0312428200	4.0
0143035282	5.0
0446532452	4.0
0312964250	4.0
0802716938	5.0
1449362230	3.0
0615684742	2.0
0375701427	5.0
0882704729	5.0
1933397055	2.0
0740721135	5.0
0439136350	4.0
0061558222	5.0
0316024740	5.0
0441004016	4.0
B00EKSV9CQ	4.0
1595144064	4.0
0765340739	3.0
030795062X	5.0
0393318222	5.0
B006Y2R6UA	5.0
0140424393	5.0
0785135499	3.0
1939941016	4.0
0679725164	5.0
0263899403	3.0
1439157316	5.0
0786891416	4.0
0140254587	4.0
0679738487	4.0
1495232174	5.0
1495960234	4.0
1886705488	1.0
1490504826	3.0
0385306032	2.0
0061236152	5.0
0765316218	3.0
034544423X	3.0
1585428817	5.0
0385743114	3.0
0199279349	5.0
0345353773	4.0
0786891424	4.0
1937006581	3.0
0380750295	4.0
B00BAWAU5W	3.0
0439531640	5.0
0140244328	4.0
0385736843	4.0
1493547496	4.0
0385536313	3.0
0399161287	5.0
0316734942	4.0
0743422082	4.0
0195078225	4.0
B00HP3Q4XM	3.0
0307406105	4.75
0449224449	5.0
0843954159	5.0
0060805781	4.0
0307476898	4.0
0316041262	3.0
1585423157	5.0
0441010725	4.0
0756407508	4.0
0345549333	5.0
0142437301	5.0
0140289208	5.0
0316929204	4.0
0156027860	4.0
0684808722	5.0
0439551234	4.0
0765317524	4.0
0375414819	5.0
0316734950	3.6666666666666665
0985867329	5.0
037570146X	5.0
0394758250	5.0
1937856208	5.0
0425155404	1.0
0312656742	4.0
0316559776	4.0
1603584218	3.0
0691142165	5.0
0333718291	5.0
1742200419	1.0
1475002955	5.0
0312966059	3.0
0578003880	4.0
0061051217	4.0
0345334647	5.0
1845767551	4.0
1594868239	4.0
0394758285	3.0
0345366239	3.0
0307279464	2.6666666666666665
0671017241	2.0
0374384673	5.0
0766104478	5.0
1452100535	4.0
1469201615	4.0
0755340884	5.0
B00GWOW3SU	5.0
0380817926	4.0
0805093486	2.0
1595753575	3.0
081332985X	4.0
0099416158	3.0
B00HUU13ZE	4.0
0451229681	4.0
0886776538	3.0
034542333X	4.0
0312873794	3.0
0345423348	3.0
076532640X	4.0
0062136585	4.0
0330412701	3.0
0804165858	5.0
0887309437	4.0
0007343310	4.0
0547482477	4.0
0140443487	5.0
031218008X	2.0
0345461665	4.0
0345536061	5.0
0151002517	4.0
1250030161	3.0
1937733297	4.0
0375504877	4.0
0679734031	4.0
0007322429	1.0
1590170334	5.0
0451169514	4.0
B004TPCTZQ	4.0
0099460297	3.0
0399147845	2.0
B00K7GBXHQ	5.0
0761462171	4.0
0738203424	3.0
0312353812	3.0
1455512192	5.0
0759286132	4.0
0821224972	5.0
0192838091	4.0
0307578070	4.0
156947303X	4.0
0192818481	5.0
1616201320	2.0
0345423399	3.0
0446579939	3.5
1558324194	3.0
006104363X	3.0
0140025596	4.0
0446532444	5.0
0471059684	4.0
1595549099	2.0
0425162591	4.0
0393310329	4.0
1602391874	5.0
1250002990	4.0
0761451498	3.0
1442402326	4.0
0312981627	4.0
0061228591	3.0
0316012793	3.0
0425245411	4.0
019982830X	4.0
0307888940	5.0
0312353839	4.0
0007149824	3.0
0140437614	5.0
0470586842	2.0
034541005X	3.0
0195374525	4.0
0099472252	5.0
B00AA3W83O	4.0
0671038184	2.0
038079294X	4.0
0684842696	5.0
0984916172	3.0
1401224792	2.0
0140007717	5.0
0385129912	5.0
159240300X	5.0
0312970978	4.0
0679781242	5.0
0312863551	5.0
076531004X	4.0
0142004308	4.0
0761455957	5.0
0553104845	5.0
0743203321	4.0
0316018872	4.0
0765325942	5.0
0199782520	5.0
1451617925	4.0
0143122274	3.0
0380803240	4.0
0199554838	4.0
B00BSFFNTY	5.0
0140440399	5.0
0739328735	5.0
0671751085	4.0
0812566688	3.0
0812970853	2.0
0060505931	4.0
1932595139	3.0
0385347340	4.0
1781161720	5.0
0062089641	4.0
0877285136	4.0
0575083573	5.0
1250006538	5.0
0394400933	3.0
0380803267	4.0
0007113080	3.0
1250003482	5.0
0679644881	4.0
0060273224	5.0
B00B1JDUVK	4.0
0812540077	4.0
1595142258	4.0
1439123926	5.0
1577316495	5.0
0316614300	4.0
0143034758	4.0
0316018864	4.0
0671315285	3.0
1592975038	2.0
0743270193	5.0
0399154027	5.0
0786862947	4.0
0375868771	5.0
0198227418	5.0
0140292012	4.0
0312619812	4.0
006092554X	3.0
0689710887	5.0
0307406954	4.0
0062235591	2.0
1606842633	4.0
1596916974	3.0
0307389189	1.0
0310201063	5.0
0393066800	5.0
0199538794	1.0
0740785133	5.0
0312376537	4.0
1480522813	5.0
067974567X	4.0
0312859554	5.0
0345481283	5.0
014016930X	4.0
0394554272	4.0
0879973617	4.0
0142421871	5.0
0060757647	4.0
0373777736	3.0
1495978419	4.0
1472803396	3.0
1560851570	4.0
0452296293	4.0
B007XXQZSI	3.0
0756402603	4.0
0316074144	5.0
B0040GJ9WK	3.0
0805092994	5.0
0140238565	3.0
0240516338	2.0
038081658X	3.0
0345345207	4.0
1595553061	3.0
0061986488	3.0
0553589938	4.0
031255513X	5.0
1400031516	4.0
1118134664	5.0
0307594130	1.0
0316074152	5.0
1401201172	5.0
0849920698	4.0
161218717X	3.0
0804178321	4.0
B004LRP2EW	3.0
0802143032	2.0
0756402611	4.0
0307277658	4.0
0373210280	3.0
0316133973	5.0
0446528323	5.0
0399121161	5.0
B009MQWA1K	4.0
031230711X	3.0
1560258500	5.0
0061536091	4.0
0684832372	5.0
B00ANG3YN6	4.0
031205436X	4.0
0743215362	4.0
1442419954	5.0
0451204417	4.0
0312921098	4.0
1550228811	3.0
0812982886	4.0
0345520483	5.0
0345481291	4.0
0307278999	4.0
0375501843	4.0
0307951030	5.0
0803287615	4.0
159017335X	2.0
1492784184	4.0
1934861316	4.0
0765329468	4.0
B00AHZRESO	5.0
1481896881	3.0
0470635495	5.0
B00BWWKBCW	4.0
1477488138	5.0
0062128027	5.0
0142417718	3.0
0345458915	2.0
0300169272	4.0
1605981729	1.0
1910175153	5.0
0312555113	4.0
0965035751	4.0
0613262808	5.0
031021923X	5.0
0756402646	5.0
0060010800	4.0
0307885941	2.0
0312950489	4.5
0945707045	3.0
0307588335	4.5
1606842609	4.0
1250029236	4.0
0062049690	5.0
0345531175	4.0
014028009X	2.0
1621450635	4.0
0292776241	5.0
0316154075	4.0
0312321430	4.0
1587672286	5.0
030746220X	3.0
0312266855	5.0
0963277650	5.0
0786701684	4.0
0374285810	4.0
1611099048	3.0
1612182305	3.0
0765317451	4.0
1612183638	5.0
038551851X	2.0
0849919681	3.0
0756402662	3.0
0316154067	1.0
0553582445	5.0
0061714321	5.0
1451617968	3.0
0142800031	2.0
0006479758	1.0
0615466435	3.0
0930808029	5.0
0981648401	5.0
0865715106	3.0
0802847471	5.0
0312169787	4.0
0440236355	5.0
0743243412	2.0
000615591X	4.0
0312286449	5.0
1401243827	3.0
0553278398	4.0
1580083595	4.0
0140390464	5.0
0679442723	3.0
B00JO1PQSC	5.0
1400031567	4.0
0425196097	2.0
1603420894	5.0
0553582453	4.0
0786950285	4.0
1595141758	5.0
1493682067	3.0
0330434209	3.0
1853672815	4.0
0307716139	3.0
080213985X	4.0
0465023967	4.0
1400066204	3.0
0547572557	4.0
0553375628	4.0
0935039651	5.0
0061474185	1.0
030738604X	1.0
039396647X	5.0
0385340796	4.0
0061714305	5.0
0099255197	3.0
0062069217	3.0
0312427794	4.0
0804811237	4.0
0062117378	4.0
0061714313	5.0
0316102865	3.0
B00814K01Q	4.0
015679201X	5.0
0071806776	3.0
0399254439	5.0
B009G6IZ60	5.0
0156029634	3.0
0312366353	4.0
0061558265	3.0
0399157182	4.0
038553504X	5.0
0802713912	5.0
1481978357	3.0
1481402854	4.0
0345456327	5.0
0060874465	3.0
034532739X	4.0
0060515198	4.5
0385265700	5.0
0743219589	4.0
0062107968	3.0
0345483944	5.0
0803477783	2.0
0061978086	4.0
B00EHMG34E	4.0
0984587101	4.0
B00CATSONE	4.0
0743435281	3.0
1492340626	5.0
0307704114	5.0
0340837950	3.0
1250021359	3.0
1250007070	4.0
0393308731	5.0
B009QABQY4	3.0
0140437541	5.0
031612558X	3.0
0785262385	4.0
0062278789	5.0
1583225501	4.0
0553385763	4.0
039446916X	4.0
0786955031	4.0
0807070599	4.0
0062257803	2.0
034551212X	4.0
0452281369	5.0
1460981634	3.0
B003F3PM9S	3.0
0441203981	4.0
1416961496	3.0
0441005470	5.0
0321819594	5.0
B004VP3KHK	2.0
006056542X	4.0
0988780313	5.0
0345457684	4.0
1578512212	5.0
1413311946	4.0
0061579270	1.0
177041147X	3.0
1416551352	4.0
0553109731	4.0
0765316994	4.5
1782007695	3.0
B00IMPE6PK	5.0
1936976102	5.0
1578602238	1.0
1400067677	4.0
0385527519	3.0
1586487108	4.0
0060987103	4.0
B00G2GMRCU	3.0
0345545087	4.0
0486296881	4.0
0765313081	4.0
B00IPIMWUK	4.0
0976249839	4.0
0060562382	4.0
0316037915	5.0
0142002631	5.0
0007120222	4.0
0380708698	3.0
0307588149	4.0
1494704765	4.0
0691001537	5.0
0451218043	3.0
0375411690	4.0
0884114120	4.0
031615976X	3.0
0684849135	4.0
0449912558	5.0
0441870732	3.0
0451219368	3.0
0451137108	2.0
B00FPQCY4E	5.0
0312873077	4.0
0446546305	3.0
0060874406	4.0
0307914208	4.0
0307885151	4.0
0446561932	5.0
1413311911	4.0
B008CC5L8Y	3.0
0945707010	3.0
030795868X	4.0
0345465253	3.0
1416537678	1.0
0345443020	4.0
0345456319	5.0
0743471792	5.0
0739474812	2.0
0767932692	3.0
128508456X	5.0
0545142997	3.0
0676976158	4.0
1892391945	5.0
0297850687	5.0
0394751736	3.0
031242969X	5.0
0061535680	4.0
0805076824	3.0
0765341972	5.0
0767932684	4.0
0743289447	4.0
1569470936	4.0
0312979487	4.0
0060556579	5.0
0813912660	3.0
1611099854	5.0
0532151461	1.0
0679759255	5.0
0922356807	5.0
0962850586	5.0
0312872569	5.0
0060567236	4.0
030726999X	3.0
1400069467	4.0
0099443635	3.5
0345308239	4.0
0375757716	1.0
0521530970	5.0
0446564109	5.0
178116777X	4.0
0553804642	4.0
0684865254	5.0
0375830995	4.0
0736924515	5.0
0143036432	5.0
0062008110	5.0
071563318X	2.0
1118204980	2.0
0805210040	4.0
0470527595	4.0
0470073942	3.0
0307908348	5.0
0395759242	4.0
1845134818	5.0
1477822585	4.0
1607740559	4.0
0143037730	5.0
1616146966	3.0
0807831883	4.0
0060012781	4.0
0385484771	4.0
0307750884	3.0
0801856620	5.0
1568713568	5.0
B0062Q7S3S	5.0
0802130798	5.0
0380755017	4.0
1569470928	3.0
1594850828	3.0
0345444388	5.0
0449012093	5.0
0345520602	4.0
1596062495	5.0
0738213586	5.0
0345273893	4.0
0765323206	3.0
0761455752	4.0
0345405617	4.0
0312640234	5.0
1400068177	5.0
0671536818	5.0
0743217802	1.0
B005GHM10O	3.0
0316069515	5.0
0061032212	3.0
0307281620	5.0
0062107909	5.0
1439187002	5.0
0761174427	4.0
1780967233	4.0
0061134244	4.0
B00G5LFFQW	5.0
1442409053	4.0
0345520629	4.0
1250003504	3.0
0764206060	4.0
0385743874	3.0
1442422017	4.0
0451459237	3.0
0399156658	5.0
0765323222	4.0
2848019425	5.0
0062065653	4.0
0345506251	5.0
0141004312	4.0
0425142868	4.0
1461057116	4.0
144240907X	4.0
0380718073	5.0
1607062542	4.0
0451230515	2.0
0060564148	5.0
0385742576	3.0
0030565812	5.0
0758227086	5.0
0140196277	3.0
0345405609	4.0
0060765313	5.0
1402220065	4.0
061578688X	3.0
0380803232	4.0
075640083X	3.0
0007442920	4.0
0425265137	5.0
0785183930	3.0
0517415283	5.0
006193142X	4.0
0307594076	3.0
0446576972	5.0
0871238705	3.0
006016848X	4.0
089480698X	4.0
1596438924	3.0
1613776047	4.0
0441004903	4.0
B00COFU6DA	4.0
1442402350	5.0
0441001874	5.0
1591146488	3.0
0805094601	5.0
0253343798	5.0
0374372837	4.0
0195038347	4.0
0399147632	2.0
0446576980	5.0
0142302236	3.0
0307719170	4.0
034540565X	3.0
007212606X	5.0
B00BCCVSYM	5.0
1402779380	2.0
1439153663	4.0
0312375360	5.0
B0082XKGGU	3.0
0316639710	4.0
0671662341	5.0
0345405633	4.0
0345360761	3.0
142621250X	3.0
1401935230	3.0
042518109X	3.0
0345333179	4.0
0385260954	5.0
1477817271	5.0
0863040454	4.0
B00B5KP11M	5.0
0310333555	3.0
014018371X	5.0
0007388160	5.0
0446573019	2.0
0743200187	3.0
0873382102	5.0
0380793326	4.0
0618792252	4.0
0044401566	4.0
1580054102	4.0
0553111248	5.0
0385418957	5.0
0399167293	5.0
0979415438	4.0
0062121308	5.0
0312873972	4.0
0312427808	4.0
0743229878	3.0
0307594033	4.5
0812981669	5.0
0375867333	4.0
0886778182	4.0
0340645237	4.0
0307712508	2.0
0312619766	3.5
0307955524	2.0
1499186606	5.0
0800708865	5.0
0061998575	2.0
1577315022	5.0
0061015733	4.0
0812555244	4.0
0143121006	4.0
0761144609	4.0
0971835608	1.0
0385738579	4.0
0553104934	4.0
0741444569	5.0
0316168718	3.0
0140443339	5.0
4770029039	4.0
1461085977	3.0
1453728406	5.0
0062237470	5.0
0881335746	4.0
1558321993	4.0
0307887804	5.0
0061015725	2.0
1451667485	4.0
0805098143	2.0
0843962585	5.0
0140094296	4.0
0691156794	5.0
015694703X	5.0
0385738595	5.0
0140097317	5.0
0671025708	2.0
0452296390	5.0
059600110X	4.0
0060817089	5.0
0316027650	3.0
1612786669	3.0
0812979354	1.0
1250015545	5.0
0451217608	1.0
0007299540	2.0
0449149560	4.0
0385006322	4.0
0375713344	4.0
0312575653	1.0
0312422156	4.0
0720610443	4.0
0307378527	5.0
014043920X	4.0
0743219627	4.0
030794834X	1.0
0140194436	5.0
0553575422	3.0
0312998554	5.0
0006550339	5.0
0061031844	3.0
0312383827	5.0
0060652381	5.0
0971787522	5.0
1495960390	4.0
0062060716	3.0
1499163096	4.0
0316739030	2.0
1417808268	4.0
1570763348	4.0
0449912639	4.0
0761458042	5.0
0762773251	4.0
0812981693	4.0
0971787514	5.0
1482055015	5.0
0195309480	4.0
0345350588	4.0
0345467981	2.0
0307346943	4.5
1579651135	5.0
0345457714	4.0
0099478285	2.0
0316102954	4.0
1606904388	4.0
0062268546	2.0
0307743675	4.0
0240520289	1.0
161921072X	5.0
0007447868	4.0
0345354915	2.0
B000H04766	4.0
0099496941	4.0
0843959800	3.0
0373797443	4.0
162266020X	3.0
B00HD0KD8O	4.0
B00A9D0HMO	5.0
0671467727	3.0
1582431159	4.0
0192823698	4.0
0062122630	3.0
1575666286	5.0
0553383124	4.0
0307743659	3.0
1936243105	3.0
B00AOW6DY6	5.0
0345324250	4.0
0375412026	5.0
1410733955	4.0
078689136X	3.0
0316038393	3.0
0547729960	4.0
1401302734	2.0
0786862882	4.0
B00F0SXP6S	4.0
0312553498	4.0
0060727535	4.0
0739334670	4.0
1401931758	5.0
0099491222	3.0
0385535155	3.0
193885733X	4.0
1480408077	4.0
0385499035	4.0
0374521506	5.0
1594486123	3.0
1401243959	5.0
0345351878	4.0
0553107135	3.0
0718024249	3.0
0743254899	3.0
0062117262	2.0
1937856062	4.0
0143145010	4.0
0879232153	4.0
0971787549	5.0
0393325385	5.0
0743597176	4.0
0312598343	4.0
030740577X	5.0
0373892713	3.0
1594745234	4.0
0743254880	3.0
140120306X	5.0
1781162956	5.0
0345406141	5.0
0061373214	4.0
0765338289	2.0
0143125427	5.0
1590514254	2.0
1402294271	4.0
0895297272	4.0
1884956939	5.0
0230761607	5.0
0345371445	3.0
0307717321	4.0
0345526880	5.0
0778315339	2.0
0316836311	5.0
B00FD3YBU4	4.0
1477823131	4.0
1931095515	4.0
0441014038	3.0
1607061597	4.0
0802434282	2.0
0307273512	4.0
0143117483	5.0
042506784X	5.0
0989247988	4.0
1860468985	5.0
1935259237	4.0
0375724745	4.0
1484188497	2.0
B00HBF56E2	4.0
0743580818	1.0
1595540873	5.0
0553565699	5.0
193806710X	5.0
0380788691	3.0
0140148272	4.0
0345333942	5.0
0006475973	2.0
0671885375	5.0
0988761912	3.0
0316695068	3.0
0062017810	4.0
0312609337	3.0
0965104257	5.0
148120601X	4.0
0345502892	4.0
0141182806	3.0
0195135156	4.0
1595540865	4.0
0615615953	5.0
0385742010	2.0
0307949826	5.0
0440505658	3.0
0451528026	5.0
0847827534	5.0
0465069908	4.0
0141439491	5.0
1595540857	5.0
0891415378	2.0
1936850435	4.0
0747585873	2.0
1590599950	3.0
9367285078	5.0
0553050680	5.0
0345333969	4.0
B00CJWWLV8	4.0
0765314215	3.5
0380812894	3.5
0345528603	4.0
0345536223	5.0
0142422010	5.0
0199753784	4.0
B0084KFV8E	3.0
0765326272	4.0
B005FMLI04	5.0
0425256375	4.0
1476730601	4.0
0811212475	4.0
0060758295	4.0
0812516540	4.0
0385537859	5.0
0345439902	4.0
0809057387	5.0
0306814692	3.0
1401300391	2.0
0340979496	3.0
1597800368	4.0
0740779141	4.0
0615786596	4.0
0756404215	4.0
0471272426	1.0
0764597264	4.0
0385479484	2.0
1416502483	3.0
B00C1UGV4G	2.0
0425256367	4.0
0307396045	4.0
1933615699	4.0
0738740586	4.0
0803738323	3.0
080211962X	5.0
0316024961	3.0
1439192316	5.0
0316085944	2.0
0751311510	4.0
0307588017	3.0
0399155619	4.0
0195310306	4.0
1602729824	3.0
0449815978	4.0
0985837705	2.0
0310211883	5.0
0399144951	3.0
0373210957	4.0
1416959017	3.0
0765359138	5.0
0385343663	4.0
0307277097	4.0
0670786152	1.0
1627791116	4.0
0743583078	3.0
1612183026	5.0
1440532915	5.0
0375502025	2.0
1401351964	1.0
0140132708	5.0
0380730456	4.0
0340822775	4.0
161188053X	2.0
0805094598	5.0
1888363932	5.0
B00FISCBRE	3.0
0316036919	5.0
0345350480	4.0
142086159X	4.0
0840774842	5.0
1422162575	5.0
1401922759	2.0
0446602612	4.0
0316093580	4.0
0451458443	5.0
0849916739	4.0
1439117063	4.0
0062196863	4.0
0143112627	4.0
0330419129	1.0
0007103417	3.0
0143039814	4.0
1933718552	5.0
B0078G41BS	4.0
0099464462	3.5
1433245949	1.0
1612183085	4.0
034530280X	5.0
0345528670	5.0
006103018X	3.0
0061139610	4.0
0140444599	4.0
1400066093	4.0
0553812173	4.0
1477401296	5.0
0316154601	4.5
1612183093	2.0
0895262207	4.0
0805058001	5.0
1560258675	4.0
006009527X	5.0
B00E66QPCG	5.0
0763661651	2.0
0020315910	4.0
0618680004	2.0
1480028398	3.0
1619862654	5.0
0312593309	3.0
1439194920	5.0
1560258667	4.0
0452281091	3.0
0345494792	4.0
1611099722	5.0
0800715357	5.0
0399154302	4.0
0879977728	4.0
0060850523	5.0
0399144986	5.0
1426205155	1.0
0140289011	3.0
0440539811	4.0
1440541892	3.0
0679768084	5.0
B0099AIFFO	4.0
0140258795	4.0
0061041696	4.0
0020519109	4.0
0316404179	3.0
0385344139	5.0
B00BGS56UO	5.0
0061734977	4.0
1414302797	2.0
0099526832	5.0
034551405X	4.0
0425031055	5.0
0452298733	4.0
0307953068	5.0
0060878061	3.0
1414333072	5.0
0385297211	5.0
0553063162	4.0
0307745384	3.0
0553102354	3.0
1585860409	4.0
0739315293	4.5
0020298951	4.0
0062184849	3.0
0345413369	5.0
0470080191	5.0
0143038540	4.0
1595143378	5.0
1495437760	5.0
0743269357	4.0
1401944140	3.0
0872200760	4.0
1595143394	5.0
0385528086	5.0
1414325460	5.0
0805082557	4.0
0842364110	1.0
B00EZABN8E	5.0
1741799031	4.0
0062021877	3.0
0448095149	3.0
0771014910	3.0
0321245784	5.0
0805095837	5.0
B00H5WK5GU	5.0
1931044821	4.0
0307886522	5.0
0448095130	4.0
0451462513	4.0
0385494238	3.0
034549038X	2.0
0345413350	5.0
0399154345	2.0
174220063X	5.0
1477820078	4.0
0385528094	5.0
0738201006	4.0
0345335708	4.0
0385733976	4.0
0425186881	4.0
0895292149	3.0
0393239578	4.0
0316008079	4.0
0812931378	3.0
0809440148	5.0
0385516169	4.0
0140188282	5.0
0199916357	5.0
0062020641	3.0
0767905997	5.0
051788710X	3.0
1742209874	3.0
0441002846	4.0
0813339391	2.0
0345392256	4.0
0345334361	4.0
0440401909	1.0
039307157X	5.0
0385425139	4.0
0380793229	4.0
1613722532	3.0
1589267109	1.0
0375708723	5.0
0312854072	4.0
0385344074	5.0
0373297629	4.0
1477817360	2.0
0061969702	5.0
1451648448	5.0
0809015498	4.0
0020192002	3.0
0316693324	2.0
0385336454	4.0
9562723054	4.0
0316098329	5.0
0061715832	4.0
0380016648	5.0
0307358666	5.0
0060731230	5.0
0756401968	4.0
0345413377	3.0
038042861X	4.0
0062117181	4.0
0195078942	5.0
0156030497	4.0
0195219279	5.0
1496121341	4.0
0982159684	5.0
1576751678	5.0
0345529022	5.0
0201360462	5.0
0321084438	4.0
1492103748	5.0
0812570936	4.0
0399155597	3.0
0060529709	4.0
0345347676	4.0
0825306930	1.0
1612186068	3.0
0915368609	5.0
1408818000	3.0
0470121181	4.0
0201702258	5.0
0739443615	3.0
0679724508	4.0
B00B015X1Y	4.0
0553237217	5.0
038533513X	2.0
0380817691	3.0
0375417206	5.0
0312962606	2.0
031242440X	5.0
0143036742	3.0
0743270363	4.0
0785211578	1.0
0060594772	3.0
0312851820	4.0
0553293397	4.0
030795563X	5.0
1423140567	4.0
0156030470	5.0
148207124X	3.0
0345335651	4.0
0061236829	5.0
0345531345	2.0
0547820119	5.0
0767914023	4.0
0937611352	5.0
B00CDU1H98	4.0
8023833847	3.0
034549654X	4.0
0195397932	5.0
0345439104	3.0
0345496558	4.0
0399158693	1.0
0312203438	5.0
0895267152	5.0
0062130145	5.0
1423140575	4.0
0879309881	4.0
145162137X	5.0
0929398904	4.0
1475252757	3.0
0545230500	4.0
B000TGDM6O	3.0
1401309658	5.0
1451697414	3.0
0062230921	2.0
0672325675	5.0
0375402179	1.0
0316290491	4.0
0312972865	3.0
0857521012	4.0
0316912581	4.0
1416549633	2.0
0765307049	4.0
157322281X	5.0
0785223584	4.0
1401936474	3.0
0307266303	5.0
0765307057	5.0
0439064864	4.0
0679732152	5.0
1400066824	5.0
0385488440	5.0
1416595546	5.0
0830837043	4.0
0312182961	4.0
014038572X	4.0
031286860X	4.0
0307950794	5.0
038530224X	5.0
0307590437	5.0
0609809547	4.0
144240339X	4.0
0932633161	5.0
0986915548	5.0
0393038920	5.0
0986037230	4.0
0375434305	4.5
1416963960	5.0
0062107798	4.0
0544264975	3.0
140130835X	5.0
0143034901	4.0
0399147101	2.0
0356500322	5.0
0425199355	4.0
0375411089	4.0
0060005696	1.0
0099451956	4.0
0863565107	3.0
B00E9IDVSW	4.0
B00IGUOMGY	4.0
0142000957	5.0
0446581143	5.0
1477847170	3.0
1596439092	4.0
0792276760	4.0
0307346609	3.5
0451069420	3.0
0399149759	2.0
0471389455	4.0
B00F8PIH0W	4.0
0805066438	3.0
0375713255	5.0
0547608322	4.0
0345441435	4.0
B009ZKMN74	3.0
1596911441	5.0
0062102907	4.0
0886779308	2.0
0439023483	5.0
0316042781	5.0
0140390219	1.0
0345522478	4.0
0553592483	4.0
1605291757	1.0
074344261X	3.0
0060516402	5.0
0812981383	3.0
1844167461	3.0
0547599803	4.0
0062127373	4.0
0449224740	5.0
042524086X	4.0
0307387178	5.0
0986915505	5.0
1414307586	4.0
0805096272	4.0
0060936428	5.0
043920352X	5.0
0345522494	4.0
0439023491	4.0
1933952164	1.0
0470657073	5.0
1591023386	3.0
0062293605	3.0
1592402860	5.0
0345522486	4.0
0394757661	4.0
037572656X	5.0
0061713244	5.0
0691126658	3.0
1250006317	3.0
0375857826	4.0
0618556133	5.0
0316123536	3.0
0451163672	4.0
0451201558	4.0
039471475X	4.0
0061563862	4.0
0743566572	4.0
0451464397	5.0
0451410556	3.0
1475005873	4.0
0195115511	4.0
159448757X	5.0
0060920076	4.0
0761456163	4.0
0312426232	5.0
0394757688	5.0
0872204200	4.0
031602712X	5.0
1606523449	3.0
0316021830	4.0
1595543090	3.0
B00I55Y2BK	5.0
0385249462	5.0
0976018608	5.0
B009UVL9L4	4.0
0060746386	4.0
0375719288	4.0
0061914657	2.0
1582343594	4.0
0061051179	4.0
0061779725	4.0
0340715294	4.0
0060974060	5.0
1477849890	5.0
0142402516	4.0
0786888334	2.0
0765316781	3.0
0310214866	5.0
0804138788	5.0
1499337779	5.0
1423101952	2.0
0062060554	2.0
1582343586	4.0
0140434275	5.0
1597802859	4.0
0385740166	4.0
0809126311	5.0
030796292X	5.0
1616202564	5.0
0007431201	1.0
0811213668	4.0
141654044X	5.0
B00ELIBU42	3.0
B00D45QY9O	3.0
0062264338	5.0
0061779741	5.0
1461138612	2.0
0061043583	4.0
149915352X	4.0
067162248X	4.0
1439157014	3.0
0316207780	4.0
0143122916	4.0
0060278234	4.0
1935182323	1.0
1939976022	4.0
0060545607	4.0
1250045134	2.0
1476733805	4.0
0553052500	5.0
0470890754	3.0
0060890746	5.0
1933615591	5.0
0385535325	4.0
0765319853	5.0
0062073893	4.0
054402771X	3.0
0061779768	4.0
0380720981	5.0
0345536371	5.0
0143117564	4.0
0356500276	4.5
0525426868	4.0
030727828X	2.0
0812536266	4.0
0451459067	4.0
0449808696	4.916666666666667
0756406757	4.0
1594747156	4.0
0385496958	4.0
1118196678	2.0
1572304510	3.0
0609607294	4.0
031609210X	4.0
1597972118	3.0
0062071246	1.0
0547669208	3.0
074944990X	3.0
0156027518	5.0
0674479408	3.0
0140120831	5.0
030728364X	4.0
1500185248	5.0
0316012831	4.0
1400034582	1.0
0963215809	4.0
0071352430	4.0
0345476158	4.0
0061672262	3.0
0062202928	2.0
0394573439	5.0
1589975693	5.0
B004INHQ5W	4.0
0770436250	4.0
1118356853	5.0
0439436559	4.0
0312316739	1.0
0307463451	3.0
067102731X	3.0
0060820810	4.0
0312563558	4.0
1612184243	3.0
0743289684	5.0
0812976886	4.0
074326875X	4.0
B00E8L1MRW	5.0
0307595919	4.0
030795627X	3.0
B00G5WYCD8	4.0
0451411013	2.0
0887307361	4.0
1592400906	5.0
0807108677	4.0
0966016548	5.0
067165716X	5.0
0446546925	5.0
0307409120	5.0
B005H783DW	5.0
B0055PMJMW	1.0
1565071999	5.0
B00FQSC6SA	5.0
0756405483	4.0
0373210264	2.0
068817762X	4.0
0312360037	5.0
1495395693	4.0
0679762671	4.0
1591392535	4.0
0071418717	4.0
0425104397	4.0
1589973836	5.0
0140189785	4.0
B009XGD6LM	3.5
067178546X	4.0
0778317005	5.0
0375411887	5.0
0972072837	5.0
0062083260	5.0
0060569662	4.0
1455547131	5.0
1623360455	4.0
0060987324	3.0
0195176618	5.0
0446529567	5.0
1118288254	4.0
055357292X	4.0
0060740221	3.0
0061547859	4.0
0375410546	4.0
0307271633	5.0
0061097314	4.0
1455526223	4.0
0062083295	5.0
0778327299	3.0
0374105014	5.0
1590309235	3.0
0307456323	5.0
0156033364	5.0
0140280553	3.5
1118119630	4.0
0060531061	4.0
1416525882	3.0
1440721726	2.0
1849232636	3.0
0544108841	4.0
0747212473	5.0
0802117112	5.0
0140196080	3.0
0321267222	5.0
0812931297	4.0
B00EHMFBLA	1.0
0439023513	5.0
0373771983	3.0
1441403868	4.0
0345430816	5.0
0765358549	4.0
0738715433	3.0
0061020001	4.0
0062103326	3.0
0425163571	5.0
0451195922	3.0
0441008364	4.0
0061992194	2.0
1599903423	4.0
054510792X	4.0
0140434240	5.0
0062273205	5.0
0142400777	3.0
1477816909	4.0
1497572320	3.0
0441008356	4.0
0375826688	3.0
1558504206	4.0
0441790976	4.0
0312382278	3.0
1451608470	5.0
0061043532	4.0
0345523903	5.0
0156004801	5.0
0060086246	3.0
1599907801	3.0
0060565233	5.0
B00EN4MRRI	4.0
0892133252	5.0
0786868724	2.0
031242289X	1.0
0143035371	5.0
1940026016	4.0
0756401933	4.0
0425032299	5.0
0062129902	5.0
155921001X	5.0
0895876116	5.0
0671626884	4.0
0140143491	4.0
0375420657	3.0
0312567073	2.0
1469901773	4.0
0385413041	3.0
0446564745	4.0
0553382918	3.0
0812517164	5.0
0345404572	4.0
0385267320	4.0
0812577698	4.0
0375751467	3.0
0802143369	1.0
0307913090	4.666666666666667
0316404152	3.0
0805091343	5.0
0061999695	4.0
1480029858	3.0
1936303485	4.0
014027166X	4.0
0394743989	5.0
0385038550	5.0
159021000X	4.0
0553562738	4.0
0425104346	5.0
1416549706	4.0
0739374532	4.0
1463717091	4.0
0062314254	4.5
0226318141	5.0
B00C74WXBG	4.0
0375728228	3.0
0374161143	2.0
0232525005	3.0
0307275167	5.0
1250028655	3.0
0393311368	4.0
0060558121	5.0
0143034871	4.0
1489538224	4.0
0062305301	4.0
0373892993	5.0
0395938473	1.0
0465024114	3.0
0312261217	5.0
0307265773	2.0
0373777205	3.0
0143036629	2.0
1585091200	5.0
1476752079	3.0
0385676034	4.0
0385742827	3.0
1118410858	5.0
0802714021	4.0
0345421949	4.0
0316013269	4.0
B00I55XQX0	5.0
1400106656	4.0
0156030357	5.0
0441004709	4.0
0060755342	4.0
030737839X	4.0
006087290X	3.0
0547744943	4.0
0199836787	4.0
B00AZUI4H6	2.0
0399157239	1.0
0061671738	4.0
0441013651	4.0
0380790041	4.0
0802715354	4.0
0140074481	4.0
0446617687	3.0
0983212546	4.0
0375406425	5.0
0007340826	4.0
1499195303	4.0
0316328804	4.0
1847481825	4.0
0132339420	4.0
1605299502	5.0
0451458648	4.0
0141012692	3.0
0451410602	2.0
0062006207	4.0
0425257800	5.0
0316079960	3.0
0399159886	4.0
0140007695	4.0
0451519183	5.0
1406810053	5.0
0375508368	4.0
1496177029	4.0
B00GIMVB2K	5.0
0316031917	5.0
0007391595	3.0
0415924812	5.0
0307595110	3.0
0991686039	4.0
1615190457	5.0
0002242052	5.0
034549184X	4.0
038551316X	3.0
039333841X	4.0
1782000755	4.0
0743454529	5.0
0446568260	5.0
0060633875	5.0
1594488975	3.0
037380265X	3.0
0452279690	3.0
0553374451	5.0
0345491866	3.0
0345391691	4.0
0310928044	5.0
1933929693	5.0
B0051AD2AY	5.0
1593761910	5.0
0811871509	4.0
1591023491	5.0
1583225234	4.0
0786018151	5.0
0345533240	4.0
1422157989	5.0
0307599590	5.0
0770436315	3.0
0867167866	3.0
0099481685	2.0
1594487669	3.0
0765318415	3.5
0062090364	4.0
0195367138	5.0
0761462759	4.0
0345526945	5.0
B00II7OXGE	4.0
0061044040	4.0
0977795349	5.0
0316021725	5.0
1782006028	3.0
1936493063	5.0
0380718774	4.0
0671024248	5.0
B00D0S8PZQ	2.0
1933665726	5.0
0380797526	4.0
0803250258	4.0
0765311852	4.0
1568586434	4.0
076533271X	3.0
B00DYUMCPY	4.0
0451463145	3.0
0812995201	3.0
1441174613	1.0
1401940471	5.0
0394562852	5.0
0679722610	5.0
0345417054	3.0
0345513657	4.0
076534033X	3.0
0345491823	3.0
1842124420	4.0
006222560X	4.0
1556612052	5.0
0679722629	5.0
014132113X	5.0
1611099595	3.0
0465056504	2.0
0375714499	5.0
0671004611	5.0
0547585985	2.0
0761537082	4.0
0061431389	3.0
0451231287	5.0
0373297734	4.0
0312322682	3.0
0615552935	1.0
0385339453	4.0
0062200348	4.0
0713991356	4.0
0345533267	4.0
0804138842	4.0
0395860253	3.0
1936220687	4.0
0321501918	5.0
0385339461	4.0
1451670494	4.0
0553573411	4.0
0983573107	2.0
0778328511	1.0
0441003486	3.0
1439171211	2.0
0857686364	4.0
006201451X	4.0
0373803362	4.0
1491078162	5.0
0316204366	5.0
0373210779	1.0
0399152792	3.0
0375758771	4.0
0515128554	4.0
0312278462	2.0
1467931314	5.0
0684832836	1.0
0399149155	3.0
1608192113	5.0
0385535481	4.0
1480563730	3.0
0061719544	5.0
0380008319	4.0
0756407923	4.0
0316153915	3.0
0765328666	5.0
0143120875	5.0
0857686356	5.0
0307279065	3.0
0312890729	3.0
1605293326	3.0
0385534140	4.0
0785185305	4.0
0880016655	4.0
0345468694	2.0
1481038206	4.0
0140187650	5.0
0201433354	5.0
0375403736	5.0
0312643047	3.0
B007WG427M	5.0
1118317378	5.0
1416963790	4.0
0761559272	4.0
0195067142	5.0
0307341542	4.0
0345284208	5.0
0767904087	3.0
0385341695	4.0
1402284675	4.0
155970666X	4.0
0140434135	3.0
1118638174	5.0
0618353674	4.0
0312856830	3.0
0547750315	2.5
0805082379	2.0
0989368009	1.0
030727067X	4.0
0957116209	3.0
1616284994	4.0
019514824X	3.0
140004314X	5.0
0312930445	3.0
038574224X	4.0
0025853503	4.0
0312426054	3.0
0743249925	3.0
1568581491	5.0
0544002318	4.0
0062309897	5.0
039915583X	2.0
B00LMTLV24	5.0
0060899220	4.333333333333333
1118197879	4.0
0815624913	5.0
0316055433	3.5
0312368488	4.0
1416534288	4.0
B00AS37PNE	4.0
031236847X	4.0
0062071130	4.0
0156002108	4.0
0312565860	2.0
B00K4IKBWK	5.0
0862789559	3.0
0299205649	4.0
0805082387	4.0
0385332785	4.0
0375504443	4.0
037570230X	4.0
0763648434	4.0
0312856865	4.0
0312643020	5.0
0345327004	3.0
0399142533	3.0
0886773083	4.0
156663704X	5.0
0982411758	3.0
044101822X	2.0
0786867345	4.0
0671028375	3.0
0486209202	4.0
0399128298	3.0
0061938343	5.0
1605296449	5.0
0006371949	5.0
B006KH5OGW	4.0
0316003409	4.0
0521558182	5.0
0446530220	5.0
0143037404	3.0
0060925175	4.0
0345457145	5.0
0988564319	3.0
0671028367	2.0
0811874680	5.0
B006KXN07G	2.0
0316153990	5.0
0765314878	4.0
0553245945	5.0
0609803670	5.0
0451459539	4.0
0385495757	5.0
1616080116	5.0
014011291X	5.0
0385334516	5.0
1250009189	3.0
B00851M4SC	5.0
0142002100	5.0
0192810944	5.0
0061560944	1.0
0310289475	3.0
0345378687	4.0
0679748261	5.0
0387201092	5.0
0345335511	4.0
0441011616	4.0
0785213066	4.0
1442346965	5.0
0141441178	3.0
1781163049	5.0
0439895979	5.0
0345517318	5.0
080214179X	5.0
0545265355	3.0
1482528150	3.0
054723824X	3.0
1401926916	2.0
1592579779	2.0
0805069380	4.0
0062124137	3.0
031293355X	3.0
158816635X	4.0
1560259302	5.0
0312594410	4.0
0765322471	4.0
0812968972	3.0
0547382634	2.0
0743235355	3.0
0345458427	4.0
0743211383	3.0
0312349394	1.0
0525423400	4.0
1594205337	5.0
0979433703	5.0
160239802X	5.0
0441008003	4.0
0978660285	5.0
1400079187	1.0
0983632901	4.0
0307729915	5.0
0143111965	4.0
067944663X	5.0
0425129551	3.0
0451235088	3.0
0151004714	4.0
1118498135	2.0
1497572207	4.0
0671867369	5.0
007180949X	4.0
0307387739	5.0
0742631230	4.0
0140280464	3.0
160684038X	4.0
0061579521	5.0
0451458265	4.0
0312658907	4.0
1416567216	5.0
0449149900	2.0
0613177185	4.0
0553346679	5.0
0375410864	4.0
B00JIWJ78C	5.0
0345457129	5.0
0307595870	3.0
0671656155	3.0
034538623X	5.0
0307454231	4.0
0553502719	1.0
006207993X	5.0
0446403237	4.0
0544025830	3.0
0449149919	4.0
0985081821	5.0
0446535931	3.0
0757305741	5.0
0765337517	5.0
0786016345	1.0
0399537287	3.0
0307474615	4.0
1118488768	5.0
0575081384	4.0
0307394972	5.0
0801889936	5.0
155571532X	4.0
0758204957	3.0
0375866566	5.0
0743482956	5.0
0684834588	4.0
B00DYEBOM2	4.0
0953881059	5.0
0767928881	5.0
0061840300	2.0
0142420980	1.0
0345335457	5.0
0312364105	1.0
0060959355	3.0
031299446X	1.0
0306807386	4.0
0786884770	5.0
0553381946	5.0
0373892411	5.0
0470223073	5.0
0061974056	4.0
0192834088	4.0
B00EFAKCSQ	4.0
1481987712	3.0
0060534044	3.0
B005F0H7BK	2.0
0345291417	4.0
0452298482	3.0
0307394956	4.0
0316003395	4.0
0140434941	3.0
0140449191	5.0
0765334437	4.0
0982582374	5.0
1599908417	4.0
030745195X	5.0
074326164X	4.0
1450560180	2.0
0380791269	4.0
0385518137	5.0
0547548443	3.0
0446520802	2.0
0312421133	4.0
0316003387	4.0
0062015052	5.0
0805091203	3.0
0307907317	4.0
0002311216	3.0
0451457897	3.0
0061233501	5.0
0684868792	2.0
0306809133	4.0
1931520119	5.0
0330419722	3.0
1481845535	3.0
0345523962	5.0
0345505336	4.5
0399150978	4.0
0441715923	5.0
0670889679	2.0
0553384163	4.0
B00AG9X0R0	4.0
1250005655	3.0
0195021827	4.0
0099244926	2.0
0441011594	4.0
0061057096	4.0
B00C0CLCXU	3.0
0739456741	5.0
1250005647	3.0
0061668214	3.0
0807044695	2.0
0307955893	5.0
0802473156	5.0
080508715X	4.0
0140434976	5.0
0689708122	4.0
0761459022	5.0
0091794463	4.0
0385515057	3.0
0375405445	4.0
0060882352	4.0
0641934173	5.0
0307463907	5.0
0375890246	5.0
0802473164	5.0
B00IN62OX4	3.0
0547959109	5.0
0307743349	5.0
0345384466	5.0
0545490073	4.0
1556436211	5.0
0679722599	5.0
0679747877	5.0
0380769328	3.0
006112429X	5.0
0307946924	2.0
0470170743	2.0
0374514003	5.0
0345523997	3.0
0312382855	4.0
1419339788	4.0
0307378888	5.0
0915145693	4.0
0399159347	5.0
1938426568	4.0
0140179178	3.0
1423163001	4.0
1455528064	5.0
0440204321	2.0
0060792450	5.0
0547516894	5.0
1494879190	4.0
0785132732	5.0
0684811073	5.0
0812968123	4.0
0553386786	5.0
1608320901	4.0
0446525677	4.0
0061245585	5.0
0385501293	4.0
1449401163	5.0
0062267582	4.0
1938426576	3.0
0380726254	1.0
1416550402	2.5
0374530114	4.0
1591843790	2.0
0142416894	5.0
0007259883	5.0
0785271813	5.0
0307599469	3.0
0385425767	4.0
0671755064	4.0
0553109200	3.0
0307889033	4.0
0312368569	4.0
188331870X	4.0
0061924601	1.0
1469204304	5.0
B00J0O6SU8	3.0
1606841734	1.0
0441012027	4.0
0345420748	4.0
0451201744	4.5
0156717204	5.0
0811860981	4.0
0060394072	3.0
0812982444	4.0
0340920246	4.0
0375414339	5.0
B006T88RNE	3.0
0761461302	5.0
1612000746	4.0
0307342018	3.0
044900483X	5.0
0340646837	4.0
0143145347	5.0
0688026192	5.0
0886778697	5.0
B00IP8459G	4.0
0857385178	5.0
0761516042	2.0
0375701044	4.0
0953881016	5.0
1442420529	4.0
1416575731	4.0
0451410351	2.0
037550883X	2.0
1470157845	5.0
0671001256	4.0
0812993144	5.0
0130836176	5.0
0765309408	5.0
0143104888	5.0
0312370830	4.5
0141182571	4.5
0316218952	5.0
1401341195	2.0
B00IVD0B66	4.0
160684170X	2.0
0770436404	5.0
0345331915	3.0
0060852577	5.0
0312860951	5.0
1442445807	3.0
055324633X	3.0
0843952016	5.0
0982972997	2.0
B0057OC8MM	2.0
0375831002	5.0
0679640886	4.0
0062014552	3.0
1400074290	5.0
1483981967	4.0
1477808647	3.0
0062027875	3.0
0375402314	4.0
031609983X	4.0
0762437405	5.0
0141000511	5.0
0807843490	4.0
0062213784	2.0
0756403456	4.0
0345447859	3.0
B004ISLQCQ	4.0
0295979623	3.0
1400067200	4.0
1461058821	3.0
0525953728	5.0
078671641X	3.0
1594485186	5.0
0141026162	3.0
0345504968	3.0
1400069866	5.0
0061960306	5.0
1401939295	3.0
1439190291	5.0
1935558102	5.0
0142412562	4.0
1564782131	4.0
0684839342	5.0
0062048651	4.0
0312876513	3.0
1591026334	1.0
0765312182	4.0
1612184464	5.0
0753516888	5.0
0310243165	5.0
0316603287	1.0
0765328550	5.0
1400202140	4.0
098402090X	4.0
0385743459	2.0
0345342534	2.0
0679721975	5.0
0312334354	5.0
B00E7XUGM8	4.0
0375404945	4.0
0688149774	4.0
0743554434	5.0
0062094572	4.0
0062103105	3.0
1497435900	4.0
0553095021	2.0
0991068424	5.0
0758284047	4.0
0446363669	1.0
0979518288	4.0
0895267845	4.0
0316044695	5.0
1596917032	4.0
0425100650	3.0
0140434011	5.0
1425304737	2.0
0062201808	3.0
140006984X	5.0
030758903X	5.0
0899332536	5.0
0615599001	4.0
111830859X	4.0
0743575318	4.5
B009VMBM4Q	5.0
0062094599	5.0
0375411216	4.0
1250023505	4.0
0743220137	1.0
0811201856	4.0
0312658850	4.333333333333333
0061147958	3.0
1416591826	1.0
0394571053	5.0
0312864590	3.0
0679442324	3.0
037543190X	4.5
0393323943	5.0
037321085X	4.0
B00JCZQVF2	5.0
0316011770	3.0
052548146X	5.0
0304359491	3.0
1594488258	4.0
0451238079	4.0
0060853972	4.0
1416989412	4.0
0307273601	5.0
0143142372	3.0
0804164851	3.0
0385494505	5.0
1455523305	5.0
0847825043	5.0
0671625713	5.0
0727840134	4.0
0300112130	5.0
0891344179	5.0
0312429215	5.0
0316182540	5.0
0307593967	5.0
1570621462	5.0
1605292788	5.0
0140440739	4.0
0007410956	5.0
1400034337	4.0
0425133516	5.0
0201835959	5.0
0756402190	4.0
0345253892	4.0
0071600639	4.0
B00ARE0R6Q	4.0
0307463214	2.0
030681434X	4.0
0316056634	5.0
0312649916	4.0
0385514654	1.0
0140435387	5.0
0451197038	4.0
0140186409	4.0
1416989439	2.0
0312358342	3.0
1482088495	4.0
1250058236	4.0
1598491148	5.0
0547624573	4.0
0340821191	3.0
0553813129	5.0
0143038605	5.0
0743233492	3.0
039330700X	4.0
044022179X	5.0
0345333675	4.0
0446602388	4.0
0805095535	4.0
0385524854	3.0
0062073699	4.0
0060740450	4.0
0061054860	3.0
0195314395	5.0
0952614766	4.0
0345531701	5.0
1569479755	1.0
0385177259	4.0
006135323X	5.0
0743216903	3.0
0345501845	5.0
0802131654	4.0
B004NSV8JC	5.0
0307717860	5.0
0785100490	5.0
0756409616	5.0
1493677233	4.0
0061002828	4.5
0766136531	2.0
0321544080	1.0
0684830159	4.0
B00F8HCAQW	3.0
0345531736	5.0
0061345660	4.0
149229750X	3.0
0805091157	4.0
1612183182	3.0
0451458338	4.0
0385502621	4.0
0553813110	3.0
1595143084	2.0
1933515139	5.0
0062012614	3.0
0865715734	3.0
0525951938	5.0
1469984202	4.0
1608090299	4.0
0307277186	5.0
0061054879	5.0
1589799526	5.0
0765309394	4.0
0300140169	5.0
0373892241	2.0
1452605165	5.0
0310200059	4.0
0765313405	3.0
0805074600	5.0
0544077792	5.0
0307700127	2.0
039332267X	5.0
0684863022	4.0
B009XGIHES	5.0
0394711823	5.0
0765313472	4.0
1423464958	2.0
0380012510	5.0
1620402831	5.0
B00COUXBZA	5.0
0345492471	4.0
0060738170	4.0
030726291X	4.0
0857661159	5.0
0060906111	3.0
0743293991	3.0
1472801253	4.0
0446528072	2.0
0062220969	4.0
0023456108	4.0
083083446X	3.0
1416590587	4.0
1492807192	3.0
0679805273	5.0
1608198367	5.0
0545333024	4.0
0316126489	4.0
0061057940	2.0
0316068675	5.0
0553062182	4.0
0060184957	1.0
0099429799	5.0
024082122X	3.0
0345457242	4.0
0393051242	4.0
074327041X	4.0
0224016067	4.0
1932690131	4.0
0385485662	4.0
0679404937	5.0
0425072959	3.0
044657788X	3.0
044652803X	5.0
0374105677	3.0
1401938809	5.0
0425037738	4.0
0553588214	4.0
1405005823	4.0
0345457250	3.0
0439227143	5.0
0060528095	4.0
067973743X	4.0
0307454355	5.0
0521408482	5.0
0553239317	5.0
0399150811	3.0
1461073545	2.0
0765331268	4.0
0393061434	1.0
0743298853	4.0
0394568354	3.0
1400074304	3.0
0061689246	5.0
0141186860	4.0
1406330337	3.0
1935562274	5.0
0440201330	3.0
1416594981	1.0
0380818612	4.0
0867196149	1.0
0805092439	5.0
0385735030	4.0
0765331284	4.0
1938404238	4.0
0895267063	5.0
1590594703	3.0
038080798X	4.0
0199759898	4.0
1612186173	4.0
0978924681	4.0
1606841696	5.0
0470648279	3.0
0393035158	5.0
0380770229	4.0
159463047X	3.0
1469215950	4.5
0345460057	3.0
B00B07JXI2	4.0
0099525895	3.0
0060514337	4.0
0330442325	5.0
0345339703	5.0
0307886972	3.0
0895260417	2.0
0446609846	3.0
0762438819	4.0
0399149864	4.0
067972110X	4.0
055338404X	5.0
0898798094	5.0
0316777730	4.0
1476741182	5.0
0811202267	5.0
0375431101	5.0
0765309386	4.0
0061710245	5.0
0465006930	2.0
142140530X	3.0
0671799320	5.0
0830815341	5.0
0446514284	5.0
0756400309	5.0
0470618426	5.0
0141439629	5.0
0743570537	5.0
0307710319	5.0
0316049441	4.0
0060931930	4.0
0765309378	5.0
0316154520	5.0
1602396485	5.0
0061710253	3.0
0446605468	5.0
1466408715	4.0
0449005429	5.0
0393041840	5.0
1611091470	3.0
044650534X	4.0
0802120040	4.0
1599901099	5.0
0060175966	4.0
0618982728	3.0
006128856X	3.0
1404187804	3.0
0786867248	3.0
0385532504	1.0
0060590033	5.0
0765332574	4.0
1416558454	1.0
0978924622	5.0
0195041518	4.0
033050603X	5.0
1552853519	5.0
0062201050	4.0
0061565989	4.0
034552277X	3.0
149040709X	4.0
0446691402	5.0
0451458427	4.0
030770095X	3.0
1416550518	4.0
0810993279	5.0
0842382127	4.0
0399162879	5.0
0743277996	4.0
0321555562	4.0
1582403589	5.0
0765340135	3.0
0345533461	5.0
1477808701	5.0
067974598X	4.0
0316666009	3.0
B00I1VX9YO	4.0
0684180561	3.0
1482698234	3.0
0395939186	4.0
0307381714	5.0
0316010405	5.0
069113989X	5.0
0671469924	5.0
0399159215	4.0
0984493212	3.0
0380017458	5.0
0810940728	3.0
0143115693	2.0
0756401674	4.0
0061160903	4.0
0345313151	2.0
0440242711	2.0
1442346272	4.5
0553384031	5.0
0006393195	4.5
0802119093	5.0
0143118706	3.0
0394741188	3.0
0989812812	5.0
0307931900	5.0
B00K1T4146	4.0
0143145444	5.0
1936220016	4.0
1612183980	4.0
0802870104	4.0
0679313370	4.0
031604461X	4.5
0878331824	4.0
0486433595	4.0
0061147931	4.5
0979518202	3.0
0446525774	2.0
B006G66YTS	3.0
1563054345	4.0
0385188714	2.0
0062027794	3.0
0062545035	4.0
1401942822	4.0
B0074WE602	5.0
0374380864	1.0
0310209307	5.0
0670886696	5.0
0451457951	5.0
0557130743	5.0
1602861226	4.0
0979624606	4.0
0547336055	5.0
0743267745	5.0
0765309300	3.0
1782004092	4.0
0006547133	4.0
0307273555	5.0
1469237318	5.0
0312951426	5.0
0312656270	1.0
0062279661	5.0
0553583425	3.0
0345314433	3.0
156947057X	4.0
1426202741	4.5
0307273563	3.0
067443000X	5.0
031092605X	5.0
0441012175	4.0
0451456629	5.0
1416542949	2.0
1587150255	4.0
0345444884	5.0
0805090614	5.0
0062094505	4.0
0778314103	3.0
1940511011	3.0
B003GXEU90	5.0
B00AXOP7MY	5.0
0385336187	5.0
0307381722	5.0
0679731334	4.0
0062015761	5.0
0306815729	5.0
0399153934	2.0
0062280678	3.0
0143115626	4.0
0446690953	5.0
0312981295	4.0
1939905001	4.0
1573929727	5.0
0304356352	3.0
B006R8KEF0	4.0
0765321858	4.0
0761459790	4.0
0385336195	3.0
0805208984	5.0
0486280020	4.0
0385504454	5.0
1482779242	4.0
1566562007	4.0
0061173932	3.5
0199832676	4.0
1482582309	4.0
0156806541	4.0
B00AFB653K	4.0
148022538X	3.0
1444727338	5.0
0345460944	4.0
0307456625	4.0
0802118739	4.0
0062331159	4.0
055357549X	5.0
0805083499	5.0
159017013X	4.0
B00DF5HRDK	4.0
0316069434	4.0
0618304002	4.0
0446353973	4.0
1416595031	5.0
0316690619	4.0
0061720771	3.0
1451657706	5.0
0380844001	4.0
0805066934	5.0
0151001006	4.0
B00DTBDVK8	3.0
0062090062	5.0
0061671266	4.0
0375725601	5.0
0312872283	4.0
0192835610	5.0
184416294X	5.0
0060825197	4.0
0345446666	5.0
0787961485	2.0
0982290268	5.0
0684854848	5.0
0099728605	5.0
B00DPYZZXA	5.0
0881848972	5.0
0446345075	3.0
1441850457	5.0
1931082669	4.0
0060957875	5.0
1401234720	3.0
0373210523	4.0
0345282272	5.0
0061561622	3.0
0801012945	4.0
0062048503	4.0
0060004878	3.0
057507180X	3.0
1555972241	5.0
014311526X	3.0
0060753838	4.0
B008UOTR4I	3.0
0399153446	2.0
0307461181	4.0
0807100196	5.0
0553592882	5.0
1559702028	4.714285714285714
0307379930	4.0
0801027160	5.0
0761461914	5.0
1406337609	4.0
031623480X	5.0
0743269764	5.0
1555913024	4.0
0517436337	5.0
0307406334	4.333333333333333
0692208143	3.0
0307596907	1.0
0316001821	5.0
0062077902	4.0
B00GDIB51Q	5.0
1484029402	3.0
0385376111	3.0
0743203941	3.0
1400095816	5.0
0316069485	3.0
0812978951	3.0
B0088JJ74K	3.0
0883682060	5.0
0739458213	5.0
1586421867	4.0
0345537122	5.0
0785297324	4.0
0345534093	2.0
030727263X	5.0
0679418377	5.0
B00K0EE0RK	4.0
0767924703	2.0
0786303158	5.0
0330493108	5.0
0307740994	3.5
0520071662	5.0
1455512796	5.0
1931643229	3.0
0312286252	5.0
0814404804	1.0
0140440607	4.0
0553103237	5.0
1414301030	3.0
1569246815	4.0
0399145869	5.0
0061894443	5.0
0743537599	4.0
149964244X	3.0
0385052219	4.0
0375870415	5.0
0375705163	5.0
0595474357	5.0
067977257X	5.0
0375503757	4.0
0399166793	5.0
0758606516	5.0
1880226359	5.0
0684843323	4.0
0307952193	4.0
0099244721	3.0
0312870493	2.0
0446531316	4.0
1423374827	3.0
0345539788	5.0
1573830666	3.0
0312095511	5.0
0765315963	4.0
0937381888	5.0
0345346890	4.0
1594744637	4.0
0765309297	4.0
0060753870	5.0
0062001833	4.0
0140434798	2.0
030788743X	5.0
0802472974	5.0
0375870423	4.0
1936493411	4.0
0192852132	5.0
0060739592	4.0
0312384378	5.0
0385376154	4.0
0140432116	5.0
0143170090	4.666666666666667
0385663978	3.0
0743273850	3.0
0446401269	3.0
0307381366	2.0
0061537934	5.0
1936493446	4.0
0345537165	5.0
0393064891	4.0
B00B5I6PXC	5.0
1416558934	5.0
0515089931	5.0
0345537149	5.0
0345496973	5.0
0789749335	2.0
042524654X	4.0
0060291702	4.0
156947415X	3.0
0553577255	4.0
1582346380	1.0
1416591540	4.0
0451150619	3.0
1416546979	5.0
0399152199	2.0
1937715205	3.0
0807830410	4.0
0316686565	3.0
0545381886	4.0
0373210582	3.0
0375412824	3.0
142692996X	3.0
0307908038	5.0
1493752650	5.0
039592720X	4.5
0615833004	4.0
0374286000	5.0
1626810915	3.0
B0089EHIA4	5.0
0345534921	4.0
0061824550	5.0
1493759256	4.0
0312977360	4.0
0886772370	5.0
1932595260	4.5
1925086550	5.0
1934781290	4.0
0743273818	3.0
0470553731	4.0
0132876590	3.0
084395969X	4.0
1439180725	3.0
0061706493	5.0
1416986200	5.0
0393308278	5.0
1495927857	4.0
0062001817	4.0
0316069418	5.0
B008C3HIIE	4.0
0802481833	5.0
0312865198	5.0
B00HXXE5Q2	5.0
0399155147	3.0
0679721037	4.0
0385289235	4.0
1596437715	5.0
0449911837	4.0
0138138109	3.0
0156031361	4.0
0307950395	2.0
0756408113	4.0
0525954376	3.0
0143170104	3.5
1416544364	4.0
B00HLX9Z3C	4.0
0761457909	2.0
1591844495	3.0
1423113381	4.0
0307265439	5.0
0307460681	5.0
006225930X	5.0
0307381439	5.0
1598561723	5.0
074356619X	5.0
0306819155	2.0
0192804456	3.0
0142002267	5.0
0061689378	4.0
B004WPCN2C	5.0
1596911069	3.5
0064402053	5.0
1492973327	5.0
0761453512	4.0
1934602272	4.0
0805088296	4.0
0312862938	2.0
0756661323	5.0
0441000681	5.0
B00H3TQD9S	5.0
0140386645	5.0
067003150X	2.0
0399145796	4.0
039915776X	3.0
0007240198	2.0
0062066315	4.0
0982184107	5.0
1595542116	4.0
080508827X	1.0
031287054X	4.0
1843546299	4.0
0062132393	4.0
0345452550	4.0
0451184963	3.0
0307265412	5.0
1625969996	4.0
1590176235	5.0
0440507049	4.0
0151010897	4.0
1455121924	4.5
0671739166	5.0
1480094358	4.0
1604190043	5.0
0307987647	4.666666666666667
0609607839	4.0
0307700887	5.0
1250001048	5.0
B00AQJRYWC	4.0
006074104X	5.0
1493756168	4.0
0312384394	2.0
0140433430	5.0
0307459659	4.0
1250014360	5.0
B00DC71HQY	5.0
0515102652	3.0
0805082921	4.5
0061782246	3.0
0517128489	2.0
0142429104	3.0
B00KHHOUKW	3.0
0192803166	3.0
030795479X	3.0
0571205828	4.0
006095955X	5.0
0843961139	4.0
0312981341	3.0
0449219771	5.0
0843962461	5.0
038534757X	5.0
0486206432	5.0
0373892691	3.0
0312952813	5.0
1455124168	3.0
030740580X	3.0
0143038915	5.0
B00I481H7A	4.0
0394576284	4.0
1416555080	3.0
093968098X	4.0
0553380834	4.0
0345389913	5.0
0307744434	5.0
0345459148	2.0
0606262520	5.0
0615287441	5.0
0345460138	3.0
0330326481	5.0
0679643745	3.0
0307720454	1.0
0425144062	3.0
0385336039	3.0
0060572140	4.0
0345341988	3.0
0060593083	5.0
0199540039	5.0
0671201581	4.0
031600538X	4.5
188301123X	5.0
0515134279	3.0
0439139597	5.0
B00FWEG7OW	4.0
0345501179	3.0
1439138311	2.0
0547628382	4.0
0061030635	2.0
0547576722	3.0
1416596402	4.0
0393311066	4.0
055299703X	4.0
0553384368	4.5
B009ZP5NSK	4.0
1582345910	3.0
0385303122	4.5
0062069403	2.0
0062001043	4.0
057803395X	4.0
0857665154	3.0
0679781501	4.0
1416986189	5.0
1481918087	4.0
0399160566	4.0
031256998X	4.0
B0051PR7WI	5.0
1590307763	5.0
0446580287	4.0
1572247088	5.0
0399146253	4.0
0812975928	4.0
0143116649	5.0
0099448793	4.0
0380805294	3.0
0316081051	5.0
0521708168	4.0
044111590X	4.0
1401930735	3.0
0805427880	4.0
0553593315	4.0
0307593924	5.0
1496155173	5.0
1933909757	4.0
0006550436	4.0
0345298683	5.0
0142001805	5.0
0192840908	5.0
0062070401	3.0
1456563289	3.0
0553383051	4.0
8836548288	5.0
0758225261	3.0
0547247753	5.0
1451636059	3.0
0312427999	5.0
0802120199	4.0
B00AVA4NGQ	4.0
0345523318	5.0
0307951634	3.0
1469241943	5.0
0307408973	5.0
026201548X	5.0
0451458907	4.0
1587674211	4.0
0060952911	4.0
1580231837	5.0
0440111323	5.0
0307406318	5.0
0385536186	5.0
0060884347	3.0
0575075341	3.0
1469204991	4.0
0679439382	1.0
0399148019	5.0
0547712154	4.0
1492305413	5.0
0843961198	3.0
0316081078	5.0
0061967556	2.0
031608106X	4.5
1461005388	4.0
0470599154	2.0
0345524659	3.0
0226770990	5.0
0312203039	4.0
147780885X	5.0
0345523342	5.0
0977240606	4.0
0393061744	4.0
055338564X	5.0
0340734116	3.0
159184133X	1.0
1482027534	1.0
1453239340	5.0
0967346657	5.0
0375413227	3.0
006178480X	5.0
0307593916	5.0
034550111X	4.0
0451458923	5.0
0060506652	1.0
0374531641	5.0
1490988475	5.0
0345524683	3.0
0425158640	4.0
0307352072	5.0
0310250285	4.0
0446609757	4.0
0679732543	5.0
0060794410	5.0
0140291806	3.0
0143117920	4.0
0349104662	4.0
0756405963	4.0
1594746443	4.0
031242972X	4.0
0765320401	4.0
0758225229	4.0
1451616422	4.0
0345452593	3.0
0886778492	4.0
0345522028	5.0
0316010707	5.0
0060574747	4.0
0060750863	5.0
0547816561	5.0
0061230936	5.0
0679766626	4.0
0385536208	5.0
1250024633	4.0
0307984737	4.0
1400069629	3.0
0767931122	4.0
B00JBTNXUA	4.0
0312872399	4.0
1416508945	5.0
0451451538	4.0
0804136572	5.0
0451199871	5.0
0062246933	2.0
1442421762	4.0
1939003008	4.0
0989269868	5.0
1609618246	5.0
0857662295	5.0
0061950726	5.0
B00CB8801A	4.0
0312429894	2.0
0375865802	4.0
0385742371	4.0
1442421797	4.0
0060086602	4.0
B00D0MMUEO	4.0
1609804783	4.0
0312658656	4.0
0060529148	5.0
0446563072	5.0
0307464342	5.0
0743218035	4.0
0330450972	2.0
0307984761	3.0
B00F0J9USO	4.0
0199291152	4.0
0985098171	1.0
159414589X	5.0
0345441036	4.0
0547734360	2.0
B009HCWLHM	4.0
0281060908	3.0
155571708X	1.0
0061965804	4.0
0345413881	3.0
0811215865	5.0
0385241933	4.0
0345538552	3.0
0802713963	3.0
0805095330	5.0
0140441840	5.0
0345413873	3.0
0521618266	4.0
015202493X	4.0
1612182070	5.0
0451528565	5.0
1936493586	5.0
0989269833	4.0
0307361047	5.0
1560257075	2.0
0380486032	4.0
0061490008	5.0
1885211651	4.0
161218510X	4.0
0307444732	3.0
0451222725	4.0
0778329429	3.0
0062073427	5.0
0143144790	5.0
0449012751	5.0
030758836X	4.666666666666667
038072846X	5.0
1433506327	2.0
0452297907	5.0
0312862180	3.0
0544226275	4.0
0375849726	4.0
0345274563	3.0
1416595163	4.0
0061142050	4.0
0373803427	4.0
0739354574	5.0
0060838582	3.5
0062207393	4.0
0002247399	5.0
0805069054	4.0
0786269669	5.0
0375409122	4.0
1422184234	5.0
006196140X	2.0
0547149255	4.0
1934356468	5.0
0312340826	4.0
0061490024	4.0
0449213447	4.0
0061962740	3.0
0061230944	4.0
0375501290	3.0
0062267884	3.0
1565076370	5.0
1481859242	4.0
1576756009	4.0
1461174716	3.0
0312853238	5.0
0316010669	2.6666666666666665
1402224265	5.0
0345503805	5.0
0805092293	5.0
0062233653	4.0
1451628471	3.0
0520216369	3.0
0887392431	3.0
0345540875	4.0
0399149287	4.0
0201406497	3.0
0684190222	3.0
0099507390	4.0
0345325818	4.0
0140255125	4.0
0060391685	5.0
078177327X	1.0
0755201566	2.0
0316196134	5.0
0061787744	1.0
0345506073	3.0
0446531421	5.0
1594203229	5.0
0316132942	1.0
B009XGD2DY	4.5
0345543939	5.0
0345542606	3.0
0451459407	5.0
0316196126	5.0
0345506065	3.0
0843963603	4.0
0553586211	3.0
0802714471	4.0
0307270777	4.0
0062059939	4.0
0989798321	5.0
0882894560	3.0
1597801941	4.0
060617110X	5.0
0553103334	4.0
0520081145	5.0
1442497815	5.0
0060502932	5.0
0061137588	3.0
014043464X	4.0
0380788144	5.0
0143038826	5.0
0140442286	4.0
0312605250	5.0
0886777984	5.0
0803738897	2.0
0307740846	4.0
141791713X	5.0
0374322287	3.0
0070655111	4.0
1250010063	5.0
0385267746	5.0
0785214038	2.0
0140442278	4.0
0756405009	5.0
B001V9KG4E	5.0
0380788152	4.0
0307740838	4.0
0300030797	5.0
0679730613	5.0
0451202287	2.0
0441089348	4.0
0192831992	4.0
0451219945	4.0
0689828896	4.0
0385729324	5.0
0451458125	4.5
0345287819	4.0
0062118811	4.0
1623700035	3.0
0765305615	4.0
0345517695	4.0
0310269520	2.0
0374524327	4.0
0441006183	4.0
0812975146	4.0
0345543971	4.0
1933615982	5.0
B00GWUNLL2	4.0
0385729332	5.0
031612091X	5.0
1401310915	4.0
0553763032	4.0
0441012841	5.0
031220079X	4.0
160809006X	5.0
1612182925	5.0
1493692658	3.0
189694468X	4.0
1423399269	4.0
0062135317	5.0
0345376595	5.0
0743267052	5.0
0062085484	3.0
B005EDNH1C	3.0
0316197416	3.0
0312243022	5.0
0345341007	5.0
1403392048	5.0
044653143X	4.0
1565126297	3.0
1439153019	5.0
1770492682	4.0
B00JGJB5E6	4.0
0385729359	4.0
0062283014	4.0
0307270742	4.0
0061438456	1.0
1936493527	5.0
0843959584	5.0
0983277419	3.0
1885395388	5.0
0373803494	3.0
0452282020	4.0
0684824906	5.0
1469208547	5.0
0553763008	5.0
0812502469	3.0
1494715228	3.0
0451417631	3.0
0312872380	4.0
0446603422	3.0
0802119336	4.0
0679644318	2.0
1594482349	2.0
0446527327	5.0
0316211338	5.0
0399156356	5.0
0393060349	3.0
0310231876	5.0
0140374566	5.0
0385327838	5.0
0380792273	5.0
1494400626	4.0
1495470024	5.0
0393308189	4.0
0446676454	2.0
0399156348	5.0
014037454X	3.0
0380804697	3.0
B00KAFX90I	5.0
0441009123	3.0
1439176566	4.0
1599903059	4.0
B00CTRLBUA	3.0
030745715X	3.0
0312868367	3.0
0140443533	3.0
1840680059	3.0
0307986497	2.0
0679747567	4.0
0345414349	5.0
0812979567	1.0
B005H8KZWS	5.0
0767930614	4.0
0553573861	4.0
0312848706	3.0
0061231452	4.0
1601425163	4.0
0140171991	4.0
0984799125	5.0
0140258264	4.0
1118077733	4.0
0156551527	4.0
0812980549	5.0
B007X84DRS	3.0
0316166316	3.0
149225360X	4.0
0060575913	5.0
0765332388	4.0
0451216954	3.0
0140430210	5.0
0983795223	5.0
B00CQYAWAG	4.0
0099478447	4.0
0143114964	5.0
0061726826	4.0
0307879178	3.0
0394502787	4.0
0393064743	5.0
1480269727	4.0
1579653979	3.0
0061784796	5.0
1482648601	5.0
030728090X	3.0
0756408032	4.0
1118017218	3.0
0736902082	5.0
0758250932	4.0
1425997457	5.0
1586484745	2.0
0330258648	5.0
0071591060	5.0
0340933895	5.0
1626810079	4.0
1416594787	4.0
0553588958	3.0
B0084AYM0M	3.0
055358894X	5.0
0312421036	5.0
1579653987	3.0
0156006243	3.0
1494721961	5.0
0470120150	5.0
1582431337	4.0
0007124015	4.5
0140060286	4.0
0764553917	3.0
B00A1ENUM0	4.0
0545597587	4.0
0806113154	4.0
0553386018	4.0
0060925485	3.0
0804113971	3.0
0440423627	3.0
0743296419	5.0
0802844456	4.0
1442439890	4.0
0312938640	4.0
0345504348	3.0
0451199901	4.0
0316196142	5.0
0452287677	3.0
0385739680	4.0
0140390529	4.0
0312205511	5.0
0739359339	5.0
1616084464	4.0
1612181538	3.0
0312554168	4.0
B00AW1G31W	3.0
1455503053	5.0
148412510X	5.0
1416900667	3.0
0800783948	5.0
006095969X	5.0
1414385544	5.0
1476749787	4.0
0195369319	3.0
0441005608	4.0
0345332903	5.0
1591025648	4.0
B00FO0O8HW	4.0
0312674724	4.0
1844164039	4.0
0884482839	5.0
1402266839	4.0
0062224735	4.0
0553296981	5.0
0743496728	4.0
0345479718	4.0
0061056480	5.0
0671047337	3.0
0316213101	5.0
0140115854	5.0
0786114398	4.0
0738202703	5.0
0307352145	4.0
B00EO6R1N0	4.0
0743292901	4.0
0812571088	4.0
0316528692	5.0
0957346409	3.0
0345543041	5.0
158333291X	1.0
0801065410	5.0
1580801307	4.0
0804137978	3.0
0140440410	5.0
B00730AED8	5.0
0307275558	3.0
0345535405	5.0
1426210191	3.0
0195396901	4.5
0985589930	5.0
0312368461	5.0
0141039280	3.0
073571374X	2.0
0316035904	5.0
014241543X	5.0
B004G095S8	4.0
B00J2E44V6	3.0
1594745021	4.0
0380730820	4.0
031285630X	5.0
078515969X	3.0
0007386648	4.0
0425091805	4.0
B005I0GWDG	3.0
0451204972	1.0
014241980X	4.0
0099453193	4.0
1565073282	5.0
0199537194	4.0
B007LBD71A	3.0
0312275420	5.0
0312428510	4.0
038079229X	3.0
0312369727	3.0
0330517783	4.0
0060798904	5.0
0345803485	3.0
145169489X	3.0
0312336853	3.0
1492297283	4.0
1423121996	5.0
076145649X	5.0
0312890214	3.0
0449014509	3.0
0451204948	4.0
0061579084	5.0
B008HW917Q	3.0
0807003190	5.0
0983097615	5.0
0375506101	1.0
0446583405	3.0
0671319728	3.0
1416948635	1.0
1416551662	2.0
0062095625	3.5
0006512275	4.0
1478153768	5.0
B00GX2AVIU	3.0
1401302513	4.0
0345382323	4.0
0061564818	5.0
1568983549	4.0
0761459545	5.0
0380471752	4.0
0345497589	4.0
0615637086	4.0
0671023373	4.5
0752827804	3.0
0375703373	5.0
0345413903	3.0
