B00BD2PT8M	5.0
0545170931	4.0
0578124114	3.0
1482719762	3.530776992936428
1455548987	4.7804127443881255
0989740617	4.016248153618906
B00AQPPJMS	1.0
B00I4ABC3W	4.0
0778315576	5.0
0985817089	3.9411425274091174
B008MFVPBI	4.0
B00D3OB9U0	5.0
0989713482	4.0
1482596709	5.0
B00HGI16I4	4.0
1426925336	5.0
B00I4ZIZ9Q	5.0
B00B6LRUOG	2.0
149099792X	5.0
0578125439	4.4362416107382545
B00AKCVNX6	1.0
0062130870	2.0
B00I2WJHUW	5.0
1483918777	3.782902137232846
B00FYVY2CM	4.0
1497305756	3.0
1483920607	4.121552604698673
B00AQR4R9M	5.0
1625720033	4.0
1492141372	4.0
0985817097	4.704353476283301
B00KQ4FVLS	3.0
148390329X	5.0
0345528840	3.0000000000000004
1491092440	5.0
0142181129	3.0
1630350060	5.0
B00CNKYU56	4.0
0993737048	4.0
1481922726	4.0
B0062O8IN4	5.0
150032048X	5.0
B00BORG19C	2.0
1497454999	2.0
1484920066	4.999999999999999
1493755544	4.0
0312946848	3.0
0988812541	3.0
B00KFUJX58	3.0
1455550833	4.605263157894736
B00IMPIPX4	5.0
1481252143	5.0
B00GL6FUMU	5.0
0988715805	5.0
B00GLOJ58W	5.0
1492215732	5.0
1499108826	4.0
1482692163	1.0
1455578363	2.715362865221489
0263899403	4.164958061509785
B008A7RI8W	5.0
1939927196	5.0
B00FLKR9BW	2.0
1491274204	3.3263841421736156
0373778287	4.0
1477694919	5.0
1479359084	5.0
0615822991	5.000000000000001
1493632639	5.0
1452854343	5.0
1493625489	2.0
0821773836	5.0
1490543112	5.0
B00BSGY7J0	5.0
0989373827	4.702127659574468
B00DIAP6IA	4.0
0345541820	4.0
1493768824	5.0
0989539113	5.0
B00BSXWWNG	2.0
B00D048R6W	5.0
061579615X	3.477858293075684
1938789105	5.0
1477817506	3.9546846295162275
1481060139	4.0
1482695693	4.0
1481268503	4.0
0988812517	4.289759420906962
0989283410	5.0
1493763121	3.0
0989740633	5.0
1494244381	3.0
1480125717	5.0
149298079X	4.500000000000001
0988334836	1.0
1480089133	5.0
0983398038	4.0
0615613969	3.0
B00BUYLEGO	2.8800827015851134
0061245089	4.0
1455578347	3.4480885732191355
1484090306	3.0
0425236552	3.0
0373778295	4.020851951146857
1611188296	3.0
1455599271	4.0
1467980757	5.0
1494724693	5.0
1490973931	4.0
1499190433	5.0
1623800188	5.0
0989373843	5.0
148261376X	3.7719928186714546
1451649916	5.0
1482086557	3.0
0758231253	5.0
1482008262	1.0
0615796982	4.0
B00DTELN9G	3.0000000000000004
B00BX8IR94	5.0
1493788868	5.0
B00EJRMCPG	5.0
146109111X	3.7709802137821233
1480297275	5.0
B00I0XNO3E	4.0
0857206931	5.0
1493605852	3.0000000000000004
B00FGFY86G	5.0
1455574880	5.0
B00K7J7ACA	1.0
0982827326	4.0
149097136X	4.053125
B00GIOQ70Y	5.0
1937608042	5.0
1481162527	4.531474103585658
1455574856	4.2983995869901905
1481193740	5.0
1489553207	1.0
B00C41095Y	4.0
B00B5XDXPA	3.618794326241135
1495423786	5.0
1938623533	5.0
0141345713	5.0
0062302426	5.0
B00L19CQQK	5.0
0316013684	5.0
0985420529	5.0
0062302418	4.999999999999999
0989373819	5.0
B009YOISDY	1.0
006230240X	3.9225589225589226
B00EB323E8	5.0
B00DJF2862	5.0
0991280717	5.0
1484968042	1.0
1492293296	5.0
1938623541	4.488721804511278
031218008X	5.0
B00K0PNVEC	5.0
0545265355	4.666833166833166
B004HD5RT0	5.0
B00EA45DUO	5.0
1499280017	5.0
B00HQRGQV2	5.0
0985804602	1.0
0989373800	4.188948306595365
1490533710	5.0
B006Z0LM2O	5.0
B005G4QEDC	5.0
1405912413	2.9999999999999996
B0088ETL96	2.0
1490572082	4.209254498714653
B00FPRGSGS	5.0
1479145211	4.0
B00J9P60YC	5.0
0425269841	5.0
B008TA84F6	5.0
0983665834	5.0
B00DLATS18	3.5460085313833036
B009FC6242	4.0
006207203X	5.0
0718178122	4.0
B00BOVLVCU	4.0
B00ET28R8W	4.589222614840989
1492787701	5.0
0062072064	5.0
B006N90SPY	4.0
B00AR3O6OG	5.0
1938404726	5.0
1483998819	3.763262977752424
1495979237	3.0
149446747X	2.0
1492707619	4.0
1495458881	4.514868309260833
B00B0J8246	5.0
B00CKHW04A	4.0
0373605463	1.0
1466206160	2.0
B008NTM13E	3.0
1468065343	3.0
148950995X	5.0
B002RI9SEW	3.0000000000000004
0615997503	5.0
1481931628	5.0
1468161660	4.578545006165228
098366580X	3.261164499717354
B00H0P5F0I	5.0
B0073H86H2	5.0
0425269868	5.0
042526985X	4.118189438390612
0758231237	5.0
B00DTXYCBS	2.0
1494414546	5.0
1490997954	2.0699445983379503
0615803830	1.0
B00GQB7NCA	5.0
B008G6OKZ6	4.0
0615860826	4.0
B00HDZOTM0	5.0
B00BANV988	5.0
1937608018	2.0
B00G8OUPMA	3.0
1491072032	5.0
0061996203	3.0
B00I77MUK6	5.0
1496191838	4.0
1414348304	5.0
B00C2YRAQE	4.0
0989138607	4.324914675767919
B009SGX2H0	5.0
075821474X	3.0000000000000004
1613724969	5.0
0615769764	5.0
1482332272	4.0
1938623592	5.0
B00FJJ4756	5.0
0061992704	4.0
1476744130	5.0
1613720114	4.0
B00BG3ELWS	5.0
1492764167	4.5503300330033
1484125460	2.0
1490559175	4.6152720175652595
1477808663	4.207650273224044
B00ECSRD3S	1.0
B00LEHSZXM	1.0
B009MA8QDM	5.0
1491015489	5.0
1402245831	5.000000000000001
1612177344	2.0
0061988227	4.0
1481987712	5.0
1477808671	2.9717526447813287
1496133579	4.0
1461026415	3.0
1483948978	4.469223007063572
1483993582	5.0
0062267175	4.017740429505135
B00BRKQY8Y	3.0
B00D5YWZFQ	4.0
1477817158	4.493621197252208
B00CTSZDSK	4.0
1939962323	5.0
1612187145	3.0
B003ZDO438	1.0
B009K5LHOO	5.0
0349402965	4.0
1938701062	5.0
1482333139	5.0
B00JZ0YBI8	5.0
1482313545	4.0
1492888095	4.0
0316080802	5.0
0989675548	5.0
0373430388	4.0
0615803873	2.0
1490962050	4.0
1490505776	5.0
1620610078	4.537773359840955
B00E9MCRLA	4.0
B00D1XL552	2.496124031007752
1455528498	5.0
B00BXWNNPS	4.0
1456301152	3.0
B00FIWMEU4	5.0
0615849601	5.0
B00KIWTJKM	5.0
0615788084	5.0
1484857062	5.0
1622414330	4.0
1481060953	5.0
B00KNLQZN2	4.0
1490946810	2.5851581508515813
B00L5O9V5K	5.0
B00BCUKAGQ	4.0
B008YXE3GC	5.0
1476712980	4.061346633416458
0345546601	5.0
1938404335	2.9999999999999996
0425242404	5.0
B00GJEDKHQ	5.0
0373777752	5.0
1609288939	4.1227963525835865
075823127X	5.0
1492170348	4.0
1455576506	4.223985890652558
B00GDOP3NQ	3.0
B00311JU1U	5.0
B00BEQ9HB2	3.0
0615785824	4.214384508990318
1491291699	5.0
0062294776	4.330640394088669
147675652X	4.329801324503312
1484835263	4.563758389261745
148488907X	4.0
1493685937	5.0
0615840841	5.0
1476744106	5.0
0062292129	5.0
B00FKP9FII	3.0
1490436529	5.0
148023365X	4.385974599668692
1453874186	4.0
B005NLPW2C	5.0
0062294784	5.0
B00CKU0NYQ	4.0
1476756546	3.0
B00FKAK9SS	5.0
1492338141	4.0
B00BGXA1S6	5.0
0786247088	2.0
1477817182	4.150137449777966
1484043596	4.062948207171315
1476752192	1.0
0989675505	5.0
B00FKERXXS	2.0
0615609570	5.0
1455599255	1.0
098871583X	4.61372064276885
1455578312	3.9957426679280976
1482584212	5.0
B00748O4DA	5.0
0399159347	4.0
B009AR5VAI	5.0
B007HQ58CK	5.0
1475221371	5.0
1491231130	3.0
1491230282	2.0
B00BQMKC5O	4.0
B00GT0NLZQ	4.0
B00DVAY1YW	5.0
1479226874	4.0
B00ECBS5OQ	4.0
B00DG9L4B6	4.0
B0066HBLUO	3.0
B009RSFSRG	5.0
1490402713	2.0
1497470161	5.0
1455599247	1.0
B00FLZKDYW	5.0
1933963018	5.0
148410630X	5.0
1936850613	5.0
1461154472	5.0
B00JTI8SR6	4.0
1939786215	2.0
B008P4LJG2	4.680825242718447
0425265951	5.0
B008VHD6AU	5.0
1484865510	4.741395793499044
B00A2B8M98	5.0
1481958313	5.0
B00I48KN16	5.0
B00ILILD1S	5.0
1452664943	2.9999999999999996
144235948X	4.587337909992372
1605045535	5.0
1484013387	5.0
1481948997	3.234641148325359
0142427551	4.0
1469227886	5.0
1479140775	5.0
042526596X	5.0
0985258659	5.0
B009HJLOGO	5.0
1484842812	4.0
1482012294	4.555827220863895
1494392690	4.0
B003CT381O	4.0
1479325295	3.3914373088685017
1892950138	2.0
0385341679	4.999999999999999
0751540277	4.0
1491006919	4.622107969151671
006108462X	5.0
1622660757	4.999999999999999
1612185878	4.0
0062289357	2.0
1484161114	4.536020583190394
148183925X	5.0
1481169912	5.0
B00JTELG7O	5.0
0062317458	5.0
1477507728	4.999999999999999
B00EFW44C4	4.0
1482529858	3.0
0991181808	5.0
B00K3NNHXG	4.0
1490490639	5.0
0385535066	5.0
B00BMU0EIA	3.0000000000000004
1476735247	3.5
0985374217	5.0
159523103X	5.0
1619215020	4.338291746641075
0778315568	5.0
045122003X	5.0
1493673580	2.0
1490313281	3.1258964143426295
B00I88BUL4	5.0
1483901890	5.0
B00814K01Q	5.0
148111834X	5.0
1484920147	4.999999999999999
B00ESV1OKW	3.0000000000000004
1481866842	4.531474103585658
0988715880	4.0
0763655597	5.0
B00E3UOBG2	4.524539877300613
B00C1LUIOY	5.0
B00AMUZS3W	5.0
0804176809	5.0
1938857259	5.0
B00AEBEWA4	3.0000000000000004
B00IB5BS8Y	4.0
0989246531	4.4662095984329095
0615680046	4.7544727826417965
1847390447	5.0
0062117750	5.0
B00CX5V74I	5.0
1492323039	4.394316163410302
0615890547	4.0
1475057385	5.0
1936413213	4.0
1492893900	4.999999999999999
1439152802	5.0
1847390439	4.0
1475265204	4.0
B00E7824EQ	1.0
B00E7XUGM8	4.479185119574845
1620151731	4.1395348837209305
1482658143	4.581526861451461
148482606X	4.583552055993001
1484038487	5.0
B009FHSYSY	4.482983345401882
1620612917	4.0
1482349175	5.0
1482524759	4.271375464684015
1468008862	4.0
B00HCFHXZ6	3.0000000000000004
B00H3X0O26	2.0
0989246515	4.5503300330033
0062085611	5.0
1480083909	5.0
1481280767	5.0
1495998908	3.0
B00HZ3NG74	5.0
1620612925	5.0
B00AND5YIM	3.513986013986014
B00E7IWEFU	5.0
149429169X	4.367543859649123
1495281078	3.0000000000000004
1420129783	5.0
B009BZFQ4U	5.0
B00870FFZA	5.0
0615845517	4.563758389261745
1476717516	5.0
1492109568	4.0
1484185064	3.704164077066501
0310536510	5.0
B00CBKBHY0	4.0
1480083976	4.0
0991841174	3.0897360703812318
0451218043	3.0
1937053407	5.0
1476717524	5.0
B00L84ER56	4.0
B00JCELEZ0	4.102123356926189
0989668401	5.0
B006O7W3Y4	5.0
1492259667	5.0
B00DGCPWB6	3.0000000000000004
1483907570	3.0
B009JY5FU8	4.0
1484007735	3.0
0451219368	4.0
B007VHDDKO	4.0
B00FWFV03O	3.0
1489521534	4.5561224489795915
1476751404	5.0
1491008113	2.0
0615741932	5.0
B00JS2FJTI	5.0
B00EOKKVG0	5.0
1466276983	5.0
1467936707	5.0
1483966763	4.251601960045232
1442488697	4.589222614840989
073935650X	4.0
0989668436	4.0
B00CH1FO1U	2.0
B00KCOMQLK	1.0
B00LLWDUDK	4.434173669467787
1481882902	1.0
0957496168	5.0
B00G8TP0FM	5.0
1491232986	4.062948207171315
1483956962	5.0
B0097HRNF2	5.0
0473240610	4.0
0615833500	5.0
B009V2UKWQ	2.0
B002I1XQ0K	5.0
B00CRFHJAA	5.0
1619351005	5.0
B00JU93M6Q	4.0
1484858913	4.0
1463695403	3.0
098966841X	5.0
1490568530	3.3701067615658364
1939276012	3.0
B00KI0IDBK	5.0
1250058236	4.1327393191683806
B00C3PAO10	1.0
1466453222	4.0
1481988867	5.0
B00A447GB8	4.0
0957496176	5.0
B00GOJZAII	5.0
B006U93G1A	5.0
B00CE4A8UM	5.0
1456527738	4.233160621761658
1496149181	4.0
1482063557	2.0
1483940993	3.6315345699831365
1480054542	5.0
B00JDYC5OI	4.999999999999999
1495307352	3.968711403869906
1479157996	5.0
1482680009	4.077544426494345
1619211165	3.0
B009WIR7DY	4.0
1493584154	3.4735013032145963
0957496184	5.0
B00JP0NWFQ	3.0000000000000004
1478314605	5.0
0751552615	4.544554455445544
0425272710	3.0000000000000004
149033274X	2.9751403368083404
B00J72UJHG	5.0
1936305380	4.999999999999999
1492247227	3.0000000000000004
B003CT39GI	4.0
1929613970	5.0
B00A9H95JQ	5.0
1477571086	4.0
162380406X	4.0
1489534806	3.864864864864865
1480138320	1.0
1494374560	5.0
B004MPRZAW	5.0
161109898X	5.0
B00BTN2DSY	3.0
1490916636	5.0
0425238814	4.451158106747231
1481802119	5.0
1493563653	5.0
B00HTJJST4	5.0
1482084007	5.0
1469984202	3.0000000000000004
1495356744	4.0
1479103780	4.999999999999999
1442187697	1.0
0615928854	5.0
148025357X	1.0
0988273683	5.0
1484053699	5.0
1489593284	5.0
1491040300	4.0
1481169017	4.0
B00GBOP0FO	4.0
B00DGI5UQ2	4.0
B00CNYQ0L4	4.0
1491296518	5.0
148188607X	4.0
B00HGZE238	4.0
1938404610	4.448938321536906
0395353009	5.0
B00G2DUO0U	5.0
B00JDXTNGC	5.0
149031802X	4.5979157620495
159789821X	3.0000000000000004
1489591095	4.663616792249731
B00B3KPBSW	4.718009478672986
B00IBPMF9K	3.0
1419970291	5.0
B00EIPG5IE	3.0
1935961608	5.0
148408568X	1.0
1484976835	5.0
B005OMWXZE	5.0
1492706671	2.0
1477823476	4.0
1466211636	4.0
1938623614	4.488721804511278
1493773445	5.0
B0032UDUHK	3.0
1479266930	5.0
B00J5ZGC7G	2.0
B008MT8VMU	2.0
1480289949	1.0
1492717312	5.0
1481252690	5.0
0615826814	4.402585822559073
0578120763	3.864864864864865
1469907682	5.0
1482399024	5.0
1484987934	2.9853321829163066
1490417737	5.0
1491241861	5.0
1480112143	4.0
1442436670	5.0
0007442920	2.0
1484854152	5.0
0989707334	5.0
1489555803	5.0
0988742942	4.430232558139535
0987526111	4.517919075144509
1481122363	5.0
1477809627	5.0
1484069684	5.0
1470054779	5.0
144245041X	5.0
1477661875	4.595011876484561
1476730091	5.0
0345545834	4.0
B00K9QUXAC	3.0000000000000004
1250050367	4.552631578947369
B00GO6VI50	5.0
149040399X	4.04162976085031
0263211053	4.0
B00FE09IK4	5.0
B001RV3ONG	4.0
B00D4MUTB6	5.0
1480144967	5.0
1940511062	4.0
1941450008	5.0
B009J7NDAO	1.0
1939786177	5.000000000000001
1439153663	5.0
1484931963	5.0
1490471103	4.5966750993856165
1490324623	5.0
0143124544	5.000000000000001
B0078JAISA	5.0
B00ERKTG40	3.0
0986842222	4.0
1490519637	5.0
B008BP0BQE	4.0
B00EPZUSYY	2.9698492462311554
1482632462	5.000000000000001
B00DG9E0YE	5.0
B00J1N2KSC	2.9999999999999996
1455520640	4.999999999999999
B00EFESK7W	3.0
B00HXZAQ8Q	5.0
1497455049	3.414995640802093
1480279323	4.0
148234873X	4.54993400791905
1623780810	5.0
B00CMFLFNM	5.0
B00CJ3UPTW	5.0
1585670162	5.0
B00J82ZOFC	5.0
B00CGTWC0O	4.0
0062107496	3.0
1493689150	4.0
0987526154	3.0
149473592X	2.9999999999999996
B00EB713KY	3.0
1402262272	4.0
1402245777	5.0
1482747634	1.4136363636363636
1494738147	5.0
1476741182	4.999999999999999
B00JLZCUTO	1.0
1484186702	5.0
0615859763	3.4487034949267192
0989780716	3.897876643073812
1455549002	3.5021097046413496
1494937115	5.0
147781728X	5.0
0989108171	4.0
B00K1L17T6	5.0
0989108155	4.0
149280584X	4.559094719195306
148265864X	3.0
149041245X	5.0
099145703X	3.0000000000000004
1461085977	4.0259707513867875
0345545869	4.0
0615752179	5.0
B00H27GF6C	5.0
1402244428	5.0
B00E2QS6SG	4.0
1480213985	4.503875968992248
B00IH8IDVA	5.0
1492781452	2.466181061394381
1484973380	4.0
B00EC197UC	4.0
B006YFQS6K	5.0
1492904260	3.9620476610767876
B00E3W7LSK	4.0
B00C11XQLG	5.0
B005VUU4KU	5.0
1492805831	5.0
1475261799	2.0
1489512292	2.0
0316027650	4.0
1470077892	4.393244104525175
B00ARPE55Y	4.0
1451533969	3.4852990875295706
1476753164	4.999999999999999
006085880X	1.0
1491255692	2.9999999999999996
0345544110	3.040492957746479
1482082632	4.0
1481004379	4.0
B004Y6A16Y	4.0
B00EP6LI92	3.0000000000000004
1484131622	3.0000000000000004
1466365951	3.0
1442488638	5.0
1480269131	5.0
1490517839	3.0
0985059176	4.637241379310344
1495960390	2.0
1452662673	4.0
1496138953	5.0
149745901X	5.0
0505527936	4.0
1468008919	5.0
1484932897	4.0
B00ER55JZA	5.0
1480504246	5.0
0983574219	5.0
0446547573	4.508474576271187
B00LLI4V82	4.0
1482792621	4.677132701421801
006226768X	4.999999999999999
1442488662	4.742603550295858
0988489112	5.0
B00JX5A55S	5.0
B007JE1B1C	4.0
1484972090	2.4661654135338344
1476730946	5.000000000000001
B00DK7EGCI	4.0
0615676863	5.0
B006KIRCOS	5.0
1599984237	3.0
1475070306	4.0
031604461X	3.0
B00BOWPYOK	1.0
0979518202	4.0
1491253002	4.0
1484861280	3.0
B0081G0D02	3.0
B00GK4V9PA	1.0
0985059168	3.620040349697377
098505915X	4.459958932238193
1484802039	4.645996387718243
0670026611	4.0
1481258885	4.38967803030303
0615662242	5.0
1500115673	4.0
1480071110	5.0
B00EQC7HJK	5.0
1484070631	1.0
0991426711	5.0
0425272346	4.481023830538394
1484148037	3.8888121546961325
B00DY8HARG	3.977443609022556
0062299271	5.0
1482757443	5.0
1500417483	2.520395019321597
0985059133	4.459958932238193
1497317924	3.0
B0073GWTR6	5.0
1481100920	4.413636363636363
1480074616	4.062948207171315
B00BHLGZJ6	4.0
1499797370	5.0
1471133567	4.999999999999999
0425272354	5.0
0615748996	3.8669373026612535
B006HW44RK	1.0
1442488603	4.704660303200449
1492884685	4.0
B00F5DF9QC	4.000000000000001
1939786134	5.0
1482640058	5.000000000000001
0985059141	3.9562878278412916
0991309634	5.0
B00D6LZBQS	5.0
B00H3LM7UA	5.0
1477665412	3.284707026501337
1481058134	2.793201133144477
B008QPJY3A	4.0
1469982994	4.812008577555395
B005LWV9IO	5.0
0578127725	4.0
B006L4C066	3.0000000000000004
0399162410	5.0
1940511011	5.0
1482314150	2.7766911165444172
1938404270	3.0
1480153443	3.0
B008GNZCMO	3.0
1492381233	1.0
1495471195	5.0
1939786118	4.681595521343597
006117422X	5.0
1479327573	4.0
B00BERR4NY	5.0
B00DY8HASU	5.0
0143115626	4.0
B00DY8HASK	4.494565217391304
B00EYJ2LGY	5.0
B00CJGUJKE	5.0
1623800463	5.0
0991309618	5.0
B00FD3YBU4	3.0
B004PGNENK	4.531474103585658
0141040343	5.0
1477847103	5.0
1495200388	5.0
1630350273	5.0
0425267067	4.0
0316077046	3.0000000000000004
0307950832	1.0
1419953249	5.0
B00AQRTHEW	4.567116759332804
1594487480	5.0
B00CVUYECW	5.0
B00KF2SCWQ	4.0
0062267744	5.0
0385339151	4.0
B00E0OIUJ0	2.0
0989163377	5.0
0989247988	4.4415954415954415
B00F4ASC9C	5.0
1490383395	4.015075376884422
B0055LH2RI	2.9999999999999996
B00563EYAS	1.0
0615345077	4.0
0991732766	5.0
B0057Q3AWW	5.0
B00I3S7R98	2.0
1497322081	5.0
061588721X	2.0
1941098053	5.0
0312609337	4.0
0989247953	5.000000000000001
1428511350	4.0
1482052164	5.0
1455526975	5.0
147782314X	5.0
1494944545	3.0
1453755403	2.0
1482694158	5.0
0062267728	5.0
B00IO4JNA2	4.0
099173274X	4.999999999999999
1481997289	5.0
0615820999	5.0
1484021959	2.09
1455599085	5.0
1461052149	4.591766723842196
0578000512	5.0
B008V1UB86	5.000000000000001
0425267083	3.563758389261745
1466249455	2.0
B00G0FF4DC	5.0
B00GCMGWMA	4.43457627118644
B0084KFV8E	5.0
0615822762	4.0
B00466HMFU	3.0
B00CO7GIDU	5.0
0983157227	5.0
0425263908	4.6935050993022
0615746047	5.0
1475244207	5.0
1476763526	5.0
148276895X	4.5722946347377995
1493632876	4.100660066006601
1494744031	4.0
1499142978	5.0
1940448018	4.0
1489519106	3.092426187419769
1627984488	5.0
1402284853	4.0
B00HY0K7O8	5.0
1481953214	4.279831045406547
0316024961	4.0
1439192316	5.0
1941098096	4.511551155115511
1468112422	5.0
0983157200	3.0
0989247910	5.000000000000001
006229931X	5.0
082177848X	5.0
0425263924	3.544499723604201
1453885986	5.0
1455599042	3.0000000000000004
1477628797	4.0
1490310835	2.0
031232118X	5.0
0425267040	3.511648745519713
1466216131	4.0
1481053639	3.0
0957091907	5.0
0615810756	5.000000000000001
B00CO7GIFI	5.0
0425263916	4.564086427522551
1483935906	5.0
0062085530	5.0
1490363343	2.0
146634444X	3.0
0989281000	4.285158421345192
0451417909	4.0
B00HV3JQVI	5.0
1484906373	2.0
1453758968	5.0
B00GBMOOTO	4.0
0988489171	4.999999999999999
1496023242	1.0
0544022165	5.0
1481962116	5.0
B00LBEQ3BY	4.481023830538394
0615836968	5.0
1481124021	5.0
1781845832	5.0
0615461344	4.0
1484102630	4.0
B00ILWA6WG	5.0
B00HH1JVCI	4.462992125984251
061576567X	1.0
B00JSRQS3O	5.0
0060837551	5.0
1631420038	4.51525144270404
1612183085	4.0
1402271514	4.118189438390612
B00KD2FNJI	4.0
1495269655	5.0
1499707975	5.0
1484042492	4.0
B009B11BKW	4.0
B00G19AZTK	2.0
1495205215	5.0
0307269876	5.0
0989281027	5.0
1484994566	5.0
0615835619	5.0
B004SPEF1I	3.0000000000000004
B005SVVFL4	4.0
1490533532	1.0
1481802224	3.5208148804251547
1491510706	4.507717303005686
B00BCRURQC	5.0
0062265946	5.0
1481976303	5.0
0761463275	4.0
B00JENO6X6	3.0
1492351024	4.0
B00IM0OT3Y	5.0
B00F9EZCKU	5.0
B00AV4X6GK	4.559094719195306
0989281043	5.0
1938623304	4.0
B00AIF3QD0	4.999999999999999
147674355X	5.000000000000001
1451652089	5.0
1469901811	5.0
1494774305	5.0
B008SMSW1G	5.0
B009V7GHR8	4.0
1480114480	5.0
B00GH33TRA	4.0
B00CW10KH8	4.0
B00JX22B94	5.0
1627984097	4.0
1476731535	5.0
0989416402	4.760201511335013
1480055549	4.585074626865671
0062105620	4.0
149090784X	3.0000000000000004
B00JRQ08HI	5.0
1481999842	5.0
1414325436	5.0
149539090X	4.677090909090909
1478243627	5.0
B00GF6BVXI	5.0
1606597205	5.0
B00GJD2IUM	3.0000000000000004
B00FUTYLR4	3.0
1475094086	4.0
B00DNJ1RWA	2.0
0615511716	4.0
0451419707	4.579291877417435
B00J9LKE2U	2.0
1493752650	4.154285714285714
0989416410	3.9855595667870034
1483964868	4.0
1476764468	5.0
1250012570	2.9516129032258065
B00DG9L2J0	3.0
0062304828	5.0
0451419715	4.37285986049461
1492889571	4.0
1493741969	5.0
1442362383	5.0
0989416429	4.453046266605589
1936305062	4.673111782477341
0804176787	4.010956470239857
1484054881	3.0
B005PP3DVS	4.0
1925086550	2.311720698254364
1408851989	5.0
0988301318	2.784008883953359
B00CJKN40M	3.0
1481934902	1.0
0981943667	2.7682008368200837
0981943675	4.0
B00JD223TW	4.0
B00DGVFUJG	5.0
0989281078	5.0
1483918521	5.0
1475278837	4.0
1491272201	3.0
B00CEN9XA4	5.0
1475139837	5.0
B00ARY7ZB6	3.0000000000000004
B00JBV3PNS	5.0
B00I2CJCWU	4.0
B00EWZNC0E	5.0
B00HY03FJM	1.0
B00H6EJSUQ	5.0
B007T2BW6S	2.9999999999999996
1455582689	5.0
1482319055	4.780088646437095
B00GEEB24O	5.0
B00EUBGT7I	5.0
B008Y0J9OQ	3.0000000000000004
B00KVM5GHY	5.0
1620612461	4.0
B00CD36FKQ	5.0
149236522X	4.498158379373849
0984787011	5.0
1466276169	5.0
B00ERHTOUE	5.0
0142426040	3.086012163336229
B00HEL5OZO	5.0
1490368574	4.75374531835206
1622415450	5.0
B00HFUAODQ	1.0
140883233X	5.0
1250029880	5.0
0802798225	5.0
B00G626JKQ	4.518976169461607
1480105481	3.0000000000000004
1496045823	4.0
B00BS2ECK8	4.28
1455502065	5.0
1939786053	3.0
1490383700	3.0
1494443252	4.0
1492182125	5.0
B00BWF3P5E	3.0
0615582052	4.0
1623420687	5.0
B00C5R83E6	4.0
1492333980	4.0
0989674444	2.0
B00HYQJPC2	1.0
B00HVIW1AQ	5.0
B00JE1ZNOO	5.0
B00D0SZ3GA	5.0
B00BAGGMWI	3.0000000000000004
1490439838	3.0
B00F3IYPOQ	4.0
B00EH9HUNA	3.025445292620865
148391366X	5.0
1442108851	3.0000000000000004
B00K9V2OPE	3.0
1475109105	5.0
1492767891	4.0
1492103748	5.000000000000001
0988273608	4.443469785575049
B00BS3J7F2	5.0
0989339246	5.0
B0070Y370Y	3.0
1476734585	2.0
1494282011	5.0
0062076116	5.0
0615608868	2.0
1492121169	5.000000000000001
B00HGTI24Y	4.0
B00DDURP3O	3.0
0142422959	3.0984771573604064
1484967836	4.518976169461607
1468187953	4.676821983273596
1497326923	5.0
B00FWYROBC	2.0
0473254204	4.0
1480529699	4.503646086533788
B00C31H2VO	2.0
B008ZSDF8I	1.0
B00GUNB9RO	5.0
B009RSF3WQ	5.0
B00EBSOLFW	4.0
0373860641	3.0
1938623320	5.0
B00JUCHUMK	4.0
1495291685	4.0
0143123300	5.0
0312947437	5.0
1479390046	3.799281006590773
1475192886	5.0
1939786096	5.0
B008FR26DO	5.0
1475043740	5.0
B00CWABVLS	3.0
0988273632	4.0
1478319429	4.0
034580404X	5.0
1476746532	5.0
B008V4FQHE	5.0
B00BOTU4JI	4.999999999999999
0985661844	5.0
1489515690	1.0
193978607X	3.618253189401374
1463563736	5.0
0985872586	3.8998234774933804
B008A9FTFY	5.0
0988695103	3.893859649122807
B005NWIBF6	5.0
B008O0QUU2	5.0
1479245712	3.8689320388349517
1939455073	3.960169491525424
B009TU9M06	3.9276248725790013
1490550100	4.0
B00DSCQCK4	4.0
B00J0CV7HE	5.0
1481239406	2.0
0615666337	4.0
0615732682	3.0
0988771373	3.0
1452663874	4.0
B009K54QQK	2.9999999999999996
B00ICV2ZGQ	5.0
1481025988	5.000000000000001
1489578765	3.0
0988264269	4.434173669467787
147677594X	5.0
0988695111	4.0
1484966554	5.0
B009Y7KU82	2.0
B00DLR6ZEY	4.0
B00CC7I5RY	1.0
B00BQSGGUI	4.0
1470124327	4.778958190541466
014242207X	2.0
061568677X	1.0
B00EIGYXLY	4.0
1484861388	5.0
1494488558	4.043577981651376
B00LNLVLN0	3.6465256797583083
B008BVMUVW	5.0
B00I2W94IW	2.0
1442485256	4.167104111986001
1936305941	3.0
1476759006	5.0
1491291419	5.0
148270661X	3.0
1620070936	5.0
B00C6GVW3K	4.0
0615641407	4.0
0615910521	5.0
0991841166	2.9999999999999996
B00JD28AJ4	3.0
1461189322	5.0
1493533576	5.0
1499670028	3.0000000000000004
1941098126	3.3719723183391004
0312323859	5.0
B0093TFV08	5.0
B00GVZFX6O	2.0
B008RSCS9S	5.0
1492940003	4.2105263157894735
145646132X	5.0
B00KA0AGJK	5.0
0615729916	5.0
B00B687AX0	5.0
1442485280	4.016768292682927
0615505813	2.0
1499764529	5.0
1492976423	5.0
B00E62QX6I	5.0
1480539465	3.3342082239720034
B008PT0LN4	5.0
B00IY5RIXA	4.0
1491001011	4.999999999999999
B00666KX0E	1.0
1476761779	4.660853316723761
1496146239	4.046228710462287
B0069CI5H8	4.0
0615887767	5.0
1490506853	4.4324324324324325
1490412727	3.0
B00CTXJXFO	5.0
1484197313	1.0
1475120346	3.0
1489555293	4.0
1493718282	5.0
1482015560	1.0
B009YLRDQK	5.0
148185464X	5.0
0986915505	4.0
0373775717	5.0
1492998214	4.506117908787542
B00AA3PF6Q	4.0
1495416046	5.0
1609280806	5.0
B00J0CV846	5.0
1939392756	5.0
1499290942	5.0
1492161209	5.0
1612186963	4.0
1484955471	5.0
B00IUL9ALG	5.0
B00FELK4G0	5.0
B00E3UDI8O	5.0
145328740X	2.0
1480096954	3.0
B009K5F4DY	2.9999999999999996
B00I19Y70Q	5.0
1482772973	3.4170676932948347
B00D2KZCYE	4.0
B00LDD8NDO	4.000000000000001
0989117375	5.0
0989339211	5.000000000000001
B00F7CJCMI	3.0976837865055384
1939786002	3.9199178644763863
149043013X	4.3208653457339254
1478132744	3.7506561679790025
1489515607	5.0
B00HBAJID2	5.0
B005DPIINI	5.0
145557631X	5.0
098898380X	5.0
0992142202	5.0
B00IMP3N86	3.0000000000000004
0615744257	5.0
B00BA6NLQ8	1.0
1937053148	5.0
1490392270	5.0
B00C6NHLC4	4.0
0989465004	5.0
1469905213	4.0
1494253151	2.0
1481955306	4.114418604651163
1480536466	2.7555622595972546
1482732866	5.0
1490596801	5.0
1452645493	3.0
B00E6SKGNI	5.0
1480276855	4.064487890283046
B00KANKYJE	5.0
B00JOPR0ZK	5.0
098488789X	4.0
0399151575	4.0
1494286084	5.0
0142402516	5.0
1630350168	3.0
0007325169	5.0
0989450252	3.9311237700673227
B00FV2UR82	3.0
1461090792	5.0
1605042870	5.0
B009XIQVWQ	5.0
1489584935	2.0
1481977563	4.0
0988707489	5.0
1492908495	2.634371221281741
B00DXQ08QO	5.0
1492108421	5.0
0615828388	1.0
1494289105	5.0
B00ECZZRDO	5.0
1467943207	4.559094719195306
B00AIB1XCA	5.0
0615553028	4.0
0989269868	3.5231503579952266
0984887873	5.0
1611099676	3.0
B00C6ZTNC8	5.0
1476744947	5.0
1476783284	4.026995305164319
1482694042	5.0
B00C55M15U	1.0
B00G6BLT1Q	5.0
148398527X	5.0
148188669X	3.2727771679473108
B00H0V069M	5.0
014219672X	4.472172351885098
0989407403	2.0
B00FGFYIS4	4.498158379373849
1492828211	5.0
1495284778	5.0
1937698971	5.0
1630350184	5.0
0451217373	5.0
149423355X	2.0
1630350192	5.0
0989450236	4.410045286125977
148113728X	5.0
1250035333	3.0000000000000004
1482318687	5.0
0062059998	3.0
B005WB3W0C	5.0
1442403918	3.0
1466398167	3.5208148804251547
1492340898	5.0
0957152418	3.0000000000000004
B006V58FU0	5.0
1455599182	4.5675675675675675
B008DS35CQ	2.311720698254364
B00EHGQB4M	5.0
0062273280	5.0
0989117316	4.0
148484453X	1.5749525616698294
0991379632	4.133056133056133
0989269833	4.467813705132008
1494407752	4.0
B009WCFBJ2	5.0
1630350125	4.0
B00DY91L70	2.0
B00BR2BOUU	5.0
B00F4A6S3Y	5.0
038536315X	5.0
B00L7W9UYW	5.0
B00BDD4VAI	1.0
B00L82KPYK	5.0
B00JTERARO	4.0
B006EODUFS	1.0
0758231725	2.0
B00FB1F9CW	5.0
B00B6N9A4M	4.0
0140620303	5.0
030758836X	5.0
1492291560	5.0
0345803507	5.0
0615771106	4.397260273972603
1484816064	5.0
1624110312	3.0
1402284764	4.0
1481980718	5.0
0615739407	5.0
1476763623	4.0
B00CGLUXIK	5.0
1489568859	5.0
1618452576	2.0
1476744904	4.0
B00DJJJJLK	2.0
0062059963	3.0
061556190X	5.0
B008E9MUJS	5.0
B00DE50M2E	5.0
B00A6VHADI	5.0
0758259298	5.0
B00C5TOQ7M	4.0
1481859242	5.0
1468180673	5.0
B00BY5QXDS	4.0
006117758X	4.0
1496010299	4.589222614840989
1481922874	5.0
1483987434	2.0
B00KOSOX2O	5.0
B00C6SI9UW	5.0
1479218685	4.0
0778316149	5.0
076146316X	5.0
1480170623	5.000000000000001
B009XGD2DY	5.0
0992106818	4.53960396039604
1493603558	3.0
0062273248	3.511124473842453
B00GZANS6M	5.0
1612186009	4.0
0615581927	4.249381698268755
1479370614	4.0
0989041697	5.0
1489580174	3.0000000000000004
1480191558	2.9999999999999996
0062059939	4.0
B00G1O4MRQ	5.0
B00EJMQW4S	2.0
0615429505	4.999999999999999
1482332574	4.516260162601625
0062299409	3.9620476610767876
B00CX20YRW	5.0
0989104427	4.511551155115511
0778316173	5.0
B00HYDXYK4	3.0000000000000004
0141326085	3.491615853658537
B00BISCUGK	4.0
0062273264	5.0
098870742X	5.0
1492740357	3.1957427117075428
0373210248	5.0
1490938648	4.003683241252302
1490494871	5.0
1476756503	3.808196170641586
B00CFOJU3C	4.583552055993001
B00IMEYM2S	5.0
0984887806	5.0
B00309SCV2	5.0
1482782294	5.0
0006497802	4.0
1938623428	3.865041617122473
B00BQMLIL6	5.0
1499236212	3.0
B00DC244DW	5.0
B00IVONRYI	3.0000000000000004
1499291019	2.0
0439023513	2.0
1484893964	5.0
B00E5NATJA	5.0
1612177565	5.0
0989104400	4.305995864920743
B00D4Z3RNK	4.0
0989450201	4.622576177285318
B00FK1ZRXY	5.0
1938789040	5.0
1476718202	4.243103448275863
B00DYACR0Y	3.0
B00BEK71Q6	4.0
B00K2GAUC0	4.455
145389523X	5.0
1491050349	4.400175901495163
159514238X	5.0
B006UK6GCU	4.0
B00CK51JT4	3.0
B00CIOFYVG	3.0
B008I5Q0X0	3.0
1491263849	4.667486170866626
B0091V9BPE	3.0
B00CCI6D2W	5.0
1482040247	4.0
0957309406	4.0
B00DT5FHGA	4.0
B00DJB6KE2	2.9826043737574555
B00E0L1W0M	4.0
1481042440	5.0
1492886181	4.214689265536723
1612130488	3.0
0615868401	4.456152758132956
B009K5GSOI	2.9999999999999996
1476755604	4.106930693069307
1586087215	2.9999999999999996
1465395628	4.0
1469984016	3.56267409470752
1484103858	5.0
B00H6DAPH2	5.0
B00HMQVE4G	3.0000000000000004
0615645003	5.0
B00IPSM4ZS	4.0
014241493X	3.0
1466498781	5.0
B00JIV2YA6	4.0
0988707470	5.0
B00HBBY9JO	1.0
1409151522	4.0
1493643274	3.5055248618784534
B00L8EFASY	4.0
B00KFMFWWE	5.0
1494852039	2.0
B00GW9SOBK	5.0
1482628961	4.0
1455583650	5.0
B00GZFLSV4	5.0
B00CTF9OSS	4.0
1475054556	5.0
1477805028	4.287691732136177
1469901773	5.0
0989776018	5.0
B00EFJ1YQG	5.0
B00CCRTFSC	3.0
B00851VY6K	4.0
1490974377	4.5503300330033
1938404017	2.908122503328895
B00AB194JG	4.0
B00AM247D2	2.0
0991127390	5.0
B00BOZI3L8	3.0
B00FD95I64	3.0
B0088GGSR2	4.0
1484055268	3.9809358752166375
1484020162	4.456827309236948
1475156456	5.0
B00DSDPTTI	4.633730834752981
1612181511	5.0
1490904034	4.0
B00889U974	4.0
1938404009	3.0000000000000004
1491208295	3.9935122382777934
0991192818	5.0
B00GVZZQ2A	5.0
061583860X	5.0
0615644627	5.0
1492216690	5.0
B00IZL6KTG	5.0
1492793639	3.0
B00A6NG154	5.0
1938623495	5.0
0989776034	5.0
B00FD5HCC6	4.0
B00BTMGBD8	2.0
B004G5Z48S	4.0
B00DMTXQHA	5.0
B00BMZ74PG	4.313602015113351
B00GKBHIS0	5.0
B00EUSMJHK	5.0
B00DUXS4Z2	5.0
098321252X	4.5675675675675675
1463717091	3.0
1484802667	5.0
1940745322	5.0
B00DV88VFO	4.0
1627987010	5.0
1475089570	5.0
1477805052	5.0
1469982781	4.312387522495501
B0064PJUWY	5.0
0451466241	4.0
0451216954	4.0
0984662103	5.0
148400938X	3.0
B00CQYAWAG	5.0
0989776050	4.0
0982410263	1.0
1476755108	5.0
0988843323	4.0
0786863900	4.0
1481880136	5.0
1489528865	4.565826330532213
0991587200	3.0000000000000004
B00GLSBYYG	3.668367346938776
B0096DXFYK	5.0
B008ETBJ5E	5.0
1484815556	3.0
0425251241	5.0
1479244538	3.4847485572959602
1480264040	5.0
1476755590	4.348503175083157
030728090X	4.0
B00HW1LZUE	4.0
098466212X	5.0
B0092Q3DXY	4.0
1623806399	5.0
1499198825	5.0
1419970585	5.0
0547744943	5.0
1477407464	5.0
1480132705	3.1799999999999997
0345535820	3.0000000000000004
1475034911	3.0000000000000004
148230810X	5.0
1484807944	4.660311958405545
0983212546	4.615313653136531
1476776040	4.787890044576523
0142420891	5.0
1480114065	5.0
125005236X	3.6097452934662235
1938623452	4.455
1490919538	3.0
1479207128	2.9999999999999996
B00DMB8IL2	5.0
B00GVMHH7U	4.0
0553808036	4.0
1620612321	5.0
0615444385	4.0
B00BYK0OE2	5.0
1620612313	5.0
1480264024	4.062948207171315
1484021479	4.0
1462003907	4.0
1481212079	5.0
1476776016	3.8269630577322884
1609280075	4.0
1493649779	4.0
149613432X	5.0
B00KRVT75Q	5.0
B00H3I2172	4.0
0425266745	4.378959276018101
B00BLYV6TS	5.0
B006PVGZ0W	5.0
0984662146	5.0
B00KEFN9W2	2.9999999999999996
1482576988	3.0
1469924838	4.0
B00EXTVSHI	5.0
B00KUEGX16	5.0
1477470735	5.0
1481841009	4.0
B00G5ZXKGU	1.5
1492827436	5.000000000000001
148950351X	1.0
1484805313	5.0
B00G829YYM	5.0
B00CHQUX20	5.0
B00KSNT3IE	5.0
1481960741	5.000000000000001
1476744084	4.067270992366412
B00J75GWFG	4.0
1489576479	4.0
1484038797	2.0
1482652226	4.0
B00AXDNVHS	2.0
1493668080	5.0
1490396535	4.0
B00IUMQHOS	4.0
B009N1XUJ0	5.0
1492767387	4.0
1479338478	5.0
1481936603	5.0
1493511459	4.606948968512486
0007444117	1.0
B00JKMLD8M	3.0
149041925X	5.0
1476725365	5.0
0989353656	4.098477157360406
B00FDX59UA	3.0000000000000004
1481957597	3.4791851195748453
1490339973	3.6377335744424344
1484076168	5.0
1480141283	4.185671641791045
B00AK2UN4Q	3.0
B009FDM4HK	5.0
1499280815	4.0
149033730X	3.7230193387398627
B006MA16VY	5.0
B008BEDPHM	3.0
0373039549	3.0
148008591X	3.9437751004016066
1491269650	4.0
014241543X	4.0
1499324855	5.0
178184643X	4.0
149271397X	4.0
B009K54LKG	5.0
0983593183	5.0
0007386648	5.0
B00HCMZZQ8	5.0
B007XYIGR0	5.0
B00CI95LLY	5.0
B00IW8ADMW	2.0
B0096FLPRC	5.0
1482772825	4.0
1497518091	4.473501303214596
0451223659	4.0
B004S7MLWQ	5.0
1460993012	3.0000000000000004
0989492508	5.0
0991686004	4.081995661605205
1630350087	5.0
0451466659	3.2409090909090907
B00HBI9712	5.0
B00G9JG0FA	4.0
0989042901	3.0
B00KVOV84W	5.0
B008O8ARTO	5.0
0988348268	4.0
148485828X	4.531474103585658
1481234692	2.0
1941098010	4.023102310231023
1490560432	5.0
B00DEU0P08	5.0
1937252264	4.0
0345803485	5.0
B00K9ZLW3K	5.0
B00HG52LJK	5.0
1479318868	4.068376068376068
1491091673	5.0
1611099110	2.0
1630350095	5.0
0316197084	4.010285714285715
0615756344	4.0
1480186120	4.4750499001996005
149744814X	4.0
1493652540	2.0
B00GKKU0OK	3.0
1483919285	5.0
0345548760	5.0
1497382742	4.668408826945412
0345803493	5.0
B008V4FRSM	5.0
B00HJTZJCE	4.0
B00LD6IYUS	5.0
0451466683	3.0
1941098037	4.373103448275862
1612184642	5.0
B00KVSX5ZI	5.0
B00EBEFDXA	4.458445040214477
B004SI455Q	4.0
194095102X	4.0
