B00BD2PT8M	4.0
B00BUCCA8C	5.0
1455548987	4.712457817772778
1482719762	3.0
B00IA6QWP8	5.0
B00AMUZS3W	3.0000000000000004
B009QUE5R4	5.0
1481955306	5.0
B004PGNENK	5.0
1480536466	4.844089968631115
1477847103	3.0377515038373777
1940346037	4.0
0989713482	5.0
1480276855	3.0
1482596709	1.0
1480264520	5.0
B00JOPR0ZK	5.0
0985018100	4.0
0615680046	5.0
1471133524	5.0
B00B6U14XA	5.0
B00GKKU12G	5.0
1490383395	3.0
1483918777	4.809498399146211
1483920607	3.515763945028294
1492908495	5.0
1492893900	4.999999999999999
B0058P5016	3.0
0615553028	5.0
1467943207	4.078855817549286
B008QO41VG	3.0
B009S9LG7K	5.0
1482658143	5.0
1491092440	5.0
1466437715	4.999999999999999
0062267728	4.445873898933704
1481997289	3.0
1484038487	4.0
B00GNRGP2G	5.0
1476783284	4.706378196122507
1480219851	5.0
B009FHSYSY	4.304396215915414
0985008687	5.0
1620612917	5.0
1482524759	4.0
148398527X	3.6911090742438124
148188669X	3.838478838683296
1477473971	3.4682819383259913
1481827111	4.999999999999999
014219672X	4.0
0985018127	4.0
B0096VSP60	5.0
1481901907	3.0
1937698971	3.5484298982750997
B00CWFAQJQ	5.0
1484920066	5.0
0984931104	4.0
149934306X	5.0
B00GCMGWMA	4.999999999999999
1484067908	5.0
1455550833	5.0
B0084KFV8E	5.0
0578129965	5.0
149429169X	5.0
1476730601	4.0
B0084HAYF2	3.0
0983157227	5.0
0425263908	5.0
1622660005	5.0
1455578363	5.000000000000001
1476717516	5.0
B00DEJ9500	5.0
1476763526	4.821315468940316
1481406701	5.0
0373778287	5.0
0615821421	4.478298991670321
1484185064	4.673042966450853
1491274204	4.495458673932788
1482618516	3.0
148276895X	4.077121930202499
1406337609	5.0
193781503X	2.0
098500861X	4.0
1479359084	4.679359323058326
0989269833	3.0366636113657193
B00A7U9NS8	4.0
1622660471	5.0
B00H95FQRG	5.0
1476717524	5.0
1481953214	5.0
0689834705	5.0
1476718970	5.0
030758836X	5.0
1468112422	4.0
0345803507	5.0
0615771106	4.556991344630013
1489521534	5.0
061579615X	4.482008995502249
0425263924	3.288745148771022
0615741932	5.0
1477817506	4.04213007736944
1481060139	4.999999999999999
B00AWJ8DHG	5.0
1481268503	4.558644325971059
147003655X	4.523889354568316
1481221337	5.0
0988812517	5.0
1483966763	5.000000000000001
1442488697	5.0
1479398772	5.0
1494244381	4.0
1480125717	4.0
1480089133	3.4922303473491776
0425263916	4.811231942866418
147672721X	5.0
1470173271	2.0
1444766708	5.0
B00BUYLEGO	5.0
0985008660	5.0
1455578347	5.000000000000001
1481859242	4.0
0988489171	5.0
B00KF0URBM	5.0
0316036919	5.0
0373778295	3.0
B00ASCHDK0	4.0
1250058236	5.0
1481962116	4.4713460684140385
0451239350	4.0
0615796982	5.0
1481124021	3.0
B009V0M1AM	5.0
061576567X	5.0
1483940993	4.75125
1495307352	5.0
1476741255	4.999999999999999
1480170623	4.999999999999999
0446580848	5.0
1500167886	5.0
0062273248	4.292144254962259
146109111X	4.153690596562184
1480297275	5.0
1455574880	4.0
0615581927	5.0
0751552615	4.367074829931973
0989041697	4.0
B00BD63EIK	3.4966793168880463
1482730030	2.0
148398348X	5.0
0982827326	3.0
B0098AD2FS	5.0
0451229681	5.0
1484070291	4.999999999999999
1936305380	5.0
1455574856	4.672615102228114
1481152718	5.0
1482332574	4.0
0615429505	3.981015452538631
B00B1JDYE8	4.0
B00CIBM8TK	5.0
0062302426	5.0
1481924060	5.0
0989104427	5.0
0451468279	5.0
0062302418	3.423349056603773
B009YOISDY	2.0
006230240X	4.513769009453351
0991379659	4.999999999999999
1477571086	2.9613615455381783
0373605153	5.0
098870742X	4.519196428571428
0062273264	5.0
0984592687	3.0
1492740357	5.0
1476756503	4.802409418636488
B00AIF3QD0	4.501538461538462
147674355X	5.0
1479103780	4.657192075796727
B009V7GHR8	5.0
1475102542	5.0
1480114480	4.999999999999999
1416589422	4.0
B007FIIF34	5.0
0439023513	4.0
1484053699	4.0
1476731535	4.489270386266095
0989104400	4.206902061032113
B00D4Z3RNK	5.0
0989416402	4.0
1479145211	3.529435647584247
1480055549	4.503740648379052
1938789040	4.0
B008XP6652	4.0
0425269841	4.8136922802638615
1484877365	5.0
1481999842	2.0
149539090X	4.999999999999999
1476718202	4.6534260540304375
1938404610	4.52099322799097
0984733671	4.0
1493530682	5.0
0061031127	5.0
149031802X	4.520590868397494
B008I5Q0X0	5.0
0718178122	5.0
B0074750Z2	3.0000000000000004
B00BVV41DO	4.0
0451419707	5.0
0141337168	4.999999999999999
B00BXRI0LK	4.0
1481193511	5.0
1620504243	4.0
0989416410	3.0
B00B3KPBSW	5.0
1483998819	5.0
1476764468	1.0
0062217208	5.0
149446747X	5.0
B00HBINB3C	4.0
B009F4LQUU	5.0
0451419715	3.0
1476755604	2.8441215323645967
1936305062	5.0
1466206160	5.0
0804176787	4.0
B005PP3DVS	5.0
0988301318	4.654668244795657
0981943667	3.0000000000000004
0988391317	5.0
1468161660	4.868711788051055
1483918521	4.0
0425269868	5.0
042526985X	4.508677685950413
1479251208	2.0
1939453054	5.0
0615826814	5.0
1469965623	1.0
1475280904	5.000000000000001
1491072032	4.006371359223301
B00EQWVPXO	5.0
1482319055	5.0
1466254440	5.0
1484909917	5.0
1489555803	4.0
1477805028	4.453493288235916
B00CD36FKQ	4.0
1484069684	4.999999999999999
1477661875	4.999999999999999
B00AIBQ6P4	4.999999999999999
0984903429	4.0
1476730091	4.662612612612612
1938404017	4.44154466369616
B008173I62	4.0
1406330337	5.0
1482791285	5.0
B00AQU7FTS	4.0
B009XLRZXC	5.0
1492764167	5.0
1781846774	5.0
B0088GGSR2	4.999999999999999
B00DMTXGWU	5.0
B00AP7Z27Y	4.999999999999999
1484125460	5.0
1490559175	5.0
1490368574	5.0
1622415450	5.0
0743572750	5.0
1477808663	5.0
1482736659	5.0
B00BS2ECK8	5.0
1620610167	5.0
B00APSWJM4	5.0
1491208295	4.999999999999999
1475184948	5.0
B008GFNWEC	5.0
1475009860	5.0
0984733604	4.0
B0085BEENU	5.0
1477808671	4.608273082849354
1483948978	3.9829642248722315
B00BMZ74PG	4.498461538461539
0142419400	5.0
B00JE1ZNOO	5.0
0143124544	5.0
1463583273	5.000000000000001
0062267175	4.0
B00HP4L3S2	1.0
B008FPY8G4	4.0
1484054172	5.0
1938701062	4.516143299425034
0062076108	4.0
1484154800	5.0
1482333139	4.0
1477530193	5.000000000000001
1492888095	5.0
B00CO736GC	4.0
1477805052	5.0
1469982781	4.6816020917518415
1497455049	1.0
1617980218	4.3319812792511705
148234873X	4.843832793641448
B00AMMH26G	4.0
1484988833	5.0
B00KPIPQJ2	5.0
0578133512	4.0
1492121169	4.8133086876155255
1482747634	4.5686033405062
1470134578	5.0
B00B4Y2UHW	4.0
1481060953	4.613778705636743
B00GLSBYYG	5.0
0991587200	5.0
1482680858	1.0
1490946810	1.0
1476741182	4.867623206487835
1479244538	4.395576504713561
1476712980	4.090864099772345
B00AOT3UDG	3.0
1476755590	4.820618038690227
1477817174	5.000000000000001
1455549002	2.0
097478690X	5.0
1455576506	4.700624007680096
148265864X	3.0
0615785824	4.206338028169014
1479390046	3.0
B005C5YZ86	4.0
1461085977	4.999999999999999
1476776040	4.28593532415287
0062294776	4.16749233309743
1623804086	4.999999999999999
0615752179	5.0
1480114065	4.0
147675652X	5.0
B00CC3QZ8E	4.0
B00E2QS6SG	3.0000000000000004
1480213985	5.0
1938623452	4.0
1476746532	4.30029479200786
1479372749	3.0
1484068769	3.4813895781637716
0312554184	5.0
1476744106	3.51057268722467
0062292129	4.999999999999999
098402087X	3.0
1480264024	5.0
1490436529	4.0
B00AZP1D9M	5.0
148023365X	2.0
1462003907	1.0
0989768406	4.0
1476776016	4.358700968404578
1490420185	4.999999999999999
1476756546	5.0
0425266869	4.999999999999999
1478206713	4.0
0988695103	4.0
147937296X	5.0
1442419954	5.0
0989339289	5.0
B00DA7MHUQ	5.0
1470077892	4.0
0425266745	4.223733667442277
1477817182	4.739470655926352
1477599169	5.0
1451533969	4.771290605794556
1476752192	5.0
1476753164	5.000000000000001
0991436202	4.999999999999999
1481025988	4.0
0988695111	4.481995661605207
1481841009	2.0
1455578312	4.390578734858682
1481004379	4.519966722129784
0985817003	5.0
1482584212	4.0
B009AR5VAI	4.0
1470124327	4.999999999999999
1484131622	5.0
B00CC6X8HC	4.999999999999999
0373776861	4.0
B00GY53H3C	5.0
B00GT0NLZQ	4.999999999999999
1476744084	4.0
1481960741	5.0
1937053164	5.0
1932898409	3.0
1497576318	5.0
0425259153	4.0
0345546881	4.0
1442485256	4.689120556001069
B009CE4TG6	5.0
1489516948	5.0
1482652226	3.2480095541401277
1480135860	5.0
0425265951	4.999999999999999
148231312X	4.687572928821471
B00C6GVW3K	4.0
0446547573	5.0
1484865510	4.59830230010953
B00AXDNVHS	5.0
1623803535	4.999999999999999
B00LLI4V82	5.0
1482792621	4.0
146377253X	5.0
0425267806	4.0
144235948X	4.636582845332415
0062197258	5.0
006226768X	4.189315419065899
0988489112	5.0
1442488662	5.0
098869512X	5.0
1481936603	5.0
1476730946	5.0
1605045535	4.0
0007444117	4.0
1481948997	4.855410999408632
1480226300	5.0
1250017017	5.0
B008RSCS9S	3.0
1477584609	5.0
B00BEQP450	4.473434925864909
1492940003	5.0
0615729916	5.0
042526596X	5.0
1490339973	5.0
1484079795	4.0
0988793229	4.0
1480141283	5.0
1442485280	5.0
0451467965	5.0
1484861280	5.0
0988771330	4.0
148008591X	4.0
1476761779	4.999999999999999
1476735271	5.0
1484002245	5.0
1481258885	5.0
0743579631	5.0
1490412727	4.507817385866166
1620611295	5.0
0983593183	5.0
1481909282	5.0
161218331X	5.0
1481968890	4.999999999999999
1484148037	5.000000000000001
B00DY8HARG	5.0
0062299271	2.0
147912866X	4.0
1482012294	5.0
1482524058	3.0
B004S7MLWQ	4.0
1481100920	4.0
1480074616	5.0
1479325295	5.0
1491039701	4.010509296685529
B00BHLGZJ6	3.0
1499797370	4.999999999999999
0991686004	4.65963511972634
1620610094	5.0
0615748996	3.9959808116167506
B006HW44RK	2.0
148183925X	4.0
1475037589	5.0
1442488603	5.0
1609280806	4.302624073017683
0984903402	4.0
0988348268	5.0
148485828X	5.0
1482640058	5.0
B00EP5F48E	5.0
149594123X	5.0
0985059141	5.0
1406330396	4.999999999999999
1484918290	5.0
B00LV8M5YO	4.0
1482529858	3.549773755656109
1455546941	5.0
1477665412	4.999999999999999
1482772973	5.0
1484109724	5.0
1477430059	4.0
1480225649	4.0
1481058134	4.0
1469982994	4.999999999999999
B005LWV9IO	5.0
1490409572	5.0
1480186120	4.0
0373190573	5.0
1476735247	4.999999999999999
B008GVC6SE	3.0
0743566572	5.0
149043013X	4.305979921431689
1619215020	4.669977298524404
1478132744	4.549178665585074
1938404270	4.0
0615417175	5.0
B00AA46EDS	3.0
1490313281	3.0
B00GKKU0OK	5.0
1480038423	5.0
B00DY8HASK	5.0
148111834X	5.0
1493649019	4.999999999999999
1484920147	4.491614758025874
1480008907	4.0
0345803493	5.0
0615744257	5.0
1477695060	4.0588235294117645
1495354091	5.0
194095102X	5.0
