1565540247	1.0
0843961716	4.0
0143111930	4.0
0316204366	1.0
B007V8RQC4	4.0
006076533X	5.0
0312134916	5.0
0143123114	3.0
0871404273	2.0
039914188X	5.0
1579180566	5.0
0812517164	4.0
006000942X	3.0
1573221090	3.0
B00E228HC0	2.0
0230342086	2.9999999999999996
006073132X	5.0
0330319922	1.0
0226537579	5.0
1611099587	4.0
B00GX5YG24	2.0
030759419X	4.0
073556339X	3.0
0345515633	4.0
141654786X	5.0
030795790X	5.0
0742551849	5.0
0307913090	5.0
054774501X	1.0
1595230645	3.0
0307271102	5.0
1928832008	1.0
0307475255	5.0
1595554599	1.0
0375411925	4.0
0982477767	1.0
0385501684	4.0
0306808587	5.0
141884327X	4.0
0061472808	5.0
0761530924	3.0
1594205159	5.0
0151008116	4.0
0060004401	4.0
0394710118	5.0
0847841286	5.0
0297863827	5.0
0143119087	5.0
1580060218	1.0
B00BCO2LK0	1.0
0195078942	5.0
061889425X	4.0
1400041635	5.0
0195067142	5.0
0770429629	3.0
0679437096	5.0
0743277023	4.0
014219672X	4.0
0446573019	2.0
1565126262	4.0
0060935359	4.0
0786865652	4.0
0805093060	5.0
1499618859	5.0
0880642181	3.0
0061132284	2.0
1907773177	3.0
0316024740	5.0
0307407926	2.0
0805091408	3.0
0684869888	5.0
1439192561	5.0
0395877539	4.0
0316039772	2.0
0553593617	4.0
006165731X	4.0
0143124404	3.0
0374111197	5.000000000000001
0307463125	5.0
0061986461	4.0
0743225708	4.0
B00AG6T35Q	2.0
1595544496	5.0
034544177X	5.0
081392104X	5.0
1439148848	5.0
0671721216	3.0
006075981X	5.0
0684868547	5.0
0983945209	2.9999999999999996
0805079769	3.0
0802778119	5.0
0394551206	4.0
0805062890	5.0
1558323260	5.0
0226751295	5.0
0306822083	4.0
0312424302	5.0
038536315X	5.0
068816689X	4.0
0684807610	4.0
0802715354	1.0
0071429514	5.0
0807847232	5.0
0156028727	4.0
1414315473	4.0
B00005X6M4	5.0
1611090970	2.0
0618153101	5.000000000000001
0385503865	3.0
014312093X	5.0
0143036726	3.0
0195088476	5.0
0345472357	5.0
1565129164	3.0
0142428280	3.0
0316012831	5.0
006223059X	4.0
0307986330	2.0
0449219771	5.0
0099526409	5.0
0521726867	2.9999999999999996
0812979486	4.0
0316734942	5.0
0671654241	3.0
1491049669	3.0
037584631X	5.0
0143124072	5.0
0312952813	4.0
0981843611	3.0
0399149171	5.0
0195312953	2.0
019509381X	4.0
0439742021	5.0
0826193838	5.0
0345523504	5.0
0399152326	4.0
1461123860	4.0
014311557X	4.0
0803281269	4.0
0091937426	5.0
1933512865	4.003130707018002
1594488835	3.0
0195176006	5.0
0252036743	2.9999999999999996
0664235042	5.0
0811710793	4.0
0446672106	5.0
1616950080	1.0
0966075188	5.0
080211928X	5.000000000000001
0679776737	4.0
006194100X	5.0
B00907YWNK	3.0
1596986247	5.0
0141884819	5.0
1405913789	2.0
0912697814	5.0
0195038630	4.657739022111492
039306235X	3.488919041157847
0195162471	4.322722283205269
0553587897	1.0
0399161309	3.0
0310214696	5.0
1456450115	5.0
0374131430	5.0
0399158022	1.0
0803277938	4.0
1594744769	4.0
0345408772	5.0
0470618353	4.0
0345433726	5.0
1442355549	5.0
B004YKYCAG	3.0
0345425898	2.0
0679311831	3.0
0060652926	5.0
080419257X	5.0
031603438X	5.0
0800730755	5.0
0312426526	5.0
0195179579	4.0
0062088149	5.0
0307943232	1.0
039332494X	5.0
1402269676	5.0
0345478983	3.0
1118120280	2.0
0307454290	2.0
1935597760	5.000000000000001
0141026790	3.0
044630557X	5.0
0399133526	1.0
0679640576	4.0
1613820259	4.0
0306803178	5.0
1590585496	4.0
0195039149	5.0
0399151842	4.0
0375411089	5.0
B0047O2RNI	5.0
1581345615	5.0
1552979008	4.0
0316206849	1.0
0735524289	4.0
0142180319	5.0
0316017922	5.0
0307377334	5.0
014024980X	3.0
0312022824	5.0
0060957913	3.0
0786185821	5.0
158008219X	5.0
028306367X	4.0
1612183182	5.0
0385337477	5.0
014118776X	5.0
1476725365	4.0
1400032199	4.792697290930508
0307475999	5.0
0830839356	3.0
1882972546	5.0
0743226712	2.0
0060850523	3.0
031218008X	4.0
0375713255	5.0
B0000CMDXI	5.0
0553382403	5.0
160882280X	5.0
0761167129	4.0
0547745524	3.0
0735588996	2.0
0736908358	5.0
0739476475	3.0
1439148937	5.0
0739320386	5.0
B00EHMFBLA	1.0
0020306652	5.0
0439023513	4.0
0307959473	5.0
0060655186	2.9999999999999996
0786702761	5.0
0806141522	5.0
0486287491	5.0
0762752637	2.0
0553386751	5.0
0314168915	4.0
0061231428	4.0
B004PLO6GO	4.0
142219857X	5.0
0385495579	1.0
0801039657	5.0
0898705533	4.0
0061967556	4.0
0742515168	4.0
0307887995	4.0
B00HPJ99CO	5.0
0809049929	3.0
0060531126	3.6577693040991424
0374179549	1.0
1493682857	4.0
0061733636	4.0
0195181212	5.0
054742485X	4.0
B0027VSZIY	5.0
0671577875	3.0
1591140951	5.0
0226743403	5.0
0060924209	5.0
B002SN9H24	4.0
0785212167	4.0
0393311333	4.0
0199765294	2.0
0316074314	4.0
1939011515	5.0
0743292332	2.0
0809024799	5.0
1118725794	5.0
0967324971	4.0
0807818070	5.0
B006CR80YI	5.0
1494987554	4.0
097006294X	5.0
0805098542	1.0
019518131X	5.0
1162670096	4.0
080907821X	4.0
0316787035	5.0
0801870569	4.906385296119809
0684845164	4.0
B00966A1JY	5.0
0314194835	5.0
1883789664	2.9999999999999996
0316010707	5.0
0393058204	3.0
1442359315	5.0
0143118102	5.0
1118106377	5.0
B00C10MB36	4.0
0486290859	5.0
