1469228920	2.0
061553015X	1.0
0743270282	1.0
0517415283	1.0
B00EOER0G0	4.86137714663144
0486297136	1.0
0345345940	5.0
006016848X	1.0
1400067685	3.0
B008NOGZ2C	5.0
080783193X	4.0
0867905018	4.0
0615306039	3.0
039308017X	4.0
0385489129	5.0
0471134465	4.0
0812969073	1.0
1451641346	3.0
1931628157	4.0
0385523386	4.0
0143034774	2.0
0385341598	5.0
0743573722	3.0
0307594882	3.0
1931498121	4.0
1614483744	2.0
0062009281	2.0
0307475255	5.0
0553568728	3.0
0380727501	2.0
098197323X	2.0
0615392180	2.0
B007A4V33M	1.0
0446522651	1.0
B00A8PZKJS	5.0
1441310290	4.0
0316098329	1.0
0307266516	1.0
0060921080	5.0
0312595689	3.0000000000000004
0060594667	4.0
0312570708	1.0
1451676565	4.651860311354211
0316159360	3.0
0912177152	3.0000000000000004
1580627560	5.0
0757303234	4.999999999999999
B009BPHTKY	5.0
0547907249	3.0
0961352531	3.0
0061928127	5.0
0140277447	4.0
0989042936	4.0
006222543X	4.0
1481817329	1.0
0807101508	5.0
0143034758	5.0
1477807357	5.0
074325564X	1.0
0316043001	4.0
0143113887	3.0
0060558121	2.0
061557226X	3.0
0736914870	5.0
0786888598	4.0
0764964011	4.0
0671002007	1.0
0736914862	5.0
0312625006	4.0
0307265773	5.0
0439309107	5.0
0399142851	5.0
0062065351	4.0
1416594965	1.0
0836226844	5.0
1453728988	3.0
0061775932	4.0
0385488963	5.0
158542143X	3.0
0525953493	2.0
0143057324	1.0
1461148677	4.0
1478716568	3.0
0141034262	1.0
0470286970	4.0
1420108689	5.0
0385537859	3.054174633524538
0804107386	3.0
1479341541	1.0
0307712508	5.0
0307886263	5.0
0984440615	5.0
1597970867	4.0
1447262859	3.0
0143142801	2.0
0823015521	5.0
0452285399	4.0
B00679LQIS	1.0
1586488899	4.0
1594632456	3.0
0449012751	3.0000000000000004
0609608134	2.0
1936608898	5.0
1467960225	3.0000000000000004
1742200354	4.0
B00DFIE80W	4.0
1580422578	4.0
0345534522	3.449464233999421
031621017X	5.0
0880343354	2.0
1554515653	2.0
1478295856	5.0
0767928733	3.0
0345477367	5.0
1495298841	4.0
B00CLJAMII	2.0
0812979486	5.0
0142428604	4.999999999999999
0306814471	1.0
0925279455	5.0
0786705167	3.0
1482598507	3.0000000000000004
0029303303	5.0
1596985100	1.0
0062255657	5.0
1556527055	5.0
1888848219	3.0
0977246434	5.0
B00HHGR8WS	5.0
0316027650	1.0
0061670871	1.0
0062133438	3.0
1484830245	5.0
140123769X	2.0
B00844XW7C	3.0
1937856208	2.0
140006855X	4.0
0307958345	5.0
1433507757	5.0
0684849119	5.0
0739334581	3.0
0802723055	1.0
0764820079	5.0
0806311886	5.0
0060198184	5.0
0099766817	5.0
0684835398	5.0
037575945X	4.0
0307476073	2.0
0062236733	3.0
0786891459	5.0
B009XGD2DY	1.0
0800719050	3.0
1439138311	3.0
0743436776	3.0
1482594129	1.0
0739495585	4.839945280437756
0805082441	3.0
B002RI9432	5.0
0446580848	3.0
0307356175	5.0
0674066928	5.0
0679456805	4.0
0143036432	5.0
0736913165	2.0
1470183676	1.0
1568381905	5.0
0307594009	4.0
1586484257	4.0
030788743X	3.0
B00EFDZ288	5.0
2894504454	5.0
1460999428	4.0
1477464190	2.0
0307934055	3.0
0544035011	5.0
0393059731	2.0
0385341601	3.0
1559501901	1.0
0761166602	3.0
0060194839	1.0
0316220221	2.0
0099451956	2.0
055337849X	3.0000000000000004
0060737298	1.0
0061537934	4.0
1616200693	3.0
0061934771	1.0
0062224077	3.0
0307587827	4.0
1620402033	5.0
0764539302	4.0
0805432892	2.0
0141039280	5.0
0767902068	4.0
0143038168	3.0
0306813351	3.0
0307378411	5.0
0062267558	5.0
0307277747	5.0
B002B9MGIM	2.0
0689808828	2.0
0786719060	3.0000000000000004
B001EWEB5I	1.0
B00CFRGIEI	2.0
0688107559	5.0
0883682796	1.0
156947981X	5.0
160809099X	4.0
141658661X	5.0
0399160817	5.0
0743251040	4.0
0307394131	4.0
0374379947	3.0
B0088OVJTQ	3.0
0307950476	5.0
1479128317	1.0
0547203888	4.0
0810941864	4.0
B0055WXMEO	3.0
0743436733	5.0
1439192960	5.0
0195169115	3.0
1250030056	1.0
0446572985	4.0
0759637946	1.0
0140167773	2.0
1581345801	5.0
0743278933	5.0
1442362855	4.0
0345254325	3.0
039953671X	4.693683532065742
1846431220	3.0
0446532681	5.0
1619022370	3.0
0393058468	1.0
0307886670	5.0
1400042216	1.0
0894866354	4.0
019529775X	4.0
0061728608	5.0
B00HPY1F62	2.0
0374379939	3.0
B00ED1ZHZK	2.0
030738604X	2.0
0688050999	4.0
1594485038	1.0
0307273571	4.0
0307266397	4.0
1594486255	3.0
0805098542	4.0
1416584102	3.0
0143118234	1.0
1439107955	5.0
159523103X	1.0
0812974638	3.0
B008NQRHUY	5.0
0446585025	3.0
0195149726	1.0
0684824906	5.0
0307717372	4.0
0446573051	3.0000000000000004
0312947860	1.0
0452298172	5.0
0312968302	2.0
0802117155	3.0
0975599518	1.0
0743582373	3.0000000000000004
098154620X	5.0
B00BEJ7AL8	5.0
0316228532	1.0
0345528921	2.0
0470505567	2.0
0892968192	3.0
