0736926402	5.0
0385528701	5.0
1570752508	4.0
0547370210	3.0
1596433914	3.0
1455548987	4.0
1414333269	5.0
B009TZR48S	5.0
1461132169	4.0
0985817089	3.0
0062070223	3.0
0615672760	4.0
0312332084	4.0
0316000787	5.0
B006M40NEG	4.0
0553575260	5.0
1416593098	4.0
0985018100	4.0
0307457729	4.0
1414333277	5.0
0981989616	5.0
1494497301	5.0
0345311930	5.0
0964729229	5.0
1400080533	5.0
0553592610	5.0
0312675089	4.0
0399153624	3.0
0310283779	5.0
1250038944	4.0
0310716411	5.0
0520217551	5.0
0385736800	3.0
0002007770	5.0
B002E7ARKK	3.0
1402244185	4.0
037586928X	5.0
0786808551	4.0
1466437715	3.5
0449211177	5.0
0060565551	5.0
B00DS87126	2.0
1414324324	5.0
0805448144	4.0
1601421583	5.0
1433668564	4.0
1477805958	2.0
1469289652	5.0
0743437128	2.5
1400005299	4.0
0786020873	3.0
0425256189	4.0
0800734254	5.0
1616502509	4.0
1611183804	5.0
0515131733	4.0
0736926437	5.0
0141192429	5.0
1601457596	3.0
1602601410	4.0
0672336073	5.0
1416503595	4.0
0441018645	3.0
0778315126	3.0
0142003816	3.0
0061257095	5.0
0439136350	5.0
0373002211	2.0
0385741391	5.0
0062276026	3.0
0983552746	1.0
B00JI09FIG	5.0
0446568473	4.0
B006F80FMY	4.0
1594267138	5.0
B00J44T4YQ	5.0
1481934767	5.0
B006QH61QI	3.0
0425256138	4.0
0764208500	3.0
1410440478	4.0
1482351390	4.0
074359830X	5.0
0778328449	4.0
047018194X	3.0
0824947932	5.0
0263899403	3.5
1933720662	5.0
B007MDK40E	4.0
0553444719	4.0
0141346159	3.0
0439576520	4.0
0764229451	4.0
1576738078	5.0
0345525345	4.0
1466231971	3.0
0849948126	5.0
1610401182	5.0
0199216614	5.0
0770107559	3.0
0310286816	5.0
037386213X	4.0
0764208519	4.0
140120077X	3.0
0060591803	5.0
1596327839	3.0
0375714766	4.0
080073422X	5.0
0142400017	3.0
0802447317	4.0
1400310520	5.0
1456325639	5.0
084994810X	5.0
1570980217	5.0
1468110489	3.0
0547506147	4.0
1471605639	5.0
1438227949	5.0
1419952129	3.0
B007LV31XE	4.0
0066214769	5.0
B00EAHNV78	5.0
0061245097	5.0
1434764214	5.0
0385736843	4.0
0385342578	5.0
1426710216	4.0
B00CRJYSOG	5.0
1479131903	5.0
0312252250	4.0
038553762X	3.0
B00FE8LU8O	5.0
0988812517	4.0
1416577890	4.0
B005FZMVB6	4.0
0471770841	4.0
0307718867	3.0
B003TZLMOG	3.0
0373770324	5.0
0425196844	3.0
1439159998	3.0
1932961836	5.0
147672721X	5.0
055358068X	2.0
1476727228	5.0
143914799X	4.0
0380786214	5.0
143352516X	4.0
1400072948	5.0
0061245089	3.0
1414333218	5.0
141433320X	5.0
0439551234	4.0
1451628595	2.0
0615867855	3.0
0373002254	4.0
0955988004	4.0
0373772998	5.0
0061230898	3.0
1494323621	4.0
0745953255	5.0
1453299335	4.0
1480106623	3.0
0340712511	5.0
0615742327	5.0
1742200419	4.0
0446555991	3.0
B004BSGMVI	5.0
0199964270	3.0
0312992335	5.0
1400071666	4.0
0517199890	3.0
0738709085	3.0
1400070333	5.0
1587430851	3.0
1622532929	4.0
1495245462	3.0
1467984248	4.0
B00AZBY62W	3.5
034552537X	3.0
080509346X	5.0
1601422059	4.0
0394758285	5.0
0062267906	4.0
B004SYA5WC	5.0
0545424925	3.0
0385311400	3.3333333333333335
146109111X	4.0
076532203X	5.0
1558324151	3.0
0988837803	4.0
1609289021	5.0
B00B73H3K4	5.0
B00JOS47VW	3.0
1612187218	3.0
B004JU0I0Y	3.0
0451450728	5.0
0312938810	3.0
0767932501	5.0
0451229681	3.6666666666666665
0425237834	3.0
1439147973	4.25
1599952963	4.0
0446679313	5.0
1595552693	5.0
077832186X	3.0
1938623533	3.0
B00JASPSAK	3.0
0316127256	3.0
0062136585	3.0
1439109656	4.0
0441044980	5.0
B001J6OUZA	4.0
1118277236	4.0
141995038X	4.0
0373210361	2.0
1416950079	4.0
1497400775	3.0
0310257417	4.0
0310715970	4.0
0547577389	4.0
0981732208	4.0
0525950966	3.0
0373778252	4.0
061834697X	5.0
0060730552	5.0
B004ZVD03E	4.0
1402253044	2.0
1439155585	3.0
082543419X	5.0
1602601429	5.0
0060763485	3.0
0446579920	4.0
0062089722	4.0
B00B2B6MNU	4.0
0875421849	2.0
0986906484	4.0
1442416947	3.0
0307578070	3.0
B00AJ2ZSV0	4.0
B00BW4VYBM	5.0
0800794788	5.0
0778324923	5.0
1616201320	3.0
0060728191	3.0
0967759404	5.0
B004K1ESM6	3.0
0373210345	1.0
0441013813	4.0
0060774126	5.0
1494458543	5.0
B008ZFYVIE	2.0
0345519515	5.0
1596692790	5.0
1603742867	4.0
B0087RW9LG	5.0
B00IQTLX3K	4.0
1414324332	4.0
0061139807	5.0
1605046078	5.0
0446532444	4.0
0393310329	5.0
B002HE1H2W	4.0
0312365802	3.0
014314264X	5.0
0380709244	5.0
1401303277	4.0
1442402326	5.0
0152062920	3.0
0739359061	5.0
0785263713	5.0
0738213683	3.0
B004I6DG12	5.0
0446692328	5.0
1616383488	4.0
0743292332	4.0
070061737X	4.0
1462859011	5.0
1612184197	3.0
0804177872	3.0
1600775411	3.0
0618179305	4.0
1477805915	3.0
061858532X	1.0
0310278376	5.0
0689849249	3.0
1936305291	3.0
0800734297	4.0
B00FKAD59I	5.0
0373885628	5.0
0875420508	1.0
1596692774	4.0
B00387FZRK	3.0
1602600120	4.0
0446326925	4.0
0446401056	5.0
B00BJ8ERFQ	4.0
1439167516	5.0
0316014508	1.0
0451230647	4.5
B009KCX89Y	4.0
0373831811	3.0
B00E9LXPIU	5.0
014241591X	4.0
1602020876	3.0
0800794796	4.0
0310292670	4.0
0373861680	5.0
1416566384	2.0
0425199975	3.0
0802458815	5.0
1926617207	4.0
1477634010	5.0
0385518587	5.0
1400073332	5.0
1479351954	4.0
0806140119	4.0
0316031844	5.0
0240812581	5.0
1589976282	5.0
1578565774	5.0
0061997161	5.0
1575666995	5.0
0857210599	5.0
141995041X	2.0
0615424686	4.0
0553386387	5.0
0613667662	4.0
1609418387	4.0
0385751605	4.0
0375864393	4.0
0821775138	4.0
082177512X	5.0
1907317481	4.0
0425216144	4.0
0842375554	3.0
0991097416	3.0
0310274001	5.0
031613399X	3.5
0979694809	4.5
1595553029	4.0
0373777787	4.5
1589976274	5.0
044653191X	4.0
0425208516	3.0
1477817158	3.0
1612187145	3.0
0380752948	5.0
1442359889	5.0
0380806304	1.0
B0083DJV56	4.0
1416509690	5.0
038078145X	4.0
1432704893	2.0
0061997188	5.0
1607376202	4.0
B0035ROVSM	4.0
0825426596	5.0
0764201107	3.0
0143034758	5.0
0380781484	3.0
0345527089	3.0
1470020874	4.0
B009DUVR9Q	3.0
006117369X	2.0
B004VTHHB6	4.0
0380005700	5.0
0736918795	5.0
1250003490	3.0
1589976290	5.0
1615814612	5.0
1577948572	5.0
0007147295	3.0
038524410X	4.0
1452889074	4.0
1612187153	3.0
0373259565	3.0
1439197334	4.0
0373797354	2.0
1615819487	3.0
1492795712	4.0
1599799189	4.0
0786717165	5.0
B00DL3QBBK	5.0
1490946810	1.0
0345532449	4.0
0978803701	5.0
B008DKORNU	4.0
0061214809	4.0
1476712980	3.0
0876052650	5.0
1607376261	4.0
0515132292	5.0
0446580074	5.0
B00ATHX1GO	5.0
B008IL48BK	4.0
0451465067	5.0
1595546790	4.0
B006XZ2FC2	3.0
0061964204	3.0
0441623824	5.0
0312283334	4.0
0312282001	4.0
0373797346	4.0
0373777736	4.0
0385361661	3.0
1939194261	4.0
1434703304	5.0
1451672721	4.0
0373785364	4.0
0448147017	5.0
B008BG7FZ8	5.0
0316074144	3.0
B00CLDZSGU	3.0
0811868494	5.0
1494296470	4.0
0425213919	4.0
0820321362	4.0
0312876904	4.0
1595553061	4.0
0143058754	4.0
0312960646	5.0
B009FHONVG	5.0
0989776115	5.0
031255513X	3.0
0739432303	5.0
B000JMKU0Y	2.0
0849920698	4.0
1615812865	4.0
0345523504	4.0
1439210128	4.0
0091796628	2.0
1400073340	4.0
0380781441	4.0
1595554386	4.0
0425210863	5.0
0789743035	5.0
1601422806	4.0
B003VIWUMO	3.0
0800730658	4.0
098499324X	4.0
1404380582	4.0
B00B7VP6BY	4.0
1929175205	5.0
145165538X	3.0
B009PB9HMM	4.0
B00BNCOX98	5.0
1578565782	5.0
0984228209	4.0
B004JU1KA6	5.0
0615609570	3.0
B0098ZYB3U	5.0
B007PZ9G2Q	3.0
0671697986	5.0
B00H0UT658	4.0
0425218732	3.0
0142405736	5.0
1478212241	5.0
B00CP84LTQ	5.0
1601421524	5.0
0061583251	2.0
0373617909	2.0
B00ACLW8QQ	3.0
B002WB0YC4	3.0
B00A8PYYOA	5.0
B00GKBHJJ8	3.0
055359267X	2.0
1484118782	4.0
B0051HEXZA	4.0
0393068579	5.0
0988270714	4.5
1934068489	4.0
0778314650	4.0
B0055MJ9W8	5.0
1605041149	3.5
0821924060	5.0
0345523539	3.0
1416532870	2.0
1594485593	4.0
1599987619	4.0
1453875042	4.0
148231312X	3.6666666666666665
0312357435	4.0
0778313336	2.0
1400073391	4.0
1451639333	4.0
0743449037	4.0
014028009X	5.0
1456435299	3.0
0425255700	3.0
0061583227	4.0
1601421508	5.0
045122793X	4.0
1595548513	5.0
1780885741	4.0
193546227X	4.0
0451464591	2.6666666666666665
1468189557	4.0
0451404912	5.0
0786889160	5.0
1416550895	3.0
1416532862	5.0
1414310552	3.0
0425215679	5.0
1937329933	4.0
0446610542	3.0
0764205544	5.0
0615838553	5.0
045123992X	3.0
0394536495	2.0
1480227889	4.0
141697170X	5.0
1599799146	4.0
149352660X	5.0
1400008395	5.0
1409536084	4.0
1599796074	4.0
0842382682	4.0
140122959X	4.0
0736919228	4.0
0440203430	4.0
0446195146	4.0
1578565731	4.0
0609808893	3.0
1477448950	5.0
B00HXKYSRQ	1.0
0373264925	5.0
1597892262	5.0
0143112015	4.0
B004RQD43S	5.0
0517580519	2.0
0984504001	4.0
0375842144	5.0
B005UZ8QXS	5.0
1592402615	4.0
1470180642	3.0
0451404904	5.0
1595141758	3.0
0778325342	2.0
1400043549	4.0
0761148922	5.0
1433526557	5.0
1577319575	5.0
0553589091	5.0
0805448136	4.0
0002051850	5.0
B007N0M0DU	5.0
1601420242	4.0
0988270765	5.0
1595541918	5.0
0451224876	4.0
0671621998	3.5
0345476794	5.0
0451231171	5.0
B006NK1KKU	5.0
0099255197	4.0
000721278X	4.0
160142020X	5.0
1936185725	4.0
0446618489	2.0
0312282060	4.0
B00584MMG8	5.0
0345324390	5.0
1608200728	5.0
B004OEIRNA	5.0
1479172375	5.0
0062037676	3.0
143476429X	2.0
042521740X	2.0
1401302874	3.0
1481899988	5.0
B00814K01Q	4.0
0385343833	2.0
0671737619	4.0
B009JZTDQE	5.0
147501239X	4.0
0399157182	4.0
0800720466	3.0
1615814655	4.0
1619214164	4.0
1590523172	5.0
141659888X	1.0
B00AVBAOQI	5.0
0399153527	3.0
159233296X	4.0
B00I8NKOMU	3.0
0310713285	5.0
B00BQLSEW8	5.0
0060874465	4.0
B007KSE4Y8	3.0
1591453623	5.0
B008S6K9BS	3.0
0312323239	4.0
1591430992	4.0
0984636846	3.0
161218359X	4.0
B008Q3VQSS	5.0
1611183952	4.0
0743453956	2.0
1453894993	5.0
0062102273	4.0
B002HJV4BG	3.0
0060773758	1.0
B0032YXH2E	5.0
0899571557	5.0
1426733887	5.0
1401340903	2.0
037376815X	3.0
0312383770	4.0
0545221269	4.0
B005TKPWNG	3.0
0307704114	5.0
0340837950	5.0
B003A022GW	5.0
141995203X	4.0
0312989687	4.0
0825462908	5.0
0606106766	2.0
1936951002	5.0
006199104X	2.0
1433668696	4.0
1416549021	3.0
1601420161	5.0
B008O53R2G	2.0
1401322255	4.0
0814627676	5.0
0425209067	3.0
1935359193	3.0
0957531400	5.0
037542301X	5.0
B0019BI4XE	4.0
1491209739	5.0
9659151101	5.0
1600062210	5.0
B004G0936W	5.0
1601420137	4.0
1455878561	4.0
1620612917	3.0
0812983386	4.0
B002HJV4DE	3.0
B00BVC1KGE	3.0
0778329631	4.0
0800734394	4.0
0786893931	4.0
B00AYIDVLS	5.0
0672330652	4.0
0312356196	5.0
B00BK50QYY	4.0
147007169X	4.0
0425262987	4.0
B002RKSEHW	2.0
143912566X	3.0
1600062229	5.0
0764208659	4.0
0761456236	4.0
B00AMPWSDU	4.0
B005JGZAY6	4.0
1414337736	3.0
1433527030	5.0
1439183511	5.0
1481280767	5.0
0764207326	4.0
0764206001	5.0
1482397676	3.0
0764228250	2.0
014029628X	4.0
031294344X	5.0
0761456244	4.0
1616382082	4.0
1601420145	3.0
0060289597	4.0
1250010691	4.0
0615867774	4.0
1609280784	3.0
B00DLGR71U	4.0
0800733037	5.0
0446577464	5.0
0312273096	3.0
0553589113	4.0
0765313081	2.0
1455521108	4.0
0425269566	4.0
0764204270	4.0
0385536410	4.0
0980023602	5.0
146646741X	5.0
0446697990	4.0
0375423052	5.0
147525895X	3.0
0062200984	5.0
0345525485	3.0
1439181799	5.0
B005ZI3CKW	4.0
B007VDZ2XO	5.0
B0083X8468	5.0
0451218043	3.8
B004GB1T86	4.0
1434799883	4.0
1400071755	5.0
0312605919	4.0
0615294987	3.0
0061991015	3.0
1492259667	2.0
1490366504	4.0
0061665746	4.0
1595547193	4.0
B00GM11FJQ	5.0
0451219368	3.6
0312187475	3.0
B0039PH74A	5.0
0152034978	5.0
0380730561	5.0
1555974503	5.0
042521575X	4.0
1434764338	4.0
1416589961	4.0
0307388751	5.0
0446546305	4.0
0425269590	4.0
1937329844	4.0
0825425905	4.0
0385342454	3.0
1595540547	5.0
0307914208	4.0
0062047752	4.0
0505524996	4.0
0061176036	3.0
1479398772	4.0
1455521132	4.5
0758231997	4.5
1908505737	5.0
006197806X	5.0
0399153535	5.0
0553563335	4.0
1609360338	5.0
0785261028	3.0
1461017092	3.0
0307591794	4.0
B0049H96QY	4.0
B00CD8G04C	4.0
0143125389	5.0
0061535680	3.0
0441016154	3.0
0451232305	3.0
0373777086	2.0
0515109746	3.0
0767932684	4.0
1937085473	1.0
0316117951	5.0
0441008534	4.5
1402270364	5.0
1592333427	5.0
0195341546	2.0
1477809589	3.0
0062008129	3.0
B00BMU99HM	5.0
B0028256JS	3.0
0451228219	3.5
0312876920	5.0
0152045694	1.0
B00BZ4TAGA	3.0
1481021702	4.0
1119970563	5.0
1495307352	5.0
1470010674	5.0
1594744769	4.0
B0028256JI	4.0
0380790254	3.0
B00CKH0X2G	4.0
B002XOTPWU	3.0
1615818227	3.0
1599957086	5.0
1931722617	5.0
1400077087	4.0
1420118617	4.5
0765303620	4.0
0137019602	3.0
1940223040	5.0
0143123629	5.0
0736921486	5.0
0515131679	5.0
0764203827	4.0
B00C2RVRHE	5.0
1613722133	3.0
0984381503	3.0
0671318292	5.0
1434799840	5.0
1594204306	4.0
1477809597	5.0
0312876912	5.0
071563318X	4.0
1608203603	4.0
0451413091	3.0
0987775367	3.0
1596436239	4.0
0446363251	3.5
1478114827	4.0
1419954628	3.0
1400074819	4.0
0804165742	4.0
0758206194	3.0
1843607247	2.5
0821722530	4.0
1439209162	5.0
1742204910	3.0
B00A3X6OI6	4.0
B007L4T0MW	3.0
B0028256HU	3.0
1595543619	5.0
1619211149	4.0
1470084929	5.0
0446617865	4.0
1481018078	5.0
0312360282	2.0
B006PVYKL8	5.0
034553087X	5.0
1590525728	5.0
006114097X	2.0
0764206079	5.0
B009CMNVPI	5.0
0446617873	5.0
0263910466	5.0
038081479X	1.0
0373605153	5.0
0971223262	3.0
B0049H96VO	5.0
1480180688	4.0
0307702359	4.5
140222267X	2.5
1416521283	5.0
1416541152	2.0
1468097091	5.0
0743226712	4.0
0778315088	3.0
1585426180	5.0
B003GDIA0U	4.0
B005TVK6B8	4.0
1434799867	5.0
0312360290	4.0
0764206087	4.0
0452296463	5.0
0736918701	5.0
0440229294	5.0
1938397118	4.0
0312992424	5.0
0802437869	4.0
B002XOTPZW	3.0
0373778317	4.0
1416541160	5.0
0345532600	4.5
1481932861	5.0
B00BOE5KW4	4.0
1433506165	4.0
0805470859	5.0
1616330856	4.0
0765323206	4.0
1937945030	4.0
0452284457	5.0
B004P5NQBG	5.0
0060531231	5.0
149128367X	5.0
B00BS28JB6	5.0
1400073537	3.0
B0080GUO6Q	4.0
0802467687	4.0
0385349947	4.0
0345330129	5.0
1894663470	4.0
1935540440	5.0
157898971X	1.0
B007RH5PF4	4.0
1291036350	5.0
014242059X	4.0
0802455697	4.0
0385335318	3.5
0385349963	1.0
0811876942	5.0
1569069786	4.0
0802467679	4.0
1616382066	5.0
0310950945	5.0
1419670212	4.0
0764206060	5.0
1578567343	5.0
0007258291	3.0
1416538933	5.0
1615819525	4.0
0800794893	4.0
1452666563	3.0
0615612369	4.0
0373618425	3.0
0989997502	4.0
0671578642	5.0
1467943886	5.0
006053124X	2.0
076420601X	5.0
B0049U4V3E	4.0
B00413PT9Y	3.0
0062065653	4.0
1595544984	3.0
B005Z1CGBU	4.0
0821756788	5.0
1934531626	4.0
1608202348	3.0
0618919805	2.0
149423730X	5.0
0984070826	4.0
B004SBQ57O	4.0
1599982897	5.0
0060752017	4.0
1590529294	5.0
0312360258	3.5
1434766926	5.0
0399152288	4.0
0375829962	5.0
B005V32PZO	4.0
1594482578	5.0
0451208617	5.0
1480296244	5.0
0312558368	4.5
1480078999	5.0
0345330137	5.0
1442436670	5.0
0007442920	4.5
0802467695	5.0
0800733096	4.0
1936840162	5.0
1416556206	4.0
1439176345	4.0
0425196100	5.0
B006UZCRR8	5.0
0061143960	3.0
0988742942	5.0
034580676X	4.0
B009Z19RMM	5.0
1477809627	4.0
0800733878	4.0
080073386X	4.0
B00A3Y9RTI	3.0
0062064223	3.0
B00K2LJ5JY	5.0
1476730091	4.5
1605047414	4.0
0451227891	4.0
0316404381	5.0
1466337524	2.0
1432787969	3.0
031236203X	5.0
0764205609	5.0
1551666944	5.0
0345495144	3.0
1592797709	4.0
0345506340	5.0
0736921400	5.0
0736918698	5.0
0743572750	4.0
0812981618	4.0
0968677630	3.0
080664348X	4.0
0316018767	2.0
B0041KKSFC	5.0
B004EBTNIQ	4.0
0330440128	5.0
B008PDAWN4	5.0
0307382648	5.0
1490324623	5.0
0373776578	3.0
0764203878	5.0
0425196127	5.0
1423171179	4.0
0800733851	4.0
B00G8OGIEO	5.0
0385302320	3.5
0470455586	4.0
1400082382	4.0
0545259088	2.5
1605043079	5.0
1484054172	4.0
B007AWGP1O	4.0
0800720539	5.0
193755158X	4.0
B00EPZUSYY	5.0
0143113402	5.0
B002HJV44S	5.0
1400074754	4.0
148234873X	3.0
B008HS0B2O	2.0
1623780810	5.0
1419951653	4.0
B002NOGDKW	4.0
1451586094	5.0
1605047422	4.0
B0083JWX0K	3.0
0425246957	4.0
1599982900	5.0
B00AWFSZ96	3.0
0805447504	5.0
B004MPRZIY	4.0
1934284033	3.0
B008O53QEU	5.0
0152166637	3.0
1590529359	4.0
0143057324	3.0
1478239409	5.0
0743229878	2.0
B005E0W3LK	5.0
1484186702	5.0
030724332X	3.0
037386292X	4.0
1622538153	4.0
0825426456	4.0
1595545344	4.0
0800719530	5.0
0307712508	3.0
1463779046	4.0
B007BFJ45E	3.0
1448676975	5.0
1419549952	5.0
0805448888	3.0
1451684835	4.0
147781728X	5.0
147780966X	4.0
0989108155	3.0
B007Y15PWG	5.0
B00ANEKT86	4.0
0307340805	5.0
0373772181	1.0
0451234154	4.0
1416568239	4.0
0316018724	1.0
0800733827	5.0
1595544003	5.0
1480002194	5.0
1606012398	3.0
0062135953	3.0
0446694932	5.0
0451218957	3.0
1453728406	5.0
0310276586	4.0
1414315473	5.0
0553561618	1.0
0857211994	4.0
1480213985	4.5
B0093TFS5Q	4.0
0984781641	5.0
0805098143	3.0
0385751559	4.0
1433509253	5.0
0062068652	3.0
B00EF51J7Y	4.0
B00CVHYIHQ	3.0
0800733819	5.0
0312362021	5.0
1594485682	4.0
0983492700	3.0
B007Q7FBSG	5.0
0345518284	5.0
0805448861	5.0
B003F77D6Y	5.0
0778324788	5.0
B008O53QHC	5.0
B00C11XQLG	5.0
0385738595	3.0
B007XY2SGA	4.5
1400074797	5.0
147937296X	4.0
0316027650	4.333333333333333
1569476268	3.0
0984076093	4.0
1479370312	2.0
0345524969	5.0
0425219313	5.0
0425221636	5.0
1622538145	4.0
1420103512	3.0
0385522703	5.0
B0057QMIOI	1.0
0805447547	5.0
0373777825	4.0
0141884819	1.0
0451224779	4.0
1615813462	5.0
0373892705	3.0
0778314529	3.0
1414335962	5.0
1613727038	5.0
1416562982	5.0
0765309734	5.0
1493104322	4.0
0764228315	4.0
0557175216	3.0
0399158383	4.0
0373785445	4.0
1481004379	4.0
1594200882	2.0
1612183522	3.0
1440538913	5.0
B00DYS04C4	5.0
037379438X	3.0
0758216416	3.0
0307743683	5.0
B00BB2ELR4	4.0
B003VTZVSI	4.0
193428405X	4.0
1606840789	5.0
1471655253	5.0
1590529324	5.0
1612045995	4.0
B007VWL27A	3.0
0316216852	3.0
0425168964	4.0
1937041034	1.0
0765309726	5.0
B00A0AJZ74	5.0
0764205684	5.0
0373785437	4.0
1417808268	4.0
0764205692	5.0
0575000546	5.0
1439217696	5.0
080503188X	5.0
0758216424	3.6666666666666665
0446547573	3.5
1402259042	5.0
140020304X	5.0
0989108104	5.0
1492760994	4.0
B0038AUZ4A	5.0
0307743675	1.0
0312328192	5.0
0007447868	4.0
0758216432	4.0
B00938UJQU	5.0
039923490X	3.0
B00JFHDUTC	5.0
1595545360	4.0
1416903569	5.0
1400068916	4.0
1576836703	4.0
0451222148	3.0
B003TXT0M4	5.0
B0082SJRMY	3.0
B00G8ULD1Q	4.0
0380776847	5.0
0764204335	5.0
0441015662	3.5
0425255816	5.0
1416527397	4.0
1591025419	3.0
1419952900	4.0
0895260816	4.0
051755853X	5.0
0385337000	2.0
0679009264	4.0
1936556448	4.0
B00BU7KBRE	4.0
0310719461	5.0
1434764397	5.0
0553107119	5.0
0758234287	4.0
0451450086	5.0
1935416294	4.0
1105089231	2.5
140160451X	5.0
0441018718	1.0
B006V1MRTO	5.0
B007TBK8DW	5.0
1938499867	5.0
0778315894	4.0
0425272346	4.0
1567182518	1.0
1599986434	2.0
1402211929	3.0
141331063X	5.0
0451231023	5.0
0312427891	4.0
B005LRB984	4.0
0385536496	3.0
0425246043	3.0
0547558139	5.0
1434767434	4.0
0385526210	5.0
0060726202	4.0
0553384449	5.0
0739334670	4.5
0060538791	4.0
1934770612	3.0
0446618373	5.0
1601420129	5.0
1492884685	4.0
1897178247	3.0
B003T0HFU6	5.0
0786224967	3.0
1601422784	4.0
1613720467	3.0
0451412621	4.0
034553302X	4.0
0373444060	4.0
1590527550	4.0
B005UY43EA	1.0
0800733894	4.0
0764205617	5.0
1482307898	5.0
1469982994	4.0
0981892949	4.0
0060764902	5.0
1854249541	5.0
0425239780	4.0
1595550747	5.0
B007ZLYCGA	5.0
1601421427	5.0
0615639496	5.0
189238969X	5.0
1416585672	3.0
0842339760	5.0
0525951563	5.0
1460995457	2.0
0451413962	4.0
1416903542	4.0
0425206882	5.0
0312577427	3.6666666666666665
1940745527	5.0
0060098902	5.0
0778314596	4.0
1482702320	5.0
1422139069	4.0
043935806X	4.5
1933874740	3.0
141433155X	4.0
0143121073	5.0
0979939704	4.0
1595545395	5.0
1118045971	5.0
1590582365	2.0
1595141650	4.0
0743221990	3.0
1400081920	3.0
0385507968	5.0
1601420102	5.0
0875422241	1.0
0441784356	5.0
0345526880	5.0
0778315339	3.0
B007EPW4AI	3.0
0312587481	4.0
B00C17RE3G	3.0
B00IA6QWP8	5.0
B00CPFU36E	3.0
1479150843	4.0
1475119836	5.0
B009DHBW26	3.0
0373126271	4.0
0451232682	2.5
0226771016	5.0
0441019730	5.0
0689852223	4.0
1780884702	3.0
B00IEO1D8W	2.0
B008FUC1AY	2.0
0310292468	1.0
B007V3FHP2	4.0
0307273512	4.0
037377057X	4.0
1601421362	5.0
0825307325	3.0
1478363975	5.0
B0081HNT7U	4.0
0226771008	5.0
0764208314	5.0
0505525917	5.0
0615703364	5.0
0978986121	5.0
0062269917	5.0
0545290147	5.0
0764208322	4.0
0312947917	1.0
1623805651	5.0
1605922323	4.0
0778303330	4.0
1939416329	3.0
1565126831	5.0
1418541710	5.0
0736927999	4.0
0310283531	5.0
0399234519	4.0
0781777909	1.0
1463512546	2.0
0312577214	2.0
1481997289	4.0
0446353507	1.0
B002TG4O50	4.0
0615543332	4.0
0446197068	4.0
0983157251	2.0
0451206371	4.0
0062223704	3.0
1400005051	5.0
0736924019	4.0
1490560726	5.0
1602601658	4.0
1414335679	4.0
B004Z99RB0	5.0
0981965407	4.0
0060764945	5.0
1844167399	3.0
0615707742	5.0
1479124591	5.0
0062132822	3.0
B003SX158W	4.0
0312947933	1.0
0786716517	5.0
0143037234	4.0
0060889632	5.0
1438000197	5.0
8371832273	5.0
080509329X	5.0
B00387G19G	4.0
1419953273	5.0
0142422010	5.0
0957316909	3.0
0765304007	5.0
0758226020	2.0
0758203381	5.0
1476730601	2.0
1448692784	4.0
B009OST9O2	3.0
0547054947	5.0
B00I655NHQ	4.0
B004KKZ0KQ	5.0
1402218958	4.0
0984562133	4.0
0764205234	5.0
1475244207	2.0
0553587064	4.0
0312366043	2.0
0061836923	4.0
1400318262	5.0
1432745603	5.0
0899570313	5.0
0340979496	5.0
1402218966	2.0
B00AJQJIIU	3.0
0310715393	4.0
1595550240	3.0
0451239288	3.0
1416959033	4.0
0758266960	4.0
0061043494	5.0
0553587072	4.0
B00H2WE94C	5.0
0451413571	3.0
0316024961	4.0
0312359772	4.0
0802714943	4.0
B00A6X9A5C	2.0
0800734483	5.0
0553578960	3.0
0099710013	2.5
0983157200	3.0
B00HC290W8	3.0
B00JIB4LR0	5.0
1608206661	5.0
1414311699	5.0
1477848452	4.0
1594262942	1.0
B00FHP0C2Y	5.0
1494206226	5.0
0824947711	4.0
031232118X	3.0
1492110884	5.0
1607352990	5.0
0143114395	4.0
0373774923	3.0
0553587080	5.0
160737918X	3.0
0547839537	3.0
1483935906	4.0
1489516093	4.0
0061284408	4.0
0345536258	4.0
080214151X	5.0
1477848460	4.0
1596326727	3.0
0758266944	4.0
1416566996	5.0
0340822775	3.0
0743299116	4.0
0743260929	3.0
B007MSSFB4	4.0
0312198493	5.0
1599983478	4.0
1432732331	4.0
0316036919	3.0
B002VFPS54	3.0
1558324364	4.0
1601421397	5.0
1439117063	5.0
1480267627	5.0
0373861885	3.0
1469907119	4.0
B009FPS3FK	3.0
0764200429	3.0
0310714893	4.0
1410422445	1.0
0590877518	4.0
1880292319	4.0
0979311020	3.0
0385533462	3.0
0099464462	5.0
0441017150	3.0
1578566347	5.0
030794672X	4.0
0744320550	4.0
1484156005	5.0
1442421258	3.0
0345528670	5.0
1413317537	5.0
0989263134	4.0
B00DTDH8X2	3.0
1453812954	2.0
0312378904	5.0
0957575750	5.0
B009Y9UE22	4.0
1400071437	4.0
0805431586	5.0
076420839X	5.0
0989281027	5.0
B00149M19E	4.0
0764207075	5.0
1484994566	4.0
1439160708	5.0
0307953033	3.0
0736924884	5.0
0547073283	4.0
0615624030	5.0
0061939897	5.0
B00AZZDKG6	4.0
B00CZSF6CM	5.0
1938580044	5.0
0553384716	4.0
0380812029	5.0
1419950150	3.0
0761463275	4.666666666666667
0307588920	1.0
1601420099	5.0
052348058X	5.0
0615883729	4.0
0446578428	3.0
0451463803	3.0
B00D3CDDCO	5.0
1416590641	4.0
0451217896	4.0
0615726089	5.0
0310714885	5.0
1602604770	4.0
B005Y0HS7E	4.0
0547745524	3.0
1461059607	4.0
0310250633	4.0
1425132278	5.0
0425099490	5.0
0143035452	5.0
B0029TG2Z2	3.0
0739476475	3.0
1118446712	4.0
0764208381	4.0
0425198812	2.0
0451414047	4.0
0345468473	3.0
0020519109	5.0
0515135968	2.0
037380315X	5.0
0385344139	5.0
0061242683	4.0
0312570686	2.0
0553283197	5.0
1440446458	5.0
B0015Z7WL4	4.0
0978753119	4.0
B005HRSU30	3.0
014132855X	4.0
0979311063	3.0
1481999842	4.0
0736917721	4.0
0307953068	5.0
0307990893	4.0
0061656070	5.0
0615320147	5.0
B003YCPDIK	2.0
0758211856	4.0
0316008060	5.0
0595323375	5.0
0451419707	5.0
0425233669	5.0
045122986X	3.0
0739315293	4.0
0898707730	2.0
0061997749	2.0
1611249562	4.0
1590525604	4.0
0062184849	4.0
0373892187	3.0
0575091037	5.0
1401688640	4.0
0764207032	4.0
0307745392	4.0
0307458857	3.0
1623429072	4.0
1595552014	4.0
1933392827	4.0
0979311055	5.0
1442362383	5.0
B00C5K44GY	5.0
0486428230	5.0
1481170422	5.0
1484054881	4.0
0060577339	4.0
1590523873	4.0
0805431594	5.0
1414325460	5.0
1590526902	4.0
1586605879	4.0
0441942547	5.0
1414326785	4.0
0978986113	5.0
0380799367	5.0
0743435540	5.0
0764208330	3.0
0805095837	4.0
0979311047	5.0
B005G828V0	5.0
0440244501	3.0
1414333056	5.0
1482311461	2.0
0345413350	3.0
B00BKK6FLC	5.0
1938212002	4.0
1479124540	1.0
147005437X	4.0
0517268256	5.0
1494308681	5.0
193815018X	3.0
1608202216	4.0
0061668036	1.0
1400315166	4.0
0373892160	4.0
B007Q7FAIW	5.0
B00C3O6T2Y	5.0
0316008079	4.0
0061779814	4.0
1615072411	4.0
0307458830	5.0
1843109174	5.0
B004IPPKNU	1.0
B00BXV0G9U	3.0
B007Q7F9H4	5.0
1616380233	4.0
0800732669	4.0
149236522X	4.0
1434700488	5.0
0373443471	4.0
006223885X	3.0
B00BCSNLHI	3.0
0802720854	3.0
1594204284	4.0
0310276411	4.0
1608199770	4.0
0439456967	2.0
0977954323	5.0
0425206106	5.0
1414340125	5.0
039307157X	4.0
1622415450	4.0
078624819X	4.0
140883233X	4.0
B004CJ8156	4.0
0849900417	5.0
0670062219	3.0
1250040213	4.0
B00D89OGB4	3.0
0373776691	3.0
0440245028	5.0
0425232417	4.0
1590529286	5.0
1935204092	5.0
0615582052	4.0
0316098329	4.333333333333333
B00C6EHDFS	4.0
0316074357	5.0
0385751877	4.0
0736920447	5.0
0393062627	4.0
0758203403	5.0
0151008116	5.0
1741797292	4.0
1881273393	5.0
0310276438	4.0
031032808X	4.0
031027642X	5.0
1601420811	3.0
0062020625	4.0
0312605889	3.0
0062076108	4.5
0373210086	3.0
1482381893	3.0
0373513879	4.0
0307908410	3.0
1492103748	4.0
014305760X	3.0
0979022231	4.0
1480567981	4.0
0062020633	5.0
0425239071	2.0
1600067115	3.0
1416578137	4.0
1401937764	3.0
B003U89S66	5.0
0451458508	3.0
0615608868	1.0
B005N1OU7A	3.0
0061724769	5.0
0778313514	5.0
1400074460	5.0
0307989828	2.0
B00AZBY4D8	4.0
B004D9FF54	2.0
0800719646	4.0
1400073138	5.0
1416995528	4.0
1468187953	4.0
030795563X	5.0
B005Z1CGIS	4.0
0439442346	4.0
0312274629	5.0
B004P1IYW6	5.0
0805421289	5.0
B00JD0MFZQ	5.0
0778313522	4.0
B002VFPSD6	5.0
0553445383	4.0
B0031ESOBO	4.0
0440613426	1.0
0373860641	2.0
1938623320	5.0
0307277887	1.0
1400074452	5.0
1594488819	5.0
B005347NLM	5.0
159554870X	5.0
0982903391	3.0
0399162704	5.0
0545240778	5.0
1595145958	4.0
0062068520	1.0
0590877437	4.0
143915709X	5.0
B0097ROWUQ	5.0
1400004616	4.0
0615733999	5.0
0062020617	4.0
1620648873	2.0
0307917371	4.0
0385537050	2.0
0849920000	4.0
0345503384	3.0
015206396X	3.5
0373210035	4.0
081299289X	4.0
0553445391	4.0
061544752X	5.0
B004CJ815G	4.0
1939769507	5.0
B0055PTGYG	5.0
0380977265	5.0
B00C32UHB0	4.0
0778313530	4.0
1416509887	3.75
0802122345	4.0
0307730271	5.0
162253848X	5.0
1416510877	4.0
0399158677	3.0
0425220435	4.0
B0094JIIVQ	3.0
0764207083	4.0
1849058105	4.0
0552550299	4.0
1607377330	5.0
0373210043	3.0
0857521012	4.0
0375422307	5.0
0595518036	4.0
B008E2KZAG	5.0
1416551956	5.0
B0078L8858	3.0
0988695103	4.0
0307268969	5.0
0446690430	4.0
160820054X	3.0
0785261826	5.0
1596435526	4.0
1605044075	5.0
0439064864	4.0
037344348X	4.0
0764207091	5.0
0373210051	3.0
148408344X	5.0
0983979782	4.0
0615732682	5.0
1936922568	5.0
0307884848	5.0
B00394DS5S	4.0
B00DQ3BJ62	4.0
1452663874	2.0
0552550280	4.0
0307879496	5.0
0066211115	3.0
1481025988	5.0
B005Z1CGME	4.0
0470170182	3.0
1439182035	5.0
081298000X	5.0
0553592440	5.0
1439157073	5.0
0517585154	5.0
0812981340	4.0
1414323611	5.0
0312360827	4.0
144240339X	4.0
0373772246	5.0
0307388468	4.0
1606593315	5.0
B00A9UXL7U	4.0
0312359845	5.0
0446547204	5.0
1400073162	5.0
1615812261	5.0
0451225511	3.0
0984562109	4.0
0425238598	3.0
1416509879	5.0
0984978259	3.0
0385340540	2.0
1599956780	4.0
1416963960	4.0
1439182043	5.0
1612183891	5.0
0786420359	5.0
B005GSS26K	4.0
1595543074	5.0
1936305941	4.0
0425155188	5.0
B00BLSR1KM	4.0
1615813586	5.0
0380015390	5.0
0778324214	1.0
0385338236	1.0
1401685617	5.0
0143034901	5.0
1613720785	4.0
0743498801	5.0
B007DZGBJ4	5.0
B00BC2U8DE	5.0
1400073154	5.0
1906529523	5.0
0764207954	5.0
1400074487	5.0
1599987872	4.0
1449576249	3.0
0310235936	2.0
1420100971	5.0
0981588301	3.5
082542674X	4.0
0451208153	4.0
1416924388	3.0
0370332288	4.0
0312868650	5.0
1453681027	3.0
1609530373	5.0
1492184373	4.0
1616382805	3.0
0553808109	5.0
0310235928	4.0
0988695146	1.0
B007IJ4822	5.0
1400073146	4.0
0451233166	3.6666666666666665
0764207962	5.0
B00A99HB40	3.0
0892967986	5.0
160592184X	4.0
1933417072	4.0
1420100963	4.0
0385538367	3.0
0505524562	5.0
1476761779	5.0
0825425417	4.0
014241882X	1.0
0425227898	5.0
B00DS3VOFQ	5.0
1416575979	3.0
0736918140	5.0
0743443950	4.0
0439023483	4.2
1481173596	5.0
0802451543	4.0
0553383485	5.0
B004R1QBT2	5.0
1493627031	4.0
0825425409	4.0
1400070937	5.0
0983045909	5.0
1609280822	4.0
0800734408	5.0
0345423607	3.0
0141321008	5.0
0310951127	5.0
1416505474	2.0
0345522478	4.0
0061214655	3.0
0451223772	5.0
0760772215	4.0
0505524570	5.0
074349881X	5.0
0307730212	5.0
0373773552	5.0
1416547037	5.0
1477809716	4.0
0316041440	4.5
0986915505	4.0
0380007789	3.0
B00BTLVBO8	5.0
043920352X	3.5
0439023491	4.333333333333333
1608204057	5.0
B004CJ810G	4.0
1468082132	4.0
1602605122	4.0
B004CJ8110	5.0
1400068622	4.0
1475249993	3.0
0824947762	4.0
160142132X	5.0
0803474628	5.0
1416550682	5.0
078795599X	5.0
1400044634	4.0
0312375042	3.0
B0087PJ8YY	3.5
0373777922	3.0
0979332745	5.0
1250006317	5.0
0800732685	4.0
0553386530	5.0
0091902053	5.0
B007C4WIPC	3.0
1594486247	4.0
1414333846	4.0
0615533051	2.0
1400032687	4.0
0399159126	3.0
0425189104	5.0
0743566572	2.75
1416585311	3.0
0984978291	3.0
149043013X	4.0
1615817913	5.0
1477420363	3.0
0440246369	4.0
0425205673	3.0
B00AVF91LI	3.0
0140390243	4.0
1414319568	4.0
1400070929	4.0
059003152X	4.0
145557631X	4.0
1416505458	4.0
0800732677	4.0
0441014003	4.0
B005DJV5J8	2.0
0470497653	4.0
B008O53PM8	4.0
1469969424	5.0
0385338252	3.6666666666666665
0736918108	4.0
0394757688	5.0
146370884X	2.0
0312360819	4.0
1414319576	5.0
1416575987	4.0
0373218850	5.0
1601421311	5.0
0425205681	5.0
141432054X	5.0
1480187909	5.0
0765327449	5.0
0345448944	5.0
1469905213	3.0
0307739473	4.0
030739610X	2.0
0547390181	5.0
B002HE1IBW	3.0
009928099X	4.0
0441018521	4.5
1934166634	4.0
B00BGZSXAW	4.0
0547634536	3.0
0374228825	4.0
1441540261	5.0
0061985848	4.5
0743287037	5.0
1475017928	4.0
0736925201	4.0
B00AG5NMJK	5.0
1484008839	5.0
B00BHHDN4K	5.0
1599951924	4.0
0615374778	4.0
0977914305	4.0
1477473831	5.0
0764204084	5.0
0345456580	5.0
0764207113	5.0
0316114669	4.0
0671003364	3.0
0062003976	2.0
1595552731	4.0
0373793332	3.0
1623000254	5.0
1416561390	4.0
0375847588	5.0
1615814051	5.0
0140319298	5.0
0062198505	4.0
0399159053	5.0
055338466X	5.0
0310717868	5.0
1897562624	3.0
0345528719	2.0
1480219851	2.5
0061043583	4.0
B004XVSXJM	3.0
1613721919	4.0
161581972X	3.0
0425203972	4.0
1495389812	4.0
039915373X	3.0
1439133042	5.0
1466297689	4.0
014219672X	5.0
0140093559	2.0
B00HKMUFU6	4.0
1416559086	3.5
0307377849	4.0
0745652174	3.0
030735122X	4.0
0307352552	5.0
0310717876	5.0
006156088X	3.0
0764209744	5.0
1612186866	4.0
0989450236	5.0
148956621X	5.0
0553593846	5.0
1479101761	5.0
1599983559	3.0
0736927891	5.0
1402236689	3.0
0761534040	4.0
0375814671	1.0
0151012032	4.0
0060796626	1.0
1416551115	5.0
037383196X	3.0
1590526880	5.0
0374193681	4.0
1936202085	5.0
031602046X	4.0
0307958000	4.0
0470890754	5.0
1595542507	5.0
1439261148	4.0
1937551806	4.0
0425212033	5.0
0451212991	4.0
1934531006	5.0
0399164456	1.0
0451233840	5.0
0425201376	4.0
0982175590	5.0
1606018388	4.0
0375414967	4.0
0800733282	4.0
1599987929	4.0
161109965X	5.0
0356500276	4.0
1622660471	3.0
0375424148	4.0
1937044742	5.0
0061378771	5.0
038536315X	3.0
0312942303	1.0
0545233445	4.0
0316093440	5.0
0441005241	3.0
1480439703	2.0
0441020860	5.0
0441544762	5.0
030728364X	5.0
1937551822	5.0
B00D0BE912	5.0
0758266812	5.0
0007171684	4.0
0143037137	4.0
0765315483	3.0
0515141674	5.0
1603706038	3.0
0811865665	5.0
1451598777	5.0
0061869708	4.0
0345375653	4.0
0615739407	5.0
0834124386	5.0
1603582371	5.0
0781807360	5.0
B002TG4OZ0	4.0
055359253X	4.0
0451227190	3.0
0307960307	5.0
054722592X	4.0
1937909123	5.0
B00HFGS3QK	4.0
B00BMG2NMY	5.0
1937593673	5.0
0778327272	5.0
B003SNK25O	5.0
1416597352	3.0
0615723055	5.0
B00A6VHADI	4.0
1439188157	3.5
039915907X	2.0
0453006078	5.0
1569767165	5.0
B007M8S2L2	4.0
0375836888	4.0
0061259357	4.5
0440114756	2.0
B00EVHUGO8	5.0
0425173615	4.0
0618806237	4.0
B009RHX9SW	2.0
1451689012	5.0
0061662836	4.0
B004K1F7US	5.0
1402250924	5.0
0736918981	5.0
1608200345	3.0
1439225419	4.0
1492753203	5.0
1414329954	5.0
0345519833	5.0
1470077140	5.0
0373777272	4.0
B00540L9II	4.0
1402236611	3.0
1909306800	4.0
0373210264	5.0
0312303467	5.0
B00E4QM0YU	5.0
044658083X	3.0
0425212866	5.0
1615817158	4.0
0446391948	5.0
0764204912	5.0
1591450748	5.0
B00BFQDEPG	3.0
1402253192	4.0
0062273248	3.0
1468009575	4.0
1451689004	4.0
0310712122	5.0
B007SGFN0Q	4.0
1400095506	4.0
0143120360	4.0
B0051EZBRM	5.0
0061284394	3.5
1414329946	5.0
1892145960	5.0
1482601443	5.0
0762441488	2.0
0505528223	5.0
0307958841	4.0
0375821813	4.0
0802126065	3.0
0061721557	4.0
0821780654	2.0
1611097894	3.0
1551666219	4.0
0615429505	4.0
1493740318	5.0
1859643299	5.0
1605048577	5.0
B00BE2Y7CK	4.0
B008846VLM	4.0
B007MCMJA8	4.0
B00A99D3T2	5.0
1401932002	2.0
1597894923	4.0
B00GEEB15Y	4.0
0141326085	2.5
1578568862	5.0
0843959142	5.0
0857071459	4.0
B003U89SO8	4.0
1414316658	5.0
0736923446	5.0
1599951983	5.0
0615192335	5.0
0425236870	5.0
039306123X	5.0
0736924779	4.0
0307245306	5.0
0425184307	5.0
1938623428	5.0
1619352532	3.0
0505522942	4.0
0060848324	4.0
0439023513	4.333333333333333
0373771983	3.0
1590513525	5.0
0446576778	5.0
0800719808	4.0
0689808828	5.0
1416503609	3.0
0316290637	5.0
0743572440	4.0
0670022810	3.0
B00309SCVW	2.0
125003003X	3.0
034553283X	4.0
1416975888	5.0
0061430986	2.0
0310712157	4.0
B009K5KBD2	5.0
1475195621	3.0
0375859551	3.0
0060887184	4.0
0062100297	3.0
0345541790	2.0
1594488096	3.0
1594865280	2.0
1419953966	2.0
1595542590	5.0
1606019635	5.0
0821716905	5.0
045121952X	1.0
038573381X	4.0
0061992194	5.0
1596980176	5.0
1599903423	4.0
1416503617	5.0
0385522894	5.0
1479119059	4.0
1491263849	5.0
0380753014	5.0
1596320486	3.0
0547290926	4.0
0984325689	3.0
1586088998	3.0
1599951967	4.0
1400074614	5.0
1934166685	5.0
1484881966	5.0
0618065822	4.0
B00B6DHGIE	4.0
1400071593	5.0
0061234931	3.0
0375826688	3.0
0310319978	4.0
1439198365	4.0
0736922148	5.0
0312387962	1.0
0764209779	5.0
1603705589	4.0
0152997059	5.0
0061953407	4.0
0812978676	5.0
0099911701	3.3333333333333335
1477849815	4.0
0373892055	2.0
0553588451	4.0
0345523903	4.0
1595542574	5.0
1609288084	5.0
0615706568	5.0
1490544755	4.0
0441020011	5.0
1400315050	4.0
0842387587	5.0
0385739168	2.0
0425253392	5.0
B00AP97Y3C	5.0
0786868724	4.0
0764209787	4.0
1400050642	5.0
0061626317	4.0
1400071577	5.0
0373778570	3.0
0553593803	5.0
0849921392	4.0
146540841X	4.0
144992462X	4.0
0060733985	5.0
1416592555	5.0
0988223678	5.0
0451466225	2.0
B00JTIOYOM	5.0
0373605412	4.0
B00AWKDF78	4.0
1598796178	4.0
1461006953	4.0
0944087035	5.0
0985266325	4.5
1619213621	5.0
1606410938	4.0
0615583253	5.0
B004BA5302	3.0
B00HFUJPO0	3.0
1439198349	5.0
1402266448	5.0
1606842323	5.0
076420498X	5.0
0452288584	3.0
1484055268	4.0
193554022X	5.0
1595230092	3.0
0307949060	4.0
B00AXT0PWQ	5.0
0441014941	3.5
0061450545	4.0
0061032093	5.0
1601420722	5.0
0439739330	4.0
B00LEPOJHK	5.0
0525947736	5.0
0061450553	4.0
0307917452	3.0
0762436859	5.0
1452661197	3.0
1590529162	5.0
1416521453	5.0
0451458621	1.0
0988223651	5.0
1439198322	4.0
1619210576	4.0
0985348720	3.0
0142419400	4.5
0515142166	4.0
0764204963	5.0
0739374532	4.0
0451229851	5.0
0062314254	4.0
1400069165	3.0
1595542493	4.0
1466471387	5.0
B004D9FX74	4.0
0525473246	2.0
1470159503	5.0
B00HTJBE6O	3.0
0142421715	3.5
0307446018	5.0
0446505544	5.0
0736917586	5.0
0764204971	5.0
1419952749	3.0
1600377025	5.0
0736909958	4.0
0800732758	4.0
0061131741	5.0
140221085X	2.0
1402251386	4.0
0312088043	5.0
0991209206	5.0
B00K0YBVIG	4.0
0446505552	5.0
0425219518	4.0
0984662103	3.0
B004FN2CWW	5.0
0373771088	1.0
1609283139	5.0
1606840576	4.0
0781405939	4.0
1590529111	4.0
0988223635	5.0
0307908542	3.0
0981663915	5.0
0312376413	4.0
1419969595	5.0
B00394DSRG	5.0
0307263185	4.0
1400106656	5.0
0553572997	5.0
0307595129	3.0
1620610116	4.5
1596328363	4.0
1477407464	5.0
146631592X	4.0
B004TPZYI0	5.0
0061474452	4.0
0553208845	4.0
0988223643	5.0
1606840584	4.0
0425233820	2.0
0764204955	5.0
140870403X	5.0
0373771096	3.0
1481884506	3.0
0800732731	5.0
0547134657	4.0
1616952156	3.0
0345511875	1.0
1934531812	5.0
B003Z0D08G	4.0
0671874845	5.0
0800731409	4.0
0399159894	4.0
1426211856	5.0
1484002709	5.0
0802715354	5.0
0310249589	3.0
1439142734	4.0
1442403470	4.0
0983212546	4.0
B004KZOR8W	4.0
0307730182	4.0
0375856455	3.0
0739314009	5.0
0778326713	5.0
0061474460	4.0
0800759842	5.0
0786838922	2.0
0684847957	4.0
0982953720	3.0
B0049H8WDW	4.0
1938623452	5.0
1477535675	5.0
0451233077	4.0
0764204920	5.0
0060571993	4.0
1400074568	5.0
B00BNRIK56	3.0
B005G8J7R8	3.0
1938499204	4.0
1401685781	4.0
0618331298	4.0
0985266341	5.0
1613722494	4.0
1434450341	5.0
0312151756	4.0
1607377454	4.0
B003E3604U	4.0
0345523865	4.0
0590742590	3.0
0345529189	3.5
0446505587	5.0
0307595110	1.0
1601420749	5.0
1402241143	4.0
1609283104	5.0
1615810579	4.0
0060082739	4.0
0451157737	5.0
0425266745	4.0
1250003326	3.0
1607377462	4.0
0425240134	4.0
0373775466	5.0
055344526X	3.0
031216985X	4.0
0736919392	5.0
0143116304	4.0
B0095M6R7O	5.0
1400073294	4.0
0618861882	3.0
B005ME39HU	4.0
0002242052	5.0
0316033758	4.0
B00BZPLGVG	3.0
0307939650	4.0
042522404X	4.0
1611090369	3.0
0137010591	3.0
B004HFRKMA	4.0
0800734556	4.0
0800733223	5.0
0446568260	4.0
1400073286	4.0
0802121187	3.0
1250030935	4.0
1451524439	5.0
0767926986	5.0
1595548637	5.0
0758266928	4.0
1595548645	5.0
1451524447	5.0
0380729407	5.0
0805425551	5.0
B00CP5LE1W	4.0
0345535871	3.0
B00CDW3SDE	3.0
B002YK45IW	3.0
0849943663	5.0
0385530528	4.0
0983906904	4.0
1420111795	5.0
1416963839	5.0
1408842432	5.0
0373771061	4.0
0764206745	4.0
149100570X	5.0
159995687X	5.0
0800734548	4.0
1450579973	3.0
0062024035	5.0
1589190947	5.0
0985266384	5.0
1605045411	4.0
0441014100	5.0
0307458067	4.0
0615596517	4.0
0345545214	3.0
1599956896	5.0
0615572545	3.0
B00INIXG66	3.0
076146140X	4.0
0451222385	4.0
0778324109	5.0
0983906912	3.0
B003CT32JC	5.0
1434765075	5.0
0425201392	4.0
B00AQSBPUK	4.0
B009F43LKS	3.0
1402217412	5.0
0425230775	4.0
0385528213	2.0
B005DER6J6	4.0
B00KXFDDDI	5.0
0800733207	4.0
0987151118	4.0
0618873856	5.0
0373255926	4.0
B009IB8LX0	5.0
0399158588	4.0
1605041041	4.0
0345525612	4.0
1402217420	5.0
0976994747	5.0
0061628018	5.0
0425228460	5.0
0451413733	1.0
1613723717	4.0
1575667371	1.0
0615751911	5.0
0800734521	4.0
0307275973	5.0
B003ZK55WU	4.0
1481049879	5.0
0802142923	2.0
0060724277	4.0
0312379528	4.0
0425238660	5.0
1453888047	5.0
0440237556	4.666666666666667
B004P1J1MI	4.0
0547443153	4.0
0380773554	1.0
1599989700	4.0
161235646X	4.0
B00BIE98HS	5.0
0007423632	4.0
0373772327	4.0
1937254453	5.0
B00J83I8HM	5.0
0312380518	4.0
0451413741	1.0
0062061844	5.0
1400008263	5.0
B004W9NIOU	3.0
1599956853	5.0
0991686004	5.0
1442359781	5.0
1616382740	4.0
0441016766	4.0
B008MYSMN8	5.0
0451205804	4.0
1414311702	5.0
0345513657	4.0
0778324133	4.0
B00D749D1I	5.0
0316033707	2.0
1606930486	5.0
B00E3JJ0OG	5.0
0615301053	4.0
1434765024	5.0
1590524284	5.0
B00B5JYDDK	4.0
0802405584	5.0
0451221001	4.0
B00A54RF2C	4.0
1609283198	3.0
0007257546	5.0
0764206702	4.0
0988223694	5.0
0062025317	3.0
0451231287	5.0
1938857119	5.0
1426700245	4.0
0062012010	4.0
0892216905	5.0
1410436349	4.0
0802138888	4.0
1402251351	3.0
0399169288	4.0
0743230213	5.0
B00CA4YT6U	3.0
0800732790	5.0
B00C8OZB7I	5.0
0983906939	5.0
0671877941	5.0
0199116903	4.0
0425215113	4.0
1432737856	4.0
0615677509	4.0
081186877X	5.0
0764206710	3.0
1492206083	5.0
0316051586	4.0
0451222350	4.0
0446199613	5.0
1451626339	4.0
1601422520	4.0
080073209X	5.0
1450430112	5.0
1434767744	4.0
0027109917	4.0
1434766411	5.0
0755396065	5.0
0345525795	5.0
0989740617	4.0
1478190892	4.0
0843944382	3.0
B00I4ABC3W	5.0
0062195379	3.0
0451223969	3.0
0425245039	3.0
0764206370	5.0
031224116X	4.0
0805093079	2.0
1934166510	3.0
1495934373	5.0
B006XWY424	5.0
0345528816	3.0
B00BFF7ZX4	5.0
B001V5JCTI	2.0
034581360X	4.0
0330449605	5.0
0765328666	3.0
0310715598	4.0
1934081086	5.0
1483918777	3.0
B007Z40F0Y	3.0
0778315592	5.0
1451675364	4.0
0446581895	5.0
0425226743	4.0
1586421654	5.0
0425245047	4.0
0399155805	4.0
1477617019	4.0
B001BRD238	5.0
1434765105	5.0
1937551903	4.0
0345528840	3.0
1590524128	5.0
159052411X	5.0
1576732304	3.0
1595550429	3.0
0785209824	4.0
0762779187	4.0
1599799553	5.0
150032048X	5.0
0307341542	5.0
1451621531	4.0
0425157628	4.0
098902329X	5.0
1937053342	4.0
1416563687	3.0
0373785852	5.0
B00AHIKYIS	5.0
0446579599	4.0
1854249851	4.0
1612185894	4.0
0140434135	4.0
0764207695	5.0
B005CQ80R2	3.0
B00FMJ8OFC	4.0
0736914862	4.0
B001OWY7GG	4.0
0307718417	3.0
034552750X	2.0
0800733398	5.0
0451220897	3.5
1611099536	3.0
080073338X	5.0
0446579521	4.0
0062234625	5.0
0385730284	3.5
B007JCPFGG	4.0
1480185884	5.0
1416541446	2.0
0736914854	4.0
0310273986	5.0
1419656252	5.0
0345527526	2.0
B007PY3FRO	3.0
0984359109	5.0
0451229231	3.0
0553257994	4.0
0345528875	3.0
B0060OTB96	5.0
141656103X	4.0
1491021217	5.0
0764205005	4.0
0310273994	5.0
0505525712	1.0
0739332414	4.0
054515135X	3.0
0736924280	5.0
B00322OP86	5.0
147010279X	4.0
B00CYSATU2	4.0
0007430671	4.0
0446698946	5.0
0440423074	3.0
0439929830	5.0
031236847X	3.0
B00AZ8B1OQ	5.0
0764203282	4.0
0062071130	3.5
1439191697	4.0
0989740633	3.0
B00K4IKBWK	5.0
0151014124	4.0
1419955640	5.0
0425192008	4.0
B0070MVAUU	5.0
0553580213	4.0
1894663756	4.0
0800733363	4.0
0345528891	3.0
1615814140	4.0
0802722334	4.0
0345515579	4.0
0761463097	4.0
0787963879	3.0
1400069777	3.0
0451210654	3.0
0446698954	5.0
0987708848	3.0
1611188296	4.0
1935192671	5.0
1484820681	5.0
0312241143	4.0
0801893941	4.0
034552621X	2.0
0142501107	5.0
161109951X	4.0
1611099528	5.0
0316212822	5.0
1451649916	3.0
1849544115	3.0
B004K1F0GO	5.0
1558500189	4.0
1595143173	4.0
1451665164	5.0
0310289459	5.0
0988847604	5.0
1589974816	5.0
1492133353	4.0
0981944302	5.0
0984422943	4.0
B00DLFP48Y	3.5
1492286966	5.0
B0088HTK8K	5.0
0061938343	4.0
1402236972	3.0
0316289329	5.0
B00AEDDSN4	5.0
1479355100	5.0
0006479286	2.0
156322108X	4.0
B00C5K3I8O	5.0
1595143181	3.0
0137019963	4.0
0060652926	5.0
0545208785	5.0
0307480569	4.0
1250045630	5.0
0857206931	4.0
0446530220	1.0
B00B03BP7I	1.0
B00FGFY86G	5.0
1938750977	3.0
0671028367	4.0
0307454290	4.0
1466415088	5.0
0446178152	4.0
1478190027	4.0
0307736245	4.0
1492982598	3.0
0615752136	3.0
1609360001	4.0
1469934957	2.0
1601421192	4.0
0446556823	5.0
0307729923	5.0
0061560944	4.0
0312383282	4.0
1481924060	5.0
1937058182	5.0
039916216X	4.0
B002DOSBOS	4.0
0399162178	3.0
0307269620	5.0
006230240X	5.0
0451218507	1.0
1933389850	4.0
1478283106	4.0
0451226186	5.0
0446556815	4.0
0988847612	4.0
0781405726	5.0
1400073820	5.0
1600391834	3.0
0345435796	2.0
0988230232	4.0
B00EA45DUO	5.0
0981559204	5.0
0312541864	2.0
B0035LDNFA	5.0
0195174550	4.0
B000JMLKI0	5.0
1416589422	3.0
1428075631	3.0
0060544244	5.0
0440244315	4.0
1428166181	4.0
0736925511	5.0
B009LXOJ2C	4.0
0812968972	2.0
0452283485	3.0
1560235330	4.0
1414310188	5.0
B00A8J1C32	5.0
1608200264	5.0
031603326X	3.0
0686025113	5.0
1463605005	5.0
0984422900	4.0
1414327854	4.0
B00GSNE7TS	5.0
0988369516	3.0
0764205080	4.0
0425243214	5.0
1482553112	5.0
1609361350	4.0
B00D7Z4FW4	3.0
0446577758	3.0
1442421053	3.0
0671041312	3.0
0385521685	5.0
1937957365	5.0
1482008238	5.0
145550369X	4.0
B009QX0KSE	2.0
0312662130	3.0
1416207694	5.0
0764205099	5.0
1439133751	5.0
0763629308	4.0
074348827X	5.0
0778313808	3.0
B00GFD8HFQ	4.0
0373605463	3.0
0151012377	5.0
0615530222	5.0
0545123283	3.5
0764206389	5.0
B00CNTTUWA	4.0
0451451627	5.0
0764206397	5.0
1609200136	4.0
1402236999	5.0
1468161660	4.0
1413312047	2.0
B0070PJ4DC	5.0
1480256706	5.0
0547394608	5.0
0393062031	4.0
1599950731	4.0
1492391719	5.0
1414310196	5.0
1478145471	5.0
1416503951	3.0
1934770396	4.0
0670024902	3.0
0745652492	4.0
0445406518	5.0
1602602301	4.0
0800719913	5.0
1439136807	5.0
0374214913	5.0
0446179469	5.0
0758267630	5.0
1599794691	4.0
1573443662	5.0
0425160394	4.0
0060652950	4.0
1466359307	5.0
0743582373	4.0
1416994068	5.0
B001IP0UH4	3.0
B00BZPII3K	3.0
0345505387	4.0
0805449817	3.0
0440246113	4.0
0800731573	4.0
B004G08WO6	3.0
0545123267	3.3333333333333335
1419688731	2.0
0307209989	5.0
0764205951	4.0
1599794764	4.0
0979446252	3.0
044101819X	4.0
0307730093	4.0
0140053204	5.0
0142420980	3.0
0373513674	4.0
0778313719	5.0
0062257390	4.0
0505523043	4.0
0375706771	4.0
0439076668	4.0
1613720114	5.0
141431888X	5.0
1595340521	4.0
0778313727	4.0
1484125460	5.0
1466394579	5.0
1934030260	2.0
1578567947	5.0
0316289299	5.0
0985370203	4.0
0505524384	1.0
0895260301	4.0
0060559349	2.0
0310252237	5.0
0425256634	4.0
B00APQT5FA	4.0
141699792X	4.0
1423157192	4.0
0349402965	4.0
1897299168	3.0
1402257813	4.0
1607374021	4.0
0312369816	3.0
1938404351	4.0
0061928127	3.0
0380818760	3.0
159979344X	5.0
B003TLMNA2	4.0
1419965921	5.0
059527014X	4.0
0805449809	3.0
0143036939	3.0
0380782332	4.5
1400073782	5.0
0425256626	5.0
1620610078	4.5
0689857225	5.0
1932565728	5.0
193541674X	3.0
0373778651	4.0
B003IWOC1A	2.0
0812993969	4.0
0345486544	4.0
B00E1LF496	5.0
1570718245	4.0
0345530268	4.0
0615720455	5.0
0310252253	4.0
1409949109	5.0
0671720376	5.0
0307907333	3.0
0061714720	3.0
B009GKU2DU	5.0
1423170148	5.0
0375422994	4.0
1612181422	4.0
1595546308	4.0
0061990965	4.0
B00ATHPGJO	4.0
1479313238	5.0
B00322OPEU	4.0
1615810668	4.0
0345546601	5.0
0062017683	2.0
0156031566	5.0
0310712548	4.0
1590520661	3.0
1414318871	5.0
0373775571	5.0
0345505336	5.0
0230612652	4.0
1613150105	4.0
1400049253	4.0
0451223136	2.0
1419962833	4.0
B0071EEIM4	5.0
1484940598	4.0
0373786204	4.0
0764221159	1.0
1494388588	4.0
1938499573	4.0
0375869638	3.0
B003UV8ZBW	3.0
1612182763	3.0
0425188884	4.0
0307245640	3.0
1604063165	4.0
1483983730	5.0
0061802050	3.0
0983292507	4.0
1439199507	4.0
006149416X	4.0
0060846763	3.0
0307383415	4.0
1612182739	3.0
B007ILC19C	4.0
031621017X	2.0
1402264119	5.0
1483948536	4.0
0425274462	5.0
0385529694	5.0
B006LUI6JA	4.0
0764201530	4.0
0312426852	5.0
0060595833	4.0
B009MBUOQI	3.0
B00BZW5E7G	5.0
0767927532	4.0
0981508480	5.0
031233916X	3.0
1432715100	3.0
0758220170	1.0
0345546628	4.0
0515138851	5.0
034554661X	3.0
031257357X	5.0
0393037010	3.0
1936283018	4.0
0385360797	3.0
1843604469	5.0
0670016586	4.0
B005BQY68A	4.0
1590521986	5.0
1416955208	5.0
0060294582	4.0
1463609337	1.0
006149190X	2.5
042518756X	2.5
0736917896	4.0
0060755474	3.0
0425264203	3.5
B002GEX2Q2	4.0
0240520807	4.0
0446606898	3.0
0312283784	5.0
0758266383	4.0
1574218964	5.0
0061852368	4.0
B007FEFDCE	3.0
0764202049	5.0
B005CX8RGE	5.0
1439117616	4.0
0399159347	4.0
0156167689	5.0
0062091565	4.0
B005078OKG	4.0
0812971787	5.0
061563978X	5.0
0985322403	3.0
0385341636	3.8181818181818183
0975961993	4.0
1565124383	5.0
0312661762	2.0
0764202057	4.0
1933392584	3.0
1594486433	3.0
B00B9YP3KS	3.0
0553563793	4.0
0451232054	5.0
B00COLZXIW	5.0
0316084778	3.0
B001DBEQC8	3.0
1426701640	5.0
B004ELAP9C	3.0
0470526823	5.0
0451220072	3.0
B004LGS7WC	5.0
144235948X	4.666666666666667
1901983412	3.0
1623220513	4.0
0137072066	5.0
161581552X	4.0
1481948997	5.0
B007BEDUV4	5.0
0898159393	4.0
0373775555	2.0
193725433X	5.0
0393065049	5.0
1416548106	3.0
031299091X	4.0
0061852376	4.0
B00I0WSB2O	1.0
0761137858	5.0
0385349580	3.0
B008ACC12K	2.0
061840547X	5.0
0385530633	4.0
0547868715	4.0
B008ZHE2NQ	5.0
0545210283	4.0
1416563725	2.0
0690244894	5.0
B004WG5C8I	5.0
1492819905	4.0
0195368347	5.0
1615815546	4.0
006114343X	3.0
0805449884	4.0
1484842812	5.0
0544158903	3.0
0061946869	3.0
B004P8K2CE	3.0
148051652X	1.0
0061118443	5.0
1402241453	5.0
006056167X	4.0
1615813780	4.5
0743579631	5.0
014241557X	5.0
1437883516	4.0
0857385178	4.0
0778314200	3.0
0764229966	5.0
0446579491	5.0
0547773943	3.0
1434799387	5.0
0451233328	3.0
145163840X	5.0
1416908099	3.0
0670038717	5.0
0553107488	4.0
0385525249	4.0
B007YJ3JV2	5.0
B00DEI4BCI	5.0
0385341679	4.4
0061118451	4.0
0062200461	3.0
0312614578	3.0
0778315541	4.0
B00GI8V430	4.0
1620610094	3.5
1622660757	4.0
B005U8GQT6	5.0
031261456X	5.0
0451232011	5.0
B0064P9O34	4.0
0425216586	5.0
0785266453	3.0
1606014617	4.0
0321585453	3.0
0143104888	5.0
0312370830	4.0
1612180183	2.0
0373785763	5.0
0451234669	4.0
0763644005	3.0
0446860018	5.0
0312625227	5.0
B0043EWX5Y	4.0
0345544013	4.0
1595142606	3.0
0312614586	3.0
1118164903	5.0
1606592661	5.0
B002U0M524	5.0
0781448921	4.0
0451225724	5.0
0764205978	3.0
0980101883	4.0
076420596X	4.0
1935265229	5.0
1432759515	5.0
0736921974	5.0
B008AETPIG	5.0
1558530010	5.0
0312860951	4.0
0689854153	3.0
0441017770	5.0
0505523027	3.0
1570721858	3.0
B005S0V67I	4.0
1599792966	4.0
1494430576	4.0
0373772467	4.0
0981875262	5.0
0805088407	2.0
0800731581	5.0
0451220048	4.0
1456566997	4.0
B005AK44I4	4.0
0141312343	5.0
1938623185	3.0
1477808647	3.0
0545255198	5.0
0451234693	5.0
0743471393	5.0
0375845631	3.0
0825463092	4.0
0385341652	4.111111111111111
0778314235	4.0
1592766056	4.0
1477110976	4.0
1615815503	5.0
1402241429	4.0
146365961X	3.0
0312383304	4.0
B004ISLQCG	4.0
0307446700	4.0
B00DNMBQDM	2.0
1434767868	4.0
143476785X	4.0
014019536X	5.0
0980123410	4.0
0778315452	4.0
0618883959	5.0
0764206494	4.0
0061020680	5.0
1461058821	3.0
1416541527	3.0
1414322240	5.0
0553589563	5.0
082543310X	5.0
0142001740	4.0
0778315460	3.0
B00BL3DVJ2	5.0
0312358350	3.0
1632020742	5.0
0345504968	3.5
0425201570	5.0
0060751967	5.0
1453254951	4.0
055313079X	5.0
1609282914	3.0
0615680046	5.0
1602601755	4.0
1416974369	2.0
0061375462	5.0
0345515633	2.0
0439554802	3.0
0312426135	4.0
B00B0P2GME	4.0
1460979796	5.0
0758218567	4.0
0425225534	3.0
146811803X	4.0
0425224201	4.5
1468194607	4.0
0380767406	5.0
1105424421	5.0
0985007109	5.0
034552893X	3.0
1605047082	5.0
1935097172	5.0
B008O53UZ0	4.0
1414310285	5.0
0060012382	4.0
144233729X	4.0
159052229X	4.0
B00IQVXYV2	5.0
0307444988	5.0
1423147944	4.0
0802727956	3.0
0152064346	5.0
1602601763	5.0
0373785984	5.0
0764205137	4.0
0805432922	4.0
0312426143	5.0
1414322267	4.0
0062103105	4.0
0451235843	4.333333333333333
0263874680	3.0
0784723915	5.0
0758284047	4.0
1408835193	4.0
B002TG4MQG	4.0
1484136950	5.0
0062015729	4.0
1416541551	5.0
B00I5V3MVU	4.0
0307444996	5.0
0312551371	4.0
0764205145	4.0
1572229160	4.0
0830745920	5.0
037389533X	1.0
0764206486	4.0
1477517545	5.0
1492254398	4.0
140006984X	3.0
1937774120	5.0
0553593617	3.0
0764206443	4.0
1402267169	5.0
0967449820	5.0
0312624670	1.0
0307444961	5.0
0062136003	4.0
B00AA3PA52	5.0
0060538260	5.0
1419683926	5.0
0061239550	4.0
1595551697	3.0
1595554726	3.0
0061147958	5.0
1843609452	1.0
1402213395	5.0
1452107408	5.0
B007SPPH1M	4.0
037543190X	4.0
0553391135	3.0
0743233468	4.0
0758273363	4.0
159420473X	5.0
1594204748	4.0
0802723527	5.0
B006J8QBH8	3.0
1937007588	5.0
1455503746	4.0
1416989412	4.0
0425266044	5.0
0385534221	4.0
0525951997	4.0
061568310X	4.0
B00480OPOK	2.0
161213064X	3.0
0307716570	4.0
B005K9ISVO	5.0
145550372X	5.0
0800733495	5.0
1590522265	5.0
0984235876	4.0
B00DTDGJ64	4.0
0764206427	4.0
1402267185	4.0
0821756389	2.0
1451695918	4.0
0689876335	5.0
B006LTB8BE	3.0
0062125370	4.0
073935650X	5.0
0441020658	1.0
0307593967	5.0
0307444945	5.0
1595548033	3.0
0151015333	3.0
B00CNQ7BG0	4.0
1616951966	4.0
0345527682	3.0
1600061338	4.0
0425217930	3.0
0833524658	5.0
1599981181	3.0
0764205102	4.0
0764206435	4.0
0316056634	3.5
0515145807	4.0
0764205110	4.0
1603708456	5.0
0140435387	4.0
B00AMIH8Y6	5.0
0545210127	4.0
0345501861	5.0
1416989439	2.0
0451239350	5.0
B00B40PTME	2.0
0800730402	4.0
0007157150	4.0
1933389958	4.0
0441017029	4.0
097977733X	4.0
030797071X	5.0
0786808012	4.5
1400073979	4.0
0316289442	5.0
0425217094	4.0
0439793807	5.0
1500122726	5.0
0470248424	3.0
0440244447	4.0
0671577727	5.0
0988504707	4.0
0764201646	5.0
0312650094	3.0
0373210027	4.0
0060740450	4.0
0399162070	3.0
0849922070	5.0
1494232065	3.0
160260049X	4.0
1400073960	4.0
0062024620	4.0
1468155083	4.0
0544108620	4.0
160370356X	5.0
1402267134	4.0
0446579610	4.0
0525951954	5.0
0373163983	5.0
0849946018	5.0
097718661X	5.0
1419951114	3.0
0425217086	5.0
0062024612	3.0
0312348126	4.0
B007ATQB52	4.0
1466306882	4.0
045123801X	4.0
0618420053	4.0
B004V49BLU	3.0
B008H7HHVS	3.0
0988192306	5.0
1612180914	4.0
0758232004	5.0
B00DNJWXMI	3.0
0451461991	5.0
0061783161	4.5
B004AYDJM8	3.0
0882860542	5.0
B00APEYANO	4.0
0310276039	5.0
B006RUE8O6	4.0
1603585206	2.0
0307888622	3.0
161109898X	5.0
076145795X	3.0
B005HMGY0G	4.0
0312354851	3.0
0425238814	3.0
1434764788	4.0
0316290467	4.0
1469984202	5.0
B002J9HBRK	5.0
0373892233	4.5
B00F027N76	5.0
1400073944	4.0
0373892241	5.0
0547615647	4.0
0312429266	5.0
0373773927	4.0
0345538366	5.0
B00AGHJXZ0	3.0
1118016955	4.0
1843608111	2.0
0843962968	2.0
B00L3X6L9C	4.0
1441885269	1.0
0451219783	2.0
1118629124	3.0
0312328575	4.0
1401211151	4.0
0061783188	2.0
1573442437	4.0
089296068X	5.0
014130975X	5.0
1935192701	3.0
1475151802	5.0
0525951903	5.0
055356997X	5.0
1495297810	5.0
045141523X	5.0
B00CH3DBZY	2.0
0373776128	4.0
1461154944	5.0
037377611X	3.0
0615532799	3.0
0316289418	5.0
1480066575	5.0
1602860823	5.0
B003SX12A8	1.0
1595541489	4.0
B009A7T0I2	4.0
0330453866	3.0
1469904152	5.0
1419970291	4.0
0310327350	3.0
0241951941	4.0
0684844729	4.0
1932961569	5.0
1453725776	5.0
B00JFHKE1Y	2.0
0825439310	5.0
0307700143	4.0
1477823476	5.0
1400073995	5.0
1492972436	5.0
0451220714	4.0
031032601X	5.0
0060568984	4.0
0310205719	5.0
0385342063	5.0
0441519180	5.0
0380767414	3.0
1595144358	4.0
0312548567	5.0
0989707342	5.0
0061252573	4.0
1478165189	3.0
1586087444	4.0
0740785508	5.0
0061783196	2.0
1434764745	5.0
0373534493	3.0
0552779709	3.0
1484813642	4.0
0764208217	5.0
1484987934	5.0
1400073987	5.0
0374264260	4.0
0310715407	4.0
1467973270	4.0
B00EKW4E6U	5.0
0446528056	3.0
1609074602	5.0
0316289434	5.0
0451232704	3.0
0312328559	4.0
1611941695	3.0
1602021678	3.0
145164308X	5.0
1461073545	1.0
0800731697	5.0
1477661875	5.0
0743272226	2.0
0736918221	5.0
1620612585	5.0
0399157441	2.0
0345516044	5.0
0971217742	2.0
037540404X	5.0
1250050367	5.0
0781448859	5.0
B00JLMTWHA	3.0
1595540091	5.0
143476706X	4.0
0373777434	2.0
1434767078	4.0
0373534477	4.0
0062249894	4.0
0615724965	3.0
0340899751	5.0
1414316356	4.0
B001RV3ONG	4.0
1609285980	5.0
0061962163	2.0
1622532414	5.0
0739489518	5.0
B006N2VOH2	4.0
0451417054	4.0
1434767086	4.0
1611098939	3.0
0451224396	5.0
0307743292	5.0
B0094KFLB0	3.0
0312306326	5.0
1612183905	4.0
0061928240	4.0
0441014739	4.0
147520342X	3.0
0312385188	4.0
B006KGNTM4	5.0
042525674X	5.0
B003SX0Y2U	4.0
0345803280	3.0
1480099503	5.0
0761544887	3.0
149035400X	4.0
143476480X	5.0
B00DGIX5L4	5.0
0821765213	4.0
0425219763	4.0
1611792126	3.0
0310273048	4.0
0761462589	3.0
1590527194	5.0
0425226050	4.0
0778314952	2.0
0385338724	5.0
0007622872	4.0
1556438958	2.0
1593155484	3.0
1402241348	3.0
B00CUBQU1U	3.0
1414319401	4.0
1434764826	4.0
B002V1H2ES	5.0
B000OI0FGC	5.0
0425218422	4.0
1400071259	5.0
0425183297	3.0
1935416634	4.0
1844167712	3.0
042522869X	4.0
1469236877	5.0
1414321724	5.0
143919503X	5.0
060631640X	3.0
1482747634	3.0
1475078684	3.0
1400074347	5.0
1476741182	5.0
0316289361	5.0
006178320X	3.5
0989780716	5.0
1434767035	5.0
1935416685	4.0
0738712205	1.0
B0060NP4UC	4.0
B005CRQ38Y	4.0
B007TGGU98	1.0
B007SHFRY2	3.0
0312595697	3.0
1594205280	4.0
B00B3HV5JO	5.0
1606840347	3.0
193341751X	5.0
1595547509	4.0
0446514284	5.0
0486426440	5.0
0142417491	4.0
0802120059	4.0
0736915141	3.0
0446526290	5.0
B00B1ZNWEO	3.0
1615813829	4.0
1495472418	5.0
1414326599	5.0
0440244498	2.5
0857211528	5.0
1414316348	5.0
1593274718	5.0
161372005X	4.0
0781448883	5.0
044650534X	5.0
1439154503	4.0
0802120040	4.0
0743469801	4.0
0399149848	5.0
160370101X	4.0
1426702272	5.0
0679721134	5.0
1400054710	5.0
B00CLIHGEC	5.0
148397829X	2.0
0446582395	4.0
1401301819	1.0
161581079X	5.0
1601421826	5.0
0812982533	4.0
0451204794	5.0
1603703691	4.0
1451656351	3.0
0544157567	3.0
B0052YX29A	5.0
0615698255	5.0
160737417X	4.0
080544534X	4.0
B0028TXRJW	3.0
0781448875	5.0
B00BT0NCQ4	5.0
0786104732	5.0
1741797357	4.0
0312387792	4.0
B00DX58XP8	5.0
B003SX0Y70	3.0
0380751925	4.0
0375868208	3.0
0316289396	5.0
1451533969	3.0
0898218462	5.0
0761451870	4.0
1416550518	5.0
1402217668	4.0
098454089X	5.0
1426202776	4.0
0143142399	5.0
0316056626	3.0
0307464539	4.0
081297719X	4.0
161581695X	5.0
B0030F2RZS	3.0
1416047026	5.0
1466365951	3.0
0985236744	3.0
1613720874	3.0
B004UHYPZK	5.0
098863340X	5.0
149210650X	5.0
080073212X	5.0
0800732138	4.0
B00814M37U	4.0
1439102473	3.0
160928206X	5.0
1118021525	5.0
1470101580	5.0
B009OZN8HE	5.0
B004LGS772	1.0
0140185976	3.0
0957544324	3.0
0765306220	4.0
1490474218	5.0
1434767000	5.0
0984499350	3.0
0800733452	4.0
1841763497	4.0
0956719287	5.0
1439150109	4.0
0988633442	5.0
1934531146	5.0
B00AF0QZ6I	4.0
B0035LDNV4	5.0
B0058UVIS0	4.0
1599989921	3.0
1481107151	5.0
0470497734	4.0
B003FSTL54	4.0
0142300896	5.0
1442420626	2.0
0307444902	4.0
B00BB3KD0W	5.0
031604461X	2.3333333333333335
0312589832	5.0
0800733460	4.0
0385337477	3.0
0800732111	5.0
0985538546	5.0
0764207849	4.0
0671319922	5.0
0425215318	4.0
B008XLF8SM	3.0
0778312372	3.0
0800733444	4.0
0515126780	4.0
0764203487	5.0
1901983307	5.0
0060506725	4.0
B00BEM0YEU	5.0
0814719805	4.0
0060598859	4.0
0140298517	4.0
184416778X	4.0
1609282051	4.0
1414320477	1.0
1442352965	5.0
0316288942	5.0
B00BND1UTS	4.0
1477807403	3.0
0671578189	5.0
1616952326	3.0
1494323389	4.0
0764204785	5.0
0615722350	5.0
0800733436	4.0
1611099374	4.0
1599985594	3.0
0956719260	5.0
1595546278	5.0
B008JI9EHU	5.0
0310276977	4.0
B005JEXTBO	5.0
1419699547	2.0
B00D3XWOUK	2.0
0801987555	5.0
0307589994	5.0
B009SZNKLO	4.0
0956719279	5.0
0399231439	5.0
0930773888	3.0
B006HH09SS	4.0
1601547315	3.0
B00BQYNNE4	4.0
1741799910	5.0
0811867676	3.0
1400070821	4.0
0615748996	4.0
1611099390	4.0
1423121309	4.0
0747598002	3.0
006198390X	5.0
1414321740	5.0
0060732075	5.0
1434799492	4.0
0439176875	3.0
0310276985	4.0
0312656262	2.0
1480119598	5.0
0425228681	5.0
1414120591	5.0
1406330396	3.5
0452267455	5.0
0007441290	1.0
1477849262	4.0
0825435757	5.0
0307273571	3.0
044655605X	4.0
B004LGS79U	5.0
1481130331	5.0
0805449795	4.0
077832740X	4.0
0062237845	3.0
1439113157	5.0
0736912932	5.0
1455508594	4.0
0345504984	4.0
B00AC30WRQ	5.0
B0035LDO2C	4.0
B0038YXCWS	5.0
0956719252	4.0
147825632X	5.0
1780355289	4.0
0425239306	5.0
1439101167	4.0
0393060993	4.0
1611099366	4.0
1481070223	4.0
1400074398	4.0
0061131547	5.0
1479209139	4.0
0764204777	4.0
0441581056	5.0
B0051VXH5I	1.0
B002V1H2JS	5.0
1612181376	3.0
0446194166	3.0
1416583483	5.0
B00ASPY0G2	5.0
0345528921	3.0
0373776950	5.0
077831314X	4.0
0736924469	4.0
0826218032	5.0
0765324059	4.0
0310717523	4.0
0789441160	5.0
0312939078	5.0
1419951068	5.0
B00E66PQSK	5.0
1416520708	4.0
0393057720	4.0
1596323272	3.0
0385339151	2.911764705882353
0060510609	5.0
0307595609	3.0
B0095YE84Q	4.0
B00HVFAY1M	4.0
1939769167	5.0
0375708278	4.0
0763639311	3.0
0736924477	4.0
1907312471	5.0
1416595031	4.0
0310717531	5.0
B00CJ1TWPW	2.0
0374343969	5.0
B001892DIO	3.0
147523130X	3.0
B007K9WIXQ	4.0
0446179647	5.0
0451234863	3.0
0060584084	1.0
0385660065	4.0
B00F8GXTKE	5.0
B006HWFP78	5.0
1596323280	4.0
1419951076	3.5
1434765342	5.0
0441897053	5.0
0373775822	3.0
0312979983	5.0
1493652451	5.0
0373210515	5.0
0618721959	5.0
0312576366	3.0
034547824X	4.0
B002KFD0VY	4.0
1439186901	3.0
0312939094	5.0
1439112665	2.0
B0086MKPWM	3.0
1595549684	3.0
1620401207	4.0
B0082XMI5W	2.0
1740593456	4.0
0312979975	3.75
0152045708	3.0
1402270275	3.0
0451413105	4.0
B00F1NZDJE	4.0
0345510089	3.0
0778316211	3.0
B009BPUZOG	4.0
1615810811	3.0
0747245096	2.0
1414323220	4.0
0812570499	5.0
149934306X	5.0
0385339143	2.5
0312939086	3.0
1592797016	4.0
B0071G203Q	4.0
1551660636	5.0
0802486711	4.0
1416576754	4.0
1433668793	5.0
0385618506	4.0
0380896931	4.0
0778329526	4.0
0736923179	5.0
0307879852	5.0
1615814353	5.0
0743597222	4.0
B00436EZGC	4.0
0399153446	2.0
B0086WCFN4	4.0
0802458696	5.0
0764227025	4.0
1445275740	5.0
1483988848	4.0
0425263908	2.0
1419963015	3.0
0345514459	5.0
B003TU2I7G	4.0
0553592882	5.0
B00436EZGM	5.0
1402224397	3.0
1426213107	5.0
0764227033	4.0
1476736391	5.0
1402240406	4.0
1406337609	4.0
1400069548	4.0
1579219500	5.0
B00AG30X3A	3.0
015101437X	4.0
0425269205	1.0
1611183626	5.0
B003FK5Q9M	3.0
0736923187	5.0
0470623330	5.0
160928173X	4.0
0061375381	5.0
0449216616	5.0
1416562133	3.0
0316068144	5.0
0849916305	4.0
0878422021	4.0
1480144258	4.0
B00ASBPT16	5.0
1894663977	3.0
0764227017	5.0
B006BC05R4	4.0
1596692154	4.0
B0072Q2MD8	5.0
1416576770	4.0
1453813853	3.0
1470104768	1.0
1618622226	5.0
0692221107	5.0
0307279278	4.0
0385376111	2.5
0765352982	5.0
1470005867	5.0
0373792360	5.0
158246393X	5.0
B00AH2B1YA	5.0
0062020153	3.0
0764227009	5.0
1573447870	2.0
1597895938	4.0
0739458213	4.5
B0058OJ5XG	4.0
1475222440	5.0
0755343743	3.0
B005GQ7JHA	4.0
0743292979	3.0
0446179639	4.0
0451188462	1.0
038533916X	3.857142857142857
0425246582	3.0
1492833940	5.0
1595547061	3.0
0765324040	4.0
0446580309	4.0
1849051143	4.0
B004KZQCDA	3.0
1461045401	4.0
0316010782	1.0
1435243862	5.0
1481815571	5.0
0345518845	5.0
0785229213	4.0
0316217492	4.0
B00ES2GHDA	5.0
B00J4Z0QC4	4.0
1484141393	4.0
1484906373	5.0
B0032UDTMQ	4.0
1599796236	3.0
0739455192	5.0
0825429374	4.0
0525950761	4.0
0446179620	4.0
B00F6YPFLO	5.0
0736921354	5.0
0736918620	5.0
1625010095	4.0
0761166947	5.0
067187733X	5.0
1470919230	5.0
1578067367	5.0
1578569850	5.0
0307446433	5.0
1402271514	3.0
0061962686	3.0
1400074932	4.0
0345517539	5.0
1419953656	3.0
0451229444	3.5
0060571616	3.0
030788743X	4.5
1416524207	2.0
B00GS2W6T2	5.0
B00727EPQ4	4.0
1613722044	4.0
0451229452	3.5
0143118390	5.0
0345336607	5.0
B00CPPT0W2	3.0
0425217191	3.0
1479135623	5.0
0061537934	5.0
1416587497	4.0
1937929957	3.0
0316289108	4.0
0312939930	3.5
1401213863	3.0
B00A27AIBM	3.0
0375411518	4.0
0425210545	1.0
0425259854	1.0
0515089931	5.0
0062231707	3.0
0310439086	5.0
B002AJ7X2C	4.0
0781448670	5.0
0849918901	5.0
0316037885	4.0
B006WSQDGY	5.0
0141309814	5.0
1609288394	4.0
0060790806	5.0
1400074916	5.0
160746957X	5.0
1475102542	3.0
1612131433	3.0
0985872551	5.0
B005Z1C2X2	3.0
1476731535	4.0
B003TFEPKE	4.0
0425259803	4.0
0451150619	5.0
1591451523	5.0
0615916767	5.0
0307444686	5.0
B003SX0Y0W	3.0
0312945795	5.0
0230706495	5.0
1595543562	5.0
0425200329	1.0
1469975637	5.0
1499130597	5.0
B00GF6BVXI	4.0
0380807939	1.0
0307444694	4.0
1595584013	5.0
0385338708	5.0
0825420989	4.0
0978797191	4.0
1580893376	5.0
B007TR1UYM	4.0
0615704255	3.0
1591451515	5.0
1576737802	5.0
0373440049	4.0
140225721X	4.0
B008RQFJEQ	4.0
1440536090	4.0
B0038QQGEC	3.0
1419692585	4.0
0451192524	5.0
1611098858	5.0
006051373X	4.0
0684839296	5.0
B00ICAUB22	3.0
0804176787	4.0
1416598154	2.0
0989254607	5.0
0984672680	4.0
0981943667	4.0
1416556311	4.0
0802715885	3.0
0380815575	3.5
B0063H63KA	3.0
0061575399	5.0
080071881X	4.0
0312572891	4.0
0374131945	5.0
193755130X	4.0
B0062QD68O	4.0
0312537573	4.0
044657449X	3.0
1935192833	5.0
1466384964	4.0
061885990X	4.0
1400074959	4.0
0425144917	3.0
0786717408	5.0
0385343280	4.0
1433671514	4.0
0099450259	1.0
0002243768	5.0
0316069418	5.0
0802458629	5.0
0615667619	4.0
B006OIRYTC	4.0
1605040908	4.0
0761453539	4.0
1606840258	3.0
B00HXXE5Q2	5.0
1620612461	5.0
1434764915	3.0
1938499786	5.0
B003N3V61S	4.0
0812979427	4.0
0805080309	2.0
0505524139	4.0
0525953043	4.0
1416556338	4.0
0375822739	4.0
0375422722	5.0
0758235445	1.0
1400074894	4.0
0345325885	5.0
B004NBYBOI	2.0
031237982X	3.0
0802798225	3.0
B0073GX70O	3.0
0312379838	4.0
161218295X	4.0
1612182968	5.0
1466336307	5.0
0061689378	5.0
074343594X	5.0
0743435958	5.0
1442345462	3.0
0061438561	5.0
0446677892	3.0
0020163908	5.0
0739339656	4.0
0345494385	5.0
0380820846	2.0
B0097F41IQ	5.0
0375422730	5.0
0440236525	3.6666666666666665
1414332955	4.0
1494740176	4.0
B001892DWA	4.0
0345543793	3.5
0099271478	5.0
0446675261	5.0
0373777558	5.0
0061963119	2.0
0451458990	3.0
0800730453	4.0
1595551077	4.0
1595542116	5.0
0988273608	3.0
0425217213	3.0
1617980218	3.0
B007CPFFUQ	5.0
0307576531	4.0
0061864501	3.0
1933417471	5.0
0345542452	3.0
B0070Y370Y	4.0
0446582085	5.0
1419704281	4.0
1622538064	4.0
B003T9US8S	4.0
B00CT35PIS	5.0
1494282011	4.0
0590396285	4.0
1481275984	4.0
0609609602	3.0
1611090040	4.0
0373773145	5.0
0764227947	4.0
0756408148	5.0
0312625081	4.0
1492121169	4.0
1451636881	3.0
0151013969	3.0
014241977X	3.0
0800730445	5.0
0451235355	5.0
B00ERF83CQ	4.0
0373617712	2.0
159554786X	4.0
0345494369	3.0
0842381198	3.0
0143038923	5.0
0345292561	1.0
B008C80X8Q	4.0
1481158643	3.0
044100069X	3.0
0142429112	4.0
0385241259	4.0
1494236184	5.0
0061774618	3.0
B00BXL9SHG	5.0
0615549012	4.0
061548719X	5.0
0373534310	4.0
0345494377	3.5
0061782246	2.0
044040942X	3.0
0060898917	5.0
0307957837	4.0
1250018714	3.0
1622538048	5.0
1425127304	5.0
0615753140	5.0
1937551253	4.0
B006LUHWMW	2.0
1906529183	5.0
0505528541	5.0
1599983907	3.0
1610401891	4.0
1600060919	5.0
159052702X	4.0
B00GNLR7WO	2.0
1400073596	3.0
1609287835	5.0
0345532228	4.0
B007JOBZH2	5.0
B00BMEM4RU	4.0
0800730429	5.0
1416555064	5.0
0399254609	4.0
0751544493	4.0
0312946139	4.0
0373892691	3.0
1938404556	4.0
0345522893	3.0
0545381827	4.0
B0031RS6O6	5.0
B00CO8WFBS	4.0
0807000892	3.0
0425178862	4.0
B004J8HWAK	4.0
0345324536	5.0
1603704884	5.0
0060572973	3.0
B00505DKNE	5.0
1400073588	4.0
0307744434	4.5
1586087967	3.0
0989339289	5.0
0060572965	3.0
B003XNTZMA	3.0
0805448756	4.0
1481175734	4.0
0373773102	3.0
1451691696	3.0
B00BUQBZBG	5.0
1439153957	5.0
037377575X	3.0
1416979883	5.0
0373770073	5.0
0425197158	5.0
077831572X	4.0
159474517X	5.0
0373786417	4.0
140632132X	3.0
0099558068	2.0
1848190255	4.0
0064442128	5.0
0425214133	3.0
0439139597	5.0
0446177997	4.0
1462051448	4.0
1586088394	5.0
0744010446	4.0
125000988X	3.0
1477816429	3.0
B007M0IBH0	5.0
0764207504	5.0
0547069677	3.0
B003WMA67A	4.0
1854249681	4.0
0373802307	5.0
1896597203	5.0
0399158243	3.0
1565126319	4.0
0553271571	5.0
0373778813	4.0
0385362307	4.0
0373794061	4.0
0060875496	5.0
1400074002	5.0
1438431791	5.0
0060598751	3.0
1402229992	5.0
0316081051	4.0
0385340990	5.0
1595545239	5.0
1416934162	5.0
0061537136	4.0
B00DXJOD8A	3.0
B00H8APQ68	5.0
B008H6GLJI	4.0
B0047DW7LG	3.0
0142001805	4.0
0192840908	3.0
0240818946	5.0
1481019716	4.0
1937007243	3.0
0802403476	5.0
1492976423	5.0
0451160134	5.0
0805974962	4.0
0345523318	2.0
B0063W7GP6	4.0
0505525410	5.0
159789642X	5.0
B00666KX0E	2.0
1599900769	4.0
1442408626	4.0
0312354584	4.0
0802733735	3.0
B005BOP5T6	3.0
0099436744	4.0
1439101078	1.0
0618119817	4.0
031071933X	3.0
0764205757	5.0
0505525429	3.5
0140177191	5.0
0800719255	4.0
B00AOF616S	5.0
0143038095	4.0
0226770990	5.0
1496045866	4.0
0345456939	3.0
0553445782	4.0
1481017993	4.0
1400074053	4.0
0007269854	4.0
0446607134	4.0
1402263899	3.0
0373775717	4.0
1622530152	4.0
0764205765	5.0
1893732886	5.0
1442362855	5.0
0547581297	3.0
0142416681	4.0
0981737242	3.0
1439102392	2.0
0800719263	4.0
1455512737	3.0
1414334729	5.0
1580053955	1.0
0446579262	5.0
0425220842	2.0
B007TNUULA	2.0
1250041988	2.0
0345484142	4.0
0307593916	5.0
1602396523	3.0
0007276141	3.0
B004S2KGEQ	5.0
0778325105	5.0
0553445774	4.0
0060568062	4.0
1780882424	4.0
0451237951	1.0
0062049895	5.0
0764200046	5.0
044023655X	5.0
0451224639	4.5
0061657700	4.0
081186779X	5.0
0805447490	4.0
1622668030	5.0
0989339211	4.0
159990070X	5.0
141995850X	4.0
1935265466	4.0
0440202361	1.0
B0071FNXWY	5.0
0345484177	5.0
0307275639	5.0
0380004259	4.0
0764205749	5.0
0810993147	5.0
0778314472	3.0
1400074037	5.0
1596327537	3.0
038077013X	5.0
0393061728	4.0
0062049879	4.0
0345522028	4.0
0800719247	5.0
B005XLPH3Q	3.0
B00ATT6QKK	5.0
0547942087	3.0
B0042P5GVC	4.0
0425263991	5.0
B000VLCVAU	3.0
0989465004	5.0
0224098101	5.0
0800734165	3.0
0446578118	4.0
1426700709	3.0
0446407550	5.0
1480536466	3.0
1596328835	4.0
0980101867	3.0
1594488452	3.0
0615603629	4.0
1402762267	5.0
1480276855	3.0
1480122149	5.0
1250024633	2.0
1452110867	5.0
148126091X	3.0
1402237545	5.0
B00ALP89HA	1.0
0800734157	5.0
014104022X	5.0
0399151575	5.0
0440234816	5.0
0142401668	2.0
0521897343	5.0
B001CMQ6JY	3.0
0615729614	5.0
0312613725	4.0
0375714839	4.0
054774501X	4.0
0689868936	5.0
1250012651	2.0
0373778198	4.0
B0038089TI	4.0
0143114085	2.0
0062246933	3.0
B004NIFKJQ	5.0
1589191064	5.0
0307716333	4.0
0842300414	5.0
1477420053	5.0
0615553028	2.6666666666666665
0356502465	4.0
1451685033	4.0
0785264329	4.0
1608204324	3.0
0307444740	4.5
0745953557	4.0
0984660739	3.0
0764207563	5.0
0544022491	3.0
1480251577	4.0
0375702873	5.0
1493686798	4.0
0778314391	3.0
1414348614	5.0
1578569796	5.0
0385742371	5.0
1854249746	5.0
0061236225	3.0
0312658656	5.0
074347158X	5.0
0446563072	3.5
1573446602	4.0
B00B2B2S74	4.0
0441225519	5.0
0307984761	4.0
0761456481	5.0
1426700733	5.0
1589191080	4.0
B0076NJ9JM	5.0
B003XRDC0W	4.0
1611183758	3.0
0981899722	4.0
0805446907	5.0
0425181685	2.0
0778313077	1.0
1481095374	5.0
155661909X	2.0
0345433491	4.0
1622660005	5.0
0595454828	4.0
B00DPYKE3Q	3.0
0307378721	4.0
0345538552	3.0
1439133468	5.0
1482378744	4.0
B00CC68G8S	4.0
1451688997	3.0
0849900069	5.0
0393065286	5.0
0375872132	5.0
0307718964	4.0
0785148205	4.0
0805446915	5.0
0316019011	4.0
0804011230	5.0
0061284742	4.0
B007WKEM0A	3.0
0425233383	5.0
0786834919	5.0
0451222725	3.5
0446407585	4.0
0446407577	4.0
0451231678	1.0
148410076X	4.0
1400071992	4.0
0345531906	3.5
0425227510	2.0
1938409213	2.0
0140620303	4.5
030758836X	5.0
1589191021	5.0
0345803507	4.5
1495457834	5.0
1416580948	2.5
0312360401	3.0
0789742853	2.0
B00BTIDUHW	3.0
1410442519	4.0
0399155961	3.0
0307353451	3.0
0312647972	3.0
0553589377	3.1666666666666665
0764207512	4.0
B009I3SO9E	3.0
0736939415	5.0
0446407569	4.0
0553589385	3.5
0393079899	5.0
0002247399	4.0
0061215325	5.0
0064408191	4.0
0446674656	5.0
0439298113	4.0
0778316130	4.0
B003TU271I	5.0
B005F0WR88	4.0
0615532136	5.0
1589191048	5.0
0061962740	2.0
0849916402	5.0
0452285933	4.0
B006OOSWRO	4.0
0062267884	4.0
0986671509	4.0
1481859242	4.0
0312853238	3.0
1594487197	4.0
0618546294	5.0
161026083X	4.0
0062025724	4.0
0316010669	4.0
0553588060	3.0
1416555994	5.0
0425225798	5.0
1609287142	4.0
161372506X	5.0
1479197823	4.0
0825441811	5.0
1414313136	5.0
0615575234	4.0
B004DNWQ98	5.0
0446552364	2.0
0425257304	5.0
0547248199	3.0
0785262563	5.0
1597892726	5.0
0060890312	4.0
B008IVED8I	5.0
B009UVK28U	3.0
0375411410	3.0
1597899372	3.0
0312372485	5.0
1484823664	3.0
0345542606	3.0
1439192642	4.5
0425213714	4.0
0451459423	2.0
0425232018	4.0
0446552356	2.0
0983715955	4.0
0736926933	5.0
014314295X	3.0
1480254665	5.0
1609360117	4.0
B00A4EWS4S	5.0
158229643X	4.0
1414313128	5.0
1416580956	5.0
1595544712	4.0
0615581927	4.0
0316024481	5.0
084990000X	3.0
0385344473	2.0
1423134494	4.0
1402243391	4.0
1597892734	4.0
089870569X	4.0
0373775083	2.0
1496016416	4.0
1439192634	4.0
B00CVNRWUA	4.0
1439153027	5.0
0312936990	4.0
0781403693	4.0
1600062083	5.0
0062237152	4.0
1495300978	5.0
006206584X	4.0
0805446923	3.0
0385336810	4.0
1609360125	4.0
1482332574	3.0
0470644982	4.5
1449593143	4.0
0545055873	5.0
1449573533	3.0
082544182X	5.0
1595544704	4.0
0310215765	5.0
1481835262	4.0
0374322287	4.0
082222156X	4.0
B004HKIPUQ	5.0
1599982617	5.0
0061964549	5.0
0425233367	3.5
0425191060	5.0
0758211317	5.0
0825462762	4.0
0312326580	3.0
1414313144	5.0
B00B0P2ECG	4.0
0345517679	2.0
0307446530	3.5
1250014409	5.0
0595337465	1.0
0310292751	4.0
1597899380	4.0
1433669366	4.0
0230014801	5.0
0099908506	5.0
0451219945	3.5
0375407375	3.0
0345500733	2.0
1400004233	4.0
1468173952	5.0
0451458125	4.0
B0069E7ZYK	5.0
1484971388	5.0
0373210698	5.0
B00CRJ71ZY	4.0
0425235955	3.0
0989104400	4.0
1595542108	5.0
1416521038	5.0
0981676707	4.0
0451209745	2.5
1400072433	4.0
B00DDVMCF4	5.0
051511801X	4.0
0805446982	4.0
0143118498	3.0
B00AV36MWG	4.0
1402237502	5.0
0061031127	3.0
0590306731	5.0
0986023833	5.0
0062237187	4.0
0307739821	3.0
1592578551	4.0
1401310915	3.0
0312363508	5.0
B008I5Q0X0	4.0
0141331860	3.5
0141337168	3.0
B00BNCPCFM	2.0
0849943191	5.0
0060974419	4.0
1475296576	5.0
1434764966	5.0
1603819177	4.0
044669682X	5.0
1558324070	3.0
1482096293	5.0
B0086XZRX8	4.0
0062135317	5.0
1594204594	3.0
1935562002	5.0
1935456113	4.0
0918477794	3.0
0380811065	5.0
B007TC89VE	5.0
0736926984	4.0
0736925651	5.0
044653143X	3.0
0743596870	5.0
0310235332	5.0
0062077880	5.0
0451226259	4.0
1416569758	4.0
1608202585	4.0
0758246846	3.0
B00BHMNZJS	5.0
1400073758	4.0
B006P1JO96	4.0
0842377786	2.0
037540600X	2.0
1600062016	5.0
0385090633	5.0
0821776126	5.0
075824682X	3.0
1595540377	4.0
0060839821	5.0
054516043X	3.0
0446696811	5.0
B00B55INOO	5.0
0764206281	4.0
1615810978	4.0
0553057839	5.0
0380769840	5.0
1401215734	5.0
0143118463	4.0
0141331879	3.0
0805446974	5.0
0345510976	4.0
1477805028	5.0
B00B55X056	1.0
0446696072	5.0
1476732027	3.0
1484884531	5.0
0800733630	5.0
0312591063	5.0
0393060349	4.0
086547687X	5.0
0439806119	4.0
B006J26WRS	4.0
1420103741	5.0
0061999229	5.0
0312365314	4.0
0446696064	5.0
0385340818	3.0
038534080X	5.0
0446696080	5.0
1477805036	4.0
1467537527	5.0
0385340826	4.0
0800733622	4.0
1600377483	4.0
0307747409	5.0
1439189862	2.0
0062089757	4.0
0670015350	3.0
061570607X	4.0
1440429634	4.0
1420103733	5.0
B00KBKJUPU	4.0
0312641893	5.0
1742209521	5.0
0373776330	2.0
1609360192	4.0
0385335482	3.0
B003YOSYYS	4.0
1937551334	4.0
030745715X	4.0
0006551807	4.0
0310719240	5.0
0385510519	3.0
B00B3CUSQU	4.0
0425209725	1.0
B0060OTERA	4.0
0778313859	5.0
0140442200	4.0
0743467426	1.0
0812533666	3.0
1608200884	4.0
0441012795	3.0
1401203671	5.0
B00KCE1ISM	4.0
0505527308	4.0
0764202790	4.0
0976729059	4.0
0764208098	5.0
B0045Y269U	3.0
B000WCWUWM	4.0
0553294385	5.0
0425226298	4.0
037377768X	5.0
159789639X	4.0
1416548866	5.0
0449150380	1.0
0307450511	4.0
161218281X	3.0
1118218094	4.0
0425233405	4.0
0312330669	4.0
0679863729	4.0
1469982781	4.0
0743255097	4.0
0451412818	5.0
0547757735	4.0
0470387556	4.0
0557364639	4.0
0151001820	4.0
0590543180	4.0
0505527316	5.0
1595542000	4.0
0451216954	3.857142857142857
0451225023	2.0
0982802463	5.0
0615650082	5.0
0312546599	4.0
0451191137	5.0
143917217X	4.0
078140374X	5.0
0805447318	4.0
0307446468	4.0
080544730X	4.0
006058047X	4.0
0615793312	3.0
0312939949	3.0
0061791083	3.0
B0088NH338	5.0
0385340850	5.0
B005D5J0QW	5.0
0451464095	5.0
0545342155	4.0
0670066907	2.0
1595542078	5.0
0451237889	4.0
1595547762	3.0
157856980X	5.0
1578569818	5.0
1499198825	4.0
0446196991	5.0
0316289124	5.0
1481982559	5.0
0505527324	5.0
1456316508	4.0
0345452615	4.0
0618539069	2.0
0987745778	3.0
B00EPM92KS	5.0
0061171387	5.0
B004TDN7SG	3.0
0061726834	4.0
0441015832	3.0
0736921206	5.0
0312538960	4.0
0240814673	4.0
1419966081	2.0
1594632456	4.0
0375840478	4.0
159179921X	5.0
1118768191	5.0
0805447326	5.0
1937254836	4.0
0736921214	4.0
B00CHDGWBE	5.0
1479372749	3.0
0440423627	3.0
149351055X	4.0
1416585834	4.0
1401341268	4.0
1937733009	2.0
142010375X	4.0
1250014468	5.0
1595543384	5.0
097974850X	4.0
1456330799	4.0
1589269241	5.0
0310274176	5.0
0764202758	3.0
161581938X	3.0
B00361EXIA	3.0
0736921222	5.0
B00DZSOC62	4.0
031255415X	5.0
0307719391	3.0
0062004018	2.6666666666666665
B00IBDKQR0	3.0
141995184X	4.0
0743271122	4.0
0312554168	4.0
161218152X	4.0
B005WXN1RE	3.0
1595543376	5.0
0452295297	4.0
0345484207	3.0
0316027413	3.0
1469924838	4.0
0061996165	3.0
1477848150	5.0
1496146352	4.0
1463740611	4.0
148263838X	4.0
006085202X	5.0
0615652646	5.0
0060294671	5.0
0985817003	4.0
0764208950	3.0
0979748577	4.0
0316056863	4.0
0399161783	3.0
0441015891	3.5
031029326X	5.0
0312853254	1.0
0805447350	5.0
0061257222	5.0
0060197528	4.0
1493670379	5.0
044640098X	4.0
0671011367	3.5
0312567464	5.0
1597898961	4.0
031284879X	5.0
B00A70QIBI	4.0
1475026498	4.0
0761451641	4.0
031264180X	5.0
1481097903	5.0
1937007383	4.0
0316213101	3.0
1416991417	4.0
0553582771	5.0
0312364083	5.0
0061579092	4.0
1781682682	3.0
0446582107	5.0
1937053288	4.0
B005GVQHSC	3.0
0615512445	3.0
0006514006	5.0
0310258057	4.0
0307450589	3.0
1402262493	4.0
0373777604	5.0
0373778937	3.0
0736920722	5.0
1596692049	4.0
0987749307	4.0
B00J35IBFY	5.0
1416986081	5.0
1492767387	4.0
0425214230	4.0
0316206849	5.0
1451651775	4.0
0800719395	4.0
0385519729	4.0
0007444117	1.0
1440444420	5.0
0765308630	2.0
0805447334	5.0
1481129147	4.0
0312945809	2.0
0142428760	5.0
B004H1TQC6	5.0
1460918681	4.0
1402215231	5.0
0800795059	4.0
0310258065	4.0
1416550305	3.0
B001VLXML6	3.0
0553582798	3.0
0446574503	5.0
0758238452	2.0
095605661X	5.0
1477849475	3.0
0141039280	5.0
0312368461	4.0
1426712669	5.0
1416583203	2.0
B00GVEDTIY	5.0
0310437458	4.0
0985386517	4.0
072324779X	5.0
1605043222	4.0
1600061532	5.0
1426700695	5.0
1400071097	5.0
0310258073	4.0
014241543X	5.0
1439153841	4.0
1483989135	4.0
0800732340	4.0
B00AJD05DK	4.0
161218331X	4.0
0825420075	5.0
1596328762	3.0
0310272378	5.0
0767906926	3.0
094143432X	5.0
0985343419	5.0
1601421680	4.0
0505526875	1.0
098997281X	3.0
1490490973	5.0
0385350252	3.0
014241980X	4.0
0670025534	4.0
045122146X	5.0
076420890X	5.0
1460993012	2.0
0800732332	4.0
B005DMMEMM	1.0
0515151548	1.0
0310719232	4.0
1451651767	4.0
B009CWWFB4	5.0
0310243882	4.0
0761461884	5.0
159555050X	4.0
1469925303	5.0
0505524228	3.0
148485828X	3.0
1453860959	3.5
0330517783	2.0
1598117750	4.0
0060586621	4.0
B00CPCYCR8	3.0
0345803485	2.3333333333333335
1451637470	5.0
0671619314	3.0
0553386891	3.0
1616381868	3.0
B0062OCP74	4.0
143476852X	3.0
1607142937	5.0
0800732324	5.0
1595144919	4.0
0778314340	3.0
1934066133	5.0
0553266284	5.0
1400019354	5.0
B004RP8WZE	2.0
1615814523	4.0
0307590739	4.0
0062202529	3.0
1402215274	4.0
1601421664	4.0
0373774524	3.0
1938927044	2.0
0615417175	3.0
0373389892	5.0
0764203207	4.0
0373774540	4.0
0451225856	4.0
1416596542	5.0
1414316178	5.0
0736923802	5.0
0979748593	4.0
0307457192	5.0
0761459545	5.0
0345803493	3.0
1414334826	4.0
0983510822	5.0
0316125849	4.0
1442443995	4.0
1416948643	3.0
B0026REA92	3.0
0761455191	4.0
