1455503959	3.0
0800731573	3.0
0316176486	3.0
1608090205	3.0
B006PPHPWK	5.0
1490904387	5.0
B00ABVO2ZC	3.0
0991680456	5.0
1491251808	1.0
0688163866	5.0
0545128285	1.0
B00C8VWE9O	3.0
1444727338	5.0
0984492771	2.0
1492175390	4.0
1478224983	4.0
B00AZ7X3XO	1.0
1416593403	4.0
1595143203	5.0
1478363975	3.0
0615877427	5.0
0765325950	5.0
B00ACLCXV6	1.0
0307265439	3.0
0671025368	5.0
146353356X	1.0
B00EEHKASC	5.0
161218295X	3.0
0380727625	4.0
1469218208	5.0
B0057070EM	3.0
1612184340	3.94415917843389
054774501X	3.0
0615382827	1.0
1439165319	4.0
0595259359	4.576584022038568
B00E9YL3HM	3.998700454840806
1599214407	1.0
1601624670	2.0
1460974425	5.0
0393321258	1.0
1937387844	3.0
0007430590	5.0
B0040JI19Y	1.0
B00CR8KVKC	5.0
037543318X	3.0
0312383320	1.0
0743597923	5.0
0151008116	4.0
1451654405	3.0
1435707796	2.0
B00BQL3GVM	3.0
1940095123	4.0
0345542223	5.0
0988348233	5.0
0380727633	3.0
0446343455	5.0
0989293548	4.0
0316044695	3.0
B0050K9M2W	3.0
1939962315	3.0
1469215950	5.0
1463777175	4.0
1496055640	5.0
1456479091	2.0
0988410826	5.0
B00GB1OAB2	1.0
1484971965	5.0
B00DUQ1BY0	4.0
0345526546	4.0
1455121924	3.0
1478150742	5.0
0061965804	3.0
0425233499	5.0
045122650X	5.0
0307987647	3.0
0307341569	4.0
174334273X	5.0
0991733037	3.0
B005OJF0ZC	1.0
B00DCCRFGU	3.9927916120576663
1480522813	5.0
0989297918	5.0
1480121142	5.0
0451233964	5.0
1401688357	5.0
1481158643	5.0
1609089464	4.0
147781728X	4.0
1476730954	3.0
0989297926	4.86818903191677
1611099668	3.0
1936661632	5.0
0991677196	5.0
B0094P40JY	5.0
B007WZ5LHI	4.0
1612184944	4.0
B008UYTGSA	4.0
1612183611	3.0
B003XCLV8C	3.0
0989517918	3.0
1477659188	3.0
B009S17UG4	5.0
038536315X	3.5555215662282045
0571211704	2.0
147754688X	3.0
0142422037	5.0
0345535154	5.0
B0052ZUXPA	3.0
0316097365	2.0
030758836X	2.528339410009944
0440242754	4.0
B00HTBXYGU	3.0
1484935446	5.0
1492294950	5.0
1477506594	2.0
1455521248	3.0
1492874248	4.0
0141012692	1.0
B00B0UVAU8	5.0
147752603X	5.0
1477817506	4.0
0060741872	4.0
1494904489	4.0
1608090388	5.0
0553808036	5.0
B00BGBBBB4	3.0
1484016327	4.461920046688066
B00C44YV3C	5.0
1482319683	1.0
1611099080	3.0
1478348666	2.0
0345358759	2.0
0971412928	3.0
B00LV8M74W	5.0
1612183026	4.0
1490489495	5.0
1478208570	2.0
098924475X	4.5026016260162605
1576834344	5.0
1491087463	5.0
B004X29R8M	5.0
0843959843	3.0
1499732376	5.0
0984954805	5.0
1480121134	5.0
0615878970	2.0
1612185339	3.0
0984550518	5.0
B00JI6MP4Q	5.0
1416544623	1.0
0987818066	3.0
0312853238	3.0
0988348209	4.859038846130536
0715328638	3.0
0440242738	5.0
1439138702	3.0
098957007X	5.0
B006G2ZL5K	4.0
1481069764	5.0
1551668033	5.0
073949015X	3.0
045121577X	5.0
0451414764	4.0
B00D45A83M	3.0
193616440X	3.0
0989571505	5.0
0393062244	4.0
B008CJ1R5S	1.0
1469960109	5.0
147756117X	5.0
0671742760	5.0
1466338342	3.0
0991686039	4.0
1461093791	3.0
1453885765	5.0
B00BG3EN3A	3.3985001292991988
0451231740	5.0
B009HPE1N6	5.0
0785126619	4.0
0606002952	3.0
1608195228	2.0
B006EHM3UI	5.0
0312853254	4.0
1582403589	3.0
0553299212	4.0
0615808387	5.0
B0095OLJPW	2.0
0399160450	5.0
B00AP1OS8E	3.0
B00F0RCSYE	1.0
1494893371	5.0
1469226456	1.0
1478387645	5.0
0312600151	5.0
0615945163	4.66392042600221
067141125X	3.0
B00HRGXNQS	3.0
1477817522	1.0
1477849807	1.0
1463547218	5.0
1477401296	4.0
187727044X	3.0
1463898207	2.0
1400061997	4.0
B00B9TTID6	4.69546265107985
1477849580	3.0000000000000004
006224969X	4.0
1607102161	5.0
B00AR2CGLC	4.0
1492741310	3.0
B008GWTI6Q	5.0
0692026061	4.0
0312890532	5.0
0399155643	5.0
1612185924	4.0
0765317583	3.493073878627968
1491054492	5.0
B004TSCNN6	4.0
0071485880	5.0
1479395226	5.0
0007444117	3.0
1466307145	1.0
1462112102	3.0
0375434313	5.0
1940026067	5.0
1475972350	3.0
B00IY5RTLQ	2.0
1841957976	5.0
0345534557	5.0
147825422X	4.30896870405377
1608446468	3.0
1469984202	2.8944
1495241688	4.576584022038568
0061584452	4.0
1932012494	2.0
1612183751	3.0
B00GBJD4QQ	4.0
1467982733	5.0
0988178001	4.0
045123491X	5.0
0385420870	5.0
0439023513	4.0
1494344548	5.0
0446564311	1.0
0991680499	5.0
B005CRQ4U6	1.0
1499118910	5.0
1480572365	4.0
B00BB1WC12	5.0
1618680129	4.502266839378239
B004L62E6W	4.502266839378239
0989244709	5.0
0990331407	3.0
0787979104	4.0
1938404610	2.0
0615511600	4.0
0312582668	4.0
0743234707	3.0
0307730697	3.0
0880387300	2.0
1608090078	5.0
B00H5I3QXI	5.0
147780885X	2.0
0517580519	1.5168800931315483
0141337168	5.0
0345534212	4.0
0989950247	2.0
078689072X	4.0
B00GP2BZBU	4.0
0385343612	1.0
0765309408	1.0
1461005132	1.0
B008TC1V4U	4.0
1609280806	3.0
B007WE3AFO	5.0
1463664079	5.0
0988348268	3.3528853004037042
0975567128	4.0
098834825X	4.048373816385343
B0093MU7QS	1.0
1442362383	5.0
0345504992	3.0
045141411X	5.0
1492877239	2.0
0312594437	3.0
1416565159	5.0
1469960044	5.0
1940026032	4.498017216365219
0765324318	5.0
B00J6DKWSM	5.0
0982611900	4.0
0060872985	2.0
1475096739	4.0
0399160477	2.0
1892112000	1.0
1453709517	5.0
0061122297	4.0
0786890746	4.0
B00BZZY04Q	2.0
0345331354	5.0
B00AEC6LN4	5.0
1494969114	4.585080575290245
B006LMN2R4	3.0
B005PA0ZEG	5.0
1477808647	4.0
1463534922	2.0
1612182348	1.0
B00HL1UIOY	2.0
1933718757	5.0
1451608128	4.0
1940026016	4.596589547423725
0062209841	3.0
0988701243	4.0
0007442920	4.0
1609074602	5.0
1416948767	4.0
1480039071	5.0
0615457045	3.0
1491296526	3.168515012172031
