1456406353	5.0
B00JWF19W2	1.0
0399157565	4.0
B009IV378Y	4.0
1423114116	5.0
1477673296	4.0
B00GSCIIXA	4.0
1480276855	5.0
0385339151	1.0
1466202815	3.0
B004SUP1XO	3.0
1406330337	5.0
B0095YE84Q	3.0
0778324842	5.0
0989246531	4.0
0989450252	5.0
B00I4FFXI2	5.0
B00EAHZR5W	1.0
0758221851	2.0
1939551072	5.0
B00FJE98BO	5.0
0451417054	4.6872184483375054
B00FXBTYOO	3.0
0449006832	5.0
1939786177	5.0
B009HG3VKY	4.0
0060523387	5.0
B00FW18W9I	4.0
0425255662	5.0
1492249009	2.0
0738718726	2.0
0451229851	4.0
0451235843	3.9430604982206403
0312368720	1.0
1402258224	2.0
0988295504	2.0
B00H0V069M	1.0
0312979975	2.0
0425226298	1.0
0425226050	5.0
193755158X	5.0
B00AK2UISW	5.0
1939962315	2.0
B00HZ3NG74	3.0
0373792824	5.0
B0081NXWGM	4.0
1439191921	4.0
0425263150	1.0
B00EANAGSE	5.0
0451216954	4.0
1477680055	4.0
0425265455	4.0
0375706682	3.0000000000000004
1494957612	2.9999999999999996
B00D2R5QB6	1.0
B005Q9ZW9O	1.0
193919394X	5.0
B00CC68G7Y	4.0
0758203381	1.0
0312306261	1.0
1491074280	5.0
0743575318	2.0
042527229X	5.0
0373803567	5.0
0765317680	1.0
B00JWCBQAA	3.0
1477679758	5.0
B00I0J0Q4S	4.0
0451465067	5.0
0345519477	1.0
1419970585	4.0
1940415217	5.0
0425269205	2.5344614114733797
1477809317	5.0
B00BLYAWAM	4.0
B00GMBZI0S	5.0
B00FV96TPU	5.0
0425256480	3.0
1494968525	4.0
B00FM53CRG	1.0
1495960234	4.0
0373790708	5.0
B00F1W0RYQ	4.0
0451218043	4.0
0451222725	3.3305832147937413
B00AI0LWMW	5.0
1626491321	5.0
0451415191	4.0
0061208590	4.0
148121425X	4.0
0425228169	1.0
0345803507	2.0
0451219368	3.491539763113367
B00GQJUACC	4.0
1493569724	5.0
0989972887	5.0
1477817506	2.0
B005SJQV92	3.0
B0077K4UI4	2.0
057805339X	3.0
B00ASP8XNS	1.0
0312943547	4.0
0425263916	4.0
0071739173	5.0
0615956017	3.0
0345515579	3.0
B00DTXZZE6	1.0
1609284674	2.0
1492301205	4.0
0060591102	5.0
B0055UP87U	3.0
B008X47E8G	2.0
B0058E8U8C	5.0
1939786193	5.0
B00HY2ZQC4	2.0
0451239350	3.937822763891758
1601832451	4.0
B001HQHCBQ	5.0
B00I5QU2B8	4.0
0451234340	1.0
B006FDAF42	5.0
1497455456	5.0
1455578312	2.0
1451671601	5.0
B00EGMV24G	4.0
1479238600	2.0
1250023823	4.0
1419704591	3.0
0060892056	5.0
B009X1YZEE	5.0
1475221371	3.0
1492200948	3.0
B00KFLTOV0	5.0
1939820227	2.0
B007P7ZW6S	2.0
1495960390	4.0
1496169484	5.0
0373278055	5.0
1492895016	4.0
1480039810	2.0
0615470629	4.0
0515152838	2.0
1495205215	4.0
1940887054	5.0
1491282029	5.0
B00J0KYFSO	4.0
B005LXSP26	3.0000000000000004
045123801X	3.63014403292181
0983797587	5.0
157486968X	5.0
1490437029	1.0
0440246512	2.0
0399157700	5.0
B00ETEB5QQ	5.0
1477848134	2.0
B00GJBX4UC	5.0
034553087X	3.0
0007444117	5.0
0007447868	5.0
1468140019	1.0
1470186365	4.0
0425268330	5.0
B00408AQ98	3.0
0991379659	5.0
1250000246	4.0
B009H516LG	4.0
0373830238	1.0
1611099838	5.0
B00CU7FV6O	5.0
149602043X	5.0
0743233484	1.0
0373129173	5.0
0451233166	4.0
1605040878	5.0
1937823105	5.0
0143144006	5.0
0741436205	4.0
031612737X	4.0
0201626632	2.0
0451419057	4.0
0312674619	5.0
1442187697	4.0
0312289723	1.0
0615722172	4.0
0312541864	1.0
B003IEK00A	1.0
B00GHSV2OW	5.0
1402202733	5.0
1402245017	5.0
161218331X	4.0
0312169787	5.0
B00HGZE238	5.0
0345542886	2.0
1477653244	5.0
0373389779	2.0
1627981373	5.0
1482757443	4.0
1469252317	5.0
B00I3P7KJI	5.0
0373210582	4.0
098997281X	4.0
1463597665	4.0
B00BOVLVCU	5.0
0141337168	5.0
1492787701	5.0
B00E1RHBZA	2.0
B002HUU0A6	5.0
0764204793	4.0
B00J5K7T32	5.0
B007H90BJM	2.0
1605043125	5.0
B00EY56452	4.0
B00CNX89CI	5.0
0062270060	5.0
0312546610	1.0
0345504992	5.0
B00FL3VPD2	1.0
0758204531	5.0
1481170422	3.0
1452615330	4.0
B00DCFXLEC	3.0
0743219333	5.0
0307265749	1.0
B00E20U3J2	2.0
0578018926	5.0
0451238117	5.0
B00C83FST0	1.0
B008OXJJYS	3.0
1478132744	4.0
1478261595	2.0
B00DT93NM6	5.0
0451413962	4.0
B00JM2HG18	1.0
0425213617	1.0
1619219182	5.0
B005ECTTRY	3.0000000000000004
1461103991	4.0
B0042RUM9G	5.0
0992142202	2.0
B00EYMXM2I	5.0
1493552317	1.0
1939551099	4.0
1940026016	1.0
0007442920	3.0
1477540059	1.0
B004SI455Q	4.0
0374534233	3.0
