1565540247	1.0
0843961716	4.0
0143111930	4.0
0316204366	1.0
1414311354	1.0
B007V8RQC4	4.0
006076533X	5.0
0312134916	5.0
0143123114	2.9999999999999996
0312579977	4.0
0871404273	2.0
054733608X	5.0
0375705201	5.0
1579180566	5.0
0812517164	4.0
006000942X	3.0
0140053204	4.0
B00E228HC0	2.0
0230342086	3.0
1400062551	3.0
006073132X	5.0
067166834X	4.0
0226537579	5.0
0195038347	4.0
1611099587	4.0
B00GX5YG24	2.0
030759419X	4.0
073556339X	3.0
0345515633	4.0
141654786X	5.0
030795790X	5.0
0742551849	5.0
0684827123	4.0
054774501X	1.0
0316289299	4.0
0984087168	1.0
1595230645	3.0
0307271102	5.0
1928832008	1.0
1595554599	1.0
089526272X	5.0
0982477767	1.0
0618127380	4.0
0385501684	4.0
0306808587	5.0
141884327X	4.0
0061472808	4.999999999999999
0761530924	3.0
0143120980	1.0
1594205159	5.0
0060004401	4.0
0847841286	5.0
0297863827	5.0
1580060218	1.0
1574230581	3.0000000000000004
B00BCO2LK0	1.0
0195078942	4.784983542389467
1442146435	2.9999999999999996
061889425X	4.0
1400041635	5.0
0195067142	5.0
0770429629	2.9999999999999996
0679437096	5.0
0743277023	4.0
014219672X	4.0
0446573019	2.0
1565126262	4.0
0060935359	4.0
1860642225	3.0000000000000004
0394528360	5.0
0786865652	4.0
0805093060	5.0
0316166316	3.0
1499618859	5.0
0880642181	2.9999999999999996
0061132284	2.0
1907773177	3.0
0316024740	5.0
0812976843	4.0
0452011469	4.0
0307407926	2.0
0807150045	2.0
0876854374	5.0
0805091408	2.9999999999999996
0684869888	5.0
1439192561	5.0
0395877539	4.0
0316039772	2.0
0553593617	4.0
006165731X	4.0
0143124404	3.0
0307463125	5.0
0061986461	4.0
0743225708	4.0
1400106656	2.9999999999999996
B00AG6T35Q	2.0
1595544496	5.0
034544177X	5.0
081392104X	5.0
0385507771	5.0
1439148848	5.0
0671721216	3.0
006075981X	5.0
0316023744	3.0
0684868547	5.0
0805079769	3.0
0802778119	5.0
156980267X	3.0
0394551206	4.0
1567310133	5.0
0805062890	5.0
0674011295	3.0000000000000004
1558323260	5.0
0226751295	5.0
0306822083	4.0
038536315X	5.0
068816689X	4.0
0684807610	4.0
0802715354	1.0
0061706558	3.0
0807847232	5.0
0156028727	4.0
1414315473	4.0
0399162380	3.0
1611090970	2.0
0385503865	3.0
014312093X	5.0
0143036726	2.9999999999999996
0195088476	5.0
1565129164	2.9999999999999996
0142428280	3.0
0316012831	5.0
006223059X	4.0
0307986330	2.0
0141184590	3.0000000000000004
0449219771	5.000000000000001
0099526409	5.0
0521726867	3.0
0812979486	4.0
0671654241	3.0
1491049669	3.0
037584631X	5.0
0312952813	4.0
0981843611	3.0
0195312953	2.0
019509381X	4.0
0439742021	5.0
0826193838	5.0
0345523504	5.0
0399152326	4.0
1400034337	2.9999999999999996
0812984250	5.0
1461123860	4.0
014311557X	4.0
0803281269	4.0
0091937426	5.0
1933512865	3.988312636961286
1594488835	3.0
0195176006	5.0
0876851898	5.0
0252036743	3.0
161188053X	1.0
0664235042	5.0
0811710793	4.0
0446672106	5.0
1592403778	4.0
1616950080	1.0
0966075188	5.0
0399159878	4.0
0679776737	4.0
0465008887	3.0000000000000004
0805034544	4.0
006194100X	5.0
B00907YWNK	3.0
1596986247	5.0
0141884819	5.0
1405913789	2.0
0912697814	5.0
0195038630	4.675894854586129
0749008156	3.0
039306235X	3.419210722263589
0195162471	4.530243422670273
0399161309	3.0
0310214696	5.0
0374283168	4.0
0374131430	5.0
0803277938	4.0
1594744769	4.0
1565071999	1.0
0470618353	4.0
0465002374	3.0
B009XGD2DY	3.0
1442355549	5.0
B004YKYCAG	3.0
0345425898	2.0
0679311831	3.0
1608199371	4.0
0060652926	5.0
080419257X	5.0
0800730755	5.0
0312426526	5.0
0195179579	4.0
0062088149	5.0
0307943232	1.0
039332494X	5.0
1402269676	5.0
1118120280	2.0
0307454290	2.0
1935597760	5.0
0141026790	2.9999999999999996
006251606X	5.0
044630557X	5.0
0399133526	1.0
0679640576	4.0
0306803178	5.0
1590585496	4.0
0195039149	5.0
B0047O2RNI	5.0
1581345615	5.0
0316206849	1.0
0735524289	4.0
0142180319	5.0
0316017922	4.105990783410139
014024980X	3.0
0312022824	5.0
0060957913	2.9999999999999996
0786185821	5.0
158008219X	5.0
028306367X	4.0
0385337477	5.0
014118776X	5.0
1476725365	4.0
1400032199	4.683567062207839
0307475999	5.0
0830839356	3.0
0316209546	3.0
0465015808	3.0000000000000004
1882972546	5.0
0743226712	2.0
0060850523	3.0
031218008X	4.0
0375713255	5.0
B0000CMDXI	5.0
160882280X	5.0
0547745524	3.0
0735588996	2.0
1416588698	2.0
015626224X	5.0
0739320386	5.0
0451231899	4.0
B00EHMFBLA	1.0
0020306652	5.0
0439023513	4.0
0307959473	5.0
0805074600	2.0
0060655186	3.0
0806141522	5.0
0486287491	5.0
0679721754	4.0
0762752637	2.0
0553386751	5.0
0314168915	4.0
0553383485	4.0
0061231428	4.0
0385518269	5.0
142219857X	5.0
0385495579	1.0
0316127310	3.0
0801039657	5.0
0898705533	4.0
0061967556	4.0
0742515168	4.0
0307887995	4.0
0679772545	4.0
0809049929	2.9999999999999996
006201577X	2.0
0060531126	3.6482102908277403
0195377273	2.9999999999999996
0374179549	1.0
1493682857	4.0
0061733636	4.0
0195181212	5.0
0674090012	4.0
B0027VSZIY	5.0
0674777700	3.0000000000000004
0671577875	3.0
1591140951	5.0
0226743403	5.0
0060924209	5.0
0141012633	5.0
B002SN9H24	4.0
0785212167	4.0
0393311333	4.0
0465083323	2.9999999999999996
0199765294	2.0
0316074314	4.0
0385518048	4.0
1939011515	5.0
0809024799	5.0
1118725794	5.0
1479237140	2.0
0967324971	4.0
0807818070	5.0
0399158278	4.0
087685191X	3.0000000000000004
B006CR80YI	5.0
1494987554	4.0
0140437614	2.9999999999999996
097006294X	5.0
0805098542	1.0
0385515693	4.0
019518131X	5.0
080907821X	4.0
0316787035	5.0
0801870569	4.835696637662478
0465014917	2.9999999999999996
0300095694	4.0
0314194835	5.0
1883789664	3.0
1481026674	4.0
0316010707	5.0
0393058204	2.9999999999999996
0805073396	2.0
1442359315	5.0
0143118102	5.0
1118106377	5.0
B00C10MB36	4.0
0486290859	5.0
