B00GZCBZ9M	4.0
0299289702	5.0
0060852550	4.0
1455548987	4.0
0548258139	3.0
0849921929	5.0
1433528274	4.0
0312243359	5.0
1569474338	4.0
0671016776	4.0
0143118579	4.0
067188428X	4.0
0071444947	5.0
B005EYSB4O	4.0
0373210302	4.0
1439167176	5.0
0140254560	4.0
0316187704	3.0
0140186301	3.0
1582345643	4.0
0307947432	5.0
1490404171	5.0
015600125X	4.0
0812975618	4.0
193519268X	4.0
0385525214	4.0
0312379188	2.0
0373210752	4.0
0060277270	5.0
0385349173	5.0
B00I7X5ML4	5.0
1414120710	4.0
0002007770	4.0
0385477058	4.0
1482729555	3.0
0060519215	5.0
0307951901	5.0
0440221625	4.0
1416989501	4.0
0451229290	5.0
1933149302	5.0
0743299396	4.0
0312277105	4.0
0679601392	4.0
0143144405	4.0
B00HCSCPO2	5.0
0671213717	4.0
0141192429	5.0
1493755544	3.0
0439136350	5.0
0812975634	2.0
0446364401	4.0
0425194612	5.0
146352210X	5.0
B00A27X94A	3.0
031609465X	4.0
1414335881	4.0
1439192561	4.0
0307341569	3.0
0434022373	5.0
1591840783	5.0
0140481346	5.0
0764208500	3.0
030795062X	5.0
1410440478	4.5
038573462X	2.0
B008KS3MG8	5.0
1466231971	5.0
1580051928	4.0
B009F0YTN0	5.0
B00DVR37VS	5.0
1455525839	4.666666666666667
B00G9MXT7E	4.0
B00CICE3YM	5.0
038574224X	5.0
1441401199	3.0
0140058893	5.0
0312852487	4.0
1596327839	5.0
B00A4AOMT6	4.0
1594851379	5.0
1461079853	4.0
0025853503	5.0
1938750934	5.0
0312426054	5.0
1908844019	4.0
0987456628	3.0
B001CNR8KO	2.0
0452296722	4.0
0451527348	3.0
006205984X	4.0
0385503865	4.0
1484076478	5.0
014044615X	4.0
B0064GMRSW	3.0
0439531640	5.0
0316055433	4.0
1608190358	3.0
1587369222	3.0
B008QLVMTI	4.0
0307749584	4.0
0446672351	4.0
1441887512	5.0
1481929380	5.0
1400081882	5.0
0849947251	3.0
0373210728	3.0
1434799301	2.0
B004T4X8LG	3.0
1480162310	5.0
0373778295	4.0
0399142533	4.0
0307341593	5.0
1935192671	3.0
0060955422	5.0
0307730964	4.0
073949015X	2.0
1623800188	5.0
0385741774	5.0
000747959X	4.0
1456484249	3.0
0307931005	3.0
0812096509	5.0
0060652934	3.0
0307476073	4.0
0061938343	5.0
B00A6RKSCC	5.0
1400203988	5.0
B008RN2L9U	4.0
0385311400	5.0
B00D9CKUW4	4.0
1416534261	5.0
0143036556	3.0
0446530220	4.0
B00AX2BICY	5.0
0671413333	2.0
1938750977	5.0
B00F8GP5O2	3.0
0345370732	4.0
1551667401	4.0
0375501347	5.0
0876858639	4.0
0140436715	3.0
0316127256	5.0
0849947219	5.0
1885593295	5.0
1565129237	4.0
0061056928	3.0
0099452243	4.0
B00L19CQPG	5.0
1442346965	4.0
1414336365	4.0
0375503552	5.0
1416953582	5.0
031218008X	5.0
1606841297	3.0
0316163333	4.0
0151002517	5.0
0312968221	1.0
1455527203	4.0
0811807843	4.0
061834697X	4.0
0836218515	5.0
0312594410	4.0
054799219X	3.0
0615521770	5.0
0679729917	5.0
0061007145	3.0
1419667394	3.0
0451169514	2.0
B0098TOCF8	4.0
0449214265	4.0
0671692658	4.0
0312559127	4.0
B00E4UIYB4	5.0
1414327854	5.0
0375755217	5.0
1934081035	5.0
0061939234	4.0
1616201320	5.0
1623806313	5.0
0143117289	5.0
0061208515	5.0
0718178122	5.0
0547483341	5.0
0525945598	5.0
0316187747	4.0
0060931418	5.0
1475146345	4.0
0307713547	3.0
0261103288	4.5
B00GO5G33I	5.0
0446604658	2.0
0312282990	4.5
1402271727	5.0
1401303277	3.0
0671692674	4.0
0151010196	3.0
1442402326	5.0
1475267940	5.0
0767905385	5.0
0061007129	5.0
0316187712	4.0
1483906779	3.0
1400203538	2.0
B008JYCVW4	5.0
1468161660	5.0
034541005X	4.0
0061778737	5.0
0316240079	5.0
0452278902	5.0
0684842696	4.0
0615610056	3.0
1482597152	5.0
0615786774	5.0
0545433819	3.0
0316779423	3.0
147919591X	5.0
0312559100	5.0
0345410076	3.0
0985081821	5.0
0060652950	3.0
143432494X	4.0
1609946324	5.0
B00D3NUCQI	5.0
0307277674	3.0
0765325942	4.0
0399148612	4.0
1595552197	3.0
B0055673VS	5.0
1455573027	4.0
0307931889	5.0
0141345659	5.0
0061992704	3.0
1441407383	5.0
0767928881	5.0
B004C053N8	5.0
0316201642	3.0
0140053204	5.0
0140177396	5.0
0982845286	5.0
1609362241	5.0
0316014044	5.0
0060936223	5.0
0767918606	4.0
B0084TUFG8	3.0
0385751605	3.0
0002219417	5.0
B00KIT5RKQ	5.0
0789749637	5.0
0071492259	5.0
0060765240	4.0
0312140940	5.0
1483948978	5.0
0307277690	5.0
1426752806	3.0
0743597923	5.0
0142410705	5.0
1477817158	5.0
0618118780	4.0
0340834099	5.0
1442359889	2.0
0199542880	4.0
0140434941	4.0
0618477942	5.0
1596916508	4.0
1484814770	5.0
0671319647	3.0
1250028779	5.0
1400166551	4.0
0140434925	3.0
1118134613	5.0
1434406997	5.0
B007MFTOGM	3.0
1400095565	4.0
0385311397	4.0
0385336675	2.0
157062724X	4.0
0061974072	4.0
0393315630	4.0
0758210353	5.0
1401926452	5.0
1420894609	4.0
1414348282	5.0
1616952040	3.0
0425218384	5.0
1462110665	4.0
080505118X	4.0
0345505336	5.0
0345521307	5.0
0440226953	2.0
0141013451	4.0
0451214242	5.0
0553561979	4.0
0307594165	3.0
0062065246	4.5
0553377884	5.0
0393087727	5.0
0345371984	5.0
0061668214	5.0
1250005647	3.0
B00BU68R3A	3.0
0307383415	4.0
1439172498	4.0
0743264738	5.0
0739462164	5.0
0425274462	3.0
0140444300	4.0
075824679X	5.0
0849920698	4.0
0060293233	4.0
1627980784	5.0
B008S5SV5U	3.0
0641934173	5.0
0142406252	4.0
B008ZG9KMA	4.0
1560254149	4.0
B009CA6P3A	5.0
067964265X	5.0
0375701907	5.0
0345471016	5.0
1416594884	5.0
0861715357	4.0
0140434968	5.0
0399157573	4.0
1404183558	5.0
B00BA1UM3S	5.0
1475273894	4.0
1935597264	2.5
0385351852	3.0
0738860123	5.0
1451660731	5.0
B008848AOS	1.0
1484080513	4.0
1250010632	3.0
0143120921	4.0
1612182798	5.0
039916250X	3.0
1419339788	4.0
0743467728	4.0
076530984X	5.0
0307266931	3.0
B0083ZXVVE	4.0
885661698X	5.0
0786891459	5.0
0679451226	5.0
B0085MQQIK	4.0
1423154525	5.0
0684811073	5.0
076792794X	2.0
0310205050	4.0
0545427630	4.0
087067935X	4.0
1480084735	4.0
0310293146	4.0
1466336943	5.0
1477817522	4.0
0345452380	4.0
1402277857	4.0
1481083635	5.0
0393305864	4.0
0805054677	5.0
B007V91FK2	4.0
B00513NIU0	5.0
1570754306	5.0
1453855459	4.0
0736938370	5.0
B006VJGI00	5.0
0758274882	5.0
1468189557	5.0
0143115561	5.0
0099458322	3.0
1466427507	4.0
1469204304	3.0
0307475999	5.0
0393046788	4.0
1781850631	4.0
B00GQHCBI0	5.0
0156439611	4.0
1591840279	4.0
B007Z9IVUU	5.0
0547247990	4.0
0143105760	5.0
0312144474	4.0
0099529734	5.0
0843960914	3.0
1623804981	5.0
1416548599	3.0
0786942657	3.0
0743579631	5.0
0061988243	5.0
0064401855	3.0
067977548X	4.0
1609451791	5.0
014310571X	5.0
1890447048	5.0
074320512X	4.0
1400031567	4.0
1494851636	5.0
1584793589	5.0
B00DSVUIT6	4.0
0312854277	3.0
0399112286	5.0
0060527307	4.0
0761377522	5.0
009952712X	4.0
0553589091	4.0
B0065R3PY0	4.0
0553106163	2.0
0764205978	4.0
019283620X	5.0
B00CBXWJ4Y	4.0
1626491151	3.0
B0053YIHHQ	4.0
0312854285	4.0
B005S0V67I	5.0
0756402697	3.0
1414318014	5.0
0802136346	5.0
0375831002	4.923076923076923
1402798431	5.0
1400074290	3.0
0356500535	3.0
0694517291	5.0
1627982566	3.0
0375405828	4.0
1426767498	5.0
0679755411	3.0
0316053643	3.0
1573223085	4.0
1400308534	4.0
0312383304	5.0
0312576463	2.5
0544032047	2.0
0312156707	5.0
0061020680	4.0
0525953728	3.0
1478222204	5.0
082543310X	5.0
0345504968	3.0
0385489129	5.0
1453767525	4.0
1414335571	2.0
039455583X	5.0
0373210426	3.0
1459700015	5.0
0061020664	5.0
0345521080	5.0
0061020672	4.0
0606106766	4.0
B00GMPYUVM	5.0
0060888644	4.0
B00I10F1AK	5.0
0143118668	5.0
1479112232	5.0
1935089544	4.0
088184666X	2.0
0061020656	4.0
0441019633	3.0
0743554434	4.0
142675695X	5.0
0062265423	5.0
1426756968	5.0
0395500761	5.0
006102063X	4.0
1561454907	5.0
1600062229	4.0
0312551371	4.0
1481280767	3.0
0061020648	5.0
006166927X	4.0
0312427484	4.0
0232529299	3.0
B00B6TSY5C	5.0
1402273436	3.0
0310330971	5.0
0330334611	5.0
1890132160	4.0
0060987103	2.0
0307281698	5.0
1414315910	4.0
161695065X	5.0
0765306786	5.0
1595551220	5.0
148238745X	3.0
038533351X	5.0
0743255240	2.0
0425142485	5.0
0307444961	5.0
0316925195	2.5
B006M4HDEY	4.0
B007Z8LWXY	5.0
0312270828	4.0
1936551144	5.0
0312864590	2.0
0670021334	4.0
1908603550	4.0
0307731715	4.0
0061020621	4.0
1595434429	5.0
0802723527	3.0
0060853972	5.0
1573443360	5.0
0060541431	3.0
1463636261	4.0
B00FX8SV50	4.0
0615811752	3.0
0316954993	5.0
0395706742	4.0
0060088613	4.0
0385333501	5.0
0452289289	4.0
0140067477	5.0
0873801547	4.0
0312873077	3.0
0446547638	4.0
0984711376	5.0
0061020613	4.0
0312854315	4.0
147769708X	5.0
0307885151	4.0
B00BNHQ9WM	5.0
1623801389	5.0
0345527682	5.0
0312358334	3.0
0739474812	4.0
B00C0ZVQ42	5.0
B0070PI4MO	5.0
B00A7LJNS2	4.0
0307460185	4.0
B007JLNIES	3.0
B00B2PWNE8	5.0
0876859260	2.0
1423137701	2.0
1466314036	3.0
0140186409	4.5
0156035359	4.0
1782991034	5.0
0340898917	3.0
1416998381	5.0
B00EUTCZ6E	5.0
B0085HXM6E	4.0
1479274941	5.0
0385740328	3.0
B00AVRUKM0	3.0
1414372108	5.0
B00B0AN03S	4.0
0007157150	3.0
0140133968	3.0
0312347294	4.0
0615139906	2.0
0765302306	4.0
1481072064	4.0
0671742515	4.0
0451148223	5.0
1594744769	4.5
B008LYMI0W	4.0
0399143793	5.0
0312134991	4.0
1577314131	3.0
0060580674	4.0
1618770233	5.0
0425255352	5.0
0060740450	4.0
0857212494	4.0
0062008110	4.0
1402268467	4.0
1478314605	5.0
067141125X	5.0
B00GU4Y452	5.0
B00B4I8P8Q	4.0
0425224600	5.0
1935597760	1.0
1886093040	4.0
0143119133	3.0
0198326769	5.0
B006PTOEX4	5.0
1615819584	5.0
0316017922	4.5
034547905X	5.0
1423160517	4.0
1118203682	3.0
B00AZSCFQO	1.0
1442303093	4.0
0141035005	3.0
014118776X	5.0
0316199869	4.0
0062224077	5.0
B007J4DDRM	5.0
1469984202	4.0
1479103780	4.0
1450797857	1.0
0312427085	5.0
B00CS6Z0R2	4.0
B007J930O8	2.0
B00FNGA13W	3.0
B00AD9J414	4.0
0375724834	4.0
B0085L1GD6	4.0
1414337302	4.0
B00AK2DFLE	4.0
0827238053	5.0
0345542886	5.0
006213468X	5.0
1600066631	5.0
0140231900	4.0
0385739370	5.0
0395353009	4.0
0877733759	2.5
0307347389	5.0
0345500962	3.0
0716733870	3.0
1889209023	5.0
0743241924	4.0
0062241451	5.0
0827238045	5.0
B004W3UK4M	5.0
0061134244	4.0
0764207393	5.0
0802779174	5.0
B00E9CIO1W	3.0
1611097649	3.0
0062294377	5.0
0425212653	5.0
0061020699	4.0
0062065653	3.0
0769634265	2.0
0807072737	5.0
1402268432	4.0
0745955142	5.0
0615591949	3.0
0781404312	4.0
0865474370	4.0
0142800821	4.0
0425230058	5.0
155643684X	5.0
111819733X	5.0
0425103285	4.0
B00986GR2W	5.0
B009AJ561K	4.0
0345807294	4.0
1433527073	5.0
031605755X	5.0
014018998X	3.0
0679641041	4.0
0007442920	3.0
0312808879	3.0
0060520132	3.0
0373210450	4.0
0844669512	4.0
0062270486	5.0
1416542051	5.0
1602392935	4.0
031609756X	5.0
0615834027	5.0
1568600593	5.0
0827238096	5.0
1477661875	4.0
0143123238	4.0
0374173354	3.0
0486227030	5.0
1935661914	4.0
1401685560	5.0
0425162443	4.0
0553296345	5.0
0824948149	4.0
B0089XJJKC	4.0
0061689246	5.0
1442402350	5.0
B009ABTDSU	1.0
148002743X	5.0
1929242336	3.0
1580089658	5.0
0470080302	5.0
0380818612	3.0
0345453743	5.0
0307990745	4.0
0743572750	4.0
0061990639	4.0
0451194861	2.0
B009O8NW9K	5.0
B00CQOP5HG	5.0
088724758X	5.0
1941450008	3.0
1439153663	2.0
0425195279	5.0
1461126142	5.0
0385302320	5.0
0671729489	5.0
0738725943	4.0
0143124544	5.0
1475091648	4.0
0345487524	4.0
B00DY8HAH6	4.0
B00DDGWXTY	5.0
1423164830	3.0
0765306298	3.0
0689865198	5.0
157322829X	4.0
031225296X	4.0
0156032791	5.0
0140285601	4.0
0061989207	5.0
0061961299	5.0
1426714688	4.0
006056198X	4.0
1402268408	4.0
B005LVVGWY	5.0
1404187839	5.0
0770435629	5.0
1602728496	4.0
0345339703	5.0
0738719269	4.0
B006N2ZBD0	5.0
1593637454	5.0
1471721159	4.0
0307594033	3.6666666666666665
0316777730	4.0
0374111197	5.0
1454901276	4.0
1595545344	3.0
0312421273	3.5
0307712508	4.5
1416994793	4.0
B008MQ8CEU	5.0
1935955322	5.0
1410458792	5.0
0143142801	4.0
B009RSFU9M	5.0
0393326659	5.0
1591844576	4.0
0230769152	5.0
0395547032	4.0
0061713767	4.0
1461085977	4.5
0984803505	5.0
0316154520	5.0
0375703195	5.0
B006F6P1MK	5.0
1593500483	4.0
0849946972	5.0
1451667000	3.0
0060175966	4.0
B00FEON78E	5.0
0141439602	4.5
0060890096	5.0
0445408650	5.0
0756402972	3.0
0061731161	4.0
1612187064	5.0
0307932885	4.0
0061990612	4.0
0786865059	3.0
1626490570	5.0
0312650108	4.0
0062132466	5.0
0764212311	4.0
0679720227	5.0
0061449725	3.0
1932815597	2.0
0671697862	4.0
B009G3ZK9S	4.0
0312422156	5.0
1939217253	5.0
0807083054	4.0
1629291129	4.0
1573443298	5.0
0151015392	4.0
B00E3UW03S	5.0
0385318731	4.0
1442406798	3.0
034546009X	5.0
1607777851	3.0
031032551X	4.0
1939997127	5.0
0061020702	4.0
0571280536	2.0
0811216888	4.0
1928662161	4.0
1480504246	4.0
1442346272	5.0
1432733281	4.0
0986594253	3.0
1479261726	5.0
052542668X	5.0
0143145444	5.0
0007447868	3.0
0307408841	3.0
0679735739	4.0
1400065887	4.0
0803733402	5.0
0979518202	4.0
0140621806	5.0
0312278713	4.0
0425205517	5.0
1463700806	4.0
0486422453	4.0
B0089H1YEW	5.0
0393057313	5.0
039517578X	4.0
B007WHUOQO	4.0
0825442494	4.0
038072832X	4.0
1479269670	4.0
0141302690	4.0
0615722350	5.0
0307743659	3.5
1606520261	5.0
0761511946	4.0
0142425036	5.0
1568584490	5.0
0140296387	4.0
0786869054	1.0
1479236748	5.0
B00B8UBBUE	5.0
B005C5TCR0	3.0
0743228154	4.0
0983930805	3.0
1481100920	5.0
000739358X	5.0
1568601468	5.0
0140237194	3.0
161039013X	4.0
0385481713	3.0
0961895403	5.0
0061144835	3.0
B008ZH1SQK	5.0
0394720288	4.0
0345504992	4.0
0399147268	5.0
0061340324	5.0
B005JGK8Y8	4.0
0307386171	4.0
0143125435	5.0
0307704076	4.0
0385318790	4.0
B004LGTOCO	5.0
1426714661	5.0
0316472409	4.0
1250007518	5.0
125000750X	5.0
0062015761	4.0
0310290813	5.0
0764205625	4.0
1481939904	3.0
0060098902	4.333333333333333
0809544601	3.0
1442361867	4.0
043935806X	5.0
0141180250	3.0
0553278029	5.0
031286504X	4.0
B00LC9KZNK	5.0
0758269374	4.0
B005N1IEX6	4.0
B009AM56TY	4.0
095546563X	4.0
B00HUMETSU	5.0
0140436588	4.0
0425248305	3.0
0061995541	5.0
1938467272	4.0
031027947X	5.0
0445205377	4.0
0385333854	5.0
0618169326	5.0
0758266529	5.0
1567691072	4.0
0786888458	4.0
070117756X	5.0
0307593436	5.0
0758265670	5.0
0143038583	4.0
0545290147	3.0
B0044KM2L2	4.0
0385660065	4.0
0062105655	4.0
0375725601	4.0
0192835610	4.0
B00I54U9XQ	3.0
0316346624	5.0
0373210515	5.0
1416975586	4.0
1609070100	4.0
0062267728	3.0
142675356X	5.0
1250046327	5.0
1425944426	4.0
1477654631	4.0
0670024783	4.8
0143117467	4.0
B00A7HE2XW	5.0
0393064476	4.0
1595540857	3.0
0373210523	5.0
1481070142	5.0
0141040378	3.0
0553050680	5.0
0060004878	5.0
0786838183	3.0
0385074077	5.0
0062291882	5.0
078691176X	4.0
0142422010	5.0
0394726405	4.0
0375407081	4.0
B00B4XLK38	5.0
B007R8H6UK	4.0
0385537859	5.0
B0088SZA7O	3.0
0030554624	5.0
0634049011	4.0
1938750705	4.0
0061836923	5.0
1406337609	5.0
0375503315	4.0
0312561288	4.0
1573225517	4.0
1613727348	2.0
0373210507	4.0
0141007338	3.0
1401928080	5.0
B00472O5SU	5.0
0860685411	4.0
1439192316	5.0
0316001821	1.0
0345487133	3.0
0099710013	5.0
0800734467	5.0
0312680635	4.0
1414371713	4.0
0060741872	4.0
1494904489	5.0
0385343663	4.0
0062049801	5.0
0385480016	5.0
037584631X	3.0
0618001948	2.0
0007327064	4.0
B0076D11WK	5.0
0060512806	4.0
0689841140	5.0
0700606416	5.0
0758229542	5.0
B0071LLL2M	3.0
0340822775	5.0
0307740994	1.0
0312850093	4.0
0316036919	5.0
0547572298	3.0
0375826726	3.0
0425200396	5.0
1623803454	5.0
0151013047	5.0
0849947006	5.0
0385740204	2.0
0671020641	4.0
0345428811	5.0
0142001473	4.0
0330419129	5.0
143367906X	4.0
1400203759	4.0
1782640339	3.0
0099464462	5.0
0440576474	4.0
0679753826	3.0
0316024597	4.0
B008AU9WGU	5.0
0451418433	5.0
067172942X	5.0
0884483118	4.0
038541627X	5.0
0345528670	5.0
0071458050	5.0
B003OIBG0I	3.0
0316175560	4.0
1400319935	5.0
B0092XHPWM	5.0
0758217196	4.0
0393003043	4.0
B00B8U421O	5.0
0375406182	5.0
1475238347	4.0
076421022X	5.0
0140306013	4.0
0679420266	4.0
0674058275	5.0
0143170090	3.5
0312261845	4.0
067002032X	4.0
1481002848	2.0
0785231951	3.0
014024980X	4.0
0738736430	4.0
0399537015	5.0
0061537934	5.0
1416995587	4.0
0983979731	4.0
0060754753	5.0
0425247872	5.0
0385741561	5.0
0805421300	5.0
0425236757	5.0
1481861867	4.0
B00ADRAOVU	4.0
B00A0C9T5U	4.0
1627980911	5.0
0060891548	5.0
147674355X	4.0
0980245575	5.0
0739476475	5.0
0679753834	4.0
0399143661	4.0
0316738719	5.0
0764210696	5.0
0887307043	5.0
1613727755	5.0
155022414X	4.0
0312592477	3.0
1401341764	4.0
0425264394	5.0
0451415361	4.0
0142002356	4.0
1426774494	4.0
0307953068	5.0
0061438596	4.0
0825441986	4.0
B00BL70ZJC	5.0
B00HZ4XMH2	5.0
B007BHHRW4	5.0
B00F4F33DC	5.0
1626490511	5.0
0385534736	4.0
1611097975	4.0
1442362383	4.0
B00CZEAO0U	5.0
0989416429	3.0
1603865136	5.0
0984724729	3.0
0241951615	3.0
0802116175	3.0
148196691X	5.0
0615717594	3.0
1591846692	5.0
1565125096	4.0
B00B0K1OD6	5.0
0226500624	4.0
B00B3DROPW	4.0
0470049316	4.0
1492707872	5.0
0099450259	4.0
081187138X	2.0
0307887863	4.0
0743456459	4.0
0151012113	4.0
0689504764	5.0
0316776963	5.0
0316176486	5.0
1606840258	4.0
0399157328	5.0
B004W0BR1U	3.0
1490904387	3.0
B001ET66ZE	5.0
006223885X	4.0
146359092X	3.0
193556238X	3.0
1482657643	4.0
1463549008	5.0
1609366859	5.0
0060878134	3.0
1478391626	5.0
039307157X	4.0
0316097446	1.0
0307265439	5.0
0380793229	3.0
0765331152	4.0
0802798225	5.0
0007337701	4.0
0312857586	5.0
0849900417	5.0
0316224510	4.0
0060976926	4.0
1612186084	3.0
1475045964	5.0
1426714793	3.0
1411656180	3.0
0679454918	4.0
161372473X	5.0
B008OJIYKC	5.0
1595547819	4.0
1609366867	5.0
1444735896	5.0
0307358666	5.0
0061791180	5.0
0151008116	4.0
B007KOGEQ8	1.0
1605043192	4.0
1627987150	5.0
0547626142	3.0
0140386645	5.0
B006P5CH1O	4.0
0615890083	4.0
B00LBGT882	5.0
0606238409	3.0
0140249435	4.0
B00DEYIY34	3.0
0451184963	2.0
0142426059	5.0
1623809592	5.0
0679436677	4.0
0192839993	4.0
1606523406	5.0
014028334X	5.0
0802723098	3.0
0140282025	4.0
0307987647	4.333333333333333
1478249331	4.0
B005COO1X6	3.0
1478392924	5.0
B009LAHAI0	5.0
0140154078	4.0
0984561609	4.0
0061011479	5.0
1609366883	4.0
1598879251	4.0
0330317547	5.0
1451678282	3.0
0547892624	3.0
0615549012	4.0
0307932540	5.0
0140282033	3.0
1622631196	5.0
014143998X	2.0
0375402187	3.0
0307957837	5.0
1620612429	5.0
0525953019	5.0
0939516012	5.0
0345336976	4.0
145162137X	5.0
0615701949	5.0
0099574918	5.0
0061578916	4.0
0793806577	4.0
0385739796	3.0
1441508147	4.0
0007267622	3.0
1600060919	5.0
0142428280	5.0
0140283331	4.0
0142418471	4.0
0141001682	4.0
0595171761	5.0
0307458784	4.0
0310213274	5.0
1442440759	3.0
1475007671	5.0
0857521012	5.0
0226500578	4.0
087113361X	3.0
014014773X	5.0
0743486250	5.0
0143038915	4.0
0718018990	4.0
0316066303	5.0
0345449347	3.0
0393316734	4.0
0062218832	5.0
0141188936	2.0
0316058254	5.0
0060822554	4.0
1481175734	4.0
B00ERLB74G	5.0
B00GYFRW10	5.0
B00EK91UB0	5.0
1623802547	5.0
1481025988	4.0
006165597X	4.0
0312428812	5.0
0140077022	4.0
014038572X	5.0
1470124327	5.0
0312864256	3.0
0745962769	3.0
1780034229	3.0
B00IGYE3BE	4.0
1453876146	3.0
1250021529	4.0
1467990248	5.0
1483959813	4.0
055299703X	5.0
0307387135	5.0
0375434305	5.0
0307407624	5.0
0451527542	4.0
0143034901	4.0
B008M5O7PY	3.0
0751536822	4.0
0812975928	3.0
1453295070	3.0
0544263618	4.0
0099448793	5.0
0060598751	4.0
1478276258	4.0
0934026785	5.0
0385340990	4.0
1479761729	5.0
1570627401	4.0
0307712842	5.0
0099451956	2.0
1599901609	5.0
1469916975	4.0
0736929665	5.0
0370332288	5.0
0385338686	3.0
0312272057	4.0
B00GGZSSV6	5.0
1936833034	5.0
0676974058	5.0
1440230005	5.0
0143142070	4.0
0804113645	4.0
0062060619	5.0
0060564512	4.0
0685220788	3.0
0670784826	4.0
0786942894	3.0
0060911131	5.0
B00IBL4PUQ	3.0
0061791121	5.0
0439023483	4.0
0316042781	4.0
0385348061	5.0
0758225210	5.0
0811815706	5.0
1581808488	5.0
0141321008	4.0
0060920084	3.0
B004KZOS22	5.0
0989853616	5.0
0525950370	5.0
1606523414	5.0
0062127373	4.0
B00IEQPSGS	5.0
B00H1477HM	1.0
0226770990	2.0
0385492995	4.0
1451616880	5.0
147780885X	2.0
043920352X	5.0
0307272591	4.0
B00GBQI0M2	4.0
B0091N5NJK	4.0
0764228870	5.0
0825442397	5.0
037571894X	3.0
B003QMLHJM	4.0
0989970744	5.0
0061348171	5.0
B009CI07JK	4.0
0299233804	5.0
B00C3MPFTY	5.0
080106774X	4.0
0825426715	3.0
B0071QV5CI	5.0
0553398512	3.0
0758213247	5.0
1482014211	5.0
0826412769	5.0
0674485254	4.0
0060794410	4.0
0872205525	5.0
0618427058	5.0
1400074037	4.0
1400315956	4.0
0060916818	4.0
0688159885	4.0
006177815X	4.0
0345522028	5.0
1849142130	4.0
0933944047	4.0
0060574747	3.0
0824516451	4.0
1442421622	3.0
B00EIN39GW	3.0
1475104464	5.0
B00JBPPQOK	5.0
046503828X	3.0
0375824006	3.0
1402784058	5.0
0671001167	4.0
1596328835	4.0
0671753819	5.0
0752886185	4.0
1933389796	4.0
0307276902	3.0
0060974060	5.0
0844273252	3.0
076420842X	4.0
0310330718	5.0
1618770071	5.0
1414372736	3.0
0385732554	4.8
0785226087	3.0
0316126675	2.0
054774501X	4.0
B0096QBRVA	5.0
1596449381	3.0
0375401210	1.0
1584794917	5.0
1492108421	5.0
B005KPDXZE	3.0
0743263057	4.0
8498726697	3.0
0373210671	4.0
0385740166	4.0
0375726837	4.0
0060855924	4.0
B00C6ZTNC8	5.0
0786931264	4.0
0743463501	3.0
0062023586	5.0
0684830795	4.0
0241950449	4.5
1463533136	4.0
1854249746	4.0
0375412328	5.0
B008XR34J6	4.0
0307719871	4.0
0671024256	4.0
B00BBH9RL4	4.0
0307729656	4.0
078693123X	4.0
1442465328	2.0
B00CFPNMTY	5.0
B0087TFEWK	4.0
1483918432	5.0
B00H0DBQQC	4.0
B006TF5TM4	5.0
1576835103	5.0
B00JBC11P6	5.0
0062059998	5.0
1489556419	3.0
0553107755	4.0
085721229X	5.0
1619491338	5.0
B00CGBYVTW	5.0
0061706302	4.0
0451199448	5.0
0805096663	3.0
0312559097	5.0
0143116231	3.0
0345433009	5.0
0062124269	3.0
1611530288	4.0
1479269387	3.0
0983185816	4.0
0307718964	5.0
1400080452	4.0
0061122416	3.0
1426201257	4.0
B00GIUGQ7M	5.0
1602608113	5.0
1414367341	5.0
038536315X	5.0
0385344430	5.0
0449012751	4.0
1480025852	3.0
B00IHQEYOW	5.0
030758836X	3.6
0060563486	3.0
0385501129	2.0
B00DRFN4QC	5.0
0399256466	3.0
030728364X	5.0
1410442519	4.0
0312607075	5.0
1475298366	5.0
1416990658	4.0
0545509890	5.0
0002247399	3.0
1612182054	3.0
0061703257	4.5
0875523137	4.0
0143037145	2.0
0671027344	4.75
1489568859	4.0
0394573439	3.5
1416913181	4.0
0140771972	4.0
043902353X	4.5
015101423X	4.0
1478165340	5.0
0312868731	4.0
B003PPDB8K	4.0
0440343119	4.0
B00D5C9LR8	5.0
0312853238	4.0
0316010669	3.0
1623802482	5.0
1482743116	5.0
144213058X	3.0
0553583174	4.0
0061431877	5.0
006095485X	3.0
0606002952	5.0
0988427400	4.0
0982986270	3.0
1426752784	3.0
0141330554	4.0
1941212107	5.0
0739327364	4.0
0373210264	4.0
068817762X	4.0
B005K159H8	5.0
B004C43HH8	5.0
0062273248	5.0
1612186009	3.0
0439888069	5.0
0140131558	4.0
146625453X	5.0
006092988X	5.0
0062059939	4.0
1402270542	4.0
073871321X	5.0
1402271875	3.0
1439153027	5.0
B0081CUVIU	5.0
0062083260	2.0
B00A6JN95I	5.0
B004UN4L9E	2.0
0312851405	4.0
B00B3YWG8Q	5.0
1416955410	2.0
0743499336	3.0
1613725434	5.0
0020519001	5.0
B0060OTIQM	5.0
0763655961	4.0
1885593171	5.0
0451217772	5.0
0307749649	4.0
0312384009	4.0
0738710180	3.0
0307245306	5.0
1426752776	4.0
B00H8XYNY6	5.0
1938750837	5.0
0099908506	4.0
0439023513	4.0
0307458997	4.0
0446564311	2.0
006220422X	4.0
0316154741	3.0
B005L4Z9OW	5.0
0316175668	5.0
0763659479	3.0
0373210698	5.0
B007IVVIOG	5.0
0670022810	5.0
073936474X	4.0
0609804618	5.0
0786936134	3.0
1603707743	3.0
0061431834	4.0
0380719185	4.0
0375859551	4.0
0060887184	4.0
B0092Q0UJY	4.0
1494430916	5.0
1935597574	5.0
0316040924	4.0
0140434240	4.0
1575001438	4.0
0800719816	4.0
1599951967	3.0
B00E8931LO	3.0
B009ZOZKO8	5.0
0312430027	5.0
0099494175	4.0
0140293442	2.0
0385525915	5.0
1453661182	5.0
0615798616	5.0
0375826688	3.0
B00AVWCAZU	3.0
0446564370	5.0
1475185804	3.0
0393319296	3.0
0312550650	5.0
061548039X	3.0
1401322905	4.0
0615704395	5.0
B00KC13II8	4.0
0802143431	4.0
B008TGOJAE	5.0
019953750X	4.0
0060194995	5.0
0439813786	5.0
0316473049	4.0
0140282777	4.0
1402242077	5.0
0446578983	4.0
1499646704	5.0
054522490X	5.0
0679728740	3.5
0805090037	4.0
0981956866	3.0
1451642369	4.0
0062004042	5.0
0307275132	4.0
0804718849	4.0
0615632637	4.0
0615687342	5.0
0385497431	3.0
0689858205	4.0
0385413041	2.0
0380792273	3.0
B00GHXJZSM	5.0
0307385906	5.0
0439806119	4.0
0061567965	5.0
0312857691	3.0
0802119263	3.0
006073132X	4.0
147815943X	4.0
0345402391	3.0
0688155308	4.0
0061092177	5.0
0445406259	5.0
0345485556	4.0
0307913090	4.0
0451202341	5.0
B00BLQEEZY	5.0
1477817484	5.0
1490986375	4.0
1616145919	5.0
B00HAGFLJM	5.0
0374280878	5.0
0140178139	4.0
0061149047	4.0
0825305977	4.0
0142419400	5.0
1606841440	5.0
B00DUXS4Z2	5.0
1401689701	4.0
0595466486	5.0
076420808X	3.0
1608323684	3.0
0807101508	4.0
0307589730	5.0
0061791059	5.0
1565124081	5.0
0312591071	5.0
1475233086	5.0
1606841459	5.0
1250028655	4.0
B0096SJMQK	4.0
0060558121	3.0
006223630X	4.0
B00BCX93N4	5.0
1455523917	5.0
0226823369	5.0
1937639061	5.0
1441400877	3.0
1491277289	5.0
B00G5GKZD0	2.0
B00ANZ7JV0	4.0
0316065781	5.0
0143114964	5.0
0061726826	5.0
B007IQC6TC	4.0
0316013269	3.0
0140303332	1.0
B00HI9DL0W	5.0
1596328363	5.0
0451197704	5.0
0547744943	4.5
B009FKUGDW	5.0
B009K54CPU	2.0
B00DH24E82	3.0
1934531812	1.0
0399159894	5.0
0060755334	5.0
0007124015	4.5
148028629X	5.0
0756669375	5.0
097677884X	4.0
0141012692	4.0
0825442206	5.0
B0082UXYTE	5.0
006113967X	3.0
1602825785	3.0
1475238339	5.0
1589269241	4.0
0307731006	5.0
0982845103	4.0
031621440X	4.0
0062004018	5.0
0739359339	3.5
1615810579	5.0
1617950742	5.0
0425266745	5.0
080211928X	4.0
1250010098	5.0
0316002135	3.0
1466398647	5.0
0525949070	5.0
0393050939	4.0
037594060X	3.0
1493621890	5.0
B00BQJB8NC	2.0
0345479726	4.0
0380753987	1.0
B00KRWIS6Y	5.0
0316767727	4.0
B005Z2EZ04	4.0
0671415085	5.0
1400066514	5.0
0307939650	5.0
0307277712	4.0
B007ZKK9WW	4.0
0802135358	3.0
0739495585	5.0
0425199444	5.0
0689865392	3.0
0689876025	4.0
0689110456	4.0
0547807686	3.0
0312364083	3.0
009928264X	4.0
0061130486	5.0
0553349481	5.0
0380729407	5.0
0307352145	5.0
080750615X	4.0
B005F9RMAW	4.0
0062223879	5.0
0691139660	4.0
0385679505	2.0
1615810196	4.0
0375726411	4.0
0743496744	2.0
B008T8PDR0	4.0
1250009502	5.0
B00IUMQHOS	5.0
0765317583	4.5
0316206849	4.333333333333333
0007444117	2.0
0312155239	4.0
0688178057	4.0
0060932139	2.0
0824945298	4.0
0893340790	5.0
B0078QR6QA	5.0
B00ANQTPRK	5.0
B006YFFQ7C	3.0
1623805945	5.0
1555975224	2.0
0345479734	3.0
0141039280	5.0
0425274799	3.0
1470013169	5.0
0061376930	1.0
0615654835	4.0
0062118781	3.0
1481045490	4.0
0307950425	5.0
B007S0UIC0	5.0
1491272813	4.0
148953993X	5.0
0758274998	5.0
1937627004	4.0
0307277747	3.0
0761462759	4.0
0446364800	5.0
0061922315	3.0
1434768511	4.0
0374528373	3.0
0060507403	4.0
0312971281	4.0
1594486344	5.0
0007386648	4.666666666666667
0310728185	1.0
1583226982	3.0
0316016381	4.0
0898869021	4.0
0761462724	3.0
1483912647	4.0
0671537466	4.0
1440486247	4.0
0394406192	4.0
1608206599	3.0
0062024027	5.0
038079229X	3.0
1576738582	4.0
0800721217	4.0
1453860959	5.0
0743227077	4.0
0345803485	1.0
1480211168	5.0
0380821214	4.0
1476759529	4.0
0618902813	4.0
0060573775	3.0
0140288503	5.0
B006L9DDIU	5.0
B007PHEV38	4.0
0399159010	4.0
B00HBTG2AK	5.0
0312857675	3.0
0825425743	4.0
1480186120	4.0
0307888029	3.0
1460998707	4.0
1477848185	4.0
1606390031	5.0
B00806SB5W	5.0
B009ZOW4XS	5.0
0316051586	4.0
1416968237	5.0
B00BOGAZK4	1.0
0312369743	5.0
0671023373	4.0
B00CXKNHEG	5.0
1455527084	5.0
0380729865	5.0
0375703373	5.0
