0061445886	5.0
1476707626	5.0
0803260415	5.0
1420111930	5.0
1439127700	5.0
0743260910	5.0
1416563792	5.0
1250020042	5.0
0141040343	4.0
0765337495	5.0
0765337487	5.0
0525953728	4.0
B00F3KXUT0	5.0
1612185304	5.0
0805093079	5.0
0316906506	5.0
1609075706	4.0
B00EBZMKXA	5.0
0399256512	5.0
0316690619	3.5137067938021453
0375402896	5.0
0451234871	5.0
1601547358	4.0
B004K1ERVS	4.0
1420111949	5.0
0340837950	4.0
0671004573	4.0
1846058902	3.0
0316603287	4.4565677966101696
0316210919	4.999999999999999
1250020026	5.0
1935096087	4.0
0380802619	4.0
0385349173	4.563101875316776
0727862049	5.0
0316207659	4.400551398188263
0151004676	4.0
0448060035	5.0
B0083V07HE	5.0
0312368046	5.0
0142403865	5.0
0399244670	4.0
0615346391	5.0
0451234995	5.0
1455521175	5.0
0982302207	4.0
0316002860	4.086864406779662
0758211821	5.0
0394507606	5.0
0758227167	5.0
0141040378	4.0
0316058858	5.0
B00ERK9VPY	5.0
0439136350	5.0
0446600474	2.655728886498117
1551669447	4.0
1938848349	4.546274038461538
1439192561	5.0
0615879934	5.0
0316002925	3.0
B00CWKL09Q	5.0
0452284732	5.0
0240522443	5.0
0984452605	4.2760511882998165
1481130862	5.0
0316013943	4.487601902173912
0425263908	4.430199430199431
1410440478	5.0
B00I7VVZAI	1.0
0099556758	5.0
034548701X	5.0
0316037915	4.716493268053856
0804161356	5.0
0451199685	5.0
B004NIFO56	5.0
0316159786	4.135636057287279
0743242165	4.0
0446604801	4.666731555382518
0060775858	5.0
1455525839	5.0
1452854343	5.0
B00FBDV6AY	5.0
0425234592	5.0
0891348670	5.0
031609210X	3.0
038536315X	4.5289505428226775
0062073427	5.0
158834309X	4.0
031615976X	4.832997282370475
031621082X	4.70225215279311
0316710628	4.355008077544427
0385339089	5.0
0307886158	5.0
0345502736	5.0
0446600458	2.5082690187431096
0316159778	4.598166907863001
0439833086	5.0
1401301495	5.0
0316210986	4.825052631578949
B009CHBNVW	4.0
0758227132	5.0
1612810497	5.0
B00ESIX5N4	5.0
0425263924	5.0
0345487052	5.0
B00A6GP4NG	5.0
073870556X	4.0
0345502728	5.0
0316057851	4.4965652600588815
0762438568	3.0
0982556403	4.0
0440185327	5.0
037584631X	5.0
0553589261	5.0
B00EV4YYO4	5.0
0007327064	4.348352106800166
0307749584	5.0
0451188462	5.0
0451176464	4.0
0060932694	4.0
0439833094	5.0
0595003664	5.0
0812984250	4.0
0425263916	5.0
0060739681	5.0
0553583603	4.0
0316009571	4.288867469879518
1479354996	5.0
1420111922	5.0
B00AJD0AGC	2.0
0316159794	4.4528
0316036919	4.0
0316013935	4.52508551881414
0380718340	5.0
0345487036	5.0
0727864289	5.0
0821779443	5.0
0842369945	4.999999999999999
1938848144	4.0
1455527645	4.0
0517204770	4.0
0253200024	3.0
0316017701	4.603323192136672
0316014796	4.2635193133047204
0486451429	4.0
030726999X	5.0
0316693294	4.763222552696236
0316154970	5.0
0982175671	4.0
147813223X	4.0
0743436776	4.0
0738703303	5.0
0062227327	5.0
0425255352	5.0
0987214918	5.0
038533320X	5.0
0440200989	5.0
0316036218	5.0
0727864297	5.0
0451221958	4.0
0345497600	5.0
142010683X	5.0
149033274X	3.0000000000000004
0140860193	5.0
0963401122	4.0
0140434798	4.0
1620402807	5.0
0316693286	4.694919382337182
031609739X	5.0
1598002031	5.0
0743445597	4.0
1481038281	2.9999999999999996
034551548X	4.0
0345516222	2.0
0316602906	4.7321649120743405
0425247872	5.0
0316199869	4.939777327935223
0307749649	5.0
1442346965	5.0
1451641087	5.0
0399155996	4.0
0553591703	4.0
1573920398	2.9999999999999996
031601477X	2.9999999999999996
0446573094	4.0
B003AYEP4A	5.0
1594740259	4.0
0020425651	4.0
1455527564	4.0
0870409581	5.0
0739476475	5.0
0821776053	5.0
1442359919	5.0
0385337965	3.0
0316210684	4.535465790490917
075821183X	5.0
1455527602	5.0
156947981X	4.0
0399152199	3.0
0316686565	4.3133675128173055
0671692658	5.0
0425269841	3.0
0672523833	2.6302966101694913
0615511600	5.0
0553591711	3.0000000000000004
0192818481	3.5519096288327057
054510792X	4.0
0743264908	5.0
0310938961	5.0
B00A6ICOWS	4.0
0316069515	5.0
157954990X	4.0
1456043048	5.0
0316070629	4.771292119925709
0765311046	5.0
B007WE3AFO	4.0
B00F45F7WC	5.0
0578005638	5.0
0316198730	5.0
1442362383	5.0
0553574086	5.0
0446601241	4.771023947808099
0743292332	3.0
0312349491	3.0
0062508342	4.0
0312368089	5.0
1455515558	4.491297709923664
B004NSVQ6M	5.0
0765337509	5.0
0316207047	5.0
0425230058	4.0
0312349483	3.0
034553199X	3.0
0446603309	4.0
0316014508	2.508554572271387
0446528056	4.0
0316002895	4.086864406779662
0451231619	5.0
0758258577	5.0
0989904415	5.0
0316036188	3.0
B004X6LB7S	5.0
031609756X	3.964190981432361
0399157328	5.0
0451237455	5.0
0804170703	5.0
0316405345	5.0
0375421505	2.0
0061992704	5.0
014200202X	2.0
0743276825	4.0
B00GZCK7IW	5.0
1480568503	5.0
0006476155	4.690438137227887
1441423745	2.0
0230755062	5.0
0446548154	5.0
0143170104	5.0
076420002X	5.0
0821778765	5.0
B003OICBM0	4.0
0316156507	2.0
0307990745	4.0
0316097446	3.0
0060540931	5.0
1420925342	2.9999999999999996
0316018767	4.614662494412159
1420102761	5.0
0971407398	5.0
0316693200	4.841105990783411
0310245907	5.0
0060561785	2.0
0425240037	5.0
1596987731	5.0
0316693324	4.0
0848734343	2.0
0345476999	5.0
0743466691	4.0
0316211230	4.999999999999999
006052992X	5.0
0062069934	5.0
0375404155	5.0
1590520203	4.999999999999999
B00H4G6C1Y	5.0
0375728228	4.0
0615938140	5.0
1587613441	5.0
0316117366	5.0
0316018740	5.0
1600242413	4.0
0316067954	4.086864406779662
0425205355	3.0
0316036277	4.7163515016685205
0316211222	5.0
014241722X	4.0
0979654564	5.0
B00DUMWHE2	5.0
0345534956	5.0
0446562416	4.0
B009HHX5AO	5.0
0520207068	5.0
0451191013	5.0
0316097462	4.628342767909428
0399165274	5.0
0316067962	4.086864406779662
1482747634	4.0
0312306261	2.0
0399148779	5.0
0316101842	3.0
1475071930	2.9999999999999996
0785261958	5.0
0316693251	4.782130640169409
030728090X	5.0
0316089516	5.0
033044123X	5.0
0316097497	4.837352776219854
042513525X	5.0
B009GJ5UD8	5.0
1455576506	2.0
1416549730	5.0
0316211125	4.693421597021099
0553593072	5.0
0671741187	5.0
0316128252	5.0
1476709157	5.0
0316018724	4.183121732636296
0099244926	4.0
0451233182	5.0
0446359637	5.0
072788140X	4.0
0316969680	4.511666666666667
0425221776	4.0
044022473X	5.0
B004HFRILI	5.0
0316097365	3.198918918918919
0316096156	4.3420221169036335
0758214723	4.0
1573229202	3.0
1455527580	4.0
055358653X	5.0
1452664862	4.0
1442367318	5.0
0446527467	5.0
B004EYUCSI	5.0
0316036242	4.0
B005U89ADK	5.0
0553808036	5.0
1420100262	5.0
0307987302	5.0
0060746769	5.0
B008HKJBFA	5.0
0061731161	4.0
0553384082	4.0
B008TUNX6Q	5.0
1558962603	4.0
0316036234	3.932051282051282
0345497627	4.530476765238382
0399157212	3.0
0380724332	3.0
0316018708	4.532883642495784
1475283334	5.0
1600246818	4.0
B0084BMUFA	5.0
B00BKSWOA0	5.0
0679722645	3.0
B006PNKS2Q	5.0
0671528203	5.0
0316206822	5.0
0316211176	5.000000000000001
0399158022	5.0
0002242052	5.0
0393068471	3.0
1561799017	4.999999999999999
0061143316	5.0
0375872035	5.0
0316666009	4.280558789289873
0345458915	4.0
0857208675	5.0
B007D857PK	3.0
0821775898	5.0
0316603570	5.0
019515634X	5.0
1455578452	5.0
0307352145	5.0
0062336592	5.0
0446603929	5.0
031615427X	5.0
0312950489	5.0
0553576623	5.0
B0051AD2AY	2.9999999999999996
0446547573	4.0
0316097519	4.916853764406527
0751536822	5.0
0316211079	4.0634146341463415
0446609323	5.0
B007K3D4CQ	5.0
0312599889	5.0
1424184134	4.0
0765317699	5.0
0061147931	5.0
0345505751	4.0
031621129X	4.999999999999999
1480539465	5.0
0099525259	5.0
158008981X	5.0
0099525372	4.548259144997797
0425179877	5.0
0615582230	5.0
0141439580	4.0
0470880031	5.0
1442361514	4.999999999999999
0316206989	4.3
0307743659	5.0
B00DLGQ5IQ	4.0
0451161351	5.0
B00DTUHIFI	5.0
B005TLKZR8	5.0
1433674017	2.9999999999999996
B00C0YIZ0Q	5.0
0871951762	4.0
1423166310	5.0
B00AW4GQSE	5.0
0062106392	4.0
B005GQ40H2	3.0
0345505735	5.0
0446572985	4.999999999999999
0316097403	4.706371911573472
0446353930	5.0
0316015059	4.651946694538804
0671004530	5.0
0515140775	2.0
0316018775	3.0
0345803485	5.0
0062120999	5.0
034553302X	5.0
1611099358	3.0
0375416854	5.0
0141439688	4.0
0316147869	4.533063715056054
0778314464	4.0
B004P8K2HY	4.0
085720873X	5.0
0061702560	4.0
1937178196	5.0
1442358238	5.0
1585004782	3.0
009917961X	5.0
1477817239	5.0
B004LB4FBE	3.0000000000000004
0805098542	5.0
0307590615	5.0
B00H0V34Z0	4.0
B0045JK4BM	5.0
1250019990	5.0
0553572210	5.0
0316036196	3.0
0307897095	5.0
1477809732	3.0
0727862650	5.0
B000JQUT8S	4.0
0446606383	5.0
0316018783	4.712923159591617
1419705849	5.0
1401928226	5.0
1480008907	1.0
074327119X	5.0
1410402134	4.0
0316097543	4.474558114622389
1250019982	5.0
0316693863	4.7312025150641865
