1611941334	2.0
1493696254	5.0
1425794939	5.0
0345480317	4.0305514157973175
039914787X	3.0
1475017014	3.0
0061917125	4.0
0399157565	3.0
0312205406	4.999999999999999
034529873X	4.717557251908397
0786170956	5.0
1475906900	5.0
0345362276	5.0
B00DOHB992	5.0
0345339495	3.69527330340639
0307990745	3.0
0982982615	5.0
1484966287	5.0
0553258524	4.495072024260803
0981649521	3.0
0061007358	1.0
1609611063	4.0
0345368932	4.768875192604005
0307932508	4.0
B00IDHIGBM	5.0
0345500911	5.0
0312358482	5.0
1439156379	5.0
B00B7LBLW2	4.0
0545652200	5.0
1416978976	2.0
0399155007	4.999999999999999
0316207659	4.0
0800733614	5.0
0316211230	5.0
0345369335	4.733980886730377
0743597923	1.0
0345387007	4.999999999999999
1891252089	5.0
0345327861	4.999999999999999
0345456351	5.0
031262168X	5.0
0375404155	4.0
0471775819	4.0
1476783284	4.0
0316166308	4.0
0761140735	3.0
1939416671	5.0
B00AA5COZY	5.0
0670024783	5.0
1587613441	4.999999999999999
0345318234	5.0
B00EV0FAOG	4.0
B00A949GPW	1.0
0345340248	5.0
0470926546	5.0
B006P5CH1O	3.0
B006WQ9AJI	4.0
0399160825	3.0
1475934939	4.999999999999999
B00A3VMH70	3.513686131386861
0061802239	4.999999999999999
0800733606	5.0
B00CK8CL0W	5.0
0061257095	4.0
006105531X	4.0
1250039010	4.0
B00G8OIFZ4	3.0
0764960563	3.0
0983129819	5.0
1580052967	5.0
0756407273	5.0
B007PJ5QEY	1.0
0345335465	5.0
1442369671	5.0
158040443X	1.0
0615741150	4.0
0345388232	4.748355899419729
0345387023	4.999999999999999
0984452605	4.0
0316213551	2.9999999999999996
1623650925	2.0
B00AHJSZ74	5.0
0385537859	3.9208211143695015
0062248472	4.0
0345522877	2.0
1599982595	1.0
0312262515	1.0
0805096663	3.0
B008LYMHL2	3.0
B0079X0CZO	1.0
159038962X	5.0
0312307349	5.0
0345542924	5.0
0330258648	5.0
0764204955	5.0
0451465849	5.0
0307985911	5.0
1455865230	4.0
1574328905	3.0
0385338309	4.0
148116418X	3.0
0316069353	1.0
0345386744	5.0
0615426263	4.0
1480224952	5.0
0345434684	5.0
1600062687	4.0
0439598427	5.0
031621082X	5.000000000000001
0140422536	3.0
030758836X	3.0
145162137X	3.0
1595581030	1.0
0718157168	1.0
1477805761	2.0
B00CA28JV8	5.0
0316210986	5.000000000000001
1492874248	1.0
0985583983	4.0
1451665067	4.0
0451234286	3.0
0446572470	4.0
0984951881	5.0
0671626132	5.0
1442360925	4.0
0385536313	2.0
0981649548	3.0
B00HV5RCI0	5.0
B00DPJZRO2	2.0
1442369183	5.0
0727881205	3.0
0976819651	1.0
0345317580	4.999999999999999
0857521012	4.0
0312321635	4.0
0345496892	1.0
1400079446	3.0
B007HHHDUE	5.0
0988506106	4.0
0312853238	4.0
1594485690	2.0
0307985938	5.0
1401312837	5.0
0345352661	5.0
1476753164	5.0
0982607822	1.0
0842336222	1.0
1611099854	5.0
0316017701	5.0
0307476073	3.0
030726999X	4.0
B00817OUCS	2.0
0316056863	2.0
0399159347	2.0
B0088484V2	4.0
0007442637	4.0
0553104330	2.0
B00GED9EQS	5.0
075730110X	5.0
B006BFB6I8	3.0
0307952193	1.0
1939457033	3.0
B00E86ENEQ	4.0
0736074570	5.0
0316122599	2.9999999999999996
1442358254	5.0
0307959805	1.0
0988866811	5.0
1451524439	3.0
B009CD4FX4	5.0
1291180435	2.0
1475280327	3.0
B005133JG8	3.0
1466306882	3.0
0399163832	3.0
0345335287	5.0
0316097519	4.839290170525442
1611880475	4.0
1476708657	4.0
0345335082	5.0
0316211079	1.0
1451608152	4.0
0981461026	5.0
0253203317	3.0
146792475X	4.0
0316206849	3.4913294797687864
0345418794	5.0
B00H8KB53G	1.0
0399157387	4.0
0451180410	5.0
0385340990	4.0
0981882307	5.0
B008DVVLYW	1.0
0988405512	4.0
0425259854	5.0
0307749649	4.0
B002AJ7X2C	1.0
0345368991	4.319986465147755
0446573094	5.000000000000001
031621129X	5.0
0141039280	4.0
0345494555	2.0
0968325629	5.0
0609610678	5.0
0345535529	4.999999999999999
0399137424	4.999999999999999
0310200059	3.0
0345480287	5.0
0757002749	3.0
0553258559	4.0
0316210684	2.9529946929492037
1492895202	5.0
B00FOXWV7S	1.0
0756406927	5.0
1401939813	3.0
B00EG4L7QW	2.0
0345542886	5.0
1482670801	1.0
0899668631	3.0
0060878061	4.0
0615821146	1.0
0553560816	4.999999999999999
1447259297	5.0
098390121X	5.0
0446572500	4.0
147780885X	3.0
0553063162	5.0
B00K5KCGSY	5.0
0345491149	5.0
B0081T1YNO	1.0
1477808620	1.0
0976726904	5.0
0345368975	4.999999999999999
1466440694	1.0
0345379624	5.0
B007WE3AFO	2.0
006178480X	4.0
1439193002	3.0
0330517783	3.0
0062294377	5.0
0756407451	5.0
0316198730	5.0
1416978933	2.0
045141411X	4.0
0886776619	5.0
0142800376	1.0
B00DEO5NJC	5.0
0061007129	5.000000000000001
0345362861	4.863047501542258
0345441249	3.515275707898659
0765308673	4.999999999999999
0399160477	2.0
B004LB4FBE	1.0
0345465652	5.0
0062294822	1.0
1883052971	4.0
0671316338	5.0
0375831002	2.0
0553258540	4.0
0345484177	5.0
B009YNGUGC	2.0
0062015761	5.0
B00BAR713G	4.0
0446606383	4.0
0345368959	4.415011499059168
0446573051	5.000000000000001
1602860483	5.0
098856436X	5.0
0345803493	1.0
0345461983	3.6964641434262955
0553591746	5.0
0345422171	5.0
0316228532	1.0
