B00C7HG9KY	3.0
1434766411	5.0
B00CNVVJ68	5.0
0989740617	4.999999999999999
0991732782	4.0
1630350273	4.8990357513722
0985817089	5.0
1476730091	5.0
1482596709	4.770678127984719
0989163377	5.0
078140424X	5.0
B00JQKMOQI	5.0
B00JOPR0ZK	5.0
1499638361	4.999999999999999
B00HLX9Z3C	4.005781799899448
163035015X	5.000000000000001
B00DSDPTTI	5.0
B008JHXQL6	5.0
1471133524	5.0
1630350044	4.867257136409794
1630350168	5.0
B00KH11JG6	5.000000000000001
B0085ZVPII	4.0
0451417054	4.999999999999999
B00DVQSLR4	5.0
1492908495	5.0
1492216690	4.999999999999999
1490943846	5.000000000000001
1495480534	5.0
B00LTFG8EC	5.0
B00HKMYCQY	5.0
B00JWET7TU	4.999999999999999
0615827837	4.782666322402961
0143124544	5.0
099173274X	5.0
1630350060	4.881429431840997
148391366X	5.0
B00F76QSH6	4.0
B00IUY0NJ6	5.0
1402294484	5.0
B00IFG153W	4.999999999999999
149929798X	4.688391038696537
B00HKMUFU6	5.000000000000001
1492828211	5.0
1477805052	5.0
1630350184	4.865452114323918
1630350192	4.85676412475302
148956621X	5.0
B005EUCBTY	5.000000000000001
B001J539IK	5.000000000000001
0451216954	5.000000000000001
0615849601	4.909186694094625
B007HBZ2UI	5.0
1476755108	5.0
1476730601	4.0
B00LP3ULFU	5.0
1482747634	5.0
B00HGTI24Y	4.0
B00HMP4JEO	5.0
0425263908	4.387549074593381
0615859763	4.800464756003097
1476712980	4.69729880256196
1455578363	4.999999999999999
0062017683	3.0
1476755590	5.0
193815021X	5.000000000000001
1476754144	3.9977053694355207
B00HNWEA9K	5.0
B00LBFELPI	5.0
1483912922	5.0
0425269205	1.0
0989269833	5.0
B00HL08W48	4.0
1492192112	5.0
1630350125	4.948100232098341
1455576506	3.0
1490906134	5.000000000000001
1495960234	4.518637920612532
B00BR2BOUU	5.0
1482914794	5.000000000000001
B00HZZ6818	5.0
0312674635	5.0
1495472418	5.0
1496085574	5.0
0451219368	5.000000000000001
148120811X	4.700516874429918
061579615X	4.922550445051244
1476751404	5.0
B00KI4KIC8	5.0
0425263924	2.0
1477817506	5.0
1492731552	5.0
1499504039	4.999999999999999
B00KY7X0OC	5.0
0425272966	5.0
1483966763	3.0
B00ASP8XNS	5.0
1476763623	4.0
0425267040	5.0
0989740633	4.999999999999999
1463709676	3.0
0062294784	5.0
0615827500	4.84695021677381
1496177029	5.0
1484049225	5.0
0778316939	4.999999999999999
B00KZ6LWWO	5.0
B00IGMQJ3Q	4.999999999999999
1455578347	5.0
B00KWCOFCK	5.0
0989769720	4.999999999999999
B00KRQCHYO	5.0
0615885144	5.0
B00H3I2172	5.0
0615860788	4.8838132870342665
B00JM1HMAO	4.999999999999999
1250058236	5.0
0373718241	4.0
148261376X	4.808029037318061
B00LZKMXBI	4.886517528070627
B009K54QQK	4.0
B00I2CPY4U	5.0
0557175216	4.0
1455578312	5.0
061576567X	5.0
1492827436	5.0
1492343846	5.0
1631420038	5.0
B00I5NJ0B4	4.999999999999999
B00CC6X8HC	5.0
B00GUS99WG	5.000000000000001
1439157995	5.0
1495960390	4.369157644573542
B00EJRMCPG	5.0
0615827446	4.800223771408898
B00IA7X40S	5.0
1480145424	5.000000000000001
1499163096	5.0
149033274X	4.776412776412776
1483913481	5.0
B00JVAPRVW	5.0
1491269871	3.0000000000000004
1493635158	5.0
1499192630	5.0
0451229681	5.000000000000001
1484890477	4.999999999999999
1939217156	4.0
0615910521	4.872855756732511
1492760994	5.0
B00L2FG1Y6	5.0
B00FC09WPC	4.0
144235948X	4.999999999999999
0062302426	5.0
1493511459	5.0
1476755094	5.0
1940887038	5.0
0988367955	5.000000000000001
B00L4LFONW	4.0
B00H8BP5BS	5.000000000000001
0062302418	4.0
B00G3C2KT8	5.0
006230240X	5.0
B00EB323E8	5.000000000000001
B00GEEB15Y	5.0
0991379659	5.0
1491253002	5.0
B00JFD4A6S	4.0
006201773X	3.0
1476756503	5.0
1496088018	5.0
143271385X	3.0
B00DNPQSPK	5.0
B00G2DM304	5.0
1630350222	4.970661688655684
1476761779	5.0
1484842812	5.0
1476735271	5.0
1499608225	5.0
0062351893	5.0
B00EQC7HJK	5.0
1416975888	5.0
0425266451	5.0
1481999842	5.0
B00GEZRGHU	5.0
B00HCMBQVQ	5.0
149539090X	5.0
B00IIYY510	5.000000000000001
0615861326	4.774341793688937
0615511600	5.0
B00G4AZ6EA	5.0
1500417483	5.0
1494376644	2.0
B00F1RE1M0	5.0
1499219202	4.688391038696537
1493578901	4.999999999999999
0615694403	4.827575982209043
1471133567	3.0
1630350087	4.976365401879774
0692221506	5.000000000000001
1476764468	5.0
1495979237	5.000000000000001
1628780096	5.0
B00JGSH3PM	5.0
0988348268	5.0
B00G3A9SQ8	5.0
1492886181	5.0
B00LPRYKKS	5.0
B009K5GSOI	4.0
1476755604	5.0
B009K5F4DY	4.0
B00BD5OJP8	5.0
B00J47H8H8	4.999999999999999
149619408X	4.999999999999999
B00JGJB5E6	4.999999999999999
0988301318	5.0
1630350095	4.787188218516255
1623420121	3.0
1495312364	4.999999999999999
1499145284	4.999999999999999
B00K31DCD8	5.0
B00I3PF41E	5.000000000000001
1476735247	5.0
1495271684	5.0
B00LF56Y3Q	5.0
B00HT73RHK	5.0
1494751534	4.0
B00L7DRQME	4.829874436454413
0615885438	5.0
B00LRM150O	5.0
0988707470	5.0
B00J1TBTN8	4.0
149960369X	5.0
061574642X	5.0
0615860826	4.813501021175965
149755750X	4.999999999999999
0615826814	5.000000000000001
B00G0ZMWOG	5.0
1480008907	4.0
0778314235	5.000000000000001
193815018X	5.0
061589285X	5.000000000000003
B00DGYKVWE	5.000000000000001
B005STUMHE	5.000000000000001
1482628961	4.848143284453199
1484890450	4.999999999999999
B00FBK17PQ	5.0
0615883001	5.000000000000001
B00HVFB1IM	4.999999999999999
1480568511	5.0
1482574721	5.0
