0982887590	4.0
0977147428	4.0
1493696254	5.0
0451462300	4.609570781125033
B00COVLF3Y	5.0
1439127700	5.0
1580071333	4.0
0306815575	3.0
B00BDAIDQ4	5.0
045146253X	5.0
029764680X	4.75
0984660712	5.0
1937178455	5.0
B00FYVZFIC	5.0
0307591247	5.0
0615603629	4.0
1426745974	4.0
045123278X	5.0
0764206370	5.0
0143114093	5.0
0451414233	5.0
0345504968	5.0
0156094029	3.0
0375707190	1.0
1481802054	5.0
0985913312	4.0
1611099587	3.0
161863559X	5.0
B007YIVWWG	4.0
061569540X	5.0
0957248911	5.0
B005JLVFHM	5.0
031235195X	1.0
054774501X	3.0
0615605818	5.0
0061043575	5.0
B005WKGORG	3.0
B005KISWNO	3.0
0470508418	4.0
B004T3AXEW	4.0
0743288017	3.0
0060277270	5.0
0345502892	5.0
0425190021	5.0
0878571256	5.0
0143038788	3.0
0802727956	4.0
0446404144	5.0
1462026303	5.0
B007MM8C54	4.0
B005VGNELU	5.0
1411665899	5.0
057805549X	1.0
0446533424	5.0
B008SQMIUS	2.0
0316002860	5.0
B00HVI5P2C	3.0
1623300223	1.0
0451463889	4.842372881355933
157322314X	1.0
B005E8F77Y	4.0
B007PV35G8	4.0
1467917109	3.0
1490432868	4.0
1480092681	4.565880721220528
145163806X	4.0
0615178448	4.0
0465019447	5.0
0385419376	5.0
B00IOXWK2G	5.0
0985259108	3.0
1492993786	5.0
1468195956	4.0
B00B7V23BA	5.0
B00J89MKNE	4.0
1479229814	4.633624878522838
0739445286	5.0
B00HVLQERY	4.0
B00BQMEPV6	3.461206896551724
1480121142	2.0
0451463315	5.0
044101769X	5.0
1416567836	5.0
0956502008	3.0
0805096663	5.0
0375410244	3.0
B005RFI2MG	3.0
0615347347	4.434119278779473
0062225901	5.0
0983952418	5.0
0553280511	5.0
0143119605	5.0
038700436X	3.0
B004UJRVAE	3.0000000000000004
B00D0D50YU	5.0
0957397747	5.0
0857332864	5.0
0738869872	3.0
B00E9BMAOU	4.0
B00GG94J56	4.0
0615922376	4.0
0373266154	4.536211699164345
0547759266	3.0
B0065PGF9E	5.0
1492291560	5.0
1580173284	4.0
0615771106	2.0
0982624263	5.0
B00GZR2NZC	3.0
0140048758	4.0
B0083IF7J0	5.0
0451463331	4.653307888040712
1477817506	3.0
B00CD36FAG	5.0
1468004190	5.0
B0055PMRSS	3.0
B00FI23NDG	5.0
0002247399	1.0
0739458213	1.0
0440220734	5.0
0743224876	5.0
0765316323	4.0
0615806023	5.0
1416555986	4.0
1448635403	4.0
149108149X	5.0
0312868952	1.0
1477448535	5.0
0758211910	4.0
0739474812	5.0
1490363343	1.0
0345447603	5.0
045146379X	5.0
B00DL5T200	3.0
0451230485	5.0
0738820024	3.0
0615619398	4.0
0615590446	4.0
1600611559	5.0
1931643229	2.0
0985358157	5.0
0978980409	5.0
0425154556	5.0
159780472X	2.9999999999999996
0575079347	4.0
0061724602	2.0
B0040ZNUCG	5.0
0062084232	3.0
1453885765	4.0
1597805041	2.9999999999999996
0988191237	4.0
0970273517	5.0
0307272702	5.0
0307476073	5.0
0738709085	5.0
1456309501	4.0
1477848827	4.0
0547059078	5.0
0393051587	5.0
0345447581	4.0
B00AB1ZGX4	5.0
B007S63PS8	3.0000000000000004
147813223X	4.64652738565782
B0062O2PX8	3.0
0983256853	4.0
0811701441	5.0
0515131679	4.0
038533320X	5.0
0140094385	4.0
0312981554	5.0
071563318X	4.0
0345457145	4.0
B00AH5UF8K	4.0
B00GXN5R74	3.0
0988564319	4.423236514522822
1463539967	3.0
B00H0D5NTI	5.0
1477849807	2.0
B007Y7L3EO	5.0
B0084A1W7I	4.0
0765314878	4.0
141652116X	2.9999999999999996
0451458346	4.0
1484115805	5.0
0441012833	5.0
0451459792	2.9999999999999996
B005H5T84M	5.0
0857686666	4.0
B00F1V5VR0	5.0
0880800143	5.0
0878395962	5.0
1481241354	3.0
1906033277	4.0
0983347409	5.0
0345457161	5.0
0983952450	5.0
1416509054	3.0
1449316131	5.0
0061966843	3.0
B004XHZ0EC	2.0
0505528495	4.0
B0046A9U9W	4.0
0345494792	5.0
1442346965	4.0
0802126057	5.0
0451462718	5.0
B005NACME4	4.0
B005JSMM7C	5.0
0880800011	5.0
B007FIQMHU	4.0
1461054397	5.0
0345502914	4.0
B00H146VT2	5.0
B004GNFMLO	3.0
B005UD1GWI	3.428678117998506
1589604725	4.0
1475104421	5.0
0764303988	5.0
0380778203	4.0
1416546979	5.0
141652102X	3.0
0615953948	5.0
1416509399	1.0
0615679358	4.0
0778324923	4.0
1463709056	5.0
1434764842	3.0000000000000004
1480238279	5.0
B007IJK0PQ	5.0
0764332295	5.0
0738211052	4.0
044102033X	2.9999999999999996
B0006S2AJ0	5.0
0261103288	5.0
B00DSXFEP2	3.0
0312358040	5.0
0880800062	5.0
0451460464	2.9999999999999996
B006RDFQEO	5.0
B00BZPLHJM	3.0
B003RWS5Q4	4.0
1480160407	5.0
B003LSSPCS	5.0
1940026032	5.0
0345507460	5.0
1475271093	4.0
B00AJ1VLOY	2.0
B00A3FND06	5.0
0743488156	5.0
0441020372	3.0
B00AHRE74G	5.0
142153441X	4.0
1453896473	3.0
B002N4ZDGW	4.0
0760329834	2.0
147519451X	5.0
0345457129	4.0
0394563492	5.0
B008D50JG4	5.0
0143144723	5.0
1466243430	4.099186991869918
B0080AGLEQ	5.0
1484169778	4.0
0988536811	5.0
1595230629	5.0
B00KX2FJOW	5.0
0486419533	2.0
B00AXLV0CI	5.0
0452263034	5.0
0765330180	2.0
1617521361	3.0
1577948343	5.0
0451464176	5.0
0984492771	4.0
076033353X	3.0
B00GJQEGO0	4.0
0140361243	4.0
B00H8TB6U4	3.0
0986934100	4.0
1592335217	5.0
0763634883	4.0
1478345845	5.0
B004G5ZT8S	4.0
1479348791	2.0
1585425907	3.0
1490415416	2.0
0743407393	5.0
1938644050	4.0
0441015948	2.0
019517559X	5.0
0983873011	4.0
0985166614	2.0
1416555382	2.9999999999999996
B00FCCO4EE	4.0
0440970520	5.0
B005PK42BS	4.0
B0052ZG6U6	4.0
B00A4PJYQW	5.0
1461027756	4.562758620689654
045146513X	4.405328258801141
0671319760	1.0
B008HS0B2O	5.0
1439187665	5.0
0811733335	4.576763485477178
1620874032	5.0
B008B106RW	4.0
0764209078	5.0
B00FV4IT7Q	4.0
B00AJIWRZY	4.0
B00F8F1M7W	4.0
145288126X	4.0
B0062EJBM6	5.0
B00A0M85KK	5.0
B005QOX3ZY	5.000000000000001
0811733882	4.0
B00FVDMDOC	3.0
1471706397	5.0
B00I7EOX68	5.0
1402771339	4.0
0985159022	5.0
0811701646	5.0
0451197704	3.0
0142429112	5.0
B005HDLHHU	4.0
1463595344	5.0
0983945209	5.0
0440223784	5.0
1492123595	5.0
0786927143	5.0
0340933895	5.0
B008IXE44E	4.0
1612184944	5.0
1478343982	5.0
1451611110	4.0
0741444569	5.0
B00DI9D5O8	3.0
1577949366	5.0
0525953019	5.0
B009XIQKMM	4.0
0987966405	2.0
B007T07ZMK	3.0000000000000004
0140621199	5.0
B0088GEOKK	4.0
B007C0WPHC	5.0
B00CEOKUR8	5.0
B00CJK8LIW	5.0
148231780X	5.0
1495437108	4.0
B008DLVHLO	4.0
B00BE9WA8G	4.0
0804113971	2.0
1592983073	5.0
B007O5D0CY	4.0
0983912432	5.0
B00AO76XI2	5.0
146818203X	5.0
0345430751	2.0
0547236263	5.0
0345504348	4.0
1495302725	5.0
B00A05K4LA	5.0
B005NKC6UY	3.0
1477475311	4.0
1613755260	3.0
0307730042	4.0
0578052881	4.0
1494402718	5.0
0380724332	5.0
B00GK50H66	5.0
178029042X	1.0
B00FZWC9RU	5.0
0983211116	5.0
0955856108	4.0
B00CNX3V0S	5.0
0978983114	2.0
B00D8J8Z16	2.0
1606831860	5.0
0765312875	4.0
B001FB5T4K	4.0
B00BD77W6E	4.0
B00CCQYNGW	5.0
1470098873	5.0
0393058662	5.0
0470085029	5.0
1612182437	1.0
0749009802	5.0
0984673075	4.0
0557175216	5.0
0002242052	5.0
0451465660	5.0
1456414143	5.0
047049770X	5.0
0615381464	4.0
081183137X	5.0
1463522606	5.0
B00AVBNBHM	2.9999999999999996
148235618X	4.0
1477807616	5.0
0307891372	5.0
0312559712	3.0
1477817522	5.0
1926997263	5.0
0975436236	4.473484848484849
1491028610	3.0
0393038912	1.0
B008UAZQP6	5.0
1561486418	4.0
1483931218	4.0
0671318608	2.0
0983902305	2.0
0743498801	2.428730512249443
0380785315	5.0
B00B0MN798	1.0
1481983512	4.0
0986594253	3.0
1482340992	2.0
B008WA54BU	5.0
0978970772	4.0
0615200990	4.0
B00DQDGBTW	5.0
B008X3NCRE	5.0
0786014539	5.0
0800721225	5.0
B007UPGMWS	5.0
042513301X	2.0
B005FHXSPC	4.0
1933372869	5.0
1935670484	5.0
B006F6WU42	5.0
0393046788	1.0
B005BGBTZ8	4.0
1897562454	4.0
0307346609	3.0
0765315033	5.0
095605661X	5.0
159058581X	4.0
B0065DAPCE	5.0
0345535529	5.0
B004E10W0E	4.486376021798366
0586217460	1.0
B005CW50GK	3.0
0875793266	5.0
B009RK4H12	5.0
1434768759	3.0000000000000004
061514716X	4.0
0982946171	5.0
1475185022	3.0
0983992207	4.149264190609671
1451636245	3.0
B00AHF5IMI	5.0
1484873319	5.0
0060920084	2.0
1479207195	5.0
1452873925	5.0
0505527847	4.464092474176096
0938817663	5.0
0316129062	2.9999999999999996
B00GU2DJBO	4.0
0451462076	4.513332550217315
048646170X	1.0
1460920937	5.0
0061238627	3.0000000000000004
0451410351	4.0
031621762X	2.9999999999999996
1574889877	4.0
B0045Y1N5S	5.0
1453618708	4.15117891816921
1482568276	4.0
0985865407	2.0
0684832194	1.0
044101433X	2.0
0451202538	5.0
B007JNP67S	3.0
0316129070	2.9999999999999996
1469964082	2.0
B00D6VIRE6	5.0
1612184421	5.0
B007SEN77Y	4.0
0963942980	5.0
0988348268	5.0
1449974430	2.0
B004FGMT4U	5.0
B004TNIXYY	5.0
B0093MU7QS	1.0
1451588496	3.0
0345803485	3.0
1480279471	5.0
B00JGTAR4A	4.0
1406330396	5.0
0300087047	2.0
0634021427	3.0
1482085925	4.0
B00B1XVBI0	3.0000000000000004
0747275874	4.0
B004HO60GS	1.0
1595549404	3.0
1466467487	4.0
0983392900	1.0
0743566572	4.0
0441020933	2.9999999999999996
0140367020	5.0
0451464397	2.9999999999999996
1903816904	5.0
B006423M6C	3.0
0951899813	3.0000000000000004
B008ZVYDJU	4.0
B007H1J5HE	3.0
0394524128	4.0
1481258672	1.0
1561486760	5.0
0316129089	2.9999999999999996
B007VFP390	4.0
1907661905	5.0
0441014011	5.0
0441020925	2.9999999999999996
B00C10MB36	2.0
0471694797	5.0
031232135X	5.0
