B00GYN601U	1.0
0764221760	4.0
031028984X	5.0
0764201913	5.0
0800733878	4.790496099525824
1621360210	5.0
080073386X	4.944647553075493
1482066300	5.0
B00DPTK5C6	5.000000000000001
145557337X	5.0
B00HTNGL9A	5.0
143922742X	5.000000000000001
0800730801	5.0
0764202685	5.0
1598595512	5.0
B00GM0HTY2	5.0
1451660308	5.0
1453833250	5.0
1490412379	5.0
0764210866	5.000000000000001
082543310X	5.0
0982770502	5.0
031033635X	5.0
B004SUP1XO	5.0
0061568252	3.0
0061140325	5.000000000000001
0842324518	5.000000000000001
0764201921	5.0
1416549811	2.9999999999999996
0857212893	5.0
0764205722	5.0
0312253176	2.0
1419704176	2.0
1602606099	2.0
1466373172	5.0
B004UWPNJM	1.0
0615832083	5.0
1410402665	5.0
0307098222	5.0
B0091M6ERQ	4.0
B00D6SCXY4	3.0
0800721896	5.000000000000001
1595548246	5.0
0736944877	5.0
0800757181	5.0
0745961703	4.0
0312380828	5.000000000000001
0857210238	2.0
1605299545	3.0
0988978016	4.0
0307750922	2.0
0316098329	5.0
B00BXQ565O	5.0
0310335981	1.0
B00CJNDKUS	3.0
1484893344	5.0
0062278789	5.0
0800733851	4.919151883634122
141430904X	5.0
1481207474	2.0
0764223801	4.0
0316778001	5.0
0151008116	5.0
B00EM36GU4	5.0
0764208403	5.0
0988198002	2.0
0717144364	3.0
B00GN95FWU	5.0
141437934X	5.000000000000001
B00CZQMN98	5.0
0310331935	5.000000000000001
1595548114	4.0
1574323539	5.0
1416577971	4.0
0307730999	5.0
1426714343	5.0
1940492009	3.0
0768436257	4.0
0764206915	5.0
1466457775	5.0
1455520640	5.000000000000001
1414337736	4.0
1479370118	2.0
0764202677	3.5119496855345913
1414326971	2.0
0061257095	5.0
031071785X	5.0
0849946999	4.0
1499611552	4.0
0821769367	4.0
0345530918	5.000000000000001
B00C8X8Q5S	5.0
B00IMQ9FG4	5.0
B00FINCXPE	5.0
B00FQQ1A8Y	4.0
B00IXMM1AO	2.0
1602600619	5.0
B00ENOOWLC	5.0
0345529154	5.0
0310730538	5.000000000000001
0307341569	3.0
1482747634	3.0
1490912924	5.000000000000001
0985462736	5.0
1621363368	4.0
0307444961	5.0
0736938672	5.0
0345455681	5.0
0800719891	4.999999999999999
0736938664	5.0
0736928073	5.0
B008ELNPCC	5.0
1477679995	4.0
0764227033	5.0
1478288892	1.0
0800721845	5.000000000000001
0739438069	5.000000000000001
0446529672	5.0
0062204408	5.000000000000001
1439196354	4.0
0741478862	3.4642585551330796
0385338309	5.000000000000001
159554870X	5.0
1595547509	4.0
0764228102	5.0
0764227017	5.0
1416520333	5.000000000000001
038536315X	5.0
0385343221	5.000000000000001
B005J0DVKC	4.0
0981588476	5.000000000000001
1476776040	5.000000000000001
1490931430	2.2681381565501737
1400318130	5.0
0825427894	5.0
0956889808	3.0
B0057WU6YQ	4.0
0825426685	4.0
1420121707	5.0
0764200445	5.0
0825442206	4.0
0615809529	1.0
080073324X	4.0
1595302778	5.0
0758209827	2.0
0446547638	5.0
0825425905	4.0
0764206427	5.0
0764227009	3.0
098847896X	4.0
0825455529	5.0
1479132438	5.0
061560076X	1.0
0800719875	5.0
0310335930	1.0
1595549242	4.0
0736945776	5.0
1414349904	5.0
B005EM2NXG	5.0
0849947014	5.0
043902353X	5.000000000000001
1451692412	4.0
0988709376	2.0
0615612512	2.0
0764221493	5.0
0800732278	5.0
1597898406	5.000000000000001
0857214454	5.0
1881982831	3.0
0446408654	5.0
0517568136	5.0
0060833203	4.0
0785229213	5.0
076422378X	4.0
0764223798	5.0
0764206435	5.0
0764209035	5.0
030772929X	5.0
0373244045	2.0
0764221817	4.0
0800719883	4.999999999999999
1494798778	5.0
0615821898	5.0
B00G7W5Q4U	1.4213649851632046
1449513778	4.0
1420131885	3.0
0745969127	5.0
1414319479	5.0
0764200429	5.0
0824945042	5.0
B009TWI4O4	5.0
0764201077	5.000000000000001
0736948716	5.0
0345543262	5.000000000000001
1616386975	5.0
1481916459	5.0
1439182035	4.0
0399158022	3.0
1576754758	3.0
1420121693	4.999999999999999
0800719298	5.0
1400073979	5.0
0764225170	3.0
0399159347	5.0
0764210580	5.0
0739431234	5.0
0849948320	5.0
0448089076	4.0
1483983366	5.0
0843954213	4.0
0898211263	5.0
0745960588	5.0
1597893013	5.0
0857214438	4.0
0310258049	5.0
0764200437	5.0
0310235944	4.0
0307729958	5.0
0764209809	5.0
B00ARXMWTW	4.0
1400073960	5.0
140007021X	5.000000000000001
1493605852	5.000000000000001
0307270777	1.0
1250010071	5.000000000000001
1599956780	5.0
1439182043	5.0
0553525832	4.0
1616387157	5.0
1595548882	4.0
1497502756	5.0
0764210599	5.0
0786891467	5.000000000000001
1426712677	5.0
B006K0Q4SG	5.0
0615718353	5.0
0800720938	5.0
1250033896	4.0
0615802931	3.0
0821772473	2.0
144235948X	5.0
0615618820	5.0
0800719824	5.000000000000001
0764202022	5.0
0316206849	3.0
1595542884	5.0
0764205412	5.000000000000001
1481858343	5.0
1595548874	5.0
1616268808	5.0
1440212325	5.0
0984514244	5.0
0768422248	5.0
0778312496	4.0
B00K349V0S	1.0
1616260890	4.0
0615835600	5.0
0451223918	1.0
0800719956	5.0
0345420748	1.0
0863277284	4.0
0141039280	5.0
1426712669	5.0
0307446530	5.0
0764200410	4.0
0310250633	5.0
044808905X	4.0
1781321752	2.0
148412376X	5.0
0448089068	4.0
0764208381	4.999999999999999
0800720946	5.0
0553271091	3.0
1450755631	5.0
1591858070	5.0
0446579920	5.0
0830837086	5.0
0987243039	5.0
1477499911	5.000000000000001
0373875606	4.0
1854249762	4.0
161650238X	5.0
1602902143	4.0
1414331797	5.0
0825442141	5.0
0800721322	5.0
0062191381	5.000000000000001
0312380755	5.000000000000001
1442365560	4.0
0764228749	5.0
B00DDD8L6G	4.0
1500271675	4.0
0825443008	5.0
1616267585	5.0
B00FR1ER1U	3.0
1596693886	5.000000000000001
0800733304	5.0
0743573641	2.0
B007HAWNYW	3.0
0800721330	5.0
0307741907	2.0
0764210319	5.0
0989782506	5.0
B004FGMT4U	4.0
1782640703	5.0
1416599959	5.0
0966646908	1.0
1402214057	5.0
1468149547	5.000000000000001
0310319978	5.0
031031996X	4.0
0028634063	5.0
0615744923	4.514724180837827
076420601X	5.0
0140296131	4.0
B00DCFXLEC	3.0000000000000004
0764209779	3.0
1556618395	2.4970484061393154
0849919622	5.0
0764205730	5.0
0991186907	3.0
0849900921	4.0
0307888940	4.0
0448089017	4.0
B0099WAY6A	5.0
0825426715	4.0
0781410428	5.0
0805098542	4.0
B004OEIRNA	2.0
1859858678	5.0
097857320X	4.0
061583891X	4.0
1616267127	5.0
1416599932	5.0
1559708301	2.0
B00IARZY10	5.000000000000001
B00BO3R6K4	5.0
0385344007	1.0
0764228722	5.000000000000001
0825435765	5.0
B00DOOCQLA	1.0
145381583X	5.0
B004C44556	1.0
1576737357	4.0
0373593880	4.0
B0067CHEKY	5.0
1481821733	2.0
1451273827	5.0
B00CIIFV8S	3.0
076420193X	5.0
0007550197	5.0
