0060852550	5.0
0764552325	NaN
0739469339	NaN
B009M5T4SS	NaN
0446517089	NaN
1484169727	4.0
1490519297	NaN
1941145140	NaN
1478270896	4.0
1937178218	NaN
1475176627	NaN
0451528484	NaN
086547186X	NaN
031286440X	2.0
1938067363	NaN
0743222873	NaN
1479321737	NaN
1493526545	4.0
B008UWBJB4	NaN
B005BTMXCI	NaN
1401324541	NaN
194053450X	NaN
B00A9JI3HY	3.0
0441010903	5.0
B00B6QF7N2	2.0
0954779215	NaN
1937085376	NaN
0515130621	NaN
1937178226	NaN
1439134243	5.0
B00DUFCJ10	5.0
0300057717	NaN
B005VF4F9Q	2.0
9080742139	NaN
1494304724	NaN
031237917X	NaN
1475166605	NaN
0385349173	NaN
1416503587	1.0
0983526648	NaN
B00C5VW5SM	3.0
0615819532	NaN
0615838057	NaN
0449211177	NaN
0061626007	NaN
B006EVZWM0	5.0
B00E9LRV3K	5.0
0141027592	NaN
0380815931	NaN
0811201511	NaN
0670024783	NaN
1598118552	5.0
B00DGFXDLO	NaN
B00IMSRUPA	NaN
0399148027	NaN
1440310866	NaN
B00522PBLY	NaN
0764552570	NaN
1470897512	NaN
158182064X	NaN
1937475697	4.0
0609803255	4.0
0762778083	NaN
0819106089	NaN
0750536632	NaN
0674637119	NaN
1480153818	NaN
1475187963	NaN
B00ECZE8VG	NaN
B00BFNE0CK	4.0
0743225708	NaN
1475244207	NaN
B00AGTFZHS	5.0
1848565208	NaN
1451628587	3.0
0263899403	NaN
0061452025	1.0
034552666X	NaN
1477816402	NaN
B00EOTO68K	NaN
B007Z3QVGW	NaN
0141339624	NaN
0980345804	4.0
1499142978	NaN
0802130658	NaN
0892811153	NaN
1475049838	3.0
B005457N0Q	NaN
0385513658	NaN
B00BH52N7U	2.0
1599360594	NaN
B00IWKUR94	NaN
1577944232	NaN
1439192316	NaN
B00957XZFG	NaN
0192835890	NaN
0226772322	NaN
B00L3U9OCG	2.9999999999999996
1490487190	NaN
0345307895	NaN
0446530077	NaN
1475004958	NaN
B00JPRTVMW	NaN
1937178234	NaN
0316055433	NaN
0802118992	NaN
0739458213	NaN
0761458972	NaN
B008NG4XDS	3.0
0935526986	NaN
B004SBO41S	NaN
0938256866	NaN
1591796768	NaN
0966110579	NaN
076145327X	NaN
0140424385	NaN
0471781738	NaN
1574101129	NaN
B00JKKPACE	NaN
0684808722	NaN
1453758968	NaN
1481885065	NaN
0749080973	NaN
B00H5D0046	4.0
B007M64574	NaN
B00AXBK8YY	NaN
0966791509	2.0
B0079A7V9W	NaN
0989671704	NaN
0791413640	NaN
0393073378	NaN
0615994458	4.0
1622532929	NaN
1477848827	NaN
B00DND1MOE	2.0
1590130081	NaN
B00C51ARA0	NaN
0983256853	NaN
B008EHVF8C	NaN
1496116151	NaN
0738213276	NaN
1477690581	NaN
0042990106	NaN
0985723505	NaN
B0094A5JM6	NaN
0761463070	NaN
B00J1AOJGG	NaN
0307943232	NaN
0850320526	NaN
B00B9HHPQU	NaN
B004W4MLNY	5.0
0061977969	NaN
1409299856	NaN
B0055WXPHS	NaN
B00732RVJG	NaN
B00EEKR39I	5.0
030788743X	NaN
1475067453	2.0
0762435925	5.0
0425245683	4.0
0373126212	NaN
B00CYKAVA8	NaN
B00B1DWKC6	5.0
0141345713	NaN
0192810944	NaN
B0084AMS9O	5.0
0740747118	NaN
1595230955	NaN
1494250853	NaN
1609770390	5.0
0062213075	NaN
054404584X	NaN
B00AJRLI7S	NaN
0984592687	1.0
0140442391	NaN
0156011492	NaN
B005ISCTW6	NaN
B008Y4TPZA	NaN
B00A0C9T5U	NaN
0615879225	NaN
1401686052	4.0
193264542X	NaN
B007FIQMHU	NaN
147674355X	NaN
0571226256	NaN
1595541551	1.0
B0062CU564	NaN
B008YUXJVK	5.0
0231034504	NaN
1886070040	NaN
0380799154	2.0
0060392452	NaN
0231031475	NaN
B00CN3BTS4	5.0
0764210696	5.0
097220265X	NaN
B00A3T3BM2	NaN
0615579914	NaN
1624820824	NaN
061569389X	NaN
0345386698	NaN
039471833X	NaN
0061242683	NaN
0985777338	NaN
0060812451	NaN
0988234807	NaN
B00FAYKSQC	NaN
1434842002	NaN
0312343604	3.0
1621086909	NaN
B008U4QDZY	NaN
0811212882	NaN
0749314265	NaN
0982523319	NaN
B00EA6YHSG	4.0
1491202157	NaN
0312422520	NaN
1480299405	NaN
1442481773	NaN
B00AHXVG80	5.0
0811203506	NaN
B006WRCZSK	NaN
0800758471	NaN
1905047614	NaN
B005CT8LXW	4.0
1468065343	3.0
1469932733	NaN
1477474870	NaN
B008HYK4AC	NaN
0486474569	NaN
082176778X	NaN
1621086925	NaN
0983952493	4.0
1611880718	NaN
1439177783	NaN
0446364037	5.0
B0073H86H2	5.0
1931498911	NaN
031224665X	NaN
0523404816	NaN
0983952477	NaN
1497327156	NaN
0986815756	3.0
B00H4PXC7C	4.0
0306818442	5.0
B0099LPCWC	NaN
0826415482	NaN
0615483305	NaN
148237711X	NaN
B006IJUOS0	3.0
0804704864	NaN
0895553414	NaN
0765314894	NaN
B00818DIVG	NaN
014044520X	NaN
0811201546	NaN
B00BZY9P0Q	NaN
1495927857	NaN
0609800582	NaN
0809440148	NaN
1611940486	NaN
096586720X	5.0
B00CL4NGPY	NaN
B00BZWRZQE	4.0
B00FPQHK48	NaN
1453648607	NaN
0545123267	NaN
1481888188	NaN
1617521361	NaN
B008AETNGA	4.0
0375822976	NaN
B00ATPCALI	NaN
0373752253	NaN
0230755062	NaN
0986659347	1.0
0375822739	NaN
1477807578	NaN
0060193220	NaN
1620072033	NaN
0761457909	NaN
1483663612	NaN
0765325713	NaN
B00FPA7COW	5.0
0615782965	NaN
1569242984	5.0
B0053DN5D8	4.0
B00DXHBQ4G	NaN
B008NXCDJC	3.0
1401341799	NaN
B009CVYQG2	4.0
1452859663	NaN
034063488X	3.0
B0088VKYVI	4.0
0545284155	NaN
B0053DTERO	4.0
1478114681	NaN
0874810353	NaN
0825439353	NaN
B00I20ABJU	NaN
1402244983	NaN
0865474567	NaN
0151008116	NaN
B00LKJMA8A	NaN
0345327861	NaN
B004HO5WJO	NaN
1250016320	NaN
0761462465	NaN
B0077HPBCG	4.0
1478288639	4.0
B007418CL2	3.0
0345496574	4.0
0615768881	5.0
0140390847	NaN
1411674804	NaN
1470050021	4.0
B00BVMVRCG	5.0
0606238409	NaN
1596916982	NaN
B009RBJYL4	4.0
B001GIPJ2Y	NaN
B00C53PC7Q	NaN
0865476519	NaN
0226631877	NaN
0545284139	NaN
0975404296	NaN
0385336675	5.0
1499156472	NaN
B00IPL4AR0	NaN
0778313514	NaN
0345511506	5.0
0615720455	NaN
158115254X	5.0
0785209093	NaN
1439253080	NaN
0520061152	NaN
B00AS4CET8	5.0
0615828507	5.0
B0083UCPNO	NaN
1480522813	5.0
0553589911	NaN
B00HMP4JEO	NaN
0900588675	NaN
1480126152	NaN
1616952040	NaN
1492955949	NaN
1478288892	5.0
B00EZFOM7S	NaN
1938749022	NaN
1477612416	NaN
0262540568	NaN
0310326095	NaN
0756408156	2.0
0307711773	NaN
1469248581	5.0
0441715923	NaN
1620072475	NaN
B008DGDY1K	NaN
0307932540	NaN
1401903320	NaN
1478327286	NaN
B00KP12A0M	NaN
0743445988	5.0
1595145958	NaN
B008RIC62M	NaN
0890031975	NaN
0373247575	NaN
1883053099	NaN
1475192886	NaN
0768436109	NaN
1475043740	NaN
0345371984	NaN
1475252757	NaN
B008E67GSQ	NaN
038534094X	NaN
0974626902	NaN
1401309658	NaN
1482710455	NaN
0989438732	NaN
B00KT1YDJE	NaN
0812980239	NaN
0761459022	NaN
1935712489	NaN
1591024420	1.0
0811201031	NaN
0987915312	NaN
0806908661	NaN
1461153131	NaN
1783751789	2.0
0981607705	5.0
1453688013	NaN
0451216407	NaN
B009E8IGVE	NaN
0385315546	NaN
B008OX5TBU	5.0
1939203139	NaN
0312680082	NaN
160861221X	NaN
1435261968	NaN
0399157573	NaN
B007F0MBBO	2.0
1557782385	NaN
014044100X	NaN
0373244045	NaN
1590130073	NaN
0060824972	NaN
B003UBTVSI	4.0
1481069764	5.0
1450542565	4.0
0895558025	NaN
B00EXZ2MR2	1.0
B00457VKIA	NaN
B00DYV8NKQ	NaN
0974626929	NaN
0988115123	NaN
1478265574	NaN
1466294671	NaN
B008L2VN4G	5.0
1493618121	NaN
B00D9T9C4E	5.0
B00AIC7K26	NaN
1491276029	NaN
147008421X	NaN
1937715094	NaN
1556592906	NaN
1483959813	3.0
B00AVVDFGO	5.0
0470290765	NaN
B00BS1FQ72	NaN
1926838203	4.0
0988115131	NaN
B005FZ09Q0	NaN
1469925230	NaN
0824802713	NaN
0316009989	NaN
1569710813	NaN
0595411002	1.0
0974626945	NaN
0345507940	4.0
1565125681	5.0
1470110148	5.0
B00IPQ28AG	NaN
0385199732	NaN
0312965974	NaN
B00L1HYMJQ	NaN
1477816461	NaN
B00G85CR7K	NaN
158008558X	4.0
1492186775	NaN
B006LLOAJO	5.0
B00HWI04XQ	NaN
1469204304	NaN
B0070X9XDU	NaN
0892817992	NaN
B00BU781P8	4.0
818801804X	NaN
1495488527	NaN
0892819936	NaN
0452298091	NaN
0765314185	4.0
1492976423	NaN
0974626937	NaN
B007BVNF4O	NaN
B00BQF8C2G	2.6873177842565594
B007RGPO9M	4.0
0615902529	NaN
0307378411	NaN
0761458387	NaN
9997408330	NaN
149030343X	NaN
B00CLY8PKU	NaN
087395954X	NaN
161109948X	NaN
0140441212	NaN
0312426437	NaN
1442361514	5.0
0679722963	NaN
075822544X	NaN
1475061323	4.0
1257060457	NaN
B00I791PJQ	NaN
1484117018	NaN
147781647X	NaN
1579121306	NaN
1479341940	4.0
B006JW2U06	NaN
B00BVR0EX4	5.0
1492798398	NaN
019864308X	NaN
0615447902	5.0
1475221398	NaN
1463589980	3.0
1479385530	NaN
0439023491	NaN
148100333X	NaN
1484009290	NaN
0307272591	NaN
0765309408	NaN
B00GGR6TT2	NaN
1623220947	NaN
0778325342	NaN
1451641818	NaN
0141182571	NaN
0312940645	NaN
B00IQVDSYK	NaN
B00H5XAQOU	NaN
B00D7WKQRA	NaN
0263873080	2.0
B004TNIXYY	3.0
B008FQDF12	4.0
1475190832	NaN
B00D1CPG5I	NaN
1780882424	NaN
193269546X	NaN
B00B1XVBI0	NaN
1476736332	4.0
0761457003	NaN
1492882356	NaN
1493745417	NaN
1592536131	NaN
B0080SDHWC	NaN
159523103X	NaN
B00KC8Q522	NaN
B00E6ZZ4DS	NaN
B004AYD6QC	NaN
1621086232	NaN
B0073LMJOO	4.0
1612182348	1.0
B009KRLLJ8	NaN
1940534216	NaN
1590130227	NaN
0060926600	NaN
B0096FQY0U	NaN
0307587460	NaN
0441020925	1.0
B00A3SLAMQ	NaN
0316228532	2.9999999999999996
0224098101	NaN
0764552449	5.0
0385299966	NaN
B007OALZAI	NaN
030793313X	5.0
1439101671	NaN
1479115967	NaN
B007HQ272E	NaN
B00E9DRBGA	2.346894719362338
0800730801	NaN
0761139850	NaN
1935605887	NaN
0060542578	NaN
0844238252	NaN
145653954X	5.0
0765326361	5.0
1475112092	NaN
143918352X	NaN
1442365528	5.0
1604182075	NaN
0385732554	NaN
1477695079	NaN
B00AG4G3II	2.0
0374525870	NaN
1461090792	NaN
0827606974	NaN
B006T3W596	1.0
1483989879	NaN
0679748199	NaN
0307475255	NaN
1480080659	NaN
0446572829	NaN
0060894083	NaN
0751539015	4.0
3822837563	NaN
0300085060	NaN
B00CHHNMCW	NaN
0060692456	NaN
0811211002	NaN
1466398345	3.0
1482658143	NaN
1937178315	NaN
1596064854	5.0
B00IGW2ZXY	NaN
B00A8QWOOQ	NaN
0988316293	2.0
0988788047	NaN
1466225157	NaN
0307452360	NaN
0061950726	NaN
B00FP4B3EI	NaN
1476783284	5.0
0425227944	NaN
1401901921	NaN
1483905136	NaN
0615981631	NaN
145163806X	4.0
0316044695	NaN
0547691122	NaN
1478140267	NaN
1494465833	NaN
1932695206	NaN
0062262394	1.0
1456331183	5.0
0615625622	NaN
1612183352	NaN
B00FOU3P8A	NaN
0935526676	NaN
1479100676	NaN
B00CKZQFSY	NaN
1481128345	NaN
1935546112	NaN
B00HWF752W	NaN
0878332332	NaN
0739445286	NaN
0805083340	NaN
1616284870	NaN
B00ES2H590	4.0
1781321353	NaN
1466398167	NaN
0385317042	NaN
1566250277	NaN
B00INIXCUG	NaN
B006YBRE7G	4.0
0307886263	NaN
0062124269	NaN
0060519517	NaN
0440226155	NaN
0877739218	NaN
B00KPF2M6U	NaN
0966088220	NaN
1611099668	5.0
0938497308	5.0
B008DYPEFQ	NaN
1477847030	NaN
1932695621	NaN
B008HF67FW	4.0
1491840900	NaN
1906558353	4.0
098767174X	NaN
1479338273	NaN
1481187368	NaN
0545233445	NaN
0199535728	NaN
B00BWH9KMO	5.0
0345533097	4.0
0738215937	NaN
1940534607	NaN
1930235119	5.0
1416936017	NaN
1741792118	NaN
0140422072	NaN
0140446044	NaN
1892391953	5.0
0002247399	NaN
0989148912	NaN
1477540105	NaN
088001475X	NaN
B004ZVDFLG	5.0
B0076BSV2K	NaN
0425257355	NaN
1499192975	NaN
0811853470	NaN
B003PPDB8K	1.0
0425191265	NaN
0834801264	NaN
1937178129	NaN
B00DL5T200	NaN
0963209116	NaN
0062124293	5.0
B004WLCOU2	4.0
0615723063	NaN
0769646891	NaN
B001W6R7NO	1.0
1475068689	NaN
0440226147	NaN
014044095X	NaN
0802131840	NaN
B00JHICPA4	NaN
0201570092	NaN
0062700847	NaN
0824814010	NaN
0985164816	NaN
B00AVRUKM0	5.0
B006PW0Q6U	NaN
0765334380	4.0
0983953678	NaN
0988191237	NaN
1480054542	NaN
1495307352	NaN
B00CXFH4MC	4.0
0736919821	NaN
1598635344	5.0
B004LROVR6	5.0
0756654416	NaN
0985673605	NaN
147813223X	NaN
1480029106	NaN
1478358882	NaN
0373777019	5.0
0684844532	NaN
1461069335	NaN
0988482274	1.0
0989222705	NaN
1493679864	NaN
B00HFF8JLA	NaN
193774406X	NaN
B00GHK7O1U	4.0
0985164824	NaN
0330294911	NaN
0061452572	NaN
0316184152	NaN
0374161879	NaN
B004V49BLU	NaN
068987474X	NaN
0394740890	NaN
B006GJAP9A	1.4862923047835133
0671045849	NaN
0843962542	NaN
1859643299	NaN
1603427953	5.0
1853264059	NaN
0231072376	NaN
1577347870	NaN
1621085759	NaN
1482996367	NaN
1880284588	NaN
0226846636	NaN
1484858786	NaN
1484814916	4.0
B002CJIF5E	NaN
0060937262	NaN
0307749649	5.0
B00K1DWAE0	NaN
B00FNQNIFK	4.0
157129063X	5.0
0987720635	NaN
B006QCK89E	NaN
1621084655	NaN
0963209159	NaN
0316184136	NaN
1888009187	NaN
0615563457	NaN
0517012391	NaN
0615441866	NaN
0195014766	5.0
0987803735	NaN
148261586X	NaN
1578602297	NaN
0804139024	4.0
1490334750	5.0
B004MME1ES	NaN
1493555618	NaN
1463782845	NaN
B00I4DO9TI	NaN
0345542886	NaN
B00B6EFPEK	5.0
0143036475	NaN
1935217763	NaN
B007YUYWPS	NaN
159514238X	NaN
148953041X	NaN
0316069515	NaN
0749012560	NaN
0759254419	5.0
0767907450	NaN
145584165X	5.0
0812210379	NaN
014242059X	NaN
1499535392	NaN
0231105959	NaN
0312201656	NaN
0834800799	NaN
0985066342	NaN
B005HRSUS0	NaN
0768431611	NaN
1613250517	NaN
B0048EKJ14	NaN
0761455736	NaN
045141411X	4.0
1935670727	NaN
0966352998	NaN
0140444025	NaN
1556618395	NaN
0375400702	NaN
0991186907	NaN
0471790176	5.0
0615932916	NaN
B00D71ZVVM	5.0
1461060524	NaN
0374186960	NaN
0143117149	NaN
0735340390	NaN
B00JIV2YA6	NaN
091249803X	NaN
B00AEIZSEG	NaN
B00GAB1IVS	NaN
0312360258	NaN
1577345258	NaN
0446573051	NaN
0768428424	NaN
1470160358	NaN
0985164808	NaN
0553089633	5.0
B00930CIVC	NaN
B00CPSMVF2	NaN
1484147650	NaN
B00AAQVTYU	NaN
B00G5GKFSA	NaN
0373675895	5.0
0803246331	NaN
B00A0B7NQI	4.0
0987286323	NaN
1609074602	NaN
0192837095	NaN
1493756087	NaN
0812212762	NaN
0983624534	4.0
B00C7HG9KY	NaN
B00K9X86T0	NaN
B00AT30UKS	1.8843648208469057
B00AQAV0VM	NaN
B00A8TUS8M	NaN
1416958665	NaN
1492322504	NaN
0761461035	NaN
0806527285	NaN
1481294377	4.0
0974150207	NaN
0984492771	NaN
B00COFU6DA	NaN
0312150601	NaN
1480568503	NaN
0984697438	NaN
0982633602	2.0
B00B7NPS06	3.0
0762787252	5.0
1466219009	NaN
0988715333	NaN
B00A8LYX3Q	4.0
B00BZWRWL2	4.0
1439153663	NaN
1589826167	NaN
1490986375	NaN
B00JQP3RX2	NaN
1460917995	NaN
B00HAGFLJM	5.0
0800733851	NaN
0345508750	4.0
0738708127	NaN
1480099503	NaN
B00KCE1ISM	NaN
0451213459	NaN
B00LS153XO	NaN
1492962554	5.0
0961741066	NaN
0486264661	NaN
0142421952	4.0
0764206915	NaN
0769647391	NaN
B0087Z9FLU	4.0
0345529383	5.0
B00C4YOKKQ	NaN
0984697411	NaN
1938618092	NaN
B005LHQWD6	NaN
1494722631	NaN
B00DI1CS26	4.0
B00DZZ2KYQ	4.0
1878019198	NaN
0987526154	NaN
1596323906	NaN
1490453954	NaN
B00758JRAY	NaN
0136127118	NaN
097878510X	NaN
B005OJF0ZC	3.0
1461093597	NaN
0991163206	NaN
B00H9JGL08	NaN
1481810790	NaN
B00H5UAEZY	NaN
030728090X	NaN
1580050158	NaN
030737839X	NaN
0769647197	NaN
0373776780	NaN
0929448111	NaN
1609089464	NaN
0983624585	4.0
0940322668	NaN
0983623252	NaN
019978244X	NaN
1432827189	NaN
B00L2NEALE	NaN
0571099874	NaN
0985164867	NaN
1495472418	NaN
0615517773	NaN
0764559427	NaN
1490931430	NaN
0672313103	NaN
1933184159	NaN
B00CJK8LIW	NaN
1608611485	NaN
147519272X	NaN
0373768931	NaN
1416563814	3.0
1416585834	4.0
0990377105	NaN
1934148423	3.0
B00BQF8CW6	NaN
0451216768	NaN
0671732463	NaN
1484021479	NaN
0615550584	NaN
B00K0U969Q	NaN
0345533666	NaN
1477480900	NaN
1493649779	NaN
0818406054	NaN
1591792606	NaN
B005EMLNYQ	NaN
1490537260	NaN
0345484207	NaN
1466462884	NaN
1482748126	5.0
B00I2U430I	NaN
0394703103	NaN
1416551603	5.0
B00G5XIXDM	NaN
0873958306	NaN
1477847065	NaN
1492321818	NaN
0316211176	4.0
1479204951	NaN
B005ME39HU	NaN
B00BZPJRQW	5.0
0316056863	NaN
1499150687	NaN
0762439955	NaN
B00K9R4MIU	NaN
1416585850	4.0
B00JBNWXFW	NaN
1427201412	NaN
0811201805	NaN
1466352655	NaN
0553582771	NaN
B004HKIGU0	5.0
0385532911	NaN
149745901X	NaN
1402225059	NaN
1451673582	3.0
052128645X	NaN
1482652226	NaN
B0067FN6DU	NaN
0312978715	NaN
1590309820	NaN
1565123166	5.0
B00JOV928C	NaN
B0057H0NZI	NaN
0062110837	NaN
B004U6LSF6	NaN
0440224063	NaN
0152063897	4.0
1400073278	NaN
148267579X	NaN
0316206849	NaN
1935407996	NaN
1937178277	NaN
0883687542	NaN
0007447868	NaN
1401917887	NaN
1455575151	NaN
031218087X	2.0
1580053408	5.0
0863161723	NaN
031604461X	NaN
1496148304	NaN
0986631051	NaN
0615806627	NaN
055358278X	NaN
B00K9X8CF8	NaN
B003ODI7Z0	4.0
0316185906	NaN
B0055TFOM0	NaN
1451638353	5.0
1484888987	NaN
1897562454	NaN
0977611132	NaN
1936653753	NaN
B0074NQ410	NaN
1475043805	NaN
B004E10W0E	NaN
1937178285	NaN
1611605377	NaN
0545405726	NaN
0679642978	NaN
1481884573	NaN
1449302661	NaN
0061922315	NaN
B00BOG0W2K	2.0
031072810X	NaN
0061840270	4.0
1479269670	NaN
0985728604	NaN
0898708370	NaN
0062201662	NaN
147911765X	3.0
1433501155	NaN
1480258679	NaN
1581152035	NaN
014044131X	NaN
1936460149	2.9999999999999996
B0066VF7IC	5.0
0312856563	NaN
0380776820	5.0
0988443376	1.0
1456458043	NaN
B008WVIGY6	5.0
1481151290	NaN
B00COLDWNU	NaN
160358031X	5.0
B00A0N0K8Y	1.0
1476705992	NaN
1594203938	NaN
0802122078	NaN
0192821091	NaN
1401310354	NaN
0896086283	NaN
1608618943	NaN
1621084159	NaN
0394562852	NaN
B00KTV5HVM	NaN
1607012545	5.0
0451466659	NaN
0394733118	NaN
0684835339	NaN
1480082236	NaN
0451419030	NaN
1493659146	NaN
1470130270	NaN
1477816356	NaN
B00C5W86XE	NaN
B0093MU7QS	NaN
0345803485	NaN
B007MF3NK0	NaN
1612186815	4.0
1612182216	NaN
0375433392	4.0
B004V49FHA	NaN
1463562365	5.0
1908844647	5.0
1583141391	NaN
B0048ELQOS	NaN
0805098542	NaN
0615552935	NaN
B00JQWOJKK	4.0
1460995457	NaN
0835607208	NaN
1582433380	NaN
0307960498	NaN
B005RZ9G6M	3.0
0198711905	NaN
073949774X	NaN
1621084175	NaN
1480008907	NaN
1490368078	NaN
B006R8KEF0	2.0
B00538M1ZG	5.0
1609080602	NaN
0788750097	NaN
043935806X	5.0
0062258532	5.0
0989828107	5.0
B0044KMOG0	NaN
0990563405	NaN
B00I2PH6AW	NaN
B0098TKGLC	3.0
0989527417	NaN
0809123304	NaN
