0756405750	NaN
1401300340	NaN
0804100039	NaN
0989245314	NaN
0974476455	NaN
0840783574	NaN
B00DND1ST8	2.9999999999999996
0471146323	NaN
B00HFTI5FG	4.0
1897562969	NaN
B00BN3042M	1.0
0765343800	NaN
B00K1295RG	2.9999999999999996
1596323272	4.0
0943832047	NaN
0805093079	NaN
1492775754	4.0
B009G9T87W	4.0
B004MPRAG6	1.0
061585673X	NaN
0911910190	NaN
B00FJ1E9IY	2.9999999999999996
B00K4Z948K	3.8874999999999997
0393046842	NaN
0786886277	NaN
B00J3AJYMS	1.0
B00I3QB7YQ	1.0
8883707265	NaN
B00C3FKZFU	1.0
B00JWECPYO	1.0
B00GB8C94A	2.9999999999999996
1936227061	NaN
B0087IOAGM	2.9999999999999996
B00DJQYAQW	2.9999999999999996
146798759X	NaN
0965131602	NaN
B00CL0KG9M	NaN
1401302785	NaN
0385349173	NaN
B00DSENBN8	2.9999999999999996
B00CQR31WO	2.9999999999999996
B00KISW49Y	NaN
0756407958	NaN
147782314X	NaN
0002007770	NaN
0802836119	NaN
0446578258	NaN
0821773844	NaN
B00IO4JNA2	2.0
1481028642	NaN
1627986618	4.0
0802438660	NaN
B00DC65VS0	NaN
1491250259	1.0
0451222660	NaN
0099503093	NaN
B00B3OEWK6	4.0
B00CVUYIKK	2.0
0316101699	NaN
B00IFSS8WG	1.0
1613726236	4.0
1493755544	2.0
B00JOQEVKQ	2.9999999999999996
1615810811	2.0
006109921X	NaN
0061558222	NaN
1930332831	NaN
1250024722	NaN
B007WMVMD8	NaN
B00749W4E0	2.9999999999999996
B00FXW51EK	2.0
B00D2KJSV2	4.0
0471771902	NaN
B00KK1GLWA	NaN
193919394X	NaN
B00AUVNSF8	2.9999999999999996
B007JCPFGG	5.0
B00DY0A2FG	NaN
0316602051	NaN
1612184375	NaN
1492750654	1.0
B004MDLV22	4.0
1453776176	4.0
B00BFXEQII	2.0
1477694919	NaN
0684818981	NaN
B0091O1Q7M	5.0
0984627820	NaN
160928173X	5.0
B00GTXGJWK	2.9999999999999996
1613726015	4.0
B00AMPAF3A	4.0
B00ATBWVIY	4.0
B006I2RN9U	5.0
0802143962	NaN
B00KB46MKM	NaN
B005KMV5XY	NaN
B00AYXCS3A	4.0
0451234820	NaN
055358393X	NaN
0316001821	NaN
B00IJ10AYI	2.0
B00KI9GZF2	4.0
1623806968	4.0
B00L4EHNX8	1.0
B00I2E9YTY	NaN
B00DOAY018	2.9999999999999996
0312655479	NaN
1470005867	1.0
B00C1VKJZ2	4.0
B00JD1PNTA	1.0
B00GBLQMEA	4.0
B00G07B4GQ	2.9999999999999996
0849913241	NaN
0886778514	NaN
1477628797	NaN
B00FIX6F30	4.0
B00AYOSV6C	2.9999999999999996
B00DC2M3TE	NaN
1609288122	1.0
0307749584	NaN
B00HCN6CH8	NaN
B00GZ0T3IY	2.9999999999999996
B00D7EJMTQ	2.9999999999999996
1481929380	4.0
1937551954	2.9999999999999996
1627982043	2.0
B009W3QEHO	5.0
1400095808	NaN
0340822775	NaN
0061099279	NaN
1480162310	2.9999999999999996
1612711367	4.0
B00HGM63II	NaN
0345459946	NaN
1935192671	2.9999999999999996
1623803454	4.0
B005F5PBNQ	2.9999999999999996
B00EL0Z924	1.0
044657886X	NaN
B00847CGV2	NaN
B00EXE9VRC	2.0
B0088NGZWI	1.0
1401301037	NaN
0939798832	NaN
192503156X	4.0
1932300228	4.0
B00FX3J8B6	2.9999999999999996
0988107856	NaN
B0090RIY8E	NaN
0310421314	NaN
B00BCTIOYW	2.0
B00BX8IR94	4.0
B00APT8BDE	NaN
B003IGDDFM	4.0
1493575317	NaN
B00HV6MSEW	4.0
146109111X	NaN
B00971EN8I	4.0
B00FMJYE6A	1.0
0307943232	NaN
B00H0QLDEY	4.0
B003BNZ91S	NaN
B00H3R6TVC	2.9999999999999996
B0082GF0BS	NaN
1494899469	2.9999999999999996
B00B8U421O	4.0
B00G5SP6UU	2.0
094227279X	NaN
1623806585	4.0
1937760227	NaN
0316096199	NaN
B005ISPPJA	NaN
B00HELTIK6	4.0
0739314157	NaN
B00A79CQ3S	NaN
B004SPEF1I	5.0
0671567829	NaN
B00GQ9IKCE	2.0
0399144994	NaN
B00A1SOP8Y	NaN
B00IND9DJA	4.0
146113613X	NaN
1484012844	NaN
B00BCAIFAY	2.9999999999999996
0802120407	NaN
1479101257	NaN
B00AFEAD3K	NaN
1623806135	4.0
B00JYG8CA6	2.0
B00891DC8Y	4.0
B00FDYV54S	1.0
0991280717	4.0
B00J90NPBS	1.0
B007IE0BXC	2.9999999999999996
075640777X	NaN
B00JJOXBS6	2.9999999999999996
B0060M7S2K	2.0
1613725302	5.0
B00HXJSBM0	1.0
B00A06NRFY	NaN
1626490775	4.0
1481985485	NaN
1627980911	2.9999999999999996
1620297094	NaN
1609288394	2.9999999999999996
0727881639	NaN
0801058066	NaN
B00CD1B7M4	NaN
1938499476	NaN
1612000061	NaN
B00CCUVR7G	4.0
B00JU7W5B6	4.0
1468047744	4.0
B00EVQZHEI	1.0
0877285314	NaN
0781404886	NaN
B00HSOHSCO	4.0
0758204078	2.9999999999999996
0843962844	NaN
013020787X	NaN
037380315X	NaN
0446579920	NaN
B007JN67WQ	NaN
156947981X	NaN
1882424581	NaN
B00F3H6S1A	1.0
B00J90EIIC	1.0
B00E4UIYB4	2.9999999999999996
B00DW47I8I	2.0
B00I0UWJEW	4.0
B00BTFHQS4	2.0
0691027641	NaN
1602728364	2.9999999999999996
B005FBTYHO	2.0
B00AFXCWTO	2.9999999999999996
B00E5I9DL0	3.0
1937551520	2.9999999999999996
1580170285	NaN
1623807867	2.9999999999999996
1470008270	NaN
1935192809	5.0
B00AVRFI22	2.9999999999999996
B004Y73BRE	4.0
1626490511	2.0
0345527380	NaN
0765302217	NaN
1611249562	4.0
B00H39Y6ZQ	NaN
B006KZ3V64	NaN
B007XUL91O	NaN
1627980970	4.0
B00KLSYEC6	4.0
1470075296	NaN
0300136846	NaN
0800758471	NaN
0743411323	NaN
B00BDSDBWW	NaN
B00EANAGO8	2.0
B00DR5J02E	2.9999999999999996
0345427505	NaN
B00AHU033W	4.0
B000QUCOB2	NaN
1627986251	2.9999999999999996
0312245564	NaN
1580170277	NaN
B0094AEQK2	2.9999999999999996
0123741521	NaN
1250023696	NaN
B00941H4MS	NaN
1250009146	NaN
B0054LX3C2	5.0
0425264173	NaN
B006QCLWNK	NaN
0979311047	4.0
B004K6MK8U	2.9999999999999996
1567314112	NaN
B004ZRF7S4	4.0
0802408168	NaN
B00GEA51KY	4.0
047004604X	NaN
147919591X	1.0
1603425683	NaN
0817440593	NaN
B009W9ZDHU	NaN
006207993X	NaN
0743457781	NaN
1613722087	4.0
B00BKR6GFU	2.9999999999999996
0764524771	NaN
B00G8UF35S	2.0
0062073168	NaN
1937551792	2.9999999999999996
B009VSVWHW	4.0
0615648649	NaN
1781845433	3.0
B007SJVTRY	1.0
B00AKD62RC	2.9999999999999996
0976420031	NaN
B006OIRYTC	4.0
160820409X	4.0
0765325942	NaN
1614956421	1.0
039915731X	NaN
0764226894	NaN
1608206289	4.0
B001ET66ZE	1.0
0756400619	NaN
1627980768	2.0
0470089466	NaN
0373297874	NaN
B00D8PVTNG	2.9999999999999996
0988153009	2.9999999999999996
B0086WQ72O	2.9999999999999996
0830713751	NaN
0684813637	NaN
0307461548	NaN
0312659067	NaN
B00GLEX600	NaN
160928125X	4.0
B00E8VBRL8	2.0
141654786X	NaN
0981737285	2.0
B00BT76124	NaN
B00ICTUO7U	2.0
0753454750	NaN
B008TIQ1NK	5.0
B008YYKQ1M	3.0
162778005X	2.0
B00BX39QXU	4.0
039915972X	NaN
1479197009	NaN
B009MA8QDM	2.0
0345494385	NaN
B00AIR9Q46	5.0
0425130711	NaN
B00FV2L2DQ	NaN
B007PZICEO	2.0
1564148793	NaN
B00FCCO4EE	NaN
B00LGX4JKW	4.0
1118096347	NaN
0982365101	2.9999999999999996
0061997188	NaN
1605043192	4.0
B00E8FOLUI	3.0
1627987150	4.0
0143034758	NaN
B00IDMUUS4	2.9999999999999996
0756409446	NaN
1451637780	NaN
B00I5HXXV8	1.0
B00E5JAIP4	NaN
B00E1C8QUE	2.0
0989389308	2.0
1626490015	2.9999999999999996
B00BPL27E0	2.9999999999999996
0373295464	NaN
B00EX5PBGG	4.0
1615814612	4.0
0756407273	NaN
0399165398	NaN
0803495765	NaN
1400043921	NaN
B00G3QVUM2	4.0
1623800781	2.0
0310201063	NaN
0061008079	NaN
0758210590	4.0
B0083UCPNO	NaN
1492803545	2.9999999999999996
1613723679	2.0
1613726945	4.0
0670060003	NaN
B007UWO34U	NaN
B005Z1CGIS	4.0
1593854455	NaN
0385015364	NaN
0618551050	NaN
B00B39MTZG	2.0
079451233X	NaN
B009RSF3WQ	2.0
0547892624	NaN
147500544X	NaN
B00B4QJKAK	1.0
0871316579	NaN
0811837327	NaN
B00JUCHUMK	2.9999999999999996
0794836755	NaN
B00JDJ9N0W	4.0
0062065246	NaN
B0057AFBLQ	2.9999999999999996
B009JY57FG	1.0
B005B0YVRM	4.0
B009K5DIOQ	3.0
0061000116	NaN
1449543502	NaN
B00GP0S2AO	2.9999999999999996
1461180945	NaN
1441508147	1.0
1484096762	4.0
B00CKRW4FA	2.0
B00FKNQF92	4.0
1613726961	4.0
B004RQD3XO	3.0
1401912273	NaN
1607060760	NaN
B00DHP7TSG	2.0
0914863053	NaN
B00GYI8K4U	2.9999999999999996
B009CA6P3A	4.0
B007SPIURU	NaN
0857154354	2.0
B00BG4IDAS	2.9999999999999996
1608209121	4.0
B00K13470U	4.0
1495461424	2.9999999999999996
1936488442	NaN
B007BK45N0	2.9999999999999996
1463718497	4.0
B003100TZC	2.0
1623807131	4.0
1494402718	NaN
B001DBEQE6	2.0
0061099708	NaN
B005QQL5G6	NaN
B004OR1KM2	1.0
1615819029	5.0
B0089U04GS	2.0
B00ENRNF6C	2.9999999999999996
1623802547	2.9999999999999996
B00DOPMQ1E	2.0
B00IA1QLKY	2.9999999999999996
B00EGGIEVQ	2.9999999999999996
B00ADSEL5E	4.0
0989854906	2.0
160601465X	3.0
0374292795	NaN
1627981454	2.0
B00B2KTSUA	4.0
B00H0R70SG	4.0
0871317222	NaN
B00DG8K9JA	1.0
1484118782	NaN
0553295772	NaN
1608205584	1.0
1594746265	NaN
097291871X	NaN
B00CLVB9X8	NaN
0385340303	NaN
B001DOHZ5A	3.0
0988115131	NaN
1939813026	NaN
B00BT7E4DM	NaN
087067935X	NaN
0316206938	NaN
145169363X	NaN
1605045985	2.9999999999999996
B00BNADHV0	4.0
1490381368	4.0
B00BLSR1KM	1.0
1599987619	2.0
1453875042	4.0
0812973712	NaN
156148640X	NaN
1937909557	4.0
0688172873	NaN
B00BPK6RRO	NaN
1623804744	1.0
B00KQX5EU2	1.0
1449390412	NaN
B002VFPSC2	NaN
1451638000	NaN
0374102775	NaN
0544263618	NaN
1608207315	2.0
0495014427	NaN
0758274882	2.9999999999999996
B009XOKN92	NaN
B00B871BZ2	5.0
B00IM4RLQC	1.0
0764179837	NaN
B00FJC1PVC	2.0
B00HSOWDLU	2.0
B003TLMIOI	2.9999999999999996
B00DZV2NHE	2.9999999999999996
B009POGM04	4.0
0976876051	NaN
B007X09GNM	2.0
B004W8DA30	4.0
1608207781	2.0
B00GQHCBI0	4.0
1477808604	NaN
075664500X	NaN
0761133259	NaN
B005HZDW4O	NaN
0399156046	NaN
1478291877	1.0
0778315762	NaN
B00BFUIUF6	1.0
038551851X	NaN
B004CYEXFS	2.0
0615429084	NaN
B00K7UZB0W	4.0
0373291027	NaN
B00IHTAL1Y	1.0
B004UN4B7G	3.0
1623804981	5.0
B00HCHHP8Y	2.9999999999999996
B00D7NV2NG	4.0
0878571671	NaN
B00HA5SBC2	2.0
B007Q2CBPC	4.0
1615813780	2.9999999999999996
B00ERYFC5I	1.0
B00EORVJL4	2.0
B00AM986QE	4.0
B008XT8606	5.0
B00DKOEE6E	2.9999999999999996
1484184009	2.9999999999999996
0882702203	NaN
B00AHGKIOU	4.0
B00CJU2OOY	4.0
1401323774	NaN
0373292147	NaN
1470033917	1.0
B00AL3IOLI	4.0
B007Q2VJGE	2.0
B00BEBZWEI	5.0
B005H6Y60M	NaN
1464201072	NaN
0778802388	NaN
B00JD1PL92	2.0
B004RQD43S	5.0
1627982582	2.9999999999999996
B00BFBZEK4	4.0
0061238848	NaN
1615819096	4.0
B009TBG5NM	3.0
0307272591	NaN
0981737242	1.0
B00CNID0J0	3.0
B0055UZPTG	2.0
B004CJ8110	4.0
B00KFKXUE8	1.0
0486469212	NaN
B0095SQ714	NaN
B00AMOODZM	2.9999999999999996
1608208443	2.0
B00CHYPGZ6	4.0
1623803853	3.0
B005Q13HO4	2.9999999999999996
1615810293	5.0
1591931053	NaN
0756643023	NaN
B00C53B0Q8	2.0
1781845492	2.0
B00HSOHSQU	2.9999999999999996
B00B0T0DBG	4.0
B003H05ZSM	2.9999999999999996
0061351342	NaN
1402285698	NaN
1461010985	NaN
0664238955	NaN
1401312667	NaN
B00K00M7GK	NaN
037377463X	NaN
B0071FNXWY	4.0
B00E8NJHLS	2.9999999999999996
0743453972	NaN
B00FUAUJFG	1.0
B00JZO5CFK	2.9999999999999996
1592407293	NaN
B00EFB7Y90	2.9999999999999996
1613722516	2.0
B00CI3WCBM	2.9999999999999996
1613720572	2.9999999999999996
B005J8YPG8	4.0
1483955230	4.0
B00BO3R6K4	NaN
0143125311	NaN
0143124463	NaN
B00EDDBT9G	1.0
1936220326	NaN
149937061X	NaN
B00EL20B7A	1.0
B00CTLAF62	2.9999999999999996
1615816836	4.0
B0085MS638	NaN
B009OMHGPM	3.0
B00AYO44IQ	NaN
B00H69W4ZC	1.0
158720438X	NaN
B00KO11WLG	2.9999999999999996
B0088YXECQ	2.9999999999999996
1478360577	3.0
B008E3GJIC	NaN
1481205072	4.0
0312278586	NaN
B00D4KN2ZI	2.9999999999999996
1596328835	4.0
1482732858	4.0
B00F26I5ZY	NaN
1608202127	2.0
B00H0U4M98	4.0
B00HSKMN5K	2.9999999999999996
1452645493	NaN
0399143955	NaN
044900516X	NaN
1618930079	NaN
1559707879	NaN
B00KP2KBC0	2.7749999999999995
B00G3EAJTE	4.0
1482534355	NaN
1627981292	2.9999999999999996
B00G66GFQU	4.0
1578261791	NaN
0470267585	NaN
B00BW7BA6I	1.0
B005EN6A9S	4.0
0470922400	NaN
B008A9MTCU	NaN
0307594882	NaN
B008DJL6PS	NaN
1591862027	NaN
B005S5O5CQ	2.9999999999999996
1611762383	NaN
0316603287	NaN
B00JVANDI6	1.0
B00I6MCR3W	2.9999999999999996
1623800080	4.0
1623151457	NaN
1623000254	4.0
B00ANYKKLM	4.0
069114754X	NaN
0375504338	NaN
1622422333	3.0
0983217513	NaN
B00E4OH4LG	1.0
1439102740	NaN
0062082353	NaN
B00CO1JPIG	2.9999999999999996
1615814051	5.0
1426742568	NaN
B00ALHB7DQ	2.9999999999999996
B000VWM0KU	3.0
B00C6ZTNC8	1.0
0758220413	NaN
162798321X	1.0
B00CCXC6SC	NaN
B004G0936W	4.0
B00KCS1EUA	1.0
1480219851	NaN
B00GH97KRO	NaN
B00CKZH1DC	4.0
0307949702	NaN
1455521175	NaN
0373291434	NaN
1620612917	NaN
B00BAKBD9G	4.0
1935766422	NaN
0201447878	NaN
1482616319	NaN
0007136838	NaN
B00CMJDQYY	2.9999999999999996
0060753943	NaN
0679422714	NaN
0373293607	NaN
B00GLHKMCC	2.9999999999999996
0984740708	NaN
075640696X	NaN
B001BM2ZFO	NaN
0756405408	NaN
B00AGGKUTY	5.0
1932695206	NaN
B006IUG01E	1.0
0198607482	NaN
1627980199	5.0
1496139550	NaN
B00D67P978	4.0
B00586XP5S	NaN
1623804647	4.0
B006NU4GII	NaN
B00G2GMRCU	NaN
B00EOWVX56	2.9999999999999996
148238745X	4.0
B00DZ3SXQW	2.9999999999999996
B009CDWSW4	3.0
0830751548	NaN
0307444961	NaN
0979777704	NaN
0465032710	NaN
B00DC6OPSC	NaN
0785249397	NaN
B009HA6COM	2.0
0805096663	NaN
B00D55N4AK	NaN
B007ZSFMD0	4.0
0989117316	2.0
B00AIE5MII	NaN
B00IKGXWYC	2.9999999999999996
B006FZIT4I	NaN
0375505857	NaN
B00EPPVJM4	NaN
B00BB8YG0A	4.0
1627983031	1.0
B00FB2APCK	4.0
0061054267	NaN
1492843857	NaN
B00DMUUE3I	4.0
038536315X	NaN
0802120733	NaN
B004TH0G4K	2.9999999999999996
1573443360	1.0
B00CAB1RF4	2.9999999999999996
B00AJS80UK	2.9999999999999996
B00HEPB3C8	2.9999999999999996
B00959YEAE	NaN
B008AK8E50	NaN
1479364533	1.0
B00KPIJ3RI	2.9999999999999996
B00AGFRFYI	2.9999999999999996
1400318130	NaN
B00DRFN4QC	1.0
B00EXVXA40	2.9999999999999996
0345803507	NaN
0470192739	NaN
148023964X	4.0
1467968986	NaN
0312611579	NaN
B0039PH74A	4.0
B00L8BXPZC	2.0
B009LXGINU	NaN
1416059512	NaN
B007U1QKDI	2.0
0425110427	NaN
0886777542	NaN
0545509890	4.0
1462112269	NaN
B00EZC3XJO	2.0
0886777550	NaN
B005MKK0U8	2.0
B00G89PNCW	2.9999999999999996
B00F5MO7FW	4.0
B003TU271I	1.0
1448635403	NaN
B001KC6Y16	NaN
1613726171	5.0
B00H8XIAZ4	NaN
1623801389	5.0
B00I7UTS3A	2.9999999999999996
B009MTO9UW	4.0
0880530588	NaN
B00GU9P6WW	2.9999999999999996
1608197093	NaN
0957616708	NaN
B00JAAQ0EG	1.0
0345548124	NaN
B00A7LJNS2	1.0
1608208958	4.0
0307460185	NaN
B00C126RFM	NaN
1439276838	NaN
B00I2PH69S	NaN
0914168193	NaN
1609287142	4.0
0984988114	NaN
1478242221	NaN
193556000X	5.0
B00663HCTM	2.0
0764209116	NaN
0425256456	NaN
1478380101	4.0
0764209124	NaN
1556653131	NaN
B00CU1K1G0	NaN
B00CJV6N0Y	NaN
B00DTLOO22	2.9999999999999996
080187971X	NaN
1594149615	NaN
B005TDRJ70	NaN
B0092V0XCS	2.9999999999999996
B00653XLN4	2.0
B00ADSELFE	1.0
1484823664	NaN
1623806232	2.9999999999999996
B007XVV6PW	5.0
B00AGFRFTI	4.0
0983623279	NaN
B00ERYF956	1.0
B00BPIEDPY	2.0
1250003792	NaN
1477589627	NaN
1595553673	NaN
1492388645	1.0
1615817395	2.0
0886777739	NaN
0849922070	NaN
1608202992	1.0
B00E818O82	2.9999999999999996
0143035347	NaN
0985066385	NaN
B00DQVMWXS	4.0
B00JVSP3YA	1.0
B00H8I2GKY	2.9999999999999996
0615347770	NaN
0451226291	NaN
0787996831	NaN
1477849807	NaN
0764209132	NaN
1481262262	NaN
0471719838	NaN
B00E2YJYSY	4.0
B00GY4VF2I	1.0
0198326769	NaN
B00L5IWGY4	4.0
1627985484	4.0
1623809517	4.0
B00AEB5ECE	4.0
1442341165	NaN
B00CGOWIL2	2.9999999999999996
1402220014	NaN
B009XFWQCI	3.0
B0092E41NC	2.9999999999999996
1613725434	5.0
B00HV33EGG	1.0
0441019234	NaN
0743271556	NaN
1880507013	NaN
1480275107	4.0
B00EBN532W	1.0
B003TO5GMQ	2.9999999999999996
B003U89SO8	NaN
147763407X	NaN
B00GHMIWJG	2.0
0399156844	NaN
B00IMEYM2S	2.9999999999999996
B00HI9KDM6	2.9999999999999996
B00E93QH1K	2.9999999999999996
1492136530	2.0
0060931957	NaN
B00DUJV9OO	2.9999999999999996
0061051128	NaN
B00BW01QW8	1.0
B00908HZ8S	4.0
B00H8XYNY6	4.0
B00309SCVC	2.9999999999999996
B00EHMFBLA	NaN
1467929794	NaN
1615810773	4.0
B00D6WVPOO	2.0
B003PJ7CRC	NaN
B00LAK1BDY	2.9999999999999996
B00BGIUFRI	1.0
0380792621	NaN
0385531117	NaN
1470181290	2.9999999999999996
1599982870	4.0
1611249201	1.0
1613724373	4.0
B00CXWLIHM	1.0
0976349205	NaN
B00CUIK2G2	2.9999999999999996
1455514489	NaN
0957327064	4.0
B004AE3N7O	2.9999999999999996
B009BIOK3K	2.0
1477811230	NaN
0764567594	NaN
B00AO72K4S	2.9999999999999996
B007AWQZ6O	2.0
1615815171	4.0
0739488341	NaN
B00K56DJ16	NaN
1626490872	2.9999999999999996
0982513208	2.0
B00KMEOCXU	4.0
B0067ZJVK2	NaN
0470180919	NaN
007008761X	NaN
B00CDGDG9G	NaN
B00CO9FW4E	2.9999999999999996
B00JPFAXTY	NaN
B00AYH4QZO	4.0
B008FV8S00	4.0
0886776856	NaN
0446579823	NaN
0778322408	NaN
0345404742	NaN
B003T9US5Q	4.0
B005Z1CGBU	4.0
0310205719	NaN
B00CS1HN4U	2.9999999999999996
B00K08STYG	1.0
B00II0Z49G	4.0
0373442556	NaN
B00DCKVR5C	4.0
B00C4RPNT0	1.0
B006PIYPCA	2.9999999999999996
161581843X	2.9999999999999996
B004P8JMQ6	4.0
149120446X	5.0
1565922573	NaN
B00BE6PP7W	2.9999999999999996
1602664099	NaN
0316067598	NaN
1931520666	NaN
B00DQ6PEA6	5.0
0385344007	NaN
B00CWV34XA	1.0
1483942716	2.9999999999999996
0785260331	NaN
B00F942VQI	4.0
1940026016	NaN
1615810978	2.9999999999999996
0987775340	NaN
B008QMPMPM	NaN
0060514930	NaN
B000KMAUFI	NaN
B00KKQ9X0C	2.0
B00E6RNLM2	2.9999999999999996
1492928984	2.0
B00J1V124M	1.0
B00GZFLSV4	2.0
1565922840	NaN
0983374732	1.0
0312310846	NaN
1613724608	2.0
1461099935	4.0
1603700110	2.0
0804170703	NaN
B00B1INX6I	4.0
B0085MZHEE	NaN
B00B0QITYC	NaN
B0085W26CK	1.0
B0030MQJVY	2.0
0743475062	NaN
B007JE6QFI	NaN
B00HLME45W	1.0
B007R6POYM	1.0
B00HCH21CE	2.9999999999999996
B00K02UWIS	1.0
B00J0DPVXE	NaN
B00GF1DNNY	4.0
B00BTIEB5M	1.0
B00KKVNHIQ	NaN
B00LCA8612	2.9999999999999996
B00IY2A9SY	1.0
B00E4TD08C	2.9999999999999996
0984697438	NaN
B0095JUAE8	4.0
B008N5OI7A	4.0
B0046A9Q7S	4.0
1623802814	2.0
B007MWLMI8	NaN
B00D4MUTB6	2.0
0956989217	NaN
1626491488	1.0
B00B1Z02NS	2.0
0452298385	NaN
0380771586	NaN
B00AZZQTHS	NaN
155773657X	NaN
B009O8NW9K	2.9999999999999996
B009R8DHRE	4.0
B00CQOP5HG	4.0
B006M3Y9ME	1.0
1941450008	2.0
1615810595	4.0
B007B6QRPS	4.0
B005NWJK6K	NaN
0983031800	NaN
B00E6H70Z6	2.0
B008TA811I	NaN
069623663X	NaN
0743467426	NaN
0385511841	NaN
1439244421	4.0
1561487015	NaN
B003XNU03S	NaN
1590771176	NaN
1484054172	NaN
B00GXKW52M	2.9999999999999996
0385336780	NaN
B0070FDJPG	2.0
B00E257ULG	NaN
0297847910	NaN
B00DG9E0YE	4.0
1497360935	NaN
B00EDMB61S	2.0
0942272064	NaN
B004BA56ZE	4.0
0310927579	NaN
1559700211	NaN
B002HJV45C	4.0
B00ASBB4MO	NaN
B00HSO4TKS	2.9999999999999996
0375430008	NaN
B004FN2CWW	1.0
B00D1XKU6C	2.9999999999999996
B00DC2Z7B0	2.9999999999999996
1596323906	NaN
1609283139	4.0
B00KIR5SAM	4.0
B00H2UG9X8	2.9999999999999996
B00IN8HWPC	2.9999999999999996
B00B60C3PS	4.0
1479244538	NaN
B007L3WSOA	4.0
B00ED3OPTW	2.0
B00A22UVQO	5.0
B00K31ABUA	2.0
0375815058	NaN
1623806151	1.0
0375403167	NaN
B00HI9DL0W	4.0
1623806399	2.9999999999999996
0307279936	NaN
B004D9FX8S	2.0
B00ADQGHKI	3.0
B00IIUARXO	NaN
0070089418	NaN
1615819118	1.0
B00E9ZVT3E	2.9999999999999996
B007BENFJ6	NaN
0373286414	NaN
0486459101	NaN
1602478325	NaN
B00HB9PLPW	2.9999999999999996
B0084AYM0M	NaN
148116418X	NaN
1627982620	4.0
1611249163	4.0
B003SE7K4O	4.0
B00A2ZUPVC	3.0
1615813829	2.0
B00CRMGXFU	1.0
037303038X	NaN
6163055020	NaN
099145703X	2.9999999999999996
0553275852	NaN
B00DOC2XHO	2.0
0886774829	NaN
B00G49NGGG	2.9999999999999996
0140284583	NaN
1497535255	2.9999999999999996
B004HZXHOA	4.0
B00I0LXFSA	2.9999999999999996
B00BJXRMMG	2.0
0060537639	NaN
B0066T25E8	1.0
1439175888	NaN
B009CYJWKO	NaN
0425267849	NaN
B00ITUOM98	2.9999999999999996
0192804340	NaN
B00FMRSS3W	2.9999999999999996
0786886404	NaN
0071443282	NaN
1416563814	NaN
0761161198	NaN
1627981527	1.0
B0086Y9MM4	3.0
1607377454	2.9999999999999996
B00HRC5Y7I	2.0
B00IAG5RQS	1.0
160737417X	4.0
1613725507	2.9999999999999996
B00DXOV0T0	1.0
161581938X	4.0
B006HM3JD0	NaN
0345533666	NaN
0517149826	NaN
162380941X	2.9999999999999996
0738215112	NaN
0061020052	NaN
B00F7ZCN1M	2.0
1615810579	4.0
0988348209	NaN
B00GK50H66	NaN
B00E7RX68A	NaN
978160820X	4.0
B00EIJ8FLK	2.9999999999999996
193413533X	4.0
0982618492	NaN
1623808588	2.0
B006U0L4K4	2.9999999999999996
B00FQ7O648	4.0
B00DRBGHO2	2.0
1484966430	2.9999999999999996
0679506268	NaN
162380132X	5.0
1613727038	2.9999999999999996
B00GTVCXK4	4.0
061567223X	NaN
1608208745	4.0
B006H6BDRA	NaN
1613726198	4.0
B00A2B8TF0	2.0
0380798891	NaN
B00E3UW03S	2.9999999999999996
B00BTGSI94	2.9999999999999996
B00BZHNSEM	2.0
B009I3TO4S	NaN
0979726786	NaN
B004UHYPZK	4.0
0671047337	NaN
1469226456	NaN
B005URACBA	4.0
1935192175	1.0
B00J75GWFG	2.9999999999999996
080419257X	NaN
1496138953	2.9999999999999996
B009D4T3XO	3.0
B00I93N930	1.0
B00GENANEU	4.0
B00G4RY2ES	4.0
B0053Y7DXK	4.0
0979726794	NaN
0871316021	NaN
B008O58KO6	NaN
B00JOV928C	1.0
B00IK9X5T6	1.0
1623803535	5.0
0316097519	NaN
B00I92F2VS	2.9999999999999996
B009DAG1PQ	1.0
0550142304	NaN
1623804868	4.0
B008T8PDR0	4.0
1934531146	4.0
B009FCW5FW	NaN
B0038AUZ4A	1.0
B00CLMKI0W	2.9999999999999996
1419969331	3.0
B00H0QU0SY	4.0
B00HI6L7MO	2.9999999999999996
0316206849	NaN
1627980229	2.9999999999999996
0307743675	NaN
0007447868	NaN
B00J7GYWNY	4.0
0373292007	NaN
B00J53HWHC	1.0
0804842051	NaN
1623802695	2.0
0764597965	NaN
B007IP3VM4	2.9999999999999996
0982780141	NaN
0762761261	NaN
1620042142	2.9999999999999996
B00JRGJL4Y	1.0
1897562454	NaN
1468198149	4.0
0345479734	NaN
0471267619	NaN
1477849475	NaN
095605661X	NaN
1608311295	NaN
1491272813	NaN
0544114604	NaN
0985386517	4.0
B00CNW3UQ4	2.9999999999999996
0452287081	NaN
B00BI3JDR4	1.0
055389787X	NaN
0425262103	4.0
B00BND1UTS	NaN
B00DH7JTIW	2.9999999999999996
1492298352	4.0
B00H130UTK	1.0
0743296230	NaN
0844742236	NaN
B00DV8TZ5O	2.9999999999999996
0306820293	NaN
0752848941	NaN
1938499867	NaN
1453848665	1.0
B00CTQTULI	1.0
1623807085	4.0
0441017630	NaN
1937252272	3.0
0910034974	NaN
0425246043	NaN
B00886O996	NaN
0756401461	NaN
1250027144	NaN
0140390103	NaN
B004LDM15Y	NaN
0520253132	NaN
B00HGX2AR0	1.0
0465043674	NaN
1463604815	NaN
1479143707	NaN
B00JK54EFS	NaN
1935192132	NaN
098834825X	NaN
B00466HSLI	2.9999999999999996
B00FQ82UPO	2.0
0375727787	NaN
1937252264	3.0
B00AUYNCF6	4.0
B0098ED8PS	4.0
0345803485	NaN
1439172773	NaN
B00FL3VPD2	NaN
1623800226	2.9999999999999996
140005236X	NaN
0764140051	NaN
0785153942	NaN
1484096800	4.0
B008UCCCGA	2.7749999999999995
B00HMAMM52	NaN
B00DOBWBFY	NaN
1482027402	4.0
B00HBTG2AK	2.9999999999999996
0743487869	NaN
0310273005	NaN
1627980024	2.0
0310272157	NaN
B007Q2MKF8	1.0
B00E6RNOB0	NaN
0805098542	NaN
B00CNDJ6PM	2.9999999999999996
0615639496	NaN
1627980261	4.0
0671047310	NaN
061588699X	1.0
0778327655	NaN
0736917381	NaN
1595783938	2.9999999999999996
1618451995	5.0
1879194783	4.0
0664227937	NaN
0399158154	NaN
0380780070	NaN
B00HJTZJCE	4.0
B004XMWP36	NaN
1477590072	NaN
B00GI0SUBW	NaN
B00DG9R4MY	3.0
1437702724	NaN
B00IBYWYOW	2.9999999999999996
B000R93D4Y	3.0
0743221990	NaN
