1451685173	5.0
B0075R4RAU	3.0
148018232X	4.0
B00BO0E772	3.0
1455548987	4.0
141855040X	5.0
1493522175	5.0
B00FMJI2WM	5.0
0373131860	3.0
B00I4ABC3W	4.0
0778315576	4.0
B00CV30XMO	5.0
159692361X	4.0
B0070XZZPA	3.0
1897562969	2.0
B00C8QJSWK	3.0
B00DFNI2S6	3.0
0786031972	4.0
0615672760	4.0
0805093079	1.0
1482596709	3.0
B00EN4AAFE	3.0
1941198910	3.0
0747264880	2.0
B00K1MNIRE	4.0
0373128207	3.0
0449219925	3.0
B00I4ZIZ9Q	4.0
037312869X	4.0
0425260666	4.0
0061491896	4.0
1455522368	2.0
149099792X	3.0
0449001709	4.0
B00HST8JTK	2.0
0778315584	3.0
031032789X	5.0
B00ENOV7L0	2.0
B00BFQANU0	5.0
149353985X	4.0
B00835TNWA	4.0
1483918777	5.0
0373732074	5.0
B0054E9A6C	5.0
B00K6ME9WC	4.0
B00BEO4NJA	3.0
0373297068	3.0
0062070231	2.0
147509552X	3.0
0778315592	3.1666666666666665
1490970444	3.0
0062244876	4.0
B0092MPO1M	3.0
0142411108	1.0
B00D2BUXYC	3.0
1494268744	5.0
1451642466	4.0
1612176933	3.0
0515151319	4.0
B00KQ4FVLS	3.0
0373527012	5.0
0373776918	3.0
B002E7ARKK	3.0
1402251718	5.0
0821773844	3.0
B004XTTT9M	4.0
1582343454	4.0
0451208315	2.0
0062075934	2.0
B00I28TY2C	4.0
B00JNHELLK	4.0
0689806590	5.0
B00E6SOAU8	3.0
1414324324	5.0
B00BFQDFZA	2.0
B00GSPUCTA	3.0
1560761164	3.0
1480011789	2.0
0515150460	3.0
B00DTGU750	4.0
B00CNKYU56	3.0
1481922726	4.0
B0062O8IN4	5.0
1451642458	3.0
0307341542	4.0
B00K08O4B8	1.0
B00DGFXDLO	2.0
B00BQWHLRG	4.0
0985643706	3.0
B004BDOUBM	1.0
1420106554	5.0
B00E8KN9VK	3.0
0425236595	3.0
0985511001	4.0
B0044XUZ72	4.0
B00LBHIVH0	4.0
1416503595	5.0
0312351623	4.0
B00AHIKYIS	4.0
0441018645	4.0
B00H1CF97E	4.0
0307452492	5.0
B00DJCFUS8	3.0
1490523103	3.0
1499611552	5.0
0142180289	3.0
1420106546	4.0
1419658840	5.0
B00KFUJX58	1.0
037373204X	5.0
B00DSR6JZC	4.0
0451203917	4.0
0310315476	4.0
0373178514	3.0
0451414667	5.0
0446568473	2.0
1416566740	5.0
B00G984VPW	4.0
0307460096	3.0
B005GYEF4M	1.0
B00FX7UKUA	4.0
B00DOFHHFO	3.0
B00GB9ZK54	4.0
1419965433	5.0
0263899403	3.0
B00B2IJRKS	4.0
B00I12RSMC	5.0
1480025984	4.0
1402271786	2.0
0062075950	3.0
B007K3D6UG	4.0
B00ASZN5KO	3.0
1477694919	3.0
B00HVMNJI0	4.0
098552300X	5.0
0446691097	5.0
B00AR5URC4	4.0
0615822991	5.0
0373129114	4.0
1493632639	1.0
1461001609	4.0
0142415995	4.0
0821773836	3.0
B00EZ8RBN2	3.0
141656103X	3.0
0373131895	4.0
0991641213	3.0
1401224733	5.0
1482788330	2.0
1896944981	5.0
1906931712	4.0
0373716885	4.0
0785825673	5.0
B00IU69PTI	3.0
1595549013	4.0
1939359007	4.0
0985432535	4.0
B00BJO26OY	4.0
B00HNEOAN4	1.0
0778316009	3.0
B00BDNOPIQ	1.0
B00ILK05HE	4.0
B0086VZVC2	2.0
B00FHOED2K	2.0
B00GH0E2TW	3.0
B00ATHWQ6K	4.0
B00F0SDBOY	4.0
148109873X	4.0
B008X4BCUW	4.0
B00HGJUNWI	1.0
0373131445	4.0
160154717X	3.0
0778300498	2.0
0988812517	5.0
038081790X	5.0
0980245389	4.0
B00GRY30J6	2.0
1493763121	4.0
0373118473	5.0
0373294867	3.0
0515131784	3.0
1439178232	3.0
1480125717	5.0
B004WSQNBG	4.0
0451150430	4.0
0373131437	4.0
B00FWG9F8A	3.0
B00IQOFSDG	5.0
0373770340	4.0
1482736276	5.0
1495972216	4.0
0373210728	5.0
0373129130	3.0
0373528779	2.3333333333333335
0451201701	3.0
B0087WZAIU	1.0
0451400011	4.0
B007RELMWM	2.0
0263140393	1.0
1477610804	3.0
B00H92DN9C	3.0
B00FCUWET8	4.0
1490425071	5.0
148009806X	2.0
1467980757	2.0
B00J6Z32HI	2.0
1492371289	2.0
1451642407	4.0
B005XD5IBA	2.0
B00HS6NJNO	4.0
1494724693	4.0
1499190433	3.0
0451227085	4.0
B0052ZAV9S	5.0
B00D8NMGNA	4.0
B00DTELN9G	2.0
0373297483	2.0
037352742X	3.0
0778312909	2.0
1494235439	3.0
0373297475	5.0
B00A9V24MM	4.0
0373129939	3.0
0451231503	3.0
1492168467	4.0
1908483091	3.0
B00APT8BDE	4.0
B00KIVANBW	3.0
0452287898	2.0
0373126441	2.0
0380708361	2.0
0985723505	4.0
1492375675	1.0
1492110221	4.0
B0040GJ6N2	3.0
0989146642	3.0
0373656610	2.0
0553525832	4.0
0345548019	2.0
0316608459	1.0
0373777388	4.0
0062315757	4.0
1490437029	4.0
142670870X	2.0
0373128614	4.0
0373210396	3.0
B00ICL9X0C	4.0
B004TRUYZG	2.0
B00GU460T0	4.0
0373129963	3.0
1481152718	5.0
B00A3MURRQ	3.0
B00B5XDXPA	4.0
B00C3NTO1S	4.0
B00BWV8AHQ	2.0
B00CLENB72	2.0
B005JSJX7E	3.0
B00J2ZVDK0	4.0
0939481561	5.0
1410455106	1.0
B00F6B5US0	3.0
B00DJF2862	4.0
0373210361	5.0
0992009111	4.0
B00CO3J65G	4.0
B00EO4WH2W	3.0
0373124287	3.0
1480161829	3.0
1492293296	4.0
B00C9Q4AGS	3.0
1938593103	4.0
0373129971	4.0
B00I54CPVA	4.0
B008O53WGC	3.0
B0094YDMUI	5.0
B00F7CH7Q6	2.0
B009LUCM2O	3.0
B00FUWKLHU	3.0
1493539493	4.0
1938710088	5.0
0615716474	1.0
B00FTP60FU	2.0
0756407575	5.0
B00CNTSVZM	3.0
B0088ETL96	4.0
037313181X	3.0
0373131828	4.0
B00BL6CDCA	2.0
0843945273	3.0
0340953950	5.0
B00CK51IRC	3.0
0373117523	4.0
147839708X	5.0
B00GKBHITE	2.0
B0092MPO6M	4.0
1469252317	5.0
0991066308	5.0
0821780514	3.0
B00HND9L66	3.0
B00DXXYZF2	3.0
0615824773	4.0
B00E4VDH2O	3.0
B007VEM96G	4.0
B00BCFZM00	3.0
140120919X	3.0
0345519515	5.0
B00GBHOG92	4.0
B00FQSM6S0	4.0
1495979237	3.0
0446606839	4.0
0778316084	4.0
B00DMKTEKC	4.0
B00GG5ILU4	4.0
1402258313	4.0
0373776012	5.0
1490998837	3.0
B00EGJ334Q	4.0
1449993974	3.0
1455547239	2.0
B00G2CU49M	4.0
0811859061	5.0
B00C4A6RLK	3.0
B00BFWI9BY	4.0
B002WEPD8Q	3.0
B009YP7HEY	1.0
B009FX1Z98	3.0
0425224511	5.0
0140437614	2.0
0944344585	3.0
B00HWDCZLK	4.0
098956410X	3.0
0352346930	2.0
B0073VC444	3.0
0615908837	4.0
B00I44JO5G	3.0
B00GQB7NCA	3.0
B004HD5WAE	4.0
0373131836	4.0
0373130988	3.0
B00KCJWX2C	2.0
B00BOG0DA6	1.0
0373885628	3.0
B00EW6J7G6	3.0
0373118880	4.0
0615832377	4.0
0312351666	5.0
B00BFUYHGW	2.0
0373618794	3.0
B0095VXTNU	3.0
B00ITTMGZG	3.0
067165831X	4.0
B00C6QUK3S	3.0
B00ENW9J9Y	3.0
0985544341	3.0
1439167516	4.0
1414348304	5.0
B00JZEW51E	3.0
B00E905C5A	2.0
0758208472	3.0
1470087049	5.0
0060753218	4.0
B00AQMG8GC	4.0
B0088IBDM0	5.0
0373658060	3.0
B00BJCBPIO	5.0
0451409310	4.0
B00BSJR0HI	3.0
0373510152	3.0
0515111317	2.0
0345533739	4.0
1401204651	4.0
1940041082	4.0
0615709222	2.0
B00DYEBOM2	4.0
B00AF62EZS	3.0
0990552608	3.0
1493670417	4.0
B00K48N6ZY	2.0
0988497476	2.0
0263898199	3.0
B00BSFFNTY	2.0
045123779X	5.0
B00BFQDGN6	4.0
0062021737	4.0
B007OMB11O	3.0
B00CTB6QP6	5.0
B00BG3ELWS	4.0
147931014X	3.0
B005OEMZE6	4.0
1492764167	4.666666666666667
1433523493	5.0
0385751605	3.0
1490559175	2.0
B00BFNJBC4	2.0
1595545409	5.0
B00DJHTV0Q	1.0
B009QBZVQW	3.0
1461162491	3.0
B006DJSRIO	2.0
1420126512	4.0
B00J3D2JS6	4.0
1491261870	3.0
B00JKTX9ZA	4.0
B00J4YMPVA	3.0
B00KWISN5E	5.0
0373132395	1.0
0991097416	3.0
B00G2CXN7C	3.0
1433526514	5.0
B00H4OB57M	2.0
1490347402	4.0
B00LEHSZXM	4.0
0061885681	5.0
B00BMFPT12	3.0
B0030MQJ82	3.0
B00BNETEHC	4.0
0373131089	4.0
1483933032	3.0
0451407598	5.0
0974624926	3.0
B00JRBN26M	3.0
B00A0ZQ1UI	2.0
1601542380	3.0
1939962323	3.5
1612187145	1.0
0140159940	4.0
0451469402	4.0
B009G7H7C2	3.0
0373131097	4.0
1933495146	5.0
0451416074	3.0
B00EA8Z45O	4.0
1451640714	2.0
0515126837	4.0
B00E9B0C6S	3.0
1492888095	5.0
0821777777	4.0
B00GIXEKIQ	4.0
1611941784	4.0
B00JA10320	3.0
0425218309	3.0
B0073999SU	5.0
B00B9MPGD4	2.0
1481896830	4.0
1451606818	5.0
1400166551	1.0
0061957917	5.0
1939962315	4.714285714285714
1490521844	4.0
B00FIWMEU4	4.0
0373247591	3.0
B00H7N8JRE	5.0
095728246X	3.0
1599952548	4.0
0821755951	4.0
0615720455	4.0
1493784870	4.0
B009GKU2DU	2.0
B00BSY6UAQ	4.0
1480126152	5.0
B00GQ75M6S	3.0
0615839878	4.0
B008IL48BK	4.0
B00EPF4GFQ	4.0
0345519477	4.833333333333333
1470042223	4.0
0425183181	2.0
0440222575	5.0
0373776403	4.0
1609288939	5.0
037377687X	3.0
1623420415	4.0
1455576506	5.0
0807583693	5.0
B003BEDV08	2.0
1477807373	1.0
0062065246	3.0
B00J1SP9FI	4.0
0843963522	2.0
1560851570	3.0
B002R2OF3W	4.0
B0076NLJ7C	4.0
0615785824	5.0
1494388588	3.0
B00GVFW2D6	4.0
1480232327	5.0
B00AJ8GEBM	2.0
0373618808	3.0
B0088I86TI	5.0
B00E7TQCLQ	4.0
B00FW1Z2CI	3.0
B00LDEWTMY	4.0
0373126530	3.0
B008H5IF02	3.0
1497403316	2.0
0373732414	4.0
1440564272	4.0
0892217049	4.0
B009SR5DTE	3.0
0373797370	3.0
0451408403	3.0
B00BSGL0T0	2.0
1611099080	3.0
1402278756	3.0
1601543271	3.0
0515134015	3.0
006162683X	1.0
1482750554	4.0
B00EASKOKO	2.0
1490436529	5.0
0440421330	5.0
1497598443	3.0
0373776446	2.0
0781445485	5.0
0345471016	5.0
0451216881	3.0
1477599177	5.0
0373236417	3.0
B005JT1UBA	4.0
1601547617	3.0
B00KAIALHE	4.0
B009UEVVP0	3.0
B004AYCUHI	4.0
1492338141	1.0
B00A0ZQKJK	1.0
006149190X	5.0
1477823859	3.0
B004RQD3YI	3.0
1478160586	5.0
0060755474	3.0
0976918544	4.0
0373731566	2.0
145210803X	3.0
B007HB899Y	4.0
0758266383	4.0
0803287615	5.0
B00FKERXXS	3.0
1591792576	5.0
0615609570	4.0
042521303X	5.0
1491802286	2.0
B00A0XQ9UW	3.0
0800733355	5.0
0988115123	5.0
0373128290	3.0
B00BDNBWLE	5.0
B009YP1GFK	4.0
1937216098	4.0
1939962382	2.0
1451685203	3.0
1463690029	5.0
B0055OPM4U	5.0
B0064F5QZ4	3.0
1495925927	3.0
078693817X	4.0
1477582312	4.0
0615908098	2.0
1490402713	3.0
1936305704	3.0
B00HK1XX8S	3.0
1938127463	4.0
1402251688	3.0
B00ECEA3Q6	3.0
B008IHTVCK	3.0
B00IXOP294	2.0
0996052917	3.0
0451215923	4.0
B007XL69GS	4.0
0316086959	5.0
B00AEG7G84	4.0
098889436X	3.0
0451164725	4.0
0061684287	5.0
1452664943	3.0
B00JTJQIYA	4.0
B00C14XX02	4.0
B006DLTA24	2.0
006228939X	3.0
144235948X	5.0
B008JHRMQ6	4.0
0425255700	5.0
B007CIMWZO	2.0
0988695375	4.0
B00AJQ32AK	3.0
0061583227	4.0
0992056012	4.0
0373132336	3.0
B00AXTM8G2	2.0
B0094OGM9G	4.0
B006V7WODC	3.0
0804177031	5.0
0758269048	4.0
0451212886	5.0
0373130163	4.0
B007KTEF9Q	4.0
1496029151	1.0
B009N8CCBU	2.0
B00IUM8WWS	4.0
0310205077	4.0
B0085WNIOU	2.0
B00KKS2TQU	4.0
0373119372	2.0
B009ERVHXO	4.0
0764209906	3.0
B00G5WYG02	2.0
B00B4II6F8	2.0
0985258659	5.0
1619210606	3.0
0060514051	3.0
B006JEQLH2	3.0
B00IMMIUVY	3.0
0451210212	3.0
B00ID0Y8OI	4.0
B0082JA57Y	1.0
006114343X	4.0
0373294778	3.0
1484842812	5.0
B009WIY354	3.0
0307595080	5.0
149352660X	3.0
B00JYXYNF2	3.0
B00ESKH614	3.0
1489568360	5.0
146379438X	2.0
B0042JSLQU	3.0
1469227878	5.0
1491264489	4.666666666666667
B00HDFLM1Q	3.0
0312668368	4.0
1494788373	3.0
B00BEQOTQA	2.0
0451233328	5.0
149494264X	4.0
0373132360	3.0
1937044475	3.0
0425259250	3.0
1605043370	4.0
0307589633	5.0
B00EAFDSU0	3.0
B008X2Q2J0	4.0
0989050882	2.0
1495405125	4.0
037317506X	3.0
0373131011	3.0
0451468953	3.0
B00DX73Z2M	4.0
0062289357	3.0
B008922XQU	4.0
0263189236	3.0
0345546679	1.0
B00951B2XE	5.0
0778326675	4.0
0451466780	3.0
0195181212	5.0
B00726SYAS	3.0
B00ANFOCAG	3.0
0062317458	5.0
0451410343	4.0
0373776837	3.0
1490922423	3.0
0373131046	5.0
0785228195	4.0
B00DPFKK6G	5.0
0785139796	4.0
B009KZGYN8	3.0
1478127163	3.0
1493654829	4.0
159523103X	3.0
0718001486	5.0
0373297858	4.0
0778315568	3.0
B004EYT536	4.0
1611941342	3.0
1480038423	3.0
B00814K01Q	4.0
0345483081	4.0
0988957302	4.0
1484920147	4.0
0778313387	4.0
037313102X	4.0
B005Z1CF2A	4.0
0821758160	5.0
0988365960	1.0
B00EPK7BQC	2.0
1494473259	1.0
0399157182	5.0
1934506907	5.0
B008Q7QRZG	3.0
0380772574	3.0
B00KBV5O40	3.0
0425263754	3.0
1492246859	1.0
B009084XDI	4.0
0312383304	2.0
194055991X	3.0
0373127006	3.0
1941145027	3.0
B00HDEEKJS	5.0
B00B0NCUOK	3.0
0373210418	4.0
0373130651	4.0
1426733879	3.0
1484141032	4.0
B006RDFDAQ	3.0
0310267153	4.0
0373096410	4.0
0451212703	4.0
B00HARTVRY	4.0
1597480436	2.0
1490398546	5.0
0345504968	5.0
B00BVV49RC	3.0
B00K9ODF7M	3.0
1495492850	2.0
B00B6AH1U0	2.0
0743418700	4.0
B006OT0NBW	3.0
0849901197	3.0
B0095VT3RG	4.0
0373127499	4.0
B0032YXH2E	5.0
1844157458	5.0
0761148574	5.0
0345535227	2.0
B00J0PKKUG	4.0
B00KQYD2KU	3.0
1480181595	4.0
0425236692	1.0
B00D9XSPJ8	3.0
B007BTR4I4	3.0
080186514X	5.0
B00B0Y58NO	3.0
B004MPRZ7A	4.0
B00BS3NLUO	3.0
B00HIBXKQK	4.0
0764228277	4.0
0446605824	3.0
0778327442	5.0
B00CFX3AOI	4.0
B00CK52XOE	2.0
0972458603	4.0
1480080896	4.0
1938857267	3.0
B008O53UZ0	3.0
0373131526	4.0
B00DUH3Q9C	3.0
0373207263	3.0
1479112232	5.0
0393066304	5.0
B004P5NYD6	4.0
B00LOY3PXK	2.0
1620151731	4.833333333333333
1482658143	4.0
1492714259	4.0
B00IGW2ZXY	1.0
141043382X	4.0
0062240129	3.0
B00GNRGP2G	4.0
B00G0J9C7M	2.0
0451463781	5.0
0786285915	3.0
1482349175	4.0
1477448616	2.0
1492817333	4.0
1470047551	4.0
0800734394	1.0
1463610068	4.0
1482030683	3.0
B00DEW3RP6	3.0
B00DVDB4HG	4.0
1611099447	1.0
0373131518	4.0
B002QX43T8	4.0
0374224242	4.0
0615964079	3.0
B003O2SGTI	3.0
1596916184	4.0
1478381000	4.0
0061375438	4.0
B00JDK2TI4	3.0
1492254398	3.1666666666666665
B00EQ88XX8	3.0
1491050977	4.0
B00HTBY05O	2.0
1620612925	4.0
0373885555	5.0
B006GWZWB8	3.0
1401200419	2.0
1611880211	5.0
B00G82TUM8	4.0
1582612706	1.0
0385343329	4.0
0979456304	4.0
0615822886	4.0
1586488430	5.0
0821768352	3.0
B00B6EZCXY	5.0
0062240196	4.0
0373131542	2.0
0977147460	5.0
1490589481	4.0
1402251653	3.0
0062265008	4.0
1495985636	4.0
B00ADVB4YC	4.0
0985115602	2.0
B005LPUINI	5.0
B00H1VK55Q	4.0
1455502413	5.0
161188067X	5.0
1623220300	3.0
B00G4QWWMI	3.0
B00BMTWXN0	2.0
0312605919	4.0
140120838X	4.0
0451230582	3.0
0786031425	5.0
B00EPM9EAQ	3.0
0316710628	5.0
B009429QS2	3.0
145168522X	4.0
B004XVM2Q2	4.0
0373123922	3.0
B009MQJ2JI	3.0
B00L4OEW4Q	3.0
1484007735	3.0
148120811X	3.0
1476751404	5.0
0615741932	5.0
156076340X	4.0
0857212044	3.0
0380821052	3.0
0307914208	5.0
1478295856	5.0
B00FGHYLD4	3.0
1466276983	4.0
1483966763	3.0
0061708704	3.0
B00E3D0U6O	5.0
1442488697	4.0
B0043GX2HU	3.0
B00E9BEHVO	4.0
1595548033	3.0
B00FRXNHVY	2.0
1401231136	5.0
0989311287	4.0
B00H8ZQAJK	4.0
B00F9B0PDC	5.0
0812984250	3.0
1490532137	1.0
037313021X	4.0
1499192975	2.0
B00GMPH6E0	4.0
0062255657	3.0
0373132409	3.0
B00EWVIA64	2.0
0615683576	3.0
0451218027	4.0
0345548124	3.0
B005HOQDV4	2.0
B009V2UKWQ	3.0
1416544623	5.0
006229086X	5.0
1908675209	4.0
1490568530	4.0
B0070Y03FG	3.0
1482088495	4.0
0307387437	5.0
B00AFYH7A2	5.0
0425259722	2.0
0373125224	3.0
1556525060	5.0
B00FZ4OFUC	4.0
0843962526	5.0
B009G9LJKG	4.0
1494312603	3.0
B00JORLSQ0	2.0
B005XZ151K	3.0
1480054542	3.0
0062244906	3.0
1495307352	4.0
1620610310	4.0
B00BFQM4V6	4.0
0739431234	5.0
075828716X	5.0
B00GMVJ5CK	5.0
B00H0EXA7Y	2.0
0345537009	3.0
0843962518	3.0
B00BFQDH5I	3.0
0671015184	4.0
1940652073	5.0
B00C2RVRHE	4.0
0373124384	4.0
B000XZKZKM	1.0
0986012513	4.0
B00APEYANY	3.0
B008A0OQ84	2.0
0060724501	1.0
1478706333	4.0
0373294077	4.0
0988020424	3.0
037329624X	4.0
1463539967	3.0
B00E2Q43W4	3.0
B00APEYAP2	2.0
0312373589	4.0
0380821060	2.0
0988909731	2.0
B009WV4IM4	4.0
0984924086	4.0
B00EIJ8FJM	3.0
044024577X	4.0
B003UBTYSA	4.0
0553591819	5.0
1601832230	3.1666666666666665
B00B93HNCK	1.0
1484843002	3.0
0451461991	4.0
B007X0FW6C	5.0
0743499573	4.0
1929613970	4.0
B009FCWF8O	5.0
B004HO6ATU	3.0
B00A9H95JQ	2.0
0785133380	4.0
0373732589	1.0
1477571086	5.0
B00K891J76	4.0
1468157248	3.0
B00FRTO27G	3.0
1481944835	4.0
037312788X	2.0
B00CU7FV6O	4.0
0758265360	5.0
1494374560	3.0
1619212471	4.0
B005G4Y97K	3.0
B004MPRZAW	5.0
B00IG9U70K	1.0
1489554408	4.0
B00CW44YIQ	4.0
0310257778	5.0
B00B77Y0AQ	3.0
1401209262	3.0
B00HTJJSSU	5.0
1463759800	2.0
B00H8ZL1M6	3.0
1475066228	4.0
B00EOC3FNY	4.0
0373773927	5.0
B0065KX8P8	2.0
0451206886	2.0
0380804514	4.0
B00AR8TPFQ	4.0
0373778376	5.0
0615441866	5.0
0393077829	5.0
0062034871	3.0
1482031124	3.0
B0058VAORA	3.0
B0090NKCXS	2.0
1484053699	5.0
B0095VONZS	4.0
1479352160	3.0
B00HJAA1J4	4.0
B00CQESIY8	5.0
0062272586	4.0
0373297165	4.0
0060531231	4.0
B00HQ8OWH6	4.0
B00BF6CA0Q	2.0
148409851X	3.0
0316127310	4.0
1452603804	3.0
B00DC7PXLY	4.0
037324469X	4.0
0373131941	3.0
1906931208	2.0
1420124005	5.0
0989063216	2.0
006213468X	4.0
0263194493	5.0
0380813017	5.0
0062252100	5.0
B00537SBX8	4.0
1467910538	4.0
B00GVK997I	2.0
B00DK42NR6	3.0
0373256205	3.0
1477691359	4.0
149031802X	4.0
037377611X	5.0
B00FAYYWNC	3.0
1939673054	3.0
B00D4FOLHQ	5.0
1401202209	5.0
1489591095	5.0
1611940834	4.0
B004Y6AFM4	4.0
B00FIL334Q	5.0
0373768524	3.0
0451461525	4.0
B00K2L63O4	3.0
B00F3CWTF4	2.0
1938404602	5.0
1453885684	5.0
B00ER9SWSW	2.0
1419970291	1.0
1420124013	4.0
1482797593	5.0
B00HYISJLS	5.0
0380813009	4.0
B00A45OXCC	4.0
B00JKUGXY8	5.0
B00G3A9SQ8	4.0
1614349177	5.0
B00I6SYS60	3.0
B00HP1JZ5I	3.0
B008EV1C9U	5.0
0816159475	4.0
0316126489	4.0
0505527197	3.0
0615823793	4.0
147816736X	5.0
0986070807	5.0
B00JMRL5RY	4.0
B00EN6LQYQ	4.0
B00ALC9OHC	3.0
1480002917	2.0
0765376199	1.0
1451698593	4.0
B00I89ZB3Q	4.0
0062100033	4.0
0385342063	4.0
1620610779	4.0
1495271684	4.0
1420128868	4.0
1597052671	4.0
1439175489	4.0
B009QO5V8W	4.0
B00L2SHKC0	3.0
1492785423	3.0
0373127472	4.0
0821777696	3.0
B00CNVN1IM	4.0
0373125291	5.0
1420129732	4.0
1410419592	1.0
0062100025	4.0
0062032658	3.0
B00FAH38DE	4.0
0373778333	2.0
B00DK42O66	4.0
B009ZDSF0A	4.0
B00BED271C	5.0
0842375376	2.0
0380817772	2.0
0263888029	4.0
0385341903	4.0
0373774397	4.0
0373778759	5.0
1489555803	4.0
0380780046	5.0
0373892306	4.0
B0082CA0Z8	5.0
B00B43LBKA	2.0
1601544650	2.0
1476730091	4.0
1475121598	5.0
1483945367	3.0
B00EWS0K3I	4.0
B004XVTPJ4	3.0
0802406262	4.0
0062031899	3.0
B009ABTDSU	3.0
B007PN2TTA	4.0
0373777434	3.0
0373776586	2.0
B00HPFT8VU	4.0
B00IKU6WOU	3.0
1477817255	5.0
1453763600	3.0
0263211053	3.0
0373777418	4.0
0393041832	5.0
1939328047	3.0
B00ATJB380	3.0
0615724965	3.0
B00H1VKZL0	4.0
B00G0PMDKO	3.0
0985607157	5.0
B00DKEE45K	4.0
B00CMY7028	3.0
0821766996	2.0
B0042P5FMM	4.0
0821766511	4.0
B005QBH3KS	3.0
B00EC51W5Q	2.0
0199829810	5.0
1941450008	4.0
0373297505	4.0
1573430811	2.0
B007HU7O5A	3.0
0671755331	3.0
0425265676	2.0
076145277X	5.0
1606841688	4.0
B00ICNBKN8	4.0
1401204759	5.0
B00G8OGIEO	3.0
080508925X	2.0
B006MMYSR6	2.0
B0054H1I7S	3.0
1846035112	4.0
B00ICBY4H4	3.0
B009JF5Y5I	4.0
1564147339	5.0
1490519637	3.0
B00AM4UJMS	4.0
0615756549	5.0
B00IA8ZDFQ	2.0
B00EVD47YC	4.0
0451410874	4.0
B0075VFMCI	4.0
0985607130	5.0
B004WLO5QS	3.0
1846035104	3.0
B00IDQCROU	4.0
B00A6057P2	4.0
B00FAY90KM	1.0
B007FEPNPQ	4.0
1939962439	3.5
0141800356	5.0
B00FSLF4NO	3.0
067102177X	3.0
B00AL2V30S	4.0
B00CPXT38A	2.0
B00HG3GX6Y	4.0
0373295340	4.0
0786266740	4.0
0312580193	1.0
B00E4V2VCG	3.0
B008BKT3UO	4.0
0312537409	1.0
0987526154	5.0
1450432077	3.0
B00KJ1E7ZO	2.0
1451666179	4.0
B0073WA12K	4.0
B004TXQVHA	3.0
0345534743	3.0
1402262272	4.0
B003SX1618	3.0
B00G8UKDQ2	4.0
B0088NH0MW	3.0
1620612542	4.0
0062082930	5.0
0307712508	4.0
1416994793	3.0
1455549002	4.0
B00F8FXG8U	4.0
0373776543	4.0
1494937115	3.0
0345483103	3.0
0989108171	4.0
B000ZKNRPK	4.0
B0031Y9CPG	4.0
0373161409	3.0
B00BK84CNW	5.0
1484949285	4.0
B00AFYBXEI	3.0
1482676060	5.0
149280584X	5.0
148265864X	3.0
1484105796	5.0
B00F93X85W	3.0
B003F77CVK	4.0
B00FCRGON8	5.0
B004LROPC2	2.0
0786930535	4.0
1495472418	2.0
1461085977	4.0
037312662X	3.0
0615752179	5.0
0062229818	4.0
1939203031	3.0
B00FCWAGNC	3.0
0373124473	4.0
0373125321	3.0
0451184653	5.0
1250001382	4.0
B00AM7C7GG	5.0
B00E2QS6SG	5.0
140031870X	3.0
0373774370	4.0
0062118196	3.0
0684853159	4.0
1939962404	3.0
0373768931	4.0
0263204731	4.0
0062068652	4.0
B00F1IG0OQ	3.0
B00G4DPF4I	3.0
1463537379	2.0
0988624524	3.0
B00ESV9MFG	3.0
0425266516	3.0
0764209140	5.0
B00ER52J58	4.0
1609365690	4.0
B00AHKGCD2	4.0
1595142576	3.0
1490952322	3.0
1402278632	2.0
0373128843	3.0
B00BL77PKO	3.0
0785130691	5.0
0312567243	4.0
0743464583	4.0
1250001390	3.0
0451406354	4.0
1463581033	4.0
1939328063	4.0
0062245074	3.0
1402263155	3.0
B00IO6Y02Q	3.0
B007P7HU5Y	4.0
0061129631	3.0
1940695295	3.0
B007V65SXA	4.0
0373127987	5.0
0373127502	4.0
0989982432	2.0
1476753164	4.333333333333333
1435732774	5.0
0373774796	5.0
0985865318	5.0
B00APEYBAQ	4.0
006223126X	2.0
B00BR1BGW2	2.0
0373131585	4.0
B003N2QV2I	3.0
B00GKBIRX0	4.0
B00FJ395EK	4.0
1605045632	5.0
0345408772	4.0
0451231066	5.0
B00BPDMVDU	3.0
0307407977	4.0
B00EFPO4RQ	2.0
149475861X	3.0
0451173538	3.0
0989982424	2.0
1934813362	3.0
B00EBRU0NK	4.0
B00BT0NGOC	2.0
0373797427	5.0
0692208879	2.0
0789747979	5.0
1606840789	3.0
B00K60M99E	3.0
0380820536	3.0
0758285426	4.0
B00C42U5WA	5.0
0615200621	2.0
1596986492	1.0
080419257X	3.5
0544217624	5.0
1937041034	5.0
1599987740	3.0
1481821628	4.0
B00IDFHIVS	4.0
0062231294	3.0
B00DTNV0YA	4.0
1940883121	4.0
193996248X	4.0
1489536213	4.0
B009ZYX7DE	3.0
1468008919	3.0
1440551901	2.0
178200629X	3.0
0061233005	3.0
B005KLVNFA	3.0
0446547573	5.0
1482792621	5.0
1456588672	2.0
0987243012	4.0
0991426738	5.0
B00J9OV8P4	2.0
1494875713	3.0
B009LTGHKI	3.0
0821763431	4.0
1599989921	4.0
1470019949	2.0
B00AZDI342	4.0
0373877528	3.0
B00B2M3NSG	1.0
037371422X	3.0
B00BB3KD0W	4.0
0061147931	2.0
0373036280	1.0
0843953284	3.0
0451412656	5.0
0987243020	5.0
B00C4BI4Q0	3.0
1402278608	3.0
B006IIX15O	1.0
B008AP7ESI	2.0
0062027794	4.0
B004UJD2CA	4.0
0062273949	4.0
B00G8GTRCW	3.0
1491291796	1.0
B00G4JYE8K	4.0
B00D4BFUXO	3.0
0991093313	3.0
1482576708	4.0
B007RMXPA6	3.0
0312360738	4.0
149538389X	5.0
B00E1MPQI4	4.0
0758234287	4.0
B005LI4B42	3.0
B00H5DODE4	4.0
0425258033	3.0
0007173687	5.0
0321832019	4.0
B0073VRQSS	4.0
0987243039	5.0
0991426711	4.0
B00AMPL2CI	4.0
0060732067	5.0
B008JI9EHU	4.0
B00BCN90DC	4.0
0380776820	4.0
0451195361	3.0
B00CIHLV6K	3.0
0373132484	4.0
0373797869	4.0
1500417483	5.0
B00FAZI5OS	4.0
026386667X	3.0
B007Q1YEQW	4.0
0062328220	3.0
0373131135	4.0
B0052XTW5O	4.0
1401209637	3.0
193885733X	3.0
B00KVNGR1M	5.0
0749958170	2.0
B009GNDXY2	4.0
1482640058	4.666666666666667
0615992501	4.0
B00DO5DAPK	3.0
0373237499	4.0
0373528140	4.0
B00D6LZBQS	4.0
B0015YEQCI	5.0
B009P4C5SC	2.0
B00DB3FR5G	3.0
B008C9YSQI	3.0
B007MF3NK0	3.0
0451214994	3.0
0985607165	5.0
0988937824	4.0
0062004662	3.0
037313200X	3.0
0578127725	4.0
B00K5Y8W7Y	2.0
0988851121	2.0
1481130331	5.0
B00CQWHYFE	5.0
006075737X	4.0
B00IHCNO88	3.0
031236427X	3.0
B00FAZP226	3.0
0449223515	2.0
0993702325	4.0
0380812983	4.0
0062225405	4.0
1580626955	4.0
B00BPJ87WS	3.0
0373776942	5.0
1489570993	2.0
1479327573	4.0
006125309X	3.0
1492236934	4.0
0307446298	4.0
0142429406	4.0
1478292881	5.0
0373132492	3.0
1420121324	3.0
0061921262	3.0
B00BNPJSTU	4.0
B00CJGUJKE	5.0
1492322083	3.0
0425164195	5.0
1494240173	2.0
0758226063	3.0
0989245314	4.0
B00GURKADY	3.0
1118061810	5.0
B00A6IF69Q	5.0
1420109855	2.0
0991732782	4.0
1451654669	1.0
1495200388	3.0
0451208579	4.0
B00A4FOB8S	2.0
B005Z1CU0M	4.0
B00C825F1W	2.0
148277304X	3.0
B006OAUTN8	4.0
1492175390	5.0
0989163377	4.0
B00E0OIUJ0	2.0
0449910067	4.0
B008UWBJB4	2.0
0764345575	4.0
B008LFI92M	3.0
1595553711	4.0
1469210711	4.0
B00DK42OHU	3.0
0989247988	5.0
0373796730	3.0
0312359322	3.0
B00L19SVQ4	3.0
B00563EYAS	3.0
0345328116	4.0
0615590586	5.0
1418550663	3.0
1401209319	2.0
1595142924	4.0
1623004977	4.0
1497322081	3.0
1491068116	2.0
0062089080	4.0
061588721X	5.0
B000W914MC	4.0
146798759X	3.0
0373129327	4.0
0989247953	3.5
B00A3C3Q0G	3.0
B00GAOIQ10	2.0
B008UYPFXA	4.0
B00JF9DIB0	1.0
0373717903	3.0
0061629758	1.0
B007ZT3452	4.0
0761140735	3.0
0451209885	4.0
1477654631	5.0
B0078IPM9Q	3.0
0451413121	5.0
B00IT4DH22	5.0
B0083ZDUV0	2.0
0989163393	2.0
1612184790	5.0
B00E7KPLQ2	4.0
B00AWJ8CAO	4.0
0393064476	4.0
0451217012	4.0
0312383436	2.0
0141439491	4.0
B00FQ134MY	5.0
0615657389	4.0
B00E4583GK	3.0
B00GG0OZ9A	4.0
0345510089	3.0
1466410485	3.0
1420103288	2.0
0062069039	5.0
B007ZHC8ZQ	4.0
0373618190	1.0
149290175X	4.0
1607379163	4.0
0385339143	3.0
0764229222	4.0
B002PHMLKI	3.0
1484818571	5.0
B007W7ZEK0	4.0
0778329526	1.0
0062242490	3.0
1939263077	3.0
0758226020	4.0
1497319714	4.0
B00CO7GIDU	4.0
1449946119	4.0
B00B565E68	3.0
B00FYZYEXK	4.0
0380822245	5.0
1490503749	3.0
B00IJI2RH4	3.0
0987330802	5.0
1476763526	5.0
B00A6ROZ12	4.0
0373295936	2.0
B007EZM98U	3.0
1402218966	4.0
B009HRF6RE	3.0
1402284853	3.0
0373129351	3.0
B00BAW3ZG8	3.0
0989416496	3.0
0802710581	5.0
B00G6N3IA4	5.0
B009N8WBXY	4.0
1490393188	3.0
B008VS9RA2	5.0
0307886158	4.0
1940099552	2.0
B00HCW0XCO	3.0
0307455742	5.0
B00186Z0XW	4.0
0373218478	3.0
1484029402	2.0
0451202805	4.0
1490487190	4.0
0425235459	4.0
0989247910	3.1666666666666665
0515151114	4.0
0385376111	3.0
0345527313	4.0
0062243322	3.0
0373131682	3.0
0385343663	5.0
1478273984	2.0
1477599738	3.0
B0088JJ74K	3.0
0062231340	3.0
0373131690	4.0
1492927945	4.0
1400068673	3.0
0373271506	2.0
1935171984	3.0
0451208595	3.0
B008IJ9DU8	4.0
1614130191	3.0
141854874X	5.0
B00FQ5TWJY	4.0
1402251505	4.0
0373131674	4.0
0989281000	4.0
1480032042	4.0
1432742132	4.0
0440216478	2.0
0062022342	2.0
1401222773	3.0
0373132522	3.0
B00F2I2GXY	4.0
0821758438	3.0
B00IFG18NE	3.0
1420130439	3.0
1453780874	3.0
B00J4Z0QC4	5.0
0373820534	4.0
B00FIWO9JS	4.0
1413306438	5.0
1490547738	3.0
B00F77FFMO	3.0
0062276220	2.0
B00K5Z4Z56	3.0
1492290378	3.0
1935171992	2.0
B00H7GA1YU	4.0
B00G2PJSOQ	4.0
0151013047	3.0
1771551070	5.0
0451210417	4.0
B00IECLA3C	3.0
161217678X	3.0
0062133292	5.0
0615530443	3.0
1426707622	3.0
0312605390	5.0
0615461344	4.0
0843961554	4.0
1467964409	4.0
B00BCFWJ7E	4.0
B00ILWA6WG	4.0
B00IDWDWJ8	4.0
1401223214	1.0
B00DXKHIIQ	3.0
0380769530	4.0
B00AX1ZBKU	4.0
1418548731	5.0
1631420038	5.0
B00FCRLDWA	4.0
0373770987	2.0
B00958I9BU	5.0
1461159490	4.0
1938352335	3.0
B00DXIFORA	4.0
1402271514	3.0
0373885849	2.0
0821777157	3.0
B009FEDS1A	3.0
0451461606	4.0
1620153424	5.0
1891279017	4.0
1419953656	5.0
B004OA5ZTS	4.0
B007BJTMQ6	3.0
0380769549	3.0
1608320340	1.0
B00BPB9L3U	4.0
B0098LSLLC	3.0
0440419603	5.0
0373125364	2.0
1482332450	3.0
B005M1OQJS	2.0
B00GGMWAGS	5.0
1491510706	4.0
0373297262	4.0
B00CB7NHC8	2.0
B0085MQTA0	4.0
0615377548	4.0
0316220221	4.0
0446401269	3.0
0373754051	2.0
0373770529	4.0
1935171941	3.0
1416995587	4.0
034552733X	2.0
1623006740	3.0
0307272605	4.0
078521898X	3.0
1490428305	4.0
B00GXBV0MM	4.0
B00B6JFKNG	1.0
1481861867	3.0
1563897989	3.0
B00F076TXA	4.0
0843961562	4.0
B00FW6FF16	4.0
0373137338	3.0
1492809438	2.0
074359679X	3.0
B0068SVA48	4.0
B00IICFV7O	4.0
0385535651	3.0
B0056372HA	4.0
B007UC0YWA	3.0
0451230442	3.0
B001CN47MG	4.0
0373297246	5.0
0310293723	3.0
0451207610	4.0
1480114480	4.0
B00CDB3NBC	4.0
1588204065	4.0
B00BFJY222	3.0
1433525801	5.0
B00BVXQS1U	3.0
B00K39M16E	4.0
0373210132	4.0
B00D01LJMO	1.0
1476731535	4.0
0062271377	5.0
B008UT76ZA	4.0
1595547916	1.0
B005Q13DU2	1.0
B006QZJ4BO	3.0
0989416402	5.0
B00JGYASWG	5.0
B007S0CWB0	3.0
0425138259	4.0
1402278578	3.0
B00EKJGRIG	3.0
1481999842	4.0
B0032C9946	2.0
B00FZ0FGDG	4.0
0373777590	3.0
0826311687	5.0
B00DCQKH66	3.0
B00FUTYLR4	3.5
1426753551	5.0
1578569893	4.0
1466220678	3.0
1607352567	5.0
1612177212	5.0
B00FCRLDR0	4.0
159691534X	4.0
0446574481	3.0
1466275391	4.0
1608611752	3.0
B00I44QYUO	3.0
1935142151	5.0
0373528957	4.0
B009Y95U5S	3.0
1490389571	3.0
0974457965	3.0
1476764468	2.0
B008XH1CC2	3.0
1477582916	3.0
B00C3GKOQE	5.0
0312357192	4.0
0345534921	4.0
1442362383	5.0
1493741969	3.0
0989416429	4.0
0373131607	4.0
0804176787	5.0
1477848851	5.0
0988301318	4.833333333333333
148275388X	4.0
0615566413	4.0
B00BF673VW	3.0
125004457X	3.0
B00JD223TW	4.0
B00KNKD7AC	2.0
1478179473	2.0
B00DGVFUJG	3.0
1491272201	3.0
B00FAZOWNQ	3.0
B00A2HK8YY	2.0
B00HFUAOWW	4.0
0451415329	4.0
148120646X	5.0
1611098831	4.0
B00D2ITVZC	3.0
B00EWZNC0E	3.0
0373297297	4.0
B00HY03FJM	3.0
1466384964	4.0
0226500624	5.0
0515134643	3.0
B008O4CV4W	4.0
0785228756	5.0
B00GN4LTWK	4.0
0373297289	2.0
B00AST1XJU	2.0
1492707872	5.0
1495927857	4.0
B00HOII46S	2.0
B007LT42F2	4.0
0451415337	5.0
0989501604	2.0
B00C2RXWQS	4.0
145169346X	4.0
0062297600	3.0
B00CL4NGPY	3.0
B00BBMN2R4	3.0
149236522X	4.0
B00AJQ34P8	2.0
B0030CML9S	2.0
B009K4MKOG	3.0
B00J1PNPPC	4.0
1494297523	5.0
B00ET7Q4OG	5.0
1482323567	5.0
B007AYPWPW	3.0
0802720854	4.0
B00BUAQAVC	4.0
142012322X	2.0
1420123238	3.0
0312575939	3.0
0062229907	4.0
B0062WBRXE	3.0
B00GLEX600	2.0
1771551402	4.0
1781846774	4.0
B00BPAAVDK	4.0
B004LGTJ3S	4.0
B00E7CW6ZE	3.0
1118002296	5.0
1250008964	2.0
0451238435	4.0
1482767171	1.0
1250029880	5.0
0062245171	2.0
B00HFUAODQ	1.0
0802798225	3.0
B00B7NIBEG	3.0
1496045823	4.0
0615516521	3.0
1490383700	4.0
0373294115	3.0
B00JII99PW	2.0
B004NBYBOS	3.0
B00H8XZS8Q	3.0
0373297629	3.0
0373124538	4.0
B00CVNQGQ6	3.0
1423148495	3.0
037329543X	4.0
1402278543	3.0
B00BCA1YHK	3.0
B00EX48V3C	4.0
0062107380	4.0
B00DMPL5FO	4.0
B00A2SCRR4	2.0
0451412702	4.0
0989674444	4.0
031601642X	5.0
B00CGFEI0U	3.0
B00BBS30ZW	3.0
149236875X	5.0
1402258909	4.0
B00CRQ99I4	4.0
0843941561	5.0
B005M65YYE	3.0
1940099048	2.0
0842377506	5.0
0345543793	3.0
1490439838	4.0
0373296320	3.0
B00EHHKJ1C	1.0
0399246177	3.0
0312605889	4.0
0440245478	4.0
B005UA0WUS	4.0
B00E8OQ9R2	4.0
B00K3698M2	4.0
1483912345	4.0
1491038357	5.0
0061963119	4.0
1938786688	1.3333333333333333
0252074343	4.0
0316211222	4.0
B006ZOSVFG	2.0
1477807594	4.0
1556527772	5.0
0451184963	4.0
B00D002DE8	3.0
B00JA47YRO	2.0
B0070Y370Y	4.0
B00BS3J7F2	1.0
B008EEM5QG	3.0
B00I7JK0FG	3.0
0373775385	5.0
B00AEH0JPU	4.0
1401216862	2.0
B008QYARFK	3.0
0373285698	4.0
1416567038	3.0
1934912352	2.0
B00A3MVBF8	3.0
B0058JZ6KC	3.0
1612177166	4.0
B00EBRKWEC	4.0
0615806716	4.0
0312361270	2.0
1492955949	4.0
031605609X	5.0
1492720321	3.0
1476754144	4.0
B00957UAMM	2.0
1480529699	5.0
B000UH5Z0I	3.0
B00FWSTTKM	2.0
1609366883	4.0
0060732105	3.0
B008G3GHIW	4.0
0380781220	4.0
0373774486	5.0
B00EBSOLFW	3.0
B00ADXI7B8	4.0
1402264348	3.0
B00IRJ41R4	3.0
0373730489	5.0
B00BRL42B4	4.0
051513421X	3.0
1492772844	3.0
B00CNWGCNW	3.0
0515146234	5.0
1401204473	4.0
B00FX2Y58S	4.0
0060898917	3.0
1939786096	5.0
B00B8ZR41E	3.0
B009LX9GES	4.0
1492121185	5.0
B007PH8GU2	3.0
1475252757	3.0
0988273632	5.0
080544873X	5.0
1490940499	4.0
1557509883	5.0
1493761978	5.0
B005OC5QXK	2.0
0380795833	4.0
B00KWMA70E	5.0
B0032UDUA2	5.0
0060746769	5.0
B0094VD7JW	4.0
B00K9NWRHW	5.0
1573244619	3.0
B00EJ32J2Q	2.0
B008AL1SVQ	3.0
1402278519	5.0
1495476901	1.0
1493659456	3.0
B007E2WW6W	3.0
1611189837	5.0
B005Z73J5Q	4.0
1599905108	3.0
B00DCBMEQW	4.0
B007TX62R6	4.0
1620152193	3.0
B00I481H7A	3.0
0786027622	5.0
0988695103	4.0
1495377466	3.0
0985726717	1.0
1479245712	3.0
0345308077	3.0
0307744434	5.0
1592797849	3.0
0373297203	2.0
B005LQ99U0	4.0
B00FLKZG3A	4.0
B006SRTWOE	3.0
0615885942	4.0
B008YRVG6S	3.0
0740779915	5.0
0373128959	4.0
B00I52PPT6	2.0
0373776675	4.0
0615953670	3.0
B005C1AMK0	4.0
1452663874	3.0
0062219278	4.0
0373793197	4.0
0373770073	3.0
140632132X	3.0
0312359837	4.0
1484967887	3.0
1402264771	4.0
B002LUHZ0K	5.0
0800719298	5.0
1612184731	3.0
B00BS7YY8S	5.0
0062028529	3.0
0380808307	3.0
B00FWEG7OW	3.0
0983524092	4.0
0399148442	5.0
1482655861	4.0
B005FSIQI0	3.0
0425217639	3.0
B00CIAD6UQ	3.0
1484861388	4.0
B00BRQ5MFE	2.0
1250009898	2.0
1490965386	2.0
1619354179	3.0
1478277556	4.0
1492806862	5.0
B00KO0G82A	4.0
1442485256	3.0
B00C5J1KPI	4.0
B009QNY9FO	3.0
0373742827	3.0
B00AY7OZMI	3.0
B00CIAN7ZU	3.0
B00GJCNLWC	3.0
1405914076	4.0
0762740671	5.0
0778324214	3.0
B0055V3R1I	4.0
B005M2QPWS	3.0
B005Q0B4ZY	2.0
B004MDLTD8	3.0
B00AMV06W4	3.0
B00B0NOTTE	1.0
097656680X	4.0
B00GBQUI7C	4.0
0373132573	3.0
B00KPEW1XA	2.0
0062197258	4.0
B00GNQ3DW2	4.0
B00I4ZJAMC	4.0
1402286589	3.0
0307729249	5.0
1481912755	4.0
098146193X	5.0
1938511018	4.0
1476755094	5.0
B00GAFBZGM	3.0
1941098126	2.0
B006OP8PCA	4.0
1605292621	5.0
B00HWI04XQ	3.0
1497310598	2.0
B00FHIZMP8	3.0
B006JR6G56	3.0
0778313107	4.0
B00KGREQZW	5.0
0156005492	4.0
B00FLM575K	4.0
1490495282	5.0
B00APPO6KU	5.0
B00DOPN3Q6	3.0
0983524068	5.0
0671737821	4.0
B00AZR2ZVK	2.0
1420100963	1.0
B00HY03FVU	4.0
1476761779	4.0
1483983951	3.0
014241882X	4.0
0373795378	2.0
0615887767	5.0
B00IIUBPHG	3.0
1619493233	5.0
B00JK2Y532	2.0
B008O55NAU	3.0
B007SXANNQ	4.0
1490412727	4.0
0811864278	5.0
1455546925	1.0
B009WQ4OUU	3.0
B005F0WRAQ	3.0
037374286X	3.0
0985352000	2.0
B00JX9ILWS	5.0
0195159543	1.0
0824519957	5.0
1489555293	1.0
B00CA6YYIQ	3.0
1612184774	4.0
B00K5Y821A	3.0
1416516115	4.0
0373656483	3.0
0373774869	2.0
1468118137	3.0
0425264831	2.0
1482015560	3.0
0373295898	3.0
0062222473	4.0
1440557373	2.0
0385324081	3.0
1402264747	4.0
B00EFKOFLQ	2.0
B004S7AYTI	4.0
1483919382	2.0
0615935834	1.0
1481839020	4.0
B008GYLGBE	1.0
1612184782	4.0
B005E8AMCY	3.0
B009YAQOC0	3.0
1601630344	4.0
1470008955	3.0
0373125828	3.0
1612186963	4.0
0803499949	4.0
B007TNUULA	5.0
0373120133	4.0
0988761955	4.0
B00D7WKQRA	3.0
1402270186	3.0
0312375042	3.0
B00E6EG2O4	4.0
B00DAIUG08	3.0
0451222458	4.0
B00D7FX65G	5.0
0062202413	3.0
B00D54THLQ	3.0
1927461065	3.0
0615652581	5.0
0988761963	4.0
0345275136	3.8333333333333335
B00GY5W7BA	1.0
0062049895	4.0
0399152970	4.0
B009XLK3VS	4.0
B005TOWI7K	3.0
1400032687	5.0
B00769KFS0	4.0
B004S81YHI	4.0
B00GGR6U64	3.0
0399159126	4.0
1937178196	5.0
B00APIVR1S	4.0
B00E3C2O7S	3.0
1250016126	2.0
161614405X	5.0
B00BQMOHNC	3.0
1402273223	2.0
B006T1X19Q	4.0
0373527160	3.0
B00BCNE2HG	3.0
B00I93MJ22	4.0
0312605862	4.0
0373123671	4.0
098969710X	5.0
B00IDHI2KC	1.0
B00ADF4I9G	4.0
B00KP8AGRE	4.0
B00EMTDL4C	3.0
0307378217	5.0
0263878309	3.0
1484116372	1.0
0385338252	5.0
0373131283	3.0
0451199618	4.0
0373123663	2.0
B008V9Y648	4.0
B00CWEQ0K6	4.0
0061349496	4.0
0451173007	4.0
1416575987	1.0
1781767734	5.0
0373124996	4.0
B008WDTBOI	3.0
0380708892	5.0
0373277350	4.0
0805090916	5.0
B00DP8R3P4	3.0
1452645493	3.0
1496139542	4.0
1480276855	5.0
B009A21KSK	4.0
140226383X	5.0
0061985848	4.0
B004K1FIB6	4.0
1480259039	5.0
098488789X	5.0
0373129432	2.0
0805083375	3.0
B0038089T8	3.0
0263883361	3.0
0451218248	4.0
B007RXN5SC	3.0
B00IM1TT24	4.0
1414349971	5.0
1451698380	3.0
1477653678	3.0
1628301686	4.0
0061456772	4.0
B007NXKA0W	5.0
B00HETD1CO	2.0
0671003364	5.0
1250012651	4.0
0988707489	1.0
1492108421	2.0
1494289105	4.0
1402263864	2.0
B005JFMPYU	2.0
0373775946	3.0
1491055189	2.0
B005CRQ4RY	3.0
B0079MLWSQ	4.0
0395070902	5.0
0425235130	4.0
149377767X	4.0
1481207474	4.0
B008EKMC0O	4.0
B008ELI4E6	4.0
1477593039	3.0
B008PGB4BU	1.0
B00J48G2G0	3.0
B00ID8MA0Y	4.0
B00H0V069M	5.0
B00J2CJVI4	3.0
1451645821	5.0
B004K1FICU	4.0
1402258461	3.0
B00HSWMSSK	4.0
B00FGFYIS4	5.0
B00A13UOVG	3.0
1481901907	4.0
0778326381	5.0
0062122908	4.0
B007BDL8XM	4.0
B002GJRZOM	4.0
1493548670	2.0
0373131755	4.0
1490909265	3.0
0764209744	5.0
1481047272	3.0
B00A26WCI0	4.0
0345397053	5.0
B006NPVTE2	4.0
1250035333	4.0
B00BKRMEJM	3.0
1494919656	3.0
1482318687	4.0
0373774613	1.0
B00IZGQ1HM	3.0
B007VG8ZU8	4.0
006097625X	5.0
061566069X	3.0
B00I44QW9M	4.0
1492910368	2.0
0373127286	3.0
0983735913	5.0
B006G0DFY6	3.0
B00DV1ISZO	3.0
B00436F00W	3.0
1466398167	5.0
1583145923	5.0
B0099THKBU	4.0
0985575816	3.0
1483975495	3.0
1470187671	4.0
B008UUIGB2	4.0
0987867318	3.0
0805096663	5.0
B00CC68G8S	3.0
1402263805	4.0
0983274762	2.0
0991379632	5.0
0983752001	4.0
0062219340	3.0
B00G0KFXF6	3.0
B004C44ONY	2.0
B00KK4DORC	4.0
B00BEXR2EE	4.0
0373129475	4.0
0385496958	5.0
0373131771	4.0
B00GCG7NP6	3.0
0671617087	4.0
B00BFQAN7S	3.0
0989104478	3.0
B007ZF9KLI	5.0
0451464877	5.0
0441016367	5.0
B00DYPA5ZS	3.0
B003I84LYW	5.0
162322053X	4.0
0263877957	5.0
1401688365	4.0
B009POGEIY	4.0
045123166X	5.0
B008DBJHZC	2.0
B00GH2UEMO	3.0
B0056HG95W	3.0
037375504X	3.0
1479114693	4.0
0615771106	5.0
162253431X	5.0
1940574021	4.0
B00HIUYT8O	4.0
B009K9A0EI	4.0
1595944818	3.0
0373129483	4.0
0758209827	2.0
B00989J3PM	4.0
147825954X	4.0
B0087QK9AA	3.0
0987534351	4.0
1476763623	2.0
0982589409	5.0
1496025792	4.0
1494469170	3.0
B00GWFPRW8	4.0
B00BFZS84Y	4.0
0451229371	4.0
B00C4G79F2	2.0
B005F0WR88	4.0
0062034669	2.0
1402270127	3.0
0848731735	5.0
1490947558	3.0
0615723055	3.0
0062267884	5.0
1481859242	4.0
B00G8BHJB8	3.0
037313178X	4.0
B00BL09E6O	5.0
0373131798	2.1666666666666665
0615866646	5.0
1599987953	4.0
1600599265	5.0
0966107292	5.0
0615723063	4.0
0553444867	3.0
0312549261	3.0
B007NUVFN6	4.0
B00FIL6SRA	3.0
0373294735	2.0
1423143388	3.0
0373239017	4.0
B00AA0VB8U	4.0
1419956620	3.0
B00EPX77YK	4.0
B00C8A8IIG	1.0
0985148330	4.0
B00HGI1FP8	2.0
0373733208	2.0
B00KOSOX2O	3.5
B00APEXMJM	5.0
1479218685	2.0
B00DK8AQ94	4.0
045123958X	4.0
0373123280	4.0
1402268696	5.0
B00BMGA0QU	5.0
0263868141	4.0
0373296029	4.0
1492101400	4.0
1938618033	4.0
1402258402	3.0
0312549253	3.0
0345543939	4.0
1909306800	2.0
0141330554	5.0
B00A9V2X3C	5.0
0992106818	4.0
1939820227	4.0
1480230219	4.0
1250003792	5.0
0062273248	1.0
B004NNVDK6	3.0
B00ENVYVHA	4.0
0312981554	4.0
B00785X18S	3.0
1440555702	3.0
1927560020	1.0
0843948469	5.0
B009I41WB0	3.0
0373297343	2.0
0615822207	2.0
B00AF62F20	3.0
B0061EKDB0	3.0
148398348X	4.0
0505528223	4.0
0754048772	2.0
0373881355	4.0
1481208721	4.0
0393088774	5.0
0373125003	5.0
1611097894	4.0
1402245556	2.0
1482332574	4.0
B00APEXMHE	4.0
081184823X	5.0
038079263X	2.0
B00KY1FBEU	4.0
037329736X	3.0
B00J8OVF62	4.0
1620610574	4.0
0778316173	3.0
1453669973	4.0
0385378688	1.0
B005ORMBZ6	4.0
B009H516LG	2.0
1494436698	3.0
1478355395	3.0
1478357576	3.0
0380776162	4.0
1492740357	4.5
1933563494	4.0
1497592380	2.0
1476756503	5.0
0816626219	2.0
B00BY8QIVW	5.0
0345517679	3.0
1482782294	4.0
B00GQP08AU	3.0
0451207971	4.0
1482773341	5.0
0316219347	3.0
B00ANAXZPY	4.0
B00H2JHRQC	4.0
1846850460	2.0
1420118803	3.0
0380811073	5.0
0373618646	2.0
0380792621	3.0
B00835RNJ0	4.0
0062202073	4.0
B00FK1ZRXY	3.0
037370609X	4.0
1439258376	5.0
B00BYHCSQ2	3.0
0345517695	5.0
0375859551	3.0
B00D7GHT30	3.0
B00KM0YGV2	2.0
B00JYYM6NC	1.0
0986023833	3.0
B00G16EIVY	4.0
1494807017	3.0
1442365560	5.0
B00DK43OPQ	3.0
B0056VB09S	3.0
B000OT7TOM	4.0
0373210221	3.0
1401310915	5.0
1492372080	4.0
B00I6ZJ6GK	3.0
0821776142	4.0
037313083X	3.0
0061234923	5.0
1402268661	3.0
0143038419	1.0
0743294602	5.0
B006VJN29A	4.0
0547330081	4.0
B00CD7IFPA	5.0
0425270734	2.0
1492111228	4.0
1494331101	4.0
B00H0R8AFS	3.0
B003NSC5YK	4.0
1433530457	5.0
1416978933	4.0
B00C4BA44K	3.0
1492388416	3.0
160684220X	4.0
0987803751	4.0
0373618662	4.0
0470640189	4.0
1569244537	3.0
1467998796	5.0
B00A159B1I	2.0
1484040112	3.0
B00H6DAPH2	4.0
0992106834	2.0
1494714361	1.0
0786006676	2.0
1933963948	4.0
0373442556	3.0
1481118919	4.0
B00KI9H1FU	2.0
B00J8N6SIS	5.0
0451170644	4.0
B009YMFSDO	5.0
B00JIV2YA6	5.0
1466498781	4.0
B007VP627W	1.0
B00D89OGDC	2.1666666666666665
0373131712	4.0
1493643274	4.0
0984325662	3.0
B00BFGMFX8	3.0
B004PGO2A4	2.0
B009Y89HJE	4.0
B0096CG1FQ	2.0
B004PYDSAQ	3.0
1622370171	5.0
B00IZPSOYQ	3.0
0988218208	4.0
B00C8HYCU2	3.0
1484890450	4.0
0425268888	5.0
0141331879	4.0
1484909917	1.0
1476732027	3.0
0373618727	5.0
1490506535	3.0
1118615956	4.0
B00IK9XLZ4	5.0
0373795092	4.0
B005LKMR64	3.0
0989776018	5.0
B00FVVJHS4	4.0
0451212150	2.0
140226206X	1.0
161212058X	5.0
0743296435	5.0
B00CCRTFSC	3.0
B00AYEBNBW	3.0
0988179504	5.0
0758274947	5.0
1424130492	3.0
B00HYJXLQ0	2.0
1463768591	3.0
0975363506	3.0
1935711253	5.0
0373777671	5.0
0983797870	4.0
1480568503	4.0
0373123795	4.0
0373124643	4.0
0446584355	4.0
1608860159	3.0
0755304853	2.0
1484055268	3.0
B00KR2HUQS	3.0
B00631VUB8	4.0
1940695082	3.0
B008T0YW0W	3.0
0671735934	4.0
0425251276	5.0
0778313840	3.0
B00FB15UZS	4.0
193721611X	3.0
1567184561	5.0
B007IVP7HU	4.0
B00629ZTOU	3.0
B00ED3FAO6	4.0
0991192818	3.0
B00F9WQWCY	2.0
B0095B56JU	3.0
B0066HBGCM	3.0
0985447141	5.0
1492216690	4.0
1402268637	3.3333333333333335
B00CTE71XE	4.0
1499607997	3.0
B00KYFNFW6	5.0
B00BTMGBD8	3.0
1481032585	1.0
B00GIWXQZA	3.0
B00BCQCBJE	2.0
1606840592	5.0
0739374532	4.0
0451467582	4.0
1496112512	2.0
B00E3YCDQI	4.0
1478347813	4.0
B001J1S7Z4	3.0
0505524279	4.0
1490541322	4.0
1402269978	4.0
0373124201	4.0
0451214781	3.0
0263891429	3.0
0316067954	3.0
1484977939	4.0
0230338844	3.0
B00CKVCZG4	4.0
0465036562	5.0
0451460936	4.0
0312534140	2.0
076733275X	4.0
1489538224	4.0
B00IBHSZ4M	2.0
B00GPDSTZO	4.0
B00ALD1DIE	4.0
0671865080	2.0
037352790X	4.0
1495319083	4.0
B00G0TI2I2	3.0
0615714951	4.0
0373297769	3.0
B006RAMY9W	4.0
1420114840	4.0
1481904671	2.0
1477509402	4.0
B00H02G9LA	3.0
1591843014	5.0
162830118X	4.0
1497511054	3.0
1476755590	5.0
1560852305	1.0
1480588032	3.0
1492221600	4.0
1492255874	4.0
0062019503	3.0
0857386549	4.0
0307457117	5.0
149742108X	5.0
B00FY8MAW4	3.0
B00D8T3GQU	5.0
0983074100	3.0
1419950509	5.0
B00BAT1S8S	4.0
B008VTIJUU	2.0
B00KVT8U4S	4.0
1401204589	4.0
0062326201	4.0
0385347022	3.0
0425251233	2.0
1893036081	5.0
1484807944	5.0
0983212546	4.0
1477589031	4.0
0615517773	4.0
0615903797	1.0
1477818375	3.0
0373777647	4.0
0373210159	3.0
B00A6KQUIK	3.0
125005236X	4.0
1492287881	4.0
0425232980	5.0
0441013686	3.0
1492159204	3.0
0743296419	5.0
0062072900	4.666666666666667
B002C04RZU	4.0
B009S89D94	3.0
B00ALTVIJM	3.0
B00JW1CCQS	2.0
B00LBSDE0S	2.0
0061798940	3.0
1484021479	3.0
0312373392	2.0
1476776016	5.0
1482309424	4.0
0778315606	3.0
1609280075	4.0
B005GFB210	3.0
B009NXLYIM	5.0
0979886996	3.0
0821778706	5.0
B009SYT7TY	4.0
B00BQKNK78	4.0
1402285167	4.0
B008ZR7OPO	4.0
B00BW73VVU	3.0
1477807276	4.0
0812979117	3.0
0373297327	5.0
0988348209	5.0
B003Z6QLA4	5.0
B00H7K5UB0	3.0
076617073X	5.0
B0091E9XHW	3.0
0380783398	3.0
B00GDHZCUC	5.0
B00EXTVSHI	3.0
0263889998	3.0
0373129025	5.0
B00BZPJRRG	5.0
B00I6SZ6M0	4.0
0425251209	5.0
1499105878	5.0
B0042P5I9W	4.0
0062236733	3.0
1580052533	5.0
B003ATPR3I	2.0
0062072927	3.0
1402270097	3.0
0373130007	4.0
1481960741	4.0
B009OZN6DA	4.0
1480197661	5.0
B00EN0TSGU	3.0
0132361329	4.0
B00I3KRXHW	4.0
B00BJ8INII	5.0
B004JF689E	2.0
149617707X	5.0
1601545339	3.0
055329430X	5.0
B00EJ27LV6	3.0
B006KA0W5C	4.0
B00ALTVJ8C	3.0
B00BR3AT9G	3.0
0061579092	4.0
0373125909	4.0
0805425551	5.0
B0094WNONK	4.0
B00ALTVJ8W	3.0
B00KTI9R6Q	4.0
B004P1IXZE	3.0
B004O6MUTK	2.0
B0070Y31PA	3.0
B00D7OFBBY	2.0
1401684882	4.0
0345535871	4.0
0062223879	5.0
0425229734	3.0
1451660278	3.0
B006KDUPH4	3.0
0785162844	3.0
146815477X	3.0
B0099GXVES	3.0
0345533232	5.0
B009N1XUJ0	2.0
1601548877	3.0
B0081KZD7G	4.0
0316206849	5.0
0743471083	4.0
0982587309	4.0
1462112102	4.0
0786171308	3.0
B009YLFHXG	2.0
0373132220	4.0
1601549725	5.0
1492847062	4.0
B00BJWZI6E	2.0
1416978461	2.0
1463748124	2.0
0758269161	2.0
0373534612	5.0
0373776764	1.0
B00E9GQQ9K	3.0
B004CFBINC	4.0
1476725365	4.0
B00D3P9ECE	3.0
0615806627	3.0
B001VLXML6	3.0
0373774583	4.0
B00GL6AZE8	4.0
B008L46R7C	3.0
1496088018	3.0
0451467965	5.0
B00HMXLW9Q	3.0
B00AHEW69M	3.0
037313049X	4.0
B00805366C	2.8333333333333335
0312534531	1.0
1927404177	4.0
B0081946OS	4.0
B0077TPK5M	3.0
B00G7RPZYQ	2.0
0425233804	2.0
1300204680	3.0
0310335108	4.0
148021468X	1.0
037312905X	3.0
1490504796	4.0
B0040GJ6ZU	2.0
1480133647	3.0
B00E3KE91Y	2.0
0451408381	4.0
B00J44MRA4	3.0
B00J9YWGTQ	1.0
0451466667	5.0
B00K7CZ1T6	4.0
1250002095	3.0
B00H3P80UC	4.0
0987516590	4.0
B00H0KDWEY	5.0
160142034X	5.0
B00ANN30R4	4.0
1482027658	5.0
0263882918	4.0
B00HY0NYRA	4.0
B00G5QOASQ	4.0
B000OT8GBC	4.0
098379782X	4.0
162902869X	5.0
0615779484	3.0
1440581584	3.0
098911063X	3.0
0310315506	4.0
0985343419	4.0
B00GGRBCNU	3.0
B00BAT1SB0	3.0
014241980X	4.0
1935171690	3.0
0252078640	4.0
B00DYA6OAS	3.0
0671537466	3.0
0738713708	4.0
1467060496	5.0
B009CWWFB4	4.0
0199731705	5.0
149421055X	5.0
1493600915	4.833333333333333
0451201450	4.0
B00GP0SB8W	4.0
B00I7SY10C	4.0
1499556306	1.0
0988348268	5.0
B00IOV8JTG	4.0
0505527731	4.0
B004WSQE9M	4.0
B00BNDPQVG	3.0
B0093MU7QS	1.0
1481933132	4.0
B008GTHB36	3.0
0983321620	5.0
B008195BIS	3.0
B00BR2PQJU	4.0
1491091673	3.0
0802722989	4.0
B00FDXPUYU	4.0
1492373877	3.0
0843943661	4.0
1484908163	5.0
B00JHP9BM2	2.0
0373132263	3.0
B004Q7CQEG	3.0
B00AILH720	5.0
0425224074	4.0
0380794470	4.0
B009GW3KNC	4.0
0821761455	4.0
B00FJOB53I	3.0
1478153768	4.0
0373774524	3.0
1612172660	4.0
B0057QO8Q4	3.0
B00C8OZB7I	3.0
1401222811	1.0
B00HUHVI5M	4.0
0451407040	3.0
B00GXEP05W	4.0
B00ICAU4F6	4.0
B00JPHFT5U	4.0
0160730848	4.0
B00IWAATKG	3.0
0451201426	3.0
B0067MSQEC	5.0
B00CMU1IN4	4.0
1494358220	4.0
1568586442	5.0
B00LD6IYUS	3.0
0061351202	3.0
B00GNA1DFC	4.0
1477695060	4.0
0373294212	3.0
1477502378	3.0
1483914836	4.0
B00EBEFDXA	4.0
B00HDDLONY	4.0
B00BH0VTQG	3.0
B004Q7CQFA	4.0
