0385528701	4.333333333333333
0061768944	5.0
0743281616	5.0
0749319747	2.0
0312429509	5.0
0805096582	4.0
0060591854	4.0
B009MYCOYK	4.0
0061857653	5.0
0061824739	5.0
1936688360	5.0
0373970803	3.0
1419956515	3.0
0143039660	4.0
1590513010	5.0
0061474096	3.0
1596916095	5.0
0446577391	4.5
0312597053	5.0
0812972597	3.0
034552795X	4.0
014311638X	3.0
1476704589	5.0
0765305526	3.0
1608320502	5.0
0615638864	5.0
055380653X	4.0
0307377946	4.0
0307946592	5.0
0425235246	5.0
045120879X	5.0
015100692X	4.75
0061567159	3.0
0061730327	3.0
0449006158	5.0
1118345878	4.0
0974524603	4.0
0345502655	5.0
0802138578	4.0
1590136470	5.0
0842361715	5.0
B00I8P1OAO	5.0
1423410866	5.0
0061148717	5.0
0471748099	5.0
B00BRKW85M	4.0
037541486X	4.0
0812975618	3.0
0393239756	5.0
0307957233	4.0
0330493310	5.0
0312614926	5.0
1118435893	5.0
0743281632	5.0
0385349173	5.0
1250038944	4.0
B00CMV4N7Q	3.0
037543318X	3.0
1606995359	5.0
B00B4LC3DG	3.0
0002007770	4.333333333333333
0230614000	4.0
0312429533	3.0
0451212800	4.0
0374180660	5.0
0062049607	5.0
0312875584	4.0
B00A10IV3W	3.0
1455522384	4.0
0987462075	1.0
0865478015	4.0
014311767X	3.0
0312381018	5.0
0002550938	1.0
0307704254	3.5
0142003816	5.0
0345502639	3.0
0061257095	3.0
0802139884	4.0
0439136350	5.0
0312429541	5.0
1568989970	3.0
0373002211	3.0
0743458036	5.0
1616263644	4.0
0425154114	2.0
0812975634	4.0
0062276026	3.0
0195181239	5.0
0743281640	4.0
0425233499	5.0
158005191X	4.0
1463500343	2.0
1439192561	3.0
0312867972	4.0
161218412X	5.0
0099448572	3.0
1937387828	1.0
0452286913	2.0
0060539232	3.0
030795062X	3.0
1568812388	4.0
0824947932	2.0
0446348325	5.0
0312867964	4.0
B00DVPNXEG	3.0
055380782X	5.0
0312655460	4.0
1595552669	5.0
0061714283	5.0
0156013231	5.0
0770107559	4.0
0143115006	5.0
0451465849	3.0
1452854343	1.0
0811866629	4.0
B00FDUKUUW	3.0
1603202412	5.0
014303703X	5.0
0312428227	3.0
0312428235	5.0
0787973653	5.0
1594487294	4.0
0618340785	4.0
0974524646	4.0
0988060809	3.5
1434614581	3.0
0786891424	5.0
0312655452	4.5
0307957276	3.0
0544104714	5.0
B00F3NBMSI	3.0
0060509406	4.0
1492874248	4.0
0765325128	3.0
1434764214	3.0
0312655479	4.5
0061857637	3.0
B00BAWAU5W	5.0
1468306871	3.0
0763647594	5.0
0312291027	3.0
0143038346	5.0
0547152752	3.0
0061673234	5.0
0316734942	4.5
0312428243	4.0
0743270940	4.0
0440220734	2.0
0380814889	4.0
1588513513	3.0
1591797853	3.0
046500525X	3.0
0974524638	3.0
0307476898	3.5
0786891432	5.0
1932961836	4.0
0307739767	2.0
0553806521	5.0
0470522836	4.0
B004VWX3HU	5.0
0897335627	5.0
1592864139	5.0
0452290163	5.0
1455502758	4.0
0061284645	4.0
1440151717	2.0
0307406113	5.0
0974876542	5.0
B00AXBK8YY	5.0
0316734950	5.0
0060194804	5.0
0312303556	5.0
0375725423	5.0
0394758250	5.0
0843954167	1.0
0446564079	2.0
0061662577	4.0
0007447094	4.0
0140196188	5.0
1461051916	4.0
0307279456	2.0
0679761691	4.0
0857660136	4.0
1400069351	5.0
1611458773	5.0
0340564067	5.0
039447922X	5.0
039333919X	3.0
B008SHCBCW	5.0
0307476073	4.0
1469974509	4.0
0812571991	4.0
0380817934	5.0
030738246X	5.0
0061490180	4.0
1845767551	5.0
0679781293	4.0
0374128952	3.0
0553593099	2.0
1601422059	4.0
1439154244	5.0
B006BFB6I8	3.0
1400044049	3.0
0061582727	4.0
0307279464	5.0
0060755806	4.0
079481946X	5.0
0399156747	3.0
1479190217	5.0
0060838639	4.0
1606644793	5.0
0399155414	3.0
B00GGMKQMS	5.0
0143036556	5.0
1558324151	3.5
0578023482	3.0
B00JNI3EPI	1.0
054784865X	4.0
1461057205	4.0
0143119494	4.5
055338273X	5.0
0743223799	5.0
0380817926	5.0
0452296366	2.0
B0096UEYTS	2.0
0393082075	4.0
1400082315	4.0
0345481232	4.0
1440561265	3.0
009953682X	5.0
1492230901	5.0
0786888628	5.0
1595552693	4.0
0307932796	3.0
0143057464	5.0
1400163439	3.0
0060721588	5.0
1401235417	4.0
0060837330	5.0
0061966843	4.0
0312992319	3.0
0986662704	2.0
0978721306	5.0
0312864833	5.0
1593155085	4.0
140003339X	3.5
0679761683	4.0
0982624298	4.0
1605490342	4.0
0307908259	4.5
0446195979	2.0
0425126064	4.0
0307279480	5.0
0385344325	3.6
0307591077	5.0
0345530756	3.0
0345347951	4.0
0345461665	5.0
0974524662	4.0
0061624217	5.0
1416532056	5.0
1416553010	5.0
1455527203	4.0
0985359323	5.0
0375504877	4.5
0062084038	3.0
054799219X	5.0
0399160817	4.0
0553824341	3.0
0307266176	4.0
1481284142	3.0
0553571702	4.0
0451150856	4.0
0061995347	2.5
0061939234	3.0
0060508175	4.0
0307452069	4.0
1439147914	5.0
0312199511	3.0
B00GCG7ZPY	4.0
0192818481	4.0
006207203X	5.0
1590170342	3.0
0691017840	4.0
0312381034	5.0
0718178122	4.5
0399160809	3.5
1559502266	1.0
0195163494	5.0
0091779251	5.0
0399146504	3.0
0843960892	4.0
0316070629	4.0
B00H39Y6ZQ	2.0
0261103288	5.0
0440223814	2.0
0099472287	4.666666666666667
1451620691	3.0
1605983543	5.0
B00AMNNTIA	1.0
0802119476	3.0
1605984876	4.0
0312282990	5.0
014314264X	5.0
0151010196	5.0
0399155449	5.0
0061228591	5.0
030737792X	4.5
0743400682	4.0
0312656726	3.0
0307377938	4.0
0316012793	4.0
0743292332	4.25
B0057PHGMI	4.0
0312368089	3.0
0007149824	4.5
0307476014	4.0
030745469X	5.0
0802119441	5.0
0312282982	3.0
0451225295	3.0
0375724966	4.0
0806512261	4.0
0553580612	5.0
1560259795	2.0
0615786774	3.0
1400068053	5.0
0061240230	3.0
0679435549	5.0
1594204497	4.0
0446402389	5.0
0143115073	5.0
0316014508	1.0
B00FP5BAOK	2.0
0061122165	5.0
0316024783	4.0
0595325327	4.0
0142004308	5.0
0805093427	3.0
0312867131	4.0
1899344225	4.0
0316155306	5.0
0307277674	4.5
0316018872	3.0
0094709602	4.0
1451617925	4.0
0345533739	5.0
0691156840	3.0
0399155384	3.5
0399155392	3.0
0143122274	3.0
0452298016	3.0
0307378489	3.0
0880294272	3.0
0805094725	3.0
0399532064	5.0
0345440773	2.0
0307887715	4.0
B00GJQEGO0	4.0
0446583146	1.0
0140184929	5.0
0060936223	3.0
0374275491	1.0
0061876747	4.0
0553386387	4.5
039306901X	3.0
030759419X	3.0
014312224X	3.0
0843961384	4.0
1416556109	5.0
0743254902	5.0
0399159738	3.0
1482770571	4.0
142630918X	5.0
039915972X	4.0
0553528947	3.0
1460974425	4.0
1938757076	4.0
0849911788	3.0
0345532422	4.0
159448550X	4.0
0747269319	4.0
0307750922	5.0
B00C8O2810	5.0
0312140940	3.5
0399146415	4.0
0805081429	3.0
0743597923	4.0
0743299841	3.6666666666666665
1250003482	3.0
0307720276	4.0
0544105176	4.5
0143123580	3.0
0785121668	4.0
0547662424	5.0
0984502203	5.0
0670025070	5.0
0060584750	5.0
0765333589	4.5
0307473740	4.0
0743287851	4.0
0345455819	4.0
0143034758	5.0
0385336667	4.5
096747860X	4.0
0743550404	2.5
0374530505	3.0
0399160701	4.0
1400166551	5.0
1250003490	4.0
0544028589	3.0
0312619812	4.0
1597071005	5.0
0385336675	5.0
0547547528	3.0
1596916974	4.0
0099561832	4.0
0316039772	4.5
0740785133	5.0
0812979230	3.0
1480522813	5.0
0049470256	4.0
1494414961	4.0
0374103690	2.0
0028617355	4.0
0307473716	4.0
0307594165	4.0
1556527950	2.0
1451672721	3.0
0452296293	3.0
0980243610	5.0
1932319786	5.0
0399160760	4.0
0312424671	5.0
0446580082	2.0
1588343782	5.0
1400065755	4.5
0224081411	5.0
039915180X	4.0
0446677698	5.0
0142428493	3.0
0156032422	3.0
0805092994	4.0
006136925X	5.0
1451605919	4.0
0143058754	4.666666666666667
1493569724	1.0
0307700666	4.0
0553386379	5.0
030758786X	3.0
0399154078	3.0
0312946384	3.0
0307594130	4.0
0393070042	4.0
0785130586	4.0
0143124862	3.0
0349122237	5.0
B00G3L6MP2	5.0
0143124870	5.0
161218717X	5.0
146818203X	1.0
0385531540	2.5
1847249949	5.0
0465021395	5.0
0785121625	5.0
0307587878	3.0
B00EN2DOGS	3.0
1433524767	5.0
1568580630	4.0
0679736743	3.0
0399147772	4.0
0307719278	5.0
0143112872	5.0
0345471016	4.0
147755730X	5.0
0385526199	1.0
0061561029	4.0
0451227999	3.0
0747592403	5.0
0767904443	3.0
0316039748	4.0
0849922402	5.0
0345520483	3.0
1422147630	2.5
0143118188	5.0
1606523600	4.0
0141035676	5.0
0446607746	5.0
0739334581	4.0
0385528787	5.0
1400068819	4.0
1494775093	3.0
0061727679	5.0
039916250X	4.0
B008JNU5AA	5.0
1611099056	4.0
0330413147	3.0
1422118231	3.5
0743467728	4.0
0307379736	3.0
0345450191	3.0
0312423373	2.0
0399158499	4.0
0307378403	3.0
0312319142	5.0
0465023991	5.0
0393059626	4.0
1936564149	5.0
0143112074	4.0
0385502168	5.0
0299180204	3.0
0553295772	5.0
0316154059	5.0
0060735414	4.5
0374332657	5.0
0843960906	5.0
1607068826	5.0
0374281432	3.0
1616950218	3.0
0446527858	1.0
0843955546	2.0
0385340788	1.0
0743203399	5.0
0374533636	5.0
0985458305	5.0
1401302815	3.0
039915714X	2.0
1400031524	3.5
0062004794	4.0
0142800082	5.0
0307463559	4.0
0385616066	4.0
0060735422	5.0
0140296476	3.0
0140156046	3.0
0060779004	5.0
0060010800	5.0
0761458166	5.0
0374115613	5.0
0307588335	3.0
0985703008	5.0
1414310560	4.0
0312377045	5.0
0192838830	5.0
0525951490	3.5
0316211079	5.0
1414368747	3.0
0387988165	4.0
0307388670	4.75
1416562885	3.0
0143126687	5.0
0385538138	4.0
0399160795	5.0
1442348364	3.0
0316154075	4.0
0060735430	4.0
1608199924	2.0
0374222908	3.0
0544227794	5.0
1608196895	3.0
0345505751	4.0
042526596X	1.0
0312377037	5.0
1841959375	3.0
0345458931	5.0
B006YTTVHO	3.0
0385340761	5.0
0061727660	5.0
0307378411	4.0
0945707061	5.0
0395069629	5.0
1482314487	4.0
0316154067	4.0
0786410779	5.0
006079156X	4.0
0060735449	4.5
1421402734	4.0
1463708653	3.0
0307961257	4.0
0061714321	5.0
B003KRP2VW	3.0
0142800031	5.0
1451617968	4.0
0312426437	3.0
0385524382	4.0
1933515627	3.0
1401359736	5.0
0061988243	3.0
1612186718	3.0
1477819754	5.0
0060735457	5.0
0062051989	3.0
0312286449	3.5
1608196879	3.0
006218850X	4.5
0785130527	5.0
1416547274	5.0
0140178287	4.0
B00GA2X5PO	4.5
1935415077	5.0
0802118933	2.0
0143112031	4.0
1580178340	4.0
0805098208	4.0
0609808893	1.0
0345505735	3.0
0399153608	4.0
0140390464	5.0
1410438201	4.5
1400008387	3.0
0517580519	1.0
0345534212	2.0
0770436854	5.0
1449925030	5.0
1400031567	5.0
1592402615	4.0
0307962571	4.0
0307378438	4.5
0800720482	4.0
0465043550	4.0
1416990003	2.0
0756401356	4.0
0785129537	5.0
1400043549	2.0
0553589091	5.0
1611090695	4.0
0465017290	5.0
0451176731	5.0
0374180652	4.0
0595156770	5.0
030738604X	3.0
0061121630	4.0
0143115995	3.0
1401302866	1.5
1853675059	5.0
0307270181	4.0
0312319169	5.0
0385535066	4.0
0312427794	2.0
0062235540	4.0
0312591845	3.0
B005HFLDL8	4.0
1449821146	3.0
0307590615	3.0
0393081575	4.0
159523103X	5.0
0062037676	3.5
0451167805	5.0
0330508989	3.0
B00HFGS70C	2.0
0307961222	4.0
0061876763	4.0
0312867123	5.0
0802146120	5.0
0345450175	3.0
0316216798	5.0
0060873027	3.0
0385343833	4.0
B0097GFP0I	2.0
0785109919	4.0
0670015652	4.0
0312890346	2.5
B007VFP390	5.0
B004C44556	3.0
0143125311	4.0
1481026674	5.0
0140119906	4.0
0312366353	4.0
1887368795	5.0
0785129510	5.0
1491235985	4.0
0451218019	4.0
0765327686	5.0
1594487359	5.0
0060874465	5.0
0800730801	5.0
006182593X	3.0
0060515198	5.0
1400067685	5.0
1455878588	5.0
1594202540	3.0
145162607X	5.0
0449224384	5.0
0425172937	5.0
0143035185	5.0
0812982037	4.0
1883011086	5.0
0375506764	5.0
0785149333	5.0
0743453956	4.0
0374180563	3.0
0740755234	5.0
0312556608	4.0
1416596240	2.0
0307594882	4.0
0340837950	5.0
0062206230	3.0
1250007070	4.0
0525951555	5.0
0061726192	5.0
0345533054	4.0
034546527X	2.0
1853753092	4.0
0312569912	5.0
0310441692	5.0
1401322255	5.0
0374288909	3.0
0307275825	3.0
0060955570	5.0
0385351372	5.0
0982006756	3.0
0307337162	4.0
0865476187	3.0
0393240886	3.0
0843960760	5.0
0778313298	2.0
0061726168	4.0
006053916X	5.0
0312428324	5.0
1596916192	5.0
0786192887	5.0
0446601438	4.5
0307270149	4.0
0374248656	4.0
0307949702	4.0
1455521175	4.0
0812983386	5.0
0812982053	4.0
0786893931	4.0
0785149317	5.0
0002226618	5.0
0143116479	3.0
B0085YDO7E	5.0
0786018437	1.0
0143144529	5.0
038534905X	5.0
0679743758	4.0
084395180X	4.0
0307592200	5.0
0843951818	4.0
0679644199	5.0
B00CK8CL0W	2.0
0765316994	5.0
1479100676	5.0
0802138675	5.0
0060828579	3.0
037541472X	5.0
0446601446	4.0
0143116487	5.0
0060987103	3.0
0393240827	5.0
B00GD0V1X6	3.0
1935639625	5.0
0765327643	2.0
055380202X	4.0
0316013943	5.0
B007S9TO76	4.0
0312253486	4.5
067974066X	5.0
1482343886	3.0
0553589113	3.0
141658997X	4.0
0062206281	3.0
0345410122	5.0
0312368100	4.0
0143124099	4.0
0060562382	5.0
0765316102	4.0
1592406017	3.0
0137137486	4.0
0802120504	5.0
0307477401	4.0
B00ADVB4YC	5.0
1479224251	5.0
1451642997	4.0
B003EOA9Y6	5.0
1455865230	5.0
0385520077	4.0
0971377073	1.0
0312625510	5.0
0316032212	3.0
0142002623	4.0
006170654X	3.0
0061706558	3.0
159523067X	2.0
1400069432	5.0
0743450892	3.0
0547759266	5.0
0449912558	4.0
1590515528	3.0
0345528506	4.0
0375506713	5.0
0399157905	4.0
1118115465	3.0
0843959738	5.0
076075585X	5.0
0712606947	5.0
B004PYDHC0	1.0
0307272761	3.0
0099532530	5.0
0307914208	4.0
0307885151	5.0
0142001325	5.0
0446561932	4.0
0375411674	5.0
0765313057	5.0
0143124072	4.0
0060562366	5.0
0151014485	4.0
0399162496	3.0
0345465253	4.0
1586489739	4.0
0143059173	4.0
1477638245	4.0
0977147436	5.0
0399152202	2.0
0739474812	5.0
B0070PI4MO	5.0
031225346X	4.0
0545142997	3.0
0375713336	5.0
006232912X	4.0
0307949761	5.0
B00GXUJ5SE	4.0
031093351X	5.0
1416575340	1.0
B004SS1MIY	4.0
1927112028	5.0
1612060633	3.0
097999893X	3.0
0312427042	4.0
0062083481	5.0
0983611726	5.0
0143059165	4.0
0307387437	4.5
0312341911	3.0
0307453421	4.0
074323300X	5.0
0195341546	5.0
0312327684	5.0
0307280322	5.0
0316034045	3.0
0374288976	4.0
0312606362	1.0
0312347294	3.0
030726999X	3.8
0802120547	5.0
B00817OUCS	3.0
1594744769	4.0
0765312581	4.0
1594742111	5.0
0060002522	5.0
0399169946	4.0
1401340997	4.0
0099443635	4.0
0451230531	5.0
1401685048	5.0
B002BDT64A	5.0
0312427050	4.0
0470398515	4.0
0674026578	4.0
1452119031	5.0
0226772055	4.0
0743233026	5.0
0571238572	3.0
0399156623	3.5
0393061027	5.0
B00B7CTQ9Q	3.0
0143036432	5.0
0804115486	4.0
0060889578	1.0
0316078425	4.0
0307381277	5.0
0758206194	3.0
0765316935	4.0
0812978846	4.0
1742204910	4.0
B00C7901CO	5.0
0972980423	3.5
081296991X	5.0
0802120520	4.0
1416566449	4.0
0060012781	5.0
0192833944	5.0
0385346859	4.0
B00IPUNKQI	5.0
0765316927	4.0
1480170402	5.0
1935096230	5.0
014118776X	4.333333333333333
0307750884	2.0
1400032199	3.0
0758210221	2.0
0316034010	3.0
0743226712	4.333333333333333
0446573094	3.0
0345464818	3.0
B0074Y74N6	3.0
014018869X	3.0
1416575383	4.0
0582435676	3.0
0061125350	5.0
0312427085	5.0
0307269973	4.0
0061998540	3.0
045123491X	3.5
1442359919	4.5
0307272737	4.0
0061493341	5.0
1573221201	3.0
0151011389	3.0
B0095VONZS	3.0
B005T54NYK	3.0
0765348500	4.0
0786017996	5.0
0060838728	4.0
0345273893	4.0
0143112945	4.0
1400068185	4.0
1937844978	4.0
0316127310	4.0
0345329139	2.0
0807830534	3.0
0763639230	5.0
B00CQ6P16O	4.0
1594204365	5.0
1627790527	4.0
0385349947	4.0
0345330129	4.0
0060825413	3.0
0451413067	1.0
1597800864	4.0
0060959037	5.0
1118079256	3.0
0312304110	5.0
0316069515	4.5
0691144893	1.0
159789821X	4.0
031238114X	5.0
014242059X	4.0
0140167773	4.0
0060780940	5.0
1453887857	1.0
0385349963	4.0
0399167315	4.0
0143118242	4.0
1400155894	4.0
0765316978	5.0
0307477479	3.0
1469298651	3.0
061557677X	4.0
1400069491	4.0
1416565159	4.0
1939872049	3.0
080506835X	5.0
1606994743	5.0
1935052659	5.0
0765314304	1.0
0765332175	2.0
1419704095	5.0
0060548932	4.0
0143118234	3.0
B00AQ5DYMA	3.0
1451668724	4.0
1490496858	4.0
0143118218	4.0
B004XIB2YS	4.0
140275406X	4.0
042521396X	3.0
0446573051	4.666666666666667
0143120530	3.0
0345807294	5.0
031605755X	5.0
0679641041	4.5
0761462031	5.0
0486290735	4.0
0449206521	5.0
0843951850	3.0
0062220500	5.0
1932714057	4.0
0143118226	2.0
0140250972	5.0
0151935017	3.0
0060854057	5.0
1594485615	3.0
039307255X	3.0
B00CBKIQAS	4.0
0739316877	5.0
1416569537	5.0
0062064223	4.0
0307264238	3.0
0312205767	5.0
B00H5T6JEK	4.0
0982770502	5.0
0446505781	5.0
0345396731	5.0
1560978872	5.0
0471303712	4.0
0803232632	5.0
0060583304	3.0
0142004332	5.0
078510920X	5.0
0307990745	4.0
146629471X	5.0
0307452956	3.0
0385302312	1.0
0812981618	3.5
0399156585	4.333333333333333
0316018767	1.0
0061990639	5.0
0137011601	2.0
1439153663	2.0
0312583206	5.0
0345485793	3.5
0785127097	5.0
B00BCMLK36	3.0
042517347X	3.0
038553471X	3.0
B00CDLWAPW	5.0
0060765364	4.0
1596915781	3.0
0520224604	3.0
B00C0ULZ84	3.0
1579653715	4.0
0307264211	3.0
0060800216	5.0
0679600507	4.0
1611091039	5.0
0747208158	4.0
006222543X	5.0
0452287472	5.0
1479234508	2.0
1400065801	4.0
0768436257	5.0
0060937661	5.0
0446578703	5.0
0446573019	4.0
1416569545	4.0
080509590X	5.0
0312331754	2.0
0770435629	4.0
0399157891	5.0
038535083X	5.0
0441019188	4.0
0312537409	5.0
B00ICS9TTA	4.0
0061713783	4.0
0679641009	5.0
1605984019	4.0
0399167293	4.0
0385509707	5.0
145288126X	3.0
0312427808	5.0
0141034262	5.0
1594160333	5.0
B0018XO2DE	2.0
0374111197	5.0
1594485658	4.0
078621953X	3.0
0307712508	5.0
0316693251	4.0
1608196119	3.0
0307455173	3.0
0143034693	5.0
0312619766	4.0
0679643656	3.0
031632468X	5.0
1465419381	5.0
0805092862	4.0
0963906534	4.0
084396121X	4.0
1410458792	5.0
0758210248	3.0
1596915757	4.0
0785107479	3.0
0373076312	5.0
1416568239	3.0
0805069607	4.0
0670020923	4.0
0451407229	1.0
0451227859	5.0
0307720144	5.0
B004MMEDU0	4.0
0141000023	5.0
0312343795	5.0
0143145088	4.0
0878392343	4.0
0061713767	3.0
0330490419	4.0
0345464834	4.0
0345485750	5.0
0864425848	3.0
0061015725	3.0
0312567251	4.0
145385794X	5.0
1896597998	5.0
B00GS4E36Y	3.0
0312271212	5.0
0345258312	5.0
0312870000	5.0
1250034701	4.0
B005M94EAQ	3.0
0805098143	4.0
0767929829	3.5
0312945175	3.0
0446572594	5.0
1848325835	5.0
0812979370	3.0
0060951974	5.0
0849943450	4.0
0375408835	5.0
0062237446	4.0
0615351913	5.0
1400044944	3.0
0151006091	5.0
B004X29R8M	4.0
0312343787	5.0
0743493443	5.0
0151012741	3.0
B00AH14E68	1.0
0385508409	5.0
0670026247	4.0
0671042262	3.0
0520224655	5.0
1593154593	5.0
0312271204	5.0
1477604928	1.0
0399155279	5.0
0375408819	5.0
0061990612	5.0
009956064X	5.0
0618784608	3.0
031253129X	3.0
0307455165	4.0
1416561625	1.0
0345485777	4.0
0062088254	4.5
0812979354	5.0
0316018708	2.0
0312674538	2.0
1470077892	5.0
1250015545	4.0
0451416147	4.0
0307951154	4.0
0525952020	3.0
0812972724	5.0
0786704845	5.0
0440226228	4.0
0061958514	2.0
0312334893	5.0
0307716074	2.0
1604244232	1.0
0425101452	4.0
073946289X	4.0
0399158375	5.0
039915969X	3.0
0345408772	4.5
0393324036	5.0
1441872426	3.0
0143117882	3.5
1400043638	5.0
0312998554	4.0
0375508546	5.0
0393068471	3.0
0446580155	5.0
0446547565	3.0
159448872X	2.0
B007A577SQ	5.0
0143035908	5.0
B00A3XQW9M	2.0
0316216852	1.0
0316122599	3.5
080419257X	4.5
0965624781	4.0
141658692X	3.0
1401352197	3.0
0385518633	3.0
0385532911	3.0
0446540943	4.0
0399157042	2.0
143916388X	3.0
B00AFEOBZ6	5.0
1480504246	5.0
0312230796	4.0
1608198723	3.5
0061735175	3.25
0307346943	4.0
0345408780	5.0
1439157189	3.0
0446547573	3.5
0316097519	5.0
0307454703	5.0
0262032937	5.0
0307387461	2.0
0062049577	5.0
0988699613	5.0
0307408841	4.25
B004WPP8YW	2.0
0735620520	4.0
0618685375	3.0
1908603607	2.0
0307377210	5.0
0307950654	3.0
0449224406	5.0
0060882034	4.0
1482089254	4.0
0307278824	4.0
1400068916	3.0
1586481894	3.0
0143116533	3.0
0140621806	4.0
1491228067	4.0
0316001929	3.0
1439255954	5.0
0312362919	5.0
B00A5XIZYA	4.0
0143116517	3.0
076145800X	4.0
0812993683	3.0
1594488754	4.0
0307743667	4.0
1401302718	4.0
0399160663	1.0
1606991604	5.0
1585678961	5.0
1416527397	5.0
B00AUY2JE6	3.0
0316097500	5.0
0062122630	3.0
1580176453	4.0
0061735159	3.0
1419584332	2.0
0521734312	4.0
0451155750	3.0
0143113496	4.5
0399151788	5.0
1402265700	5.0
1936127776	4.0
0312379765	5.0
1938073053	3.0
159448306X	5.0
0307743659	5.0
0312856555	4.0
0062060740	5.0
0451231031	4.0
0307878007	5.0
0547385463	3.0
0446540978	3.0
1400042348	3.0
B007IO7C6Q	5.0
1495213811	1.0
0743286421	3.0
0312374062	3.0
0143112155	5.0
0312349947	4.0
1933648147	5.0
0312553498	3.0
0062024264	3.0
0316122556	5.0
1938499859	3.0
0786712414	5.0
0374179549	5.0
0307962695	4.0
0785116346	4.0
1594487448	4.0
0399157077	3.0
038553647X	4.0
1400068983	3.0
B00BR6G3ZW	1.0
1461189268	2.0
0060005548	4.0
1479143707	4.0
0743432924	5.0
1400041007	5.0
0674023552	2.0
0316018775	4.0
0198540124	2.0
1439172773	5.0
0307594092	3.0
034553302X	4.0
0375758275	5.0
1402729588	5.0
0297850717	5.0
0307386171	4.0
0811868532	4.0
0778313255	2.0
0375433392	4.0
0062197339	4.0
0062236997	5.0
B00EIV3VNA	4.0
0140022651	5.0
1416585672	2.0
1250039568	3.0
1933330821	5.0
0553593234	4.5
1452107904	5.0
0316018783	5.0
0307717372	5.0
0230108539	4.0
1576469441	4.0
0099515261	5.0
0060098902	4.0
0143121073	3.5
0345487559	3.0
0143125427	3.5
0316097543	3.0
0525954600	4.5
1451691173	5.0
1416576711	3.0
0393330737	5.0
1605298476	2.0
0143112120	3.6666666666666665
0385507968	4.5
0609804383	4.0
0230761607	5.0
0307714292	5.0
0307717321	5.0
1423181999	5.0
1475000138	4.0
0226771016	5.0
031242888X	4.0
0441014038	5.0
0553588346	3.0
0393308626	2.0
0547577532	4.0
0385514301	3.0
0310292468	3.0
1612185665	4.0
1616201126	4.0
0470396857	4.0
0521710057	5.0
1599954095	5.0
0811869938	4.0
0984369104	1.0
0375503374	5.0
0375425314	3.0
1612183018	5.0
0062218336	3.0
0226771008	5.0
0871403609	3.0
0451218361	5.0
0399144927	4.0
0307593436	5.0
0143038583	4.0
1400068665	5.0
0143037250	4.0
0843948507	5.0
0061583421	3.0
1592408125	4.0
0060083247	4.0
0982477767	5.0
1606995111	5.0
0226771032	5.0
0316346624	4.0
0141182806	5.0
0446583847	2.0
0375758992	5.0
0393081818	4.0
059306917X	5.0
1442348089	3.0
0879751983	5.0
1250046327	5.0
1401918697	5.0
0440242762	4.0
0843956151	4.0
0195141822	5.0
0060958723	3.0
1440172420	3.0
0765326264	4.0
0143117467	4.0
0399161481	4.0
B00HVI5P2C	5.0
1400043379	5.0
0615498205	4.0
0226771024	5.0
0060577304	5.0
1250023637	2.0
1594486182	2.0
0143037234	5.0
030726811X	4.0
0060889632	5.0
8371832273	5.0
1402226527	5.0
0547576218	4.0
0316171107	4.0
054757620X	5.0
0802716709	5.0
0061926515	3.5
0982139187	5.0
0399533982	5.0
0399152598	4.0
0547054947	4.0
0062183591	2.0
0307962865	3.5
1586484192	5.0
0553384732	4.0
0786712147	4.0
0385537859	3.0
B008D2ZJHQ	4.0
0451233964	3.0
0440242746	4.0
0030554624	5.0
0758290675	5.0
0061836923	4.25
0375425357	3.0
162040169X	2.0
0781411815	5.0
0465009409	5.0
0393067580	5.0
1416577637	4.0
039913297X	5.0
0340979496	3.0
0743260945	4.0
0802778119	5.0
0060530677	4.0
141659857X	4.0
1476726590	4.0
0141007338	5.0
0061429252	4.0
1484834615	3.0
0062021028	3.0
0525952969	5.0
0312429320	2.0
0812976746	5.0
0553592416	4.0
0312301596	5.0
034552425X	2.0
1451552688	4.0
0375425365	4.0
0312380348	5.0
0440242754	5.0
0061142379	5.0
1612184383	4.0
0956569218	1.0
1455521248	3.0
0307452689	2.0
0399155600	3.0
1401341705	3.0
0811865541	3.0
0446905186	5.0
1416289348	5.0
0385343663	3.5
1401941028	5.0
0824947711	4.0
037584631X	3.0
0674016084	3.0
0578032147	4.0
1612183026	5.0
1400068673	3.0
0345528638	3.0
1401351964	3.0
0345528654	4.0
0563526378	5.0
0399152563	5.0
0230201296	5.0
0143144200	3.0
0345476026	3.0
156097690X	5.0
1461098378	4.0
1582619433	1.0
1453258140	2.5
0312349513	5.0
0778326055	4.0
1558324364	3.0
0375826726	3.0
0307739538	3.0
1456304062	2.0
0802119611	5.0
0553591916	5.0
0312317999	4.0
0143112627	5.0
0330419129	5.0
1410422445	2.6
0099555352	2.8421052631578947
9812820825	4.0
0385341067	5.0
0099464462	4.25
0307271730	5.0
006199779X	5.0
0812992806	4.0
0849948320	5.0
0380805715	4.0
0679753826	4.0
0020820445	5.0
0062083392	4.0
0451418433	3.0
0811850463	5.0
0843962879	4.0
0393060055	5.0
0843960213	4.0
0670022985	2.0
1413317537	5.0
0756641233	5.0
006103018X	4.0
0385534779	4.0
0061287539	5.0
1595541322	1.0
0399155651	2.0
0618257594	5.0
0307592189	3.0
0451221958	5.0
0805431586	5.0
030795871X	5.0
0399166300	4.0
0140306013	5.0
0306815192	3.0
1611099714	3.0
0758234546	5.0
0743204832	5.0
0307908488	4.0
0451459792	2.5
0446612057	4.0
0385496842	5.0
111817321X	3.0
067002032X	3.0
0345440919	5.0
0143143700	3.0
0020315910	5.0
0062195514	5.0
1594204217	4.0
0618680004	5.0
0802121977	2.0
0802120644	3.0
0345434234	5.0
1466207205	1.0
1559705515	5.0
0761463275	3.0
045123393X	5.0
0307588920	4.0
0965651355	4.0
1560978694	5.0
0761149147	4.0
0385520174	4.0
0060534214	4.0
158567284X	5.0
0060850523	5.0
0061173509	4.0
1929774672	4.0
141653797X	5.0
0060567104	5.0
0547745524	5.0
0375424091	3.5
0470688254	5.0
0345434226	5.0
0307267679	3.0
B0035RPGIG	5.0
0739476475	2.0
0679753834	4.0
0380814676	4.0
0062073125	4.0
0345481496	5.0
0802119654	4.0
0151013446	3.0
1426707665	5.0
0307594793	4.0
B005TWGBFW	5.0
0385495579	4.0
0312570686	3.0
0307907171	3.0
143368392X	4.0
0385350813	4.0
074322311X	5.0
0060878061	5.0
0312582668	4.0
1843536498	4.0
1449410243	5.0
0470540869	3.0
B0056UBQ70	3.0
B00ENROHDM	3.0
0060590319	4.333333333333333
0061148520	4.0
0786890738	5.0
0226771040	5.0
0553591967	5.0
0743204840	5.0
078689072X	4.0
0739315293	4.5
1935142151	5.0
1439169950	3.0
0060972122	4.0
0061733636	3.3333333333333335
0312318421	3.0
0802117058	4.0
1594204233	5.0
0843957492	4.0
0307745392	3.0
0768439213	3.0
0060009225	5.0
0785121498	4.0
1442362383	4.75
0307387941	3.0
0316069884	4.0
1594772266	4.0
0345532740	5.0
0399530894	5.0
0843960205	3.0
0399155686	3.0
0143122843	5.0
0385528086	4.0
0970807554	4.0
1585671576	4.0
0385533438	5.0
0375433821	3.0
0385366396	5.0
0385508484	5.0
0312316690	4.0
0805069577	4.0
0062021877	3.0
B00A7FJWUW	3.0
0099459051	4.0
1439142009	4.0
039916765X	2.0
030771683X	3.0
0374266328	4.0
B00DNZHG24	3.0
0786890746	4.0
1600100376	4.0
0312428081	3.0
0786165375	5.0
193738764X	4.5
0811861112	4.0
0385494238	4.0
0142003220	4.0
0345413350	5.0
0553588338	5.0
B00D192118	4.0
0547195621	5.0
0307593452	4.0
0062021893	5.0
0312278233	4.0
158574364X	5.0
0802120679	5.0
143918951X	2.0
1600100368	4.0
0316008079	5.0
0062073168	4.666666666666667
006056668X	4.5
0375501568	5.0
B006KYESRQ	2.0
0312352360	4.0
0316776963	4.0
0743272102	5.0
0805069518	4.0
0446553972	4.5
0385516169	5.0
1475017014	2.0
0140188282	2.0
080506950X	4.0
0786891297	4.5
0375508260	5.0
0060596503	5.0
0316154695	3.0
0440221048	4.0
0761462007	5.0
0300109806	4.0
0132824973	3.0
0345529006	4.0
006212255X	5.0
0434020842	3.5
0060878134	4.0
0765325713	3.0
0399160965	2.0
0758258585	5.0
141654786X	5.0
0061687162	2.0
0743573722	5.0
0805069526	4.0
158182677X	5.0
1590134850	5.0
0375508252	5.0
0385344074	4.0
1453887660	3.6666666666666665
074325077X	5.0
1416537929	2.0
B004M8S7WO	5.0
1586486837	3.0
0446529400	5.0
0767915305	5.0
0385522843	5.0
B00K5B8HT0	5.0
1250033934	4.0
0316098329	4.666666666666667
0552156892	4.0
0374281602	4.0
0966443098	5.0
0307358666	4.0
0802118283	3.0
0385751877	3.0
0399157301	1.0
0307268934	2.0
1455520756	5.0
0393062627	3.0
0151008116	5.0
B004TS1I0U	4.0
0140281118	5.0
2812300639	5.0
0307393860	1.0
0892967110	5.0
0156030497	3.0
1580085199	4.0
0316066737	4.0
1611097940	3.0
074758639X	5.0
1903254337	5.0
B006P5CH1O	4.0
0785267166	4.0
014305760X	5.0
0399155597	4.0
0091800951	4.0
1934666726	2.0
1556527772	4.0
0060529709	5.0
0307393879	3.0
1453887687	4.0
1490903046	5.0
1897299397	5.0
0195300130	5.0
1401937764	5.0
0312367406	5.0
0061161497	3.0
0064431835	5.0
1426311249	5.0
0470121181	5.0
0393059030	5.0
0061724769	3.0
0525953493	4.333333333333333
0307989828	3.0
0743270363	5.0
147938903X	3.0
0399156038	5.0
0140285539	4.0
1933678089	4.0
0099505967	4.0
0465005969	5.0
1461004454	5.0
0767903382	5.0
1586607685	4.0
0385350775	4.5
0805091416	3.0
1843535203	4.0
0345531345	4.0
014303541X	5.0
0547892624	4.0
0061772437	3.0
0307277887	4.0
031026314X	5.0
0385496036	5.0
0375431241	3.0
0224091085	4.0
0143123300	5.0
0399158693	3.0
0380789183	4.0
0984248056	4.0
0399158685	3.75
0786431040	4.0
0060008776	5.0
1556527705	5.0
1400066840	2.0
0375420592	1.0
0062311077	5.0
0446504122	4.0
0312642822	2.0
1462002927	5.0
145162137X	5.0
1555976263	3.5
0385537050	4.0
0061578916	3.0
0307917371	4.0
0806512091	5.0
0007267622	2.0
1401309658	2.0
1451697414	5.0
0802121012	4.5
0312361297	5.0
0553586661	4.0
1590207165	3.0
0778313530	5.0
0399156011	2.0
0425189988	5.0
0758226969	4.0
0375402179	5.0
0345441400	3.0
1400008980	2.0
1475007671	3.0
0857521012	4.0
1451684932	4.0
0670063533	4.0
0375502920	5.0
1400041554	3.0
0345449347	4.0
1416549633	5.0
0312377630	4.0
1594487502	2.0
0399157336	1.0
0143035401	5.0
0385348452	4.0
0060833203	2.0
0141188936	4.0
1494402718	3.0
1439140219	4.0
0385509863	4.0
0785261826	5.0
0307266303	3.5
0786712910	4.0
0345396685	5.0
0439064864	4.0
0802143261	5.0
0061458570	5.0
0061233781	5.0
0307884872	5.0
0446530409	4.0
0312642849	2.0
0062188348	2.0
0132172607	5.0
0060831456	5.0
0691130736	3.0
B005HQ77RG	2.0
144237134X	4.5
0316205850	4.0
039914711X	4.0
0802121071	5.0
080073310X	3.0
0446611662	4.0
0609607480	5.0
0312359837	5.0
0061765279	3.0
0785118675	5.0
141331273X	5.0
014038572X	5.0
0142427772	2.0
0743569628	5.0
159315660X	1.0
0984856501	3.3333333333333335
0310275962	5.0
0615798489	2.0
1595543082	3.0
0312380437	5.0
0006514359	5.0
0143117505	4.0
0399535713	3.0
0312359845	3.0
143476625X	2.0
1594487529	3.0
1591844894	4.0
B005BOPBRC	3.0
0307387135	4.0
0979165326	5.0
1781161569	5.0
0062088149	5.0
0062069888	2.0
0312856644	5.0
1118370201	3.0
0061655511	4.0
1613743416	4.0
1491294922	5.0
1569471592	2.0
0375434305	5.0
0857660705	4.0
052595211X	3.0
0374135800	3.0
0765363127	4.0
031254555X	3.0
1469975289	5.0
0393038912	4.0
0374143420	3.0
1402770294	5.0
0451412303	5.0
0143034901	4.666666666666667
0312379463	2.0
0615790542	5.0
0684853914	4.0
0195178238	5.0
0062197258	5.0
0375411089	5.0
0061718947	3.0
076455719X	5.0
0441015301	5.0
0451192192	4.0
0099451956	3.5
0375434313	4.5
0142427799	3.0
0316605611	5.0
0060008725	5.0
0316156493	2.0
0345804406	4.0
1250036135	3.0
0449224767	4.0
0375725237	4.0
0307472248	5.0
0375411070	4.5
0991086902	3.0
0785110704	5.0
0758228775	3.0
0307346609	5.0
0767908163	4.0
1560252561	5.0
140004460X	5.0
043970166X	5.0
0375713255	4.0
1591027713	4.0
0892967986	5.0
0804113645	4.0
0312289723	5.0
1621137600	4.0
0062060619	3.5
0312642806	3.0
0449224775	5.0
087113893X	5.0
0307720896	5.0
0316042781	4.0
0439023483	3.5
0062005855	4.0
0307268918	3.0
030726890X	5.0
141658661X	5.0
1250005000	3.0
0306814722	5.0
0399160132	2.0
0345522478	3.0
1612182593	2.0
0786891254	4.0
0345436911	5.0
0061702587	4.0
0812981383	4.0
0525950370	2.0
0375415416	5.0
0743234707	4.0
1497392438	5.0
1935071602	5.0
1447259297	4.0
0375423699	5.0
0465031331	4.0
043920352X	5.0
0393070212	5.0
0307461572	5.0
1843534746	4.0
0062005839	3.0
037571894X	4.0
0452259932	5.0
0394757661	4.0
0312940408	5.0
1400044634	5.0
161109044X	4.5
0399153837	5.0
0375421041	4.0
1416595562	5.0
0785118616	3.0
1250028582	3.0
0143122045	3.0
0671024108	4.0
1451525834	2.0
1401207553	5.0
0307948498	4.0
0374273413	4.0
0743566572	1.0
0553573306	1.0
1611090423	5.0
B00ANT60YS	5.0
038552501X	3.0
1607146150	4.0
1439129835	3.0
1594202508	4.0
0446612928	4.0
055329024X	3.0
0230341519	3.0
1250008980	3.0
0385340567	2.5
0385526350	2.5
081099531X	5.0
039475767X	4.0
1590516796	4.0
078686804X	4.0
0385514379	5.0
1842431935	4.0
0394757688	5.0
0471799416	4.0
1938531035	3.0
0316228532	2.0
0312860722	4.0
1439101434	4.0
1439172633	5.0
0375700668	3.0
0805090916	4.0
0062244752	3.0
0307739473	2.0
030739610X	4.0
0451239199	4.0
0393051072	5.0
0802126006	5.0
0811868710	5.0
0802119700	3.0
1611090407	5.0
0787994022	3.0
0451411080	5.0
0312371551	3.0
0307268039	5.0
073946390X	4.0
0446679062	5.0
0061979171	5.0
0061779725	3.0
0812980093	2.0
B00B3YDLEO	4.0
1616951702	5.0
0738213799	3.0
0805090924	4.0
0805063307	1.0
0743235843	4.0
1936010046	5.0
0811868729	5.0
1442365528	3.0
0099494140	5.0
0060185163	5.0
146353356X	5.0
0553062794	5.0
0062060554	5.0
0385479565	3.0
0316126675	2.5
0345549627	3.0
0061774022	4.0
1569476403	2.5
0843959991	5.0
1400042135	2.0
0143122924	3.0
014303538X	5.0
080212996X	3.0
1493777688	4.0
055338466X	3.0
0060545623	4.0
1466225157	5.0
0061779741	4.0
0759290148	3.0
1461138612	4.0
0743238095	4.0
0571199968	4.0
097416643X	5.0
0061926620	4.0
0544027701	2.0
0890964785	5.0
B004U362DC	4.0
161200167X	5.0
0307389812	3.0
0312866992	4.0
0679444327	4.5
0345460618	4.0
030735122X	4.0
1932695206	3.0
0307595951	3.0
1594202303	3.0
0804137447	4.0
0399159037	1.0
0758266863	2.0
0140284087	4.0
0192834622	3.0
1481128345	3.0
0151012032	5.0
074323586X	5.0
0240810759	5.0
0674013905	4.0
0843958626	4.0
0385495617	5.0
0786865644	4.0
0747251010	4.0
0805062882	5.0
0345476131	5.0
031242941X	4.0
B0045UA6F0	2.0
0307948684	5.0
0307265803	4.0
006143275X	3.0
0553384619	3.0
0385535325	4.0
1584793619	3.0
0375414967	4.5
0307387208	4.0
B006FYKUMS	4.0
0312580762	3.0
0143117564	2.5
1447262859	5.0
0451239164	3.0
193333066X	3.0
0307387216	5.0
030727828X	5.0
0312363907	4.0
0385496958	5.0
0843958618	5.0
0805062890	5.0
038536315X	4.0
1482027259	4.0
0802120733	5.0
0547152426	5.0
0613501349	4.0
0446531081	3.0
033051248X	4.0
0547794231	4.5
039915681X	3.5
0553110934	5.0
039915244X	4.5
030728364X	4.0
B00H9ICOPU	3.0
0061684244	3.0
B0052OIRDG	5.0
0316012831	3.0
1592122655	4.0
0345476158	5.0
0521424267	5.0
0451211634	3.0
1414308159	3.0
1590806077	5.0
0345435648	5.0
0674005414	4.0
0099457156	4.0
0307268055	1.0
0140280510	5.0
0316126659	3.0
1451664540	3.0
0446557668	3.0
039915907X	5.0
B00DL5T200	3.0
1423604962	3.0
0312563558	3.0
0811878988	4.0
0140861580	3.0
1493560336	3.0
0307268047	5.0
159555274X	3.0
074326875X	5.0
1439138702	5.0
0061252727	3.0
1586421514	4.0
0310421403	5.0
0141188014	5.0
1463613385	4.0
0470189592	3.0
0547053525	5.0
1477663096	4.0
0143113178	5.0
0812979915	5.0
0061684228	5.0
0743266102	4.0
0312387989	2.0
1592400906	4.0
0806513284	4.0
1401302009	1.0
0399154213	4.0
0425261808	3.0
0374133182	2.0
0061671789	4.0
0375421904	5.0
0812967968	5.0
0763642681	5.0
B00DK8AQ8U	4.0
0060590254	5.0
0195189949	5.0
0140231706	5.0
1586484265	3.0
0099490625	3.0
1482926474	3.0
0312862512	5.0
1480230219	4.0
0345528794	3.0
0446580848	2.0
0061251461	3.0
044100962X	2.0
0802126073	4.0
0062195409	3.0
0985478616	5.0
000719739X	5.0
0515142115	3.0
0811862585	4.0
0140131558	4.0
B00IFVYJN0	3.0
0691027951	3.0
0802118461	5.0
0807120316	5.0
0812978609	5.0
078670778X	4.0
B0081CUVIU	3.0
0375424199	3.0
0156028808	5.0
0375504737	3.0
0307267571	5.0
0375821813	4.0
1569475156	5.0
0143118048	3.0
0802126065	4.5
0805082476	4.0
0143057588	3.0
1451625847	4.0
B008GFWH52	3.0
0399156852	3.0
098326631X	3.0
0316035599	5.0
0843960124	5.0
014303796X	5.0
0857051873	4.0
0812977300	4.0
0060565276	5.0
0307271633	4.0
0984787666	3.0
0547428499	3.0
0062114867	2.0
0547239696	3.0
161795117X	4.0
1400158710	4.0
0843961449	2.0
0740761757	5.0
0307749649	4.5
0812967976	5.0
0140280553	4.0
0802126057	4.0
0312384009	5.0
0374201781	5.0
0151014604	4.0
0316209546	3.0
0060182989	4.0
0061432717	4.0
0393061248	5.0
0679762655	5.0
039306123X	3.5
0743272897	5.0
0143143832	3.5
0802119778	4.0
0306815095	4.0
1604692200	5.0
0307271641	5.0
1455512478	2.0
0312428170	3.5
0142004626	5.0
0316154741	5.0
0375410538	3.0
1441403868	5.0
0316175668	4.5
1439197059	2.0
1442365552	4.0
0312425902	4.5
125003003X	4.0
1250043360	3.0
1596434252	4.0
B0033AHJJE	3.0
0061134007	3.0
0060934816	5.0
0753513587	4.0
0312428189	5.0
0373892071	2.0
0312362641	2.0
145389523X	2.0
0805094407	4.0
0316040924	3.0
0307962903	4.5
0739326074	3.0
B00FROU2PW	3.0
0195167716	4.0
0307887995	5.0
0399158618	3.0
0140434240	3.0
0007100450	4.0
0446579815	4.333333333333333
0374154902	5.0
0316013315	4.0
1463568266	5.0
0143038419	2.0
0312201656	4.0
077831703X	4.0
0800719816	4.0
0140292594	5.0
0385528191	3.0
0679724362	4.0
0618065822	3.0
0399134654	4.0
0547511698	4.0
0345539478	4.5
0099494175	5.0
034553946X	2.0
1468301209	5.0
0441008356	4.0
0615600166	5.0
0786015152	2.0
1573221465	5.0
0375421963	5.0
0061189189	5.0
159403141X	5.0
045141411X	4.0
0446579823	4.0
0140057072	4.0
0099911701	5.0
0740771108	1.0
1453887652	4.0
0802122507	5.0
0750933372	5.0
0060194995	5.0
1470136023	5.0
0425232476	4.0
0615717233	3.0
0307969509	4.0
0143122959	5.0
1400063957	3.0
0062112244	4.0
0765325659	4.0
0312353723	3.0
0802120792	3.0
0786868724	4.0
0385344007	4.0
006039384X	4.0
0843949783	4.0
1250043395	5.0
1611062306	4.0
1481814761	5.0
0143035371	5.0
B00BRPM672	5.0
0805069461	4.0
1940820103	5.0
0805090037	4.0
0310326281	3.0
0545042143	4.0
0060733985	5.0
0312340427	5.0
0061441627	5.0
1400041619	4.0
0307275132	5.0
0312113420	5.0
0142003255	5.0
0758254091	5.0
039914787X	5.0
0399157204	3.0
1933346159	5.0
0843960183	4.0
0385497431	5.0
0066209552	5.0
0061130400	3.0
0385737432	5.0
0316025283	5.0
0843960191	4.0
B00FDX60L2	2.0
1482516489	4.0
1484989953	3.0
0142003247	4.0
1400062551	5.0
006073132X	4.0
034911563X	5.0
0615448755	3.0
0452288584	4.0
0756407125	5.0
0758280378	4.0
0316074225	3.0
0785261761	4.0
0143122134	5.0
030011317X	5.0
0345538064	4.0
0553571699	4.0
1555976182	3.0
0062077309	4.0
0966410076	2.0
B009PQ4AQU	3.0
0857386999	5.0
0142003239	4.0
0312567057	3.0
0307458016	4.0
0312343515	1.0
0099994003	4.0
0142003271	5.0
1566499585	3.0
0988843307	3.0
0441013643	5.0
1400069173	3.0
0739374532	3.0
0060594667	5.0
0812977386	4.666666666666667
0800719794	4.0
0062314254	5.0
1489514279	5.0
0981514839	5.0
1402770340	5.0
0517338416	5.0
0374161143	4.0
B00E257ULG	4.0
0547054017	2.0
0618735437	5.0
0142003263	3.0
0312376464	4.0
1250028655	4.0
0060558121	4.333333333333333
0399160825	4.0
0345478800	3.0
031228781X	4.0
0399154140	5.0
1594744106	5.0
0143037900	5.0
0812977378	3.6666666666666665
0307393992	5.0
0345538080	4.0
0230609104	3.0
0374299013	4.0
0380728974	2.0
1903254450	4.0
1770852018	3.0
0670025127	4.0
0758280343	3.0
0743527992	5.0
B00DPN46BI	1.0
0141802766	5.0
0547134665	4.0
0142003298	2.0
0307908542	4.0
014200328X	4.0
1481904671	3.0
0765331462	4.0
0316018953	4.0
0316013269	1.5
B007TBWW68	4.0
1479135925	3.0
0393050572	4.0
1400106656	3.0
0425118924	5.0
0985159022	4.0
0060590297	5.0
0307595129	4.5
030737839X	3.0
0743569784	5.0
1585420662	5.0
0547744943	3.0
0374166854	3.0
0440223784	1.0
1569479542	3.0
B004NIFOEM	4.0
0399151931	5.0
0345535820	4.0
1438424973	1.0
140120760X	5.0
1401207618	3.0
0399157239	2.0
1613723784	5.0
0060531088	5.0
1596980907	5.0
0143120395	4.0
0802715354	5.0
1439142734	2.0
0307263177	5.0
1455839957	5.0
0062108166	1.0
0739314009	5.0
0132339420	3.0
0778326713	3.0
0312363109	5.0
0060854235	4.0
1596914653	4.0
0307907236	3.0
006113967X	4.0
0307272087	3.0
0553808036	3.5
0785121501	4.0
0307456242	3.0
1455527475	3.0
0060590270	5.0
0062088025	5.0
0761461450	3.0
1457505215	4.0
1401216552	4.0
0812694333	3.0
1480021946	5.0
1602856028	2.0
1594862958	4.0
0143036610	5.0
0300091370	5.0
0307595110	3.0
1601420749	4.0
0307272095	3.0
0393003388	2.0
0312242913	5.0
0312343531	3.0
1481949535	3.0
1414115865	5.0
0307268845	3.0
0062316869	5.0
074343059X	4.0
0143117637	1.0
141657168X	3.0
0679722645	5.0
0147509726	4.0
0399148337	5.0
1594487634	3.0
0399161309	3.5
0307265722	4.0
0785118799	4.0
0671024205	5.0
B005ME39HU	4.0
0316054682	5.0
0804138818	4.0
1605294705	3.0
0307939650	4.5
0307277712	4.0
0345526910	5.0
0143113283	5.0
0743454529	3.0
0743272072	4.0
1477533028	4.0
0451222369	4.0
1455109088	1.0
0765330105	4.0
0425180840	5.0
0374299080	2.0
1477419497	4.0
0425237389	4.0
0300082401	5.0
0767926986	5.0
0330490699	4.0
0060817267	5.0
0374153574	3.0
0374169918	4.0
0805425551	4.5
0802134491	3.0
0061706876	4.0
0345391691	4.0
0393082997	3.0
1475211201	4.0
0765326094	3.0
0061434485	5.0
0812972503	5.0
0880706317	5.0
0195056868	4.0
0307387224	5.0
0007454767	3.0
055358362X	4.0
0446573647	4.0
1449985629	4.0
1401301614	3.0
0385516223	3.0
0061470902	4.0
1438287380	4.0
0307463427	2.0
0441014100	4.0
1416583696	3.0
0983193851	3.0
0062088068	4.0
0553591258	2.0
0143118951	3.5
081299342X	5.0
0986631051	5.0
0982589980	3.0
0345534557	2.3333333333333335
1439175616	4.0
0316185906	3.0
1439150338	3.0
0147509718	4.0
055352626X	5.0
0312366280	5.0
0806511532	5.0
0399157263	3.0
B00I45QKGG	4.0
0544114604	5.0
1416583688	4.0
0765315386	3.0
0307263991	3.6666666666666665
084392800X	3.0
1434765083	4.0
1935597183	5.0
0061922315	5.0
0670022098	5.0
0061849278	3.0
0061876895	4.0
0978573234	4.0
0151012911	4.0
0099519852	4.0
1439103135	4.0
B009NOFGQM	2.0
0195135210	5.0
1594486344	4.0
0470344024	4.0
1932319832	5.0
0312426321	3.5
B00EA1VU5E	4.0
0316016381	3.0
1611090326	4.5
0446582530	4.0
0891419039	5.0
125000778X	4.0
1933346124	5.0
0544102606	4.0
B004W9NIOU	4.0
0812995201	3.5
B00G2QTLQA	3.0
0385527780	3.0
0316015059	4.0
0062024027	2.0
0312428995	5.0
1597755206	4.0
0312367546	4.0
1495266990	5.0
1467968021	3.0
038533947X	3.0
1467937762	5.0
0143118900	4.0
1596912871	4.0
0451221001	5.0
031220339X	5.0
0312425007	5.0
0060573775	5.0
0156004011	5.0
1616141913	1.0
0983732906	4.0
0307265749	5.0
1439138656	3.0
0399159002	3.0
0805097457	3.0
0061431389	4.0
B007PW339G	5.0
0307739368	4.0
014023828X	4.0
0345533283	4.5
144054414X	4.0
0978573226	3.0
148413933X	4.0
0399147012	5.0
0743449126	4.0
1564743624	1.0
0547152485	3.0
1897231946	3.0
0060724242	4.0
B00695CO7M	1.0
1594485046	3.0
073932683X	3.0
0446539740	2.0
039915728X	3.0
0399157298	5.0
1490317767	5.0
0142002801	5.0
0451235657	3.0
0307265730	4.0
1466422386	3.0
0691126771	4.0
076272756X	5.0
0385338139	5.0
0684824477	5.0
0307717127	4.0
0060530464	5.0
0399529683	5.0
1493696254	3.0
0312385846	1.0
0300122233	3.0
0316204366	5.0
098379152X	3.0
0061684341	5.0
0670021008	3.0
0345515501	5.0
0062195379	3.0
0312648715	3.0
0764206370	4.0
1442349158	4.0
0805093079	3.5
046502968X	4.0
0553591754	5.0
0553590421	4.0
0143118579	3.0
0385535481	4.5
0330449605	4.0
0985913312	3.0
0307956393	4.0
038534340X	4.0
0375414401	5.0
0393320995	2.0
0316153915	4.0
0986005916	3.0
0785115455	3.0
0060724226	5.0
0374271569	4.0
0307947432	4.0
1550228307	4.0
0060932309	5.0
0307948765	5.0
0061584991	3.6666666666666665
0615571603	4.0
0307394069	5.0
1400069750	5.0
0307336190	5.0
1416575642	4.0
0805048480	5.0
0307476464	5.0
1466367741	4.0
0007236360	5.0
031237917X	5.0
0679009523	4.0
0140390030	5.0
1416573011	4.5
0399158081	4.0
1439152926	3.0
0312339925	4.0
0060530480	5.0
0380796058	5.0
0061431346	5.0
1400043131	5.0
0060742917	5.0
0307341542	3.0
0195067142	5.0
0345285549	4.0
039915275X	5.0
B006QSOP56	5.0
0670026727	3.0
1591843820	3.0
006171951X	5.0
1612183239	3.0
0805094393	4.0
193981622X	4.0
0385341695	5.0
0802141722	3.0
1451654421	4.0
0571294197	4.0
0307452492	4.0
0061374229	4.0
0312359594	3.0
1419658840	5.0
0312600763	5.0
0062127241	4.0
1250039819	4.5
0399153209	5.0
0307341569	5.0
0306818809	4.0
0374173958	5.0
0143142232	5.0
0061143480	5.0
1616950781	3.0
0307405230	5.0
0312646976	4.0
0805069399	4.0
0307270688	2.0
1451699387	4.0
1400068452	4.0
0060175273	5.0
B008RN2P78	3.0
006051390X	5.0
B0051AOIT8	4.0
0544114531	2.0
0743491912	3.0
140004314X	1.0
0983952418	4.0
0062064835	3.5
0393065146	1.0
0312856849	3.0
0345527542	4.0
0140058893	4.0
0307742954	3.0
1937727041	4.0
B005FR28HG	3.0
0312564546	4.0
0307270696	3.0
0778326276	4.0
0788749730	5.0
0739332414	4.0
0743244230	3.0
0452296722	3.0
0345535154	5.0
0375505741	5.0
0375725881	4.0
0061791784	4.5
0312379145	4.0
0060899220	4.0
0425217825	4.0
0375425128	3.0
158567172X	4.0
1400061806	5.0
1627103899	5.0
0805082395	3.0
0446557315	2.0
0380730200	5.0
1908192550	4.0
0312368488	4.0
0316055433	3.0
0099281996	4.0
031236847X	5.0
0470382481	2.0
0312644337	3.0
0307272400	3.0
0307749584	4.0
1592405266	3.0
0385527829	3.0
0812977866	3.0
0099451751	4.0
0425192008	4.0
B00D553XYW	2.0
0316091170	5.0
0374126755	4.0
0307476405	3.0
B00CFAGTV2	2.0
030738778X	3.0
0091937426	4.0
0062064851	4.0
0764208977	2.0
0345514246	5.0
0747596328	3.0
0345501748	4.0
0375411305	5.0
0765315343	3.0
0802119859	2.0
0451207017	5.0
0141040580	4.0
B00CL1H0TA	3.0
1400048850	5.0
0061791768	4.5
1590513444	3.0
B00CF225RW	1.0
034552621X	4.0
B00701D9LO	3.0
0306809974	4.0
0446195502	3.0
0743277198	5.0
0385489099	5.0
0195038630	5.0
1466338342	4.0
1453806024	3.0
1453885765	3.5
0143121332	3.0
0060652934	5.0
0811861368	4.0
0345434498	5.0
0099581876	4.0
0399166556	4.0
0805091297	4.0
0743458443	4.0
052188747X	4.0
031269945X	4.0
1605296449	3.0
0307236722	5.0
0957296606	1.0
0684844893	4.0
0312591330	4.0
141967496X	2.0
0399155899	3.0
0393064654	3.0
0895260271	4.0
B00BA4JG96	2.0
0061977969	4.0
1490441999	5.0
B006LAAUHG	4.0
B004FN21J6	5.0
1605980072	3.0
0061998885	5.0
0307268306	4.0
0312286910	4.0
078512697X	4.0
0802117252	5.0
0307454290	4.0
1590514750	4.0
0300097573	3.0
1781852367	2.0
B00EXW70LS	4.0
125000389X	4.0
023070932X	3.0
1845765389	5.0
077832933X	5.0
0671510576	3.0
0765329921	3.0
0425210316	5.0
0143122649	3.0
0393064646	5.0
1580089283	5.0
0375401954	4.0
0312383282	5.0
0060761288	5.0
0307269620	3.0
0385511450	4.0
0312366701	4.0
0307460959	5.0
1422144054	4.0
0307715310	4.0
1565129237	1.0
B00DX38S3C	4.0
0446526185	4.0
160598440X	5.0
076532556X	4.0
0393060276	4.0
0446580503	5.0
0553591703	3.0
0345517318	3.0
B004I8WNR8	5.0
0316036315	2.5
0767905334	4.0
0143034359	5.0
B007FIQMHU	4.0
0140431020	5.0
0545265355	1.0
0312646968	4.0
1595541551	4.0
1931296219	5.0
146371100X	5.0
031625200X	3.0
078601637X	5.0
006212109X	5.0
0785126961	5.0
1938710088	4.0
B003MQMZ2K	4.0
0451226119	5.0
B00CV6ZYLQ	4.0
0812968972	4.0
1595582088	4.0
0399530630	5.0
0307279898	3.5
0060929588	3.0
0143122622	5.0
0345517326	3.0
0743211383	4.0
0061766720	3.0
1594205337	4.0
0802122647	4.0
0312539517	4.0
1250014522	3.0
0553591711	5.0
0143117289	3.0
0062121030	3.0
B00381B3ZY	1.0
0140280499	4.0
1401309801	1.5
0547483341	3.0
0743277163	5.0
0143122614	4.0
147748681X	3.0
0143036114	5.0
0385507380	5.0
1455506737	2.0
046504879X	5.0
0374157065	4.0
1439110212	4.0
1592405215	3.0
0143144839	3.0
0143123939	4.0
0151013667	2.5
055359172X	2.0
039915325X	3.0
1439177309	3.0
1442363479	4.0
0440234948	2.0
0142003476	5.0
039306770X	4.0
0312594437	2.0
1401226981	4.0
039308860X	4.0
0156013606	5.0
0545123283	5.0
0060872985	2.5
0811853756	5.0
0807504874	3.0
0312316453	5.0
1455513016	4.0
0312991428	5.0
0312341407	5.0
0307268330	3.0
0393062031	5.0
0547394608	3.0
0679750533	4.0
0385500785	4.0
0316067474	5.0
006193836X	3.6666666666666665
0307595870	4.0
0316066141	5.0
0312594429	3.0
0060934905	3.0
0374214913	4.0
0743291476	5.0
074326956X	2.0
0061625108	4.0
0553502719	4.0
0316059862	4.0
0446535931	4.666666666666667
0060937173	3.0
0553590413	5.0
0615457045	4.0
0312569378	4.0
B003XYEBZU	5.0
0307474615	4.0
0679847154	5.0
0307388298	3.0
0143116827	4.0
0575081384	5.0
0142002046	5.0
0307394972	4.0
0545123267	5.0
1480279455	5.0
0451235150	5.0
0061992704	5.0
0156008351	5.0
0399156232	3.0
0312878273	5.0
0345538196	5.0
0385349505	4.0
B006OMHJDY	5.0
014200202X	4.0
0142002038	5.0
B00GZ42RFQ	3.0
0765309467	3.0
0684813637	5.0
0061840300	3.0
B00ATRCPSE	1.0
0156030276	4.0
0345448278	5.0
1400040884	5.0
0743582438	4.5
0062223127	4.0
044661095X	2.5
0451223179	4.0
0385336209	4.0
1594484651	3.0
0143036955	4.0
0385349521	4.5
1468141996	5.0
0802844782	3.0
0802122558	5.0
0393244660	5.0
1452604010	3.0
0312341458	5.0
0446195596	3.0
1416593535	5.0
0718158970	3.0
0393068188	3.0
031234144X	5.0
0786022124	4.0
0062517090	5.0
0312378777	5.0
0312319517	5.0
B00C0JHYR6	3.0
0142002062	4.0
0307394956	5.0
0670016551	4.0
0545102340	3.0
0743276728	4.0
0593056418	4.0
1401322824	3.0
0306818078	5.0
0749463732	5.0
019538136X	3.0
0349000328	4.0
0375502726	5.0
0091954053	4.0
1596916508	3.0
0257659684	4.0
0316020702	3.0
0312308892	5.0
0316036277	1.0
074326164X	5.0
0143036939	1.0
0061725404	4.0
0812979680	2.0
0312378769	4.0
0312144075	5.0
0142002054	4.0
B00CB3N998	2.0
0451203526	4.0
0765330083	3.0
0765330091	3.0
0094801606	4.0
0345482182	4.0
0805091203	4.0
1400043921	3.0
0141011203	5.0
0812993969	4.0
0374299137	5.0
0307907333	4.0
0312306261	5.0
0843955910	5.0
0375422994	5.0
B0057IYMF4	5.0
0802121276	4.0
0143124404	3.0
0140071075	5.0
0670018309	5.0
0399156283	5.0
0062240501	4.0
1439184496	4.0
0385349548	4.5
1933060352	5.0
0307269604	3.0
1250043999	5.0
1449904556	4.0
0240813472	3.0
1400043956	4.0
0061650927	5.0
0739438069	5.0
0345505336	5.0
0345521307	3.6666666666666665
B007GXQ78S	4.0
0441715923	5.0
0142002070	5.0
0765302853	5.0
B00COGWDC6	5.0
0062065246	5.0
0553212168	5.0
0393072231	4.0
0143036998	5.0
B007MSBO4E	4.0
0805081828	5.0
0071821090	5.0
0061668214	4.0
052595239X	4.0
0345533313	4.0
0307275477	4.0
0446195529	4.0
0399148639	4.0
0399156259	3.0
0393072223	3.0
0586086706	4.0
0307394999	3.0
0984951881	4.0
0547569335	5.0
0984827803	2.0
0671746979	4.0
0375405445	4.5
080505992X	3.0
0641934173	5.0
0765311798	5.0
1616200413	4.0
B00GIUAN6C	2.0
0915297019	4.0
0393037010	3.0
0375701907	4.0
031257357X	3.0
030796650X	4.0
0307717097	4.5
1616201738	4.0
1416594884	3.5
B00BBRD6LG	3.0
0743294580	3.0
0316045187	5.0
1846942993	4.0
0316113913	4.0
0399162925	3.0
0316036234	1.0
0486229777	4.0
081221725X	5.0
1401310893	5.0
0062004379	5.0
0812978390	3.5
1455574783	4.0
1468016822	3.5
1463609337	4.0
0060846747	5.0
014242935X	3.0
0307266540	3.0
042518756X	4.0
1455504025	4.0
030737937X	4.0
0375509321	4.0
0060825820	5.0
006112429X	5.0
1401322875	3.0
0307946924	4.0
0525951059	3.0
0061233544	1.0
0767919920	5.0
0399147365	3.0
039914868X	3.0
0307388212	2.0
0143120921	3.0
0802717055	3.0
098905084X	4.0
0345478991	5.0
0764202049	4.0
0465011535	5.0
0802123015	5.0
0312368542	4.0
030737887X	5.0
0892969903	3.0
0399159347	1.0
0143142283	4.0
1439163529	3.0
0151014183	3.0
B00FAQXQ5U	4.0
0679760806	5.0
0061003263	4.0
0312868855	5.0
0758213026	1.0
0062091565	5.0
1416925457	2.0
1451691467	5.0
0553384120	1.0
0684811073	5.0
0195331079	3.0
006201630X	4.0
0857208675	5.0
0671035452	3.0
0307271064	2.5
0345478983	1.0
1250028396	4.0
0806512768	5.0
0224015567	3.0
0786014547	4.0
1416583300	4.0
1416563709	3.0
0975579940	5.0
0307877094	3.0
1933372958	2.0
0393302350	5.0
1416550402	3.0
0345507940	5.0
1742203027	4.0
0307934055	3.0
0544196376	5.0
0345532023	3.0
0062077287	5.0
0307599469	4.0
1560976705	5.0
0307744647	5.0
0312965974	5.0
1451646070	4.0
0786014539	3.0
0553109200	4.0
0446538957	3.0
0312368569	4.0
0316075841	3.0
1560976713	5.0
0061233595	3.0
0446693294	5.0
0805056866	5.0
0099458322	4.0
1908737492	5.0
0345532015	3.0
0393065049	4.0
0843957743	5.0
1451617550	4.5
0385349580	4.5
0152063765	3.0
0307599477	3.0
014312448X	5.0
0547247990	3.0
0399159320	4.0
0375435417	1.0
1416563725	3.0
0312368577	5.0
0340920246	4.0
0446538965	3.0
006114343X	2.0
0803615590	5.0
006056038X	4.0
0375414339	5.0
0375422110	3.0
0307906868	3.0
0470099410	3.0
0544158903	3.0
0743254554	5.0
0307595080	2.0
0307958086	4.0
0553386751	4.0
0385526563	4.0
1566492254	5.0
0765309416	5.0
0743276744	4.0
0306810123	2.0
0451225708	4.0
B008VYAUGG	3.0
1482670801	3.0
0670038717	5.0
006225734X	4.0
0312937016	4.0
0385525249	3.5
0811214389	3.0
0062200461	5.0
0195392884	5.0
0812993144	4.0
1852854448	5.0
0307595099	3.0
0070703965	5.0
0765309408	5.0
0060598964	4.0
0312370830	4.333333333333333
0307592820	4.0
1594485151	3.5
0985555807	4.0
0307264785	5.0
0312872917	4.0
006065337X	4.0
0813561159	5.0
1612000762	2.0
1571458271	4.0
0307450694	4.0
1439152845	4.0
145584215X	5.0
1401941672	5.0
0770436404	4.5
055338676X	4.333333333333333
0385486081	5.0
1591842425	5.0
0060852577	4.0
1595549404	5.0
B00IWTYFM0	1.0
0849943736	2.0
0465045766	5.0
0375831002	5.0
0451412990	3.0
0062073710	5.0
0345524438	5.0
1449532438	5.0
0307450678	5.0
174220564X	3.0
0307718344	4.0
0316018422	5.0
0849943728	2.0
0765321971	4.0
1477808647	4.0
078510772X	4.0
0812995783	4.0
1439101280	3.5
1451613156	4.0
1416563768	5.0
0143124463	4.0
0988701243	4.0
0062073729	5.0
1592910122	4.0
0977309304	5.0
1475031904	4.0
038548609X	5.0
0061445886	5.0
0312383304	5.0
1476725179	4.0
0670024872	4.0
1555975410	3.0
0393046710	5.0
0312576463	3.3333333333333335
1608090205	5.0
0595425232	5.0
0802779131	4.0
1938231503	4.0
0446577022	3.0
0615575072	4.0
044657967X	3.0
1400067200	3.0
0545128285	4.0
1565125614	1.0
0525953728	3.0
0312301448	5.0
1416541527	5.0
0306813041	5.0
1741047358	5.0
0345535243	5.0
0312379293	4.5
0451209540	5.0
0345504968	3.6666666666666665
1596910429	3.0
0399155708	2.5
0374123543	3.5
B00ATJUROG	5.0
0988770504	5.0
0739332570	5.0
1421527723	5.0
1494735482	5.0
0375759999	5.0
014104179X	1.0
0060516054	5.0
159797496X	5.0
1491265434	3.0
0786866772	5.0
0060735023	4.0
0785120920	4.0
0812977912	5.0
0312600666	5.0
0307394182	5.0
B00A13UQY6	3.0
080271594X	5.0
144233729X	2.0
0316206202	5.0
0778328791	4.0
0007430590	4.0
0446525804	3.0
0061472808	5.0
0805094261	5.0
B00A8QWOOQ	3.0
0451461118	4.0
0743554434	4.0
1400034302	4.0
0802119921	3.0
0143143670	3.0
0142428922	3.0
0316159360	4.0
0446533424	5.0
1936730081	5.0
0307269582	4.0
0802138209	5.0
1482616319	3.0
0061924687	3.0
0778326128	4.0
0812977947	3.0
0062015729	5.0
1467917109	5.0
0312872178	4.0
0425167135	5.0
0307742857	5.0
1597070955	5.0
0140289526	3.0
0312351747	4.0
0312622899	4.0
0385319673	4.0
0330484966	3.0
1416539883	5.0
0312534817	4.0
0307387879	4.0
1480216518	3.0
0374257116	3.0
0060773324	5.0
1483931676	4.0
0151014019	4.0
1611064791	5.0
0330444085	4.0
0743575318	3.3333333333333335
1608090248	3.0
0982705611	3.5
0312552696	5.0
0143142356	5.0
0330535382	4.0
0446677906	5.0
039307966X	5.0
076117480X	5.0
0312368585	4.0
0312622007	4.0
0307472191	2.0
0061809497	5.0
0743220137	5.0
B001O5CHQU	4.0
0671532855	3.0
0375425233	3.0
0452295505	3.0
0061147958	3.5
0312658850	4.0
B004XJ6Y1S	2.0
0843957522	5.0
0062015702	4.0
037543190X	5.0
B008DYPEFQ	1.0
1416599797	5.0
0061655953	2.0
0316011770	4.333333333333333
0060196092	5.0
0099530384	5.0
1419702750	3.0
098767174X	4.0
0060853972	3.0
1451655843	3.0
B007TKATSM	4.0
0061989185	5.0
0802119999	3.0
0425155781	3.5
0143142372	5.0
0553593625	2.0
0060735066	5.0
0143118641	3.0
1439156336	5.0
0312266324	5.0
0307476537	3.0
1451617585	4.0
0399155724	3.0
1932563199	4.0
1439101213	4.0
1565129164	3.0
0312384610	2.0
0307262995	5.0
1478295856	2.0
0300088779	4.0
0802119964	5.0
0142004839	5.0
0802118631	3.0
0989148912	3.0
0374281092	5.0
1569757119	3.0
1400067227	3.0
B006BF2UAG	5.0
1581807309	5.0
0812984250	5.0
1475222548	3.0
0151879834	5.0
0345527682	4.0
0061147974	5.0
B00A1SONJK	2.0
0741406616	5.0
0452260892	5.0
0062255657	4.0
1740597990	4.0
0340770708	4.0
0142428949	4.5
0553806882	5.0
0743245423	5.0
0521491290	4.0
0061809462	5.0
B007XEMBNU	3.0
0984988114	5.0
0312358342	4.0
140006855X	4.0
0060529342	3.0
0312423926	5.0
0312271794	4.0
0195135091	5.0
013706506X	3.0
0062037927	3.0
0312274823	4.0
084396166X	4.0
1402212895	4.0
1451612753	3.0
0007157150	3.0
0060609192	4.0
0137065078	5.0
0307749436	3.75
0465014488	4.0
0316013587	4.5
030797071X	3.0
B009GCHDGC	4.0
0547985584	2.0
0399143793	2.0
0805095535	4.0
147813223X	4.0
0061128856	5.0
0399247769	3.0
0330418386	5.0
1935670913	4.0
006051079X	5.0
0312271786	3.0
0752888528	4.0
1595542779	5.0
1477588779	2.0
0195314395	4.0
0316036218	3.0
1615990259	4.0
034911904X	4.0
0061002860	4.0
006135323X	4.0
B00B0MKRDW	3.0
0374161879	4.0
B00GBJC4BC	4.0
0374298785	3.0
0061771155	3.0
0399158804	5.0
0312874766	2.0
1612180914	4.0
0804138591	5.0
B004MPRE9E	3.0
0307700186	1.0
0985588039	3.0
0544034600	4.0
1592868029	4.0
0767904133	4.0
0316017922	3.8
0786867205	5.0
B00AZSCFQO	4.0
1440527016	5.0
0143116096	4.0
0061692034	4.0
0525949607	3.0
0786708875	2.0
0521176042	4.0
146995575X	4.0
038552353X	4.0
1477571086	1.0
0671775472	4.0
0805091157	3.0
1612183182	3.5
0316206296	4.0
0743552660	5.0
0062012614	5.0
081255731X	5.0
1402212887	3.0
0812967739	5.0
1469984202	3.0
1612180922	4.0
0061995037	4.0
0385523556	3.0
1250026628	4.0
0451219708	4.0
0544077792	3.0
0345451910	4.0
B00BEYRGZS	3.0
0143122746	5.0
1565126076	3.0
0192807234	4.0
145161800X	5.0
0679446753	5.0
0385531117	2.0
0312628196	5.0
089296068X	5.0
0306817438	4.0
0307394131	3.0
1400051746	4.0
0385493282	5.0
0679453040	4.0
1560978392	4.0
0307956458	5.0
1565126068	4.0
0802713327	5.0
0060738170	5.0
0615532799	5.0
0345530411	3.0
0375868275	5.0
030726291X	3.0
145584165X	4.0
0981713653	5.0
0307700119	4.0
0143038656	5.0
0446530387	4.0
034912132X	3.0
1932300538	4.0
0399153152	4.0
1453885684	5.0
0060972483	5.0
0307947513	3.0
0312622872	4.5
078601623X	3.0
0312280696	5.0
1400004454	4.0
0312265077	5.0
0316126489	4.0
0385333102	5.0
0312384696	3.0
0307700143	4.0
044669570X	5.0
0691025118	4.0
0099429799	5.0
161984186X	5.0
0936184973	5.0
0451220714	4.0
0312349491	4.0
0385342063	5.0
0307886883	4.0
074327041X	4.5
0373892292	3.0
0307291448	5.0
1611098947	2.0
0345446593	1.0
0425072959	4.0
044657788X	3.5
0061252573	5.0
0843961643	2.0
141433558X	5.0
0345531760	4.0
0385532458	4.0
0966830415	4.0
0312349483	5.0
0307700135	4.0
1589826817	3.0
1400051738	3.0
1410419592	4.0
1416986324	3.0
0451232704	4.0
0465027784	4.0
0618562125	5.0
0143117378	4.0
1592333028	4.0
0312306342	4.0
0143112589	5.0
0307387089	3.0
0399149821	3.0
0449129551	4.0
0452263034	5.0
0373892306	5.0
0871404028	2.0
0743298853	5.0
0307876705	3.0
0143115618	5.0
0143123238	4.5
0345516044	3.5
054733608X	3.0
0385488718	1.0
037540404X	5.0
0547330790	2.0
0061689246	5.0
0446610844	5.0
0380977559	5.0
0062249894	3.0
0615662277	4.0
0340734272	4.0
0345453743	5.0
0778326918	4.0
0345505492	3.3333333333333335
0061962163	4.0
0802120016	5.0
1940511062	4.0
0345460030	5.0
0307743292	5.0
1621570274	4.0
1419320424	2.0
0778314944	5.0
0061759570	3.0
1416590595	4.0
B004U2ALC6	5.0
0312385188	4.0
0786711515	5.0
0307387062	3.0
0944502202	5.0
0312426933	5.0
0743250893	5.0
0062067753	2.0
0143124544	5.0
0761128182	5.0
145151705X	5.0
030795157X	3.0
0684855380	5.0
080509069X	5.0
0345404793	5.0
1439153213	4.0
0061937193	1.0
0345505476	3.3333333333333335
006211946X	3.3333333333333335
0393035158	5.0
0091936810	4.0
1451635486	3.0
0307743268	3.0
0307387070	3.0
0984697411	4.0
0345301110	3.0
0345460057	5.0
B00CJ3UPTW	5.0
0307955958	5.0
0789749734	3.0
0312327269	5.0
098362321X	5.0
0345339703	5.0
0452256763	5.0
0385524927	5.0
0786867280	5.0
B006N2ZBD0	5.0
0810978490	2.0
0762438819	5.0
0399149864	4.0
0061875724	3.0
1466417609	3.0
0767914392	1.0
1466373547	5.0
1594149542	4.0
1454901276	5.0
0312421265	5.0
0007230206	4.25
0743571878	4.0
0375431101	5.0
0312421273	4.5
1456618946	2.0
0843958073	4.0
0061710245	5.0
0316089516	3.0
1401235077	3.0
0307275337	5.0
B0095JX7F2	1.0
1605984469	4.0
1401215467	4.0
1439197687	3.0
0312595697	3.0
1844835154	4.0
1906669015	3.0
0345530373	3.0
1595547509	2.0
1484105796	2.0
1741799996	5.0
0230769152	3.0
0399157476	4.0
0786867264	4.0
0471548065	4.0
0399156151	5.0
1591025834	4.0
159020171X	5.0
0743570537	4.0
0307710319	3.0
0446532967	2.0
B006F6P1MK	5.0
0606235035	5.0
0451192249	4.0
1440196249	2.0
0061362956	4.0
0060175966	5.0
0451216776	4.0
0399157468	4.0
1416964053	4.0
0399156135	3.0
006128856X	3.0
0007157177	4.0
1400054710	5.0
0385532504	3.0
0316036129	3.0
0684810468	5.0
1908129433	5.0
0060890096	1.0
0385349408	3.0
0674057392	4.0
0312604254	5.0
1421402262	4.0
061888436X	4.0
0843960396	3.0
0984083626	3.0
0062201050	4.0
0374207682	4.0
0671472704	5.0
0143120131	5.0
0307460983	4.0
0843958081	5.0
0061624772	4.0
006157662X	5.0
0553258478	5.0
0755334418	4.0
1591842360	2.0
1400078741	3.0
0451183347	4.0
0061725374	5.0
0143142399	5.0
0307464539	5.0
0785120874	4.0
1592641598	4.0
1608195228	4.0
0151015392	5.0
0345533461	4.0
0312289871	1.0
055380734X	3.0
0316666009	5.0
0099513021	4.0
1480039810	3.0
0385524072	3.0
1451672489	3.0
1591398401	4.0
006103097X	5.0
0670014656	4.0
0143115693	4.0
0446550736	4.0
0143118722	4.0
030727795X	5.0
159315237X	5.0
0312272189	4.0
0670025348	4.0
0340770732	4.5
0802119093	5.0
156947494X	2.0
1939564085	3.0
0143118706	3.0
0679443746	5.0
1591842344	4.0
0292726503	3.0
B0006CJ9CM	4.0
1741799988	4.0
0399156178	5.0
0143145444	4.0
1401207863	3.0
174179997X	4.0
1612183980	3.0
1481107151	1.0
0061969672	4.0
0316033979	4.0
B00850R2JY	2.0
0743243714	5.0
0307592715	3.0
0195138937	5.0
0679731377	4.0
0061147931	4.5
B002UKON5Q	4.0
0785147098	5.0
0857661930	4.0
0988793229	5.0
0547970447	4.0
0380715430	4.0
0743280717	5.0
1440557675	4.0
0982015186	2.0
B004E10W0E	1.0
1455507210	4.0
0544002253	4.0
1402280912	3.0
1569474966	4.0
0812970586	5.0
1416534911	5.0
0143113011	5.0
1586422243	4.0
0062200577	4.666666666666667
B00FQU48XY	4.0
1451659482	4.0
1741799929	3.0
0312606842	4.0
0307272222	4.0
1592333907	3.0
0312389566	5.0
B009KELVNW	4.0
0312265867	5.0
0609606220	3.0
0399159266	3.0
0786711582	5.0
0399165940	4.0
1469234289	4.0
1400044529	3.5
0399147292	4.0
0393327582	4.0
0679733973	5.0
1250030730	4.5
161695230X	4.0
0312335776	5.0
0446572985	3.6666666666666665
0984725113	3.0
1428511261	4.0
0307273563	3.5
B00A1P6Y72	4.0
1741799910	3.0
1612383874	3.0
0547859082	3.0
0394555090	5.0
0192803689	5.0
0802119913	3.0
1586488015	4.0
0805098577	4.0
0061340782	3.0
0446584967	3.0
1565129903	4.0
0375422250	2.0
0399147284	4.0
1933929014	1.0
1899344764	5.0
0975366432	4.0
0399147268	5.0
1250003164	3.0
0393068005	3.0
1611099358	5.0
0375416854	4.0
B007MF3NK0	4.0
0307985768	4.0
B00CK7KDRQ	2.0
0007441290	4.0
0375834869	5.0
0446550760	3.0
0307273571	5.0
0785115463	5.0
1591843634	4.0
0778314103	5.0
085720873X	5.0
0785115471	4.0
0385536038	5.0
0375726241	4.0
0312426100	5.0
0307264653	5.0
0299174905	3.0
0062237845	3.0
077832740X	5.0
080410929X	4.0
0805242872	3.0
031236427X	3.0
0805098542	5.0
0385336187	4.0
0425064409	4.5
0345504984	3.0
0307960498	5.0
1439101167	5.0
0143115626	5.0
0307277941	4.0
0307264645	4.0
0143123246	4.0
0310325501	5.0
0307360814	4.25
0671027972	3.0
031286504X	4.0
0553278029	5.0
1463507577	1.0
0060885599	5.0
1579620477	5.0
0060654570	4.0
B00486U4EE	4.0
0375505008	5.0
1622097475	4.0
0061173932	5.0
0374281149	4.0
0843961953	4.0
0312359314	4.0
0843958308	4.0
0825305152	1.0
0143120646	4.0
0141040343	4.0
B00EIS9XIA	1.0
0857683098	5.0
0741419858	4.0
1444727338	4.5
0812974530	5.0
0805095497	3.0
145515668X	4.0
0312632142	4.0
0307595609	3.0
0312600534	5.0
0375708278	5.0
0843959622	5.0
0758234910	3.0
1555976611	3.0
0375504222	3.0
0571221858	5.0
0316069434	3.5
0843960612	4.0
1933354100	4.0
0312986289	4.0
140120712X	3.0
070117756X	5.0
0312347316	3.0
B004U349UA	5.0
1439109028	5.0
0393079988	4.0
0385660065	5.0
0375725601	5.0
0812982142	5.0
0393326063	5.0
1426701926	4.0
1608190161	3.0
0140084991	4.0
0843959630	5.0
0312628099	3.0
0843959657	5.0
0740784900	3.0
0843960647	3.0
0345446666	4.0
0141002050	4.0
0765327104	4.0
1477848894	5.0
0385517831	2.3333333333333335
1413310508	5.0
B008YQJEFY	4.0
0446613789	5.0
B009OW8ELC	4.0
1481028642	4.0
0805094148	3.0
0670072818	5.0
0451237900	5.0
0618858644	3.0
0307715159	4.5
0375409289	3.25
0843959665	5.0
0316078395	4.0
1608190153	3.0
0312347308	3.0
0375409270	3.0
0446386898	5.0
0061493856	4.0
0843959649	4.0
0718154835	3.0
054784803X	3.0
0679761047	5.0
031242843X	2.0
0141040378	4.0
1591842735	4.0
087113974X	1.0
0747245096	4.0
1612183476	1.0
0060004878	4.0
0385536100	4.0
0385537433	4.0
0375760830	3.0
0758234937	3.0
0061804096	4.0
0385618506	3.5
145051054X	5.0
143917718X	3.0
B00359FHZ6	4.0
0312600526	5.0
1611090997	3.0
0812974549	5.0
0743597222	5.0
0786866616	3.0
0553382551	5.0
0307461181	3.0
0375410252	4.0
0615832563	4.0
1400095832	3.3333333333333335
0330411675	5.0
1401310192	5.0
0307272621	4.0
1595547088	5.0
0062094475	4.0
0375410244	5.0
0143116592	4.0
1422367061	5.0
0987214942	3.0
0595497837	3.0
0312303785	4.0
0425269205	3.0
0843961902	4.0
0312675291	3.0
0385721579	4.0
1463742428	3.0
1573225517	5.0
0143119605	3.6666666666666665
0375758585	5.0
0316182214	3.0
1400095824	5.0
184767786X	4.0
1416592806	5.0
0375411569	5.0
1621571602	4.0
052595077X	3.0
B005V257FK	4.0
0860685411	5.0
0316001821	5.0
0307596907	4.5
B00BQ2ZXVW	3.0
0300126891	5.0
1439190135	5.0
0307454894	4.0
1620160129	4.0
0843959614	4.0
0312680635	3.0
0802143717	3.0
1400095816	5.0
0316069485	3.5
0385533039	4.0
1466338121	1.0
1741047021	5.0
0062049801	3.8
0062073559	4.0
1594488398	5.0
0739458213	5.0
0470128224	4.0
1416986278	3.0
0142428604	3.0
1586421867	5.0
0312340710	5.0
0843961937	5.0
1595547061	5.0
030727263X	4.5
0385521065	2.0
160819938X	3.0
006109286X	4.0
0465007201	5.0
0843959606	4.0
1250010764	4.0
0316010782	5.0
0345499123	3.0
161218653X	4.0
0547504195	4.0
0307740994	4.0
0714859028	5.0
1590203135	4.0
0307269019	3.0
0385534361	4.0
1451675542	4.0
1481247816	3.0
0374155062	3.0
0812977610	5.0
0345500652	5.0
0615473350	4.0
0060932562	4.0
0312340702	5.0
1557049939	5.0
0151013047	4.0
0393062244	5.0
0812532155	3.0
014312241X	4.0
015101387X	5.0
1250028965	5.0
0312343809	5.0
0399157840	3.0
0446520659	5.0
0060560959	5.0
1401340873	4.5
089296801X	5.0
0060760176	5.0
B000MAH6AK	4.0
0316024597	1.0
0615555748	3.0
1590514505	5.0
0307379051	4.0
0684868644	3.0
0399157832	3.0
061558070X	4.0
0061782165	4.0
0307943232	3.0
1419961268	3.0
0802714587	5.0
0765314630	1.0
0812977637	4.0
1611735270	3.0
1591026083	5.0
0399157824	2.0
0345528204	3.0
0143170090	4.5
0446539252	3.0
B006LWJ75K	4.0
0465013058	3.0
0060789808	5.0
1449593267	2.0
0878395601	5.0
034537407X	4.0
B008DTY2HC	5.0
0312581793	3.0
0061537934	3.6666666666666665
0316602906	3.0
1936493446	4.0
0805093699	3.0
1401213863	4.0
0307272605	4.0
0316032190	2.0
0399157816	3.0
0151012547	4.0
0399152121	5.0
0547419899	5.0
0810152002	4.0
0984302484	4.0
1416599452	2.0
074359679X	4.0
0451188489	5.0
0553382527	4.0
0345517563	5.0
0060291702	4.0
0446527289	4.0
0307888754	5.0
0140280243	5.0
0740785419	5.0
1451645759	4.0
0957218907	5.0
038097763X	5.0
0765322234	3.0
0843961996	3.0
156947981X	4.0
0061825867	5.0
1451611501	5.0
0807830410	4.0
0451524918	4.0
0316686565	3.0
0316279722	2.0
078510271X	3.0
0931548624	5.0
0765317710	5.0
0672523833	5.0
0061438596	5.0
0843959681	5.0
0141015357	5.0
0785124993	4.0
076034406X	5.0
0812516958	4.0
0399145893	5.0
0674007514	5.0
030727747X	3.0
0307277488	3.0
039592720X	5.0
0345807154	3.0
0434020362	3.0
0618721940	3.5
1416533125	3.0
1118299280	4.0
0307396444	5.0
0425263053	5.0
006228553X	4.0
1605490164	5.0
1480285013	3.0
0307379086	3.0
0316198625	3.0
0843959673	5.0
0822962012	5.0
0345427505	5.0
1590511409	4.0
1400062977	5.0
1594148872	4.0
1400068282	3.0
1456561510	1.0
0374236917	4.0
0374117551	5.0
0060542276	5.0
0385323697	5.0
0156001411	5.0
0470553731	3.0
1592406750	4.0
0060883960	5.0
1490534830	4.0
B00I2CJCWU	4.0
0955708923	4.0
0393067947	2.0
0786714387	4.0
1442344989	5.0
1477655085	3.0
0802143784	5.0
0812976363	4.5
0062209841	4.0
0865478619	2.0
0061451541	3.0
0312313195	4.0
0061651605	5.0
1938383044	5.0
0312363400	5.0
0142003697	5.0
0099450259	4.5
0547519273	4.0
0061717142	3.0
0312209282	5.0
1250033470	5.0
0316069418	3.0
0385742444	4.0
1592121705	3.0
0812968778	5.0
0143117912	3.0
0062297600	5.0
0881929123	5.0
0811862976	4.0
0316176486	4.5
031286518X	5.0
0778325938	1.0
0843961155	3.0
0399155147	2.0
1426430981	5.0
0060855029	3.0
0743423984	5.0
0307388050	5.0
1617521361	4.0
0451202473	1.0
0930289390	5.0
0138138109	4.0
0060524464	5.0
0143170104	4.2
0312938543	3.0
0800721527	2.0
0007162219	5.0
0761457909	1.0
0385529007	1.0
159448791X	4.0
0307265439	5.0
0307460681	4.0
0352329351	1.0
0843961147	5.0
0983729840	5.0
0307932508	5.0
0007337701	4.5
093766071X	2.0
1439190976	4.0
0312934173	4.0
1482327929	3.0
0156372088	2.0
0843953535	4.0
0061689378	5.0
0062120395	5.0
0956151043	4.0
0312380828	3.0
0679442928	4.0
034542753X	5.0
0739339656	4.666666666666667
0446574457	4.0
0307277453	5.0
044617792X	3.0
0446177938	5.0
0812968794	5.0
1426702353	4.0
0132100568	4.0
0060391626	5.0
0618197370	4.0
0062236679	4.5
0425186431	5.0
0312538847	5.0
0385488858	4.0
1416534407	5.0
0743251628	5.0
0545227380	5.0
1613823592	3.0
0679772618	4.0
0316211222	2.0
0812968786	5.0
0060958294	5.0
0451215753	4.0
0743578198	3.0
0525945415	2.0
1439164681	4.0
0843957905	4.0
0802120113	5.0
0764202677	3.0
0843961163	3.0
0062132393	3.0
0061840548	3.0
0843962496	4.0
0375422749	3.0
0767906810	4.0
076792648X	2.0
0843961171	4.0
0307460665	4.0
0446562416	3.0
0812978102	5.0
0307459683	3.0
0805093621	4.0
0375422757	3.0
0307987647	5.0
0307700887	5.0
0399146237	4.0
1416593322	4.0
0395779278	4.0
0500050937	5.0
0143038923	5.0
B004IK8FRI	2.0
0061233331	5.0
1442346760	2.0
1580627749	3.0
0142429112	3.0
0060787295	5.0
1598879251	3.5
1589794206	4.0
0307700879	5.0
0765320460	4.0
0778315703	5.0
1430327545	1.0
0307932540	4.5
0843961104	4.0
0140282033	5.0
0802120172	4.0
0740797352	3.0
0151787336	3.0
0441102670	4.0
1451611595	5.0
1932557059	4.0
1482053837	5.0
0312616120	3.0
0399158200	3.0
0142429104	3.0
0393049248	4.0
0061689335	5.0
0385359594	5.0
0316096156	4.0
0316224553	4.0
B008I6330M	4.0
1400043700	5.0
0099574918	5.0
0805448748	3.0
0071446435	2.0
0312890176	4.0
0156006391	5.0
0345384210	4.0
0843961139	5.0
0973695552	5.0
0802120164	4.0
157322197X	4.0
0764167251	5.0
146626988X	3.0
1592402429	5.0
0451404289	4.0
1420123211	4.0
0812979486	3.0
0091944058	3.0
0316224588	5.0
B00EXZQAHK	3.0
0547844581	3.0
1455124168	3.0
1475169639	5.0
0843953500	5.0
0802119166	4.0
0679643753	3.0
0805030077	4.0
0060758759	5.0
0142004030	4.5
0312890184	4.0
1451627939	4.0
039915647X	4.0
0380820870	5.0
0764222228	1.0
0345384229	4.0
0345389913	4.0
0307744434	4.0
0618573097	5.0
0060011912	4.0
0764125400	2.0
0312940823	5.0
0330326481	4.0
0765315904	3.0
031264065X	3.5
045121577X	5.0
0307720454	3.0
1439153957	4.0
0143117998	4.0
B005MRTK2U	3.0
0743464451	4.0
1591845750	4.0
081099447X	5.0
0061655988	5.0
0099766817	5.0
1442361557	5.0
076792200X	3.0
0140077022	5.0
0099448769	4.0
0789404257	3.0
0871405881	4.0
0375704752	3.0
0099468387	4.0
1451605781	3.0
0470044950	5.0
0439139597	5.0
1456414143	4.0
0061456381	3.0
0525951261	3.0
1439138311	4.0
0547576722	3.0
0671793543	4.0
0385527209	4.0
0340840161	4.0
1596912324	5.0
0393070654	5.0
1579128149	5.0
0984598510	5.0
0061706515	4.0
0062107313	4.0
0312547749	5.0
0399160566	4.0
0449910571	2.0
1933372710	5.0
0451224671	4.0
B005NF3SGK	3.0
1602396566	5.0
1478148292	4.0
0060175400	4.0
0385362307	5.0
0060585439	5.0
0671499017	5.0
0751536822	4.0
1596912316	4.0
0375758593	5.0
146792475X	4.0
0061655961	2.0
1451693419	4.0
0385340990	5.0
1603183310	4.0
0062015680	4.666666666666667
0307712842	4.5
0812982215	4.0
1481113704	3.0
0765366665	5.0
0374275637	4.0
143913832X	4.0
1451624085	3.0
0307408965	2.0
0739369466	5.0
0006550436	4.0
086171380X	4.0
031622328X	4.0
0142001805	4.5
0800719271	4.0
0345505514	4.0
0143112279	5.0
B007QXV9S6	3.0
0399155198	3.0
1573221937	4.0
B008PKPNIG	4.0
0802120199	5.0
0743411943	5.0
0684857057	4.0
141331189X	5.0
0394514009	4.0
0765315025	4.0
1451672594	2.0
0062246879	3.0
0020306652	5.0
000755947X	5.0
0060884347	5.0
0399152997	5.0
0143117955	1.0
0312276885	4.5
068486729X	4.0
B00FJ6E88K	1.0
0399148019	5.0
084396118X	5.0
0312271190	5.0
0987717618	2.0
0307272583	3.3333333333333335
1582343306	5.0
0393339440	5.0
0843961198	4.0
0140177191	2.0
0385537468	4.0
0195159543	5.0
160320184X	5.0
0800719255	4.0
1594485380	3.0
1605984183	3.0
0547055072	5.0
0609808656	5.0
0062015664	4.0
0297863924	3.0
0801892465	4.0
0312869509	5.0
B008O58JR4	5.0
0345429397	4.0
0226770990	5.0
0981574114	5.0
B00BEWB89K	4.0
0374157618	5.0
0345452577	3.0
0843957921	5.0
0743287649	4.0
0316097403	3.0
1452660336	5.0
037572740X	5.0
0007269854	3.0
0375727418	5.0
1442362855	4.0
0547341539	3.0
0399158294	3.0
0307272591	4.666666666666667
B00ACMBDP2	1.0
0307382729	4.0
1582345961	5.0
0385536127	4.0
030737999X	3.0
1453239340	4.0
0375401253	5.0
0425086569	5.0
0307377342	5.0
0156030888	4.0
1426212666	2.0
0984203540	1.0
0374298904	4.0
0843953578	5.0
0230609643	2.0
0307593916	3.5
034550111X	4.0
0802860613	4.0
193290736X	5.0
1497463688	3.0
078514935X	5.0
B004TNIXYY	5.0
0425132048	4.0
0679764100	4.0
1571310592	5.0
0007559461	5.0
0981574106	5.0
0312380895	5.0
0743219570	4.0
0399152970	4.0
193269546X	4.0
0743242785	5.0
0778327779	4.0
0399158278	3.0
0307377377	3.0
B004LB4FBE	5.0
0980033942	5.0
0425228797	4.0
0307352072	5.0
1401309267	4.0
0451185455	5.0
031601429X	5.0
0345514408	5.0
B00AU0YU92	3.0
0544002180	4.0
1602860483	3.0
0764200054	3.0
0091953855	3.5
0785117776	2.0
0743219562	5.0
0345452593	3.0
B007GJOJNW	1.0
0449911888	3.0
0316010707	3.5
0525953876	4.0
0385537476	1.0
1400067758	2.0
1451649312	4.0
0307589889	5.0
0441328008	4.0
006224860X	4.0
1490999108	5.0
0224098101	3.0
0739344307	5.0
0399155945	3.0
1250009006	4.0
030793313X	4.0
1426700709	4.0
1456401580	4.0
0345807065	3.0
1612182038	4.0
0307272540	4.0
B00E3OEJYW	4.0
014102724X	4.0
1401312683	4.0
1590513134	4.0
0312334141	5.0
0307984737	3.0
0345526511	4.0
0767931122	3.0
0843960507	3.0
081256166X	5.0
0449224147	5.0
0143118455	3.0
0399155937	4.0
0451222768	2.0
1579654355	5.0
0316069310	4.0
0143120751	3.0
0752858939	5.0
0615726585	3.0
0312428545	3.0
9187173220	3.0
054774501X	3.0
1612183379	4.0
0805069089	4.0
1592408486	4.0
1413318355	5.0
0142422592	4.0
013235778X	4.0
0843961856	4.0
0664224199	5.0
0312384416	5.0
1451661061	3.0
0345518918	4.0
1451685033	5.0
1426742568	5.0
0843960523	4.0
0739322974	2.0
0316204269	4.0
0307959759	3.0
0306814145	5.0
0307378705	3.0
0099440784	5.0
0451225805	3.0
0316035998	5.0
0312269609	3.0
145550923X	1.0
1451674384	4.0
0679451080	4.0
0983511268	4.0
0312864795	4.0
0385742371	5.0
1482363682	4.0
1887368620	5.0
006209565X	5.0
0007136838	4.0
0061236225	5.0
1451645821	5.0
0671747584	5.0
0312658656	1.0
B00CEL5530	3.0
0061230901	4.0
1480092681	3.0
1478272961	5.0
0061579033	3.0
0778326381	4.5
0307353400	2.0
0330450972	3.0
0743254562	5.0
1456331183	4.0
0060518499	5.0
1612183352	4.0
0345491327	5.0
0345024850	3.0
1887664793	5.0
0812975995	5.0
0061950718	2.5
1933538406	5.0
0061251836	4.0
1594487154	4.0
0345441036	3.5
143915614X	4.5
0345526546	4.5
0312384408	4.666666666666667
0843958200	4.0
0060826584	4.0
0143120727	5.0
084395776X	5.0
0345527895	3.0
0312278543	4.0
0345413881	2.0
0385513534	4.0
1602861072	3.0
0805096663	4.0
0143114050	4.0
1586485156	2.0
031268052X	3.0
0060840897	5.0
0316713902	3.0
0307272508	3.0
1933372923	3.0
0307718964	4.0
1466254971	2.0
0843956453	4.0
1596980591	5.0
0345526570	4.5
0385392907	4.0
0143119729	4.0
0061227331	4.0
B007B5CU0U	1.0
141659518X	5.0
1585424587	5.0
0380486032	5.0
081186782X	3.0
0345547497	4.0
0141020644	2.0
1932695621	4.0
0316069353	5.0
0312347480	5.0
1451534280	4.0
0307272516	3.0
0061730882	3.0
0307743926	3.0
146818945X	4.0
0449012751	4.5
0060520752	5.0
B00DQ0LK8W	5.0
030758836X	4.333333333333333
038072846X	4.0
0743243021	5.0
0520230647	5.0
0307264939	4.0
0312360401	5.0
0789749491	3.0
1624820328	3.0
0758209827	4.0
1416595163	5.0
0307353451	5.0
0312347472	5.0
0743448308	5.0
060980684X	5.0
0060838582	4.0
0609806858	5.0
0393079899	4.0
0374161623	4.0
0002247399	3.0
0061215325	3.0
0061703257	5.0
0805069054	5.0
1414300670	3.0
030795711X	3.0
0399149295	4.0
1933633638	5.0
0975540416	3.0
0547427522	3.0
0099528274	3.0
0312379013	5.0
0740784811	4.0
B00IJVAVT2	1.0
0945707258	4.0
1609803493	5.0
B00AABHU70	4.0
1416599533	4.0
0312368380	3.0
159691419X	3.0
0312383991	5.0
0099481243	5.0
0385340044	5.0
0385517920	3.0
0316010669	3.0
0812973372	4.0
0385340052	5.0
0316007021	3.0
0684827107	4.0
0778328112	5.0
B00486U7BY	5.0
0061030643	4.0
0062004808	5.0
1451627149	2.0
0061227366	4.0
0345325818	5.0
0441012817	5.0
1489539042	5.0
0385521111	5.0
0393088758	4.0
0449219631	3.0
0399153365	5.0
0765306905	4.0
0547496966	3.0
B0060M8GYY	4.0
1463606656	5.0
0786865296	5.0
0802833829	4.0
0345517652	3.0
0785121161	4.0
0307269760	3.0
B004UWPPWC	1.0
0307379175	3.0
0141196041	4.0
0151013772	2.0
1612185142	4.0
0802119301	4.0
0345542606	5.0
0399157719	5.0
089526014X	5.0
B00CBJXM1M	5.0
0385352093	5.0
0812968808	5.0
0802714471	4.0
1608090035	3.0
0385509480	4.0
0062102419	3.0
0743412338	5.0
0307270777	3.5
1250010071	4.0
0316188514	4.0
0140264078	4.0
B0097G7FUG	4.0
006092988X	5.0
0316132950	3.0
0843959592	5.0
B0057JQ8C8	5.0
0805095306	3.0
0062237152	5.0
1401301177	5.0
0441006159	4.0
078511484X	5.0
0061787760	2.0
060617110X	4.0
1493539310	5.0
1439181969	3.0
0307279111	4.0
B00DCFQTVE	4.0
0307346277	3.0
0140270779	5.0
0857382209	5.0
0307455475	4.0
0758234899	3.0
0446195618	3.0
1937185001	5.0
159184309X	2.0
0399155996	3.0
0142196339	5.0
0670022403	5.0
1400043093	2.5
0811867811	4.0
0786866586	1.0
0307596885	4.0
034541389X	2.0
B008R2O1FI	3.0
1612185134	3.0
1582970912	5.0
0143034480	5.0
0310270502	4.0
039332902X	3.0
0316219347	4.0
0307988295	5.0
0385535775	3.0
0230014801	5.0
0743215834	5.0
1463557159	3.0
0312430000	3.0
0778329488	3.0
B003TZLM3M	4.0
1460990757	5.0
0307739856	3.0
0751550213	4.0
006172372X	5.0
0547429339	3.5
0385729324	5.0
0307379183	3.0
1594482306	4.0
0345527011	5.0
0300095244	4.0
0307596850	3.0
0399155104	5.0
0345807022	4.0
0843961872	4.0
006169049X	4.0
1416538704	3.0
B0099SDQMS	2.0
1592286542	4.0
0060195827	5.0
077043715X	3.0
1933615982	5.0
0812975146	5.0
0375708111	5.0
0007217110	4.0
031230434X	4.0
160819812X	3.0
0802119344	3.0
0062237187	4.0
0811871002	3.0
0843958235	4.0
0857891081	5.0
0385335555	4.5
0553578693	5.0
0399156429	3.0
0374106789	4.0
0385517068	4.0
0470121513	3.0
0786716223	5.0
0142180823	4.0
1465419535	5.0
0340839937	5.0
0312379080	4.0
019976851X	5.0
0812975138	5.0
0307735478	3.0
0316198730	5.0
0061231401	2.0
0451460464	3.0
0345341007	5.0
044653143X	2.0
1591843073	3.0
0399145761	3.0
1935670727	3.0
0743596870	5.0
0441015905	4.0
078513574X	5.0
0140445358	5.0
0988191253	4.0
0812981847	3.0
0810992604	5.0
0316219398	4.0
076033501X	2.0
1401322905	3.0
1477848967	1.0
0307270742	2.0
0373442556	4.0
0843959584	5.0
0062072188	4.0
0785117091	3.0
0743222172	5.0
0785114823	5.0
1469231786	3.0
0684824906	5.0
0195305221	5.0
0425182169	5.0
0142001163	3.0
034553199X	3.0
0307701220	5.0
0765306913	5.0
0812975154	4.0
0060502959	5.0
0062064584	1.0
0802120318	4.0
0137055099	2.0
045121997X	4.0
0143118463	5.0
0312430043	4.0
1451645872	4.0
B004UJL8BM	3.0
0843959576	4.0
0062032992	3.0
0345498887	3.0
0985129654	4.0
0547225474	2.0
1904738249	3.0
0394560620	5.0
0802145566	4.0
0312595425	5.0
078511839X	2.0
1423377028	3.0
0802170528	1.0
080217051X	4.0
0060755784	5.0
0316224642	4.0
0307379213	4.0
0802716237	5.0
0151001812	5.0
0938497197	5.0
034545264X	2.0
0764544136	5.0
1442344245	4.0
0399155015	5.0
0761461051	5.0
0195373421	1.0
1560977795	5.0
0316053740	5.0
0307379205	2.0
1118074688	4.0
B00KAFX90I	4.0
0312606648	1.0
0553502697	4.5
0547237464	5.0
0471000051	5.0
0525953175	4.0
0307385914	4.0
0060777109	4.0
0399155007	4.0
1580933025	1.0
0061956953	3.0
0825305977	5.0
1594483698	5.0
0374289204	4.0
0140055770	5.0
1478399457	5.0
0061733148	4.5
0316166308	5.0
0767930614	4.0
B00F9FM9KU	1.0
006072160X	5.0
1602397120	4.0
031604041X	1.0
1936183625	5.0
B004TIKRMA	3.0
0316117366	2.5
0385523823	5.0
0450058034	4.0
0552775541	1.5
034552828X	3.0
0452264138	5.0
B00AIVXGRA	5.0
0399148701	2.0
0812980549	4.0
1938473027	5.0
0316166316	4.0
030727070X	3.0
076533237X	3.0
0307270718	2.0
1250014492	5.0
143917217X	3.0
0375421548	2.0
1932112472	5.0
0801859123	5.0
0151013845	4.0
0807077488	3.0
0553260111	2.0
0394502787	5.0
0988439034	5.0
0393064743	3.0
0385340850	4.0
0061784796	5.0
0060524308	5.0
0385425473	5.0
B009BUR8ZK	3.0
1118122771	4.0
1602391807	5.0
1439159173	3.0
142218739X	4.0
0061537276	5.0
0385507771	5.0
033044123X	3.0
0307279936	4.0
0618418865	4.0
0446540331	3.0
0345508726	5.0
0547740107	5.0
0470229543	2.0
0801859115	5.0
1577316592	5.0
0330258648	4.0
0345452615	3.0
0801859131	5.0
1566638593	5.0
0312274971	4.0
0143113623	4.0
0679764097	4.0
0316016780	5.0
0312422369	5.0
0805088105	3.0
0857660462	4.0
1612420206	5.0
031612270X	3.0
1481159844	3.0
0985363835	3.0
0007124015	5.0
074326049X	5.0
160819633X	3.0
0316097365	1.0
1416570799	3.0
0060936142	4.0
0312586515	5.0
0988439018	3.0
0385511809	5.0
0446530999	3.6666666666666665
0312327064	5.0
B00CJK8LIW	4.0
0393071014	4.0
031255852X	4.0
0061990868	4.0
0843963670	5.0
1569478678	1.0
1416585834	5.0
B004KPM0W2	1.0
0062365444	5.0
0525953108	5.0
0618197214	5.0
1560976470	5.0
1451661932	4.0
1857885872	5.0
0812970306	3.0
0316037680	2.0
1608193292	3.0
0743284437	5.0
0345533666	4.0
0802137946	5.0
0743562704	5.0
0739359339	4.5
1118074661	4.0
0140009868	5.0
0399156372	4.0
B00GK50H66	3.0
0618197222	5.0
0307957934	4.0
006018552X	3.0
0674049543	5.0
080211928X	4.0
1620400065	4.0
0345479726	5.0
039953038X	5.0
0983780129	1.0
0393049949	4.0
0151005346	4.0
030735346X	4.0
0091797276	3.5
0316056863	3.5
039915812X	5.0
0307377431	4.0
1416585850	4.0
1402797885	5.0
0553142151	5.0
B00H2Z5UUG	4.0
0743496728	5.0
1416596518	1.0
0061143316	5.0
0671047337	4.0
B00I3KRXHW	2.0
0307987736	3.0
0060828390	3.0
1250028272	5.0
1400152984	4.0
0307377423	5.0
0307352145	3.0
0312368437	3.0
078512196X	2.0
B008HRS2A8	1.0
0399161775	3.0
1620401398	4.0
1937311007	1.0
0760700915	4.0
1451628536	4.0
0781407257	3.0
1400008654	3.5
0374203032	4.0
B00B0MN798	4.0
0143114107	4.0
1400033616	5.0
0345543041	5.0
1612185924	2.0
0547243286	4.0
0316206849	4.0
0385519729	3.5
0007444117	4.0
B0012JLKJI	3.0
1483942473	4.0
0345314255	2.0
0553214209	3.0
0345803450	5.0
034549931X	4.0
0881504203	4.0
0312659105	5.0
0553385593	4.0
0199891958	4.0
0307876098	4.0
0060560029	3.0
054514311X	4.0
0195396901	3.0
0425214222	5.0
0345479734	4.0
0758238452	3.0
1583144684	4.0
0141039280	4.6
0312368461	5.0
0062118781	3.0
0307950425	4.0
0312341393	4.0
0061584452	4.0
0061537268	5.0
0306811170	5.0
0099525259	5.0
0385668880	3.0
0195030672	5.0
0151446474	2.0
014241543X	5.0
0061257257	1.0
0451415930	5.0
0374532893	5.0
0375507469	4.5
0312659113	5.0
0061766046	5.0
0312352042	5.0
1932033289	5.0
0300104685	4.0
0061958794	4.0
1250028248	4.0
1416521836	4.0
0312429827	3.0
0452297095	3.0
0007386648	4.5
0843961082	3.0
0007225520	5.0
0307950476	5.0
0767906926	5.0
1892065894	3.0
1933255331	5.0
0062015540	3.0
3943229084	3.0
0938497154	3.0
149031119X	4.0
0821258346	5.0
0060977493	3.0
0380817160	5.0
0761458239	4.0
B007LBD71A	5.0
B004NIFSVG	3.0
0380805189	5.0
0312428510	3.0
0099754916	3.0
031236668X	5.0
0547548591	3.0
0312369727	4.666666666666667
1453860959	3.0
140006788X	3.0
0679423907	4.0
0142000604	5.0
0312357753	5.0
0345803485	4.0
145169489X	4.0
1475186215	2.0
0132980932	5.0
0345543084	4.0
1401310125	3.0
0441016316	4.0
0062023144	4.0
0399159495	3.0
0312204264	5.0
0671047310	3.0
0984236570	3.0
0425202283	3.0
B00EDDW6AC	3.0
1609451449	4.0
0375507418	4.5
0802779824	5.0
1555976514	4.0
0143116711	5.0
0785107614	3.0
0743295153	4.0
0802428673	5.0
1933372893	3.0
0811844358	5.0
1477518703	4.0
0061133973	4.25
1400042593	5.0
0143039296	4.0
0525952667	3.0
1118017285	4.0
1612185975	4.0
0373294212	4.0
0380730847	4.0
0307264882	5.0
0761461868	5.0
1478156805	3.0
0312204272	5.0
0061237620	5.0
0345413903	4.0
0802170579	3.0
