0425240827	5.0
0891909478	5.0
030793313X	5.0
0758254091	5.0
1453648607	5.0
003061368X	5.0
1939173191	5.0
B0060D4OEE	5.0
0805078916	5.0
0399156240	5.0
0449909522	1.0
006121468X	3.0
B004WE7NWI	4.0
1938404017	5.0
0802135196	5.0
0805094725	1.0
0471369209	5.0
0230755062	5.0
1463762232	5.0
031232619X	5.0
0399151575	5.0
0615680046	5.0
0091933684	5.0
1451672764	5.0
1250029880	2.0
B004UWPNJM	5.0
0345521080	2.0
0613170768	2.0
B0038YWLAC	2.0
0345502655	3.0
0615442536	5.0
1935597361	4.219702602230483
0375837310	5.0
1592248810	3.0
1495266699	5.0
0316098329	5.0
1461039290	5.0
1477808671	5.0
B00GNB998E	1.0
0143037218	3.0
0689829590	2.0
0061950726	4.0
0684802414	5.0
0375728228	2.0
0425206580	5.0
0578000512	4.505611340815122
0425226298	5.0
0743249895	5.0
0316067954	2.0
014219672X	3.0
B00J43ZCMU	5.0
0060558121	3.0
051754489X	4.378912466843502
1118134613	5.0
1449579248	5.0
0557364639	1.0
158182064X	5.0
1449550207	5.0
0385523211	3.0
0425206157	5.0
0307341569	4.0
0743597222	5.0
1477646558	5.0
1402224281	3.0
0590383884	5.0
0263899403	4.0
B005AX3WSY	5.0
0789751348	5.0
B008LYMHL2	3.0
0982788088	5.0
0425234908	5.0
0061671738	4.0
1612183735	5.0
0230769152	5.0
1477848126	4.999999999999999
0793810035	5.0
068816689X	5.0
B004LROPC2	2.0
B006BHU6W8	5.0
0451217748	3.5492424242424248
0618024956	4.0
0062294776	5.0
0373129920	1.0
1592408095	4.0
1435712021	5.0
055328942X	4.207166853303471
0142428280	3.0
0553346156	5.0
0980245397	4.0
0758238266	3.0
0553589377	5.0
0373618026	3.0
0061020613	5.0
B003ATPPVM	1.0
0385340281	2.0
0803293364	3.0
0671440330	5.0
0812977742	5.0
0307406105	4.0
0578032147	4.207100591715976
0393308200	4.0
0439877571	5.0
0738213969	3.0
B0039NMTFO	2.0
0812977866	4.0
1451628005	5.0
1603424636	5.0
0439435226	5.0
0989281000	5.0
0517580497	3.859663191659983
038532328X	4.0
0307744434	4.0
140226948X	5.0
0316056634	4.0
1612184243	5.0
042518756X	1.0
006112429X	2.0
0307282694	3.0
B003CJU47U	4.0
1118290526	5.0
0066620538	5.0
0373240228	5.0
0399156879	5.0
1400068819	1.0
0764204904	4.0
0983676496	5.0
B005GLFWF6	5.0
025320691X	5.0
1477630295	5.0
0312617933	5.0
1401919723	5.0
1939996163	5.0
0373217692	5.0
B00CKURM1I	4.0
0062021338	1.0
0399159347	5.0
076536445X	3.0
0062554468	5.0
0737501006	5.0
B004T3985C	5.0
1563058480	5.0
1420118617	3.0
B007X526XE	3.0
0517189186	4.760477453580903
0330390287	5.0
B005JTNDEM	4.5
B002ACN32S	4.0
1470108097	4.0
B0040JHR8K	2.0
0385504470	4.0
1401322417	5.0
B00F8GP5O2	2.51271186440678
0345461525	5.0
0544264975	5.0
B002R5B0WI	5.0
B004V49BLU	5.0
B0015YEQ6O	5.0
B004USOT1Y	3.0
1495920348	1.0
B005RJK9QE	4.0
B004GXBDRG	2.0
1482332574	5.0
0253203317	5.0
0316127256	4.0
0316726729	5.0
0345461533	5.0
0553269224	5.0
0446401269	1.0
0553280945	4.22253086419753
1419957465	3.0
0373605153	5.0
1401303242	5.0
0141441038	5.0
0446525537	4.0
006212532X	5.0
0141039280	5.0
0316127388	5.0
0268015384	4.0
0738705268	3.0
0446518581	3.0
1479115916	4.0
0758200668	5.0
147674355X	5.0
0062101676	5.0
0345333322	5.0
006114343X	2.0
B003AOA86E	5.0
1476735271	3.0
0064431274	2.0
0805046712	5.0
0969276818	5.0
B00918ALA6	5.0
1423152271	5.0
0140177191	5.0
0545326869	5.0
0557296196	5.0
0061214655	4.0
0987730703	2.0
0140374493	5.0
1935597574	5.0
161218149X	5.0
0793828198	5.0
1936120224	5.0
0615826296	4.0
1567183042	4.0
1451690290	5.0
1477818421	5.0
B003FK5QAG	5.0
0307939693	4.0
0061231673	3.0
0875421180	4.0
0345423399	3.0
B004AYCTLA	1.0
0615307043	5.0
0373798032	1.0
0517580519	4.3295774647887315
1590522699	5.0
B0045OUOIA	3.0
1612180868	5.0
0553568884	5.0
1414334729	4.0
B00KKDW3BG	5.0
140134089X	5.0
160938198X	5.0
1453725776	4.0
0439899273	3.0
B004AYCSIY	5.0
1558820973	5.0
0451458923	3.0
B008EV1C9U	4.0
0310439310	5.0
B004MDLTXS	4.0
B0044KMP78	4.0
1402784031	2.0
0253203635	5.0
B0030ZRN5M	5.0
1599987422	2.0
1612185843	5.0
0743566572	3.0
1402798431	3.0
1622371011	5.0
1619215020	5.0
0989163350	3.0
B003AT11OC	2.0
1401928463	5.0
1593274424	5.0
1599986590	2.0
0876052847	4.0
B003NUQQP2	5.0
0060733861	3.0
1442146869	5.0
0984325670	4.0
B00381B96W	4.0
0099450259	5.0
098004250X	5.0
