0982887590	4.0
0451462300	4.6871680178920885
1590583116	5.0
0486219089	3.0
0987192515	5.0
B00EGMBGQK	1.0
0060000732	1.0
0743475062	2.0
029764680X	4.999999999999999
147923625X	5.0
B00AA3PB1U	2.0
0140254544	1.0
0156094029	3.0
0425256960	2.0
1484956915	5.0
0399155937	1.0
1484188497	5.0
1461144167	1.0
148195282X	2.0
031235195X	1.0
0965596168	5.0
0984824502	5.0
0316210919	3.0
1402716028	1.0
B004AYDLUI	4.0
B00JAZDEPY	2.0
0981631304	4.0
0143038788	3.0
0984660739	5.0
B005VGNELU	3.0000000000000004
B00FCCO4EE	4.0
0316002860	5.0
157322314X	1.0
1467946826	5.0
B004JN0CJI	1.0
159080631X	4.0
B0052ZG6U6	5.0
045146513X	4.0
B00BTK9K0G	3.0
0985259108	3.0
1466375132	2.9999999999999996
0811733335	4.641752577319588
0803278055	5.0
B00CK8CL0W	2.0
1492993786	5.0
1935597345	4.0
B00FV4IT7Q	4.0
B00HE4Z51Y	3.0
1468195956	4.0
B00DDU756Q	5.0
B00359FHZ6	5.0
0373770375	4.0
B00586XP5S	4.0
0987340727	5.0
1426714599	2.0
0785211578	4.0
B00DCCRFGU	5.0
1470001926	3.0
0751549118	5.0
B00BKCUTVW	2.0
1559702028	5.0
1423622022	2.9999999999999996
0977994945	5.0
1938529006	5.0
0395075378	4.0
0060930055	1.0
0517385740	5.0
1482013541	2.0
0425269205	1.0
0982589441	2.0
0786016094	4.0
0976778866	4.0
0060818271	2.0
1612184944	5.0
B00JJGLVOU	3.0
B00G05X52E	4.0
0987340719	5.0
1937041115	3.0000000000000004
B00BYIXN4C	2.9999999999999996
B00ATI4MLQ	1.0
B00DI9D5O8	2.9999999999999996
1426702256	2.0
B0085OFE8G	5.0
0547759266	2.9999999999999996
B00AB1Z3R8	3.0
0062224840	2.0
0615771106	2.0
0843959975	2.0
B005G6CB5U	4.0
0756619475	5.0
0451463331	4.514744145706852
1477817506	3.0
B00989J3PM	2.9999999999999996
149613009X	4.0
1478295856	3.0
1304846210	4.0
1592983073	4.0
0739458213	1.0
B009D5IZAK	1.0
0060890096	1.0
1448635403	3.0
1470067986	2.0
0971222096	3.0
B005FEBMEO	1.0
B00IOV8CKW	5.0
1613755260	3.0
0312853238	3.0000000000000004
0983246424	4.0
0141188936	1.0
0738820024	3.0
B008ZSALQC	2.0
0307730042	4.0
0578052881	5.0
0978983114	2.0
B005PG5I4C	1.0
B00AXZPGY2	1.0
1461073146	4.0
B00AEWGPS0	3.0
0749009802	5.0
0764208942	5.0
0385732813	1.0
1401340873	4.999999999999999
B00IL9ZCBY	2.0
1456309501	3.0
147813223X	3.0
0739448919	1.0
0099244721	2.9999999999999996
148235618X	4.0
B00BRQ5MFE	5.0
1934666300	1.0
B0045U9UES	3.0000000000000004
B00683SQAO	4.0
0987243004	5.0
080419257X	1.0
0979518229	2.0
1477419497	5.0
B007Z4WWZK	2.0
1475039573	1.0
0670892424	5.0
0935278419	5.0
194027012X	5.0
098212600X	1.0
B00C5WKFC4	5.0
B006RD0WAM	4.0
0061713287	5.0
1843583070	4.0
0440419603	5.0
0451458346	4.0
1590250192	4.0
143918920X	5.0
0803476191	1.0
B0071DLTTK	5.0
0989464105	2.0
B006LLOAJO	4.0
B006YFFQ7C	5.0
0505528495	4.0
1475028539	4.0
1481861867	1.0
0553591703	4.0
B004E10W0E	4.0
B008AP818K	2.0
B004TR0G68	3.0
1603425438	1.0
1416546979	5.0
0983319006	4.0
1937329305	2.0
0983992207	4.022791519434629
0987243039	5.0
0615481035	1.0
055357258X	2.9999999999999996
0505527847	4.56518332811031
0385349947	5.0
0451462076	5.0
1469997541	5.0
1440433151	3.0
1480192694	5.0
1463709056	5.0
1453618708	5.0
0971506949	4.0
1250004721	3.0
0615447902	2.0
0985865407	2.0
1939344034	2.0
1439187002	4.0
1463568266	4.0
B00FKEES0Y	4.0
1626363137	5.0
B005HRSUS0	4.0
0615432425	2.0
1612184421	5.0
0963942980	5.0
0988348268	5.0
B0093MU7QS	2.0
1451588496	3.0
0843959339	4.0
B003RWS5Q4	4.0
031612611X	4.0
B00J0LXXIQ	2.0
B003LSSPCS	5.0
B004LZ55C8	1.0
0764209418	4.0
0060577339	3.0
0778313492	1.0
1439227853	4.0
1451638566	2.0
B003XVYJ2S	2.0
0060852577	2.0
1463513437	1.0
B004HO60GS	1.0
0983392900	1.0
147937136X	1.0
1426700245	4.0
0140367020	5.0
0743488156	5.0
097857320X	5.0
0307453375	1.0
0345338545	5.0
0984489827	4.0
0615599095	1.0
0982875819	4.490633363068689
1453717021	4.0
B006O5RK8K	3.0
B00E72ZXLS	3.0
1466243430	4.6797228700782
1492808024	4.0
0802117155	1.0
B00CLCKKX2	1.0
